
Last position-specific scoring matrix computed, weighted observed percentages rounded down, information per position, and relative weight of gapless real matches to pseudocounts
           A  R  N  D  C  Q  E  G  H  I  L  K  M  F  P  S  T  W  Y  V   A   R   N   D   C   Q   E   G   H   I   L   K   M   F   P   S   T   W   Y   V
    1 M   -1 -2 -3 -4 -2  0 -2 -4 -2  1  2 -2  7  0 -3 -2 -1 -2 -2  0    0   0   0   0   0   0   0   0   0   0   0   0 100   0   0   0   0   0   0   0  0.64 0.01
    2 D   -2 -2  1  6 -4 -1  1 -2 -2 -4 -5 -1 -4 -4 -2 -1 -1 -6 -4 -4    0   0   0 100   0   0   0   0   0   0   0   0   0   0   0   0   0   0   0   0  1.34 0.01
    3 I   -1 -2 -2 -3 -2 -1 -2 -3 -3  2  1 -2  4 -1 -3 -1  2 -3 -2  1    0   0   0   0   0   0   0   0   0  28   0   0  43   0   0   0  29   0   0   0  0.35 0.01
    4 M   -1 -2 -3 -4 -2 -1 -3 -4 -3  1  2 -2  6 -1 -3 -2 -1 -2 -2  1    0   0   0   0   0   0   0   0   0   0   0   0  86   0   0   0   0   0   0  14  0.56 0.01
    5 I   -2 -3 -4 -5 -2 -3 -4 -5 -4  4  3 -3  2  0 -4 -3 -1 -3 -2  2    0   0   0   0   0   0   0   0   0  57  43   0   0   0   0   0   0   0   0   0  0.52 0.01
    6 A    3 -2 -3 -3 -1 -1 -2 -2 -2  0  2 -2  2 -1 -2  0 -1 -3 -2  0   45   0   0   0   0   0   0   0   0   0  43   0  12   0   0   0   0   0   0   0  0.31 0.00
    7 V    2 -3 -3 -4 -1 -2 -2 -3 -3  2  0 -2  0 -2 -2 -1  0 -3 -2  4   22   0   0   0   0   0   0   0   0   0   0   0   0   0   0   0   0   0   0  78  0.40 0.01
    8 Q   -1  3  0 -1 -4  5  1 -3  2 -4 -3  3 -1 -4 -2 -1 -1 -3 -2 -3    0  14   0   0   0  54   0   0   6   0   0  26   0   0   0   0   0   0   0   0  0.76 0.03
    9 D    0 -1  0  3 -4  3  0  4 -1 -4 -4 -1 -2 -4 -2 -1 -1 -4 -3 -3    8   0   0  28   0  26   0  39   0   0   0   0   0   0   0   0   0   0   0   0  0.61 0.02
   10 A    4 -2 -2 -2 -1 -1 -1  2 -2 -2 -2 -1 -2 -3 -1  1  2 -4 -3 -1   69   0   0   0   0   0   0  13   0   0   0   0   0   0   0   0  17   0   0   0  0.54 0.05
   11 C   -1 -4 -3 -4  9 -4 -5  0 -4 -2 -3 -4 -2 -3 -4 -2 -2 -4 -4 -2    0   0   0   0  91   0   0   9   0   0   0   0   0   0   0   0   0   0   0   0  1.47 0.09
   12 V    1 -3 -3 -4  4 -3 -3  0 -3  1  1 -3  0 -2 -3 -1 -1 -3 -3  4   14   0   0   0  13   0   0   6   0   0   9   0   0   0   0   0   0   0   0  57  0.36 0.06
   13 S    2 -2 -1 -2  3 -1 -1 -1  3 -2  0 -1 -1 -2 -2  3  0 -4 -2 -1   22   0   0   0   9   0   0   0  11   0  13   0   0   0   0  44   0   0   0   0  0.37 0.07
   14 G   -1 -2  2 -2 -3 -2 -2  4  1 -3 -1 -2 -2 -3 -3  1 -1  4 -2 -3    0   0  12   0   0   0   0  49   6   0   8   0   0   0   0  17   0   9   0   0  0.61 0.07
   15 Q   -1  1 -1 -1  2  4  1 -3 -1 -2 -3  1 -1 -4  1  1 -1 -4 -3  0    0   7   0   0   7  39   9   0   0   0   0  10   0   0   6  12   0   0   0  10  0.47 0.09
   16 W   -3 -3 -4 -5 -4  2 -3 -4 -3  0  0 -3 -1  2 -5 -3 -3 10  0 -2    0   0   0   0   0  16   0   0   0   9   9   0   0   9   0   0   0  57   0   0  1.65 0.21
   17 L   -3 -1 -4 -5 -3 -2 -4 -5 -3  0  4  0  4  2 -4 -3 -2 -3 -2  0    0   3   0   0   0   0   0   0   0   0  63   7  13   8   0   0   0   0   0   5  0.69 0.21
   18 T    0  2 -2 -2 -2  1  0 -3 -2  0  0 -1 -1  0 -3  1  3 -3 -2  1    8  13   0   0   0   6   5   0   0   5   8   0   0   6   0   9  25   0   0  17  0.22 0.11
   19 A    2  0  0 -2  0 -2 -2  2 -2 -1 -1  0  1 -2  1  0 -1 -3  0  1   26   5   4   0   3   0   0  15   0   2   6   5   5   0   6   6   0   0   6  11  0.15 0.08
   20 I    0  0 -3 -4 -2 -3 -3 -4 -3  3  1 -2  0  1 -3 -1  0  2 -1  3   11   5   0   0   0   0   0   0   0  24  14   0   0   7   0   3   5   3   0  28  0.32 0.12
   21 I   -1 -3 -3 -4  1 -3 -3 -4  1  3  3 -3  2  1 -3  0  0 -3 -1  2    2   0   0   0   3   0   0   0   5  22  32   0   4   6   0   7   6   0   0  13  0.34 0.12
   22 L    0 -4 -5 -5 -3 -3 -4 -5 -4  1  4 -4  2  3 -4 -3 -2 -3 -1  1    7   0   0   0   0   0   0   0   0   5  62   0   5  15   0   0   0   0   0   5  0.75 0.23
   23 S    2  2  2 -1 -2 -1 -1  1 -2 -2 -1 -1 -2  0 -2  2  1 -3 -2 -2   18  13  11   1   0   0   1  11   0   1   5   1   0   5   1  25   7   0   0   1  0.28 0.12
   24 L   -1 -3 -4 -4 -3  0 -3 -4 -3  1  4 -3  1  2 -1 -3 -2  3 -1  1    5   0   0   0   0   5   0   0   0   6  58   0   0  10   3   0   0   4   0   6  0.53 0.19
   25 C   -2 -3 -3 -4  6  0 -3 -4  1  0  2 -3  0  0 -3 -1  0 -3 -2  1    0   0   0   0  31   5   0   0   4   0  33   0   0   4   0   4   5   0   0  11  0.57 0.20
   26 C   -2 -4 -4 -4  8  0 -4 -4 -4 -1  2 -4 -1  2 -4 -3 -2  2 -2  0    1   0   0   0  46   5   0   1   0   0  23   0   0  13   0   1   0   3   0   5  0.97 0.26
   27 F   -1 -3 -3 -4 -3 -3 -3 -4  3  0  3 -3  0  4 -3 -3 -2 -1  3  0    4   0   0   0   0   0   0   1  10   0  38   0   0  28   0   1   0   0   9   6  0.57 0.19
   28 L   -1 -3 -3 -3 -2 -1 -3 -4 -3  2  2 -3  0  0  0  0 -1  2 -2  2    1   0   0   0   0   4   0   1   0  14  30   0   0   5   5   9   0   4   0  24  0.31 0.13
   29 P    0 -3 -3 -3 -3  1 -2  1 -3 -2  1 -2 -2 -3  5  0 -2 -4 -3  0    6   0   0   0   0   8   0  12   0   0  15   0   0   0  40   6   0   0   0  10  0.79 0.20
   30 S    1  0  1 -2 -3  2 -1  0  2 -1 -2 -1  1 -3 -2  2  2 -4 -3 -1   13   4   5   0   0  14   0   8   5   5   0   0   6   0   0  21  15   0   0   4  0.28 0.15
   31 C    0 -1  0 -3  6 -2 -3  2 -3 -2 -1 -1 -2 -3  0  0  1 -4 -4  1    8   3   5   0  26   0   0  17   0   0   5   3   0   0   4   5  12   0   0  12  0.38 0.16
   32 L   -1 -2 -3 -4 -3 -3 -3  0 -3  0  3 -3  0  2 -3 -2  0 -3 -2  2    5   2   0   0   0   0   1   7   0   0  42   0   0   9   0   1   6   0   0  24  0.38 0.18
   33 P    0 -1 -3 -3 -4 -2 -2 -1  4 -3 -2  0 -3 -4  6 -1  0 -4 -3 -1    8   3   0   0   0   0   0   4  13   0   4   5   0   0  48   4   5   0   0   4  1.09 0.29
   34 A    2 -2  1  0  1  1  0 -1 -2 -1 -1  0 -1 -3 -2  1  1 -4 -3  1   25   0   8   5   4   6   3   3   0   0   5   4   0   0   0  12   6   0   0  17  0.19 0.12
   35 G   -1  1 -1  0 -3  2  0  4 -2 -1 -1 -1 -2 -3 -3  0  0 -3  0 -1    2   8   0   6   0  11   5  36   0   5   6   1   0   0   1   4   4   0   4   6  0.31 0.13
   36 Q   -2  2  0 -1 -4  5  2 -3  0 -2 -3  1 -2 -4  2  0 -1 -4 -3 -2    0  14   3   2   0  36  11   0   2   2   0   6   0   0  10   4   3   0   0   4  0.64 0.25
   37 T    0 -1  0 -1 -3 -1  2  0 -2 -1 -2  1 -2 -3  0  2  2 -4 -3  0    7   0   3   2   0   0  13   5   0   3   3  11   0   0   5  23  18   0   0   6  0.28 0.15
   38 V   -1 -1 -3 -2 -3 -1 -3 -1 -3  1  0 -3  2  0  4 -2 -1  2 -3  3    5   4   0   2   0   2   0   6   0   6   7   0   6   4  25   0   2   4   0  27  0.48 0.19
   39 D   -2 -1  1  4 -4  0  3  0  0 -4 -4 -2  0 -4 -3  2  1 -5 -4 -4    0   3   4  33   0   4  19   6   2   0   0   0   3   0   0  15  11   0   0   0  0.66 0.25
   40 Y   -4 -5 -2 -1 -5 -2 -5 -6 -3  1 -1 -5  1  7 -2 -4 -2 -2  4 -3    0   0   2   4   0   2   0   0   0   7   2   0   3  62   2   0   2   0  14   0  1.42 0.45
   41 T    0 -1  1 -2 -3  0 -1  0  1  0  0  1  1 -2  1  0  1 -4 -2  0    8   2   7   0   0   2   2   7   4   7  10   8   6   1   7   8  14   0   0   8  0.11 0.09
   42 T    0  0  0  1 -3  1  0 -2  0 -3 -2  1 -1  0 -2  1  3  1  0 -2    6   4   4   8   0   6   6   2   2   0   2  10   2   5   0  14  24   2   3   0  0.27 0.15
   43 S    1  0  0 -2 -3 -1  1 -1  0  0 -2  0 -2 -3  3  2  0 -4 -1  0   10   4   4   0   0   1   9   4   2   5   3   4   0   0  19  17   6   0   2   9  0.31 0.14
   44 S    0 -2  0 -1 -3 -2 -1 -2  1  1  0  0  2 -3  3  1  1 -4 -3  0    9   0   4   2   0   0   2   2   4  10   6   8   7   0  17  15  10   0   0   5  0.29 0.15
   45 E   -1 -1 -1  3 -5  3  4 -4  1 -4 -4  0 -3 -1  1 -1 -1 -5 -2 -1    4   2   2  19   0  15  28   0   4   0   0   5   0   3   6   4   2   0   1   6  0.57 0.24
   46 S   -2 -3  5  2 -4  0  0 -3 -2 -3 -5 -2 -4 -5  0  1  3 -6 -4 -4    2   0  44   9   0   4   7   0   0   1   0   0   0   0   4  11  19   0   0   0  0.92 0.34
   47 V   -3 -4 -5 -5 -3  0 -2 -6 -4  4  0 -4  2  2 -5 -4 -2  2  1  4    0   0   0   0   0   5   3   0   0  25   6   0   6   8   0   0   0   3   6  38  0.72 0.29
   48 V   -1  0 -2 -1 -3 -2  0 -3 -3  2 -2  0  0 -1 -4  0  4 -4 -1  1    2   5   0   2   0   0   5   1   0  14   1   7   2   3   0   3  40   0   3  11  0.46 0.25
   49 S    2 -3 -3 -4 -3 -3 -3 -2  0  1 -1 -1 -1  1 -3  1  0 -4 -2  4   18   0   0   0   0   0   0   3   2   6   3   4   0   7   0  13   4   0   0  38  0.40 0.22
   50 R    0  2  0 -1  0  0 -1  0  0  0 -1  1  1 -1  2  0  0 -3  0 -1    6  18   3   4   3   2   3   6   2   5   5   7   4   2  10   5   4   0   5   5  0.12 0.07
   51 Q    1  1 -2 -2 -4  3  3 -3 -2  0 -1  1 -2 -3 -1 -2 -1  3 -3  0   13   6   0   0   0  17  25   0   0   6   7   9   0   0   2   0   2   5   0   8  0.37 0.18
   52 G   -3 -5  2  0 -6 -4 -4  6 -5 -7 -7 -4 -6 -6 -5 -3 -4 -6 -6 -6    0   0   9   5   0   0   0  86   0   0   0   0   0   0   0   0   0   0   0   0  2.01 0.47
   53 D   -3  3  0  4 -5  1  3 -2  1 -5 -2  0 -1 -5 -4 -1 -3 -5 -4 -4    0  23   2  33   0   5  18   2   3   0   4   5   2   0   0   3   0   0   0   0  0.78 0.26
   54 T   -1 -1  2  2 -4  0  2 -1 -2 -4 -4 -1 -1 -4  1  2  3 -5 -4 -2    3   2   8  12   0   3  14   5   0   0   0   2   2   0   6  15  26   0   0   2  0.45 0.22
   55 A    4 -4 -4 -5  2 -4 -4 -3 -4  1 -1 -4 -2 -4 -4  0  1 -5 -4  3   51   0   0   0   4   0   0   0   0   7   6   0   0   0   0   4   8   0   0  20  0.80 0.34
   56 L   -2 -1  0 -3 -3  0 -1 -4  0  1  1  0  1  2 -4  0  1 -3  0  1    0   3   5   0   0   3   2   0   3  10  17   6   4  10   0   5  13   0   3  15  0.19 0.16
   57 L   -3 -4 -4 -5 -4  0 -1 -5 -4  2  3 -4  4  2  0 -1 -3 -4 -3  0    0   0   0   0   0   5   5   0   0  10  40   0  11   9   5   5   0   0   0   5  0.56 0.33
   58 R    0  0  1  0 -3  1  0  0  2  0 -2  0 -2  1  1  0  0 -3  1  0    6   6   6   6   0   6   6   6   6   6   0   6   0   6   6   6   6   0   6   6  0.11 0.11
   59 C    2 -3 -3 -4  6 -2 -3 -2 -3  0  2 -2  0 -1 -2 -1 -1 -3 -2  0   33   0   0   0  33   0   0   0   0   0  33   0   0   0   0   0   0   0   0   0  0.40 0.02
   60 Y   -1 -1  0 -1  1  0  1 -3  2 -1 -1 -1 -1  1 -1  2  2 -2  2  0    3   3   3   3   4   2   9   0   7   3   3   3   1   5   3  17  13   0   7  10  0.15 0.14
   61 L   -1 -5 -5 -6 -4 -3 -5 -2 -6  4  1 -5  0 -2 -2 -4 -1 -5 -4  5    4   0   0   0   0   1   0   3   0  23  11   0   1   1   2   0   4   0   0  49  0.98 0.45
   62 L   -2  0  0  2 -4  0  2 -2 -2 -1  1  0 -1 -1 -1  0  0 -4 -1  1    1   4   4  11   0   4  14   2   0   1  22   7   0   1   3   7   7   0   2  10  0.16 0.16
   63 D   -2 -2  5  5 -6 -2  0  0  0 -6 -4  1 -5 -6 -3  1 -2 -7 -5 -5    2   1  28  32   0   1   6   6   3   0   2   8   0   0   1  11   1   0   0   0  0.94 0.44
   64 G   -1  1  1 -1 -5 -2  0  5 -1 -4 -4  0 -4 -2 -1  0 -1 -5 -1 -3    4   8   5   3   0   1   6  47   2   0   1   6   0   1   2   5   4   0   2   1  0.68 0.33
   65 I    0  0  0  0 -2 -1  0 -1 -1  1  0  0 -1 -1  1  0  0 -4 -2  2    8   6   4   6   1   1   7   4   1   9   6   6   0   2   7   7   4   0   1  19  0.08 0.09
   66 S   -1 -1  1 -1 -4  0 -2 -3  2 -2 -2 -2 -1  1  2  1  2 -3  4 -2    5   4   7   4   0   3   2   1   5   2   2   1   2   5  13  13  15   0  16   2  0.35 0.24
   67 K   -1  2 -1 -2 -4 -1  1 -4  1 -1 -2  4 -3 -1  0  0  0 -4  1  0    3  14   2   1   0   1   8   0   4   3   3  30   0   2   4   5   4   0   7   9  0.38 0.25
   68 G   -2 -1  0 -2 -3 -3 -4 -1 -4  2  0 -1  1 -1  0 -2  1 -1 -2  4    1   3   5   2   0   0   0   5   0   8   7   3   3   2   5   2   7   1   1  44  0.44 0.29
   69 A    4  0 -2 -3 -3 -1  0 -1 -3 -1 -1 -2 -2 -3 -2  1  0 -5 -2  0   43   4   1   0   0   1   7   3   0   2   8   2   1   1   1  12   6   0   1   7  0.46 0.31
   70 W   -4 -7 -8 -9 -7 -7 -8 -8 -7 -7 -6 -5 -6  0 -8 -7 -2 12 -2 -4    2   0   0   0   0   0   0   0   0   0   0   1   0   4   0   0   3  89   0   1  4.44 1.28
   71 L   -2  0 -4 -4 -3 -1 -4 -3 -3  2  3 -1  3  2 -4 -3 -1  1  1  1    2   6   0   0   0   2   0   2   0  10  34   5   7   8   0   1   3   2   5  12  0.42 0.24
   72 N   -3  2  4  3 -5  0 -1 -2  3 -5 -5  3 -4 -4 -3 -2 -3 -5 -2 -5    1  12  23  18   0   2   3   2   8   0   1  23   0   1   1   2   0   0   1   0  0.81 0.39
   73 R   -2  4  2  3 -5  0  0  0 -1 -4 -4  0 -2 -4  1 -1  1 -5 -4 -1    2  24  10  16   0   4   4   9   1   0   0   5   1   0   6   1  11   0   0   4  0.47 0.28
   74 S   -2 -1  1  0 -4  2 -1  1  1 -1 -4  1 -3 -4 -2  3  1  1 -1 -3    1   1   6   5   0  12   3  13   3   4   0   9   0   0   1  27   9   2   2   1  0.38 0.27
   75 S    1  0  2  0  0  1  1  0  0 -2 -2  0  0 -4 -3  2  3 -4 -3 -2   11   5  10   4   2   5   7   5   2   1   3   5   3   0   0  15  20   0   0   1  0.28 0.21
   76 I   -2 -2 -5 -5 -4 -3 -5 -5 -5  5  2 -3  0 -2 -1 -2 -1  0 -4  3    1   2   0   0   0   1   0   0   0  40  20   1   1   1   4   2   3   1   0  20  0.81 0.38
   77 I   -4 -5 -4 -6 -4 -4 -5 -6 -5  3  5 -5 -1 -3 -4 -5  0 -1 -4  1    0   0   1   0   0   1   0   0   0  21  61   0   0   0   1   0   5   1   0   8  1.19 0.52
   78 Y   -1 -1 -3 -4 -4 -1 -3 -3  1 -2 -1 -1 -2  4 -2  1  3  2  3 -1    3   4   0   0   0   2   0   2   4   2   5   3   0  20   2  12  20   3  13   4  0.46 0.29
   79 A    3 -2 -1 -1 -3 -2 -1 -2 -3  2  0 -1  0 -1  0  0  0  0 -2  0   31   1   3   3   0   1   4   2   0  16   7   3   2   3   4   6   6   1   1   7  0.23 0.20
   80 G   -1 -2  1  0  0  0 -2  4  5 -5 -3 -1 -4 -3 -4  0 -2 -5 -2 -4    5   2   7   6   2   4   1  41  15   0   3   2   0   1   0   6   1   0   1   0  0.75 0.36
   81 N   -2  1  4  2 -4  0  1 -1  1 -3 -4  0 -2 -4 -1  1  1 -5 -2 -3    1   7  26  11   0   4  10   5   4   1   1   6   1   0   3  10   8   0   1   2  0.46 0.27
   82 D   -2  1  2  4 -4  1  1 -1  3 -2 -2 -1 -2 -2 -1 -1 -1 -4  0 -1    2   7  10  24   0   6   9   4  11   3   4   3   1   2   2   3   3   0   3   4  0.36 0.22
   83 K   -1  3 -2 -1 -4 -1 -2 -3 -2 -1 -1  3  0 -4  1 -1  0 -5 -4  2    4  17   1   3   0   1   1   1   1   3   5  26   2   0   6   5   7   0   0  18  0.42 0.28
   84 W   -3  1 -5 -5 -5 -3 -1 -3 -3  3 -1 -4  0  0 -3 -3 -2  9  1  2    1   7   0   0   0   1   4   2   1  17   5   0   2   4   1   2   2  32   3  15  1.16 0.48
   85 S   -1 -2  0 -1 -1 -1 -2 -3 -1  0  0 -1 -2 -1 -1  3  3 -4  0  0    4   1   4   3   1   2   2   1   2   6   7   2   0   3   2  22  26   0   3   8  0.33 0.25
   86 G    0  2 -1 -1 -4  0 -1  2  1 -1 -1  2 -2 -3  1  0  0 -4 -3 -1    6  14   1   2   0   2   3  15   3   4   8  18   1   0   6   6   4   0   0   6  0.21 0.16
   87 D   -4 -2  4  6 -6 -1  2 -4 -2 -5 -5  0 -5 -3 -5 -3 -1 -6 -5 -6    1   1  19  51   0   2  11   0   1   1   1   5   0   1   0   1   3   0   0   0  1.39 0.59
   88 P   -2 -1 -1 -1 -5 -1 -1  0  1 -2 -3 -1 -2 -4  6  0 -2  1 -1 -3    2   4   3   3   0   3   4   8   4   2   2   4   1   1  43   7   2   2   2   1  0.92 0.43
   89 R   -4  7 -1 -2 -6 -1 -1 -3  0 -6 -6  1 -5 -4 -5 -1 -4 -6 -2 -3    1  68   3   2   0   2   3   2   2   0   0   8   0   1   0   4   0   0   1   2  1.68 0.69
   90 V   -3 -3 -5 -3 -4 -3 -3 -4 -5  3  0 -2  2  1  0 -2 -2 -4  0  4    0   1   0   2   0   1   1   1   0  21   6   2   4   7   5   3   2   0   3  39  0.72 0.37
   91 S    0  2 -2 -2 -4  0 -1  0 -1 -1 -1 -1 -3 -3  0  3  2 -5 -3 -1    5  11   1   1   0   5   4   6   1   4   6   3   0   1   4  29  14   0   1   3  0.34 0.26
   92 I   -2 -1 -2 -2  0 -2 -2 -4 -2  3  3 -3  1  0 -1 -3 -1 -4 -1  2    1   4   2   2   2   1   3   1   1  20  31   1   2   3   4   1   2   0   2  17  0.44 0.25
   93 V    0 -1 -3 -2 -3 -2  0 -2 -2  1  2 -2  0 -1 -2  1  2 -4 -3  2    7   3   0   2   0   1   5   3   1   6  22   2   2   2   2  10  16   0   0  18  0.24 0.19
   94 S    0 -1  2 -1 -4  1  0 -1  4 -2 -3 -1 -2 -3 -1  3  2 -4  0 -3    8   2   9   3   0   7   6   5  11   2   2   3   1   0   3  21  11   0   4   1  0.34 0.24
   95 N   -2  2  4  1 -2  0 -1 -1  2 -3 -2  0 -3 -2  0  1  0 -2 -2 -4    3  11  26   8   1   4   3   5   5   1   5   3   0   2   6   9   5   1   1   1  0.41 0.24
   96 V   -1  0  0 -1 -2  0 -1 -1  0  1  1  0  1 -1 -1  0  1 -1  0  2    4   7   4   3   1   4   3   5   2   8  12   4   3   2   3   4  10   1   4  17  0.06 0.05
   97 G    1  0 -1 -1 -2  0 -1  2  0 -1  0  0 -1 -1  0  1  0  0 -1 -1   10   5   2   3   1   3   3  21   2   4  12   4   1   3   4  10   4   1   2   3  0.10 0.06
   98 D   -2 -1  2  4 -3  1  1 -1  0 -1 -2 -1 -1 -3  0  0  0 -3 -2 -2    3   2  11  28   0   5   8   5   2   4   3   2   1   1   5   8   7   0   1   3  0.39 0.19
   99 K    0  2  1  0 -3  1  1  0  2 -1 -2  2 -1 -1  0  0  0 -3 -1 -1    6  11   6   6   0   7   8   6   5   4   4  12   2   3   3   6   5   0   2   3  0.14 0.09
  100 H    0  2  2  0 -3  1  1 -1  3 -2 -2  0 -1 -3 -2  1  1 -3  0 -2    6  12   9   5   0   5   9   5   9   1   3   5   2   1   1  11   8   0   4   3  0.22 0.14
  101 E   -1  0  0  2 -4  1  2  0 -1 -1 -3  1 -2 -4 -3  1  1 -2 -3 -1    3   4   4  15   0   7  17   9   2   4   1   7   1   0   1  10  11   1   1   3  0.31 0.18
  102 Y   -3  0  0 -3 -4 -2 -3  0  2 -1 -2 -2 -2  3 -2 -1  0  7  4 -2    1   5   4   1   0   2   1   7   5   4   4   2   1  13   2   4   6  17  19   3  0.71 0.32
  103 S   -1 -1  2 -2 -5 -2 -3 -2 -1 -2 -4 -2 -3 -2 -4  4  4 -2 -1 -1    3   2  12   2   0   1   1   2   1   2   1   2   1   2   0  37  24   1   2   4  0.76 0.44
  104 L   -5 -7 -8 -9 -6 -7 -8 -9 -3  1  6 -7  1 -1 -8 -7 -3 -2 -2 -2    1   0   0   0   0   0   0   0   1   7  82   0   2   3   0   0   1   1   1   2  1.92 0.77
  105 Q   -2  2 -1 -2 -2  3  1 -3  4  0 -2  0 -1 -2 -2  0  1 -2  0  0    1   9   2   1   1  17  10   1  12   7   4   5   1   1   2   6   9   1   3   7  0.37 0.28
  106 I   -5 -6 -7 -7 -1 -6 -7 -4 -7  7  1 -6  0 -1 -6 -6 -5 -6 -5  1    0   0   0   0   1   0   0   2   0  67  14   0   2   3   0   0   0   0   0   9  1.80 0.69
  107 Q   -1  2  0  0 -3  2  1 -3  1 -2 -1  1 -1 -1  0  1  1  0 -1 -2    5  14   4   5   0   8   8   1   4   2   5  10   1   2   5  12   7   2   2   1  0.22 0.18
  108 K   -1  2  4  1 -5  1  0 -1  1 -4 -4  2 -4 -4  0  2 -2 -6 -3 -4    5  11  22   8   0   5   6   4   4   1   1  10   0   1   4  14   1   0   0   1  0.50 0.32
  109 V    1 -4 -5 -6 -2 -5 -5 -4 -6  2  0 -5 -1 -2 -2 -1  0 -6 -5  5   13   1   0   0   1   0   0   1   0  10  10   0   1   2   2   5   5   0   0  49  0.93 0.48
  110 D   -1  2  1  2 -3  3  0 -2  0 -2 -3  2 -2 -5 -3  1  2 -6 -3 -3    4  10   5  14   1  13   6   3   2   3   2  14   1   0   1   8  14   0   1   2  0.41 0.29
  111 V    0  1 -2 -1 -4  0  1 -3 -1  1  0  0 -1 -1  2  0  0 -4 -1  1    8   7   1   4   0   3  10   1   1   7  10   6   1   3   9   7   5   0   1  15  0.13 0.12
  112 T    1 -2  1  0 -5  0  2  0  0 -3 -4 -2 -3 -3 -2  3  2  2  0 -3   12   2   7   5   0   5  14   6   3   1   1   1   1   1   2  22  13   3   3   1  0.38 0.28
  113 D   -4 -4 -1  7 -8 -2 -1 -4  1 -5 -6 -4 -3 -8 -4 -3 -3 -9 -3 -5    1   1   2  79   0   1   3   1   3   1   1   1   1   0   1   2   1   0   1   1  2.20 0.84
  114 E    2  0 -1  1 -5  0  3  0 -1 -3 -4 -1 -2 -3 -3  2  0 -6 -3 -1   19   5   2   6   0   3  24   7   1   1   1   4   1   1   1  13   6   0   1   4  0.40 0.28
  115 G   -1 -3 -2 -2 -7 -1 -3  6 -6 -8 -4 -1 -7 -7 -6 -1 -3 -8 -7 -7    5   1   2   2   0   2   1  76   0   0   2   3   0   0   0   4   1   0   0   0  1.80 0.68
  116 V    0  0  1 -1 -1  1  1 -2 -1  0 -1  0  1 -2  0  1  0  1 -1  1    7   6   7   2   1   5   8   1   1   7   6   6   5   1   5  10   7   2   2  12  0.08 0.09
  117 Y   -2 -1 -6  0 -7 -6 -6 -8 -3 -5 -3 -6 -5  1 -8 -6 -6  2  8 -2    3   3   0   5   0   0   0   0   0   0   3   0   0   5   0   0   0   3  74   4  2.47 0.86
  118 T   -2  1  0 -2 -1  1 -1 -3 -1 -1 -2  0  2 -2 -4  1  5 -5 -1 -1    2   7   5   1   1   5   4   1   1   3   2   4   7   2   0  12  38   0   2   4  0.56 0.35
  119 C   -1 -6 -5 -6 10 -5 -6 -6 -6  0 -1 -6  2 -5 -5 -4 -4 -5 -5  0    6   0   0   0  68   0   0   0   0   5   6   0   5   0   0   0   0   0   0   5  2.48 0.77
  120 S    0  0  1 -1 -3  2  0 -1  0  0 -1  0  0 -1 -1  2  0 -4  0  0    8   4   8   3   0  10   6   3   3   4   5   3   3   3   3  16   5   0   3  10  0.12 0.15
  121 I    0  0  0  0  2  0 -2  0 -2  0  0 -1  1  1  1  0  0 -3  1  0    6   6   6   6   6   6   0   6   0   6   6   0   6   6   6   6   6   0   6   6  0.05 0.10
  122 Q   -1  1  3 -2 -2  3  0 -2 -1 -1 -2  1  0 -2 -4  2  2 -6 -1 -2    4   6  15   2   1  14   5   2   1   3   3   7   2   2   1  16  11   0   2   3  0.36 0.34
  123 S    0 -3  6 -2 -7 -3 -4 -1 -1 -5 -5 -3 -2 -4 -2  1  3 -3 -2 -4    7   1  42   2   0   1   1   4   2   1   1   1   1   1   2  11  20   0   2   1  1.16 0.75
  124 E    0  1  1  2 -4  1  2 -1 -1 -1 -2  0 -1 -2  0  1  1 -2 -2 -2    8   7   6  11   0   7  14   5   1   3   3   4   1   1   5  10   7   1   1   3  0.19 0.19
  125 R    2  1  0 -1 -2  0  0  1  2 -2 -1  0 -2 -1  2 -1 -1 -4 -1  0   19   8   5   3   1   4   5  10   5   2   5   5   0   3   9   3   2   0   2   7  0.16 0.17
  126 N   -2 -2  2 -1 -5 -1  0  4  0 -1 -3  0  0 -3 -1  0  0 -2 -5 -1    2   2   9   4   0   3   6  36   2   4   2   6   3   1   3   6   5   1   0   4  0.50 0.35
  127 L    0 -1 -1 -2 -2  0  1 -3 -1  1  0  0  2 -1  0  1  1  0 -1  1    6   4   3   1   1   4   8   1   2   8   8   4   6   3   5  13   9   1   2  12  0.13 0.16
  128 H    1  0 -1  1 -3  1  0 -2  3 -2 -3  0 -1 -1 -2  1  1 -2  0  0   11   5   3   9   1   5   7   2   9   3   2   7   2   2   2  12   7   1   4   6  0.19 0.20
  129 P    0  1  0  0 -5  1  1 -2  0 -2 -2  0 -2 -1  2  2  1  0 -1 -1    6   7   5   4   0   5   9   2   2   2   5   6   1   2  10  18   8   1   2   4  0.21 0.22
  130 K    1  2  0 -1 -1  2  0 -2  2 -2 -2  2  0 -2 -2  0  0 -1 -1 -2   11  11   4   3   2   9   6   2   4   2   4  16   2   1   2   7   7   1   2   3  0.22 0.22
  131 L   -1  0  0  0 -4  0 -1 -2  0  1  0 -1  1  0 -2  1  2  0 -1  0    3   5   3   6   0   5   4   2   3   8  10   3   3   4   1  14  14   1   2   8  0.12 0.16
  132 I    1 -2 -2 -2 -1 -1 -2  0 -1  3  0 -2  1  0 -2 -1  1 -4  1  2   11   2   2   3   1   3   2   7   1  18   6   1   3   5   1   4   9   0   5  18  0.21 0.20
  133 Q   -1  0  0  0 -1  3  0 -1  3 -1 -1  1 -1 -1 -1  0  0  1  2 -1    3   5   4   5   1  14   6   5   7   3   6   8   1   2   2   6   5   2   8   5  0.14 0.17
  134 L   -2 -1 -2 -2 -1 -2 -3 -3 -1  1  4 -2  1  1 -2 -3 -2 -5  0  3    2   3   2   2   1   2   2   3   2   5  39   3   2   5   2   2   2   0   3  19  0.48 0.34
  135 I   -1  0  0  0 -3  0  0 -3  0  2  0 -1  1  0 -1  0  1 -3  0  2    3   4   5   6   0   4   4   0   3  15   9   4   3   3   3   5   9   0   4  15  0.11 0.14
  136 V   -1 -1 -4 -1  1  0 -1 -1 -4  1  0 -1  1  0  0 -1 -1 -5 -4  4    4   3   0   3   3   4   4   4   0   9   7   4   3   3   4   4   4   0   0  37  0.40 0.32
  137 K    0  0  0  0 -3  1  0 -1  1  0 -1  0  1  0  0  0  0  3  1  0    5   5   5   5   0   5   5   5   5   5   5   5   5   5   5   5   5   5   5   5  0.07 0.08
  138 V    0  0  0  0 -3  1  0  0  1  0 -1  0  1  0  1  0  0 -3  1  0    6   6   5   6   0   5   6   6   5   6   6   6   5   5   6   6   6   0   5   6  0.05 0.06
  139 P   -1  0 -3 -1 -4  0 -1 -2  1 -1 -2  0  0  0  5  0  0 -4  0 -1    4   4   0   4   0   4   3   3   3   3   3   5   3   5  35   6   5   0   4   4  0.61 0.34
  140 P    0  1 -1  0 -3  1  1  0 -2  0  0  0 -1  0  1  0  0 -3 -2  0    7   7   0   7   0   7   7   7   0   7   7   7   0   7   7   7   7   0   0   7  0.08 0.07
  141 K   -1  0  0  0  2  0  0 -1  2  0 -1  0  1  0  0 -1  0  3  1 -1    5   5   5   5   5   5   5   5   5   5   5   5   5   5   5   5   5   5   5   5  0.04 0.08
  142 I    0 -1 -1 -1 -4 -4 -1 -2  0  4  0 -1  1  1 -1 -1 -1  3 -3  1    7   3   3   3   0   0   3   3   3  31   6   3   3   8   3   4   4   4   0   9  0.33 0.28
  143 Y    0  0 -1 -1 -3  0  0 -2  1  1  0  0  0  1  0  0  0  2  1  0    7   6   3   3   0   4   8   3   3   9   9   4   3   6   5   5   6   3   7   7  0.05 0.06
  144 D   -2  0  1  3 -5  0  2 -2  0  0 -2  0 -2 -3  1  1  0 -2 -1  0    3   4   6  16   0   5  12   2   2   6   5   6   1   1   8   9   6   0   2   7  0.22 0.21
  145 I   -1  0  0 -2 -2  0  0  0  1  1  0  0  1  0  0  0  1 -1 -2  1    4   5   3   1   1   2   7   6   4  11   8   5   4   4   5   6  11   1   1   9  0.06 0.09
  146 S   -1 -2 -1 -2 -5  0  0 -2 -2 -3 -1 -2  0 -1  4  3  1 -6 -2 -2    5   2   3   2   0   4   6   3   1   2   6   2   2   3  24  23   9   0   1   2  0.53 0.43
  147 S   -1  1  0  0 -1  1  1  0 -1 -2 -3  1 -2 -1  1  3  1 -5 -2 -1    4   6   4   4   1   6   9   7   1   3   2   7   1   3   6  21  10   0   1   4  0.22 0.23
  148 D   -3 -1  3  4 -6  0  2 -3  2 -3 -3 -1 -2 -3  0  1 -1 -7 -3 -3    1   3  16  27   0   4  13   2   4   2   2   3   1   1   5   9   4   0   1   2  0.63 0.44
  149 I   -1 -2 -2 -4 -2  2 -2 -4  0  2  1 -2  2 -1 -3 -2  0 -5  1  3    5   2   1   1   1  11   2   1   3  13  14   2   6   2   1   2   7   0   4  22  0.36 0.30
  150 T    0 -1  0 -2 -4  0  0 -3  0  0 -2  0 -1 -1 -2  1  4 -2 -1  0    8   2   4   2   0   4   7   2   2   7   3   5   1   3   2  12  26   1   2   8  0.29 0.29
  151 V    2 -2 -3 -6 -1 -3 -4 -4 -5  2 -1 -3 -1  0 -2 -2 -1 -1 -1  5   16   3   1   0   2   1   1   1   0   9   6   1   1   4   2   3   4   1   2  43  0.70 0.48
  152 N   -1  1  2  1 -1  0  0 -2  0  0  0  0  0 -2 -1  0  1 -4 -1  0    4   8  13   6   1   4   5   3   2   4   8   7   2   1   3   7  10   0   2   8  0.12 0.13
  153 E    0  0 -2 -1 -6  1  4 -4 -1  0 -1  1 -1 -3  0 -1 -1 -6 -2  0    7   4   2   2   0   5  36   1   1   5   5   7   1   1   5   5   3   0   2   8  0.50 0.40
  154 G   -2 -2  1 -2 -7 -2 -2  6  1 -7 -3 -2 -1 -3 -3 -1  0 -7 -2 -7    3   2   7   3   0   1   2  57   4   0   3   3   1   1   1   4   5   0   1   0  1.13 0.64
  155 S    0  0  0  1 -1  1  2 -1  1 -3 -3  0 -1 -2 -2  3  1 -6 -2 -2    7   4   4   9   2   5  13   5   4   1   1   5   1   2   1  23   8   0   1   3  0.30 0.28
  156 N   -1  0  3  1 -5  0  0 -2  1 -2 -1 -1  1 -1  1  1  2 -5 -1 -1    4   4  14   7   0   4   5   2   4   2   6   3   4   3   6  10  16   0   2   3  0.22 0.24
  157 V    1 -2 -4 -5  0 -4 -2 -2 -1  2  1 -2  1  0 -2 -2  0  1 -1  4   14   2   0   0   2   0   2   3   2  10  11   2   3   3   2   3   6   2   2  30  0.38 0.30
  158 S   -1  0  0  0  2  0  0 -1  2  0 -1  0  2  0  0 -1  0  3  1 -1    5   5   5   5   5   5   5   5   5   5   5   5   5   5   5   5   5   5   5   5  0.09 0.08
  159 L   -4 -7 -3 -8  1 -7 -4 -9 -7  2  5 -7  2  2 -3 -7 -6  1 -2 -1    2   0   1   0   3   0   1   0   0   9  62   0   4   8   1   0   0   2   2   4  1.39 0.61
  160 I   -1  0  0 -1 -1  0  3 -2  0 -1 -1  0  0 -1  0  0  1  0  0  1    4   5   3   2   2   3  21   3   2   4   5   4   3   3   4   8   9   1   3  11  0.16 0.17
  161 C   -2 -9 -8 -9 10 -8 -9 -2 -9 -1 -2 -9  1 -8 -9 -2 -1 -9 -8 -2    4   0   0   0  72   0   0   4   0   3   4   0   4   0   0   3   3   0   0   3  3.04 1.05
  162 A    0  0  0  0 -4  2  1 -2  2 -1 -1  0  0 -1  0  0  1  0 -1 -1    8   5   4   6   0   9  10   2   5   3   7   6   2   2   5   6  12   2   2   4  0.13 0.12
  163 A    4 -5 -5 -6  2 -2 -2 -3 -5  0 -2 -2 -1  1 -1 -1 -1 -5  2  2   37   0   0   0   5   2   2   2   0   5   2   2   2   6   3   4   4   0   7  17  0.61 0.39
  164 S   -1 -1  0  1 -5 -1  1 -2  1 -1 -2 -1 -1 -2 -2  3  3  1 -1 -2    3   3   5   6   0   3   8   2   4   3   3   4   1   2   2  26  19   2   2   2  0.38 0.29
  165 G    0 -4 -3 -5 -7 -6 -4  6 -6 -5 -7 -1 -7 -7 -4 -1 -3 -1 -7 -7    7   1   1   0   0   0   1  76   0   1   0   4   0   0   1   5   2   1   0   0  1.87 0.80
  166 K   -2  0  2  0 -5  1  0 -2  1  0 -3  1 -2  0 -4  0  1 -4  3  0    2   6  14   5   0   6   6   3   4   6   1  10   1   4   0   7   8   0  11   7  0.23 0.21
  167 P   -2 -5 -2 -2 -6 -2 -3 -3 -1 -6 -2 -3 -1 -6  7 -3 -5 -7 -6 -3    3   0   2   2   0   2   2   2   1   0   4   2   2   0  72   2   0   0   0   2  2.14 0.97
  168 E    0  1 -1  0 -4  1  2 -2 -1  0 -2  1 -1 -1  3 -1  0 -4 -1 -1    6   7   3   5   0   5  17   3   1   5   2   8   2   3  15   4   7   0   2   4  0.27 0.21
  169 P   -1 -1 -2 -2 -6 -2 -3 -3  1 -2 -2 -2  0 -2  7 -3 -3 -6 -1 -3    5   3   2   2   0   1   1   2   4   3   5   3   3   2  57   2   2   0   3   2  1.43 0.71
  170 K    0  0  1 -1 -4  1  0 -2  0 -1 -2  2  1 -2  0  1  2 -1 -1  0    5   4   7   3   0   8   6   3   2   2   2  12   4   2   4  11  14   1   2   8  0.17 0.18
  171 I   -2 -3 -2 -3 -4 -3 -5 -6 -1  5  1 -5  0 -1 -3 -4 -1 -5  1  3    2   1   2   2   0   1   0   0   2  41  11   0   2   2   1   0   3   0   5  21  0.88 0.48
  172 S    0  0  1  0 -3  1  0  0  2  0  0  0  1  0 -2  0  0 -2  1  0    6   6   6   6   0   6   6   6   6   6   6   6   6   6   0   6   6   0   6   6  0.05 0.07
  173 W   -5 -5 -5 -5  2  0 -1 -5 -4  0 -1 -5 -4  1 -5 -5 -5 10  2  0    1   0   0   0   5   5   6   1   0   5   6   0   0   5   0   1   0  51   6   6  2.05 0.66
  174 R   -2  4 -1 -1 -4  2 -1 -2  0 -1 -2  2  0  0 -2  0  0  1  0  0    2  26   2   3   0   8   4   2   2   3   4  11   2   4   2   7   6   2   3   7  0.32 0.23
  175 H    0  0  0  0 -3  1  0 -1  1  0 -1  0  1  0  0  0  0  3  1  0    5   5   5   5   0   5   5   5   5   5   5   5   5   5   5   5   5   5   5   5  0.07 0.08
  176 I   -1  0  0 -1  0  0 -1 -1  0  2  1  0  1  0  0 -1  0 -3  0  0    4   5   4   4   3   3   4   5   3  15  13   5   3   5   4   5   4   0   3   7  0.03 0.06
  177 S    0  0  0  0 -3  1  0 -1  1  0 -1  0  1  0  0  0  0  3  1  0    5   5   5   5   0   5   5   5   5   5   5   5   5   5   5   5   5   5   5   5  0.07 0.08
  178 P   -1  0  0  0 -5  0  0  0  0 -1 -2  0  0 -1  5 -1 -1 -5 -1 -1    4   5   5   5   0   4   6   7   2   3   3   5   2   2  31   5   3   0   2   4  0.51 0.36
  179 S    0  0  0  0 -3  1  0 -1  1  0 -1  0  1  0  0  0  0  3  1  0    5   5   5   5   0   5   5   5   5   5   5   5   5   5   5   5   5   5   5   5  0.07 0.08
  180 A    0  0  1  0 -3  0  0  1  2 -1 -1  0  0 -1  1  0  0  1  0 -1    8   5   6   5   0   4   4  11   6   5   6   4   3   3   6   7   6   3   3   5  0.06 0.07
  181 R   -1  0  0  0  2  0  0 -1  2  0 -1  0  2  0  0 -1  0  3  1 -1    5   5   5   5   5   5   5   5   5   5   5   5   5   5   5   5   5   5   5   5  0.09 0.08
  182 K   -1  0  0  0  2  0  0 -1  2  0 -1  0  2  0  0 -1  0  3  1 -1    5   5   5   5   5   5   5   5   5   5   5   5   5   5   5   5   5   5   5   5  0.09 0.08
  183 Y   -1  0 -1 -1 -6  0 -1 -2  3  0  0  0  1  2 -1  0  0  2  3  0    4   4   4   3   0   4   4   3   8   4   9   6   3   9   3   6   5   3   9   7  0.18 0.14
  184 E   -1  0  0  1  0  1  2 -1  1  0 -1  0  0 -1  0  0  0 -4 -1  0    4   5   5   8   2   5  16   4   4   5   4   4   3   2   5   7   4   0   2   9  0.12 0.14
  185 S   -1 -1  2  1 -7 -1  0  0  0 -2 -3  0  0 -1 -1  3  0  0 -2 -1    4   4  10   9   0   3   7   7   2   3   3   6   2   3   3  22   6   1   1   4  0.27 0.24
  186 G   -1 -1  1  0 -8 -1 -1  4  0 -2 -3 -2  0 -2 -1  1  0 -8 -7 -1    5   3   7   6   0   3   4  35   3   2   3   3   2   2   3   9   5   0   0   4  0.55 0.37
  187 E   -1  1  1  0  1  1  2  0  2 -2 -3  0  1 -1  0  0  0  2 -1 -1    4   6   6   6   3   6  12   8   5   3   3   5   4   3   5   9   5   2   2   4  0.12 0.13
  188 Y   -1  0  0  0  2  0  0 -1  2  0 -1  0  2  0  0 -1  0  3  1 -1    5   5   5   5   5   5   5   5   5   5   5   5   5   5   5   5   5   5   5   5  0.09 0.08
  189 L   -4 -4 -3 -7 -5 -1 -3 -4 -6  2  5 -4  2  0 -4 -4 -3 -1 -2  0    1   1   1   0   0   2   2   1   0  10  62   1   4   4   1   1   1   1   1   5  1.12 0.60
  190 N   -2  1  2  0 -4  1  1 -3  1  1 -1  0 -1  0 -2 -1  2 -2 -2  0    1   8  13   5   0   6  10   2   4   9   5   4   2   5   1   4  15   1   1   6  0.21 0.21
  191 I   -5 -1 -6 -4 -5 -3 -3 -7 -6  6  1 -2  0  1 -6 -2 -2 -6 -2  1    0   3   0   1   0   1   2   0   0  54  14   2   2   6   0   3   2   0   1   8  1.21 0.61
  192 T   -1  1  1 -1 -4  0  0 -3  1 -1 -1  1 -1 -2  1  2  2 -5 -1 -1    5   7   8   3   0   5   6   1   3   4   5   7   1   2   6  14  18   0   2   4  0.22 0.21
  193 G    0  1  3  0  0 -1  0  1  0 -3 -3  1 -3 -3 -1  2 -1 -5 -2 -1    8   8  19   5   2   2   5  12   2   1   1   8   1   1   3  14   3   0   1   4  0.31 0.26
  194 I    1 -5 -4 -6 -4 -1 -3 -3 -2  4  0 -3 -1 -2 -2 -2  0 -6 -5  4   11   0   1   0   0   3   2   2   1  24   6   1   1   1   2   3   6   0   0  35  0.73 0.45
  195 S   -1  0  1  0 -3  2  0 -2  1 -2 -3  1 -2 -3 -2  3  3 -6 -3  0    4   6   6   4   1   9   7   2   3   1   2   7   1   1   1  21  18   0   1   6  0.36 0.31
  196 R   -1  5 -1 -2 -6  0 -1 -3  0 -1 -1  1 -1 -2  0 -1 -1 -1 -1  0    3  39   3   2   0   3   4   2   2   3   5   9   2   2   5   5   3   1   2   6  0.55 0.38
  197 D    0  0  1  3 -4  1  2 -2  2 -2 -2  0 -1 -2 -2  1  1 -5  0 -2    6   6   6  17   0   5  13   3   5   2   4   4   1   2   1  11  10   0   4   2  0.27 0.22
  198 Q   -3 -2  0  6  1  2  0 -5  3 -3 -4 -2 -1 -3 -5 -1 -2  2 -2 -6    2   2   4  47   3  11   4   0   8   1   2   2   2   1   0   5   2   3   2   0  1.10 0.60
  199 A    3 -1 -1  0 -4 -1  0  0  1 -2 -2 -1  2 -2 -4  2  0 -1 -2  0   29   3   3   5   0   3   5   8   3   2   2   2   6   1   0  14   6   1   1   5  0.29 0.27
  200 G    0 -1  2  1 -3  2  1  1  3 -3 -3  1 -2 -3 -2  1  1 -3 -2 -2   10   0   9  10   0   9  10  10   9   0   1  10   0   0   0  10  10   0   0   1  0.29 0.11
  201 D    0  0  0  1 -1  0  0 -2  0  0 -2  0  0 -2  1  0  2  0 -2  1    7   6   5   9   1   3   7   2   2   5   3   7   3   1   7   8  12   1   1  11  0.12 0.10
  202 Y   -8 -8 -9-10 -9  0 -9-10 -5  0 -7 -8 -7  2-10 -8 -8  3  9 -2    0   0   0   0   0   5   0   0   0   5   0   0   0   9   0   0   0   4  70   4  2.84 1.02
  203 E    0  1  1 -2 -1  2  2 -2  2 -1 -1  0  0 -2 -4  0  2  0 -1  0    7   6   6   1   1   8  15   2   6   4   5   4   3   2   0   7  12   1   2   7  0.20 0.16
  204 C   -3 -8 -8 -9 10 -8 -9 -8 -9 -3 -4 -8 -6 -2 -8 -4 -6  2 -7 -2    1   0   0   0  87   0   0   0   0   2   2   0   0   2   0   1   0   3   0   2  3.75 1.12
  205 G   -1  0 -1 -1 -3  1  1 -1  0  1 -1  1  1 -2 -3  0  1 -4 -1  1    2   6   2   2   0   9   8   4   2  12   5   8   3   1   0   9  11   0   3  13  0.13 0.13
  206 A    6 -3 -5 -3 -1 -4 -4 -3 -5 -1 -4 -4 -1 -3 -2 -2  0 -6 -5  1   69   1   0   2   1   0   0   1   0   3   1   0   1   1   1   1   5   0   0  11  1.29 0.61
  207 E    0  1  0  1 -4  1  2 -2  0 -1 -2  1 -1 -1 -3  2  1 -2 -2 -1    5   6   4   6   0   6  15   2   2   3   2   8   1   2   0  19  10   1   1   5  0.25 0.18
  208 N   -3 -2  8 -1 -6 -2 -4 -3 -1 -6 -6 -2 -5 -6 -5  0 -1 -6 -5 -4    1   2  77   2   0   1   0   1   1   0   0   2   0   0   0   5   3   0   0   1  2.13 0.79
  209 D    0  0  1  2 -4  0  1  2  0 -3 -3  0 -2 -3 -1  0  0 -4 -2 -1    6   5   5  15   0   4  10  19   3   1   2   5   1   0   3   8   7   0   2   4  0.25 0.15
  210 I   -1  0  0  0  2  0  0 -1  2  0 -1  0  2  0  0 -1  0  3  1 -1    5   5   5   5   5   5   5   5   5   5   5   5   5   5   5   5   5   5   5   5  0.09 0.08
  211 A    1  0  0 -1  1  0 -1  4  1 -2 -2  0 -6 -1  0 -1 -1 -7 -7 -2   12   5   4   3   3   4   5  28   3   3   4   6   0   3   4   4   4   0   0   3  0.37 0.26
  212 S   -1  0  1 -1 -4  0 -1  2  0 -2 -2  0 -1 -1  2  2  1 -5  0 -2    5   4   6   3   0   4   4  16   3   2   3   4   2   2  11  18   8   0   3   3  0.24 0.23
  213 P    2  0 -1 -1 -1  1 -1 -2 -1 -1 -2 -1 -1 -1  3  1  0  0 -1  0   14   6   3   4   1   6   5   3   2   3   4   4   2   3  16   9   6   1   2   5  0.20 0.18
  214 D    1 -1  0  4 -2  1  0 -2  0 -1 -2 -2 -1 -2 -3  1  0 -1 -2  1   11   3   4  21   1   5   7   3   2   3   4   3   1   2   2  11   5   1   1   9  0.30 0.24
  215 T    0  0 -1 -3  0  0  1 -3  0 -2 -3  0  0 -1 -4  3  2 -1  0  0    7   6   2   1   2   4   8   2   2   3   3   6   2   3   1  22  15   1   3   7  0.32 0.29
  216 K    0  2  0  0  1  1  0 -2  2 -1 -1  3  1 -1 -6  0 -1  2  0 -1    6  12   4   5   3   5   5   4   5   3   7  15   3   3   0   7   4   3   3   4  0.21 0.17
  217 T    0  0  0  1  1  0  0 -2  1 -1 -2 -1  0  0 -1  1  2  2  0  0    8   4   4   8   3   5   5   3   3   4   4   4   3   4   3  10  13   3   3   6  0.11 0.12
  218 V    0 -3 -3 -3 -1 -1 -2 -3  0  3  0 -3  1  1 -3 -2  0  0  2  3    7   1   1   1   1   3   2   3   2  16   7   1   4   7   1   3   6   1   8  24  0.38 0.29
  219 R   -1  1  0 -1 -4  0  0 -2  0  0  2  1  1  0 -1  0 -1  2  1  0    4   7   4   3   0   4   5   3   3   4  22   9   3   3   3   5   4   3   5   5  0.09 0.12
  220 V   -1 -1 -1 -1 -4 -1 -1 -2  0  1  3 -1  1  0 -1 -1 -1 -4  0  2    3   3   4   3   0   3   3   3   3   9  28   3   3   3   3   3   3   0   3  16  0.22 0.21
  221 T   -1  1  0 -1 -4  0  0 -1  0  0 -1  0 -1 -1 -2  0  2  0  0  2    3   7   5   4   0   5   5   4   2   5   4   5   1   2   2   7  12   1   4  20  0.13 0.17
  222 V   -2 -2 -5 -2 -5  0 -2 -3  0  2  0 -2  1 -1 -2 -2 -2 -5  0  5    2   2   0   3   0   5   3   2   3  10   9   2   3   2   2   3   2   0   4  43  0.61 0.44
  223 N   -1  1  2  0 -4  2  2 -2  2 -2 -1  0  0 -1 -2  0  1  0  0 -1    5   6  10   4   0   8  12   3   7   2   6   5   2   3   1   8   8   1   4   4  0.17 0.18
  224 F    0  0 -2  0  2  0  0 -1  1  0 -1  0  1  0  0  0  0  3  1  0    5   5   0   5   5   5   5   5   5   5   5   5   5   5   5   5   5   5   5   5  0.06 0.10
  225 P    0  0  0  0 -3  1  0  0  1  0 -1  0  1  0  1  0  0 -3  1  0    6   6   5   6   0   5   6   6   5   6   6   6   5   5   6   6   6   0   5   6  0.05 0.06
  226 P    0  0  0  0 -3  1  0  0  1  0 -1  0  1  0  1  0  0 -3  1  0    6   6   5   6   0   5   6   6   5   6   6   6   5   5   6   6   6   0   5   6  0.05 0.06
  227 A    0  0 -1 -1 -3  0  0 -2  0  1  0  0  0  3 -1 -1 -1  3  1  1   10   5   3   3   0   3   5   3   2   7   6   4   3  17   3   5   4   4   4   9  0.12 0.14
  228 I   -1 -2 -1 -1 -4 -1 -2 -3  0  3  0 -2  1  1 -1 -1  0  1 -3  2    4   2   3   3   0   3   3   2   2  25   8   3   3   6   3   4   6   2   0  17  0.26 0.25
  229 H   -1  1  0  0 -4  1  1 -2  2  0 -1  1  0 -1  0  0  1  1  0  0    4   9   3   4   0   6   7   2   6   5   4   8   2   2   4   6  12   3   4   8  0.11 0.14
  230 E   -1  0 -1  0 -5  1  3 -1  1 -1 -2  1 -1 -2  2  0  0 -5 -1  0    5   4   3   5   0   7  18   4   3   3   4   9   1   2  12   6   5   0   2   7  0.25 0.23
  231 M   -1 -1  0 -1 -3  1 -1 -1  1  0  1 -1  1  1  2  0  0  1  0  0    5   4   5   4   0   7   4   5   3   5  13   3   4   8   9   5   5   3   3   5  0.07 0.09
  232 K    0  0  0  0 -3  1  0 -1  2  0 -1  0  1 -2  1  0  0  3  1  0    6   6   5   6   0   5   6   6   5   6   6   6   5   0   6   6   6   5   5   6  0.08 0.10
  233 S   -1 -1  2  1  1  0  0 -1  1 -1 -2 -1  0 -1  0  2  0  2 -1 -1    6   4   8   8   2   5   6   4   3   3   4   4   3   3   5  17   6   3   3   4  0.14 0.14
  234 H   -1  1  0  0  0  2  0 -2  3  0 -1 -1  0 -1  0  0  1  1  0  1    4   6   4   4   2   9   6   3   7   4   7   4   3   3   4   6   8   2   4  10  0.11 0.11
  235 G    0 -1  0 -1 -4  0  0  2  1 -1 -1 -1 -1 -1 -1  0  2  0  0 -1    6   4   5   3   0   4   7  18   4   4   5   3   1   2   2   8  15   1   3   5  0.16 0.18
  236 V    2 -3 -2 -4 -5 -1 -3 -2 -2  2  0 -3  0 -2 -2 -1  0 -1 -3  4   15   1   2   1   0   3   2   3   1  10   9   1   2   1   2   4   7   1   1  34  0.54 0.40
  237 R    1  2  0 -1 -1  1  0 -1  0  0 -1  1 -1 -2  1  0  0  0 -1  0   11  11   5   3   1   5   6   5   3   5   5   7   2   2   5   6   7   1   2   8  0.08 0.09
  238 P    0 -1 -1 -1 -5 -1  3 -2  0  0  0  0  0 -3  3 -1  0 -1 -3  1    7   3   3   2   0   2  19   4   2   4   8   7   2   1  13   5   5   1   1  11  0.24 0.24
  239 G   -3 -3  1 -1 -2 -3 -2  6 -1 -5 -3 -3 -7 -4 -5  0 -4 -8 -4 -5    2   1   5   4   1   1   3  66   1   1   3   2   0   1   1   7   1   0   1   1  1.48 0.79
  240 Q   -1  1  1  1 -3  3  3 -1  0 -4 -3  0  0 -2 -2  1  0 -6 -1 -2    3   9   6   8   1  13  18   5   2   1   2   6   2   2   2  12   5   0   2   2  0.35 0.31
  241 V   -1  1  1  0 -5  1  1 -3 -1  0 -2 -1 -1 -2  1  1  2 -3 -1  1    4   7   6   6   0   6   8   1   1   5   3   3   2   1   8  10  14   0   2  11  0.18 0.20
  242 A    3 -4 -3 -3 -1 -3 -2 -1 -2  1  1 -3 -1 -3 -4  0  1 -2 -3  3   26   1   1   1   2   1   2   4   1   6  12   1   1   1   0   6  10   1   1  23  0.45 0.36
  243 L   -2  0 -1 -3 -4 -1  0 -4 -1  2  1 -1  1  0 -5  0  3  0 -2  2    3   6   4   1   0   2   6   1   2  11  13   4   3   4   0   8  17   1   1  13  0.25 0.24
  244 L   -5 -7 -8 -8 -7 -4 -8 -6 -7  3  5 -7  3  1 -4 -4 -3  0 -2 -1    1   0   0   0   0   1   0   1   0  14  62   0   6   5   1   1   2   2   1   4  1.47 0.76
  245 R    0  0  1 -1  5  1  2 -2  0 -2 -2 -1  0  0 -1 -1 -1 -5 -1 -1    7   5   9   3  15   5  17   3   3   3   3   4   2   4   3   4   3   0   3   3  0.28 0.22
  246 C   -1 -7 -6  0  9  0 -7 -1  2  0 -2 -7 -6 -7 -7 -1  0 -8 -7 -1    5   0   0   5  51   5   0   5   5   5   5   0   0   0   0   6   5   0   0   5  1.79 0.73
  247 E   -1  1  0  0 -4  1  1 -2  1 -1 -1  1  0 -1 -1  1  0  0 -1  1    4   8   3   4   0   5  12   3   4   3   4  10   2   3   3  11   5   2   2  12  0.12 0.14
  248 A    3 -5 -5 -1  0  0 -2 -2 -5  1  0 -4  0 -1 -2 -1  0  1 -1  3   28   0   0   3   2   4   2   2   0   6   9   0   2   3   2   4   6   2   2  24  0.44 0.34
  249 A    0  0  0  0 -5  0  2 -2  2 -1 -3  0 -1  0 -2  2  1 -1 -1 -1    7   5   3   5   0   4  16   2   6   3   2   5   2   5   1  18   8   1   2   5  0.24 0.23
  250 A    3 -6 -2 -3 -6 -2 -2  5 -6 -7 -7 -1 -2 -7 -3  1 -2 -7 -2 -3   24   0   2   1   0   2   3  46   0   0   0   3   1   0   1  12   2   0   2   2  1.09 0.59
  251 V    0 -2  1  0 -4 -1  0  0  1  0 -2 -1 -1  1 -1  1  0  1  2  1    5   2   7   6   0   2   5   6   4   6   3   3   1   6   3  11   5   2   9  14  0.11 0.13
  252 P   -4 -2 -2  0 -8 -2 -2 -4  0 -8 -5 -6 -2 -8  8 -3 -3 -9 -8 -4    1   2   2   5   0   2   3   2   2   0   1   0   1   0  75   2   1   0   0   1  2.38 1.06
  253 S    0  0  0 -1 -4  1  0 -1 -1  0 -1  0  1 -2  4  0  1 -5 -2 -1    9   5   3   2   0   6   6   4   2   5   6   7   3   1  20   8   7   0   1   3  0.29 0.22
  254 P    1 -4 -3 -3 -7 -5 -4 -2 -3 -1 -2 -2 -2 -2  7  0 -1 -8 -7 -3   11   1   1   2   0   0   1   3   1   3   5   2   1   2  56   7   4   0   0   1  1.47 0.75
  255 V    0  0  0 -1 -4  0  1 -3  0  1 -1  0  0 -2 -4  1  2 -4  0  1    5   6   3   3   0   4   9   1   2  10   6   5   2   1   0  10  18   0   3  10  0.19 0.19
  256 F   -2 -3  0 -4 -3 -4 -4 -3 -2  4  1 -5  0  3 -5 -2  0 -1  2  3    3   1   4   1   0   1   1   2   1  27  10   0   2  12   0   2   6   1   7  20  0.59 0.35
  257 E   -1  1 -1 -2 -4  1  1 -2  1 -1 -2  0 -1 -1 -4  1  3 -1  2  0    5   7   2   1   0   6  10   2   4   2   2   6   1   3   0  12  21   1   8   6  0.27 0.26
  258 W   -8 -5 -9-10 -8 -8 -9 -5 -8 -4 -4 -5 -7 -2 -9 -8 -2 12 -1 -8    0   1   0   0   0   0   0   1   0   1   2   1   0   2   0   0   3  88   1   0  4.61 1.63
  259 Y   -2 -1 -3 -2 -5 -1 -1 -4  0 -1  1 -1  1  4 -5 -1  1  1  5 -1    2   3   1   2   0   3   5   1   2   3  12   4   3  16   0   5  11   1  21   4  0.47 0.32
  260 K   -4  4 -2 -3 -6  0 -3 -3  2 -3 -3  6 -3 -1 -4 -3 -1  1 -2 -3    1  19   2   1   0   3   1   1   4   2   3  48   1   3   1   1   4   2   1   2  1.10 0.62
  261 G   -2 -3  4  4 -3 -2  1  3 -1 -5 -4 -1 -2 -3 -1 -1 -3 -3 -4 -4    3   1  19  27   0   1   8  20   1   0   2   4   1   1   3   4   1   0   1   1  0.74 0.43
  262 E   -1 -1  2  3 -5 -1  1  3  0 -3 -4  0 -2 -3 -2  0  0 -5 -3 -3    3   4   8  16   0   2  11  27   2   2   1   5   1   1   2   8   5   0   1   2  0.46 0.31
  263 K   -1  3  0  0 -4  1  1  0  0 -1 -2  2  0 -2 -1  0  1 -5 -3 -1    4  15   5   5   0   7   8   6   2   3   2  17   2   1   2   6   8   0   0   5  0.25 0.21
  264 R   -1  2 -1 -1 -4  2  1 -1  0  0  0  0  0 -3  3 -1  0 -2 -2 -1    3  13   2   3   0   9   8   4   3   5  10   5   2   1  17   3   5   0   1   5  0.27 0.22
  265 I    0  0  0  0 -3  1  0 -1  1  0 -1  0  1  0  0  0  0  3  1  0    5   5   5   5   0   5   5   5   5   5   5   5   5   5   5   5   5   5   5   5  0.07 0.08
  266 N    0  0  1  0 -3  0  0  0  1  0  0  0  0  0  0  0  1  1  1 -1    5   4   7   5   0   3   6   6   4   5  11   5   3   3   4   8   9   3   6   5  0.04 0.06
  267 M    0  0  0  0 -3  0  0 -1  0  0  0 -1  2  0  1  0  0  1  0  0    6   4   5   4   0   4   8   5   3   8   9   3   8   4   7   7   7   2   3   5  0.05 0.08
  268 G    0  0  1  0 -4  0  0  2  2 -1 -2  0  0 -1  0  0  0  1  0 -1    5   4   6   6   0   4   6  19   5   3   4   5   3   3   4   8   7   3   3   3  0.12 0.12
  269 Q   -1  1  1  1 -4  2  1 -1  2 -1 -1  1  0 -1  1  0  0 -4  0 -1    5   6   6   7   0   9   8   5   5   3   5   9   3   3   6   6   5   0   4   4  0.12 0.12
  270 G   -1  1  1  0 -1  0  0  2  1 -2 -2  0 -1 -1 -1  0  0  0  0 -2    5   8   7   5   2   4   6  19   4   3   4   5   2   3   3   8   5   2   3   2  0.14 0.13
  271 I   -1  0 -1 -2 -3 -1 -1 -2  1  2  1 -1  1  1 -1 -1  0 -3  2  2    4   4   2   3   0   3   4   3   3  14  12   4   4   5   3   4   6   0   8  13  0.13 0.13
  272 V    0  1  0 -1 -3  0  0 -1  1  1  0  0  0  0 -1  0  0  0  0  1    5   9   3   3   0   5   7   5   3   8   7   6   2   5   3   5   8   1   4  11  0.04 0.06
  273 I   -1 -1 -2 -2 -2 -2 -2 -2  0  3  1 -2  1  0 -1 -1  0  0  1  2    3   3   2   2   1   1   3   3   2  22  14   2   4   4   4   4   5   1   5  13  0.26 0.20
  274 N   -2  1  2  1 -4  1  1  0  2 -2 -3  0 -2 -1 -1  1  0 -1  0 -2    3   7  11   9   0   7  10   6   5   2   2   6   1   3   3  12   6   1   3   3  0.21 0.19
  275 N   -1  0  3  1 -2  1  0  0  0 -1 -2  0 -2  0  0  1  1 -1 -1 -1    4   5  15   7   1   5   6   6   3   4   3   5   1   4   4  11   8   1   2   5  0.15 0.15
  276 L   -1  0 -1  0 -3  0  0 -1  0  1  2 -1  1  1 -1 -1  0 -3  1  0    5   5   3   4   0   5   5   5   3   8  20   3   3   5   2   5   5   0   7   7  0.07 0.08
  277 S    0  0  1  1 -4 -1  1  1  0 -3 -2  0 -1 -1  1  2  1  0 -1 -2    8   4   5   9   0   2   8  11   2   2   4   6   1   2   6  17   7   2   2   3  0.17 0.17
  278 S   -1 -1  2  1 -2 -1  0  2  1 -2 -2  0 -1 -2  0  2  1 -1 -1 -1    4   3   9   7   1   3   6  15   3   2   3   5   1   2   4  17   8   1   2   5  0.18 0.18
  279 R   -2  3  1  0 -5  1  1  2  2 -2 -2  1 -1 -2 -2  0  0 -5 -1 -1    2  16   8   6   0   5   8  14   5   2   4   7   2   2   2   6   6   0   2   4  0.23 0.21
  280 S   -1 -1  0 -3 -1  0 -2  2  1 -3 -3 -1  3 -3 -4  4  0 -2  0 -2    5   3   4   1   1   4   2  16   4   1   2   3   7   1   1  31   6   0   3   2  0.51 0.42
  281 V   -1 -1 -2 -2 -3 -1 -1 -4 -1  2  0  0  1 -2 -4  1  3 -5  0  2    3   3   2   2   1   3   4   1   1  10  10   7   4   1   0   9  19   0   4  15  0.29 0.26
  282 L   -4 -3 -8 -9 -7 -3 -6 -5 -3 -1  6 -5  0 -2 -8 -5 -4 -2 -3 -1    1   1   0   0   0   1   1   1   1   4  78   1   2   2   0   1   1   1   1   3  1.76 0.93
  283 T   -2  1  0 -2 -5  1  0 -4  2  2 -1  0  1 -2 -5  0  3 -1 -1  1    3   8   4   2   0   7   6   1   5  12   6   6   3   2   0   5  21   1   2   8  0.31 0.29
  284 V   -3 -5 -5 -8 -3 -7 -6 -6 -4  6  1 -5  0  1 -8 -5 -3 -7 -3  2    3   1   1   0   1   0   0   1   0  54  13   1   2   7   0   1   1   0   1  15  1.52 0.77
  285 K    0  2  1 -1 -5  1  1 -3  1 -2 -2  2 -1  0  1  1  0 -2 -1 -1    6  12   6   3   0   5   8   2   3   3   3  16   2   5   7   8   6   0   2   4  0.23 0.23
  286 N   -1  1  5  2 -2  0 -1 -2  0 -4 -3  1 -3 -4  0  2 -1 -7 -2 -3    5   8  26  10   1   4   4   3   2   1   3   8   1   0   4  13   4   0   1   2  0.50 0.40
  287 M    1 -2 -4 -4 -2 -1 -4 -4 -6  2  1 -3  1 -1 -3 -2  0 -6 -3  4   13   2   1   1   1   3   1   1   0   9  14   1   3   2   1   2   7   0   1  37  0.64 0.44
  288 T   -1  2  0  0 -3  3  0 -1  0 -2 -3  1 -2 -4 -3  2  2 -6 -2  0    5  10   5   4   0  15   6   4   2   2   2   7   1   0   1  13  16   0   1   6  0.35 0.33
  289 Q    0  1 -2 -1 -4  1  2 -2  0 -1  0  1  0 -2  2  0  0 -2 -1 -1    8   8   1   3   0   6  15   3   2   3   8   9   2   2  10   8   6   0   2   4  0.18 0.18
  290 D   -1  0  1  4 -6  0  3 -2 -1 -4 -3  0 -3 -4 -3  2  0 -7 -6 -3    5   5   5  21   0   4  19   4   2   1   3   5   1   1   1  18   4   0   0   1  0.55 0.42
  291 R   -3 -2 -1  7 -7 -1 -2 -2  4 -6 -3 -3 -2 -4 -6 -1 -3 -7 -4 -5    2   2   3  61   0   3   2   3  10   0   3   2   1   1   0   4   2   0   1   1  1.65 0.84
  292 Y    2 -2 -2 -2 -4  0 -1 -1  0 -2 -2 -3 -1  3 -3  2  0 -3  4 -2   18   2   2   2   0   4   5   4   2   1   3   1   2  15   1  17   4   0  14   3  0.44 0.34
  293 G   -1 -6 -6 -3 -3 -4 -8  7 -4 -9 -9 -7 -9 -5 -8 -4 -5 -9 -9 -5    6   0   0   2   1   1   0  87   0   0   0   0   0   1   0   1   1   0   0   1  2.54 1.20
  294 N   -2  0  4 -1 -2 -1  1 -4  0 -1 -1  0  0 -3 -4  1  2 -1 -1  0    3   6  22   3   1   2   8   1   2   4   6   5   2   1   0   9  15   1   2   6  0.36 0.32
  295 Y   -9 -9 -5 -5-10 -9-10-11 -3 -4 -5 -9 -8  1-10 -6 -9 -2  9 -8    0   0   1   1   0   0   0   0   0   1   1   0   0   4   0   1   0   1  90   0  3.75 1.61
  296 T   -3  0 -3 -3 -6  0 -1 -3 -2 -2 -3  2  0 -4 -6  1  5 -3 -1 -1    1   5   1   1   0   4   5   2   1   3   2  10   2   1   0  11  45   0   2   4  0.90 0.62
  297 C   -5 -4 -6-11 11-10-11-10-11 -6 -7-10 -8 -5-10 -5 -8-10-10 -5    1   1   0   0  94   0   0   0   0   0   0   0   0   1   0   1   0   0   0   1  4.62 1.73
  298 V   -1  1 -3 -5 -3 -2  0 -5 -1  2 -1  0  1 -1 -6 -1  1 -2 -2  4    4   7   1   0   0   2   6   0   1  12   3   5   4   2   0   4  10   0   1  36  0.56 0.40
  299 A    6 -7 -7 -8 -3 -6 -6 -3 -7 -2 -4 -6 -1 -8 -3 -1 -3 -9 -8 -1   82   0   0   0   1   0   0   2   0   2   1   0   1   0   1   4   1   0   0   4  2.06 1.07
  300 V   -1  1 -2 -2 -5 -1  2 -3 -1 -1 -3  2 -2 -3 -2  2  2 -1 -2  1    5   8   1   2   0   2  15   2   1   3   1  11   1   1   2  16  16   1   1  10  0.34 0.31
  301 N   -7 -7  8 -2 -9 -6 -7 -5 -6 -9 -5 -6 -8 -9 -8  0 -6-10 -9 -6    0   0  87   2   0   0   0   1   0   0   1   0   0   0   0   8   0   0   0   1  3.11 1.37
  302 R    0  1  0  0 -5  1  1 -2 -2 -1 -3  2 -1 -2  0  2  1 -6 -3 -1    8   7   3   6   0   5  11   2   1   3   2  14   1   2   5  18   7   0   1   4  0.27 0.25
  303 L    3 -3 -4 -4 -4 -2 -3 -2  0  1  3 -2  1  1 -5 -3 -3 -5  0  1   25   1   1   1   0   2   2   3   2   7  30   2   3   5   0   1   0   0   4  12  0.50 0.35
  304 G   -4 -5 -4 -5 -9 -5 -8  7 -4 -9 -4 -7 -8 -9 -6 -5 -3 -9 -9 -9    1   1   1   1   0   1   0  91   1   0   2   0   0   0   0   1   2   0   0   0  2.66 1.12
  305 T   -1  0  1  0 -5  0  2 -3 -1 -1 -4  1  0 -3 -3  2  3 -6 -4 -1    5   4   6   5   0   3  12   1   1   3   1   7   2   1   1  18  24   0   0   4  0.43 0.35
  306 A    4 -3 -4  1 -3 -1 -1 -3  0  0 -3 -3 -3 -5 -2  1  3 -6 -4  1   33   1   0   9   0   2   3   1   3   4   2   1   1   0   2   8  18   0   0  10  0.56 0.42
  307 N   -2  1  3  1 -6  2  2 -3  1 -4 -4  0 -2 -4 -4  2  1 -3 -2 -3    3   9  12   9   0   9  15   1   3   1   1   6   1   1   0  19   7   0   1   1  0.49 0.36
  308 A    3  1 -2 -2  0  0 -1  2  1 -2 -1  1 -2 -2 -1  0  0 -3 -1 -1   25   7   1   1   2   4   3  14   3   2   5  10   1   1   2   7   6   0   2   3  0.23 0.22
  309 S   -1 -1  0  0 -5 -2  0 -4  1 -2 -4  0 -3 -2 -4  4  3 -7 -2 -2    5   3   5   5   0   2   6   0   4   2   1   6   1   1   0  34  22   0   1   2  0.67 0.48
  310 V    1 -4 -6 -7 -5 -5 -6 -4 -5  4  0 -5  2  3 -6 -3 -1 -5  1  4   14   1   0   0   0   0   0   1   0  24   6   0   6  11   0   2   4   0   5  26  0.81 0.45
  311 P   -2  2  0 -1 -5  1  1 -3  1 -1 -2  2 -2  0  1  0  2 -5  0 -1    1  11   5   3   0   7  11   1   4   4   3  12   1   4   6   6  13   0   4   4  0.24 0.22
  312 L   -4 -7 -8 -5 -6 -7 -8 -9 -8  0  6 -7  1 -3 -8 -7 -4 -7 -6  1    1   0   0   1   0   0   0   0   0   5  80   0   2   1   0   0   1   0   0   9  1.89 0.83
  313 N   -3 -1  4  2 -5  1  0 -3  3 -2 -3  0 -4 -1 -4  1  2 -5  1 -2    1   2  23  11   0   6   6   1   9   2   2   5   0   3   0   8  14   0   4   3  0.51 0.34
  314 P   -3  0 -5 -3 -5 -3 -1 -3 -3  1 -3 -2 -2 -3  4 -3 -4 -6 -5  5    1   5   0   1   0   1   4   3   1   7   1   2   1   1  20   1   0   0   0  52  1.08 0.55
  315 S   -1  0  1 -1 -3  3  1 -1  2 -2  0  1  0 -3  2  1  0  0 -1 -1    3   3   7   3   0  14   7   3   5   1  10   7   2   1   9  10   7   1   2   3  0.19 0.18
  316 N    0 -1  1  1 -4 -1  2  0  1 -2 -3  0 -3 -2  0  1  0 -5 -2  2    7   4   6   7   0   2  14   9   3   0   1   6   0   2   5  11   5   0   1  18  0.21 0.20
  317 P   -1 -4 -6 -5 -7 -3 -3 -5 -6 -4 -7 -2 -7 -5  8 -4 -1 -8 -7 -4    4   1   0   0   0   1   1   1   0   1   0   3   0   1  81   1   3   0   0   1  2.63 1.02
  318 A    2 -5 -3 -4 -6 -3 -3 -2 -2 -4 -5  0 -5 -4  6 -1  0 -1 -6  0   17   0   1   1   0   1   1   3   1   1   1   5   0   1  49   5   6   1   0   7  1.29 0.60
  319 M    0  1 -2 -3 -3  1 -1 -3 -2  2  0  0  2 -1 -2  1  1 -4 -3  2    5   9   1   1   0   7   2   1   1  14   8   5   7   3   1  11   8   0   0  16  0.22 0.19
  320 Y   -3 -3 -5 -3 -5 -2 -2 -3 -2  2  1 -5  0  5 -4 -1  0  4  3 -1    2   1   0   1   0   1   3   2   1  13  11   0   2  32   1   4   5   6  12   3  0.72 0.36
  321 G    0  1  0  0 -4  1  0  3 -2 -2 -3  1 -2 -3 -1  1  0 -5 -3 -2    9   7   4   6   0   7   7  28   1   3   2   7   1   1   2   9   5   0   1   2  0.31 0.19
  322 S    1  1  0  0 -4  0 -1 -1 -3 -1 -3  0 -3 -5 -2  4  0 -6 -2  0    9   7   4   4   0   3   3   4   0   4   2   4   0   0   1  44   4   0   1   7  0.52 0.35
  323 T    1 -3  0 -2 -4  2  0 -2 -3  0 -2  0 -3 -4  0  1  4  1 -4 -1   12   0   4   1   0   8   7   2   0   5   3   6   0   0   5  11  31   2   0   3  0.43 0.30
  324 G    0 -2  0 -2 -5 -1  0  4 -1 -3 -3 -2  1 -5  3  0 -1 -5 -5 -2    7   2   4   1   0   2   8  39   1   1   2   1   4   0  14   7   3   0   0   3  0.60 0.29
  325 G    0 -4 -1 -1 -5 -2  0  4 -1 -5 -3 -3 -4 -5  1  1  0 -5 -1 -2    8   0   2   3   0   1   8  42   1   0   2   0   0   0   8  14   6   0   2   2  0.66 0.31
  326 A    3 -2  0 -1 -3  0  0 -1 -3 -1 -2  1 -1 -3  1  2  0 -4 -1 -1   29   1   4   2   0   3   5   3   0   5   4   8   1   0   7  19   5   0   2   4  0.30 0.20
  327 E   -2  1  1  3 -1  1  4 -2  1 -5 -4  1 -4 -5  0  0 -2 -5 -2 -4    1   8   8  14   2   7  33   3   3   0   1   6   0   0   4   8   0   0   1   0  0.62 0.29
  328 V    0 -2 -2 -3  1 -1  1 -1 -1  3  1 -3  0 -1 -4 -1 -1 -4 -1  3    6   2   1   1   3   2  10   4   1  17   9   0   1   2   0   4   1   0   2  33  0.30 0.20
  329 L    0 -4 -1 -5 -1 -4 -4 -2 -4  3  3 -4  2  1 -1 -2  0 -4 -3  1    7   0   3   0   1   0   0   3   0  20  40   0   4   5   3   2   6   0   0   5  0.48 0.24
  330 L   -1 -4 -4 -5  0 -2 -3 -5 -4  3  3 -2  1  2 -3 -2  0 -4 -2  2    4   0   0   0   2   2   1   0   0  19  37   2   3  11   1   1   6   0   0  12  0.51 0.23
  331 A    3 -3 -2 -2  2  1  2 -1  4 -2 -2 -2 -3 -4 -1  2 -1 -5 -3 -1   26   0   0   0   6   6  18   3  13   1   3   0   0   0   3  16   2   0   0   3  0.47 0.26
  332 C   -1 -4 -4 -5  8 -4 -5 -2 -5  1  0 -2 -2 -3 -4 -1  0 -5 -4  1    2   0   0   0  51   0   0   4   0   8  10   3   0   0   0   5   6   0   0   9  1.20 0.36
  333 W   -1  0 -4 -1 -4  0  0 -3 -3  0  1 -3 -2  2  0 -2 -3  8 -1 -2    6   5   0   4   0   4   8   2   0   5  14   0   0  13   5   2   0  33   0   0  0.85 0.25
  334 Y   -3 -1 -3 -4 -4  0 -3 -2  3 -2  0 -3 -2  1 -4  0  0  6  6 -1    0   3   0   0   0   4   0   4   8   0   8   0   0   4   0   9   5  12  38   4  0.77 0.25
  335 L   -2  0 -3  0  0 -2 -3 -4  1  1  4  0  0 -1 -4 -1 -2 -3 -2 -1    0   5   0   5   3   0   0   0   5   6  63   6   0   0   0   5   0   0   0   0  0.49 0.18
  336 I    0 -3 -3 -3  2 -2 -2 -2 -3  3  2 -3  0 -2  1  0 -1 -4 -3  2    8   0   0   0   7   0   3   3   0  25  24   0   0   0   6  12   0   0   0  12  0.25 0.09
  337 L   -1 -3 -4 -5 -3 -3 -4 -5  2  1  4 -3  1  0 -4 -3 -2 -3 -2  1    4   0   0   0   0   0   0   0   7   7  71   0   0   3   0   0   0   0   0   7  0.72 0.17
  338 A    2 -2 -2 -2  2 -1  0 -2 -2  0  0 -2 -1 -3 -2  2  2 -4 -3  0   26   0   0   0   6   0   7   0   0   8   8   0   0   0   0  20  21   0   0   4  0.31 0.10
  339 L   -2 -4 -4 -5  3 -3 -4 -5 -4  3  4 -4  1 -1 -4 -3 -2 -3 -2  2    0   0   0   0   8   0   0   0   0  19  60   0   0   0   0   0   0   0   0  13  0.70 0.14
  340 S    0 -1 -1 -2 -3  4  0 -2 -1 -3 -3 -1 -2 -4 -2  4  3 -4 -3 -2    0   0   0   0   0  28   0   0   0   0   0   0   0   0   0  54  19   0   0   0  0.78 0.16
  341 S    0 -3 -2 -3  5 -2 -2 -2 -3 -2 -1 -2 -2 -3  2  3  1  3 -3 -1    6   0   0   0  25   0   0   0   0   0   7   0   0   0  10  36   6   5   0   4  0.50 0.10
  342 L   -2 -3 -4 -4 -2 -3 -4 -4 -3  1  3 -3  3  3 -4 -2  0 -2  1  1    0   0   0   0   0   0   0   0   0   0  53   0  11  17   0   0   7   0   4   8  0.52 0.08
  343 V    1 -3 -2 -3 -2 -2 -2 -3 -3  2  0 -2  2  1 -3  1  2 -3 -1  2   11   0   0   0   0   0   0   0   0  18   0   0   9  11   0  11  19   0   0  22  0.26 0.06
  344 T    0 -1  0 -1 -2  0  1 -2 -2 -2 -3  2 -2 -3 -2  3  4 -4 -3 -2    0   0   0   0   0   0  13   0   0   0   0  16   0   0   0  32  38   0   0   0  0.54 0.07
  345 V   -1 -3 -4 -4 -2 -3 -3 -4 -4  4  1 -3  1 -1 -3 -2 -1 -3 -2  4    0   0   0   0   0   0   0   0   0  42   0   0   0   0   0   0   0   0   0  58  0.59 0.04
  346 Y   -3 -3 -3 -4 -3 -3 -4 -4  0 -1  0 -3 -1  6 -4 -3 -2  1  5 -2    0   0   0   0   0   0   0   0   0   0   0   0   0  66   0   0   0   0  34   0  0.93 0.01

                      K         Lambda
Standard Ungapped    0.1767     0.3432
Standard Gapped      0.1100     0.3190
PSI Ungapped         0.1767     0.3432
PSI Gapped           0.1100     0.3190
