
Last position-specific scoring matrix computed, weighted observed percentages rounded down, information per position, and relative weight of gapless real matches to pseudocounts
           A  R  N  D  C  Q  E  G  H  I  L  K  M  F  P  S  T  W  Y  V   A   R   N   D   C   Q   E   G   H   I   L   K   M   F   P   S   T   W   Y   V
    1 L   -4 -5 -6 -7 -4 -5 -6 -6 -5  0  5 -5  2  2 -5 -5 -4 -4 -3 -1    0   0   0   0   0   0   0   0   0   3  82   0   3   9   0   0   0   0   0   2  1.37 0.38
    2 P   -4 -5 -3 -5 -7 -5 -4 -6 -5 -6 -6 -4 -6 -7  8 -1 -4 -8 -7 -6    0   0   1   0   0   0   0   0   0   0   0   0   0   0  94   5   0   0   0   0  3.14 0.67
    3 N    0  0  1  3 -4 -1  2  1 -2 -3 -2  1 -1 -4  1  1 -1 -5 -3 -3    6   3   8  18   0   1  12  12   0   1   4   9   1   0   6  15   2   0   1   1  0.32 0.13
    4 Y   -1 -2  1  0  2 -2  0  1  1 -2 -2 -2 -2  4 -1  0 -1 -1  3 -2    2   1  10   5   6   0   7  10   3   0   1   2   1  26   2   6   3   0  11   3  0.29 0.16
    5 F    0 -4 -4 -4  2  0 -4 -2 -3  0  0 -3  0  5 -2  0 -1  0  2  0    8   0   0   0   6   5   0   3   0   4   5   0   2  41   1   9   3   1   6   6  0.56 0.23
    6 V   -1 -3 -2 -5  1 -4 -4  0 -4  3  2 -4  0 -2 -4 -2 -1 -4 -3  4    4   0   2   0   3   0   0   7   0  15  24   0   0   0   0   1   3   0   0  39  0.52 0.21
    7 R   -1  6 -2 -4 -2  1 -2 -4 -1 -2 -4  4  0 -5  0 -2 -2 -5 -4 -2    6  49   0   0   1   5   0   0   1   3   0  25   2   0   4   2   1   0   0   2  1.00 0.32
    8 P   -1 -5 -5 -5 -6 -1 -4 -6 -5 -4 -3 -4 -5 -6  8 -4 -4 -7 -6 -4    3   0   0   0   0   3   0   0   0   1   3   0   0   0  89   0   0   0   0   1  2.82 0.59
    9 D   -4 -4  0  7 -6  0  0 -2 -3 -6 -6 -3 -5 -5 -4 -3 -3  3 -5 -5    0   0   2  82   0   3   4   3   0   0   0   0   0   0   0   0   0   4   0   0  1.93 0.47
   10 L   -4 -5 -6 -6 -4 -4 -5 -6 -5  0  5 -5  3 -2  0 -5 -2 -4 -4 -1    0   0   0   0   0   0   0   0   0   2  83   0   7   0   5   0   1   0   0   1  1.38 0.41
   11 G   -3  0 -3 -2 -6 -4 -1  6 -5 -7 -7 -4 -6 -6 -5 -2 -4 -6 -6 -6    0   7   0   2   0   0   4  85   0   0   0   0   0   0   0   2   0   0   0   0  1.88 0.49
   12 P   -4 -5 -6 -5 -7 -5 -5 -6 -5 -6 -2 -5 -5 -2  8 -4 -5 -7 -6 -5    0   0   0   0   0   0   0   0   0   0   5   0   0   2  93   0   0   0   0   0  3.06 0.69
   13 K   -3  4 -3 -4 -7  1 -1 -5 -1 -6 -5  6 -4 -6 -4 -3 -3 -6 -5 -5    0  21   0   0   0   4   3   0   1   0   0  71   0   0   0   0   0   0   0   0  1.70 0.51
   14 M   -1 -4 -5 -6 -2 -3 -4 -5 -5  0  2 -4  7 -1 -5 -2  1 -4 -4  1    5   0   0   0   1   0   0   0   0   4  21   0  46   2   0   3  11   0   0   7  1.09 0.41
   15 Y   -4 -4 -4 -6  6 -3 -6 -6  2 -4 -4 -5 -4  0 -2 -2 -4  3  8 -5    0   1   1   0  21   1   0   0   4   0   0   0   0   1   2   2   0   3  64   0  2.08 0.58
   16 N    0 -2  4 -3  3 -3 -4 -4 -3  4 -2 -3 -2  0 -4  0 -1 -5 -3  1    9   2  26   0   9   0   0   0   0  29   1   0   0   4   0   5   3   0   0  11  0.56 0.28
   17 A    6 -4 -4 -5  2 -4 -4  0 -4 -2 -4 -4 -4 -5 -1 -1 -3 -6 -5 -2   81   0   0   0   5   0   0   7   0   2   0   0   0   0   2   2   0   0   0   1  1.42 0.50
   18 Y   -5 -5 -5 -6  1 -2 -5 -7  2 -4 -2 -5 -2  3 -6 -4 -3  1  8 -3    0   0   0   0   3   2   0   0   5   0   3   0   1   8   0   0   1   2  74   1  2.15 0.59
   19 G    0 -5 -3 -2 -6 -4 -1  6 -5 -7 -6 -4 -6 -6 -2 -2 -3 -6 -6 -6    9   0   0   2   0   0   4  80   0   0   0   0   0   0   2   2   1   0   0   0  1.78 0.50
   20 L    0  0  0 -2  0 -1 -1 -1 -2  0  1  0  1  1 -1  1  0  3  0  0    6   5   4   1   2   2   2   3   0   2  18   7   4   7   2  11   4   5   3   9  0.06 0.05
   21 I    1  1 -1 -2  1 -1 -1 -2 -1  1  0 -1  1  0  0  0  0 -2  0  1   17   9   2   2   4   1   4   1   1   8   9   2   3   4   4   4   6   0   2  16  0.08 0.07
   22 T    0 -1  0  1 -3  1  1 -1  0 -2 -1  0 -1 -3  1  2  2 -4 -3 -1    9   2   5   7   0   8   8   3   2   1   7   4   1   1   6  20  13   0   0   2  0.23 0.12
   23 P    2 -2  0 -1  1 -1  2 -2  0 -3 -2 -1 -1 -3  4  0  0 -4  0 -2   19   1   4   1   4   0  19   2   2   1   3   3   2   1  23   5   5   0   3   1  0.48 0.20
   24 E    0 -1 -1 -1 -2  2  2  0  2 -2  0  0  1  1  2  0 -2 -3 -2 -1    6   1   1   2   1   9  15   7   7   1  13   5   5   8  11   5   0   0   0   2  0.18 0.10
   25 D   -2  0  2  4 -3 -1  1  2  1 -3 -2  0 -3 -1 -2  0 -1 -4  0 -3    1   4  13  26   1   2   7  17   4   1   3   4   0   3   1   5   2   0   3   2  0.37 0.14
   26 R    0  3 -1 -2  1  1 -1  0  1  0 -2  1  0 -3  1  0 -1  0 -2 -1    5  25   1   1   5   7   3   9   4  11   2   9   3   0   7   4   2   1   0   1  0.21 0.10
   27 K    0 -1  0  1 -2  0 -1  2  2 -2 -1  2 -2 -1 -2  0  0 -3 -2 -1    4   1   4  10   1   1   2  19   9   2   9  16   0   3   1   6   8   0   0   3  0.15 0.07
   28 Y    0 -1 -1  1  1  0  0 -1 -1  1  1 -1  0  1 -2 -1 -1 -2  1  1   12   2   1  12   3   4   3   3   2  11  12   4   2  10   0   1   1   0   5  10  0.05 0.05
   29 G    1 -2 -1 -2 -4 -3 -3  5 -3 -4 -4 -2 -4 -4 -3  2  1 -5 -4 -4    9   1   2   0   0   0   0  61   0   0   0   0   0   0   0  20   8   0   0   0  0.99 0.21
   30 T    1 -2  0 -2 -2 -2 -2 -2 -1 -1 -2 -2 -1 -3 -3  2  4 -4 -3  1   11   0   2   1   0   0   0   1   1   2   0   0   1   0   0  20  46   0   0  14  0.58 0.19
   31 T   -1  0 -1 -3 -3 -2 -2 -3 -2 -2 -3  1 -1 -2 -3  1  5 -3  2 -1    3   4   0   0   0   0   0   0   0   0   0  11   2   0   0   8  62   0   8   3  0.75 0.24
   32 N   -1  1  5  1 -2 -1  1 -1 -1 -4 -4  2 -1 -4  1 -1 -1 -5 -4 -4    5   5  47   4   1   0   8   3   0   0   0  18   2   0   6   0   1   0   0   0  0.70 0.19
   33 L   -3 -4 -4 -4  1 -3  0 -5 -4  1  5 -4  1 -1 -4 -4 -3 -4 -3  0    0   0   0   0   4   0   8   0   0   6  81   0   2   0   0   0   0   0   0   0  0.88 0.24
   34 H   -3 -1 -1 -3  0  1 -2 -4  9 -4 -4 -2 -1 -2 -4 -1  0 -3  3 -4    0   2   0   0   2   5   0   0  71   0   0   0   1   0   0   4   6   0   8   0  1.58 0.34
   35 L   -1 -3 -3 -4  4 -2 -3 -4 -3  1  2 -3  2  0 -3  0  1 -3  1  2    1   1   0   0  13   0   0   0   0   7  25   0   9   3   0   8   8   0   5  19  0.31 0.11
   36 D   -2 -3  0  6 -5  1  3 -2  0 -5 -5 -2 -4 -5 -3 -2 -2 -6 -5 -5    2   0   2  69   0   5  18   3   2   0   0   0   0   0   0   0   0   0   0   0  1.36 0.27
   37 V    0 -3 -4 -4 -2 -2 -3 -4 -4  3  1  0  3 -2 -3 -2  0 -4 -3  4    6   0   0   0   0   0   0   0   0  17   6   6  13   0   0   0   4   0   0  47  0.51 0.16
   38 S    2 -2  0 -2  0 -2 -2 -2 -2 -3 -3 -2 -2 -1 -2  4  3 -4 -3 -2   22   0   4   0   2   0   0   0   0   0   0   0   0   3   0  52  17   0   0   0  0.70 0.21
   39 D   -3 -3  1  7 -5 -2  0  1 -3 -6 -6 -2 -5 -5 -3  0 -2 -6 -5 -5    0   0   3  82   0   0   0   9   0   0   0   0   0   0   0   5   0   0   0   0  1.55 0.30
   40 A    4 -2 -1  0 -2 -2 -2 -2 -3  0  1 -2  0 -2 -2  1  1 -4 -3  0   49   0   3   5   0   0   0   0   0   4  15   0   1   1   0  11   6   0   0   4  0.35 0.14
   41 A    1 -3 -4 -4  0 -3 -3 -4 -4  2  1 -3  1  0 -3 -2 -1 -4 -2  4   18   0   0   0   2   0   0   0   0  12  11   0   2   3   0   0   2   0   0  50  0.49 0.16
   42 N   -2 -2  6  0 -4  0  0  0  0 -4 -4 -1  1 -4 -3  1 -1 -5 -4 -4    0   0  65   0   0   3   5   6   2   0   0   0   6   0   0  11   0   0   0   0  1.02 0.26
   43 V   -2 -4  0 -4  0 -3 -4 -5 -4  3  1 -4  1  2 -4 -3 -2 -3 -1  4    0   0   6   0   2   0   0   0   0  29   6   0   2  14   0   0   0   0   0  42  0.56 0.17
   44 M   -2 -3  0 -3  2 -2 -3 -4 -3  1  3 -3  5 -1 -3 -2  1 -3 -2  0    1   0   7   1   5   0   1   1   0   5  40   1  28   0   0   1   8   0   0   1  0.53 0.21
   45 V    1 -2 -2 -3  1 -2 -2 -3 -3  1  1 -2  1 -2  1  0  2 -3 -2  3   10   0   0   1   4   0   1   1   0   4  13   1   5   0   7   4  16   0   0  32  0.27 0.12
   46 Y   -2 -2  0 -1  0 -1 -2 -3  5  0  0 -2 -1  2 -3 -1 -2  3  4 -1    1   1   4   3   3   0   1   1  25   8   9   1   0  11   1   4   1   4  18   4  0.42 0.16
   47 V    1 -2 -2 -2  0  0 -1 -2 -2  1  1 -2  0 -2 -2  0  1 -3 -2  3   18   1   0   1   3   4   4   1   0   6  11   1   0   0   1   6  12   0   0  32  0.22 0.11
   48 G    1 -1 -1 -1 -1  1  0  2  1 -2 -1  0 -1 -1 -1  1  0  1  0 -1   13   2   2   2   2   7   7  18   5   1   8   5   0   2   2  10   6   2   3   3  0.12 0.07
   49 I    0 -1 -2 -2 -1 -1  1 -1 -1  3  0  0  0 -2  1 -1  0 -3 -1  1   10   3   1   2   1   2  10   4   1  27   9   4   1   1   7   3   6   0   2   7  0.14 0.12
   50 P    0 -1 -1  0 -3 -1 -1 -1 -3 -2 -1  0 -2 -3  5  0  0 -4 -1  0   10   3   2   5   0   2   3   4   0   1   8   5   0   1  37   5   6   0   2   6  0.65 0.24
   51 K    0  0  0  2 -3  0  0 -1  0 -2 -2  3 -1 -2  0  0  0 -4 -2 -1    6   5   4  15   0   3   5   4   2   2   5  24   1   1   4   8   6   0   1   5  0.26 0.16
   52 G    0  0  1  0 -3  1  0  0  2 -2 -1  0 -2  1  1  0 -2  3  1 -1    6   6   6   6   0   6   6   6   6   0   6   6   0   6   6   6   0   6   6   6  0.12 0.12
   53 Q    0  0  1  0  1  2  2 -1  2 -1 -2  0  1 -3  0  0  0  2 -3 -1    6   6   6   5   3  11  13   4   7   5   3   4   4   0   5   7   4   3   0   4  0.17 0.17
   54 C    0 -1  1  1  0  0  0  0  0 -1  0  0 -1  0  1  1  0  1 -2 -1    8   3   7   9   3   3   5   6   3   3   9   7   2   4   5   9   5   3   0   5  0.06 0.06
   55 E    0  1  0  1 -4  0  2 -1  1 -1 -1  1  1 -3 -1  2 -1 -4 -1 -1    6   7   4   7   0   4  16   3   4   4   4   9   4   0   3  15   3   0   2   3  0.20 0.20
   56 Q   -1  0  0  0  1  2  0 -1  2 -1 -1  0  1 -2  1  0  0 -3  1 -1    5   6   4   6   3  13   5   5   6   3   7   6   4   0   6   6   4   0   7   3  0.12 0.15
   57 E    0  0  0  0  2  1  0  0  1  0 -1  0  1  0  1  0  0 -3 -2  0    6   6   5   6   5   5   6   6   5   6   6   6   5   5   6   6   6   0   0   6  0.04 0.07
   58 E    0  0  1  0  2  1  0  0  2 -1 -1  0 -2 -2  1  0  0 -3  1 -2    6   6   6   6   6   6   6   6   6   6   6   6   0   0   6   6   6   0   6   0  0.09 0.10
   59 E    1  0 -1  1 -5  0  4  0  0 -2 -3  2 -1 -4 -1  0 -1  1 -1 -2   11   3   2   7   0   3  28   7   3   3   2  13   2   0   2   5   3   2   2   2  0.35 0.29
   60 V    0 -1 -2 -1 -3 -3 -2 -2 -1  3  1 -1  0 -1 -2 -1  0 -4 -1  2   10   2   1   4   0   0   3   2   1  20  15   5   2   2   1   5   6   0   2  18  0.22 0.21
   61 L   -1 -1 -3 -1 -1  0 -1 -3 -3  0  3  0  1  1 -1 -2 -2  0  0  0    5   2   0   5   1   5   5   2   0   4  38   6   3   6   3   2   2   2   3   6  0.27 0.24
   62 R   -1  3  0  0 -5  2  0 -2  1 -2 -1  3 -3 -2 -1  0 -1 -5 -4 -4    4  21   5   4   0   8   5   3   3   2   8  23   0   2   3   6   2   0   0   0  0.44 0.32
   63 T    2  1 -1  0 -3  0  0 -1  0 -1 -1  1  0 -1 -1  1  1 -1 -1  0   19   7   2   5   0   3   6   3   2   3   7   7   2   2   2  12  10   1   2   6  0.12 0.13
   64 I    0 -1 -3 -1  0 -1  0 -2  2  2  1 -1  1  0 -3 -1  0 -4 -2  2    6   3   0   3   2   3   5   3   6  18  15   2   4   4   0   5   6   0   0  15  0.16 0.17
   65 Q    0  1 -1  1  1  2  3 -1  0 -2 -2  0 -3 -1  0 -1 -1 -4 -1 -2    9   7   2   9   4  12  20   4   3   2   4   6   0   3   5   3   3   0   2   3  0.24 0.20
   66 D    0  0  1  2  1  1  1  0  1 -1 -2  0  0 -3  1  1  0 -4 -3 -1    6   5   8  12   3   7  11   6   4   3   3   5   3   0   5   9   4   0   0   5  0.16 0.13
   67 G    0  1  1  1 -3  1  0  0 -1 -2 -1  0  1 -2  1  0  0 -3  1  0    7   7   7   7   0   7   7   7   0   0   7   7   6   0   7   7   7   0   6   7  0.10 0.10
   68 D   -1 -1  0  4  0 -1  1  2  0 -1 -2 -1 -1 -4 -1 -1 -1 -5 -1 -1    4   3   4  26   2   3   9  17   2   4   4   3   2   0   2   3   4   0   3   5  0.32 0.26
   69 S    0 -1  1 -1  5  0  0  0 -3 -1 -1  0  0 -1  0  1  0 -4 -3  0    7   3   6   3  15   3   7   6   0   3   6   7   2   3   5  11   7   0   0   7  0.18 0.18
   70 D   -1  1  1  4  1  0  0 -1  0 -2 -2  0  0 -4 -1  0 -1 -5 -1 -2    5   7   5  32   3   3   5   5   2   3   4   4   2   0   3   7   3   0   3   3  0.40 0.30
   71 E   -1  0 -1  1  0  1  3 -1 -3 -2 -2  0  1 -1  1 -1  0  1 -1 -1    4   4   3   9   2   5  25   6   0   3   2   5   5   2   7   5   5   2   2   4  0.26 0.25
   72 L    0 -2  0  0  2  1  0  0 -2  0  0  0  1  0  1  0  0 -3  1  0    6   0   6   6   6   6   6   6   0   6   6   6   6   6   6   6   6   0   6   6  0.04 0.08
   73 T    0 -1  1 -1  0  0  0 -2  1 -1  0  0  1  0 -1  1  2 -4 -1  0    7   2   7   3   3   4   7   2   3   2   8   4   5   4   3   9  18   0   2   6  0.12 0.16
   74 I    0  2 -1 -3  1  0 -1 -2  0  2  1  1  2 -3 -3  0 -1  1 -3  0    6  12   3   0   4   3   3   3   3  13  12  10   7   0   0   8   2   2   0   7  0.18 0.19
   75 K    0  1  1  0  0  1  1  0  1 -1 -1  2  0 -3  1  0  1  1 -3 -1    6   6   7   4   3   5   7   7   3   3   5  14   4   0   6   6   9   3   0   3  0.13 0.14
   76 R    0  0  0  0  2  1  0 -1  2  0 -1  0  1  0  1  0  0 -3  1 -2    6   6   5   6   5   5   6   6   5   6   6   6   5   5   6   6   6   0   5   0  0.06 0.09
   77 F    1 -2  0  0 -1 -1  0 -1 -1  0  1 -2 -1  3 -2 -2 -1  1  0  1   12   1   5   6   1   2   6   5   1   5  11   1   1  17   2   1   2   2   3  15  0.13 0.12
   78 I    0  2 -1 -2  0 -1 -1 -3 -1  1  2  1  0 -1 -2 -1 -1  1 -1  0    7  16   2   2   2   2   2   1   1   9  25   9   1   2   2   3   3   2   2   6  0.17 0.13
   79 E   -1  0  1  3 -3  1  4 -2 -2 -3 -3  1 -3  1 -1 -1 -3 -5 -4 -3    4   4   7  19   1   4  32   3   0   1   2   7   0   6   3   4   0   0   0   1  0.57 0.28
   80 G    0  1  0 -1 -2 -1  0  4  0 -3 -3  0 -2 -4  0  1 -1 -4 -3 -2    8  10   5   2   1   1   6  32   2   2   2   7   1   0   5  10   3   0   1   3  0.36 0.17
   81 K   -1  1  1  1 -3  0  1  0 -1  0 -1  1 -1 -2  0  1  0 -3  0  0    3   9   6   8   0   2   9   9   1   9   3   7   1   1   4  11   5   0   3   8  0.09 0.06
   82 E    0 -1  0  1  3  1  4 -1  0 -3 -4  1 -2 -4 -1  1 -1  0 -4 -3    6   2   3   8   6   4  37   3   2   2   1   7   1   0   2  10   2   1   0   2  0.49 0.25
   83 K    0  1 -1 -1 -3  0  2  0  3 -2 -1  2 -2 -3  0  0  0 -1 -2 -2    9   7   1   3   1   3  14   6   8   3   5  19   0   1   4   5   7   1   1   2  0.22 0.14
   84 P    1 -3 -3 -2  1 -2 -1  1 -3 -2 -2 -2 -2 -4  6  0 -1 -4 -3 -2   14   0   0   2   4   1   3   9   0   2   3   2   1   0  44   8   3   0   1   3  0.95 0.30
   85 G    0 -4  1 -4 -1 -2 -4  6 -4 -6 -6 -4 -5 -3 -5 -2 -4 -5 -1 -4    6   0   7   0   1   2   0  75   0   0   0   0   0   1   0   2   0   0   2   1  1.56 0.48
   86 A    5 -4 -4 -4  3 -3  0 -3 -4 -4 -4 -3 -1 -5 -2  1  1 -5 -5 -1   64   0   0   0   6   0   7   0   0   0   0   0   1   0   1   9   7   0   0   3  1.04 0.45
   87 L   -1 -2 -4 -4 -2 -1 -1  0 -2  1  3 -3  3  1 -4 -2 -2 -4 -2  2    4   3   0   0   1   2   3   7   1   8  36   0   8   7   0   1   1   0   0  18  0.40 0.21
   88 W    0 -6 -7 -8 -7  1 -6 -3 -6 -6 -1 -6 -5  1 -7 -6 -6 11 -2 -6    8   0   0   0   0   6   0   2   0   0   6   0   0   6   0   0   0  72   0   0  3.18 0.86
   89 H    0  1 -2  4 -6 -1 -1 -3  7 -5 -5 -1 -5 -5 -4 -3  2 -6 -1 -3    8   8   0  27   0   1   2   1  34   0   0   2   0   0   0   0  13   0   2   2  1.12 0.46
   90 I   -1  0 -6 -6 -4  0 -5 -6 -5  6  0 -5  3 -4 -6 -4  0 -6 -5  1    5   5   0   0   0   5   0   0   0  55   8   0   8   0   0   0   5   0   0   9  1.13 0.49
   91 Y   -2 -1 -6 -7 -6 -6 -6 -7 -4 -1 -4 -6 -4  6 -7 -1 -5  5  6 -2    4   3   0   0   0   0   0   0   0   3   0   0   0  44   0   6   0  10  27   3  1.74 0.71
   92 A    1  4  1  0  0 -1 -1 -2  4 -4 -2  0  0 -5  3  0 -1 -6 -4 -2   11  23   6   6   2   2   2   2  11   0   3   3   3   0  14   7   2   0   0   2  0.46 0.31
   93 A    3  3 -1 -2  0  0 -1  0 -3 -2 -4 -1 -1 -2  2  1 -1  0  0 -2   27  17   2   2   2   3   4   7   0   2   0   3   1   1  10   9   2   2   4   3  0.34 0.26
   94 K    0  2  1  1  0  3  3 -1  0 -4 -3  2 -1 -5 -3  0 -1  1 -4 -3    6  11   5   8   3  13  20   4   2   0   2  12   2   0   0   6   2   2   0   2  0.41 0.26
   95 D   -2 -5 -1  7 -6  0 -1 -1  0 -6 -6 -4  0 -6 -5 -1 -2 -7 -6 -3    4   0   2  66   0   5   3   5   2   0   0   0   2   0   0   5   3   0   0   2  1.55 0.65
   96 T    2 -1 -1 -1 -3 -2 -2 -2  0  0  0 -1  2  0 -1  1  2 -4 -3  1   20   3   3   2   0   0   1   2   2   4   6   4   7   3   3  13  13   0   0  12  0.21 0.20
   97 E    1  0  2  3 -2  1  1 -1  0 -3 -3 -1 -1 -4  2  0 -1 -5 -2 -2   10   5  12  18   1   7   9   5   3   1   2   3   1   0  12   4   4   0   1   2  0.35 0.22
   98 K    0  2  1  0 -1  0  1 -2  0 -1 -2  4 -1 -2 -2  0 -1 -5 -4 -2    8  12   6   4   1   3   9   2   2   5   4  30   2   2   1   4   4   0   0   2  0.36 0.24
   99 I   -2 -5 -1 -5 -4 -5 -5 -6 -5  5  4 -5  1 -3 -5 -4 -1 -5 -4  1    3   0   4   0   0   0   0   0   0  34  43   0   3   0   0   0   4   0   0   6  1.05 0.47
  100 R   -1  5 -1 -3  0  2  2 -3  0 -2 -3  1 -2 -1 -4  0 -2 -5 -4 -3    6  39   3   0   2   7  14   2   2   2   2   6   1   3   0   7   2   0   0   1  0.71 0.40
  101 E    1  1  0  1  0  2  4 -1  1 -3 -4  0 -2 -5 -3  0 -1 -1 -4 -3   10   8   5   8   2   8  32   4   3   1   1   5   1   0   0   5   3   1   0   1  0.48 0.30
  102 F    0 -5 -5 -6 -1 -5 -5 -6 -1 -3  1 -5 -1  6 -6 -3 -4  1  6 -3    8   0   0   0   1   0   0   0   1   0  14   0   1  35   0   2   0   2  31   2  1.41 0.60
  103 L   -4 -2 -1 -6 -5 -3 -5 -6 -5  2  5 -5  1 -1 -5 -2 -4 -5 -4 -1    0   2   3   0   0   1   0   0   0  10  71   0   2   2   0   4   0   0   0   2  1.31 0.59
  104 K    0  5  1 -1 -3  1 -1 -3  2 -1 -3  3  0 -4 -4 -2 -1 -5 -2 -1    7  32   6   3   1   6   4   2   4   3   2  17   3   0   0   2   3   0   1   4  0.57 0.33
  105 K   -1  1  0  0 -4  1  1 -1  1  0 -2  3  1 -1  0  0  0 -5 -3 -1    4   7   4   4   0   6   8   6   3   6   3  22   4   3   4   6   7   0   0   4  0.21 0.21
  106 V   -1  0  0 -1  1 -1  0 -2  5  0 -1 -1  1  0 -1 -3 -1  3  1  1    4   5   5   3   3   3   6   3  18   5   4   4   4   3   3   0   4   4   4  10  0.25 0.26
  107 S    1 -1  0 -1  3 -1 -2 -1  2 -2 -2  0 -2  2 -3  2 -1  4  1 -3   14   3   4   3   7   3   3   5   5   2   4   6   1  11   1  15   3   5   4   1  0.28 0.21
  108 E   -1  2 -1  1 -6 -1  3 -1  2 -3 -2  3 -3 -5  1 -1 -2 -6 -5 -2    6   9   3   7   0   3  19   5   5   2   4  21   0   0   6   4   2   0   0   3  0.44 0.31
  109 E   -1 -2 -1  2 -7 -1  6 -2  0 -3 -4  0 -2 -2 -3 -1 -4 -7 -2 -4    6   2   2  10   0   2  50   4   2   1   2   5   1   2   2   4   1   0   2   2  1.03 0.60
  110 Q    0  1 -2 -3 -1  3  0 -3  3 -2 -1  2  1  3 -2 -1 -3 -2 -1 -2    7   8   2   1   1  15   6   2   7   3   6  11   3  15   2   4   1   1   2   2  0.38 0.28
  111 G    0  2  0 -2  0 -3 -2  4  0 -1 -3 -1 -3 -1 -4  0 -1 -2 -2 -3    7  11   4   3   2   1   3  37   3   4   3   4   1   3   1   6   4   1   2   1  0.54 0.33
  112 Q   -1 -1  0 -1 -3  3  2 -1  5 -2 -2  0  0 -1 -2  1 -1  0  0 -1    5   3   4   3   1  13  13   4  15   2   5   6   2   3   2   9   3   1   3   4  0.36 0.26
  113 D   -1  0  0  2  3  0  2  0 -1 -1 -2  1 -1 -2  0  0  0 -2 -2 -1    3   5   5  13   7   3  13   6   2   5   4   8   2   2   5   6   6   1   2   4  0.16 0.13
  114 N   -1  0  3  0  1 -1 -1  0  1 -1  0  0 -1 -1 -1  1  0  0 -1 -1    3   4  16   5   4   2   3   9   4   4   8   6   1   3   3  10   6   2   2   5  0.13 0.12
  115 P    0 -1  0  0  1 -1  1 -2  0 -1 -2 -1 -3 -2  4  0 -2  0 -2 -1    8   4   4   5   3   3  11   3   2   4   4   4   0   2  26   8   2   1   1   4  0.41 0.26
  116 A    2 -1 -1 -2  0  0  0  0  0  0 -1  0 -1 -1  1  1  0 -1 -1  1   17   3   2   2   2   4   4   9   3   4   6   4   2   3   7   9   4   1   3  12  0.08 0.09
  117 D    0 -1  1  2 -2  2  1  0  1 -1 -2  0 -1 -2  0  0  1 -3  0 -1    6   2   8  14   1   9   6   6   4   3   4   6   1   2   4   6   9   0   3   6  0.15 0.11
  118 H    0 -1  1  0 -2  1  0 -1  4 -1  0  0  0 -1 -1  0 -1 -1  0  0    8   2   6   5   1   6   7   5  13   4  11   6   2   2   2   7   3   1   3   6  0.10 0.09
  119 D   -2 -3  1  6 -4 -1  2 -3  4 -4 -3 -1 -1 -4 -3 -1 -3 -4 -3 -4    2   1   6  51   0   2  10   1  10   1   3   2   2   1   1   5   1   0   0   1  1.11 0.47
  120 P   -2 -2 -4 -4 -5 -1 -4 -3 -4 -1 -1 -4 -4 -2  7 -1 -2 -5 -1  0    3   2   0   0   0   3   1   2   0   3   7   1   0   2  62   4   2   0   3   7  1.58 0.65
  121 I   -1 -4  0 -5 -4 -4 -4 -1 -5  6  1 -4  1  0 -1 -2 -1 -4 -4  1    4   0   4   0   0   0   0   5   0  51  10   0   3   4   3   3   3   0   0   6  0.83 0.45
  122 H   -1  1  0 -2 -5 -1  0  0  8 -3 -2 -3 -4 -1 -2 -1 -2 -4  1 -1    5   6   3   2   0   2   5   7  45   2   5   0   0   2   2   3   2   0   4   5  1.09 0.55
  123 D   -1  1  0  4 -1  0  1 -1  0 -3 -4 -1 -4 -4  1  1  0 -5 -4 -3    5   9   3  30   1   4   9   4   2   2   1   3   0   0   7  12   6   0   0   2  0.49 0.30
  124 Q   -3  1 -2 -4  0  6  0  1  0 -5 -4  0 -4 -2  1 -3 -1 -5  1 -3    2   6   2   0   2  45   5  12   2   0   2   4   0   2   7   0   3   0   4   2  0.91 0.57
  125 S   -1  0  0 -1  3  1 -1 -1  1 -1 -1 -1  0 -4  0  2  2  4  0 -1    4   6   4   4   6   5   4   5   3   3   5   4   3   0   4  17  13   6   3   3  0.19 0.21
  126 W    0  0  0 -3  2  1 -2  0  2  0  0  0  1  1 -3  0  0  3  1  0    6   6   6   0   6   6   0   6   6   6   6   6   6   6   0   6   6   6   6   6  0.10 0.13
  127 Y   -6 -6 -3 -7  1 -6 -4 -7  0 -5 -5 -6  0  4 -7 -6 -6 -3  8 -2    0   0   1   0   3   0   2   0   2   0   0   0   3  17   0   0   0   0  68   3  2.47 0.87
  128 L   -3 -6 -3 -8 -5 -6 -7 -7 -7  1  6 -6  1 -1 -7 -6 -5 -6 -5  1    2   0   2   0   0   0   0   0   0   7  75   0   2   2   0   0   0   0   0   9  1.57 0.65
  129 D   -3 -5  3  5 -6 -4 -2 -2 -1 -4 -6 -3 -6 -2 -4  0  4 -8 -6 -6    1   0  14  39   0   0   1   3   1   1   0   1   0   2   1   6  28   0   0   0  1.25 0.60
  130 R    1  1 -1  1 -3  0  2 -2 -1 -2 -2  1 -1 -3  2  1 -1 -3 -2 -2   13   9   3   8   0   4  16   2   1   2   4   6   1   1  12  11   2   0   2   3  0.28 0.20
  131 S   -1  0  0  2 -5  1  4 -2  1 -1 -5  1 -2 -2  0  0  0 -5  0 -2    4   5   3  13   0   5  27   3   4   4   0  10   1   2   4   8   4   0   3   2  0.42 0.27
  132 L   -3 -4 -2  0 -1  0 -2 -3  6 -1  3 -3  4 -3 -4 -3 -3 -3 -3 -1    2   0   1   6   1   4   2   2  24   2  35   1  13   1   1   1   1   0   0   3  0.90 0.48
  133 R   -4  5 -4 -3 -3 -1 -2 -6 -1  0  2  4  0 -5 -5 -3 -4 -6 -5 -1    0  38   0   1   1   2   1   0   1   5  20  23   2   0   0   1   0   0   0   4  1.01 0.50
  134 K    1  3 -1  1 -5  1  3 -3  0 -3 -2  3 -1 -5 -4 -1 -2 -2 -5 -1   11  16   3   7   0   5  20   2   2   1   3  20   2   0   0   3   2   1   0   4  0.49 0.31
  135 R   -2  4 -1  0 -3  2  1 -3 -1 -3 -1  3  0 -3 -4 -1 -2 -6 -5 -2    2  29   2   5   1   9   8   2   1   1   6  21   3   1   0   4   2   0   0   3  0.64 0.36
  136 L   -4 -6 -7 -3 -6 -6 -7 -4 -6 -1  6 -2  0  0 -7 -2 -5 -6 -2 -3    1   0   0   2   0   0   0   1   0   2  83   2   1   3   0   3   0   0   1   0  1.67 0.69
  137 Y   -1  1 -2 -3 -1  0 -2 -4  0 -2 -2  4 -2  2 -4 -2 -3  3  4  0    5   7   1   1   1   4   1   1   2   1   4  32   0   8   0   3   1   5  15   6  0.58 0.34
  138 Q    0  2 -1  2 -3  2  5 -2 -2 -6 -5  1 -3 -6 -3 -2 -1 -7 -6 -3    8  13   2   9   0   7  39   2   1   0   1   8   1   0   1   2   4   0   0   2  0.79 0.42
  139 E   -2  1 -2  0 -3  1  6 -3  1 -6 -5  1 -2 -7 -3  0 -1 -7 -6 -4    2   7   2   5   1   5  55   1   3   0   1   7   1   0   1   7   3   0   0   1  1.13 0.54
  140 Y   -3 -1 -2 -5  2  0 -2 -2  3 -3 -2 -1 -2  3 -5  0  0  2  6 -3    1   3   2   0   4   4   2   4   9   1   2   3   1  13   0   7   6   3  33   1  0.85 0.40
  141 G   -2 -2  0  0 -7 -2  1  6 -1 -7 -5 -1 -6 -7 -6  0 -4 -7 -6 -6    2   2   5   5   0   2   8  62   1   0   1   3   0   0   0   7   0   0   0   0  1.29 0.52
  142 V   -4 -2 -6 -7 -5 -6 -6 -4 -1  5  0 -6 -1 -2 -1 -5 -2 -6 -5  5    0   2   0   0   0   0   0   1   1  32   6   0   1   1   3   0   1   0   0  49  1.33 0.54
  143 Q   -2  2 -2 -2  1  2  4 -3 -1 -2 -4  2 -4 -3  2  0 -1 -6 -2 -1    1  12   1   1   3  11  26   1   1   2   1  14   0   1   9   7   3   0   1   4  0.52 0.30
  144 G   -1 -2 -4 -5  2 -5 -5  3 -1 -3 -6 -4 -5 -2  5  2 -2  0  0 -2    5   2   0   0   5   0   0  26   1   1   0   0   0   2  35  14   2   1   4   3  1.05 0.46
  145 W    0 -2 -3 -7  2 -6 -7 -7  1 -2 -4 -3 -5  3 -7 -4 -3  9  5 -4    7   3   1   0   5   0   0   0   4   3   1   2   0  10   0   1   1  40  21   1  1.95 0.66
  146 A    1  2 -2 -4 -1 -1 -1 -3 -1  0  0 -2  0 -2 -1  0  4 -6 -4  0   11  13   1   0   1   2   4   1   2   5   7   1   2   2   2   4  36   0   0   6  0.49 0.31
  147 I   -7 -8 -9-10 -7 -8 -9 -9 -8  4  0 -8  2  6 -9 -8 -7  5 -4  3    0   0   0   0   0   0   0   0   0  25   7   0   4  33   0   0   0   9   0  22  1.77 0.56
  148 V   -2 -1 -2 -1  0 -1  1 -3  3 -1  0 -1  3  0 -2 -1 -2  2  3  3    2   3   2   4   2   2   8   2   8   3   7   4   8   4   2   5   2   3  11  20  0.30 0.21
  149 Q   -7  1 -6 -7-10  8  0 -9 -6  0 -8  0 -7 -9 -8  0 -7 -9 -8 -8    0   6   0   0   0  71   6   0   0   6   0   6   0   0   0   6   0   0   0   0  2.44 1.01
  150 F   -3  1 -1 -2  4  1 -2 -2  3 -2 -3  3  0  1 -6  0 -2  2  3 -3    2   6   3   2  10   7   2   3   6   3   2  22   2   6   0   8   2   3  10   2  0.50 0.29
  151 L    1 -2 -3 -4 -2  0  0 -4 -1  0  3 -2  3 -1  3 -2 -2 -2 -2  0   13   2   0   0   1   5   6   0   2   2  32   1  12   1  16   1   1   0   1   7  0.39 0.17
  152 G   -2 -2  0 -2 -5 -1 -3  6  4 -6 -5 -3 -4 -4 -4 -2 -3  1 -3 -5    0   1   3   1   0   2   0  77  14   0   0   0   0   0   0   0   0   2   0   0  1.34 0.25
  153 D   -3 -1  3  5 -5  1  3 -3  0 -4 -5  1 -4 -5 -3 -1 -2 -5 -4 -3    0   0  17  38   0   5  26   0   1   0   0  11   0   0   0   0   0   0   0   2  0.91 0.20
  154 V    4 -3 -2  1 -1 -2 -2 -1 -3 -1  0 -2 -1 -2 -1  0 -1 -4 -3  0   59   0   0  10   1   0   0   1   0   1  13   0   1   1   1   2   2   0   0   7  0.49 0.19
  155 V   -1 -3 -3 -4 -2 -2 -3 -4 -3  3  0 -3  3 -2 -3 -2 -1 -3 -2  5    1   1   1   1   0   1   1   1   0  17   4   1  12   0   1   1   1   0   0  58  0.67 0.18
  156 F   -3 -4 -4  1  0 -4 -4 -5 -3  1  1 -4  1  6 -5 -3 -3  0  1  0    0   0   0  10   2   0   0   0   0  10  12   0   3  57   0   0   0   1   2   3  0.86 0.22
  157 I   -2 -3 -4 -5 -3 -3 -4 -5 -4  5  1  1  3 -2 -4 -3 -1 -4 -3  2    0   0   0   0   0   0   0   0   0  61   4  10  13   0   0   0   1   0   0  11  0.80 0.23
  158 P   -1 -3 -3 -3 -4  2 -2 -4 -3  1 -4 -2 -3 -5  7  0 -2 -6 -5 -3    2   0   0   0   0  13   0   0   0  10   0   0   0   0  68   7   0   0   0   0  1.81 0.31
  159 A    4  2 -3 -3 -1 -2 -2 -1 -3 -2 -2 -1  3 -3  0  0 -1 -4 -3 -1   59  15   0   0   1   0   0   2   0   0   1   0  13   0   3   3   1   0   0   3  0.61 0.21
  160 G   -2 -4 -2 -3 -5 -3  1  5 -3 -4 -2 -3 -1 -3 -4 -2 -2  6  0 -3    0   0   0   0   0   0  10  63   0   0   5   0   2   0   0   0   1  13   5   1  1.06 0.23
  161 A    2 -1  2 -3  7 -2 -3 -3 -3 -2 -2 -2 -2  2 -3  0  0  0 -2 -1   21   5  13   0  34   0   0   0   0   0   1   0   0  11   0   6   5   2   0   3  0.59 0.18
  162 P    2 -3 -3 -4 -1 -3 -3 -2 -3 -2  1 -3  0 -3  6 -1 -1 -5 -4 -1   18   0   0   0   1   0   0   1   0   1  18   0   2   0  50   3   3   0   0   4  1.13 0.21
  163 H   -3 -1 -2 -3 -5 -1 -2  1  8 -4 -2 -2 -3  0 -2 -3 -3 -3  2 -4    0   1   0   0   0   0   0  13  68   0   5   1   0   5   2   0   0   0   6   0  1.48 0.33
  164 Q   -1  4  0 -1 -4  4  1 -3  0 -3 -3  4 -1 -4 -2 -1 -1 -3 -2 -3    0  33   0   0   0  33   0   0   0   0   0  33   0   0   0   0   0   0   0   0  0.76 0.02
  165 V    0 -3  0 -3  2 -2 -3 -1 -3  2  2 -3  2 -1 -3 -2  0 -3 -2  3    6   0   5   0   5   0   0   5   0   6  22   0   5   0   0   0   5   0   0  37  0.27 0.08
  166 H   -1  4 -1 -2  1  2 -1 -2  3 -3 -2  1 -1 -1 -3  2 -1 -3 -1 -2    3  27   0   0   3  13   1   2   8   0   3   9   2   2   0  18   3   0   2   2  0.43 0.19
  167 N   -2 -2  7  0  0  1 -2 -1  0 -4 -3  0 -3 -4 -3 -1 -1 -4 -1 -4    3   0  62   2   2   5   1   3   2   0   3   5   0   0   0   3   3   0   2   1  1.10 0.35
  168 L   -1 -1  0 -3  0 -1 -3 -3 -1  0  3 -1  1  1 -2 -1  1 -3 -1  0    3   4   6   0   2   2   1   2   1   4  42   3   2   6   2   4  10   0   2   6  0.25 0.16
  169 Y    0  1 -1 -1  0  1 -1 -2  3 -3 -3  3 -1 -1  0  1  0 -3  2 -2    8   5   2   2   3   8   2   2   9   0   2  20   1   2   4  14   7   0   7   3  0.28 0.18
  170 S    0 -1  2  1  0 -2 -1 -1  0 -3 -2 -2 -2 -3  0  3  0 -4 -1 -1    5   2  12   7   2   0   3   3   2   0   3   0   0   0   5  34   5   0   2   6  0.27 0.24
  171 C   -1 -4 -1 -4  8 -3 -4 -4  2 -1 -3 -1  0 -1 -1 -1  0 -4 -1 -3    4   0   3   0  50   0   0   0   6   3   0   5   3   3   3   3   5   0   3   0  1.08 0.49
  172 I    0 -3 -1 -3 -2 -3 -3 -4 -3  4  0 -3  2  1 -3  0  0 -3 -2  3    7   0   3   0   0   0   0   0   0  34   4   0   6   5   0   6   4   0   0  21  0.36 0.27
  173 K   -2  1  2 -2 -4  2 -1 -3  0 -4 -2  5 -1 -4 -3  1  0 -5 -4 -4    2   4  11   0   0   9   0   0   2   0   4  47   2   0   0  13   4   0   0   0  0.76 0.36
  174 V   -1 -4 -5 -5  1 -4 -4 -5 -5  2  0 -1  1 -3 -4 -3  0 -4 -1  5    5   0   0   0   3   0   0   0   0  10   7   4   4   0   0   0   4   0   2  60  0.85 0.39
  175 A    4 -2 -2 -3 -3  1  0 -1  1 -1 -3 -2 -2 -4 -3  1  1 -5 -3  1   48   1   1   0   0   6   6   3   4   2   0   0   0   0   0   8   8   0   0  13  0.53 0.32
  176 E   -1 -1 -1 -2  1  2  0 -1  0  0  2 -1  1 -1 -3 -1 -1 -1 -1  1    4   2   3   2   4  13   5   5   2   5  27   2   3   1   0   2   3   1   1  13  0.10 0.12
  177 D   -2  1  1  6 -2 -1  2 -2  2 -5 -5  0 -4 -4 -1 -1 -3 -5 -2 -4    2   7   5  52   1   1  10   3   5   0   0   5   0   0   2   2   0   0   2   0  0.96 0.36
  178 F   -4 -5 -5 -5 -4 -5 -5 -5 -3 -1  0 -5 -2  8 -5 -2 -1 -2  2 -3    0   0   0   0   0   0   0   0   0   2   5   0   0  79   0   2   5   0   4   0  1.88 0.60
  179 V   -2 -1 -4 -5 -1 -3 -4 -5 -4  3  2 -3  0 -1 -4 -3  0 -4 -3  4    0   3   0   0   1   0   0   0   0  13  23   0   1   2   0   0   5   0   0  48  0.70 0.30
  180 S    0  0 -2 -3  0 -3 -3 -2 -1 -4 -4 -3 -4 -1 -3  6  1 -5 -2 -2    4   4   0   0   2   0   0   1   2   0   1   0   0   2   0  74   5   0   1   3  1.11 0.50
  181 P   -1 -4 -4 -4 -5 -1 -4 -5 -4 -3 -2 -4 -2 -3  7 -1 -1 -6 -5 -2    5   0   0   0   0   3   0   0   0   1   3   0   1   1  76   3   4   0   0   2  2.15 0.60
  182 E   -1 -2  0  0 -2  2  6 -4  0 -4 -5 -1 -4 -6 -4 -1 -1 -6 -5 -5    3   1   3   3   1   8  73   0   2   1   0   1   0   0   0   2   2   0   0   0  1.41 0.51
  183 H   -1  0  5 -1 -2 -1 -2  0  5 -4 -2 -2 -3 -3 -4  2 -1 -5  0 -4    3   5  36   1   1   1   0   6  18   0   5   0   0   1   0  17   2   0   4   0  0.75 0.35
  184 V    0 -3 -4 -4 -3 -3 -2 -5 -4  3  2 -3  0 -2 -4 -2 -1 -4 -3  4    8   1   0   0   0   0   3   0   0  20  18   0   1   1   0   1   3   0   0  43  0.61 0.27
  185 K    1  1  1  1 -4  1  1  1  2 -3 -3  1 -3 -2  0  0  0 -1  0 -2   12   7   7   9   0   5  12  10   6   0   1   6   0   1   5   6   5   1   5   2  0.21 0.12
  186 H   -2  3 -1 -1 -3  1  3 -4  4 -3 -3  0 -2  0 -2 -1 -1 -2 -1 -1    2  23   2   1   0   6  28   0  14   1   2   2   1   4   1   2   3   0   1   5  0.58 0.30
  187 C   -1 -4 -2 -5  9 -4 -4 -3 -5 -3 -2 -1 -4 -4 -5  3  1 -2 -3 -1    3   1   1   0  52   0   0   1   0   1   4   3   0   0   0  21   7   1   1   4  1.46 0.52
  188 F    0 -2 -3 -3 -3 -1 -1 -4  0  3  1 -3  1  4 -1 -2 -1  1  0  1    7   1   1   0   0   3   5   1   2  19  15   1   3  20   3   1   2   2   2  12  0.30 0.19
  189 W   -1  4  0 -1 -2  2  1 -2  4 -4 -3  2 -2 -2 -4 -1 -1  3  0 -3    3  25   5   3   1  10   7   3  11   0   1  16   1   1   0   3   3   5   3   1  0.54 0.27
  190 L   -3 -3 -5 -6 -4 -4 -5 -5 -3  1  5 -4  3 -1 -5 -3 -2 -4 -2  2    1   1   0   0   0   0   0   0   1   7  63   0   8   1   0   2   2   0   1  13  0.99 0.39
  191 T    1 -2 -1  0  0 -3 -2 -1 -4 -1 -3 -2  0 -4 -3  1  5 -5 -4 -1   12   1   2   5   3   0   2   4   0   4   1   1   2   0   0   9  48   0   0   4  0.66 0.37
  192 Q   -1  1  1  2 -5  4  4 -2  1 -5 -4  1 -2 -5 -1 -1 -1 -5 -3 -3    4   6   8  11   0  20  27   2   4   0   1   7   0   0   2   3   3   0   1   1  0.60 0.29
  193 E   -2 -2 -2  0 -2  2  6 -2  0 -4 -6 -2 -3 -6 -1 -1 -4 -6 -5 -4    1   1   1   3   1   9  67   2   2   1   0   1   0   0   2   4   0   0   0   1  1.37 0.59
  194 F   -3 -3 -4 -4 -3 -5 -5 -3 -4  1  3 -3 -1  6 -3 -4 -3  0  1 -1    2   1   1   1   0   0   0   2   0   9  28   2   1  45   1   0   0   1   4   2  1.03 0.42
  195 R   -4  7 -2 -3 -3  2 -3 -2  0 -6 -5  0 -3 -6 -2 -2 -4 -6 -5 -5    1  75   2   1   1   7   0   2   2   0   0   2   0   0   2   2   0   0   0   0  1.79 0.66
  196 Y    0  2 -1 -1  0  2  1 -2  2 -2  0  1 -1 -2 -1  0  0 -3 -1 -1    7  14   2   3   3   9   7   2   6   1  12  10   1   1   3   6   7   0   1   3  0.16 0.11
  197 L   -2 -4 -4 -2  0  0 -1 -5  1 -1  5 -3  2 -2 -2 -3 -3 -1 -2  0    2   0   0   2   2   6   4   1   4   1  63   0   4   0   2   1   1   1   1   4  0.80 0.36
  198 S    0  1  2 -2 -4 -1 -1 -2 -2 -3 -4 -1 -4 -5  5  2 -1 -5 -4 -3    6   8  11   1   0   2   2   2   1   1   0   2   0   0  35  21   3   0   0   1  0.86 0.38
  199 Q   -1  1  2  0 -2  2  1 -2  1 -1 -2  2  0 -1  0  0  0 -4 -1 -2    4   8  10   5   1  13  11   2   3   4   3  13   3   4   3   6   4   0   1   2  0.22 0.14
  200 T    0  0  2  1 -2 -1  1  0  1 -2 -1  0 -2 -3 -2  1  2 -2 -1 -2    8   5  13   9   1   2   7   7   5   2   5   6   0   1   1   7  16   0   2   2  0.20 0.13
  201 H   -3  0 -1 -1 -3  1 -1 -2  8 -5 -3  0 -2 -2 -1 -1 -2 -2 -1 -2    1   5   2   3   1   5   4   2  50   0   2   6   1   1   3   5   3   1   1   3  1.28 0.51
  202 T    0  2 -1 -1 -2  0  0 -1  0  0 -1  1  0 -2  0  0  2 -3 -2  0    9  11   1   3   1   3   6   3   2   5   6  12   2   1   3   7  16   0   1   6  0.13 0.12
  203 N    2  0  3 -2 -2  0 -1  0 -1 -2 -3 -1 -2 -2 -1  1 -1  6 -1 -2   18   5  16   1   1   5   3   7   1   2   2   3   1   1   2   9   2  13   1   3  0.38 0.25
  204 H   -3  3  1 -4 -4  1 -2 -1  5 -4 -3  4 -4 -2 -3 -1 -2 -1  0 -3    2  13   6   0   0   5   1   6  16   1   2  31   0   2   1   4   2   1   3   2  0.71 0.39
  205 E   -1 -2 -2  1 -6  1  6 -2 -2 -5 -2  0 -2 -2 -1 -2 -1 -6 -5 -3    6   1   1   6   0   5  55   4   0   0   4   5   1   2   2   1   3   0   0   1  0.98 0.51
  206 D   -2 -3 -1  7 -7 -2 -2 -4  0 -6 -2 -2 -6 -6 -5 -4 -5 -7 -6 -5    3   2   2  76   0   2   1   1   2   0   5   3   0   0   0   0   0   0   0   1  1.97 0.76
  207 K   -2 -1 -2 -2 -5  0 -3 -3  0  0  0  5  2 -3 -2 -3  0 -5 -2  2    3   2   1   2   0   3   0   2   2   6   7  39   5   1   2   1   4   0   1  19  0.58 0.36
  208 L   -1 -6 -6 -7 -5 -5 -6 -7 -2  0  6 -6 -1 -2 -6 -3 -2 -5 -5 -1    5   0   0   0   0   0   0   0   1   4  80   0   0   1   0   1   2   0   0   4  1.57 0.63
  209 Q   -4  0 -3 -3 -8  7  4 -3 -1 -7 -7 -2 -5 -8 -4 -1 -5 -7 -6 -7    1   4   1   0   0  55  31   2   1   0   0   1   0   0   1   3   0   0   0   0  1.88 0.80
  210 V   -3 -5 -4 -6 -3 -5 -6 -5 -6  3  3 -5  2 -2 -4 -5 -2 -5 -4  5    1   0   1   0   0   0   0   1   0  14  32   0   4   1   1   0   2   0   0  43  1.11 0.47
  211 K   -3  2 -1  2 -2  0  0 -1 -1 -6 -5  5 -4 -5 -4 -1 -2  0  1 -5    1  11   1  13   1   3   4   4   1   0   1  46   0   0   0   5   2   2   4   0  0.88 0.44
  212 N   -2 -1  5 -1 -5 -1 -1  0 -2 -4 -2  4 -1 -6 -4  1  1 -6 -5 -4    3   1  28   3   0   1   3   7   1   0   3  26   1   0   0  10  11   0   0   1  0.71 0.40
  213 V   -2 -5 -6 -7 -3 -3 -6 -7  1  4  1 -5  8 -4 -6 -4  1 -6 -5  1    3   0   0   0   1   1   0   0   4  23  10   0  42   0   0   1   9   0   0   6  1.43 0.62
  214 I    0 -5 -5 -6  1 -4 -5 -4 -5  4  3 -5  3 -1 -4 -2  0 -5 -3  2   10   0   0   0   3   0   0   1   0  30  25   0   9   1   1   3   5   0   0  13  0.72 0.35
  215 Y   -4 -6 -6 -7 -4 -5 -6 -5 -1  1  2 -4  1  3 -6 -5 -4  7  5  0    0   0   0   0   0   0   0   1   2   9  23   1   3  13   0   0   1  17  25   5  1.23 0.49
  216 H   -3 -1 -3 -5  1 -2 -4 -4  8 -5 -4 -4 -2  3 -5 -1 -5  2  6 -5    2   3   1   0   4   2   0   1  41   0   1   0   1  10   0   5   0   3  26   0  1.62 0.63
  217 A    6 -4 -4 -5  0 -4 -4 -1 -5 -5 -5 -2 -4 -6 -4  2  0 -7 -5 -2   68   0   0   0   2   0   0   5   0   0   0   2   0   0   0  15   6   0   0   2  1.33 0.60
  218 V    1 -5 -2 -5  1 -4 -5 -5 -5  2  0 -4  3 -1 -5 -2 -1  6  0  4   11   0   2   0   3   0   0   0   0   8   6   0   8   1   0   2   4  12   2  40  0.75 0.36
  219 K   -1  3  0 -1 -1  1 -1 -4 -1 -4 -2  4 -3 -5 -4  2 -2  2 -2 -3    3  20   5   3   1   5   2   0   1   0   3  33   0   0   0  17   1   3   2   2  0.64 0.34
  220 D    0 -2  1  3 -5  1  3 -3  1 -4 -4 -1 -4 -5 -3  2 -1  1 -3 -2    9   1   5  22   0   7  26   0   3   0   1   3   0   0   0  15   2   3   1   3  0.60 0.30
  221 A    5 -4 -4 -5  4 -2 -4 -3 -5  0 -3 -4  0 -2 -4  1 -1 -6 -5  0   64   0   0   0   8   1   0   0   0   4   1   0   3   1   0   7   3   0   0   7  1.08 0.50
  222 V   -2 -4 -5 -2  0 -4 -2 -6 -5  3  2 -3  1 -2 -1 -2 -1 -5 -2  4    2   1   0   2   2   0   3   0   0  22  18   1   2   1   3   2   2   0   1  39  0.67 0.32
  223 A    1  1 -1 -1 -1  1  1  2 -2 -3 -2  2 -2 -4 -1  2  0 -5 -3 -3   11   8   2   2   1   5   8  19   0   1   3  15   1   0   2  16   6   0   1   1  0.32 0.18
  224 M    0 -2 -1  1  0  0  1 -2  0  1 -1 -1  1 -1 -3  0  2 -4 -1  2    7   0   1   7   2   4  12   2   3   6   5   4   3   2   0   4  16   0   2  19  0.16 0.15
  225 L   -2 -4 -3 -4 -5 -5 -4 -5 -6  2  5 -5  0 -2 -6 -5 -4 -5 -4  0    2   1   1   1   0   0   1   1   0  10  79   0   0   1   0   0   0   0   0   3  1.38 0.52
  226 K   -1  4  0 -1 -5  3  2 -3 -2 -4 -2  3 -2 -5 -4  0 -1 -5 -4 -3    3  23   4   3   0  16  16   1   0   0   4  21   1   0   0   5   3   0   0   1  0.65 0.30
  227 A    1  1  1  0  2 -1  1  2 -1 -3 -3  1 -2 -4 -1  1 -1 -1 -1 -2   15   8   7   4   6   1  11  18   1   1   1  11   1   0   2   8   2   1   2   1  0.24 0.13
  228 S    1 -1  1 -1 -2  0 -1 -1  2 -1  0 -1 -2 -3 -2  3  0  1 -3 -2   15   3   7   3   1   4   3   2   8   3  10   3   1   1   1  31   2   3   0   1  0.28 0.18
  229 E    0  0  1  2 -1  0  4 -1 -2 -2 -3  1 -2 -3 -3  0  1 -5 -1 -3    6   4   6  10   1   2  37   3   0   2   1  11   1   0   0   3   8   0   3   1  0.49 0.21
  230 S    1  0  1  1 -3 -1  0 -1 -2 -3 -2 -1 -3 -4  2  4  1 -5 -4 -3    7   4   7   9   0   1   3   3   0   1   5   1   0   0   8  42   7   0   0   0  0.50 0.21
  231 S    1 -2  2 -1  1 -1  1  1 -2 -4 -3  1 -3 -4 -3  3  1 -4 -1 -3   11   0  10   2   4   0  12  11   0   0   1  11   0   0   0  30   6   0   2   0  0.41 0.17
  232 L   -3 -3 -1 -4 -3  0 -1 -3 -4  0  4  0  2 -1 -4 -3 -2 -4 -3  1    0   0   3   0   0   4   3   1   0   1  66   6   5   2   0   0   1   0   0   8  0.64 0.21
  233 G    2 -1  2 -1 -3 -1  0  3 -2 -3 -2 -1 -3 -4  1  1  0 -4 -4 -3   22   1  12   0   0   0   7  31   0   0   4   2   0   0   6  11   4   0   0   0  0.43 0.10
  234 K   -2  4  1 -2 -5  0 -1 -3 -1 -4 -4  5 -3 -4 -3 -1  0 -5 -3 -3    0  33   6   0   0   0   0   0   0   0   0  55   0   0   0   0   6   0   0   0  0.97 0.15
  235 P   -1 -3 -3 -3 -4 -2 -2 -4 -3 -4 -4 -2 -3 -5  8 -2 -2 -5 -4 -3    0   0   0   0   0   0   0   0   0   0   0   0   0   0 100   0   0   0   0   0  2.79 0.10

                      K         Lambda
Standard Ungapped    0.1789     0.3440
Standard Gapped      0.1100     0.3190
PSI Ungapped         0.1789     0.3440
PSI Gapped           0.1100     0.3190
