
Last position-specific scoring matrix computed, weighted observed percentages rounded down, information per position, and relative weight of gapless real matches to pseudocounts
           A  R  N  D  C  Q  E  G  H  I  L  K  M  F  P  S  T  W  Y  V   A   R   N   D   C   Q   E   G   H   I   L   K   M   F   P   S   T   W   Y   V
    1 M   -1 -2 -3 -4 -2 -1 -2 -4 -2  1  2 -2  7 -1 -3 -2 -1 -2 -2  0    0   0   0   0   0   0   0   0   0   0   0   0 100   0   0   0   0   0   0   0  0.77 0.04
    2 A    3 -1 -1  2 -2  0  2 -1 -1 -2 -2 -1 -2 -3 -1  1  0 -4 -3 -1   46   0   0  19   0   0  20   0   0   0   0   0   0   0   0  11   0   0   0   4  0.41 0.01
    3 K   -1  1  3  0 -4  1  0  1 -1 -3 -3  4 -2 -4 -2  0 -1 -4 -3 -3    0   0  30   0   0   7   0  11   0   0   0  52   0   0   0   0   0   0   0   0  0.59 0.02
    4 I   -2 -3 -4 -4 -2 -3 -4 -5 -4  5  1 -3  1 -1 -4 -3 -1 -3 -2  2    0   0   0   0   0   0   0   0   0 100   0   0   0   0   0   0   0   0   0   0  0.65 0.03
    5 A    4 -2 -2 -2 -1 -1 -1 -1 -2 -2 -2 -1 -2 -3  4  1 -1 -4 -3 -1   74   0   0   0   0   0   0   0   0   0   0   0   0   0  26   0   0   0   0   0  0.82 0.03
    6 K   -1  4 -1 -2 -4  1  0 -2 -1 -3 -3  4 -2 -3 -2  0  1 -4 -2 -2    0  44   0   0   0   0   0   0   0   0   0  44   0   0   0   0  13   0   0   0  0.75 0.03
    7 T    0 -2 -1 -2 -2 -1 -1 -2 -2 -1 -2 -1 -1 -3 -2  1  5 -4 -2 -1    0   0   0   0   0   0   0   0   0   0   0   0   0   0   0   0 100   0   0   0  0.99 0.08
    8 H   -2  2  0 -1 -4  1  1 -3  7 -4 -3  0 -2 -2 -3 -1 -2 -3  1 -4    0  12   0   0   0   3  10   0  75   0   0   0   0   0   0   0   0   0   0   0  1.14 0.08
    9 E   -1 -1  0  3 -5  1  5 -3 -1 -4 -4  0 -3 -4 -2 -1 -1 -4 -3 -3    0   0   0  23   0   0  77   0   0   0   0   0   0   0   0   0   0   0   0   0  1.10 0.06
   10 D   -1 -2  2  5 -4  0  3 -2 -1 -4 -4 -1 -3 -4 -2 -1 -1 -5 -4 -4    5   0  11  65   0   0  20   0   0   0   0   0   0   0   0   0   0   0   0   0  1.08 0.09
   11 I   -2 -4 -4 -5 -2 -4 -4 -5 -4  5  1 -4  1  1 -4 -3 -1 -3 -1  2    0   0   0   0   0   0   0   0   0  79   7   0   0   7   0   0   0   0   0   7  0.75 0.11
   12 E   -2 -1 -1  3 -5  2  5 -3 -1 -4 -4  0 -3 -4 -2 -1 -2 -4 -4 -3    0   0   0  22   0   7  70   0   0   0   0   0   0   0   0   0   0   0   0   0  1.13 0.12
   13 A    4  0 -2 -2 -2 -1  0 -1 -2 -2 -3  0 -2 -3  1  1 -1 -4 -3 -1   71   6   0   0   0   0   6   0   0   0   0   7   0   0   7   4   0   0   0   0  0.60 0.10
   14 Q   -2  0 -1 -1 -4  5  3 -3  2 -4 -3  0 -1 -4 -2 -1  0 -3 -3 -3    0   0   0   0   0  62  28   0   4   0   0   0   0   0   0   0   6   0   0   0  1.05 0.14
   15 I   -2 -4 -4 -5 -2 -3 -4 -5 -4  5  1 -4  1 -1 -4 -3 -1 -3 -2  3    0   0   0   0   0   0   0   0   0  76   9   0   0   0   0   0   0   0   0  15  0.81 0.12
   16 R    2  4 -1 -2 -3  1  0 -2 -1 -3 -1  1 -2 -3 -2  0 -1 -4 -3 -2   28  47   0   0   0   5   6   0   0   0   5   5   0   0   0   4   0   0   0   0  0.56 0.08
   17 E    0  1  1  3 -4  1  4 -2 -1 -3 -3  2 -2 -4 -2 -1 -1 -4 -3 -2    5   9   6  16   0   0  47   0   0   0   0  13   0   0   0   0   0   0   0   4  0.65 0.08
   18 I    0 -3 -3 -4 -2 -3 -3 -4 -3  3  2 -3  1 -1 -3 -2  1 -3 -2  1    9   0   0   0   0   0   0   0   0  45  33   0   0   0   0   0  13   0   0   0  0.45 0.08
   19 Q   -2  0 -1 -2 -4  7  1 -3  0 -4 -3  0 -1 -4 -3 -1 -2 -3 -3 -3    0   0   0   0   0 100   0   0   0   0   0   0   0   0   0   0   0   0   0   0  1.62 0.21
   20 G    1 -1  0  0 -3  0  3  2 -1 -3 -3 -1 -2 -3 -2  1  1 -3 -3 -2   16   0   4   0   0   0  31  19   0   0   1   0   0   0   0  15  10   0   0   0  0.41 0.05
   21 K   -1  3 -1 -1 -4  1  3 -3 -1 -4 -3  5 -2 -4 -2  0 -1 -4 -3 -3    0  14   0   0   0   0  22   0   0   0   0  59   0   0   0   5   0   0   0   0  0.84 0.11
   22 K   -2  4 -1 -2 -4  2  0 -3 -1 -4 -3  5 -2 -4 -2 -1  0 -4 -3 -3    0  24   0   0   0   7   0   0   0   0   0  64   0   0   0   0   6   0   0   0  0.97 0.13
   23 A    2  2 -1 -2 -2  1 -1 -2 -1 -2 -2  3 -2 -3 -1  0  1 -4 -3 -1   35  17   0   0   0   4   0   0   0   0   0  27   0   0   2   3   8   0   0   4  0.43 0.08
   24 A    2  0 -1  1 -3  0  3 -2 -1 -2 -3  3 -2 -3 -2  0  0 -4 -3 -1   25   0   0   8   0   0  28   0   0   0   0  28   0   0   0   4   2   0   0   5  0.46 0.09
   25 L   -1 -2 -3 -4 -2 -2 -3 -4 -2  1  3  0  3  0 -3 -2 -2 -2  1  0    4   0   0   0   0   0   0   0   0   8  57  10  12   0   0   0   0   0   6   3  0.46 0.09
   26 D   -1 -2  1  4 -4  1  3 -1 -1 -3 -4 -1 -3 -4  0  0 -1 -5 -4 -2    3   0   3  43   0   3  29   3   0   0   0   0   0   0   3   9   0   0   0   3  0.76 0.12
   27 E   -1 -1  0  0 -5  1  6 -2 -1 -4 -4  1 -3 -4 -2 -1 -2 -5 -4 -2    4   0   4   0   0   0  82   3   0   0   0   6   0   0   0   0   0   0   0   2  1.16 0.19
   28 A    1  1  0  0 -3  2  1  1  2 -1 -2  1 -2 -3 -2  0  0 -3 -2 -2   22   4   5   4   0  14  11  10   7   5   0  13   0   0   0   0   3   0   0   0  0.25 0.05
   29 Q    0  2 -1  1 -3  3  2 -1 -1 -2 -1  1 -1 -3  0  0 -1 -3 -2  0   10  11   0   6   0  30  13   3   0   0   5   6   0   0   4   4   0   0   0   8  0.33 0.07
   30 G    1  1  0 -2 -3 -2 -2  4  0 -3 -1 -1 -2 -3 -3 -1 -2 -3 -3 -2   12  11   5   0   0   0   0  55   4   0  11   0   0   0   0   0   0   0   0   0  0.62 0.10
   31 V    1 -2 -3 -4 -2 -2 -3 -3 -3  2  0  0  0 -2 -3 -2 -1 -4 -2  4   17   0   0   0   0   0   0   0   0  14   0   7   0   0   0   0   0   0   0  62  0.52 0.12
   32 G    2 -2 -1 -2 -3 -2 -2  5 -3 -4 -4 -2 -3 -4 -2  2 -1 -4 -4 -3   17   0   0   0   0   0   0  59   0   0   0   0   0   0   0  24   0   0   0   0  0.92 0.13
   33 L   -1 -3 -4 -5 -2 -3 -4 -4 -3  1  4 -3  2  3 -4 -3 -2 -2  0  1    5   0   0   0   0   0   0   0   0   0  59   0   7  23   0   0   0   0   0   7  0.62 0.11
   34 D    0 -2  0  2 -3 -1 -1  3 -2 -2 -2 -1 -2 -3  1  1  1 -4 -3 -1    3   0   0  19   0   0   0  29   0   0   5   0   0   0   7  18  10   0   0   5  0.37 0.06
   35 S    1 -1  1  0 -2  0  2 -2 -1 -3 -1  0 -2 -3 -2  3  1 -4 -3 -2   12   0   5   3   0   3  14   0   0   0   5   3   0   0   0  49   7   0   0   0  0.47 0.10
   36 T    1 -1 -1 -1 -2 -1 -1  0 -2 -1 -2 -1 -1 -1 -2  2  4 -4 -2  0   13   2   0   2   0   0   3   5   0   0   0   0   0   4   0  18  45   0   0   8  0.44 0.11
   37 G   -1 -3 -1 -1 -3 -3 -3  5 -3 -2 -3 -2 -3 -4 -3  0  0 -4 -4  0    0   0   0   4   0   0   0  72   0   0   0   0   0   0   0   4   6   0   0  14  0.98 0.15
   38 Y   -2 -2  1  0 -3  1 -1 -1  3 -1 -2 -1 -1  2 -3  0  1 -1  3 -1    0   0   9   4   0  12   0   5  10   2   0   0   0  14   0   4  14   0  20   5  0.29 0.08
   39 Y   -3 -3 -3 -4 -3 -3 -3 -4  1 -1  0 -3 -1  6 -4 -3 -2  0  5 -2    1   0   0   0   0   0   0   1   5   0   4   0   0  59   0   0   0   0  27   0  1.02 0.14
   40 D   -3 -3  0  7 -5 -2  1 -2 -2 -5 -5 -2 -5 -5 -3 -2 -2 -6 -5 -5    0   0   0 100   0   0   0   0   0   0   0   0   0   0   0   0   0   0   0   0  1.83 0.22
   41 Q    0  1  1 -1 -3  4  0 -2 -1 -2 -3  0 -1 -3 -2  2  3 -4 -3 -2    3   6   6   0   0  34   0   0   0   2   0   0   0   0   0  17  32   0   0   0  0.56 0.12
   42 E   -2 -2  1  5 -5  0  3 -2 -2 -5 -5 -1 -4 -4 -3 -1 -2 -5 -4 -4    0   0   4  66   0   0  27   0   0   0   0   0   0   0   0   3   0   0   0   0  1.24 0.15
   43 I   -2 -3 -4 -5 -2 -3 -4 -5 -4  4  3 -3  1  1 -4 -3 -2 -3 -2  2    0   0   0   0   0   0   0   0   0  50  37   0   0   4   0   0   0   0   0   9  0.65 0.11
   44 Y   -3 -3 -4 -5 -4 -3 -4 -5  1 -3 -2 -3 -3  2 -5 -3 -3  1  8 -3    0   0   0   0   0   0   0   0   0   0   0   0   0   0   0   0   0   0 100   0  2.01 0.25
   45 G    0 -3 -1  2 -4 -2 -1  5 -3 -4 -4 -2 -3 -4 -3  0 -2 -4 -4 -4    6   0   0  14   0   0   3  69   0   0   0   0   0   0   0   5   0   0   0   0  1.03 0.15
   46 G    0 -1 -1 -2 -3 -2 -1  4 -2 -3 -3 -1 -3 -3 -2  2  1 -4 -3 -3    5   3   0   0   0   0   3  53   0   0   0   3   0   0   0  20  12   0   0   0  0.71 0.12
   47 S    0 -2  1 -2 -2 -2 -2  3 -2  0 -2 -1 -2 -3 -2  3  0 -4 -3  1    3   0   8   0   0   0   0  27   0   5   0   2   0   0   0  42   0   0   0  13  0.44 0.12
   48 D   -1  0  0  4 -3  0  1  1  1 -3 -3  1 -3 -3  0  1  1 -4 -3 -3    2   5   0  34   0   2   6  14   4   0   0   9   0   0   3   9  11   0   0   0  0.45 0.08
   49 S   -1  1  1  2 -3  1  0  1 -1 -3 -3  1 -2 -3 -2  2  1 -4 -3 -2    0  10   6  18   0   6   0  11   0   0   0   8   0   0   0  24  12   0   0   3  0.33 0.07
   50 R    0  4 -1  0 -3  0 -1 -2  1 -3 -3  3 -2 -3 -2 -1 -1 -3 -2 -2   12  46   1   4   0   0   1   1   5   1   1  24   0   0   1   1   1   0   0   1  0.65 0.12
   51 F   -1 -1 -2 -2 -2 -1 -2 -1 -1 -1 -1  0 -1  5 -2  1 -1  0  4 -1    2   1   1   1   0   1   1   5   1   1   2   7   1  40   1  13   1   0  17   1  0.42 0.09
   52 A    2 -2  1  3 -2  0  2  0 -1 -3 -3 -1 -2 -3 -2  1 -1 -4 -3 -2   34   0   6  28   0   0  17   5   0   0   1   0   0   0   0   5   0   0   0   1  0.48 0.10
   53 G   -1 -3 -1  0  3 -2 -2  5 -3 -4 -4 -2 -3 -3 -3  0 -2 -4 -4 -3    1   0   0   6  12   0   1  67   0   0   1   0   0   0   0   9   0   0   0   1  0.94 0.14
   54 Y   -3 -3 -4 -5 -4 -3 -4 -5  1 -3 -3 -4 -3  2 -5 -3 -3  1  8 -3    0   0   0   0   0   0   0   0   0   0   0   0   0   0   0   0   0   0 100   0  2.14 0.32
   55 V    0  0  1  0 -2 -1  0 -2 -2  0  1 -1  0 -2 -2  1  0 -3 -2  2    7   7   9   3   0   0   8   1   0   1  17   1   0   0   1  13   1   0   0  30  0.12 0.05
   56 T    1  0 -1  0 -2 -1 -1 -2 -2 -2 -2  0 -1 -2 -2  1  4 -3  0 -1    9   3   1   4   0   0   1   1   0   1   1   7   0   0   1   7  59   0   4   1  0.54 0.13
   57 S    0 -1  0 -1 -2 -1  1 -1 -2 -3 -3 -1 -2 -3 -2  4  2 -3 -2 -2    1   1   1   1   0   0   7   1   0   1   1   1   0   0   1  71  12   0   0   1  0.74 0.16
   58 I   -2 -3 -3 -4 -2 -3 -3 -4 -3  5  1 -3  0 -1 -3 -3 -1 -3 -2  2    1   1   1   1   0   0   1   1   0  74   8   1   0   0   1   1   1   0   0   9  0.70 0.15
   59 A    3 -2  1 -2 -2 -1 -1  0 -2 -2 -2 -1 -2 -3  4  2  0 -3 -2 -2   38   1   7   1   0   0   1   4   0   1   1   1   0   0  24  15   5   0   0   1  0.61 0.10
   60 A    3 -2 -2 -2 -1 -1  0  0 -2  0 -1 -1 -1 -2  1  0  1 -3 -2  2   47   1   1   1   0   1   6   4   0   1   1   1   0   1   5   1   9   0   0  21  0.32 0.10
   61 T    0 -2  3  1 -2 -1  0  2 -1 -2 -2 -1 -2 -3 -2  1  3 -3 -3 -1    4   0  24   5   0   0   5  16   0   0   1   1   0   0   0   6  28   0   0   7  0.37 0.09
   62 E   -2 -2  0  4 -3  0  3  0 -1 -3 -3 -1 -3  1 -2 -1  0 -3 -2 -3    1   1   1  40   0   0  29   8   0   1   1   1   0   8   1   1   7   0   0   1  0.65 0.16
   63 L    0 -1 -1  2 -2  1  2 -1 -1  1  0 -1  1 -2 -2 -1 -1 -3 -2  0    6   1   1  17   0   5  24   5   0  14   9   1   6   1   1   1   1   0   1   5  0.20 0.07
   64 E    0 -1  0  4 -3  1  3 -2 -1 -1 -3 -1 -2 -3  1  0 -1 -4 -3 -1    5   1   0  30   0   5  33   1   0   5   1   1   0   0   5   7   1   0   0   5  0.54 0.13
   65 D   -1 -2  2  4 -4  1  3 -1 -1 -3 -3 -1 -3 -4 -2 -1 -1 -4 -3 -2    5   0  10  39   0   8  27   4   0   0   0   0   0   0   0   0   0   0   0   4  0.72 0.16
   66 D   -2  0  0  5 -4 -1  2  0 -2 -3 -4 -1 -3 -4  2 -1 -2 -5 -4 -1    0   7   0  50   0   0  19   8   0   0   0   0   0   0   9   0   0   0   0   6  0.81 0.19
   67 D   -1 -2  1  5 -4  1  4 -3 -1 -4 -4 -1 -1 -4 -2  0 -2 -5 -4 -2    3   0   5  44   0   4  36   0   0   0   0   0   3   0   0   3   0   0   0   2  0.92 0.20
   68 D   -2  0  0  5 -4  0  3 -1 -2 -3 -2 -1 -1 -4  0 -1 -2 -4 -4 -3    0   7   0  52   0   3  21   4   0   0   5   0   2   0   4   0   0   0   0   0  0.79 0.18
   69 D   -1 -2  1  5 -5  0  3 -2  1 -5 -5 -2 -4 -2 -3 -2 -2 -5 -4 -4    3   0   4  59   0   3  21   2   3   0   0   0   0   2   0   0   0   0   0   0  1.16 0.27
   70 Y   -1  0  0  1 -3  0  2 -1  2 -2 -1 -1  0  0 -3  0 -1 -1  4 -1    3   3   5   9   0   4  18   3   4   0   4   0   3   3   0   5   3   0  27   4  0.31 0.12
   71 S    0 -1  0  3 -3 -1  1  0 -2 -3 -3  0 -3 -2  0  2  1 -4 -3 -2    7   3   0  29   0   0  12   7   0   0   0   4   0   2   3  24   6   0   0   2  0.43 0.14
   72 S    1  0 -1  2 -3  0  1  0 -1 -2 -2 -1  0 -1  0  2  0 -3  0 -2   15   6   0  14   0   4   9   8   0   0   3   0   4   3   4  19   5   0   5   2  0.19 0.09
   73 S    1  1  0  1 -3  1  0 -1  0 -3 -2 -1  0 -3  1  2  1 -4 -1 -2   11  11   3  12   0   5   2   3   3   0   3   0   4   0   6  26   9   0   2   0  0.28 0.11
   74 T    0 -1  1  0 -2  1  0  1  0 -1 -2 -1 -1 -1  0  0  2 -3 -2  0    9   3  10   4   0   8   6  10   3   3   0   0   0   3   4   2  23   0   0  12  0.17 0.09
   75 S    0  1  2  1 -3 -1 -1  1  1 -2 -3  0 -2 -3  0  3  1 -3 -2 -1    3  10  10   8   0   0   1  10   3   1   1   4   0   0   3  32   6   0   0   7  0.29 0.11
   76 L   -1 -1  0  0 -2  0  0 -1 -2  1  2 -1  0  0  2  0 -1 -3 -2  1    1   3   5   4   0   3   7   5   0   8  28   1   0   3  12   7   1   0   0  11  0.14 0.06
   77 L    0 -1  0  0 -2 -2 -2  0  1  1  2 -2  1 -1 -2 -1 -1 -3 -2  2    9   4   6   5   0   0   1   6   5  11  23   1   6   0   1   1   1   0   0  21  0.13 0.08
   78 G    2 -1  1  0 -3  1 -1  3  1 -3 -3  0 -2 -3 -1  0 -1 -3 -1 -2   26   3   8   4   0   6   0  33   4   0   0   4   0   0   3   5   0   0   2   2  0.42 0.13
   79 Q   -1  3  1  0 -4  4  0 -3 -1 -4 -3  2 -2 -4  0  1 -1 -4 -3 -3    4  21   6   3   0  38   0   0   0   0   0   9   0   0   4  12   2   0   0   0  0.67 0.18
   80 K   -1  3 -1 -2 -3  1 -1 -2 -1 -3 -2  4 -2 -3  0  0 -1 -3  0 -3    4  17   0   1   0   4   1   1   0   1   4  48   0   0   5   9   1   0   4   1  0.59 0.16
   81 K    1  2 -1 -2 -3  1 -1 -2 -1 -1  1  3  1 -2  0 -1  0 -3 -2 -1   14  16   3   1   0   4   1   1   0   1  18  28   4   0   3   1   5   0   0   1  0.29 0.10
   82 P    2  0  1 -2 -2 -1 -1 -1 -2 -2 -1  0  0 -2  4  0  1 -3 -2 -1   30   5   8   1   0   1   1   4   0   1   5   6   3   1  21   6   8   0   0   1  0.42 0.10
   83 G    0  0  1 -1 -2 -1 -1  3 -2 -2 -2  0 -2 -3 -2  2  0 -3 -2 -1    4   4   6   1   0   1   1  32   0   1   4   4   0   1   1  30   3   0   1   4  0.40 0.10
   84 Y   -3 -3 -3 -4 -4 -3 -3 -4  2 -2 -1 -3 -2  2 -4 -3 -1  0  7 -3    1   0   0   0   0   0   0   1   4   0   6   0   0   7   0   1   4   0  74   0  1.51 0.29
   85 H    0 -2  0 -2 -3  1  0 -2  5 -3 -3 -1 -2 -3 -2  2  4 -4 -1 -2    4   0   3   0   0   6   3   2  25   0   0   0   0   0   0  15  40   0   0   0  0.67 0.19
   86 A    5 -3 -2 -3 -2  0 -2  1 -3 -3 -3 -2 -2 -4  0  1 -1 -4 -3 -1   75   0   0   0   0   4   0  10   0   0   0   0   0   0   3   4   0   0   0   3  0.84 0.24
   87 P    0 -3  1 -2 -4 -2 -2 -3  3 -4 -2 -2 -3 -4  6  0 -2 -5 -3 -3    5   0   9   0   0   0   0   0   9   0   4   0   0   0  64   9   0   0   0   0  1.67 0.27
   88 V    2  0 -2  0 -3  1 -1 -2  1 -1 -1  3 -1 -3 -2  0 -1 -4 -3  2   25   3   0   6   0   6   0   0   4   0   4  28   0   0   0   2   0   0   0  22  0.30 0.13
   89 A    3  0  0  0 -2  0  1  0  1 -2 -3  0 -2 -3 -2  2 -1 -4 -1 -1   41   3   4   3   0   2   9   6   4   0   0   4   0   0   0  19   0   0   3   4  0.36 0.12
   90 L    1 -3 -1 -4 -2 -1 -3 -3 -3  1  3 -3  1  2 -3 -2 -1 -3 -1  0   13   0   4   0   0   3   0   0   0   9  49   0   3  11   0   0   4   0   0   4  0.39 0.13
   91 L   -1 -1 -3 -4 -2 -1 -3 -4 -3  2  3 -2  1  2 -3 -3 -2 -2  0  0    4   5   0   0   0   4   0   0   0  19  50   0   3   9   0   0   0   0   2   3  0.47 0.13
   92 N    0  0  5  2 -4  0  1 -2  0 -4 -4  1 -3 -4  0  1 -1 -4 -3 -3    6   3  47   9   0   4   7   0   2   0   0  10   0   0   4   7   0   0   0   0  0.67 0.16
   93 D   -2 -2  0  5 -4  0  4 -3 -2 -4 -4 -1 -3 -4 -2  0  0 -5 -4 -4    0   0   0  52   0   0  35   0   0   0   0   0   0   0   0   5   5   0   0   0  1.13 0.22
   94 I    0 -2 -1 -3 -2 -2 -2 -3 -2  3  1 -2  2  1  0 -1  0 -2 -1  2    9   1   2   1   0   1   1   1   0  37   5   1   6   6   4   1   4   0   0  18  0.28 0.09
   95 P    2 -2 -2 -2 -3 -1  0 -1 -2 -1 -3 -2 -2 -3  6  0 -1 -4 -3 -2   24   1   1   1   0   3   4   3   0   4   1   1   0   0  50   3   2   0   0   1  1.14 0.18
   96 Q    0  3 -1  0 -3  4  0 -1  2 -3 -3  1 -2 -3 -2  0 -1 -3  0 -3    8  23   0   5   0  30   1   4   5   0   1   8   0   0   0   8   2   0   3   1  0.48 0.13
   97 S    2 -2  0 -1 -3 -1  2  1  2 -3 -2 -1 -2 -2 -2  2  0 -3  1 -2   22   0   3   0   0   0  18  13   7   0   4   0   0   0   0  19   3   0   7   0  0.29 0.10
   98 T    1 -2  0  1  2 -1  0  1 -2 -1 -2 -1 -2 -3  2  1  0 -3 -3  1   11   0   3  10   8   0   7  14   0   0   1   2   0   0   9  12   5   0   0  17  0.18 0.06
   99 E    1 -1 -1  2 -4  1  4 -2 -1 -3 -3  2 -2 -4 -2  0 -1 -4 -3 -3   13   0   0  10   0   5  47   0   0   0   1  17   0   0   0   4   0   0   0   0  0.71 0.17
  100 Q   -1 -1  0  3 -3  2  2  0  1 -2  0 -1 -1 -2 -2  1 -1 -3 -2 -2    1   1   3  27   0  14  14   6   5   1  13   1   0   1   1  11   1   0   0   1  0.34 0.07
  101 Y   -1 -2 -1  2 -2 -1  0 -1  1  1 -1 -1 -1  1 -2 -1  0 -1  4  0    3   1   1  20   0   1   7   4   3  12   2   1   0   6   1   1   5   0  25   5  0.25 0.07
  102 D   -1 -2  1  5 -3 -1  1  0 -2 -3 -4 -1 -3 -3 -2  1 -1 -4 -3 -3    3   1   3  65   0   1   4   5   0   1   1   1   0   0   1  12   1   0   0   1  0.97 0.15
  103 P   -1 -2 -2  2 -3 -1 -1  0 -2 -3 -2  1 -2 -3  6 -1 -2 -4 -3 -3    1   1   1  13   0   1   1   6   0   1   4  12   0   0  56   1   1   0   0   1  1.29 0.15
  104 F   -2 -3 -2  0 -2 -2 -2 -1 -2  0  2 -2  2  4 -3 -1 -2 -1  0  0    1   1   1   6   0   1   1   5   0   3  30   1   8  35   1   4   1   0   0   3  0.37 0.09
  105 A    3 -2 -1 -1 -2  0 -1  2 -2 -3 -2 -1 -2 -3  1  2 -1 -4 -3 -2   43   0   0   2   0   4   0  20   0   0   4   0   0   0   5  23   0   0   0   0  0.52 0.12
  106 E    0  0  0  2 -4  2  3  0 -1 -3 -3  1 -2  2  0 -1 -2 -3 -1 -3    5   3   2  11   0  14  30   6   0   0   0  11   0  13   4   0   0   0   0   0  0.42 0.10
  107 H   -1  2  2 -1 -4  0  0  0  5 -3 -3  1 -1 -1 -3 -1  1 -3  0 -3    5  19  13   0   0   2   7   5  28   0   0   6   2   3   0   0   9   0   2   0  0.46 0.11
  108 R   -2  5 -1 -2 -5  2 -1 -3 -1 -4 -4  4 -2 -4 -3 -2 -2 -4 -3 -4    0  53   0   0   0   7   0   0   0   0   0  39   0   0   0   0   0   0   0   0  1.20 0.21
  109 P    0  0 -1 -1 -2  1  0  1 -2 -1 -2  0 -2 -3  4  2  1 -3 -3 -1    1   4   1   1   0   6   4  13   0   5   1   4   0   0  24  22  10   0   0   2  0.46 0.08
  110 P    0  2  0 -1 -3  2  0 -2  3 -3 -3  2 -2 -3  3  0 -1 -3 -2 -2    7  12   3   1   0  12   1   1  12   1   1  22   0   0  18   6   2   0   0   1  0.50 0.08
  111 K   -1  4 -1 -1 -2  1 -1 -2 -1 -2 -2  2 -1 -2 -1  0  2 -2 -2 -2    2  35   1   1   0   4   1   2   1   1   2  15   1   1   1   5  24   0   1   2  0.46 0.08
  112 I   -1 -2 -2 -2 -1 -2 -2 -2 -2  4  1 -2  0 -1 -2 -2 -1 -2 -1  2    2   1   1   2   1   1   2   2   1  62   3   2   1   1   1   2   2   0   1  12  0.39 0.07
  113 A    4 -2 -2 -2 -2 -1 -1 -1 -2  0 -2 -1  0  0 -2  2  0 -3 -1  0   57   0   0   0   0   3   0   0   0   6   0   0   3   5   0  19   2   0   2   5  0.42 0.09
  114 D   -1 -2  0  5 -5  0  4 -2 -2 -4 -4 -1 -4 -4 -2 -1 -2 -5 -4 -4    5   0   0  58   0   0  37   0   0   0   0   0   0   0   0   0   0   0   0   0  1.17 0.14
  115 R   -2  5 -1 -2 -4  0 -1 -3 -1 -4 -3  3 -3 -4  3 -2 -2 -4 -3 -3    0  66   0   0   0   0   0   0   0   0   0  20   0   0  15   0   0   0   0   0  1.14 0.15
  116 E   -1 -1 -1  3 -4  2  5 -3 -1 -4 -4  0 -3 -4 -2  1 -1 -4 -3 -3    0   0   0  15   0  11  61   0   0   0   0   0   0   0   0  14   0   0   0   0  0.94 0.13
  117 D   -1 -2  1  4 -3 -1  0  2 -2 -2 -3 -2 -2 -3 -3  1  0 -4 -3  0    0   0   7  39   0   0   0  21   0   0   0   0   0   0   0  15   4   0   0  14  0.52 0.08
  118 E    0 -1  1  3 -4  0  4 -2 -1 -3 -3  0  0 -4 -2  1 -1 -4 -3 -3    5   0   6  16   0   0  49   0   0   0   0   5   5   0   0  15   0   0   0   0  0.66 0.10
  119 Y   -2 -2 -3 -3 -3 -2 -3 -3  1 -2 -1 -2 -2  3 -3 -2 -2  1  7 -2    1   1   1   1   0   1   1   1   0   1   1   1   0  15   1   1   1   0  72   1  1.22 0.14
  120 K   -1  4 -1 -2 -3  2  0 -2  3 -3 -3  2 -2 -3  3 -1 -1 -3 -2 -2    1  36   1   1   0  16   1   1  12   1   1   9   0   1  15   1   1   0   0   1  0.64 0.08
  121 K    1  3  0 -1 -3  3  1 -2 -1 -2 -2  2  0 -3 -1  0 -1 -3 -2 -2   17  21   4   1   0  22   6   1   0   1   1  20   3   1   1   1   1   0   0   1  0.43 0.06
  122 H   -2  4 -2 -3 -3  1 -1 -3  1  1 -1  1  0 -3  2 -2 -2 -4 -2 -1    0  41   0   0   0   8   0   0   5  19   3   9   2   0  14   0   0   0   0   0  0.54 0.09
  123 R    0  5  2 -2 -4  0 -1 -3  2 -3 -3  1 -2 -2 -3 -1 -2 -2  3 -3   11  56  14   0   0   0   0   0   5   0   0   0   0   0   0   0   0   0  15   0  0.73 0.12
  124 R   -2  3 -2 -3  3  0 -2 -4  0 -1  1  0  1  2 -3 -2 -2  1  3 -2    0  27   0   0  13   3   0   0   2   0  17   3   5  13   0   0   0   2  15   0  0.38 0.10
  125 T   -1  2  2  1 -3  2  0 -2  1 -2 -3  1 -1 -3  2  0  2 -4 -3 -2    2  13  12   9   0  12   4   0   3   2   0   6   2   0  12   0  23   0   0   0  0.41 0.08
  126 M   -2  4 -2 -3 -3  1 -2 -4 -2  0  2  0  3 -2 -3 -2 -2 -3 -3 -1    0  43   0   0   0   5   0   0   0   2  33   0  17   0   0   0   0   0   0   0  0.63 0.14
  127 I    0 -2 -3 -3 -2  0 -2 -2 -3  3  0  0  2  2 -3 -2 -1 -3 -1  3    7   0   0   0   0   7   0   2   0  24   3   6   9  12   0   0   0   0   0  29  0.27 0.08
  128 I   -2 -3 -4 -5 -2 -3 -4 -5 -4  4  3 -3  2 -1 -4 -3 -2 -3 -2  1    0   0   0   0   0   0   0   0   0  47  47   0   6   0   0   0   0   0   0   0  0.77 0.13
  129 S    0 -1  0 -1 -2 -1 -1 -1 -2 -2 -2 -1 -2 -3 -1  4  3 -3 -2 -2    1   1   1   1   0   1   1   1   0   1   1   1   0   1   1  64  23   0   0   1  0.72 0.13
  130 P   -1 -2 -3 -2 -3 -2 -2 -3 -2 -2  0 -2 -2 -3  7 -2 -2 -3 -3 -2    1   1   1   1   0   1   1   1   0   1  14   1   0   1  73   1   1   0   0   1  1.81 0.16
  131 E    0 -1 -1  2 -3  0  4 -1 -1 -1 -2 -1 -2 -3  0 -1  1 -3 -2  1    4   1   1  13   0   1  40   5   0   1   1   1   0   1   3   1  11   0   0  16  0.38 0.07
  132 R   -2  5 -1 -2 -3  0 -1 -2 -1 -2  0  1 -1 -2 -2  0 -1 -3 -2 -2    1  67   1   1   0   1   1   1   0   1  14   1   0   1   1   7   1   0   0   1  0.79 0.13
  133 L    0 -1  1 -2 -2  0 -2 -1  3  0  2 -1  1 -1 -2 -1  0 -2  0  1    9   0  11   0   0   3   0   5  12   0  33   4   6   0   0   0   3   0   2  10  0.14 0.05
  134 D   -1 -1  3  3 -2 -1  0 -1 -1 -1  1 -1  0 -1 -1  0  2 -2 -2 -1    2   1  21  21   0   1   1   1   0   1  22   1   0   1   1   1  21   0   1   1  0.24 0.02
  135 P    0 -1 -2 -2 -2 -1 -1 -2 -1 -1 -1 -1  1  1  5  0 -1 -2 -1 -1   11   1   1   1   0   1   1   2   1   1   2   1   7  14  44   8   1   0   1   2  0.79 0.03
  136 F   -1 -2 -2 -2 -2 -1 -2 -2 -1  0  2 -2  1  4 -1 -1 -1 -1  1  0    3   2   1   2   1   1   2   2   1   2  36   2   1  35   2   2   2   0   1   2  0.23 0.00
  137 A    4  0 -2 -2 -2  0 -1  0 -2 -2 -1 -1 -1 -3 -2  1  0 -4 -3  0   58   5   0   0   0   5   0   5   0   0   5   0   0   0   0  11   5   0   0   7  0.45 0.11
  138 D    1 -2  1  5 -3 -1  2 -2  1 -3 -1 -1  1 -3 -2 -1  0 -4 -3 -2   15   0   6  46   0   0  11   0   5   0   5   0   8   0   0   0   5   0   0   0  0.60 0.11
  139 G    1 -1  0  2 -2  0  1  1 -1 -1 -2  1 -2 -2 -1  1  0 -3 -2  0   13   1   1  13   0   1  13  13   0   1   1  13   0   0   1  13   1   0   0  13  0.20 0.05
  140 G   -1  1  1  2  2  0  2  2 -1 -3 -3  0 -2 -3 -2 -1  0 -3 -3 -2    1  14   7  15   7   1  16  25   0   1   1   1   0   1   1   1   7   0   0   1  0.33 0.06
  141 K    0  3  0  1 -3  3  0 -2 -1 -3 -3  2 -2 -3 -2  1 -1 -3 -2 -2    8  20   0  12   0  23   0   0   0   0   1  18   0   0   0  15   0   0   0   0  0.46 0.09
  142 T   -1 -1 -1 -2 -2  0 -2 -3 -2  1 -1 -1 -1  1 -2  0  4  5 -1 -1    1   3   0   0   0   6   1   1   0  10   1   0   0   9   0   4  51  11   0   1  0.54 0.17
  143 P    1 -2 -2 -2 -3  0 -2 -2 -2 -3 -3 -2 -2 -2  6 -1 -2 -2  2 -2   13   1   1   1   0   7   1   1   0   1   1   1   0   0  59   1   1   0  11   1  1.41 0.20
  144 D   -2 -2  0  5 -3 -1  0 -1 -1 -2 -1 -2 -2 -2 -2 -1 -2 -2  2 -3    1   1   1  62   0   1   3   3   0   1  10   1   0   1   1   1   1   0  11   1  0.80 0.16
  145 P    0  1  0 -1 -2 -1 -1 -2 -1 -2 -2 -1 -1  1  4 -1  0 -1  2 -2    6  11   4   2   1   1   2   2   1   2   3   2   1  10  30   2   8   0  12   2  0.51 0.07
  146 K   -1  1  1  0 -2  0  2 -1  0 -1  0  1 -1 -1 -1  1  0 -1  1 -1    2   8   7   2   1   1  20   2   1   1  13  10   1   1   1  15   2   0   9   2  0.16 0.05
  147 M   -1 -1 -1  1 -2  1 -1 -2 -2  2  1  0  2  0 -2 -1 -1 -2 -1  2    2   1   1  11   0   7   1   2   1  15  13  10   9   3   1   2   1   0   1  19  0.11 0.05
  148 N    0  2  2  1 -2  1  1 -1  0 -2 -2  0 -2 -1 -1  1  0 -2  1 -2    4  21  16   7   0   4  11   4   2   1   2   1   1   1   1   9   3   0   9   1  0.26 0.06
  149 A    1  0  0  0 -2 -1 -1  1 -1 -1  0 -1 -1 -1 -2  2  0 -2  2  0   18   7   4   4   0   1   1  10   0   1  12   1   0   1   1  20   1   0  10  10  0.11 0.06
  150 R   -2  5 -1 -2 -4  0  1 -3 -1 -3  0  2 -2 -3 -3  0 -2 -4 -3 -3    0  63   0   0   0   0  12   0   0   0  11   6   0   0   0   6   0   0   0   0  0.87 0.21
  151 T    0 -1 -1  1 -3  1 -1  0 -2  0 -2  0 -2 -3 -2  3  3 -4 -3 -1    0   0   0  11   0  10   0   7   0   9   0   6   0   0   0  30  28   0   0   0  0.40 0.14
  152 Y   -3  1 -3 -4 -4 -2  0 -5  4 -3 -3 -2 -3  1 -4 -3 -3  0  7 -3    0  10   0   0   0   0   6   0  11   0   0   0   0   0   0   0   0   0  73   0  1.45 0.30
  153 M    2  2 -1 -2 -2 -1  0 -1 -2 -1  0  0  1 -2 -2  1  2 -3 -3 -1   28  18   1   0   0   0   6   2   0   0   9   3   7   0   0   6  17   0   0   2  0.26 0.10
  154 D   -1 -1  0  4 -4  2  4 -3 -1  0 -3 -1 -2 -4 -2 -1 -2 -4 -3 -2    3   0   0  36   0  15  35   0   0  11   0   0   0   0   0   0   0   0   0   0  0.75 0.15
  155 V    0 -3 -3 -3 -2 -2  0 -4 -1  4  0 -3  0 -1 -3 -1 -1 -3 -2  3    6   0   0   0   0   0   7   0   2  51   0   0   0   0   0   3   0   0   0  30  0.50 0.14
  156 M   -2  1 -3 -4 -3 -1 -2 -4 -3  2  0  2  6 -2 -3 -2 -2 -3 -3  1    0   7   0   0   0   0   0   0   0  11   0  15  58   0   0   0   0   0   0   9  0.77 0.22
  157 R    2  4 -2 -2 -3  2 -1 -2 -1 -2 -1  2 -1 -3 -2 -1 -1 -4 -3 -1   31  32   0   0   0  13   0   0   0   0   5  14   0   0   0   0   0   0   0   5  0.51 0.13
  158 E    0  1 -1  1 -4  3  4 -3 -1 -3 -3  1 -2 -4 -2 -1  1 -4 -3 -3    8   8   0   4   0  19  41   0   0   0   0   8   0   0   0   0  13   0   0   0  0.65 0.13
  159 Q    1  1  0 -1 -3  5  2 -3 -1 -3 -3  1 -1  0 -2 -1  0 -3 -2 -1   13   8   4   0   0  44  11   0   0   0   0   4   0   7   0   0   4   0   0   4  0.54 0.14
  160 H    1  0  0  0 -3  3  2 -3  2 -1 -1  1  3 -2 -2 -1 -1 -3 -1 -2   17   4   2   4   0  17  18   0   9   2   2   7  16   0   0   0   0   0   2   0  0.34 0.14
  161 L   -2 -3 -4 -4  2 -3 -3 -4 -3  1  4  0  2 -1  1 -3 -2 -3  0  0    0   0   0   0   7   0   0   0   0   4  62   7   5   0   7   0   0   0   4   3  0.59 0.19
  162 T    1  1 -1  0 -3  2  2 -2  1 -2 -1  1 -1 -3 -2  1  1 -3 -2 -2   17   7   0   4   0  10  14   0   4   0   7  11   0   0   0  10  13   0   0   0  0.27 0.09
  163 K   -1  3 -1 -1 -4  1  2  1 -1 -3 -3  3 -2 -3  1 -1 -2 -4 -3 -1    3  19   0   0   0   7  13  13   0   0   0  28   0   0   8   0   0   0   0   7  0.46 0.13
  164 E    0 -2 -2  0 -4  2  5 -3 -1 -3 -1 -1 -2 -4  1 -1 -2 -4 -3 -3    8   0   0   0   0   6  68   0   0   0   7   0   0   0   7   0   0   0   0   0  0.97 0.25
  165 E    0  2 -1 -1 -4  3  4 -3 -1 -4 -3  2 -2 -4 -2 -1  0 -4 -3 -3    8  16   0   0   0  14  38   0   0   0   0  17   0   0   0   0   4   0   0   0  0.70 0.18
  166 R    1  2  0  1 -3  3  2  0 -1 -3 -3  0 -2 -3 -2  0  0 -4 -3 -2   20  17   4   7   0  21  16   5   0   0   0   0   0   0   0   2   7   0   0   0  0.43 0.13
  167 E    0  2  0  0 -4  3  4 -3 -1 -4 -4  2 -2 -4 -2 -1 -2 -4 -3 -3    9  12   3   3   0  15  46   0   0   0   0  12   0   0   0   0   0   0   0   0  0.80 0.20
  168 I   -1  0 -3 -3 -2 -2 -2 -4 -2  2  1  1  0 -1 -3 -2  0 -3  1  2    4   7   0   0   0   0   0   0   0  20  17  11   0   0   0   0   8   0   5  27  0.28 0.12
  169 R   -1  4 -2  0 -4  0  1 -3  1 -1  1  1  0  1 -3 -2 -2 -3 -2  0    2  42   0   5   0   0   8   0   3   0  15   5   2   7   0   0   0   0   0  10  0.42 0.16
  170 Q   -1  4  2 -2 -4  2 -1 -3  2 -3 -2  3  0 -4 -3 -1 -2 -4 -3 -3    4  40  15   0   0   7   0   0   5   0   2  24   3   0   0   0   0   0   0   0  0.76 0.21
  171 Q   -1  2  1  0 -4  3  2 -3  2 -3 -2  2 -2 -3 -2 -1  0 -4 -2 -2    5  13   9   4   0  21  18   0   7   0   3  13   0   0   0   0   5   0   0   3  0.47 0.13
  172 L   -2  0 -4 -5 -3 -3 -4 -5 -4  4  2 -3  3 -1 -4 -3 -2  5 -2  1    0   7   0   0   0   0   0   0   0  39  26   0  11   0   0   0   0  11   0   7  0.66 0.19
  173 A    2  1  0  1 -3  2  0 -1 -2 -1 -1  0 -1 -3 -2 -1  0  3 -2  0   32   7   3   8   0  14   5   4   0   4   4   3   0   0   0   0   4   7   0   5  0.25 0.12
  174 E   -1 -1 -1  2 -4  3  4 -3 -1 -4 -2  1 -2 -4 -2  1 -1 -4 -3 -3    4   0   0  12   0  23  36   0   0   0   4  11   0   0   0  11   0   0   0   0  0.70 0.21
  175 K   -2  3 -1 -2 -5  2 -1 -3 -2 -4 -4  5 -3 -5 -3  0 -2 -5 -4 -4    0  19   0   0   0   8   0   0   0   0   0  67   0   0   0   5   0   0   0   0  1.21 0.32
  176 A    3  1 -1 -2 -3  2 -1 -2 -2 -3 -3  3 -2 -4 -2  2  0 -4 -3 -2   36   7   0   0   0  10   0   0   0   0   0  25   0   0   0  19   3   0   0   0  0.58 0.21
  177 K    1  2 -1 -2 -4  2  1 -3 -2 -4 -4  5 -3 -4  1 -1 -2 -5 -3 -3   12   6   0   0   0   8   9   0   0   0   0  59   0   0   6   0   0   0   0   0  0.88 0.26
  178 A    2  0  0  2 -3  0  3 -2 -2 -3 -3 -1 -3 -4  1  1  0 -4 -3 -1   23   6   4  13   0   0  27   0   0   0   0   0   0   0   5  15   2   0   0   4  0.45 0.15
  179 G    0 -2 -2  0 -4  2  2  5 -2 -5 -5 -2 -4 -5 -3 -2 -3 -5 -4 -4    4   0   0   5   0  12  14  65   0   0   0   0   0   0   0   0   0   0   0   0  1.10 0.26
  180 E   -1  1 -1  1 -4  1  4 -3  1 -3 -3 -1 -2 -4  0  0  1 -4 -3 -3    4   6   0   6   0   6  51   0   4   0   0   0   0   0   4   4  11   0   0   0  0.70 0.20
  181 L   -2 -2 -2 -1 -3  1  2 -3 -2  0  3 -1  0 -1  1 -2 -1 -3 -2  0    1   1   1   1   0   9  23   1   0   1  45   1   0   1   7   1   1   0   1   5  0.36 0.14
  182 K    1  1 -1 -1 -3  2  2 -2  1 -2 -2  4 -2 -3 -1 -1 -1 -3 -2 -2   13   7   1   1   0   9  13   2   4   1   2  39   0   1   1   2   1   0   1   1  0.46 0.13
  183 V    2 -2 -2  0 -2  0  0  0 -2  1 -1 -1 -1  0  1  0  1 -3 -2  2   22   1   1   5   0   4   8   7   0  11   1   1   0   4   6   1   8   0   0  20  0.13 0.07
  184 V    0 -1  0 -1 -2  0  1 -1  1  0  0  1 -1 -2 -1  0  1 -3 -2  1    6   1   3   1   0   3   9   5   5   4   6  16   0   1   1   7  10   0   1  21  0.10 0.06
  185 N    0 -1  3  1 -3  1  1  0  3 -3 -3  1 -2 -3 -2  1  0 -4 -2 -3   10   0  24   5   0   7  12   6  12   0   0   9   0   0   0   8   5   0   0   0  0.42 0.13
  186 G    1 -1  2 -1 -2  0  0  2 -1 -2 -2  1 -2 -3  1  1  0 -3 -3  0   11   1  11   1   0   4   5  22   0   1   1  10   0   0   6  12   7   0   0   9  0.25 0.08
  187 A    3  0 -1  0 -2  0  0 -1 -2 -3 -3  1 -2 -3  2  2  1 -4 -3 -2   35   5   0   5   0   4   4   2   0   0   1  10   0   0   8  18   6   0   0   0  0.39 0.13
  188 A    3 -1 -1  0 -2  1  2 -2 -2 -2 -3  1 -2 -3  1  1  0 -4 -3 -1   41   0   0   4   0   6  16   0   0   0   0   7   0   0   6   9   5   0   0   4  0.42 0.15
  189 A    2  0 -1  0 -2  0  0 -2 -2  0 -1  0 -1 -2  2  1  0 -3 -2  0   28   5   1   6   0   2   4   1   0   4   5   6   0   0  12   9   4   0   0  11  0.23 0.08
  190 S    1 -1 -1  0 -2  1  0  1 -2 -1 -2  1  0 -3  1  2  1 -3 -2 -1   14   0   0   6   0   7   3  13   0   5   1  12   4   0   6  17   8   0   0   1  0.21 0.08
  191 Q    0  1  0  0 -3  3  1 -1  2 -3 -3  2 -2 -3  1  0  0 -3 -2 -3   10   4   3   6   0  22   4   4   8   0   0  22   0   0   7   4   4   0   0   0  0.41 0.13
  192 P    0  0 -1  0 -3  1  1  0 -2 -2 -1  2 -1 -3  3  1  0 -3 -2  0    7   1   1   5   0   4   9   7   0   1   5  21   0   0  19   9   3   0   0   8  0.33 0.09
  193 P    2 -2 -2  1 -3  1 -1 -2 -2 -3 -3  1 -2 -4  5 -1  0 -4 -3 -2   28   0   0   9   0   8   0   1   0   0   1   8   0   0  36   1   6   0   0   0  0.85 0.20
  194 S    2  0 -1  0 -2  2  1  0 -1 -3 -3  0 -2 -3  2  2  1 -3 -3 -2   19   4   0   4   0  11   8   6   0   0   1   5   0   0   9  25   6   0   0   0  0.37 0.12
  195 K    0  2 -1 -2 -4  1 -1 -1 -2 -4 -3  5 -2 -4  1  1 -1 -4 -3 -3    4   8   0   0   0   6   0   5   0   0   1  59   0   0   6   9   0   0   0   0  0.78 0.23
  196 R   -1  4 -1  0 -4  0  0  0 -2 -3 -3  3 -2 -4 -2  0  0 -4 -3 -1    4  38   0   4   0   0   4   8   0   0   0  26   0   0   0   3   4   0   0   6  0.59 0.18
  197 K    0  4  0 -2 -3  1 -1 -2 -1 -3 -3  3 -2 -3 -2  1  0 -4 -3 -3   10  34   4   0   0   5   0   1   0   0   1  26   0   0   0  14   4   0   0   0  0.61 0.17
  198 R    0  3  2 -2 -3 -1  0  2 -2 -1 -1  0 -2 -3 -2  2 -1 -4 -3 -2    8  26  11   0   0   0   4  18   0   6   5   0   0   0   0  20   0   0   0   0  0.35 0.14
  199 R   -1  5  0  1 -4  1  0 -3 -1 -2 -1  0 -2 -3 -3 -1 -2 -4 -3 -1    4  55   5  10   0   4   5   0   0   0   5   0   0   0   0   4   0   0   0   6  0.68 0.21
  200 W   -2 -4 -4  1 -5  0 -4 -4 -4 -4 -4 -4 -3 -2 -5 -4 -4 10  0 -4    4   0   0   9   0   4   0   0   0   0   0   0   0   0   0   0   0  80   0   0  3.01 0.51
  201 D    0 -3  0  6  2 -1  1 -1 -2 -4 -4 -2 -3 -4 -3 -1 -2 -4 -4 -3    9   0   0  66   6   0   9   5   0   0   1   0   0   0   0   1   1   0   0   1  1.09 0.25
  202 Q    1 -1 -1  0 -2  5  2 -2 -1 -1 -2  0 -1 -3 -1  0 -1 -2 -2 -2   14   1   1   4   0  43  13   2   0   6   2   1   1   1   1   6   1   0   1   1  0.54 0.16
  203 T    2 -2 -1  1 -2  0  1  0 -2 -2 -2 -1 -2 -3 -2  1  3 -3 -2 -1   25   1   1   9   0   5   8   5   0   1   1   1   0   0   1   8  34   0   0   1  0.40 0.14
  204 A    2 -1 -1 -1 -2  1  1  0 -1 -1 -2 -1 -1 -2  3  1 -1 -3 -2  0   21   1   1   1   0   8  13   6   0   1   2   1   0   1  17  13   1   0   1  10  0.34 0.09
  205 D    0 -2  0  4 -3 -1  2  1 -1 -3 -3 -1 -2 -3 -2  1  1 -3 -3 -2    5   1   1  32   0   1  17  11   0   1   1   1   0   1   1  14  10   0   1   1  0.49 0.13
  206 Q    2 -1 -1  0 -3  2  3  1 -1 -2 -2  0  0 -3  0  0  0 -3 -3 -1   22   0   0   3   0  15  24  10   0   0   1   4   3   0   3   6   4   0   0   3  0.35 0.12
  207 T    1 -2 -1 -2 -3  2  2 -1 -2 -3 -3 -1 -2 -3 -2  2  4 -4 -3 -2   16   0   0   0   0   9  14   3   0   0   0   0   0   0   0  15  41   0   0   0  0.59 0.21
  208 P    0 -2 -2  1 -3  0  0 -1 -2 -3 -3 -2 -3 -1  5  0  1 -4 -3 -1    9   0   0  12   0   3   4   3   0   0   0   0   0   4  42   7  10   0   0   4  0.87 0.19
  209 G    2 -2  0 -1 -3 -1  0  3 -2 -1 -2  1 -2 -3 -2  0  0 -4 -3  1   20   0   3   3   0   0   4  32   0   2   0  10   0   0   0   4   6   0   0  14  0.33 0.12
  210 A    2  1 -2 -2 -2 -1  1 -2 -2  0 -2  0 -1 -1  2  2  0 -3 -2  0   27   9   0   0   0   0  13   0   0   9   0   3   0   3   9  17   2   0   0   7  0.26 0.11
  211 T    1  0 -1 -1 -2  0  1  1 -2 -1 -2  2 -2 -3 -2  1  2 -3 -2 -1   14   5   0   1   0   0  10  15   0   3   1  15   0   0   0  10  19   0   0   5  0.25 0.09
  212 P    1  3 -1 -2 -3  1 -1 -2 -1 -2 -1  2 -2 -3  4 -1  0 -3 -2 -2   14  19   1   1   0   5   1   1   0   1   5  17   0   1  27   1   4   0   1   1  0.60 0.13
  213 K    1  2 -1 -1 -3  1  0 -2 -1 -2 -1  5 -2 -3 -2 -1 -1 -3 -2 -2   12   7   1   1   0   4   5   1   0   1   7  55   0   1   1   1   1   0   1   1  0.59 0.17
  214 K   -1  4  0 -2 -3  0 -1  0 -1 -3 -3  4 -2 -3 -2 -1 -1 -3 -2 -3    4  26   5   1   0   1   1   7   0   1   2  46   0   1   1   1   1   0   1   1  0.69 0.18
  215 L    1  1 -1 -2 -2  1 -1 -1 -1  0  0  1  1 -1 -1  0  1 -2 -2  0   14  11   1   1   0   7   1   4   0   8  12   9   8   1   1   5  10   0   1   5  0.10 0.05
  216 S    1  1  2 -1 -3 -1 -1  2 -2 -3 -3  0 -2 -3 -2  3  0 -3 -3 -3    8   8  12   1   0   0   1  18   0   1   1   5   0   0   1  43   1   0   0   1  0.51 0.17
  217 S    1  4 -1  1 -3  0  0 -2 -1 -2 -3  0 -2 -3 -2  1  2 -3 -3 -1   16  32   0  11   0   0   5   1   0   1   1   1   0   0   1  15  14   0   0   3  0.41 0.14
  218 W   -1 -4 -4 -4 -4 -3 -4 -1 -3 -3 -1 -4 -3 -2  0 -1 -3 10  0 -3    7   0   0   0   0   0   0   6   0   0   6   0   0   0   5   4   0  68   0   0  2.24 0.40
  219 D   -2 -3  0  6 -4 -2  0 -3 -2 -4 -4 -2 -4 -4 -3  1  0 -5 -4 -2    0   0   0  75   0   0   3   0   0   0   0   0   0   0   0   9   6   0   0   4  1.35 0.31
  220 Q    1 -1 -1 -2 -3  4  1 -2 -1 -2 -2  0  1 -3  1  1  0  2 -2  0   15   0   2   0   0  30   9   0   0   0   0   3   7   0   6  11   2   4   0   9  0.37 0.16
  221 A    2 -2 -1  0 -2 -1 -1  1 -2 -2 -1 -1 -1 -2 -1  2  2  3 -2 -1   27   1   1   7   0   1   3   9   0   1   5   1   0   1   1  18  17   6   0   1  0.31 0.11
  222 E    1 -1 -1 -1 -3  3  3 -2 -1 -3 -3  1 -2 -3  3  1 -1 -3 -3 -2   10   1   1   1   0  18  28   1   0   1   1   9   0   0  18   9   1   0   0   1  0.59 0.14
  223 T    1 -1  1  1 -2 -1 -1  0 -2  0 -2  0 -1 -2 -2  1  3 -3 -2  0   15   0   7   8   0   0   1   7   0   6   1   6   0   0   0   8  33   0   0   6  0.27 0.10
  224 P    0 -2 -2 -2  2  0  1 -3 -2 -3 -3 -2 -3 -3  6  0 -1 -4 -3 -2    8   1   0   1   6   4  10   1   0   1   1   1   0   0  57   4   4   0   0   1  1.32 0.21
  225 G    1 -2 -1  1 -3 -2 -1  4 -2 -3 -3 -2 -2 -3  0  1  0 -3 -3 -2   16   1   1   9   0   1   1  49   0   1   1   1   0   1   3   8   3   0   0   2  0.61 0.13
  226 H    0  1  0  1 -2  0 -1 -2  2 -1 -1  1 -1 -2  0  2  0 -3 -1  0    9   8   1   9   0   1   1   1  10   1   4  13   2   1   3  22   5   0   0   9  0.18 0.07
  227 T    1  1 -1  1 -2 -1 -1 -1  0 -1  0 -1 -1  0 -2  0  3 -3 -2  0   11   8   1   8   0   1   1   4   2   1   9   1   0   6   1   4  39   0   0   4  0.25 0.11
  228 P    0 -1  0 -1 -3  1  1 -2 -2 -3 -3  0 -2 -3  6  1  0 -3 -3 -2    4   1   4   1   0   8   9   1   0   1   1   6   0   1  47  11   4   0   0   1  1.03 0.16
  229 S    1  3  0 -1 -2  0  1  1 -1 -3 -2  1 -2 -3 -1  2  0 -3 -2 -2   14  24   2   2   0   1   9  10   0   1   2   6   0   1   1  25   1   0   1   1  0.34 0.10
  230 L    2 -1  0 -1 -1 -1 -1 -1  0  0  0  1 -1 -2 -1  1  0 -2 -1  1   25   1   4   1   0   1   2   2   3   7   7  11   1   1   1  15   3   0   1  13  0.13 0.05
  231 R    1  5 -1  0 -3  0  1 -3 -1 -2 -3  1 -2 -3 -2 -1 -2 -3 -3  0   12  60   0   5   0   0   8   1   0   0   1   0   0   0   0   1   0   0   0  10  0.73 0.19
  232 W   -2 -2 -3 -3 -3  1 -2  0 -2 -2  0  0 -1 -1 -3 -3 -3  9  2 -1    1   0   0   0   0   8   1   8   0   0  12   8   0   0   0   1   0  47   6   6  1.23 0.23
  233 D   -1 -2  2  5 -3 -1  0 -2 -1 -3 -3 -1 -3 -3  1  1  1 -3 -3 -3    1   1   8  53   0   1   1   1   0   1   2   1   0   1   9   9   9   0   1   1  0.76 0.15
  234 E    1  0 -1  0 -2  1  3 -2 -1 -2 -1  2 -1 -2 -1  1 -1 -3 -2 -2   18   1   1   1   0   6  32   1   0   1   9  16   0   1   1   9   1   0   1   1  0.34 0.09
  235 T   -1 -1 -1  0 -2 -1  1 -2 -2 -1  0  1 -1 -2 -2  0  4 -3 -2  0    1   1   1   5   0   1  14   1   0   1   9   8   0   0   1   1  51   0   0   6  0.45 0.15
  236 P    0 -2 -2 -2 -3  0 -1  0  2 -3 -3 -1 -2 -3  6  0 -1 -3 -2 -2    9   1   1   1   0   6   1   6   8   1   1   1   0   1  56   5   1   0   0   1  1.28 0.18
  237 G    1 -1  0 -1 -3 -1 -1  4 -2 -3 -3  1 -2 -3 -2  1  0 -3 -3 -2    9   1   5   1   0   1   1  48   0   1   1  12   0   1   1  12   7   0   0   1  0.58 0.12
  238 R    0  2  0 -1 -2  0 -1 -1  2 -1 -1  1 -1  0  1  0  2 -2 -1  0    8  20   5   1   1   1   2   5   6   1   2   9   1   4   6   2  18   0   1   6  0.18 0.05
  239 A    1 -2  0 -1 -2 -1  0  1 -1  0 -1 -1 -1 -2  0  1 -1  4 -2  0   16   0   6   0   0   0   9  15   1   8   5   1   0   0   4  16   1   8   0   8  0.17 0.06
  240 K    1  3  0 -1 -2  0  0  0 -1 -2 -2  2 -2 -3 -2  1  0 -3 -2  0   12  18   5   1   0   0   6   5   0   1   1  23   0   0   1  16   4   0   0   8  0.30 0.09
  241 G    0  0 -1  1 -2 -1 -1  3 -2 -1  0 -1  1 -2 -2  0  0 -3 -3  0    8   7   1   8   0   0   1  37   0   1   8   1   5   0   1   8   4   0   0   9  0.29 0.08
  242 S    2 -2 -1  0 -2 -1  0  1 -2 -1 -1 -1 -1 -2  0  2  1  2 -2 -1   18   1   1   5   0   0   5  10   0   3   7   1   0   0   3  29   9   5   0   1  0.25 0.08
  243 E    2 -1 -1  3 -3  1  3 -2 -1 -2 -2 -1 -2 -3 -2  0 -1 -3 -3  0   25   1   1  20   0   7  31   1   0   1   1   1   0   0   1   1   1   0   0   8  0.47 0.13
  244 T    2 -2 -1 -2 -2 -1 -1 -2 -2 -2 -2 -1 -2 -3 -2  1  5 -3 -2 -1   26   1   1   1   0   0   1   1   0   1   1   1   0   0   1   8  57   0   0   1  0.72 0.20
  245 P   -1 -2 -3 -2 -3 -2  1 -3 -3 -2 -3 -2 -3 -3  7 -2 -2 -4 -3  0    1   1   1   1   0   0   9   1   0   1   1   1   0   0  71   1   1   0   0  10  1.81 0.26
  246 G    0  0  0  2 -2 -1  1  2 -1 -2 -2 -1 -2 -3 -2  1  0 -3 -2  0    5   8   3  15   0   1   8  26   0   1   1   1   0   1   1  12   7   0   1  10  0.26 0.06
  247 A    3 -2 -2 -2 -2  0  0  0  1 -2 -1 -2 -1 -2  1  0 -1  3 -2  0   48   0   0   0   0   3   8   7   5   0   7   0   0   0   7   0   0   7   0   7  0.37 0.14
  248 T   -1 -2 -1 -2 -3 -1  1  0 -2  0 -2  1 -2 -3 -3  0  5 -4 -3 -1    0   0   0   0   0   0  13   9   0   7   0  11   0   0   0   0  60   0   0   0  0.68 0.23
  249 P   -1  0 -2 -3 -4 -2 -2  0 -3 -4 -4  1 -3 -4  6  0 -2 -4 -4 -3    1   7   0   0   0   0   0   7   0   0   1   9   0   0  67   6   0   0   0   0  1.68 0.25
  250 G    0  2  1 -1 -3  1 -1  4 -1 -4 -3  1 -2 -3 -2  1 -1 -3 -3 -3    7  15   8   0   0   7   0  41   0   0   1   8   0   0   0  10   0   0   0   0  0.55 0.12
  251 S    0  3 -1  0 -3 -1 -1  1  2  0 -2  0 -2 -3 -2  1  0 -3 -2  0   10  28   0   7   0   0   0  15   7   7   0   0   0   0   0  11   5   0   0   9  0.24 0.10
  252 K    1  4  0 -2 -2  0 -1  0 -1 -2 -2  1 -2 -3 -2  1 -1 -3 -2  0   16  34   4   1   0   0   2   5   0   0   1   7   0   0   1  16   1   0   0  10  0.37 0.11
  253 I   -1  4  0 -1 -3  0  1 -2 -1  0 -1  1  0 -2  1  1  1 -3 -2 -1    1  36   3   1   0   0   8   1   0   9   2   3   3   0   7  14   7   0   0   2  0.35 0.10
  254 W   -4  0 -5 -6 -5 -3 -5  0 -4 -5 -4 -4 -3 -2 -1 -4 -4 10  0 -4    0   7   0   0   0   0   0   7   0   0   0   0   0   0   4   0   0  82   0   0  2.98 0.44
  255 D   -1 -2  0  6 -5 -2  1 -1 -2 -5 -5  0 -4 -5 -3 -2 -2 -6 -5 -4    5   0   0  82   0   0   3   4   0   0   0   7   0   0   0   0   0   0   0   0  1.49 0.29
  256 P    1  1 -1 -1 -3  2  2  0 -1 -2 -3  0 -2 -3  3  0  0 -4 -3 -1   17   7   0   0   0  12  20   8   0   0   0   0   0   0  18   4   7   0   0   5  0.43 0.10
  257 T    2 -2 -1 -2 -2 -2 -2 -1 -2 -1 -1 -2 -1 -3 -2  0  5 -4 -3  0   19   0   0   0   0   0   0   4   0   0   7   0   0   0   0   0  62   0   0   5  0.69 0.21
  258 P    0 -2 -3 -2 -3 -2  0 -3 -3  0 -3 -2 -2 -3  7 -2 -2 -4 -3 -2    8   1   1   1   0   1   5   1   0   7   1   1   0   0  70   1   1   0   0   1  1.73 0.23
  259 S    2 -2 -1 -2 -2 -1 -1  2 -2 -2 -2  0  1 -3  1  3  0 -3 -3  0   20   0   0   0   0   0   0  15   0   0   1   6   8   0   5  34   0   0   0   8  0.35 0.12
  260 H    1  3 -1 -1 -3  0  2 -2  5 -3 -3  0 -2 -2 -2  0  0 -3 -1 -2   12  20   1   1   0   1  16   1  29   1   1   1   0   1   1   8   6   0   0   1  0.49 0.12
  261 T    1  0 -1 -2 -2 -1 -1 -2 -2  1 -1 -1 -1  0 -2  0  3 -2 -1  1   17   6   1   1   0   1   1   1   0   9   1   1   0   5   1   4  33   0   0  17  0.25 0.09
  262 P    2  0 -1  0 -2 -1 -1 -2 -2 -2 -2 -1 -2 -3  5  1  0 -3 -2  0   21   6   1   4   0   1   1   1   0   1   2   1   0   1  36  10   6   0   1   7  0.71 0.11
  263 A    2 -1 -1  1 -2 -1  0  0 -2  0 -1  0  2 -2  1  0  0 -3 -2  0   30   1   1   9   0   1   7   8   0   6   1   6  11   1   5   1   4   0   0   8  0.15 0.06
  264 G    0 -2 -1  1 -2 -2 -1  4 -2 -2 -3 -2 -2 -2 -2  1 -1  3 -2 -1    4   1   1   8   0   1   1  52   0   1   2   1   0   1   1  13   1   5   1   6  0.58 0.10
  265 A    2 -1 -1  2 -2 -1  0 -1  0 -2 -2 -1 -1  1 -1  2  1 -2 -1 -1   34   1   1  15   0   1   6   1   3   1   2   1   0   8   1  16   6   0   1   1  0.26 0.07
  266 A    4 -2 -1 -2 -1 -1  0 -1 -2 -2 -2 -1 -1 -2 -1  2  0 -3 -2  0   60   1   1   1   0   1   7   1   0   1   1   1   0   1   1  16   3   0   0   5  0.49 0.12
  267 T   -1 -2 -1  0  2 -1 -1  0 -2 -2 -2 -1 -1 -2 -2  0  5 -3 -2 -1    1   1   1   6   8   1   1   6   0   1   1   1   0   1   1   1  68   0   0   1  0.68 0.16
  268 P    0 -2 -2 -2 -3 -2 -2 -2 -2 -3 -3 -2 -3 -3  7  0 -2 -4 -3 -3    6   1   1   1   0   1   1   1   0   1   1   1   0   1  76   6   1   0   0   1  1.92 0.20
  269 G    1  0 -1  0 -3 -2 -2  4  2 -3 -3 -2 -3 -3 -2 -1  1 -4 -3 -3   12   6   0   6   0   0   0  56   7   0   0   0   0   0   0   0  10   0   0   0  0.71 0.13
  270 R   -1  4 -1 -2 -3  0 -1 -1  2 -1 -1  0 -2 -2  0  0 -1  3 -2  0    1  48   0   0   0   0   0   6   8   4   4   0   0   0   5   5   3   5   0   7  0.46 0.12
  271 G    1 -1 -1  0 -2 -1 -1  3 -2 -2 -2 -1 -2 -2 -1  1  1 -2 -2 -1   11   1   1   7   1   1   2  38   1   1   2   2   1   1   1  10  11   0   1   7  0.34 0.05
  272 D    1  0  1  2 -2  0  2  0 -1 -1 -2  0 -1 -2  0  1  0 -3 -2 -1   15   5   5  17   0   1  20   7   1   5   2   1   1   1   5   7   4   0   1   2  0.23 0.04
  273 T    1  0 -1  1 -2 -1 -1 -2 -2 -1 -2  0 -1 -2 -2  1  4  1 -2  0   14   5   0   8   0   0   1   1   0   1   1   3   0   0   1   5  49   3   0   8  0.39 0.10
  274 P    0  2 -2  0 -3 -1  1 -2 -2 -2 -1  0 -2 -3  6 -1 -1 -3 -3 -2    6  15   1   4   0   1   8   1   0   1   6   3   0   1  49   1   1   0   0   1  1.04 0.11
  275 G    1  1 -1 -2 -2 -1 -2  4 -2 -1 -2 -1 -2 -2 -2 -1 -1  5 -1 -2   13  11   1   1   0   1   1  43   0   5   2   1   0   1   1   1   1  15   1   1  0.55 0.08
  276 H   -1  0  0  3 -3  0  1 -2  5 -3 -2 -1 -2 -2  0  0  1 -3 -1 -2    2   5   1  27   0   1   6   2  32   1   2   1   0   1   3   4  10   0   1   1  0.50 0.09
  277 A    4 -2 -1 -1 -2 -1  1 -1 -2 -2 -2 -1 -2 -3  2  1  0 -3 -2 -1   59   1   1   3   0   1   8   1   0   1   1   1   0   0   9  10   1   0   0   2  0.49 0.10
  278 T   -1 -1 -1 -2 -2 -1  0  0 -2 -1 -2 -1 -1 -2 -2  0  5 -3 -2  1    1   3   1   1   0   1   5   6   0   1   1   1   0   0   1   1  66   0   0  11  0.56 0.13
  279 P    0 -2 -2 -1 -3 -1  1  0 -2 -3 -3 -1 -2 -3  6 -1 -2 -3 -3 -2    5   1   1   1   0   1  12   7   0   1   1   1   0   1  65   1   1   0   1   1  1.51 0.14
  280 G    1 -1  0 -1 -1 -1 -1  2 -1 -1 -2  0 -1 -2 -1  2  1 -2 -2 -1   12   2   1   2   1   1   2  20   1   2   3   6   1   1   2  32   5   0   1   6  0.25 0.04
  281 H    1  2 -1 -2 -2  0 -1 -2  3  0  0  0  1 -2  0  0  1 -2 -1  0   14  19   1   1   0   1   1   2  15   4   6   1   8   1   4   2  15   0   1   5  0.17 0.05
  282 G    2 -1  0  1 -2 -1 -1  3 -1 -2 -2 -1 -2 -2  1  0 -1 -2 -2 -2   27   1   4  11   0   1   2  29   1   1   2   1   1   1   7   6   1   0   1   2  0.34 0.05
  283 G    0  2  0  1 -2 -1 -1  3 -1 -2 -1  0 -2 -2 -1  0 -1 -2 -2 -2    8  16   1  13   1   1   2  36   1   1   6   6   1   1   1   2   2   0   1   2  0.32 0.05
  284 A    2 -1  2 -1 -2 -1 -1  1 -1 -2 -1 -1  1 -2  1  2  1 -2 -2 -1   24   1  12   1   0   1   1  10   0   1   2   1   8   1   7  20   8   0   1   1  0.25 0.05
  285 T    1  1 -1 -1  3  1  1 -2 -1 -1 -2  0 -1 -2 -2  0  3 -3 -2 -1   10  11   1   1  10   7   8   1   0   1   1   1   0   1   1   3  38   0   0   3  0.32 0.08
  286 S    1 -1 -1 -1 -2  0  1  2 -1 -2 -2  0 -2 -2  1  2  0 -3 -2 -2   17   1   1   1   0   4  12  15   0   1   2   5   0   1   7  28   4   0   1   1  0.32 0.05
  287 S    1  3  0 -1 -2  0 -1  0 -1 -2 -2  2 -2 -2  0  2  1 -3 -2 -2    8  27   1   1   0   1   1   5   0   1   2  12   0   1   4  25  11   0   1   1  0.35 0.06
  288 A    1  0 -1 -1 -2  0  1  1 -1 -1 -2  0 -1 -2  2  2  0 -3 -2  0   16   4   1   1   0   1   9  11   0   2   2   7   0   1   8  25   4   0   1   7  0.23 0.04
  289 R    0  4 -1 -2 -3  2  0 -1 -1 -3 -2  1 -2 -3  1 -1 -1 -3 -2 -2   12  47   1   1   0  13   1   4   0   1   2   5   0   1   7   1   1   0   1   1  0.56 0.10
  290 K    0  3 -1 -1 -3  0 -1  2 -1 -3 -2  3 -2 -3 -1  0 -1 -3 -2 -2    9  27   1   1   0   1   1  20   0   1   2  26   0   1   1   8   1   0   1   1  0.42 0.07
  291 N   -1 -1  4  0 -2  1 -1  1 -1 -1 -2  1 -2 -2 -2  2  0 -3 -2  0    1   1  32   1   0   6   1   9   0   1   2  11   0   1   1  19   1   0   1  12  0.32 0.07
  292 R    0  4 -1 -1 -3  0  1 -2 -1 -2  0  1 -1 -2  2  0 -1 -3 -2 -2    8  47   1   1   0   1   9   1   0   1  11   1   0   1  11   4   1   0   1   1  0.48 0.09
  293 W   -3 -3 -3 -4 -3 -3 -3 -3 -2 -2 -2 -3 -2  4 -3 -3 -3  9  1 -2    1   1   1   1   0   1   1   1   0   1   1   1   0  28   1   1   1  60   0   1  1.93 0.22
  294 D   -1 -2  0  5 -3 -1  0 -2 -2 -3 -2 -2 -2  3 -2 -1 -2 -3 -1 -3    4   1   1  64   0   1   1   1   0   1   1   1   0  21   1   1   1   0   0   1  0.87 0.15
  295 E    0 -1  0  0 -3  0  4 -2 -1 -2 -2 -1 -2  1 -2  0  1 -3 -1 -1   11   1   5   1   0   1  48   1   0   1   1   1   0  10   1   1  11   0   0   6  0.41 0.10
  296 T    1 -2 -1 -2 -2 -1 -1 -2 -2 -1 -2 -1 -1  1 -2  2  4 -3 -1 -1    9   1   1   1   0   1   1   1   0   1   1   1   0  10   1  11  60   0   0   1  0.56 0.13
  297 P   -1 -2  0 -2 -3 -1 -1 -2 -2 -3 -2  0 -2  1  6  0 -1 -3 -2 -2    1   1   5   1   0   1   1   1   0   1   1   9   0  10  60   6   1   0   0   1  1.35 0.14
  298 K    0  1 -1 -1 -2  0  0 -1 -1 -1  0  3 -1 -2 -1  1  1 -2 -2  0    7   4   1   1   0   1   3   3   1   1  12  31   1   1   1  11   7   0   1  11  0.17 0.05
  299 T    0  0 -1 -1 -2 -1  0 -1 -1 -1  0 -1  1 -2  2  2  2 -2 -2 -1    6   4   1   1   0   1   3   2   1   1  11   1   7   1  10  23  22   0   1   3  0.24 0.06
  300 E   -1  0  0  1 -2  1  3  0 -1 -2 -2  0 -1  1  0  1  0 -2 -1 -1    2   4   1  10   0   6  26   6   0   1   2   1   1  10   5  13   7   0   1   3  0.23 0.05
  301 R   -1  4  0 -1 -2  0 -1  1 -1 -1 -1  0  0 -2 -1  0 -1 -2 -2 -1    2  41   5   1   0   1   2  12   1   1   8   1   5   1   1  10   1   0   1   5  0.32 0.08
  302 D    0  1  1  3 -3  0  2  1 -1 -2 -2  0 -2 -3 -1  0  1 -3 -2 -2   10   9   9  21   0   1  15  13   0   1   2   1   0   1   1   1  13   0   1   1  0.31 0.07
  303 T    1 -1 -1  1 -2 -1 -1  1 -2 -1  0  1 -1 -2 -2  1  1 -3 -2  0   12   1   0  12   0   0   1  12   0   1  12  12   0   0   1  12  12   0   0  12  0.12 0.06
  304 P    0 -2 -2  0 -3 -2 -1 -1 -2 -3 -3  0 -3 -4  6  1 -1 -4 -3 -3    8   1   0   6   0   0   1   3   0   1   1   8   0   0  55  13   1   0   0   1  1.29 0.22
  305 G    1 -3 -1 -1 -3 -2 -2  5 -3 -3 -3 -2 -3 -4 -3  1 -1 -4 -4 -2    9   0   0   3   0   0   0  68   0   0   1   0   0   0   0   9   3   0   0   4  0.99 0.21
  306 H    1  2 -1 -2 -3  0 -1 -1  5 -1 -2  1  1 -2  1 -1  0 -3 -1 -2   14  11   1   1   0   3   1   5  28   4   1  11   6   0   7   1   6   0   0   1  0.38 0.14
  307 G    0  1  0 -1  2 -1  0  3 -2 -2 -2  0  1 -3  1  0  1 -3 -3 -2    2   9   4   1   6   1   5  35   0   1   1   4   6   1   6   5  11   0   0   1  0.33 0.10
  308 S    1  0 -1 -2 -2 -1 -1 -2 -2 -3 -3 -1 -2 -3  2  4  2 -3 -3 -2   14   4   0   1   0   0   1   1   0   0   1   1   0   0  10  48  18   0   0   1  0.63 0.19
  309 G    1  1 -1 -2 -3  0 -1  4 -2 -2 -3 -1 -2 -3 -2  1 -1 -3 -3  0   15  12   0   0   0   3   4  40   0   0   1   0   0   0   0  13   0   0   0  10  0.46 0.14
  310 W   -4  0 -4 -5 -4 -3 -4 -1 -3 -1 -3 -4 -3  1  1 -4 -4 10  0 -3    0   6   0   0   0   0   0   7   0   4   0   0   0   8   7   0   0  66   0   0  2.22 0.42
  311 A    3 -2 -1  3 -3 -2  0  3 -2 -3 -3 -2 -3 -4 -2  0 -1 -4 -4 -2   44   0   0  24   0   0   4  22   0   0   0   0   0   0   0   4   0   0   0   0  0.65 0.21
  312 E    1 -2 -1  0 -3  1  5 -2 -1 -1 -3 -1  0 -3 -2  1 -1 -4 -3 -1   12   0   0   0   0   3  58   1   0   4   1   0   4   0   0  10   0   0   0   5  0.72 0.22
  313 T   -1 -3 -1 -1 -3 -2 -2 -3 -3 -2 -3 -2 -2 -3 -3  0  6 -4 -3 -2    0   0   0   3   0   0   0   0   0   0   1   0   0   0   0   0  92   0   0   0  1.46 0.40
  314 P   -2 -3 -3 -3 -4  0 -2 -4 -3 -4 -4 -2 -3 -4  7 -2 -1 -5 -4 -4    0   0   0   0   0   6   0   0   0   0   1   0   0   0  86   0   3   0   0   0  2.48 0.41
  315 R    0  4  0 -2 -3  0 -1  1 -1 -2 -2  0  0 -3  0  0  1 -3 -3 -1    8  41   4   0   0   3   0  11   0   0   1   1   3   0   3   8  10   0   0   6  0.43 0.15
  316 T    1  1 -1  0 -2 -1 -1  0 -2 -1 -2  0  0 -3  2  0  3 -3 -2 -1   16   9   0   4   0   0   1   9   0   3   1   3   4   0  11   1  32   0   0   3  0.31 0.12
  317 D    0  0  0  3 -2 -1  0  1 -2 -2 -2  0 -2 -3  1  1  1 -3 -3  0    7   4   1  29   0   1   1  14   0   1   1   5   0   1   7   9  11   0   1   8  0.31 0.09
  318 R   -1  4 -1 -1 -3  0  0 -1  3 -3 -2  1  0 -3  2  0 -1  2 -2 -2    3  38   1   3   0   1   7   4  10   1   1   5   3   0  11   5   1   4   0   4  0.47 0.14
  319 G    1  0 -1 -2 -3 -2 -2  4 -2 -2 -1 -2  2 -3  1  1  0 -3 -3 -1   12   5   0   1   0   0   1  40   0   0   4   1  10   0   6  12   4   0   0   3  0.43 0.13
  320 G    0  2 -1  0 -3 -1 -2  4 -2 -2 -2 -1 -2 -1 -2  0  0 -3 -2 -1    9  14   1   4   0   1   1  43   0   1   4   1   0   4   1   3   7   0   0   5  0.42 0.12
  321 D    0 -2  0  5 -3 -1  2 -2 -2 -3 -3 -1  0 -3  1  1 -1 -4 -3 -3    6   1   1  48   0   1  12   1   0   1   1   1   3   1   5  16   1   0   0   1  0.72 0.18
  322 S    1  0  0  1 -2  0  0  1 -1 -2 -2  0 -1 -3 -2  2  2 -3 -2 -1   17   5   4   8   0   4   4   9   0   0   4   4   0   0   0  18  18   0   0   3  0.24 0.08
  323 I    0 -2 -2 -3 -2 -2 -2 -3 -2  3  0 -2  1 -1  1 -1  0  4  1  2    9   1   1   1   0   1   1   1   0  25   1   1   4   1   8   1   8   7   8  23  0.29 0.11
  324 G    0 -1  0  0 -3  1  1  4 -2 -3 -2  0 -2 -3  1  0  0 -3 -3 -3    4   1   2   6   0   7  10  45   0   1   4   5   0   1   6   3   5   0   0   1  0.49 0.12
  325 E    0  0 -1  1 -3  0  4 -2 -1 -1 -2  0 -2 -3  0  0 -1 -3 -2  0    7   3   1   3   0   1  53   1   0   2   4   4   0   1   5   4   1   0   1   8  0.56 0.16
  326 T    0 -2  0 -2  1 -1  0 -3 -2 -2 -1 -2 -2 -3 -2  1  5 -4 -3 -1    5   0   4   0   4   0   7   0   0   0   4   0   0   0   0   7  64   0   0   3  0.76 0.26
  327 P    0  0 -3 -1 -4 -1 -2 -2 -3 -3 -3 -2 -3 -4  6 -2 -2 -5 -4  0    8   5   0   3   0   3   0   2   0   0   0   0   0   0  66   0   0   0   0  11  1.65 0.32
  328 T    0 -2 -1 -2 -2 -2 -2 -3 -3  0 -1 -2 -1 -3 -2  1  5 -4 -3  0    6   0   0   0   0   0   1   1   0   6   4   0   0   0   0   6  69   0   0   4  0.86 0.28
  329 P   -1 -3 -3 -3 -4 -2  0 -3 -3 -3 -3 -2 -3 -4  7 -2 -1 -4 -4 -1    4   0   0   0   0   0   7   1   0   0   1   0   0   0  76   1   2   0   0   5  2.02 0.36
  330 G    1 -2  1 -2 -3 -2 -2  4 -2 -3 -3 -1 -3 -3  0  1  1 -3 -3 -3    8   1   9   1   0   0   1  50   0   1   1   3   0   0   5   9   9   0   0   1  0.68 0.18
  331 A    3  0 -2 -2 -2 -1  0  0  1 -1 -2  1 -2 -3  2  0 -1 -3 -2 -1   45   5   0   1   0   0   4   7   5   4   1   9   0   0  11   4   1   0   0   3  0.38 0.15
  332 S    1 -1 -1 -2 -2 -1 -2  0 -2 -2 -2  1  0  1 -2  2  3  2 -1  0   12   0   0   0   0   0   0   5   0   0   1  10   3   8   0  25  23   4   0   7  0.30 0.15
  333 K   -2  2 -1 -2 -4  0  0 -1  2 -3 -3  4 -2 -3  1  0  2 -4  0 -3    0  14   0   0   0   0   4   4   5   0   0  36   0   0   7   3  21   0   4   0  0.54 0.21
  334 R   -2  4 -2 -3 -4  1 -1 -3  3 -1 -3  3 -2 -3  1 -2 -1  2 -2 -3    0  40   0   0   0   6   0   0   8   4   0  25   0   0   6   0   4   4   0   0  0.78 0.25
  335 K   -2  5  0 -2 -4  1  1 -3  2 -2  0  2 -2 -3 -3 -2 -2 -4 -2 -1    1  53   4   0   0   3   9   1   6   0   9   8   0   0   0   1   0   0   0   4  0.74 0.23
  336 S    1  1  0 -2 -3 -1 -2 -1  1 -4 -4 -1 -3 -4 -2  5  0 -4 -3 -3   12  10   2   0   0   0   0   3   4   0   0   0   0   0   0  67   0   0   0   0  0.88 0.32
  337 R   -1  6 -2 -3 -5 -1  0 -4  3 -4 -1  0 -3 -4 -3 -1 -3 -4 -3 -4    4  73   0   0   0   0   4   0   9   0   6   0   0   0   0   3   0   0   0   0  1.30 0.38
  338 W   -1 -4 -4 -5 -4 -3 -4 -4 -3 -1 -3 -4 -3  2 -4 -4 -4 10  0 -3    7   0   0   0   0   0   1   1   0   5   1   1   0   9   0   1   1  72   0   1  2.64 0.50
  339 D   -1 -3  0  6  3 -2  0 -1 -3 -4 -2 -2 -3 -4 -3 -1 -2 -4 -4 -3    4   0   0  69   9   0   1   4   0   0   5   1   0   0   0   4   1   0   0   1  1.17 0.31
  340 E    0  1 -1 -1 -3  3  4 -3 -1 -2 -1  0  0 -3 -2 -1  0 -3 -3 -1    8   9   0   0   0  17  45   1   0   0   5   1   3   0   0   1   4   0   0   4  0.62 0.22
  341 T   -1  0  0 -2 -3 -2 -2 -3 -3 -2 -3 -2 -2 -3  0  0  6 -4 -3  1    2   4   4   0   0   0   0   0   0   0   0   0   0   0   4   0  73   0   0   9  1.04 0.36
  342 P   -2 -3 -3 -3 -4 -3 -3 -4  1 -4 -1 -3 -3 -4  7 -1 -3 -5 -4 -3    0   0   0   0   0   0   0   0   4   0   9   0   0   0  79   4   0   0   0   0  2.20 0.43
  343 A    3 -2 -2  1 -2 -2 -2  0  0 -1  0 -2 -2 -3 -2  2 -1 -4 -3  1   42   0   0   9   0   0   0   4   3   0   8   0   0   0   0  19   0   0   0  13  0.38 0.19
  344 S    2 -2 -1  0 -2  0 -1  1 -2 -2 -1 -1 -2 -3  1  3  1 -3 -2 -1   18   1   0   4   0   5   1  11   0   1   6   1   0   0   7  30  11   0   0   4  0.32 0.13
  345 Q    0 -1  0 -1 -3  2  1  2  1 -1 -2  1  0 -2  1 -1  0 -3 -2  0    7   1   3   1   0  11  13  18   5   1   1   9   4   1   7   1   5   0   0  11  0.20 0.08
  346 M    0 -2 -1 -2 -2  0 -2  0 -2  1  1 -1  3  0  2  0  0 -2 -2  0    9   1   3   1   0   4   1   7   0   9  10   1  16   4  14   8   6   0   0   4  0.19 0.09
  347 G    1 -2 -1  0  2 -2 -1  4 -2 -2 -3 -2 -2 -3 -1  1 -1 -3 -3  0   10   1   1   4   7   1   5  43   0   1   1   1   0   1   3  11   3   0   0   9  0.48 0.16
  348 G    2 -3 -1  1 -3 -2  0  4  0 -3 -3 -2 -3  1 -1  0 -2 -3 -2 -1   23   0   0   8   0   0   5  40   2   0   1   0   0   7   2   5   0   0   0   4  0.51 0.19
  349 S    3 -2  0 -1 -2  0  0 -2 -1 -1 -1 -1  1  1 -2  1  0 -2  2  0   34   1   5   3   0   4   4   1   0   1   1   1   6   6   1   9   5   0   9  10  0.21 0.13
  350 T    0 -1 -1 -2 -2 -1 -1 -1 -2 -2 -2  1 -2  0  0  1  4 -3 -2  0    5   1   1   1   0   1   3   5   0   1   1  11   0   4   4   9  48   0   0   6  0.49 0.21
  351 P    0  0 -2 -2 -3 -2 -2 -1 -2 -3 -3  1 -3 -3  6  0 -2 -4 -3 -1    6   6   1   1   0   1   1   5   0   1   1  12   0   1  51   8   1   0   0   4  1.15 0.25
  352 V    0  0 -1  0 -2  1 -1 -1 -1  0  1  1  2  1 -2  0  0 -2 -1  0    8   3   2   4   0   6   1   5   0   1  14  12  11   8   1   9   6   0   1   8  0.07 0.06
  353 L   -1  1 -2  0 -2 -1 -1 -1 -2  1  1 -1  2  0  0 -1 -1  4  0  1    1  12   1   5   0   1   4   4   0   6  20   1  11   3   6   5   1   7   4  10  0.14 0.09
  354 T    1  0  0 -2 -2  2 -1  0 -2 -2 -3 -1 -2 -3  0  1  4 -4 -3 -1    8   4   2   0   0  14   1   8   0   0   1   0   0   0   4  12  41   0   0   3  0.49 0.22
  355 P    0  0 -1 -3 -4  0 -2  0 -2 -3 -3 -2 -3 -3  6 -1 -1  2  1 -1    5   6   2   0   0   5   0   7   0   0   1   0   0   0  47   4   3   4   7   5  0.99 0.25
  356 G    1 -3 -2  1 -3 -2 -2  5 -3 -4 -3 -1 -3  1  0 -1 -2 -4 -3 -3   12   0   0  10   0   0   0  57   0   0   1   4   0   7   5   1   0   0   0   0  0.82 0.24
  357 K    0  1 -2 -2 -3  1 -1 -3  1  1 -1  1  2 -2  0  0  1 -3  0  1    8  11   0   0   0  10   0   0   4  13   0   9  11   0   5   3   9   0   3  11  0.18 0.12
  358 T    1 -3 -2 -3 -3 -2 -3 -1  1 -2 -2 -2  1 -3  0  0  5 -5 -3 -1   10   0   0   0   0   0   0   4   5   0   2   0   5   0   5   0  66   0   0   3  0.90 0.37
  359 P   -2 -3 -3 -4 -5  0 -3 -1 -4 -5 -3  0 -4 -5  7 -1 -3 -6 -5 -4    0   0   0   0   0   4   0   5   0   0   2   7   0   0  76   5   0   0   0   0  2.14 0.48
  360 I    1 -2 -2 -2 -2  0 -1 -2  1  2  0 -2  0  1 -2  0  0 -2 -1  2   13   1   1   1   0   5   1   1   6  21   7   1   1   8   1   8   5   0   1  17  0.14 0.08
  361 G    1 -1 -1 -1 -3  1 -2  4  0 -3 -1 -2 -2 -1 -2  1 -2 -3 -3 -3   17   4   0   2   0   7   1  46   2   0   5   0   0   3   0   9   0   0   0   1  0.57 0.19
  362 T    0 -2  0 -2 -2 -1 -1 -1  0 -2 -2 -1 -2 -2 -2  2  5 -3 -2 -1    5   1   2   1   0   1   1   3   2   1   2   1   0   1   1  20  52   0   1   4  0.64 0.22
  363 P   -1 -2  0 -1 -3 -2 -2  0 -2 -2 -1  1 -2  1  6 -1 -2 -3 -2 -2    4   1   4   3   0   1   1   6   0   1   5  10   0   8  49   1   1   0   1   1  1.01 0.22
  364 A    3 -2 -2 -2 -2 -2 -2  2 -2 -1  0 -2  2 -2 -2  0  0 -3 -2  0   33   1   1   1   0   1   1  23   0   1   8   1  10   0   1   6   5   0   0   8  0.33 0.15
  365 M    1 -1 -2 -2  2 -2 -2  1  1  0  0 -2  5 -2  0 -2 -1 -3 -1  0   12   4   0   2   7   0   1  10   5   6   1   1  33   0   5   1   2   0   2   7  0.32 0.20
  366 N    0 -2  4  0 -3  0 -1  1 -1 -1 -3  0 -2 -2 -2  1 -1 -3  1  0    7   0  32   2   0   4   3  14   0   3   1   4   0   0   0  14   1   0   7   7  0.38 0.17
  367 M   -2  0 -3 -3 -3  2 -2 -1  1 -1  3 -2  5 -2 -3 -2  0 -3 -2 -1    1   4   0   0   0  12   0   5   5   0  33   0  31   0   0   0   5   0   0   0  0.57 0.26
  368 A    2  0 -1 -2  2 -1 -1  2 -1 -2 -2  0  1 -3 -2  0  1 -3 -3 -1   26   7   2   0   7   2   3  22   2   0   1   5   6   0   0   2   9   0   0   5  0.26 0.13
  369 T    1 -3 -2  0 -2 -2 -2 -3 -3 -1  0 -2 -1 -3  0  0  5 -4 -3  1   11   0   0   5   0   0   0   0   0   0  12   0   0   0   4   5  52   0   0  10  0.60 0.27
  370 P    1 -3 -3 -1 -4 -3 -3 -4 -3 -1 -1 -3  1 -4  6 -2 -2 -5 -4 -1   13   0   0   4   0   0   0   0   0   5   5   0   4   0  64   0   0   0   0   4  1.61 0.37
  371 T   -1  0 -2 -3 -3  0 -2 -3 -2 -1 -1 -2  1 -2 -1  1  5 -3  1  0    2   5   0   0   0   5   0   0   0   2   2   0   5   0   2   7  54   0   7   7  0.62 0.28
  372 P    0 -2  0 -3 -4 -2 -2 -3 -3 -3 -1  0  0 -3  6 -2  0 -4 -4 -3    7   0   5   0   0   0   0   1   0   0   9   7   2   0  59   1   6   0   0   1  1.40 0.32
  373 G   -1 -2 -2 -2  0 -2 -2  4  0 -2 -2 -1  3 -3  1  0 -2 -3 -3  0    1   1   1   1   2   0   1  49   3   1   1   4  13   0   7   8   1   0   0   8  0.58 0.20
  374 H    0  1 -1 -2 -3  3  0 -1  6 -3 -3 -1 -2  2  0  0 -2 -3  0 -3    9   6   1   1   0  16   6   4  35   1   1   1   0  11   3   4   1   0   0   1  0.60 0.22
  375 I    0 -2 -2 -2 -2  0 -2  0 -2  1  1 -2  2  2  1 -1  0 -2 -1  0    8   1   1   1   0   4   1   7   1  12  21   1   9  13   7   2   6   0   1   4  0.13 0.06
  376 M    1  0  0 -2 -2 -1 -2  0 -2  0 -1 -1  2  0  2  0  0 -3 -2  1   11   6   4   1   0   2   1   9   0   2   2   1  12   5  12  10   2   0   0  18  0.17 0.10
  377 S    1 -2  0 -2  2  0 -1 -2 -1 -1 -1 -1 -1 -2  2  3  1 -3 -1  0   12   0   6   0   7   6   0   1   2   3   7   0   0   0  12  30   6   0   2   6  0.29 0.13
  378 M    0 -3 -3 -4 -3  1 -3 -4 -3  0  1 -3  7  2 -3 -1 -2 -3 -2 -1    9   0   0   0   0   7   0   0   0   3  12   0  50  12   0   4   0   0   0   2  0.81 0.32
  379 T    0 -3 -2 -3 -3 -2 -3  0 -3 -2 -3 -2 -2 -4 -3  0  6 -5 -3  1    7   0   0   0   0   0   0   6   0   0   0   0   0   0   0   3  73   0   0  12  1.08 0.39
  380 P   -2 -4 -3 -3 -4 -3 -3  2 -3 -3 -3 -3 -1  1  7 -2 -3 -4 -3 -1    0   0   0   0   0   0   0  18   0   0   0   0   2   9  67   0   0   0   0   4  1.77 0.31
  381 E   -1 -2 -1  1 -4  0  5  1 -2 -2 -4 -1 -3 -4  1  0 -2 -4 -4 -3    3   0   0   8   0   0  56  12   0   4   0   0   0   0   6   8   0   0   0   0  0.74 0.20
  382 Q    1  2 -2 -2 -3  5  0 -1 -1  1 -1  0 -1 -3 -2 -1 -1 -3 -3  0   17  11   0   0   0  42   0   4   0  13   4   0   0   0   0   0   0   0   0   8  0.49 0.19
  383 L   -1 -2 -3 -3 -3 -1  0 -4 -2  1  2 -2  4  0 -3 -1 -2 -1  3  0    3   2   0   0   0   0  10   0   0   8  29   0  19   0   0   5   0   0  17   6  0.35 0.14
  384 Q    0  0  2 -1 -3  3  0 -2  1 -2 -1  1 -1 -2  1  1 -1 -2  0 -2    9   0  17   0   0  28   1   1   3   0   8   7   0   0   6  14   0   0   5   1  0.33 0.08
  385 A    3 -1 -2 -2 -2  0 -1  1 -2 -1  0 -1 -1 -2  1  1  0 -3 -2 -1   47   1   0   0   0   5   3  12   0   2  13   0   0   0   7   4   6   0   0   0  0.31 0.08
  386 W   -1 -2 -2 -3 -2 -2 -2 -3  3 -1  2 -2  1  3  0 -2  0  4  2 -1    3   1   0   1   0   0   1   1  12   1  25   1   6  20   4   1   7   8   9   1  0.33 0.07
  387 R    0  4 -1 -2 -3  0 -1 -1 -1 -2 -2  1 -2 -3 -2  2  1 -3 -2 -2    4  45   0   1   0   0   1   4   0   1   3   7   0   0   1  18  13   0   0   1  0.51 0.10
  388 W   -3 -1 -3 -4 -3 -2 -3 -3 -2 -1  0 -3  2  3 -3 -3 -2  9  1 -1    1   4   0   1   0   0   1   1   0   4   8   1   7  16   1   1   1  52   0   3  1.41 0.17
  389 E   -1 -1 -1  0 -4  1  4  1 -1 -3 -3  0  0 -3  2 -1 -1 -3 -3 -3    1   1   0   1   0   4  55  16   0   1   1   1   4   0  12   1   1   0   0   1  0.69 0.12
  390 R   -1  4 -1 -2 -3  3  0 -2 -1 -3 -2  3 -2 -3  0 -1  1 -3 -2 -2    4  38   0   1   0  16   1   1   0   1   1  22   0   0   4   1   9   0   0   1  0.60 0.10
  391 E   -1 -1  0  4 -3  0  4 -2 -1 -3 -3  0 -2 -3 -1  1 -1 -3 -2 -2    1   1   1  29   0   1  41   1   0   1   2   1   0   1   1  14   1   0   1   1  0.64 0.08
  392 I   -1 -2 -2 -3 -2 -2 -2 -3 -2  4  1 -2  2 -1 -2 -2 -1 -2 -1  2    2   1   1   1   0   1   1   2   0  54  11   1  10   1   1   2   1   0   1   8  0.38 0.07
  393 D   -1 -1  0  4 -3  0  2 -1 -1 -2  0 -1 -1 -2 -2  1 -1  0 -2 -2    1   1   1  33   0   1  22   5   0   1  14   1   0   1   1  15   1   2   1   1  0.39 0.06
  394 E    0  0  0  1 -3  1  3  0 -1 -2 -2  1  0 -3 -1  1  0 -3 -2 -2    3   1   1   7   0   6  39   5   0   1   1   8   3   1   1  16   5   0   1   1  0.42 0.06
  395 R   -1  5 -1 -2 -3  0 -1 -2  1 -3 -2  1 -2 -3 -2  1 -1  2 -2 -2    1  64   1   1   0   1   1   1   5   1   1   1   0   1   1  14   1   4   1   1  0.76 0.12
  396 N   -2  2  5  0 -3  0 -1 -1  0 -2 -3  0 -2  0 -2  0 -1 -3 -2 -2    1  14  64   1   0   1   1   1   0   1   1   1   0   6   1   1   1   0   1   4  0.74 0.12
  397 R    0  4 -1 -2 -3  0 -1 -2 -1 -2 -2  1  0 -2 -2  1  0 -2  0 -2    7  50   1   1   0   1   1   1   0   1   1   5   3   1   1  14   5   0   5   1  0.51 0.09
  398 P   -1 -2 -2  0 -3 -2 -1 -2 -2 -2 -2 -2 -2 -2  6 -1 -2  2  2 -2    3   1   1   6   0   1   1   1   0   1   1   1   0   1  62   1   1   3  11   3  1.43 0.13
  399 L   -2 -1 -2 -3 -2 -1 -2 -3 -2  0  3  1  2  1 -2 -1 -1  4  0  0    1   1   1   1   0   1   1   1   0   1  50  14   5   7   1   2   1   8   3   1  0.31 0.07
  400 S    0 -1  2 -1 -2 -1 -1 -1 -1 -2 -1 -1 -1 -2 -2  3  3 -3 -2 -1    5   0  13   1   0   0   1   1   0   1   7   1   0   0   1  37  32   0   0   1  0.47 0.09
  401 D   -2 -2  0  5 -4 -1  2 -2 -2 -3 -3 -1 -3  2 -2 -1 -2 -3 -2 -3    1   0   0  69   0   0  10   1   0   1   1   1   0  13   1   1   1   0   0   1  0.99 0.14
  402 E   -1  2 -1  2 -4  1  5 -2 -1 -3 -3  0 -2 -3 -2 -1 -1 -4 -3 -3    5  13   0  15   0   0  60   1   0   1   1   1   0   0   1   1   1   0   0   1  0.80 0.12
  403 E    0 -1 -1  2 -4  1  5 -3 -1 -4 -4  0 -3 -4 -2  1 -1 -4 -3 -3    4   0   0   9   0   4  70   0   0   0   0   0   0   0   0  13   0   0   0   0  0.98 0.16
  404 L   -2 -3 -4 -5 -3 -3 -4 -5 -4  1  5 -3  1  0 -4 -3 -2 -3 -2  0    0   0   0   0   0   0   0   0   0   0 100   0   0   0   0   0   0   0   0   0  1.04 0.18
  405 D   -2 -2  2  6 -4 -1  1 -2 -2 -4 -4 -1 -4 -4  2 -1  0 -5 -4 -4    0   0   8  70   0   0   5   0   0   0   0   0   0   0  13   0   4   0   0   0  1.19 0.16
  406 A    3 -1 -1 -2 -2  1  1 -1  3 -1 -2 -1 -1 -3 -2  2  1 -3 -2 -1   44   0   0   0   0   6   7   1  13   3   0   0   2   0   0  14   8   0   0   2  0.38 0.09
  407 M   -1 -1 -2 -2 -2  1 -1 -2 -2  2  2 -1  4 -1 -2 -1  1 -2 -1  1    2   1   1   1   0   9   1   1   0  14  16   1  30   1   1   1   9   0   1  10  0.24 0.05
  408 F   -1 -2 -2 -3 -2 -2 -2 -3 -2  1  2 -2  1  4 -2 -2 -1 -1  1  1    2   1   1   1   0   1   1   1   0   1  35   1   0  35   1   1   1   0   1  14  0.35 0.05
  409 P   -1 -2 -2 -2 -3 -1 -1 -2 -2 -2 -2 -1 -2 -3  7 -1 -1 -3 -2 -2    2   1   1   1   1   1   2   2   1   1   2   2   1   1  74   2   2   0   1   2  1.79 0.11
  410 E    0  0  0  2 -2  1  3 -1 -1 -2 -2  1 -1 -2  2  1  0 -2 -2 -2    6   1   1  13   1   8  25   2   1   1   2   7   1   1  12   8   6   0   1   2  0.36 0.03
  411 G    0 -2 -1 -1 -2 -2 -2  5 -2 -2 -2 -1 -2  1 -2 -1 -1 -2 -1 -2    2   1   1   1   0   1   2  67   1   1   2   1   1  10   1   2   1   0   1   2  0.72 0.05
  412 Y   -2 -2 -2 -2 -2 -2 -2 -2  1 -1  0 -2 -1  2 -2 -2 -1  1  6 -1    2   1   1   1   0   1   2   2   1   1  12   1   1   5   1   2   1   0  62   2  0.71 0.07
  413 K    0  1  1  0 -2  1  1 -1 -1 -2 -2  3 -1 -2 -1  0  0 -2 -2 -2   10   6  11   1   0   1  10   2   1   1   2  39   1   1   1   5   6   0   1   2  0.32 0.03
  414 V   -1 -2 -2 -2 -1 -2 -2 -2 -2  3  1 -2  1 -1 -2 -2 -1 -2 -1  3    2   1   1   1   0   1   2   2   1  37   7   1   1   1   1   2   1   0   1  36  0.30 0.04
  415 L   -1  0 -2 -2  1 -1 -2 -2 -2  1  3 -1  1  0 -2 -2 -1 -2 -1  1    2   6   1   1   6   1   2   2   1   1  59   1   1   1   1   2   1   0   1  10  0.26 0.04
  416 P    0  0  1  1 -2  0  1 -2 -1 -2 -2  0 -2 -2  4  0  1 -3 -2 -1    6   4   8  11   0   4  10   2   1   1   2   4   1   1  28   2  12   0   1   3  0.51 0.04
  417 P    0 -1 -2 -2 -2 -1 -1 -2 -2 -2 -2  0 -2 -3  6 -1 -1 -3 -2 -2    9   1   1   1   0   1   1   2   1   1   2   8   1   1  64   2   1   0   1   2  1.45 0.09
  418 P   -1 -2 -2 -2 -3 -1 -1 -2 -2 -3 -2 -1 -2 -3  7 -1 -1 -3 -3 -2    2   1   1   1   0   1   1   2   0   1   2   1   1   1  79   2   1   0   1   1  1.94 0.11
  419 A    2 -1 -1 -1  3 -1  0 -1 -2 -1 -2 -1  0 -2  3  0 -1 -2 -2 -1   38   1   3   1  11   1   7   2   0   1   2   1   3   1  19   2   1   0   1   4  0.39 0.04
  420 G   -1  2  1  0 -3 -1 -2  4 -2 -4 -4  0 -3 -4 -3  1  1 -4 -3 -3    0  23   8   3   0   0   0  46   0   0   0   0   0   0   0  10  10   0   0   0  0.62 0.08
  421 Y   -3 -3 -3 -5 -4 -3 -4 -5  1  1 -2 -3 -2  2 -4 -3 -3  1  7 -2    0   0   0   0   0   0   0   0   0  10   0   0   0   0   0   0   0   0  90   0  1.56 0.18
  422 V    1 -1 -2 -1 -2  0  2 -3 -2  2  0  0  1 -2 -2 -1 -1 -3 -2  2   15   2   0   0   0   4  22   0   0  20   0   7   5   0   0   0   0   0   0  23  0.21 0.06
  423 P   -1 -3 -3 -3 -4 -2 -2 -3 -3 -4 -4 -2 -3 -5  7  0 -2 -5 -4 -3    0   0   0   0   0   0   0   0   0   0   0   0   0   0  94   6   0   0   0   0  2.64 0.19
  424 I   -2 -3 -4 -5 -2 -3 -4 -5 -4  4  3 -3  2 -1 -4 -3 -1 -3 -2  2    0   0   0   0   0   0   0   0   0  56  29   0   4   0   0   0   0   0   0  11  0.65 0.09
  425 R   -2  5 -1 -3 -4  0 -1 -3 -1 -2 -2  2  0 -3 -3  0 -1 -3  0  0    0  70   0   0   0   0   0   0   0   0   0   5   3   0   0   6   0   0   5  10  0.84 0.12
  426 T    2 -2 -1 -1 -2 -1 -1 -2 -2 -1 -2 -1 -1 -3 -2  2  5 -4 -3 -1   19   0   0   2   0   0   0   0   0   4   0   0   0   0   0  10  65   0   0   0  0.69 0.12
  427 P    0 -3 -3 -3 -4 -2 -2 -3 -3 -2 -3 -2 -3 -4  7  0 -2 -5 -4 -3    4   0   0   0   0   0   0   0   0   3   0   0   0   0  83  10   0   0   0   0  2.22 0.17
  428 A    3 -2 -1 -2 -1 -1 -1  1 -2 -1  0 -1 -1 -2 -1  1  1 -3 -2  0   47   1   0   1   0   0   1   8   0   1  15   1   0   0   1  14   6   0   0   4  0.30 0.06
  429 R   -2  6 -1 -2 -4  2 -1 -3  1 -4 -3  2 -2 -4 -3 -2 -2  2 -2 -3    0  74   0   0   0   7   0   0   5   0   0  10   0   0   0   0   0   4   0   0  1.12 0.14
  430 K   -2  2  0 -2 -4  0  0 -3 -1 -4 -3  6 -2 -4 -2 -1 -1 -4 -3 -3    0   3   4   0   0   0   0   0   0   0   0  93   0   0   0   0   0   0   0   0  1.18 0.16
  431 L   -2 -3 -4 -5 -2 -1 -4 -5 -3  1  4 -3  1  0 -4 -3 -2 -3 -2  0    0   0   0   0   0   3   0   0   0   4  90   0   0   0   0   0   0   0   0   3  0.82 0.12
  432 T    0 -2 -2 -3 -2  0 -2 -3 -2  0  2 -2  4 -1 -3  0  3 -3 -2  1    7   0   0   0   0   3   0   0   0   0  22   0  32   0   0   1  28   0   0   6  0.41 0.09
  433 A    4 -2  1 -2 -2 -1  0 -1 -2 -2 -2 -1  0 -3  1  1  0 -4 -3 -1   66   0  10   0   0   0   3   0   0   0   0   0   3   0   6   8   3   0   0   0  0.55 0.10
  434 T    2 -2 -1 -2 -2 -1 -1 -2 -2 -2 -2 -1 -1 -2 -2  1  5 -3 -2 -1   20   0   0   0   0   0   0   1   0   0   1   0   0   0   0   1  74   0   0   0  0.77 0.12
  435 P   -1 -2 -2 -2 -4 -2 -2 -3 -2 -3 -3  1 -3 -4  7 -2 -2 -4 -4 -3    1   0   0   0   0   0   0   1   0   0   1  11   0   0  83   1   0   0   0   0  2.19 0.15
  436 T    0 -2  1  0 -2 -1 -1 -2 -2 -1 -1 -1  0 -3 -2  1  5 -4 -3  0    5   0   5   5   0   0   0   0   0   0   3   0   3   0   0   6  69   0   0   3  0.66 0.12
  437 P   -1 -3 -2 -2 -4 -2 -1 -1 -3 -4 -4 -2 -3 -4  7  1 -1 -5 -4 -3    0   0   0   0   0   0   4   3   0   0   0   0   0   0  79  10   3   0   0   0  2.07 0.16
  438 L    1 -2 -3 -3 -2 -2 -2 -3 -2  2  2 -2  4  1 -2 -1 -1 -2 -1  2   14   1   1   1   0   0   1   1   0  18  19   1  23   5   1   1   1   0   0  13  0.28 0.05
  439 G    1 -2  0 -1 -3 -1  1  4  0 -2 -2 -1 -2 -2 -2  0  0 -3 -2 -1   14   1   4   1   0   2  11  47   3   1   1   1   0   2   1   1   7   0   0   5  0.45 0.05
  440 G    1 -2 -1 -1 -3  0  1  4 -2 -3 -3  0 -2 -3 -2  1  0 -3 -3 -3    9   0   0   2   0   2  10  49   0   0   1   5   0   0   0  13   7   0   0   0  0.60 0.09
  441 M    0 -2 -1 -1 -3  2 -1  0 -2 -1 -1 -1  2 -1  2 -1  2 -3  1 -1    6   0   0   3   0  16   1  10   0   4   5   0  10   2  13   1  22   0   5   1  0.27 0.13
  442 T    0 -2  0  1 -2 -1  0  1 -2 -1 -1 -2  1  0  1  1  2 -3 -2  0    3   0   3   7   0   0   4  14   0   3   6   0   5   4   5  14  24   0   0   7  0.19 0.10
  443 G    0 -3 -2 -3 -4  1 -3  5 -3 -4 -2 -2 -3 -4  1 -2 -2 -4 -4 -4    6   0   0   0   0   7   0  71   0   0   4   0   0   0   8   0   0   0   0   0  1.15 0.27
  444 F   -3 -4 -4 -5 -4 -4 -4  0 -2 -2  0 -4 -2  6 -5  0 -3 -1  4 -3    0   0   0   0   0   0   0   7   0   0   8   0   0  61   0   7   0   0  17   0  1.22 0.33
  445 H    0 -1 -2  0 -3  1 -1 -3  3  0 -1 -2  1  3 -3 -1  0 -2  3 -1    7   2   0   7   0  10   0   0  13   5   3   0   4  20   0   4   8   0  12   4  0.29 0.14
  446 M    1 -4 -4 -5 -3 -3 -4 -4 -4  4  0 -3  7  1 -4 -3 -2 -3 -2  0   15   0   0   0   0   0   0   0   0  29   0   0  49   7   0   0   0   0   0   0  1.05 0.36
  447 Q    0 -1 -2 -2 -4  5  0 -2 -1  0 -3 -1  2 -4  3 -1 -2 -4 -4 -2    7   0   0   0   0  53   3   2   0   7   0   0   8   0  17   3   0   0   0   0  0.93 0.32
  448 T    1 -2 -1  1 -3  1  3 -3 -2 -2 -1 -1 -2 -3  3 -1  1 -4 -3  0   11   0   2   6   0   8  28   0   0   0   7   0   0   0  15   0  14   0   0   9  0.44 0.16
  449 E    0 -2 -2  2 -4  0  4  0 -2 -2 -2 -1 -3 -4  2  0 -2 -5 -4 -3    9   0   0  10   0   0  49   6   0   3   4   0   0   0  13   7   0   0   0   0  0.71 0.23
  450 D    1 -2  1  5 -3 -1  1  0 -2  0 -3 -1 -2 -3 -2  0  0 -4 -3 -1   13   1   6  44   0   0   7   6   0   7   1   1   0   0   1   4   4   0   0   3  0.57 0.17
  451 R    1  4  1  0 -3  1 -1 -1 -1 -3 -3  2 -2 -3  0  0 -1 -3 -3 -2   16  34   5   4   0   7   1   5   0   1   1  14   0   0   4   5   1   0   0   1  0.49 0.15
  452 T    2 -2  0 -2 -2 -2  0  2 -2  0 -1 -1 -1 -3 -2  0  1 -4 -3  1   24   0   4   0   0   0   7  19   0   7   3   2   0   0   0   6  11   0   0  16  0.24 0.10
  453 M    2  0 -2 -1 -2  1  0  0 -2 -1  1 -1  3 -1 -2  0 -1 -3 -2  0   28   7   0   3   0   7   7   5   0   0  15   0  14   3   0   2   1   0   0   7  0.19 0.11
  454 K    1  0  0  0 -3  2  0  1 -1 -2  0  2 -1 -2 -2  0 -1 -3  0  0   14   1   2   3   0  12   3  16   0   0  11  22   0   0   0   3   0   0   3   8  0.19 0.09
  455 S    1 -2 -1 -1 -2  1 -1  0 -2 -1  1 -1 -1  0  1  1  0 -3  0 -1   16   0   1   3   0   8   0   7   0   2  21   2   0   6   7  16   5   0   3   3  0.13 0.07
  456 V    2 -3 -3 -1 -2 -3 -3  0 -3  1  0 -3  1  1  0 -1 -1 -3 -2  3   21   0   0   4   0   0   0   9   0   3   5   0   5  10   3   2   0   0   0  38  0.29 0.14
  457 N    0 -1  1  2 -3  2  0 -2 -2  0  0  0 -1 -2  2 -1  0 -4 -3  0   10   0  10  15   0  11   3   0   0   5  15   7   0   0   9   0   7   0   0   8  0.20 0.08
  458 D   -1 -1  1  4 -4  0  2 -1 -2 -4 -4  1 -1 -4  2  1  0 -5 -4 -3    3   0   5  30   0   2  13   3   0   0   0  13   2   0  13   9   6   0   0   0  0.56 0.14
  459 Q    0  0 -2 -2 -3  4  0 -3  2  0  1  0  2 -2  0 -1 -1 -3 -2 -1   10   3   0   0   0  32   3   0   7   6  17   4   7   0   4   0   3   0   0   3  0.36 0.15
  460 P   -2 -3  1 -3 -5  0  0 -4 -3  1 -3 -2  0 -4  7 -2 -3 -5 -4 -3    0   0   7   0   0   4   7   0   0  10   0   0   3   0  68   0   0   0   0   0  1.79 0.31
  461 S    0 -1  0 -2 -3  0 -1  1 -2 -1 -1  1 -1 -1  2  1  2 -4 -2  1    5   0   5   0   0   3   0  12   0   0   4  14   0   4   9  13  19   0   0  13  0.22 0.09
  462 G    0 -3 -1  1 -5 -2 -1  5  4 -5 -5 -3 -4 -4 -4 -2 -3 -4  0 -4    5   0   2  11   0   0   4  62  14   0   0   0   0   0   0   0   0   0   3   0  1.06 0.23
  463 N   -1 -2  4  2 -4  1  0  2 -1  0 -3 -1 -2 -4 -3  0  0 -4 -3 -2    3   0  30  13   0   9   5  19   0  10   0   0   0   0   0   6   6   0   0   0  0.47 0.15
  464 L   -3 -4 -5 -6 -3 -4 -5 -5 -4  3  5 -4  2 -1 -4 -4 -3 -4 -3  0    0   0   0   0   0   0   0   0   0  17  79   0   3   0   0   0   0   0   0   0  1.14 0.26
  465 P    1 -3 -3 -3 -5  1  0 -4 -3 -5 -4 -2 -4 -5  7 -2 -3 -6 -5 -4   10   0   0   0   0   9   7   0   0   0   0   0   0   0  73   0   0   0   0   0  2.07 0.34
  466 F    0 -3 -3 -1 -3 -3 -3 -3  1 -1  1 -3  0  5  2 -2 -2 -1  2 -1    8   0   0   5   0   0   0   1   4   0  11   0   3  46  10   1   0   0   6   4  0.61 0.17
  467 L   -3 -4 -4 -5 -3 -3 -4 -5 -4  2  3 -4  5  4 -4 -4 -2 -2 -1  0    0   0   0   0   0   0   0   0   0  14  32   0  29  26   0   0   0   0   0   0  0.91 0.23
  468 K   -2  0 -1  1 -5 -1 -1 -3 -2 -5 -4  6 -3 -5 -3  0 -2 -5 -4 -4    0   0   0  10   0   0   0   0   0   0   0  83   0   0   0   7   0   0   0   0  1.41 0.34
  469 P    2 -3 -3 -1 -4  2 -1 -3 -3 -4 -4 -2 -3 -5  6 -2 -2 -5 -4 -3   23   0   0   3   0  12   3   0   0   0   0   0   0   0  59   0   0   0   0   0  1.63 0.30
  470 D   -3 -2 -1  3 -6  0  6 -4 -2 -5 -5  1 -4 -5 -3 -2 -2 -5 -4 -4    0   0   0  19   0   0  73   0   0   0   0   7   0   0   0   0   0   0   0   0  1.47 0.32
  471 D   -4 -3  0  6 -6 -2  1 -3  3 -6 -6 -2 -5 -5 -4 -2 -3 -6 -4 -5    0   0   0  83   0   0   7   0  10   0   0   0   0   0   0   0   0   0   0   0  1.84 0.35
  472 I    2 -3 -3 -4 -3 -2 -3 -3 -2  1  1 -3  5 -1 -3 -2 -1 -2  3  0   26   0   0   0   0   0   0   0   0  11   7   0  32   0   0   0   3   0  18   3  0.62 0.22
  473 Q    0 -1  1 -2 -4  6  0  0  1 -4 -3  0 -2  1 -3 -2 -2 -3 -2 -2    9   0   7   0   0  58   0   7   4   0   0   2   0  10   0   0   0   0   0   2  0.88 0.27
  474 Y   -4 -4 -4 -5 -4 -3 -4 -5  3 -2  1 -4 -2  2 -5 -4 -3  0  7 -3    0   0   0   0   0   0   0   0   6   0  15   0   0   4   0   0   0   0  75   0  1.78 0.36
  475 F   -4 -5 -5 -6 -4 -5 -5 -5 -3 -2 -2 -5 -2  7 -6 -4 -4 -1  3 -3    0   0   0   0   0   0   0   0   0   0   0   0   0  90   0   0   0   0  10   0  2.15 0.40
  476 D    0 -3 -1  4 -4 -2 -1  4 -3 -4 -4 -2 -4 -4 -3  1  1 -5 -4 -4    8   0   0  32   0   0   0  41   0   0   0   0   0   0   0  10  10   0   0   0  0.85 0.20
  477 K    1  3 -2 -3 -4  1 -1 -3 -2 -3 -3  5 -3 -4 -3 -1 -2 -5 -3  0   11  13   0   0   0   3   0   0   0   0   0  62   0   0   0   3   0   0   0   7  0.92 0.25
  478 L   -3 -4 -5 -5 -3 -4 -4 -5 -4  2  4 -4  1  1 -4 -4 -2 -3 -2  1    0   0   0   0   0   0   0   0   0  11  75   0   0   4   0   0   0   0   0  10  0.96 0.22
  479 L   -3 -4 -4 -5 -3 -3 -4 -5 -4  0  4 -3  5 -1 -4 -3  0 -3 -3 -1    0   0   0   0   0   0   0   0   0   0  72   0  20   0   0   0   8   0   0   0  1.05 0.25
  480 V   -1 -1  2  2 -3  2  0 -3 -2  0 -1  1  1 -3 -3 -1 -1 -4 -3  2    4   0  12  18   0  12   4   0   0   3   0   9   7   0   0   3   0   0   0  29  0.31 0.12
  481 D   -2 -2  0  4 -4 -1  3  0 -2 -2 -3 -1 -3 -4  1 -1 -2 -5 -4  0    0   0   3  35   0   0  30   9   0   0   0   0   0   0   8   3   0   0   0  13  0.66 0.14
  482 V    0 -2 -2 -2 -2 -1  2 -3 -3  1  1 -1  0 -2 -3  0  0 -4 -3  3    5   0   0   0   0   0  18   0   0   8  12   4   0   0   0   7   5   0   0  41  0.32 0.11
  483 D   -3  1  3  6 -5 -1  2 -3 -2 -5 -5 -1 -4 -5 -3 -2 -2 -6 -4 -5    0  12  13  66   0   0   9   0   0   0   0   0   0   0   0   0   0   0   0   0  1.31 0.22
  484 E   -2  2 -2  1 -6  0  6 -4 -2 -5 -5 -1 -4 -5 -3 -2 -2 -5 -4 -4    0  12   0   5   0   0  83   0   0   0   0   0   0   0   0   0   0   0   0   0  1.47 0.27
  485 S    0 -2  2  2 -3  0  3 -2 -1 -4 -4 -1 -3 -4 -2  3  1 -5 -3 -3    5   0  13  13   0   0  27   0   0   0   0   0   0   0   0  36   6   0   0   0  0.66 0.15
  486 T    1 -2 -1  0 -3  1  4 -3 -2 -3 -3 -1 -2  2 -2  1  2 -3 -2 -2   10   0   0   2   0   4  40   0   0   0   0   0   0  12   0   9  23   0   0   0  0.55 0.15
  487 L    0 -4 -4 -5 -3 -3 -4 -4 -4  0  5 -3  2 -1 -4 -3 -2 -3 -3 -1   12   0   0   0   0   0   0   0   0   0  83   0   5   0   0   0   0   0   0   0  0.96 0.21
  488 S    0 -2 -1  0 -3 -2 -2 -2 -2 -3 -4 -2 -3 -4 -2  5  3 -5 -3 -3    0   0   0   4   0   0   0   0   0   0   0   0   0   0   0  70  25   0   0   0  1.07 0.24
  489 P   -1 -1 -3 -3 -3 -2 -2 -4 -3 -1 -2  0  0 -4  6 -2 -1 -5 -4  2    2   2   0   0   0   0   0   0   0   0   0   8   4   0  53   0   2   0   0  29  1.31 0.21
  490 E   -2 -2 -1  4 -6  0  5 -3 -2 -5 -5 -1 -4 -5 -3 -2 -2 -5 -4 -4    0   0   0  33   0   0  67   0   0   0   0   0   0   0   0   0   0   0   0   0  1.46 0.25
  491 E   -1 -2 -2  0 -5  2  6 -4 -1 -5 -5 -1 -3 -5 -3 -2 -2 -5 -4 -4    4   0   0   0   0  10  85   0   0   0   0   0   0   0   0   0   0   0   0   0  1.53 0.28
  492 Q    2 -1 -2 -2 -3  3  1 -2  1 -1  2  0  2 -2 -2 -1 -1 -3 -2 -1   29   0   0   0   0  17  12   0   4   0  24   3  11   0   0   0   0   0   0   0  0.34 0.12
  493 K   -2  1  1 -2 -4  1 -1 -3 -2 -3 -2  5  3 -4 -3 -2 -2 -4 -3 -3    0   5   5   0   0   4   0   0   0   0   0  70  16   0   0   0   0   0   0   0  1.05 0.23
  494 K   -2 -1 -2  0 -6  0  6 -4 -2 -5 -5  2 -3 -5 -3 -2 -2 -5 -4 -4    0   0   0   0   0   0  86   0   0   0   0  14   0   0   0   0   0   0   0   0  1.53 0.27
  495 K   -3  6 -2 -3 -5  0 -2 -4 -2 -4 -4  3 -3 -5 -3 -2 -3 -5 -4 -4    0  86   0   0   0   0   0   0   0   0   0  14   0   0   0   0   0   0   0   0  1.70 0.27
  496 K   -2  2 -1 -2 -5  1  2 -3 -2 -4 -4  6 -3 -4 -2 -2 -2 -5 -3 -4    0   8   0   0   0   4  11   0   0   0   0  77   0   0   0   0   0   0   0   0  1.20 0.21

                      K         Lambda
Standard Ungapped    0.1679     0.3273
Standard Gapped      0.1100     0.3190
PSI Ungapped         0.1679     0.3273
PSI Gapped           0.1100     0.3190
