
Last position-specific scoring matrix computed, weighted observed percentages rounded down, information per position, and relative weight of gapless real matches to pseudocounts
           A  R  N  D  C  Q  E  G  H  I  L  K  M  F  P  S  T  W  Y  V   A   R   N   D   C   Q   E   G   H   I   L   K   M   F   P   S   T   W   Y   V
    1 W   -3 -3 -4 -5 -3 -3 -4 -4 -3 -3 -2 -4 -2  0 -5 -4 -4 10  2 -3    0   0   0   0   0   0   0   0   0   0   0   0   0   0   0   0   0 100   0   0  2.81 0.06
    2 H   -1 -1  0 -2 -3  0 -1 -2  7 -2  0 -1 -1 -1 -2  1 -1 -3  1 -2    0   0   0   0   0   0   0   0  64   0  17   0   0   0   0  19   0   0   0   0  0.65 0.03
    3 S    1 -1  0 -1 -2 -1 -1 -1 -1 -2 -3 -1 -2 -3  1  4  2 -4 -2 -2    0   0   0   0   0   0   0   0   0   0   0   0   0   0   7  77  16   0   0   0  0.67 0.03
    4 E   -1 -1 -1  1 -5  2  5 -3  0 -4 -4  0 -2 -4 -2 -1 -1 -4 -3 -3    0   0   0   0   0   0 100   0   0   0   0   0   0   0   0   0   0   0   0   0  1.15 0.04
    5 G    1 -2 -1 -1 -3 -1  0  5 -2 -4 -4 -1 -3 -4 -2  0 -1 -4 -3 -3   19   0   0   0   0   0  10  71   0   0   0   0   0   0   0   0   0   0   0   0  0.88 0.02
    6 T    0 -1  2 -1 -2 -1 -1 -2 -1 -1 -2 -1 -1 -2 -2  1  4 -4 -2 -1    7   0  19   0   0   0   0   0   0   0   0   0   0   0   0   0  74   0   0   0  0.61 0.03
    7 G    0 -2  2 -1 -4 -2 -2  5 -2 -4 -4 -2 -3 -4 -3 -1 -2 -4 -4 -4    0   0  19   0   0   0   0  81   0   0   0   0   0   0   0   0   0   0   0   0  1.10 0.02
    8 G   -1 -2  2 -1 -3 -1 -2  3  4 -1 -2 -1 -2 -2 -3 -1 -1 -3 -1  0    0   0  16   0   0   0   0  41  24   0   0   0   0   0   0   0   0   0   0  19  0.45 0.02
    9 F   -3 -3 -4 -4 -3 -4 -4 -4 -2 -1  0 -4  0  6 -4 -3 -2  0  3 -1    0   0   0   0   0   0   0   0   0   0   0   0   0 100   0   0   0   0   0   0  1.07 0.04
   10 P    1 -1  0 -1 -2 -1 -1 -1 -1 -3 -3 -1 -2 -3  3  4  1 -4 -2 -2    0   0   0   0   0   0   0   0   0   0   0   0   0   0  19  81   0   0   0   0  0.79 0.03
   11 S    1 -1  0 -1 -2 -1 -1 -1 -2  1 -1 -1 -1 -2 -2  4  1 -3 -2  0    0   0   0   0   0   0   0   0   0  19   0   0   0   0   0  81   0   0   0   0  0.51 0.03
   12 W   -3 -3 -4 -5 -3 -3 -4 -4 -3 -3 -2 -4 -2  0 -5 -4 -4 10  2 -3    0   0   0   0   0   0   0   0   0   0   0   0   0   0   0   0   0 100   0   0  2.81 0.06
   13 H   -2  0  3  0 -4  3  0 -2  5 -4 -3  1 -2 -3 -2  0 -1 -3  0 -3    0   0  32   0   0  19   0   0  41   0   0   8   0   0   0   0   0   0   0   0  0.70 0.02
   14 M    0 -2 -1 -2  4 -1 -2  0 -2 -1  0 -2  4 -2 -2  2  0 -3 -2 -1    0   0   0   0  22   0   0   6   0   0   0   0  37   0   0  35   0   0   0   0  0.33 0.03
   15 N   -1  2  4  0 -3  1  0 -1  0 -3 -3  4 -2 -3 -2  0 -1 -4 -3 -3    0   8  37   0   0   0   0   0   0   0   0  49   0   0   0   6   0   0   0   0  0.65 0.02
   16 N    0 -1  4  0 -2  0 -1 -1  0 -3 -3  0 -2 -3 -2  3  1 -4 -2 -3    0   0  49   0   0   0   0   0   0   0   0   0   0   0   0  51   0   0   0   0  0.72 0.03
   17 S    0 -2 -1 -2 -2 -1 -2 -2  0 -1 -1 -2 -1  1 -2  3  0  0  4  1    0   0   0   0   0   0   0   0   0   0   0   0   0   0   0  43   0   0  39  17  0.42 0.02
   18 N   -1 -2  4  0 -4 -1 -2  4  1 -4 -4 -1 -3 -4 -3  0 -1 -4 -3 -4    0   0  37   0   0   0   0  57   6   0   0   0   0   0   0   0   0   0   0   0  0.85 0.02
   19 G    0 -3 -1 -2 -4 -2 -3  6 -3 -5 -4 -2 -3 -4 -3 -1 -2 -4 -4 -4    0   0   0   0   0   0   0 100   0   0   0   0   0   0   0   0   0   0   0   0  1.40 0.03
   20 N   -2 -1  6  1 -3  0 -1 -1  4 -4 -4  0 -3 -3 -3  0 -1 -4 -1 -3    0   0  83   0   0   0   0   0  17   0   0   0   0   0   0   0   0   0   0   0  0.98 0.04
   21 W   -3  2 -3 -4 -4 -2 -3 -4 -2 -3 -2 -2 -2  0 -4 -3 -3 10  1 -3    0  17   0   0   0   0   0   0   0   0   0   0   0   0   0   0   0  83   0   0  2.17 0.06
   22 K   -1  2  0 -1 -4  2  0 -2 -1 -3 -3  5 -2 -4 -2 -1 -1 -4 -3 -3    0   0   0   0   0   8   0   0   0   0   0  92   0   0   0   0   0   0   0   0  0.86 0.04
   23 S    1 -1  0 -1 -2 -1 -1 -1 -1 -3 -3 -1 -2 -3  2  4  1 -4 -2 -2    0   0   0   0   0   0   0   0   0   0   0   0   0   0  10  90   0   0   0   0  0.76 0.04
   24 S    0 -1  2  0 -2 -1 -1 -1 -1 -1 -2 -1 -1 -2 -1  3  1 -3 -2  1    1   1  19   1   0   0   1   1   0   1   1   1   0   0   1  55   1   0   0  18  0.37 0.02
   25 V    0 -1 -1 -2 -2  2 -1 -2 -1  1 -1 -1  0 -2  3  1  0 -3 -2  2    1   1   0   1   0  18   1   1   0   1   1   1   0   0  15  16   1   0   0  44  0.29 0.01
   26 R   -2  4  0 -2 -4  3  0 -3  5 -3 -3  1 -2 -3 -2 -1 -1 -3  0 -3    0  43   0   0   0  17   0   0  39   0   0   0   0   0   0   0   0   0   0   0  0.79 0.03
   27 G    0 -2  3 -1 -3 -1 -1  4 -1 -4 -4 -1 -3 -3 -2  2  0 -4 -3 -3    0   0  23   0   0   0   0  51   0   0   0   0   0   0   0  26   0   0   0   0  0.72 0.02
   28 T    2 -2 -1 -2 -2 -1 -1  2 -2 -1 -1 -1  2 -2 -2  1  3 -3 -2 -1   32   0   0   0   0   0   0  17   0   0   0   0  13   0   0   0  37   0   0   0  0.35 0.02
   29 N   -1 -1  6  1 -3  0 -1 -1  0 -4 -4  0 -3 -3 -2  2  0 -4 -3 -3    0   0  83   0   0   0   0   0   0   0   0   0   0   0   0  17   0   0   0   0  0.95 0.04
   30 S    0 -2  2 -1 -2 -1 -1  4 -1 -2 -3 -1 -2 -3 -2  2  0 -4 -3 -2    0   0  15   0   0   0   0  42   0   6   0   0   0   0   0  38   0   0   0   0  0.56 0.02
   31 W   -3 -4 -4 -5 -3 -3 -4 -4 -3 -3 -2 -4 -2  0 -5 -4 -4 10  2 -3    0   0   0   0   0   0   0   0   0   0   0   0   0   0   0   0   0 100   0   0  2.83 0.07
   32 N   -2 -1  6  1 -3  0 -1 -1  0 -4 -4  0 -3 -4 -3  0  0 -4 -3 -3    0   0 100   0   0   0   0   0   0   0   0   0   0   0   0   0   0   0   0   0  1.17 0.05
   33 Y   -2 -2 -2 -3 -2 -2 -2 -3  0 -1 -1 -2 -1  4 -2 -2 -2  1  5 -1    1   1   1   1   0   1   1   1   0   1   2   1   0  40   1   1   1   0  44   1  0.69 0.02
   34 N    0 -1  3  0 -2 -1 -1  3 -1 -3 -3 -1 -2 -3 -2  2  0 -3 -2 -2    1   1  23   1   0   1   1  41   0   1   2   1   0   1   1  22   1   0   1   1  0.50 0.01
   35 G    0 -1  2 -1 -2 -1 -1  4 -1 -3 -3 -1 -2 -2 -1  2  0 -3 -2 -2    1   1  11   1   0   1   1  44   0   1   2   1   0   1   1  31   1   0   1   1  0.52 0.01
   36 L    0 -1 -1 -1 -2 -1 -1 -1 -1 -2 -1 -1 -1 -2  5  3  0 -3 -2 -2    1   1   1   1   0   1   1   1   0   1   7   1   0   1  39  41   1   0   1   1  0.82 0.02
   37 G    0 -2 -1 -1 -3 -2 -2  5 -2 -3 -3 -2 -3 -3 -2 -1 -1 -3 -3 -3    1   1   1   1   0   1   1  84   0   1   2   1   0   1   1   1   1   0   1   1  1.00 0.02
   38 D   -1 -1  1  5 -3  0  1 -1 -1 -2 -3 -1 -2 -2 -1  0 -1 -3 -2 -2    2   1   1  74   1   1   2   2   1   1   2   2   1   1   1   2   2   0   1   2  0.81 0.02
   39 K    0  1  0 -1 -2  0  0 -1 -1 -1 -1  3 -1 -2 -1  0  1 -2 -1 -1   10   2   2   2   1   2   2   3   1   2   3  45   1   1   2   3  16   0   1   2  0.28 0.01
   40 F   -1 -1 -1 -1 -2 -1 -1 -2  0 -1  0 -1  0  4 -1 -1 -1  0  3 -1    3   2   2   2   1   2   3   3   1   2   4   2   1  45   2   3   2   1  16   3  0.32 0.01
   41 Q    0  0  0  0 -1  4  1 -1  0 -1 -1  1  0 -1  0  0  0 -1 -1 -1    4   3   3   3   1  46   4   4   1   3   5   3   1   2   3   4   3   1   2   4  0.30 0.01
   42 Q    0  0 -1 -1 -2  2  0 -1 -1 -1 -1  0 -1 -2  4  0  2 -2 -1 -1    3   2   2   2   1  18   2   3   1   2   4   2   1   2  29   3  20   1   1   3  0.51 0.01
   43 G    0 -1  0 -1 -2 -1 -1  4 -1 -2 -2 -1 -2 -2 -1  0 -1 -2 -2 -2    3   2   2   2   1   2   2  63   1   2   4   2   1   2   2   3   2   1   1   3  0.59 0.01
   44 R   -1  5  0 -1 -2  1  0 -1  0 -2 -1  1 -1 -2 -1  0 -1 -2 -1 -1    3  63   2   2   1   2   2   3   1   2   4   2   1   2   2   3   2   1   1   3  0.51 0.01
   45 N   -1  0  5  1 -2  0  0  0  0 -2 -2  0 -1 -2 -1  0  0 -2 -1 -2    3   2  62   2   1   2   2   3   1   2   4   2   1   2   2   3   2   1   1   3  0.51 0.01
   46 R    0  5 -1 -1 -2  1  0 -1  0 -2 -2  1 -1 -2 -1  0 -1 -2 -2 -2   12  62   1   2   1   1   2   2   1   2   3   2   1   1   2   2   2   0   1   2  0.51 0.01
   47 N   -1 -1  5  1 -2  0  0 -1  0 -2 -2  0 -2 -2 -1  2  0 -2 -2 -2    2   2  56   2   1   1   2   2   1   2   3   2   1   1   2  18   2   0   1   2  0.50 0.01
   48 P    1 -1  0 -1 -1  1  0 -1 -1 -2 -2  0 -1 -2  2  3  1 -2 -1 -1    2   2   1   2   1  11   2   2   1   2   3   2   1   1  12  52   2   0   1   2  0.39 0.01
   49 N    0 -1  4  0 -2  0  0 -1  0 -2 -2  0 -2 -2 -1  2  1 -3 -2 -2    2   1  44   1   0   1   1   2   0   1   2   1   0   1   1  29   9   0   1   1  0.47 0.01
   50 Y   -1 -2 -1 -2  4 -1 -2 -2  0 -2 -2 -2 -1  1 -2  1 -1  0  5 -2    1   1   1   1  21   1   1   1   0   1   1   1   0   1   1  18   1   0  48   1  0.49 0.02
   51 Q   -1  0  0 -1 -3  5  1 -2  0 -1  0  1  0 -2 -1 -1 -1 -2 -2 -1    1   1   1   1   0  71   1   1   0   1  16   1   0   1   1   1   1   0   0   1  0.60 0.03
   52 M   -1 -2 -2 -2 -1 -1 -2  0 -2  1  2 -1  4  0 -2 -1 -1 -2 -1  1    2   1   1   1   0   1   2   8   1   1  17   1  38   1   1   2   1   0   1  19  0.20 0.01
   53 E   -1 -1  0  3 -3  1  4 -2  0 -2 -2  0 -2 -2 -1  0 -1 -3 -2 -2    2   1   1  24   0   1  54   2   1   1   2   1   1   1   1   2   1   0   1   2  0.63 0.01
   54 D   -1 -1  3  4 -2  0  1 -1 -1 -2 -2  0 -2 -2 -1  0  0 -2 -2 -2    3   2  19  45   1   2   2   3   1   2   4   2   1   2   2   3   2   1   1   3  0.47 0.01
   55 M   -1 -1 -1 -2 -1  0 -1 -2 -1  1  1 -1  5  0 -1 -1  0 -1 -1  1    3   2   2   2   1   2   2   3   1   2   4   2  56   2   2   3   2   1   1   8  0.23 0.02
   56 T    0 -1  1  2 -1  0  0 -1 -1 -1 -1  0 -1 -1 -1  1  3 -2 -1 -1    3   2   8  19   1   2   2   3   1   2   4   2   1   2   2   3  39   1   1   3  0.27 0.01
   57 K    0  0 -1 -1 -1  0  0 -1 -1  0  0  1  3 -1 -1  0  2 -1 -1  0    3   2   2   2   1   2   2   3   1   2   4  19  28   2   2   3  20   1   1   3  0.14 0.01
   58 M    0 -1 -1 -1 -1  0 -1 -1 -1  0  1 -1  2 -1  1  1  0 -1 -1  0    3   2   2   2   1   2   2   3   1   2  24   2  17   2   8  20   2   1   1   3  0.13 0.00
   59 W   -1 -1 -2 -2 -2 -1 -2 -2 -1 -2 -1 -2 -1  0 -1 -1 -1  9  1 -2    3   2   2   2   1   2   2   3   1   2   4   2   1   2   2   3   2  61   1   3  1.28 0.02
   60 N   -1 -1  4  0 -2  0 -1 -1  0 -1  1  0  0 -1 -1  1  0 -2 -1 -1    3   2  39   2   1   2   2   3   1   2  21   2   1   2   2   9   2   1   1   3  0.22 0.01
   61 K    0  1  0 -1 -2  1  0 -1 -1 -2 -1  4 -1 -2  0  0  0 -2 -1 -1    3   2   2   2   1   2   2   3   1   2   4  63   1   2   2   3   2   1   1   3  0.40 0.01
   62 K   -1  1  0 -1 -2  0  0 -1 -1  1 -1  3  0 -1 -1  0  0 -2 -1  0    3   2   2   2   1   2   2   3   1  19   4  45   1   2   2   3   2   1   1   3  0.19 0.01
   63 S    0 -1  2  0 -1  0  0 -1 -1 -2 -2  0 -1 -2 -1  3  1 -2 -2 -1    2   1  18   1   0   1   2   2   1   1   2   1   1   1   1  54   7   0   1   2  0.40 0.01
   64 N    0 -1  4  0 -2  0 -1 -1  0 -1 -2  0 -1 -2 -1  2  0 -2 -2  0    2   1  39   1   0   1   1   2   0   1   2   1   0   1   1  29   1   0   1  16  0.33 0.01
   65 K   -1  1 -1 -1 -2  2  2 -2 -1  0 -1  3  1 -2 -1 -1 -1 -2 -2  1    1   1   1   1   0  11  15   1   0   1   1  38   6   1   1   1   1   0   0  18  0.28 0.01
   66 P    0 -1 -1 -2 -3  2  0 -2 -1 -3 -3 -1 -2 -4  6  2  0 -4 -3 -2    0   0   0   0   0  17   0   0   0   0   0   0   0   0  56  27   0   0   0   0  1.33 0.03
   67 S    0 -1  3  2 -2 -1  0 -1 -1  0 -2 -1 -2 -3  1  2  0 -4 -3 -1    7   0  31  17   0   0   0   0   0  14   0   0   0   0   8  22   0   0   0   0  0.37 0.01
   68 K   -1  2  0 -1 -4  1  0 -2 -1 -2 -2  5 -1 -3 -2 -1 -1 -4 -2 -1    0   0   0   0   0   0   0   0   0   0   0  90   0   0   0   0   0   0   0  10  0.73 0.04
   69 Y   -2 -3 -3 -4 -3 -2 -3 -4  1 -2 -2 -3 -2  3 -4 -2 -2  2  7 -2    0   0   0   0   0   0   0   0   0   0   0   0   0   0   0   0   0   0 100   0  1.34 0.05
   70 S    0 -1  4  0 -2  0 -1 -1  0 -3 -3  0 -2 -3 -1  3  1 -3 -2 -2    1   0  40   0   0   0   0   1   0   0   1   0   0   0   0  53   0   0   0   0  0.61 0.02
   71 Q   -1  1  0 -1 -3  4  1 -2  3 -3 -3  2 -1 -3 -2  1 -1 -3 -1 -3    0   0   0   0   0  49   0   0  15   0   0  22   0   0   0  14   0   0   0   0  0.66 0.04
   72 E    0 -1  0  2 -3  1  4 -2 -1 -3 -3  0 -2 -4 -2  2  0 -4 -3 -3    0   0   0  15   0   0  57   0   0   0   0   0   0   0   0  28   0   0   0   0  0.75 0.03
   73 R   -2  6  2 -1 -4  1 -1 -2  0 -3 -3  2 -2 -4 -2 -1 -1 -4 -3 -3    0  86  14   0   0   0   0   0   0   0   0   0   0   0   0   0   0   0   0   0  1.04 0.05
   74 C   -1 -2 -2 -3  5 -2 -2 -3  0 -2 -2 -2 -2  1 -3  2 -1  0  5 -2    0   0   0   0  23   0   0   0   0   0   0   0   0   0   0  28   0   0  49   0  0.63 0.04
   75 K    0 -1  3 -1 -3 -1 -1 -2 -1 -2 -2  1  0 -3  4  0  2 -4 -3 -2    8   0  22   0   0   0   0   0   0   0   0  14   6   0  28   0  22   0   0   0  0.61 0.02
   76 W   -3 -3 -2  3 -4 -2 -2 -3 -2 -3 -3 -3 -2 -1 -4 -3 -3  9  1 -3    0   0   0  28   0   0   0   0   0   0   0   0   0   0   0   0   0  72   0   0  1.96 0.07
   77 Q   -1  3  0 -1 -4  5  1 -3  0 -3 -3  1 -1 -4 -2 -1 -1 -3 -2 -3    0  28   0   0   0  72   0   0   0   0   0   0   0   0   0   0   0   0   0   0  0.96 0.05
   78 R   -2  4 -2 -3 -4 -1 -2 -3  0 -3 -2  0 -2  0 -3 -2 -2  7  4 -3    0  40   0   0   0   0   0   0   0   0   0   0   0   0   0   0   0  31  28   0  1.04 0.04
   79 Q   -1  0 -1 -1 -4  6  1 -3  0 -3 -3  1 -1 -4  2 -1 -1 -3 -3 -3    0   0   0   0   0  90   0   0   0   0   0   0   0   0  10   0   0   0   0   0  1.11 0.08
   80 D   -1 -1  0  3 -5  1  5 -2 -1 -4 -4  0 -3 -4 -2 -1 -1 -4 -3 -3    0   0   0  25   0   0  75   0   0   0   0   0   0   0   0   0   0   0   0   0  1.06 0.05
   81 R   -1  2  4  0 -3  0  0  1 -1 -4 -3  3 -2 -4 -2  1 -1 -4 -3 -3    0  11  35   0   0   0   0  14   0   0   0  32   0   0   0   8   0   0   0   0  0.55 0.03
   82 D   -2 -2  1  5 -4 -1  1  1 -2 -2 -3 -2 -3 -3 -2 -1 -1 -5 -4  0    0   0   0  76   0   0   0  10   0   0   0   0   0   0   0   0   0   0   0  14  0.90 0.05
   83 K   -1  2  2  2 -4  1  2 -2 -1 -3 -3  3  0 -3 -2 -1 -1 -4 -3 -3    0  11  15  15   0   0  14   0   0   0   0  38   6   0   0   0   0   0   0   0  0.52 0.03
   84 A    1 -2  2  2 -2 -1 -1 -2 -2  0 -1 -1 -1 -2 -2  0  1 -4 -2  2   19   0  14  17   0   0   0   0   0   0   0   0   0   0   0   0  15   0   0  35  0.24 0.02
   85 A    3  1 -2 -3 -2 -1 -2 -2 -1  0  0 -1  0 -1 -2  0 -1 -2  2  1   44  11   0   0   0   0   0   0   0   5  10   0   0   0   0   0   0   0  14  15  0.21 0.02
   86 K    0  0  1 -1 -2  0 -1 -2 -1 -2 -2  3 -2 -3  3  0  3 -4 -3 -1    7   0   6   0   0   0   0   0   0   0   0  30   0   0  15   0  42   0   0   0  0.53 0.04
   87 Y   -2 -2  1 -2 -3 -2 -2  1  1 -2 -2 -1 -2  2 -3 -2 -2  1  6 -3    0   0  11   0   0   0   0  14   0   0   0   6   0   0   0   0   0   0  69   0  0.80 0.06
   88 R   -2  6 -1 -2 -4  0 -1 -3 -1 -2  0  2 -1 -3 -3 -1 -2 -3 -2 -2    0  86   0   0   0   0   0   0   0   0  14   0   0   0   0   0   0   0   0   0  0.95 0.06
   89 S    0 -1  2  2 -2 -1  0  1 -1 -3 -3 -1 -2 -3 -2  4  1 -4 -3 -3    0   0  10  14   0   0   0  13   0   0   0   0   0   0   0  63   0   0   0   0  0.58 0.04
   90 P   -1 -1  2  3 -3  1  0 -2 -1 -4 -3 -1 -3 -4  5  1 -1 -4 -3 -3    0   0  14  23   0  10   0   0   0   0   0   0   0   0  38  15   0   0   0   0  0.96 0.04
   91 P    0 -1  0  2  2 -1 -1 -2 -2 -2 -1  1 -1 -3  2  2  0 -4 -3 -2    0   0   0  15  10   0   0   0   0   0  11  14   0   0  11  39   0   0   0   0  0.32 0.03
   92 E   -1 -1  2  0 -3  2  3 -2  0 -1  0  0 -1  0 -2 -1 -1 -2 -1 -1    1   1  15   1   0  10  39   1   0   1  13   1   0   6   1   1   1   0   0   7  0.31 0.02
   93 G   -1 -2  0  3 -3 -1  0  4 -2 -3 -3 -1 -3 -3 -2 -1 -1 -3 -3 -3    1   1   1  34   0   1   1  53   0   1   1   1   0   1   1   1   1   0   0   1  0.74 0.03
   94 Y   -2 -2 -3 -3 -2 -2 -3 -3 -1  0  1 -2  0  5 -3 -2 -2  0  3 -1    1   1   1   1   0   1   1   1   0   1  10   1   0  67   1   1   1   0  11   1  0.68 0.04
   95 A    1 -2 -1 -2 -2 -1 -1 -2 -2 -1 -1 -1 -1  2 -2  1  4 -3 -1 -1   19   0   0   0   0   0   0   0   0   0   0   0   0  15   0   0  66   0   0   0  0.53 0.05
   96 S    1 -1  0 -1 -2 -1 -1  1 -1 -3 -3 -1 -2 -3 -2  4  2 -4 -2 -2    0   0   0   0   0   0   0   8   0   0   0   0   0   0   0  77  15   0   0   0  0.68 0.05
   97 D   -2 -2  1  6 -4 -1  2 -2 -2 -4 -5 -1 -4 -4 -2 -1 -2 -5 -4 -4    0   0   0  92   0   0   8   0   0   0   0   0   0   0   0   0   0   0   0   0  1.37 0.06
   98 T   -1  2  2 -1 -3  2  0 -2 -1 -3 -3  4 -2 -3 -2  0  1 -4 -2 -2    0   7  15   0   0  14   0   0   0   0   0  54   0   0   0   0  11   0   0   0  0.61 0.04
   99 F   -2 -3 -4 -4 -2 -3 -4 -4 -2  0  2 -3  1  5 -4 -3 -2 -1  2 -1    0   0   0   0   0   0   0   0   0   0  37   0   0  63   0   0   0   0   0   0  0.76 0.05
  100 P    1 -2 -2 -2 -3 -1 -1 -2 -2 -2 -2 -1 -2 -3  6 -1  0 -3 -3 -2   11   1   1   1   0   1   1   1   0   1   1   1   0   1  70   1   7   0   0   1  1.64 0.04
  101 S    2 -1  0 -1 -2 -1 -1 -1 -1 -3 -3 -1 -2 -3 -1  4  1 -4 -2 -2   18   0   0   0   0   0   0   0   0   0   0   0   0   0   0  82   0   0   0   0  0.74 0.06
  102 E   -1 -1  0  3 -5  1  5 -3 -1 -4 -4  0 -3 -4 -2 -1 -1 -4 -3 -3    0   0   0  14   0   0  86   0   0   0   0   0   0   0   0   0   0   0   0   0  1.11 0.06
  103 G   -1 -2 -1  0 -4  1 -1  5 -2 -4 -4 -1 -3 -4 -3 -1 -2 -4 -4 -4    0   0   0   7   0  14   0  79   0   0   0   0   0   0   0   0   0   0   0   0  1.04 0.05
  104 L    1 -3 -3 -4 -2 -2 -3 -3 -3  1  3 -2  1  0 -2 -1 -1 -3 -2  1   23   0   0   0   0   0   0   0   0   0  68   0   0   0   0   0   0   0   0  10  0.42 0.03
  105 L   -2 -2 -2 -3 -2 -2 -2 -3  1  1  4 -2  1  0 -2 -2 -1 -2 -1  0    1   1   1   1   0   1   1   1   7   1  80   1   0   1   1   1   1   0   0   1  0.45 0.03
  106 E   -2 -2  3  5 -4  0  3 -2 -1 -4 -4 -1 -3 -4 -2 -1 -1 -5 -4 -4    0   0  14  67   0   0  19   0   0   0   0   0   0   0   0   0   0   0   0   0  1.07 0.05
  107 F   -3 -4 -4 -4 -3 -4 -4 -4 -2 -1  0 -4 -1  6 -4 -3 -2  0  2 -1    0   0   0   0   0   0   0   0   0   0   0   0   0 100   0   0   0   0   0   0  1.22 0.08
  108 N   -1 -1  4  0 -3 -1 -1  3 -1 -4 -4 -1 -3 -4 -2  2  0 -4 -3 -3    0   0  49   0   0   0   0  32   0   0   0   0   0   0   0  18   0   0   0   0  0.74 0.04
  109 F   -1 -2 -2 -2 -2 -2 -2 -2 -1  0  1 -2  1  5 -2 -2 -1  0  2 -1    2   1   1   1   1   1   2   2   1   1  11   2   6  60   1   2   2   0   1   2  0.46 0.03
  110 E    0  0  0  1 -2  1  4 -1  0 -2 -1  0 -1 -2  0  0  0 -2 -1 -1    4   2   2   3   1   2  56   3   1   2   4   3   1   2   2   3   3   1   2   3  0.44 0.02
  111 Q    0  0  0  0 -2  5  1 -1  0 -1 -1  1  0 -2  0  0  0 -1 -1 -1    4   2   2   3   1  55   3   3   1   2   4   3   1   2   2   3   3   1   2   3  0.43 0.02
  112 R    0  2 -1 -1 -1  0 -1 -1 -1  0  1  0  0 -1  2  0 -1 -1 -1  0    8  21   2   3   1   2   3   3   1   2  28   3   1   2   9   3   3   1   2   3  0.12 0.01
  113 E    0  0  0  1 -2  1  4 -1  0 -1 -1  0 -1 -1  0  0  0 -1 -1 -1    4   3   2   3   1   2  51   4   1   3   5   3   1   2   3   4   3   1   2   3  0.37 0.01
  114 S    1  0  0  0 -1  0  0  0 -1 -1 -1  0 -1 -1  0  3  1 -1 -1 -1    4   3   2   3   1   2   3   4   1   3   5   3   1   2   3  52   3   1   2   3  0.27 0.01
  115 Q    0  0  0  0 -2  4  1 -1  0 -1 -1  1  0 -1  0  0  0 -1 -1 -1    4   3   2   3   1  50   3   4   1   3   5   3   1   2   3   4   3   1   2   3  0.37 0.01
  116 T    0 -1  0 -1 -1 -1 -1 -1 -1 -1 -1 -1 -1 -2 -1  1  5 -2 -2  0    2   1   1   1   0   1   1   2   0   1   2   1   0   1   1   2  80   0   1   1  0.60 0.04
  117 T    0 -1  0 -1 -2 -1 -1 -2 -2 -1  0 -1 -1 -2 -2  3  4 -3 -2 -1    0   0   0   0   0   0   0   0   0   0   9   0   0   0   0  43  48   0   0   0  0.56 0.04
  118 K   -1  2  0 -1 -4  1  2 -2 -1 -3 -3  5 -2 -4 -2 -1 -1 -4 -3 -3    0   7   0   0   0   0  12   0   0   0   0  81   0   0   0   0   0   0   0   0  0.86 0.05
  119 Q   -1  0  0 -1 -4  6  1 -3  3 -4 -3  1 -1 -3 -2 -1 -1 -3 -2 -3    0   0   0   0   0  88   0   0  12   0   0   0   0   0   0   0   0   0   0   0  1.09 0.07
  120 T    1 -2 -1 -2 -2 -1 -1 -2 -2 -1 -2 -1 -2 -3  5  1  2 -4 -3 -1   15   0   0   0   0   0   0   0   0   7   0   0   0   0  44  12  21   0   0   0  0.96 0.03
  121 D   -2 -1  0  4 -5  1  4 -2 -1 -4 -4  0 -3 -4 -2 -1 -1 -5 -3 -3    0   0   0  44   0   0  56   0   0   0   0   0   0   0   0   0   0   0   0   0  1.05 0.05
  122 T    0 -1  0 -1 -2 -1 -1  0 -2 -2 -2 -1 -2 -3 -2  4  3 -4 -2 -1    0   0   0   0   0   0   0   7   0   0   0   0   0   0   0  56  37   0   0   0  0.62 0.04
  123 A    2  1 -1 -2 -2  0  0 -1 -1 -1 -2  4 -1 -3 -1  0 -1 -4 -2 -1   38   0   0   0   0   0   0   0   0   6   0  56   0   0   0   0   0   0   0   0  0.48 0.04
  124 A    2 -2  1 -1 -2 -1 -1 -2 -2  0 -1 -1 -1 -2  1  1  3 -3 -2  1   27   0  12   0   0   0   0   0   0   8   0   0   0   0   7   0  38   0   0   8  0.34 0.02
  125 S    0 -2  0 -1 -2 -1 -1 -1 -2 -2 -2 -1 -2  1  3  4  1 -3 -1 -2    0   0   0   0   0   0   0   0   0   0   0   0   0  12  14  67   7   0   0   0  0.59 0.04
  126 K   -1  4 -1 -2 -4  1  0 -2 -1 -3 -3  4 -2 -4 -2 -1 -1 -4 -3 -3    0  44   0   0   0   0   0   0   0   0   0  56   0   0   0   0   0   0   0   0  0.92 0.05
  127 I    2 -2  1 -2 -1 -1 -2 -2 -2  1  0 -2  1 -2 -2  0  1 -3 -2  2   30   0  14   0   0   0   0   0   0  13   0   0   8   0   0   0   7   0   0  27  0.21 0.02
  128 N    1 -1  2 -1 -2 -1 -1  2 -1 -3 -3 -1 -2 -3 -2  4  1 -4 -3 -2    0   0  15   0   0   0   0  14   0   0   0   0   0   0   0  71   0   0   0   0  0.65 0.04
  129 G    0  1 -1 -2 -4 -2 -2  5 -2 -5 -4 -1 -3 -4 -3 -1 -2 -4 -4 -4    0  12   0   0   0   0   0  88   0   0   0   0   0   0   0   0   0   0   0   0  1.20 0.05
  130 K   -1  2  0 -1 -4  1  0 -2 -1 -3 -3  5 -2 -4 -2 -1 -1 -4 -3 -3    0   0   0   0   0   0   0   0   0   0   0 100   0   0   0   0   0   0   0   0  1.02 0.06
  131 N    0 -1  4  0  3 -1 -1 -1 -1 -3 -3 -1 -2 -3 -2  3  0 -4 -3 -2    0   0  36   0  12   0   0   0   0   0   0   0   0   0   0  52   0   0   0   0  0.62 0.04
  132 G    1 -2 -1 -2 -3 -2 -2  5 -2 -2 -3 -2 -2 -3 -2  1 -1 -4 -3  0    8   0   0   0   0   0   0  65   0   0   0   0   0   0   0  12   0   0   0  14  0.74 0.03
  133 T    1 -1  2 -1 -2 -1 -1 -1 -1 -3 -3 -1 -2 -3 -1  4  2 -4 -2 -2    0   0   8   0   0   0   0   0   0   0   0   0   0   0   0  85   7   0   0   0  0.75 0.05
  134 K    1 -2 -2 -2 -3 -1 -2 -2 -2 -1 -1  0  1 -3  6 -1 -1 -4 -3  0   15   0   0   0   0   0   0   0   0   0   0   7   8   0  56   0   0   0   0  14  1.20 0.04
  135 A    3 -1 -1 -1 -1 -1 -1 -1 -2 -2 -2 -1 -2 -3 -1  4  1 -4 -2  0   39   0   0   0   0   0   0   0   0   0   0   0   0   0   0  56   0   0   0   5  0.56 0.04
  136 R   -2  6 -1 -2 -4  1 -1 -3 -1 -4 -3  2 -2 -4 -2 -1 -2 -4 -3 -3    0 100   0   0   0   0   0   0   0   0   0   0   0   0   0   0   0   0   0   0  1.28 0.07
  137 D   -2 -1  0  5 -5  1  4 -2 -1 -4 -4  0 -3 -4 -2 -1 -1 -5 -4 -3    0   0   0  51   0   0  49   0   0   0   0   0   0   0   0   0   0   0   0   0  1.06 0.05
  138 K   -1  2  0 -1 -4  1  0 -2 -1 -3 -3  5 -2 -4 -2 -1 -1 -4 -3 -3    0   0   0   0   0   0   0   0   0   0   0 100   0   0   0   0   0   0   0   0  1.02 0.06
  139 F   -1 -2 -2 -3 -2 -2 -2 -3 -2  1  1 -2  2  2  3 -1  2 -2 -1  0    0   0   0   0   0   0   0   0   0  14  14   0  15  15  15   0  26   0   0   0  0.34 0.02
  140 R   -1  3 -1 -2 -3  0 -1 -3  3 -3 -2  0 -2  0 -3  0 -1  0  5 -3    0  37   0   0   0   0   0   0  15   0   0   0   0   0   0  12   0   0  37   0  0.61 0.04
  141 R   -2  6 -1 -2 -4  1 -1 -3 -1 -4 -3  2 -2 -4 -2 -1 -2 -4 -3 -3    0 100   0   0   0   0   0   0   0   0   0   0   0   0   0   0   0   0   0   0  1.28 0.07
  142 W   -4 -4 -4 -6 -4 -3 -4 -4 -3 -3 -3 -4 -2  0 -5 -4 -4 10  1 -3    0   0   0   0   0   0   0   0   0   0   0   0   0   0   0   0   0 100   0   0  3.03 0.10
  143 T    2 -2 -1 -2 -1 -1 -1 -2 -2 -1 -2 -1 -1 -2 -2  1  5 -4 -2 -1   20   0   0   0   0   0   0   0   0   0   0   0   0   0   0   0  80   0   0   0  0.71 0.05
  144 P   -1 -2 -3 -2 -4 -2 -2 -3 -3 -4 -4 -2 -3 -4  7 -1 -2 -5 -4 -3    0   0   0   0   0   0   0   0   0   0   0   0   0   0 100   0   0   0   0   0  2.75 0.07
  145 Y   -3 -3 -3 -4 -3 -2 -3 -4  1 -2 -2 -3 -2  2 -4 -2 -2  2  7 -2    0   0   0   0   0   0   0   0   0   0   0   0   0   0   0   0   0   0 100   0  1.50 0.08
  146 P   -1 -2 -3 -2 -4 -2 -2 -3 -3 -4 -4 -2 -3 -4  7 -1 -2 -5 -4 -3    0   0   0   0   0   0   0   0   0   0   0   0   0   0 100   0   0   0   0   0  2.75 0.07
  147 S    1 -1  0 -1 -2 -1 -1 -1 -1 -3 -3 -1 -2 -3 -1  5  1 -4 -2 -2    8   0   0   0   0   0   0   0   0   0   0   0   0   0   0  92   0   0   0   0  0.80 0.06
  148 Q   -1  1  0 -1 -4  6  1 -3  0 -3 -3  1 -1 -4 -2 -1 -1 -3 -2 -3    0   0   0   0   0 100   0   0   0   0   0   0   0   0   0   0   0   0   0   0  1.24 0.08
  149 K   -1  2  0 -1 -4  1  0 -2 -1 -3 -3  5 -2 -4 -2 -1 -1 -4 -3 -3    0   0   0   0   0   0   0   0   0   0   0 100   0   0   0   0   0   0   0   0  1.02 0.06
  150 T    1 -2 -1 -2 -1 -1 -1 -2 -2 -1 -2 -1 -1 -2 -2  2  4 -4 -2 -1   15   0   0   0   0   0   0   0   0   0   0   0   0   0   0  14  70   0   0   0  0.66 0.05
  151 L    1 -2 -2 -3 -2 -2 -2 -2 -3  0  2 -2  0 -1  3  0  1 -3 -2  1   22   0   0   0   0   0   0   0   0   0  29   0   0   0  15   0  14   0   0  20  0.32 0.02
  152 D   -2 -1  0  4 -5  1  4 -2 -1 -4 -4  0 -3 -4 -2 -1 -1 -5 -3 -3    0   0   0  44   0   0  56   0   0   0   0   0   0   0   0   0   0   0   0   0  1.05 0.05
  153 L   -1  0 -1 -2 -3  5  0 -3  0 -1  2  0  1 -2 -2  0 -1 -3 -2 -1    0   0   0   0   0  56   0   0   0   0  37   0   0   0   0   7   0   0   0   0  0.51 0.04
  154 Q   -1  1  0 -1 -4  6  1 -3  0 -3 -3  1 -1 -4 -2 -1 -1 -3 -2 -3    0   0   0   0   0 100   0   0   0   0   0   0   0   0   0   0   0   0   0   0  1.24 0.08
  155 S    0 -2 -1 -1 -2 -1 -1 -2 -2 -3 -3 -1 -2 -3  5  3  0 -4 -3 -2    0   0   0   0   0   0   0   0   0   0   0   0   0   0  42  58   0   0   0   0  1.15 0.05
  156 A    1  2 -2 -3 -3 -1 -2  3 -2 -2  0 -1 -1 -2 -3 -1 -2  6 -1 -2   15  23   0   0   0   0   0  29   0   0  12   0   0   0   0   0   0  21   0   0  0.52 0.03
  157 L    0 -2 -1 -2 -2 -1 -2 -2 -2  0  2 -2  2  2 -2  2  0 -2 -1 -1    0   0   0   0   0   0   0   0   0   0  38   0   6  14   0  42   0   0   0   0  0.30 0.03
  158 K   -1  1 -1  0 -4  1  4 -2 -1 -4 -3  4 -2 -4 -2 -1 -1 -4 -3 -3    0   0   0   0   0   0  56   0   0   0   0  44   0   0   0   0   0   0   0   0  0.85 0.05
  159 E   -2 -2  1  5 -5  0  4 -2 -1 -4 -4 -1 -3 -4 -2 -1 -1 -5 -4 -4    0   0   0  64   0   0  36   0   0   0   0   0   0   0   0   0   0   0   0   0  1.12 0.05
  160 V   -1 -2  2 -2 -2 -2 -2 -3  1  2  0 -2  0 -2 -3 -1 -1 -3 -2  3    0   0  23   0   0   0   0   0   7  10   0   0   0   0   0   0   0   0   0  60  0.34 0.03
  161 I    0 -2 -1 -2 -1 -1 -1 -2 -2  1 -1 -1  0 -2 -2  1  3 -3 -2  2    1   1   1   1   0   1   1   1   0   7   1   1   0   0   1  15  38   0   0  31  0.30 0.02
  162 G    0  0  0 -1 -2 -1 -1  4 -1 -2 -2  1 -2 -2 -1  1  0 -2 -2 -2    2   1   1   1   1   1   2  46   1   1   2  16   1   1   1  17   2   0   1   2  0.44 0.01
  163 S    1  0  3  1 -2  0  0 -1  0 -2 -2  1 -2 -2 -1  1  0 -3 -2 -2   16   1  32   8   0   1   1   1   0   1   2  16   0   1   1  14   1   0   1   1  0.34 0.02
  164 K   -1  1  1 -1 -2  0  0 -1 -1 -2 -2  4 -1 -2 -1  0  2 -3 -2 -1    2   1   8   1   0   1   1   1   0   1   2  51   0   1   1   1  24   0   1   1  0.41 0.02
  165 S    1 -2 -1 -2 -2 -1 -1 -1 -2 -1 -1 -1  3 -2  2  3  0 -3 -2 -1   12   0   0   0   0   0   0   0   0   0   0   0  21   0  13  54   0   0   0   0  0.48 0.04
  166 D   -2  0  0  4 -4  1  4 -2 -1 -4 -4  2 -3 -4 -2 -1 -1 -4 -3 -3    0   0   0  43   0   0  37   0   0   0   0  20   0   0   0   0   0   0   0   0  0.85 0.04
  167 T    0  0 -1 -2 -2  0 -1 -2 -2 -1 -1  2  3 -2  2  2  2 -3 -2 -1    0   0   0   0   0   0   0   0   0   0   0  21  23   0   8  21  27   0   0   0  0.34 0.03
  168 L   -1 -2 -2 -3 -2 -2 -2 -3 -3  2  1 -2  2 -1  1  0  1 -3 -2  2    0   0   0   0   0   0   0   0   0  31   7   0  15   0   8  12  14   0   0  14  0.27 0.02
  169 E   -2 -2  0  4 -4  0  3  0 -1 -3 -1 -1 -2  0 -2 -1 -1 -3  1 -3    0   0   0  37   0   0  34   7   0   0   7   0   0   7   0   0   0   0   7   0  0.53 0.03
  170 K   -1  1 -1 -1 -3  0  0 -2 -1 -2  0  4 -1 -2 -2  1  1 -4 -2 -2    0   0   0   0   0   0   0   0   0   0  14  64   0   0   0  15   7   0   0   0  0.48 0.04
  171 P    1 -2 -2 -2 -3 -2 -1 -2 -2 -2 -2 -1 -2 -3  6 -1  0 -4 -3  0   13   0   0   0   0   0   0   1   0   0   1   0   0   0  66   1   8   0   0   8  1.49 0.04
  172 L   -2 -3 -3  0 -2 -2 -3 -4 -3  2  4 -3  2  0 -3 -3 -2 -3 -2  0    0   0   0   8   0   0   0   0   0   8  85   0   0   0   0   0   0   0   0   0  0.57 0.04
  173 F   -1 -2 -1 -2 -2 -2 -2 -2 -2 -1 -1 -2 -1  5 -3  2  2 -1  1 -1    0   0   0   0   0   0   0   0   0   0   0   0   0  52   0  20  28   0   0   0  0.51 0.04
  174 N    0  1  3  3 -3  0  2 -1 -1 -3 -3  0 -2 -3 -1  0 -1 -3 -2 -2    9  13  22  31   0   1  15   1   0   1   1   1   0   1   1   1   1   0   0   1  0.48 0.02
  175 F   -1 -2 -2 -3 -2 -2 -2 -2 -2  0  1 -2  1  5 -2  1 -1 -1  1 -1    1   0   0   0   0   0   0   1   0   0  13   0   8  52   0  22   0   0   0   0  0.42 0.03
  176 S    1 -1  0 -1 -2 -1 -1 -1 -2 -2 -2 -1  1 -3  3  4  1 -4 -2 -2    0   0   0   0   0   0   0   0   0   0   0   0   8   0  15  77   0   0   0   0  0.70 0.05
  177 L   -1 -2 -2 -3 -2 -2 -2 -3 -3  1  3 -2  2  0 -3  1 -1 -3 -2  1    0   0   0   0   0   0   0   0   0   0  59   0   7   0   0  20   0   0   0  14  0.37 0.03
  178 I   -1 -1 -1 -1 -2 -1  1 -2  2  2  0 -1  0 -1 -2  0  2 -2 -1  1    1   1   1   1   0   1  13   1   9  39   2   1   0   1   1   1  24   0   1   1  0.17 0.02
  179 T    0 -1  0  2 -2 -1  0 -2 -1 -1 -2 -1 -1 -2 -1  1  4 -3 -2 -1    1   1   1  16   0   1   1   1   0   1   2   1   0   1   1   1  67   0   1   1  0.52 0.04
  180 A    2 -1  0  1 -2 -1  0 -1 -1 -2 -2  1 -1 -2 -1  2  2 -3 -2 -1   36   0   0   9   0   0   1   1   0   0   1  11   0   0   0  16  23   0   0   1  0.34 0.03
  181 G    0 -2 -1 -1 -3 -2 -2  5 -2 -3 -3 -1 -3 -3 -2  2 -1 -3 -3 -3    1   0   0   0   0   0   1  68   0   0   1   0   0   0   0  24   0   0   0   1  0.88 0.04
  182 L   -1 -1 -1 -2 -1 -1 -1 -2 -1  2  1  0  3 -1 -1  0  0 -2 -1  1    2   2   1   2   1   1   2   2   1  25  10   9  24   1   2  11   2   0   1   2  0.12 0.02
  183 R   -1  2  0 -1 -2  3  1 -1  0 -1 -1  2  1 -2 -1  0 -1 -2 -1 -1    2  17   1   2   1  32   2   2   1   2   3  17   9   1   2   2   2   0   1   2  0.35 0.02
  184 K    0  1  0  0 -3  2  3 -1 -1 -2 -2  3 -1 -2 -1  0 -1 -3 -2 -2   10   1   1   1   0   8  32   1   0   1   2  35   0   1   1   1   1   0   1   1  0.45 0.03
  185 P   -1 -2 -2 -2 -3 -2 -1  0 -2 -3 -3 -1 -2 -3  6 -1  2 -4 -3 -2    1   0   0   0   0   0   1   9   0   0   1   0   0   0  65   1  19   0   0   1  1.52 0.06
  186 V   -1 -1 -2 -2  5 -1 -2 -2 -2  1  0  1  0 -2 -2 -1  1 -3 -2  1    1   1   1   1  26   1   1   1   0  16   9  18   0   0   1   1  16   0   0   8  0.23 0.02
  187 D   -1 -1  0  4 -3  0  3  0 -1 -3 -3 -1 -2 -3 -2  0  0 -3 -3 -2    1   1   1  46   0   1  26   9   0   1   1   1   0   0   1   1   9   0   0   1  0.65 0.03
  188 K    2  0 -1 -1  2  1  3 -2 -1 -3 -3  3 -2 -3 -2  0 -1 -4 -3 -2   26   0   0   0   9   0  31   0   0   0   0  35   0   0   0   0   0   0   0   0  0.47 0.04
  189 T    0 -1  2 -1 -2 -1  1 -2 -1 -2 -2 -1 -1 -3 -2  1  4 -4 -2 -1    8   0  15   0   0   0   9   0   0   0   0   0   0   0   0   0  68   0   0   0  0.61 0.06
  190 S    1  1  3 -1 -2 -1 -1 -1 -1 -1 -2  0 -2 -3  1  2  0 -4 -2  0   19  10  24   0   0   0   0   0   0   0   0   0   0   0   5  27   0   0   0  15  0.31 0.03
  191 N   -1 -1  6  1 -3  0  1 -1  0 -4 -4  0 -3 -4 -2  2  0 -4 -3 -3    0   0  74   0   0   0   8   0   0   0   0   0   0   0   0  18   0   0   0   0  0.92 0.07
  192 P    1 -2 -2 -2 -2 -2 -2 -2 -2 -1  1 -2  0 -2  5  1 -1 -3 -2  0    8   0   0   0   0   0   0   0   0   0  26   0   0   0  35  22   0   0   0   9  0.67 0.04
  193 P    0 -1  1 -1 -3 -1 -1 -2 -2 -2 -1  1 -2 -3  5  2 -1 -4 -3 -2    0   0   8   0   0   0   0   0   0   0  10  12   0   0  45  24   0   0   0   0  0.95 0.04
  194 V    0  0 -1 -2 -2 -1 -1 -2 -2  0  0  2  1 -2 -2  0  2 -3 -2  2    8   0   0   0   0   0   0   0   0   0   9  26   8   0   0   0  22   0   0  27  0.22 0.03
  195 I   -1  1 -2 -2 -2  2 -1 -3 -2  1  3 -1  1 -1 -3  1 -1 -3 -2  0    0  12   0   0   0  15   0   0   0   7  49   0   0   0   0  17   0   0   0   0  0.26 0.03
  196 K   -1  2 -1 -2 -4  1  0 -2 -1 -1 -2  5 -2 -3 -2 -1 -1 -4 -3 -2    0   0   0   0   0   0   0   0   0   8   0  92   0   0   0   0   0   0   0   0  0.86 0.08
  197 T   -1  2  1 -1 -2  0 -1 -2 -1 -2 -1  2 -1 -2 -2  1  3 -4 -2 -1    0  12   8   0   0   0   0   0   0   0   9  18   0   0   0   8  45   0   0   0  0.39 0.04
  198 Q   -2  0 -1 -1 -4  4  2 -3  0 -3 -3  2 -1 -2 -2 -1 -1  6  1 -3    0   0   0   0   0  45  12   0   0   0   0  17   0   0   0   0   0  18   8   0  0.77 0.06
  199 K   -1  1 -1  0 -4  1  3 -2 -1 -3 -1  4 -1 -3 -2 -1 -1 -4 -3 -2    0   0   0   0   0   0  38   0   0   0   8  54   0   0   0   0   0   0   0   0  0.66 0.05
  200 A    2 -1 -1  0 -3  0  3  0 -1 -2 -1  1 -1 -3 -2  1 -1 -4 -3 -2   25   0   0   0   0   0  39   8   0   0   9   8   0   0   0  12   0   0   0   0  0.37 0.03
  201 G    0 -2 -1 -2 -2 -1 -1  0  2  2 -1 -1 -1 -1 -2  2  1 -2  2  1    1   0   0   0   0   0   1   7   9  27   1   0   0   0   0  26   8   0  12   6  0.15 0.02
  202 P   -1 -1  0  1 -3  0  2 -2  5 -3 -3 -1 -2 -2  3  1 -1 -3 -1 -3    1   0   0   9   0   0  18   1  31   0   1   0   0   0  18  20   0   0   0   0  0.59 0.04
  203 P    1 -2  1 -2 -2 -1 -1 -2 -2 -1 -2 -1 -1 -2  5  0  2 -3 -2  0   18   0   8   0   0   0   0   1   0   0   1   0   0   0  33   1  23   0   0  12  0.66 0.03
  204 G    0 -2  0 -1 -2 -1 -1  4 -2 -3 -3 -1 -2 -3  2  2  0 -3 -3 -3    1   0   0   0   0   0   0  46   0   0   1   0   0   0  12  36   0   0   0   0  0.68 0.04
  205 S    1 -1  3 -1 -2 -1 -1 -1 -1 -3 -3 -1 -2 -3 -2  4  1 -4 -2 -2    0   0  18   0   0   0   0   0   0   0   0   0   0   0   0  82   0   0   0   0  0.78 0.07
  206 P   -1 -2 -2 -2 -2 -2 -2 -3 -2  0  2 -2  0 -1  5 -1  1 -3 -2  1    1   0   0   0   0   0   0   1   0   0  31   0   0   0  40   1  12   0   0  11  0.77 0.03
  207 S    0 -1  5  0 -2  0 -1 -1  0 -3 -3 -1 -2 -3 -2  3  1 -3 -2 -2    1   0  51   0   0   0   0   1   0   0   1   0   0   0   0  32  11   0   0   0  0.65 0.05
  208 H   -1 -1  3  0 -3  0  0 -1  6 -3 -2 -1 -2 -2 -2  1 -1 -2  0 -2    1   1  25   1   0   1   1   1  46   1   2   1   0   1   1  13   1   0   1   1  0.61 0.04
  209 K    0  1  0 -1 -2  1  0 -1 -1 -2 -1  4 -1 -2  0  0  0 -2 -1 -1    3   2   2   2   1   2   3   3   1   2   4  60   1   2   2   3   2   1   1   3  0.39 0.02
  210 A    3 -2 -2 -2 -1 -1 -1  2 -2 -1 -1 -1 -1 -2 -1  0  0 -3 -2  1   58   1   0   1   0   0   1  17   0   1   1   1   0   0   1   1   1   0   0  17  0.37 0.03
  211 I    0 -1 -1 -1 -1 -1 -1 -2 -2  1 -1 -1  0 -1  2  1  3 -2 -2  1    2   1   1   1   0   1   1   2   0  15   2   1   1   1   9  17  33   0   1   9  0.26 0.02
  212 S    1 -1  0 -1 -2 -1 -1 -1 -1 -2 -1 -1 -1 -2  2  4  1 -3 -2 -2    1   1   0   1   0   0   1   1   0   1   9   1   0   0   8  75   1   0   0   1  0.55 0.05
  213 D   -2 -2  1  6 -4 -1  1 -2 -2 -3 -4 -1 -3 -3  2 -1 -1 -4 -3 -3    1   1   0  78   0   0   1   1   0   1   1   1   0   0  12   1   1   0   0   1  1.09 0.06
  214 G   -1 -1  0 -2  4  0 -1  0  5 -2 -2  1 -2 -2 -2  1 -1 -3  0 -1    1   1   0   1  16   0   1   8  32   1   1  12   0   0   1  16   1   0   0   9  0.31 0.03
  215 T    1 -2 -2 -2 -2 -1 -2 -2 -2  0  2 -1  0 -1  1  0  2 -2 -2  1   16   1   0   1   0   0   1   1   0   1  33   1   0   0   9   1  23   0   0  13  0.23 0.02
  216 A    3 -2  1  3 -2 -1  0 -1 -1 -1 -2 -1 -2 -2 -1  0 -1 -3 -2  0   45   1   5  33   0   0   1   1   0   1   1   1   0   0   1   1   1   0   0   9  0.39 0.03
  217 F    0 -1  0 -1 -2 -1 -1 -1 -1 -2 -1 -1 -1  0  2  4  1 -3 -1 -2    1   1   0   1   0   0   1   1   0   1   9   1   0   7  12  63   1   0   0   1  0.46 0.04
  218 C   -1 -3 -3 -3  7 -3 -3 -3 -2 -1 -1 -3 -2  2 -3 -2 -2 -1  2 -1    1   1   0   1  67   0   1   1   0   1   1   1   0  15   1   1   1   0   8   1  0.93 0.06
  219 E   -1  2 -1  0 -4  1  4 -2 -1 -3 -3  3 -2 -3 -1 -1 -1 -3 -2 -2    1   9   0   1   0   0  46   1   0   1   1  36   0   0   1   1   1   0   0   1  0.66 0.04
  220 V   -1 -3 -3 -4 -2 -3 -3  0 -3  2  1 -3  0 -1 -3 -2 -1 -3 -2  4    0   0   0   0   0   0   0   8   0   0  10   0   0   0   0   0   0   0   0  81  0.50 0.06
  221 A    0 -2 -2  1 -2 -1 -2 -3 -3  1  1 -2  4 -1  2 -2 -1 -3 -2  2    7   0   0  10   0   0   0   0   0   0   0   0  40   0  12   0   0   0   0  30  0.36 0.05
  222 R   -1  4 -1 -2 -3  0 -1 -3 -1 -2 -2  3 -2 -2 -2 -1 -1 -2  2  0    0  38   0   0   0   0   0   0   0   0   0  40   0   0   0   0   0   0  10  12  0.58 0.05
  223 A    2 -1  0  3 -2  2  2 -1 -1 -3 -3 -1 -2 -3  1  0 -1 -4 -3 -2   38   0   0  30   0  14  12   0   0   0   0   0   0   0   7   0   0   0   0   0  0.51 0.04
  224 C   -1 -3 -2  0  8 -3 -3  1 -4 -2 -3 -3 -2 -3 -3  0 -1 -4 -3 -2    0   0   0   7  72   0   0  12   0   0   0   0   0   0   0   9   0   0   0   0  1.05 0.08
  225 S    0 -2 -1 -2 -2 -1 -1 -2 -2 -3 -3 -1 -2 -3  5  3  2 -4 -3 -2    0   0   0   0   0   0   0   0   0   0   0   0   0   0  43  42  15   0   0   0  1.11 0.06
  226 I    0 -1 -1 -2 -2 -1  1 -2 -2  2  0  1  0 -2 -2  2  1 -3 -2  1    0   0   0   0   0   0   9   0   0  40   0  15   0   0   0  26   9   0   0   0  0.22 0.04
  227 T    1 -2  1  1 -2 -1  1  2 -1 -2 -3 -1 -2 -3 -2  0  3 -4 -3 -2   14   0   9   7   0   0  15  20   0   0   0   0   0   0   0   0  36   0   0   0  0.39 0.03
  228 E   -1  0  0  2 -5  1  5 -2 -1 -4 -4  3 -2 -4 -2 -1 -1 -4 -3 -3    0   0   0  10   0   0  66   0   0   0   0  24   0   0   0   0   0   0   0   0  0.90 0.06
  229 Q   -1  1  1 -1 -4  2  0 -2 -1 -3 -3  4 -2 -4  3  1 -1 -4 -3 -3    0   0  10   0   0  14   0   0   0   0   0  52   0   0  15   9   0   0   0   0  0.67 0.05
  230 S    1 -2 -1 -2 -3 -2 -1  2 -2 -3 -3 -1 -3 -4  5  2 -1 -4 -3 -2   12   0   0   0   0   0   0  21   0   0   0   0   0   0  45  23   0   0   0   0  1.08 0.05
  231 E   -1  0  0  3 -4  1  4 -2 -1 -4 -4  3 -3 -4 -2 -1 -1 -4 -3 -3    0   0   0  21   0   0  49   0   0   0   0  30   0   0   0   0   0   0   0   0  0.81 0.05
  232 P   -1  0  0  2 -4  4  1 -2 -1 -3 -3  2 -2 -4  3  0 -1 -4 -3 -3    0   0   0  21   0  36   0   0   0   0   0  21   0   0  14   9   0   0   0   0  0.64 0.05
  233 H   -1 -1  0  3 -4  0  4  2  3 -4 -4 -1 -3 -4 -2 -1 -2 -4 -2 -3    0   0   0  21   0   0  45  21  14   0   0   0   0   0   0   0   0   0   0   0  0.68 0.05
  234 Q   -1 -1  0  2  2  1  0 -1  5  0 -2 -1 -2 -2 -3  0 -1 -3 -1 -1    0   0   0  21   8   6   0   5  36  15   0   0   0   0   0   9   0   0   0   0  0.37 0.04
  235 K   -1  3  3 -1 -3  0  0 -2 -1 -3 -3  3 -2 -3 -2  0  1 -4 -2 -2    0  27  25   0   0   0   0   0   0   0   0  34   0   0   0   0  13   0   0   0  0.60 0.03
  236 S    0 -2  2 -1 -2 -1 -1  1 -2 -2  0 -1 -1 -2  2  3  0 -4 -3 -2    0   0  11   0   0   0   0  15   0   0  14   0   0   0  13  47   0   0   0   0  0.41 0.03
  237 N   -1  1  5  0 -3  0 -1 -1  0 -4 -4  0 -3 -3 -2  2  0 -4 -3 -3    0  11  68   0   0   0   0   0   0   0   0   0   0   0   0  20   0   0   0   0  0.82 0.05
  238 K   -1  4 -1 -2 -4  1  0  0 -1 -3 -3  4 -2 -4 -2 -1 -1 -4 -3 -3    0  33   0   0   0   0   0   5   0   0   0  62   0   0   0   0   0   0   0   0  0.81 0.04
  239 I   -1 -2 -3 -3 -2 -1 -2 -3 -3  2  2 -2  5 -1 -3 -1  1 -2 -2  2    0   0   0   0   0   0   0   0   0  13  11   0  47   0   0   0  15   0   0  14  0.43 0.04
  240 P   -1 -2 -2 -2 -3 -2 -2 -3 -2 -2 -1 -2 -2 -3  7  1 -1 -4 -3 -2    0   0   0   0   0   0   0   0   0   0  11   0   0   0  75  14   0   0   0   0  1.80 0.05
  241 L    0 -1  0 -1 -2  2  0 -1 -1 -2  0 -1 -1 -2 -2  4  1 -3 -2 -2    0   0   0   0   0  15   0   0   0   0  13   0   0   0   0  72   0   0   0   0  0.52 0.04
  242 L   -2 -3 -4 -5 -2 -3 -4 -4 -3  1  4 -3  2  0 -3 -3 -2 -2 -2  0    0   0   0   0   0   0   0   0   0   0 100   0   0   0   0   0   0   0   0   0  0.76 0.05
  243 K   -1  2  0 -1 -4  1  0 -2 -1 -3 -3  5 -2 -3 -2  0  1 -4 -3 -2    0   0   0   0   0   0   0   0   0   0   0  86   0   0   0   0  14   0   0   0  0.80 0.05
  244 S    1 -1  2 -1 -2 -1 -1 -1 -1 -3 -3 -1 -2 -3 -2  4  1 -4 -2 -2    0   0  14   0   0   0   0   0   0   0   0   0   0   0   0  86   0   0   0   0  0.76 0.05
  245 P   -1 -3 -3 -3 -3 -2 -2 -3 -3 -2 -2 -2 -2 -4  7 -2 -2 -5 -4  0    0   0   0   0   0   0   0   0   0   0   0   0   0   0  85   0   0   0   0  15  2.16 0.06
  246 L   -2 -3 -4 -5 -2 -3 -4 -4 -3  1  4 -3  2  0 -3 -3 -2 -2 -2  0    0   0   0   0   0   0   0   0   0   0 100   0   0   0   0   0   0   0   0   0  0.76 0.05
  247 L   -1 -2 -2 -3 -2 -2 -2 -3 -2  1  3 -2  1  0  2  0 -1 -2 -2  0    1   0   0   0   0   0   0   1   0   0  67   0   0   0  11  15   0   0   0   0  0.39 0.03
  248 P    0 -2  3 -1 -3 -1 -1 -2 -1 -2  0 -1 -1 -3  5 -1 -1 -3 -3 -2    7   0  28   0   0   0   0   1   0   0  12   0   0   0  48   1   0   0   0   0  1.02 0.03
  249 L   -1 -3 -3 -4  3 -3 -3 -4 -3  3  2 -3  1 -1 -3 -2  1 -3 -2  1    0   0   0   0  13   0   0   0   0  48  24   0   0   0   0   0  15   0   0   0  0.38 0.03
  250 P    1 -2 -2 -2 -3 -1 -2 -2 -2 -2 -2 -1  0 -3  6  0  2 -4 -3 -2   11   0   0   0   0   0   0   0   0   0   0   0   6   0  62   0  21   0   0   0  1.44 0.05
  251 T    1 -2  2  3 -2 -1  0 -2 -2  1 -1 -1 -1 -2 -2  0  2 -4 -3  0   13   0  15  27   0   0   0   0   0  14   0   0   0   0   0   0  24   0   0   7  0.31 0.02
  252 P   -1  0 -1 -2 -2 -1 -1 -2 -2  0  0 -1  2 -2  3  0  3 -3 -2  0    1   5   0   1   0   0   1   1   0   6   1   1  16   0  16   1  43   0   0   7  0.38 0.03
  253 K   -1  2  0 -1 -4  1  0 -2 -1 -3 -3  5 -2 -4 -2 -1 -1 -4 -3 -3    0   0   0   0   0   0   0   0   0   0   0 100   0   0   0   0   0   0   0   0  1.02 0.07
  254 S    0 -2 -1 -2 -2 -1 -1 -2 -2 -1  2 -1  0 -2  2  3  0 -3 -2 -1    0   0   0   0   0   0   0   0   0   0  32   0   0   0  10  58   0   0   0   0  0.42 0.04
  255 G    0 -2 -1 -2 -2 -2 -2  1 -2  2  2 -2  0 -1 -2  2  0 -3 -2  0    0   0   0   0   0   0   0  15   0  22  30   0   0   0   0  32   0   0   0   0  0.22 0.03
  256 P    0 -2 -1 -2 -2 -1 -1 -2 -2 -1  1 -1  0 -2  4  3  0 -3 -2 -1    0   0   0   0   0   0   0   0   0   0  27   0   0   0  28  46   0   0   0   0  0.62 0.04
  257 H   -1  2 -1 -1 -3  4  1 -3  3 -1 -2  1 -1 -3  2 -1  0 -3 -1 -2    0  16   0   0   0  48   0   0  15   6   0   0   0   0  10   0   5   0   0   0  0.62 0.04
  258 K   -1  1 -1 -2  4  0  0 -2 -1 -3 -3  5 -2 -3 -2 -1 -1 -4 -3 -3    0   0   0   0  16   0   0   0   0   0   0  84   0   0   0   0   0   0   0   0  0.80 0.06
  259 Q   -1  0 -1 -1 -4  5  3 -3  3 -3 -1  1 -1 -3 -2 -1 -1 -3 -2 -2    0   0   0   0   0  68  16   0   9   0   6   0   0   0   0   0   0   0   0   0  0.83 0.06
  260 N   -2 -2  3  5 -4 -1  2  2 -1 -4 -4 -1 -3 -4 -2 -1 -1 -5 -4 -4    0   0  15  56   0   0  12  16   0   0   0   0   0   0   0   0   0   0   0   0  0.86 0.04
  261 L   -1 -2 -1 -2 -2 -2 -2 -3 -2 -1  0 -2 -1  2  4  1  3 -2 -1 -1    0   0   0   0   0   0   0   0   0   0  15   0   0  16  24  12  32   0   0   0  0.49 0.03
  262 K   -1  1  3 -1 -3  0  0 -2 -1 -2  0  4 -1 -3 -2 -1 -1 -4 -2 -2    0   0  20   0   0   0   0   0   0   0  16  63   0   0   0   0   0   0   0   0  0.53 0.05
  263 N    0  0  4  0 -2  0 -1 -1 -1 -3 -3  1 -2 -3 -2  3  1 -4 -2 -2    0   0  33   0   0   0   0   0   0   0   0  13   0   0   0  46   8   0   0   0  0.60 0.05
  264 R   -1  1 -2 -3 -2 -1 -2 -3 -2  1  2 -1  1 -1  3 -1  1 -3 -2  0    0  15   0   0   0   0   0   0   0  11  46   0   0   0  15   0  13   0   0   0  0.36 0.03
  265 S    0 -2 -1 -2 -2 -1 -2 -2 -2 -1  2 -2  0  1 -2  3  0 -3 -1 -1    0   0   0   0   0   0   0   0   0   0  37   0   0   8   0  54   0   0   0   0  0.36 0.05
  266 K   -1  2 -1 -1 -4  1  0 -2 -1 -3 -3  5 -2 -4 -2 -1 -1 -4 -3 -3    0   0   0   0   0   0   0   0   0   0   0 100   0   0   0   0   0   0   0   0  1.07 0.09
  267 N   -2 -1  6  1 -3 -1 -1 -1  0 -4 -4 -1 -3 -4  2  0  1 -4 -3 -3    0   0  80   0   0   0   0   0   0   0   0   0   0   0  13   0   7   0   0   0  1.05 0.08
  268 K   -1  2  1 -1 -3  0 -1 -2  3 -2 -2  3 -1 -3 -2  0  2 -3 -1  0    0  16   8   0   0   0   0   0  13   0   0  28   0   0   0   0  26   0   0   8  0.39 0.04
  269 E   -1  0 -1 -1 -3  0  1 -3 -1 -1  1  3  0  2  1  0 -1 -3 -1 -1    0   0   0   0   0   0  15   0   0   0  24  35   0  13   6   7   0   0   0   0  0.25 0.03
  270 T    0 -2 -1 -2 -2 -1 -2 -2 -2  0  2 -2  0 -1 -2  2  3 -3 -2  0    0   0   0   0   0   0   0   0   0   0  37   0   0   0   0  21  41   0   0   0  0.40 0.04
  271 K   -2 -1  3 -1 -3 -1 -1 -2 -1  0  2  1  0 -1 -3 -1  1 -3 -2 -1    0   0  26   0   0   0   0   0   0   0  46  15   0   0   0   0  13   0   0   0  0.29 0.04
  272 S    1 -2 -1 -2 -2 -1 -1 -1 -2 -2 -1 -1 -1  1 -2  4  1 -3 -1 -2   13   0   0   0   0   0   0   0   0   0   8   0   0  11   0  67   0   0   0   0  0.48 0.05
  273 F    0 -2 -1 -2 -2 -2 -2 -2 -1 -2 -1 -2 -1  4 -2  3  0 -1  2 -2    0   0   0   0   0   0   0   0   0   0   0   0   0  43   0  50   0   0   7   0  0.55 0.06
  274 P    0 -2 -1 -2 -2 -1 -1 -2 -2 -2 -2 -1 -2  0  5  2  3 -3 -2 -2    0   0   0   0   0   0   0   0   0   0   0   0   0   7  36  27  30   0   0   0  0.88 0.05
  275 S    1 -1 -1 -1 -2 -1 -1 -1 -2 -3 -3  1 -2 -3  4  3  0 -4 -3 -2    8   0   0   0   0   0   0   0   0   0   0  13   0   0  26  53   0   0   0   0  0.76 0.05
  276 G    0 -3 -1 -2 -3 -2 -3  5 -3 -1 -3 -2 -3 -3 -3  0 -2 -4 -4 -2    0   0   0   0   0   0   0  85   0   8   0   0   0   0   0   7   0   0   0   0  1.11 0.06
  277 D   -1  2  1  2 -4  1  4 -2 -1 -4 -3  2 -2 -4 -2 -1 -1 -4 -3 -3    0  13   8  15   0   0  41   0   0   0   0  23   0   0   0   0   0   0   0   0  0.68 0.04
  278 H   -1  1 -1  0  2  1  4 -2  4 -3 -3  0 -2 -3 -2  0  1 -3 -1 -2    1   8   0   0   7   0  46   1  19   0   1   0   0   0   0   1  14   0   0   1  0.50 0.04
  279 S    0  0  0 -1 -3  4  0 -2  0 -3 -3  0 -1 -3  2  3  0 -3 -2 -2    0   0   0   0   0  46   0   0   0   0   0   0   0   0  13  41   0   0   0   0  0.72 0.06
  280 H   -2  1  5  1 -3  0  0 -1  2 -3 -3  0 -2 -3 -2  0 -1 -3 -2 -3    1   9  67   6   0   1   1   1   7   1   1   1   0   1   1   1   1   0   0   1  0.76 0.05
  281 L   -1  1 -1 -2 -3  0 -1 -2  5 -2  0 -1 -1 -2  4 -1 -1 -3  0 -2    1   8   1   1   0   1   1   1  39   1  16   1   0   1  27   1   1   0   0   1  0.68 0.04
  282 L   -2 -3 -3 -4 -2 -2 -3 -4 -3  1  4 -3  2  0 -3  0 -1 -3 -2  0    0   0   0   0   0   0   0   0   0   0  89   0   0   0   0  11   0   0   0   0  0.62 0.06
  283 N   -2  0  6  1 -3  0 -1 -1  0 -4 -4  2 -3 -4 -2  1  0 -4 -3 -3    0   0  77   0   0   0   0   0   0   0   0  15   0   0   0   8   0   0   0   0  0.97 0.07
  284 T    3  0 -1 -1 -2  0  1 -1 -2 -2 -2  2 -2 -3 -1  1  1 -4 -3 -1   59   0   0   0   0   0   8   0   0   0   0  26   0   0   0   0   7   0   0   0  0.46 0.05
  285 S   -1 -2 -2 -3 -2 -2 -2 -3 -3  0  2 -2  0 -1  5  1 -1 -3 -2  0    0   0   0   0   0   0   0   0   0   0  43   0   0   0  34  15   0   0   0   8  0.68 0.04
  286 T   -1 -1  5  0 -3 -1 -1 -2 -1  0 -2 -1 -2 -3  1  0  2 -4 -3 -1    0   0  59   0   0   0   0   0   0   8   0   0   0   0   8   0  25   0   0   0  0.67 0.06
  287 L   -1 -3 -4 -4 -2 -3 -3 -4 -3  1  4 -3  1  0 -3 -2 -1 -3 -2  2    6   0   0   0   0   0   0   0   0   0  76   0   0   0   0   0   0   0   0  19  0.56 0.05
  288 E   -1 -1 -1  1 -4  1  5 -2 -1 -3 -3  0 -2 -3 -2 -1 -1 -4 -3 -3    1   0   0   0   0   0  92   1   0   0   1   0   0   0   0   1   0   0   0   1  1.11 0.07
  289 G    1 -1  0  3 -2 -1  0  2 -2 -3 -3  0 -2 -3 -2  0  2 -4 -3 -2   15   0   0  26   0   0   0  23   0   0   0   6   0   0   0   0  29   0   0   0  0.43 0.03
  290 S   -1 -1  5  2 -3 -1 -1 -1  0 -3 -3 -1 -2 -3 -2  2  2 -4 -3 -3    0   0  63   7   0   0   0   0   0   0   0   0   0   0   0  15  14   0   0   0  0.81 0.06
  291 H   -1 -1  3 -1 -3  0 -1 -2  6 -3 -3 -1 -2 -2 -2  2  1 -3  0 -3    0   0  23   0   0   0   0   0  41   0   0   0   0   0   0  22  13   0   0   0  0.67 0.06
  292 G   -1 -3 -2 -3 -3 -2 -3  3 -2 -1  0 -2  1  3 -3  0 -1 -2  0  0    0   0   0   0   0   0   0  41   0   0   8   0   7  22   0   8   0   0   0  13  0.37 0.03
  293 S    0 -1  0 -1 -2 -1 -1 -1 -1 -2 -2 -1 -2  1  3  4  1 -3 -1 -2    1   1   1   1   0   0   1   1   0   1   1   1   0   8  16  66   1   0   0   1  0.59 0.05
  294 S    1 -1  0 -1 -2 -1 -1 -1 -2 -3 -3 -1 -2 -3  3  4  1 -4 -3 -2    0   0   0   0   0   0   0   0   0   0   0   0   0   0  18  82   0   0   0   0  0.88 0.07
  295 Y   -2 -3 -3 -4  2 -2 -3 -4  1 -2  0 -3 -1  2 -4  0 -2  1  6 -2    0   0   0   0   8   0   0   0   0   0   8   0   0   0   0   8   0   0  75   0  0.97 0.08
  296 T    0 -2 -1 -2 -2 -1 -2 -2 -2  1  0 -2  0  2 -2  3  2 -3 -1  0    0   0   0   0   0   0   0   0   0  18   8   0   0  13   0  46  15   0   0   0  0.30 0.04
  297 S    1 -1  0 -1 -2 -1 -1 -1 -1 -2 -3  1 -2 -3 -2  4  1 -4 -2 -1    0   0   0   0   0   0   0   0   0   0   0  13   0   0   0  80   0   0   0   7  0.64 0.07
  298 K   -1  1 -1 -1 -4  1  3 -2 -1 -4 -3  5 -2 -4 -2 -1 -1 -4 -3 -3    0   0   0   0   0   0  24   0   0   0   0  76   0   0   0   0   0   0   0   0  0.88 0.07
  299 S   -1 -2 -2 -3 -2  1 -2 -3 -2  1  3 -2  2  0 -3  1 -1 -3 -2  0    0   0   0   0   0   8   0   0   0   0  68   0   8   0   0  15   0   0   0   0  0.42 0.04
  300 L   -2  3  0 -2 -4  0 -1 -3  7 -3 -1  0 -2 -2 -3 -2 -2 -3  0 -3    0  26   0   0   0   0   0   0  67   0   7   0   0   0   0   0   0   0   0   0  0.99 0.08
  301 G    0 -2  1  1 -3 -1 -1  4 -2 -4 -4 -1 -3 -4 -2  2  0 -4 -3 -3    0   0   7   8   0   0   0  52   0   0   0   0   0   0   0  33   0   0   0   0  0.74 0.04
  302 L    3 -2 -1 -2 -1 -1 -1 -1 -2 -1  1 -1  2 -2 -1  2  0 -3 -2 -1   46   0   0   0   0   0   0   0   0   0  15   0  13   0   0  26   0   0   0   0  0.35 0.04
  303 C    1 -3 -2 -3  7 -2 -3  0 -3 -2 -2 -2 -2 -3 -3  2 -1 -4 -3 -2   13   0   0   0  57   0   0   8   0   0   0   0   0   0   0  22   0   0   0   0  0.81 0.06
  304 P    2 -2 -2 -2 -2 -2 -2 -2 -2 -1 -2 -2 -2 -3  6  0 -1 -4 -3  1   23   0   0   0   0   0   0   0   0   0   0   0   0   0  53   8   0   0   0  16  1.17 0.05
  305 R   -1  3 -1 -2 -4 -1 -1  4  2 -4 -4  0 -3 -3  1 -1 -2 -4 -2 -3    0  35   0   0   0   0   0  46  11   0   0   0   0   0   8   0   0   0   0   0  0.70 0.05
  306 V   -1 -2  3  2 -2 -1 -1 -2 -1  0 -1 -1 -1 -2 -2  1  0 -3 -2  2    1   0  30  16   0   0   1   1   0   0   1   0   0   0   0  14   0   0   0  34  0.31 0.03
  307 L   -2 -3 -3 -4 -2 -2 -3 -4 -3  1  4 -3  2  0 -3 -2 -2 -2 -2  0    1   0   0   0   0   0   1   1   0   0  92   0   0   0   0   1   0   0   0   1  0.66 0.05
  308 K   -1  1  0 -1 -4  5  1 -2  0 -3 -3  4 -1 -4 -2 -1 -1 -3 -3 -3    0   0   0   0   0  59   0   0   0   0   0  41   0   0   0   0   0   0   0   0  0.93 0.07
  309 E    0 -2  0  2 -3 -1  0  4 -2 -4 -4 -1 -3 -4 -2  1 -1 -4 -4 -3    0   0   0  14   0   0   7  58   0   0   0   0   0   0   0  20   0   0   0   0  0.78 0.04
  310 N   -2 -1  6  1 -3 -1 -1 -1  0 -4 -4 -1 -3 -4 -3  1  0 -4 -3 -3    0   0  92   0   0   0   0   0   0   0   0   0   0   0   0   8   0   0   0   0  1.21 0.09
  311 K   -1  2  0  1 -4  1  0 -2 -1 -4 -3  5 -2 -4 -2 -1 -1 -4 -3 -3    0   0   0   8   0   0   0   0   0   0   0  92   0   0   0   0   0   0   0   0  0.95 0.08
  312 T    1 -2  0  2 -2 -1 -1  1 -2 -2 -3 -1 -2 -3 -2  3  3 -4 -3 -1    8   0   0  14   0   0   0   8   0   0   0   0   0   0   0  31  39   0   0   0  0.49 0.04
  313 V    1 -2 -2 -3 -1 -2 -2 -2 -3  1  2 -2  0 -1 -2  0  2 -3 -2  2   21   0   0   0   0   0   0   0   0   0  23   0   0   0   0   0  18   0   0  37  0.29 0.03
  314 S    1 -2 -1 -2 -2 -1 -1 -2  2 -1  0 -1 -1  2 -2  3  0 -2  0 -1    6   0   0   0   0   0   0   0   8   0  16   0   0  18   0  52   0   0   0   0  0.33 0.04
  315 G    0 -2  0  1 -3 -2 -1  4 -2 -4 -4 -2 -3 -4 -2  3  0 -4 -3 -3    0   0   0   7   0   0   0  56   0   0   0   0   0   0   0  36   0   0   0   0  0.80 0.05
  316 T   -1 -1  4  0 -2 -1 -1 -1 -1 -1 -2  1 -2 -3  1  2  2 -4 -2 -1    0   0  35   0   0   0   0   0   0   7   0   8   0   0   7  20  24   0   0   0  0.45 0.04
  317 Q   -1 -1  2  0 -3  4  2 -3  0 -2  1  0  0 -2  1 -1 -1 -3 -2 -2    0   0  16   0   0  33  21   0   0   0  23   0   0   0   7   0   0   0   0   0  0.43 0.04
  318 K    0  1  0 -1 -3  0  0  3 -1 -3 -3  3 -2 -3 -1  1 -1 -3 -2 -2    1   8   1   1   0   1   1  31   0   1   1  36   0   1   1  14   1   0   1   1  0.42 0.03
  319 E   -1  0  0  2 -3  2  4 -2  0 -3 -3  2 -2 -3 -1 -1 -1 -3 -2 -2    1   1   1   9   0  12  53   1   0   1   1  14   0   1   1   1   1   0   1   1  0.65 0.03
  320 P    0 -2 -1 -2 -3 -1 -2  1  2 -2  0 -2 -1 -2  5  2 -1 -4 -2 -2    0   0   0   0   0   0   0  13   8   0  17   0   0   0  37  24   0   0   0   0  0.73 0.04
  321 D   -1 -2 -1  2 -3 -2 -1  2  1  1  0 -2 -1 -2 -3 -1 -1 -3 -2  1    0   0   0  22   0   0   0  27   8   8  13   0   0   0   0   0   0   0   0  22  0.24 0.03
  322 E    1 -1  2  3 -3  0  3 -2 -1 -2 -3  0 -2 -3 -2  1 -1 -4 -3 -1   13   0  13  20   0   0  38   0   0   0   0   0   0   0   0   8   0   0   0   8  0.49 0.03
  323 K   -1  0  4  0 -3  0  1 -2 -1 -4 -3  2 -2 -4  3  1  0 -4 -3 -3    0   0  42   0   0   0  13   0   0   0   0  15   0   0  16  14   0   0   0   0  0.65 0.04
  324 L   -2 -3 -4 -5 -2 -3 -4 -4 -3  1  4 -3  2  0 -3 -3 -2 -3 -2  1    0   0   0   0   0   0   0   0   0   0  86   0   0   0   0   0   0   0   0  14  0.69 0.05
  325 N    0 -1  4  0 -3 -1 -1  2 -1 -3 -4 -1 -3 -3 -2  3  0 -4 -3 -3    0   0  42   0   0   0   0  15   0   0   0   0   0   0   0  43   0   0   0   0  0.68 0.05
  326 N   -1 -1  2  3 -3  0  3 -2 -1 -2  0 -1 -1 -3 -2  1 -1 -4 -3 -2    0   0  14  26   0   0  30   0   0   0  13   0   0   0   0  17   0   0   0   0  0.49 0.03
  327 T    2 -2 -1 -2 -1 -1 -1 -1 -2 -1  0 -1  0 -2 -2  2  3 -3 -2 -1   30   0   0   0   0   0   0   0   0   0  16   0   0   0   0  13  41   0   0   0  0.40 0.04
  328 S    0 -1 -1  0 -3  0  4 -2 -1  0  0 -1 -1 -2 -2  2  1 -4 -3 -1    0   0   0   0   0   0  44   0   0   6  14   0   0   0   0  26  10   0   0   0  0.42 0.06
  329 Q   -1  2 -1  0 -4  5  3 -3  0 -4 -3  1 -1 -4 -2 -1 -1 -3 -3 -3    0   9   0   0   0  60  31   0   0   0   0   0   0   0   0   0   0   0   0   0  1.00 0.10
  330 K    1  2  2 -1 -3  0  0 -2 -1 -3 -3  4 -2 -3 -2  0 -1 -4 -3 -2   17  13  15   0   0   0   0   0   0   0   0  54   0   0   0   0   0   0   0   0  0.62 0.07
  331 A    2  1 -2 -1 -3  0  2 -2 -2 -3 -3  0 -2 -3  4  0  0 -4 -3 -2   31  13   0   0   0   0  17   0   0   0   0   0   0   0  31   0   7   0   0   0  0.73 0.06
  332 Q    1  1 -1 -1 -3  4  1 -2 -1 -3 -3  4 -1 -4 -2 -1 -1 -3 -3 -2   13   0   0   0   0  36   0   0   0   0   0  51   0   0   0   0   0   0   0   0  0.74 0.09
  333 D   -2  2  3  4 -4  0  3 -2 -1 -4 -4  0 -3 -4 -2 -1 -1 -4 -3 -3    0  13  17  36   0   0  33   0   0   0   0   0   0   0   0   0   0   0   0   0  0.80 0.07
  334 T    1  0  0  0 -1  1  2 -1  0 -1 -1  2 -1 -1  0  0  1 -1 -1 -1   11   3   3   3   1   2  17   4   1   3   5  21   1   2   3   4   9   1   2   4  0.14 0.01
  335 V   -1 -1 -1  1 -2 -1 -1  1 -2  1  0 -1  1 -1  1 -1 -1 -2 -2  2    2   2   1  10   1   1   2  12   1  15   3   2   7   1   9   2   2   0   1  27  0.11 0.02
  336 L   -1 -2 -3 -3 -2 -2 -3 -3 -3  2  3 -2  1 -1 -3  0 -1 -2 -2  2    1   0   0   0   0   0   0   1   0   9  45   0   0   0   0   8   0   0   0  33  0.37 0.04
  337 Q   -2  0 -1 -1 -4  7  1 -3  0 -4 -3  1 -1 -4 -2 -1 -1 -3 -3 -3    0   0   0   0   0 100   0   0   0   0   0   0   0   0   0   0   0   0   0   0  1.41 0.16
  338 C    0  1 -1 -2  6 -1 -2 -2 -2 -3 -3 -1 -2 -3  1  3  0 -4 -3 -2    0  13   0   0  38   0   0   0   0   0   0   0   0   0   7  41   0   0   0   0  0.66 0.09
  339 P   -1  0  5  0 -3  0 -1 -1  3 -4 -4 -1 -3 -3  2  2  0 -4 -2 -3    0   5  48   0   0   0   0   0  15   0   0   0   0   0  11  20   0   0   0   0  0.71 0.08
  340 K   -2  2  1 -1 -4  1  2 -3  6 -4 -3  2 -2 -3 -2 -1 -1 -3  0 -3    0  13   8   0   0   0  20   0  40   0   0  18   0   0   0   0   0   0   0   0  0.72 0.08
  341 T    1 -2  0 -1  4 -1 -1 -1 -2 -2 -3 -1 -2 -3 -2  4  2 -4 -3 -2    7   0   0   0  13   0   0   0   0   0   0   0   0   0   0  68  11   0   0   0  0.67 0.09
  342 L   -2 -3 -3 -3 -3 -2  1 -4 -3  1  4 -2  1  0  1 -2 -2 -3 -2  0    0   0   0   0   0   0  13   0   0   0  80   0   0   0   7   0   0   0   0   0  0.55 0.08
  343 Q   -1  2 -1 -1 -3  6  1 -2  0 -4 -3  1 -1 -4 -2  1 -1 -3 -3 -3    0   7   0   0   0  73   0   0   0   0   0   6   0   0   0  13   0   0   0   0  0.96 0.11
  344 N   -2  0  5  1 -4  0  0 -1  2 -4 -4  2 -3 -4 -2  1 -1 -4 -2 -3    0   0  60   6   0   0   0   0   6   0   0  20   0   0   0   8   0   0   0   0  0.80 0.09
  345 P    2 -2 -2 -2 -2 -1 -1 -2 -2 -2 -2 -1 -2 -3  6  0  1 -3 -3 -2   32   0   0   0   0   0   1   1   0   0   1   1   0   0  52   1   9   0   0   1  1.21 0.07
  346 L   -1 -2 -2 -2 -2 -1 -1 -2 -2 -1  2 -1  0 -1  5  0 -1 -2 -2 -1    2   1   1   1   0   1   1   2   0   1  34   1   1   1  39   9   1   0   1   1  0.72 0.04
  347 P   -1 -2 -2 -2 -2 -1  1 -3  1  0  3 -1  1 -1  1 -2 -1 -2 -1  0    1   1   1   1   0   1  14   1   6   1  55   1   0   1   6   1   1   0   0   8  0.26 0.04
  348 T    0 -1  3  0 -2 -1 -1  0 -1 -3 -3 -1 -2 -3 -1  4  1 -3 -2 -2    1   0  21   0   0   0   1   6   0   0   1   1   0   0   0  60   6   0   0   1  0.58 0.07
  349 T    2 -1  0 -1 -2 -1 -1 -1 -2 -2 -3  0 -2 -3 -1  4  3 -4 -2 -1   14   0   0   0   0   0   0   0   0   0   0   7   0   0   0  53  26   0   0   0  0.59 0.07
  350 P   -1 -3 -2 -3  6 -2 -2 -3 -3 -3 -3 -2 -3 -3  5  1 -1 -4 -4 -2    0   0   0   0  39   0   0   0   0   0   0   0   0   0  45  16   0   0   0   0  1.33 0.10
  351 K   -1  1 -1 -2 -4  1  0 -3 -1 -3 -1  5 -1 -3 -2 -1 -1 -4 -3 -3    0   0   0   0   0   0   0   0   0   0   9  91   0   0   0   0   0   0   0   0  0.93 0.12
  352 R   -1  3  3  3 -3  0  0 -2 -1 -4 -4  0 -3 -4 -2  2 -1 -4 -3 -3    0  29  23  26   0   0   0   0   0   0   0   0   0   0   0  22   0   0   0   0  0.62 0.07
  353 M    0 -2 -1 -2 -2 -1 -1 -2 -2 -1 -2 -1  1 -2 -2  2  5 -4 -2  0    0   0   0   0   0   0   0   0   0   0   0   0   5   0   0  16  73   0   0   6  0.71 0.10
  354 E    0  2 -1  0  2  0  3 -2 -1 -3 -3  0 -2 -3 -2  3  0 -4 -3 -2    0  20   0   0   9   0  32   0   0   0   0   0   0   0   0  39   0   0   0   0  0.53 0.07
  355 N   -1 -1  3  4 -3 -1  0 -2 -1 -1 -3  1 -2 -3 -2  2  0 -4 -3 -2    0   0  25  39   0   0   0   0   0   6   0   9   0   0   0  20   0   0   0   0  0.63 0.06
  356 D    0  0  1  0 -3  4  0 -2  3 -3 -3  0 -1 -1 -2  1 -1 -2  3 -3    5   0   9   5   0  39   0   0  13   0   0   0   0   0   0  13   0   0  16   0  0.50 0.07
  357 A    2 -2  4 -1 -2 -1 -1 -1 -1 -2 -2 -1 -2  2 -2  0  1 -3 -1 -2   34   0  39   0   0   0   0   0   0   0   0   0   0  13   0   0  14   0   0   0  0.44 0.07
  358 K   -1  4 -1 -2 -3  2  0 -2 -1 -2 -2  3  1 -3 -2  0 -1 -3 -2 -1    0  32   0   0   0  13   0   0   0   0   0  34   7   0   0   9   0   0   0   5  0.57 0.06
  359 E    0 -1 -1  2 -4  1  5 -1 -1 -3 -4  0 -3 -4 -2  0  0 -4 -3 -3    9   0   0   9   0   0  71   5   0   0   0   0   0   0   0   0   6   0   0   0  0.83 0.09
  360 S   -1  1  2  0 -3  2  3  1 -1 -3 -3  0 -2 -1 -2  2 -1 -3 -2 -3    0   7  13   0   0   9  33  12   0   0   0   0   0   5   0  21   0   0   0   0  0.43 0.05
  361 S    0 -1  3 -1 -2 -1 -1 -2 -1 -2 -3 -1 -2 -3 -2  2  4 -4 -2 -2    0   0  29   0   0   0   0   0   0   0   0   0   0   0   0  18  53   0   0   0  0.69 0.09
  362 V   -1 -3 -2 -3 -2 -2 -3  3 -3  0 -1 -3  1  2 -3 -2 -1 -2 -1  2    0   0   0   0   0   0   0  39   0   0   0   0   9  13   0   0   0   0   0  38  0.41 0.06
  363 E   -1  0 -1  1 -4  1  3  0 -1 -3 -2  3 -2 -3 -2 -1 -1 -4 -3 -3    0   0   0   7   0   0  39   9   0   0   6  39   0   0   0   0   0   0   0   0  0.57 0.07
  364 E    3 -1 -1  0 -3  1  4 -2 -1 -3 -3  0 -2 -4 -1  0 -1 -4 -3 -2   39   0   0   0   0   0  61   0   0   0   0   0   0   0   0   0   0   0   0   0  0.76 0.09
  365 S    0 -2  0 -1 -2 -1 -1 -1 -2 -2  1 -1 -1 -2 -2  4  2 -4 -2 -1    0   0   0   0   0   0   0   0   0   0  18   0   0   0   0  73   9   0   0   0  0.58 0.09
  366 A    1 -2 -2 -1 -3 -1  2  0 -2 -3 -3 -1 -3 -4  6 -1  0 -4 -3 -2   12   0   0   0   0   0  20   9   0   0   0   0   0   0  53   0   6   0   0   0  1.22 0.08
  367 K   -1  3 -1 -1 -4  1  1 -3 -1 -2 -2  5 -2 -3 -2 -1 -1 -4 -3  0    0  14   0   0   0   0   7   0   0   0   0  65   0   0   0   0   0   0   0  13  0.67 0.08
  368 D    0 -1  3  4 -4  0  1  2 -1 -4 -4  1 -3 -4 -2  0 -1 -4 -3 -3    9   0  21  32   0   0  10  20   0   0   0   8   0   0   0   0   0   0   0   0  0.57 0.05
  369 S    0 -1  0  0 -2  0  2 -1 -1 -3 -3  1 -2 -3 -1  4  0 -3 -2 -2    1   0   0   1   0   0  23   1   0   0   1   8   0   0   0  62   1   0   0   1  0.57 0.07
  370 L   -2 -3 -3 -4 -2 -3 -3  1 -3  0  2 -3  0  3  1 -2 -2 -2  0  1    0   0   0   0   0   0   0  13   0   0  35   0   0  30   9   0   0   0   0  13  0.35 0.05
  371 S   -1  4  1  0 -4  1  0 -2 -1 -4 -3  4 -2 -4 -2  0 -1 -4 -3 -3    0  39   7   6   0   0   0   0   0   0   0  43   0   0   0   5   0   0   0   0  0.76 0.07
  372 I   -2 -3  0 -3 -2 -3 -3 -4 -3  3  3 -3  1  0 -3 -2 -1 -3 -2  1    0   0   9   0   0   0   0   0   0  31  53   0   0   0   0   0   0   0   0   7  0.47 0.06
  373 E   -2 -1  0  4 -5  2  4 -2  2 -4 -4  0 -3 -4 -2 -1 -1 -4 -3 -3    0   0   0  32   0  13  47   0   7   0   0   0   0   0   0   0   0   0   0   0  0.90 0.08
  374 S    0 -2 -1 -2 -2  2 -1 -2 -1 -2 -1 -1 -1  4 -2  3  0 -2  1 -2    0   0   0   0   0  13   0   0   0   0   0   0   0  42   0  45   0   0   0   0  0.51 0.09
  375 Q   -2  1 -1  1 -3  4  0 -3 -1 -1  2  0  0 -2 -3 -1 -1 -3 -2 -1    0   9   0  13   0  38   0   0   0   0  39   0   0   0   0   0   0   0   0   0  0.41 0.07
  376 P    2 -2  1 -1 -2  0  3 -2 -1  0  0 -1 -1 -2  1  0 -1 -3 -3  1   26   0  10   0   0   0  30   0   0   0   9   0   0   0   5   0   0   0   0  20  0.25 0.05
  377 H   -2 -1  0  3 -4  1  2 -3  6 -3 -2 -1  1 -3 -2 -1 -2 -3  0 -3    0   0   0  30   0   6  13   0  41   0   0   0  10   0   0   0   0   0   0   0  0.74 0.09
  378 S    2 -2 -1 -2 -1 -1 -2 -2 -2  0 -1 -2 -1 -2 -2  3  0 -3 -2  3   20   0   0   0   0   0   0   0   0   0   0   0   0   0   0  37   0   0   0  43  0.38 0.07
  379 A    2 -2 -1 -2 -2 -1 -1 -1 -2 -1  2 -1  0 -2 -2  3  0 -3 -2 -1   32   0   0   0   0   0   0   0   0   0  29   0   0   0   0  39   0   0   0   0  0.37 0.06
  380 G   -1 -1  0  3 -4  0  4  1 -1 -4 -4  0 -3 -4 -2  1 -1 -4 -3 -3    0   0   0  24   0   0  49  14   0   0   0   0   0   0   0  13   0   0   0   0  0.73 0.07
  381 N   -2 -2  3  5 -4 -1  1 -2  3 -4 -4 -1 -4 -4 -3 -1 -2 -5 -2 -4    0   0  18  68   0   0   0   0  13   0   0   0   0   0   0   0   0   0   0   0  1.12 0.10
  382 S   -1 -1  0  3 -3  0  3  1 -1 -2 -1 -1 -2 -3 -2  1 -1 -3 -3 -2    1   0   0  30   0   0  28  14   0   0  10   1   0   0   0  12   1   0   0   1  0.43 0.04
  383 A    1 -1 -1 -1 -2 -1 -1  0 -2 -1  1 -1  2 -1 -1  3  0 -2 -2 -1    7   1   1   1   0   1   1   7   0   1  24   1  10   1   1  42   1   0   1   1  0.23 0.04
  384 M    1 -1  2  0 -2  0  2  1 -1 -1 -1 -1  2 -2 -1  0  1 -2 -2 -1   14   1  14   1   0   1  21  11   0   1   1   1  14   1   1   1  15   0   1   1  0.21 0.03
  385 T    0 -2 -1 -2 -2 -2 -2  1 -2  1  1 -2  0 -1 -2  1  2 -3 -2  1    1   0   0   0   0   0   1  15   0  11  21   0   0   0   0  10  28   0   0  10  0.20 0.03
  386 S    1 -1  0 -1 -2  0  1 -1 -1 -3 -3 -1 -2 -3 -1  4  2 -3 -2 -2    1   0   0   0   0   0  10   1   0   0   1   0   0   0   0  76   7   0   0   1  0.67 0.08
  387 D   -1 -1  0  4 -3  0  2  0 -1 -3 -3  1 -2 -3 -1  0  1 -3 -2 -2    1   1   1  43   0   1  13   8   0   1   1  11   0   1   1   1  14   0   1   1  0.50 0.04
  388 A    0 -1  2  1 -2 -1 -1 -1 -1 -1  0 -1 -1 -2  2  0  2 -2 -2 -1    7   1  14  10   0   1   1   2   0   1  12   1   1   1  14   2  28   0   1   1  0.29 0.03
  389 E   -1 -1 -1  1 -4  1  6 -3 -1 -4 -3  0 -2 -4 -2 -1 -1 -4 -3 -3    1   0   0   0   0   0  94   0   0   0   1   0   0   0   0   0   0   0   0   0  1.21 0.11
  390 N    0  0  4  0 -3  0  0 -1 -1 -2 -1  3 -1 -3 -2  0 -1 -3 -2 -2   10   0  32   0   0   0   0   0   0   0  10  37   0   0   0   6   0   0   0   0  0.42 0.06
  391 H   -1  0  0 -1 -3  0  2 -2  5 -2 -2  1 -2 -2 -2  0  1 -3  0 -1    1   0   0   0   0   0  18   0  38   0   1  14   0   0   0   8   9   0   0   7  0.48 0.06
  392 G    0 -1 -1 -1 -3  0  2  4 -1 -2 -2  1 -2 -3 -2 -1 -1 -3 -3  0    1   1   1   1   0   1  21  43   0   1   1  14   0   1   1   1   1   0   0  11  0.43 0.04
  393 I    0 -1 -1 -1 -1 -1  1 -2 -2  2  1 -1  0 -1 -1  0  2 -2 -1  1   10   1   1   1   0   1  11   2   1  26  16   1   1   1   1   2  22   0   1   2  0.13 0.02
  394 K   -1  3 -1 -1 -4  1  2 -2 -1 -3 -3  4 -2 -3 -1 -1 -1 -3 -2 -3    1  15   0   0   0   0  20   1   0   0   1  57   0   0   0   1   1   0   0   1  0.70 0.07
  395 S    0  1 -1 -2 -2 -1 -2  1 -2  1  1 -1  0 -2 -2  2  0 -3 -2  0    1   9   0   0   0   0   0  14   0  14  16   0   0   0   0  33   0   0   0   8  0.16 0.03
  396 E   -1  1  0  2 -4  2  3  2 -1 -3 -3  1 -2 -3 -2 -1 -1 -3 -3 -3    1   5   0  10   0  14  38  23   0   0   1   6   0   0   0   0   0   0   0   0  0.54 0.05
  397 G    2  0  0  1 -1  0  0  0 -1 -1 -2  2 -1 -2 -1  0  2 -2 -2 -1   24   2   1   7   1   1   2   8   1   2   3  19   1   1   2   2  22   0   1   2  0.20 0.02
  398 V   -1 -3 -3 -3 -2 -2 -3 -3 -3  2  2 -2  1 -1 -2 -2 -1 -2 -2  4    1   0   0   1   0   0   1   1   0   0  29   1   0   0   0   1   1   0   0  63  0.46 0.06
  399 A    2 -2 -1  1 -3  0  3  3 -1 -3 -3 -1 -2 -3 -2  1 -1 -4 -3 -2   25   0   0   7   0   0  31  28   0   0   0   0   0   0   0  10   0   0   0   0  0.51 0.05
  400 S    0  0  0 -1 -2  0  1 -2 -1 -2 -1  2 -1 -3 -2  3  1 -4 -2 -2    0   0   0   0   0   0   9   0   0   0   7  22   0   0   0  53  10   0   0   0  0.46 0.07
  401 L    2 -2 -2 -3 -2 -1 -2 -2 -2  0  2  0  1 -1 -2  0 -1 -3 -2  1   27   0   0   0   0   0   0   0   0   0  42   9   0   0   0   8   0   0   0  13  0.24 0.04
  402 T    0 -2 -1  1 -2  1 -1  2 -2 -2 -2 -1 -2 -3  2  1  3 -4 -3  0    0   0   0   8   0   9   0  20   0   0   0   0   0   0  10   7  38   0   0   8  0.38 0.05
  403 T    0 -2 -1 -2  3 -1 -1 -2 -2 -2 -2 -1 -2 -3  1  3  4 -4 -3 -1    0   0   0   0  10   0   0   0   0   0   0   0   0   0   7  32  52   0   0   0  0.63 0.08
  404 E    0 -1  0  2 -3  0  3 -2 -1 -3 -3  0 -3 -4  2  3  0 -4 -3 -3    0   0   0  10   0   0  38   0   0   0   0   0   0   0   9  43   0   0   0   0  0.67 0.07
  405 V   -1 -3 -2  1  2 -2 -2 -3 -3  2  1 -2  0 -1 -3  0 -1 -3 -2  3    0   0   0  13   8   0   0   0   0  17   9   0   0   0   0   9   0   0   0  44  0.28 0.05
  406 V    0 -2  1 -2 -2 -2 -2  0 -2  0  1 -2  0 -1  2  1 -1 -3 -2  1    6   0  13   0   0   0   0   8   0   0  28   0   0   0  10  13   0   0   0  22  0.18 0.03
  407 S    0 -1  0 -1 -3  0  2 -2 -1 -3 -3 -1 -2 -3  3  4  0 -4 -3 -3    0   0   0   0   0   0  23   0   0   0   0   0   0   0  19  58   0   0   0   0  0.76 0.08
  408 C   -1 -3 -2 -3  8 -3 -4  2 -3 -2 -2 -3 -2 -3 -3 -1 -2 -3 -3 -2    1   0   0   0  72   0   1  19   0   0   1   1   0   0   0   1   1   0   0   1  1.17 0.11
  409 S    0 -1 -1  1  3 -1 -1 -2 -2 -1  0  0 -1 -2 -2  3  0 -4 -2  0    0   0   0   8  13   0   0   0   0   0  13  10   0   0   0  47   0   0   0   8  0.29 0.06
  410 T    0 -2  1 -1  4 -1  1 -2 -2 -1 -1 -1  0 -2  1  0  3 -4 -3 -1    4   0   8   0  15   0  12   0   0   0   6   0   5   0   6   0  44   0   0   0  0.38 0.07
  411 H   -2  0 -1  1 -3 -1 -1 -3  6 -2  0 -1 -1  0 -3 -1  0 -1  3 -2    0   4   0   9   0   0   0   0  40   0  15   0   0   0   0   0   9   0  19   0  0.52 0.08
  412 T    1 -2 -1  0 -2 -1 -1  1 -2 -1 -1 -1 -1 -2 -2  0  3 -3 -2  1   13   0   0   7   0   0   0  14   0   0   6   0   0   0   0   0  43   0   0  12  0.30 0.06
  413 V    2 -2 -2 -2  3 -2 -2  0 -2 -1 -1 -2 -1  2 -2  2  1 -3 -1  1   25   0   0   0  12   0   0   4   0   0   0   0   0  14   0  17  14   0   0  14  0.24 0.05
  414 D   -1 -2  0  5 -4  0  3 -2 -1 -4 -4 -1 -3 -4  1  0  1 -5 -3 -3    0   0   0  51   0   0  23   0   0   0   0   0   0   0   6   8  12   0   0   0  0.83 0.09
  415 K   -1  2  0  0 -4  2  2  0 -1 -3 -3  3 -2 -4 -2 -1  1 -4 -3 -3    0  14   0   5   0  12  14   9   0   0   0  34   0   0   0   0  12   0   0   0  0.49 0.06
  416 E   -1  2 -1 -1 -4  0  3 -3 -1 -3 -3  2 -2 -4  4 -1 -1 -4 -3 -1    0  14   0   0   0   0  34   0   0   0   0  22   0   0  24   0   0   0   0   6  0.75 0.08
  417 Q   -1  0 -1  1 -3  2  4 -3 -1 -2 -2  1 -2 -3 -2 -1  1 -4 -3  0    0   0   0   8   0  13  45   0   0   0   0  12   0   0   0   0   9   0   0  14  0.54 0.07
  418 G    0 -2  2  3 -3 -1 -1  3 -2 -3 -3 -1 -2 -3 -2  2  1 -4 -3 -3    0   0   9  21   0   0   0  30   0   0   1   0   0   0   0  26   9   0   0   0  0.51 0.06
  419 S    0 -1  1  2 -2  0  0  1 -1 -2 -2  1 -2 -2 -1  3  1 -3 -2 -2    1   1   6  19   0   1   1   9   0   1   2   9   0   1   1  35  10   0   1   1  0.35 0.04
  420 Q   -1  2  0 -1 -3  4  2 -2  0 -3 -3  2 -1 -3 -2  2  0 -3 -2 -2    0   8   0   0   0  38  13   0   0   0   1  15   0   0   0  21   0   0   0   0  0.59 0.08
  421 I   -1 -1  0 -2 -2 -1  0 -3 -2  3  2  0  1 -1 -2 -2 -1 -2 -2  1    1   1   6   1   0   1  10   1   0  39  27   8   0   1   1   1   1   0   0   1  0.20 0.04
  422 P    1 -2 -2 -3 -3 -2 -2 -3 -2 -1  1  0  0 -2  5 -1  1 -4 -3 -1   12   0   0   0   0   0   0   0   0   0  27   9   0   0  38   0  14   0   0   0  0.75 0.07
  423 G    2  0 -1 -2 -2 -1 -1  1 -2 -2  0  2 -1 -3 -2  2  0 -4 -3 -2   26   0   0   0   0   0   0  13   0   0  12  27   0   0   0  22   0   0   0   0  0.31 0.06
  424 T    1 -2 -1  1 -2 -1 -1 -2 -2 -2 -2 -1 -2 -3  2  2  4 -4 -3 -1   16   0   0   9   0   0   0   0   0   0   0   0   0   0  12  12  51   0   0   0  0.59 0.09
  425 P    0 -2 -1  1 -3  0  3 -2 -1 -3 -3 -1 -3 -4  4  3  0 -4 -3 -3    0   0   0   9   0   0  26   0   0   0   0   0   0   0  25  40   0   0   0   0  0.79 0.09
  426 E   -1  2 -1 -1  3  0  2 -1 -1 -3 -3  2 -2 -3 -2  1  1 -4 -3 -2    0  18   0   0  12   0  23   5   0   0   0  12   0   0   0  16  14   0   0   0  0.38 0.06
  427 N   -2  2  3  2 -3  0  1 -2 -1  0 -2  3 -2 -3 -2 -1 -1 -4 -3 -1    0  12  26  12   0   0   8   0   0  16   0  26   0   0   0   0   0   0   0   0  0.41 0.06
  428 L    1 -3 -2  1 -2 -2 -2 -3 -3  2  2 -2  1 -1 -3 -1 -1 -3 -2  2   15   0   0  12   0   0   0   0   0  15  38   0   0   0   0   5   0   0   0  15  0.25 0.04
  429 S    1 -1  0  2 -2  2  0  0 -1 -3 -3 -1 -2  1 -2  3  0 -3 -1 -2    6   0   0  15   0  15   0   7   0   0   0   0   0  12   0  45   0   0   0   0  0.40 0.07
  430 T    2 -1 -1  0 -2  0  2 -2 -2  1 -1  0 -1  0 -2  0  2 -3 -2  0   26   0   0   5   0   0  22   0   0  15   0   7   0   6   0   0  19   0   0   0  0.23 0.05
  431 S    0 -1  0  3 -3  0  2 -2 -1 -3 -3  1 -2 -3 -2  3  1 -4 -3 -3    0   0   0  19   0   0  12   0   0   0   0  11   0   0   0  52   6   0   0   0  0.58 0.08
  432 P   -1 -2  2 -2 -3 -2 -2 -3 -2 -2  0 -2 -2 -3  6  1 -1 -4 -3 -2    0   0  15   0   0   0   0   0   0   0  15   0   0   0  57  13   0   0   0   0  1.29 0.10
  433 R    0  0  1 -2  4 -1 -1 -2  2  0 -2  1 -1 -2 -2  2  0 -3 -2  1    5   3   7   0  17   0   0   0   8   7   0  15   0   0   0  22   0   0   0  15  0.21 0.05
  434 N    2  2  4  1 -3  0 -1 -1 -1 -3 -3  0 -2 -3 -2  2  0 -4 -3 -2   23  15  36   7   0   0   0   0   0   0   0   0   0   0   0  19   0   0   0   0  0.52 0.07
  435 S    1 -2  1 -1 -2 -1 -1 -1 -2 -3 -3 -1 -2  0  1  4  0 -3 -2 -2   12   0   7   0   0   0   0   0   0   0   0   0   0   7   7  67   0   0   0   0  0.62 0.10
  436 T    1 -1 -1 -1 -2  0  1 -2 -2  0 -1 -1  1 -2 -1  2  3 -3 -2  0   19   0   0   0   0   0  16   1   0  11   1   0   6   0   0  16  27   0   0   0  0.28 0.05
  437 V   -1 -3 -3 -4  4  0 -3 -4 -3  2  0 -3  2  1 -3 -2 -1 -3 -1  3    0   0   0   0  15   7   0   0   0  15   0   0   7   7   0   0   0   0   0  48  0.41 0.07
  438 L    1  2  1 -1 -2  0 -1 -2  3 -2  0  0 -1  1  0  0  0 -2 -1 -1   16  22  12   0   0   0   0   1  15   0  11   0   0   8   5   1   7   0   0   0  0.21 0.04
  439 Q    0  0  0 -1 -2  4  1 -2  0 -3 -2  1 -1 -3 -2  2  1 -3 -2 -2    1   0   0   0   0  37   7   1   0   0   1   8   0   0   0  31  12   0   0   0  0.55 0.08
  440 K   -1  1  1 -1 -3  0  0 -2 -1 -3 -3  4 -2 -1 -2 -1  0 -2  3 -2    1   0   7   0   0   0   0   1   0   0   1  63   0   0   0   1   8   0  15   0  0.60 0.09
  441 E   -1  0 -1  2 -4  0  3  1 -1 -2  0  0 -1 -3 -2  1 -1 -4 -3 -2    0   7   0  15   0   0  36  14   0   0  15   0   0   0   0  12   0   0   0   0  0.38 0.06
  442 A    1 -1 -1 -1 -2  2  0 -2 -1  1 -2  1 -1 -3  0  3  0 -4 -2 -1    7   0   0   0   0  15   0   0   0  15   0  12   0   0   4  47   0   0   0   0  0.38 0.07
  443 E    0  1 -1  0 -4  1  4 -2 -1 -3 -3  0  0 -3 -2  1  0 -4 -3 -2    5   7   0   0   0   0  62   0   0   0   0   0   5   0   0  15   5   0   0   0  0.70 0.09
  444 V   -1 -3 -2 -3  1 -2 -3 -3 -3  0  2 -2  0  2  3  1 -1 -2 -1  1    0   0   0   0   5   0   0   0   0   0  34   0   0  17  15  18   0   0   0  11  0.32 0.05
  445 Q   -1  1  0  2 -4  5  1 -3  0 -3 -3  0 -1 -4 -2  0  0 -3 -3 -3    0   7   0  12   0  66   0   0   0   0   0   0   0   0   0   7   7   0   0   0  0.86 0.12
  446 V   -1 -3 -3 -4 -2 -2 -3 -4 -3  1  1 -2  5 -1  1 -2  0 -3 -2  3    0   0   0   0   0   0   0   0   0   0   0   0  47   0   7   0   5   0   0  41  0.61 0.12
  447 S    0 -1  0  0 -3  0  3 -2 -1 -3 -3 -1 -2 -3  1  3  2 -4 -3 -2    0   0   0   0   0   0  34   0   0   0   0   0   0   0   6  40  19   0   0   0  0.62 0.09
  448 A    2 -2  0 -1 -2 -1 -1 -1 -2 -3 -3 -1 -2 -3 -2  4  2 -4 -3 -2   11   0   0   0   0   0   0   0   0   0   0   0   0   0   0  73  15   0   0   0  0.79 0.11
  449 A    2 -2 -1 -2 -1 -1 -1 -1 -2 -1 -1 -1  2 -2 -1  3  2 -3 -2  0   32   0   0   0   0   0   0   1   0   0   1   0  12   0   0  30  16   0   0   5  0.37 0.06
  450 T    2 -2 -1  0 -2 -1 -1 -1 -2 -1 -2 -1 -1 -2 -2  2  3 -4 -2  1   34   0   0   5   0   0   0   0   0   0   0   0   0   0   0  15  30   0   0  17  0.39 0.07
  451 S    0 -2  0 -1 -2  1 -1  0 -2  1 -2 -1 -2 -3 -2  4  0 -4 -3 -1    0   0   0   0   0   7   0   4   0  15   0   0   0   0   0  73   0   0   0   0  0.59 0.11
  452 P   -1 -2 -1  3 -3 -1 -1 -2 -2 -3 -3 -1 -3 -3  6 -1 -2 -4 -3 -3    1   1   1  23   0   1   1   1   0   1   1   1   0   1  64   1   1   0   0   1  1.58 0.10
  453 H   -1  0  0 -1 -3  4  0 -2  6 -3 -3  0 -2 -2 -2  1 -1 -3  0 -3    1   0   0   0   0  31   0   1  45   0   1   0   0   0   0  17   0   0   0   0  0.84 0.11
  454 S    0 -1  1  3 -3  0  2 -2 -1 -2 -2 -1 -2 -3  1  2  0 -3 -3  0    1   0   5  20   0   0  21   1   0   0   1   0   0   0   7  25   5   0   0  12  0.37 0.05
  455 G   -1  0  2 -1  2 -1 -1  3  1 -2 -1 -1 -1 -2 -2  0 -1 -2 -2 -2    2   8  13   1   8   1   1  36   6   1   7   1   1   1   1   8   1   0   1   1  0.29 0.03
  456 L   -1 -2 -2 -3 -2 -2 -2  1 -2  1  4 -2  1  0 -2 -2 -1 -2 -2  0    1   1   1   1   0   1   1  14   0   1  71   1   0   1   1   1   1   0   1   1  0.40 0.05
  457 L   -2 -1  0  3 -3 -1  0 -2  4 -1  1 -1  0 -1 -2 -1 -1 -2  1 -1    1   1   1  31   0   1   1   1  22   1  27   1   0   1   1   1   1   0   6   1  0.34 0.05
  458 L   -1 -2 -2 -2 -1 -2 -2 -2 -2  2  2 -2  1 -1 -2  0  0 -2 -1  2    1   1   1   1   0   1   1   1   0  11  34   1   0   1   1  14   1   0   1  28  0.23 0.03
  459 D   -2 -2  2  5 -4 -1  2  1 -1 -4 -5 -1 -4 -4 -3 -1 -2 -5 -4 -4    0   0  13  62   0   0  11  14   0   0   0   0   0   0   0   0   0   0   0   0  1.00 0.09
  460 L   -1 -2 -2 -2 -2 -1  1 -3 -2  0  4 -2  1 -1 -3  0 -1 -3 -2  0    0   0   0   0   0   0  17   0   0   0  70   0   0   0   0  13   0   0   0   0  0.44 0.07
  461 K   -1  1 -1 -1 -4  1  2 -3 -1 -4 -3  5 -2 -4 -2 -1 -1 -4 -3 -3    0   0   0   0   0   0  17   0   0   0   0  83   0   0   0   0   0   0   0   0  1.00 0.12
  462 T    1 -2  0  2 -2 -1 -1 -2 -2 -2 -2 -1 -2 -3 -2  1  5 -4 -3 -1   12   0   0  17   0   0   0   0   0   0   0   0   0   0   0   0  70   0   0   0  0.72 0.10
  463 S    1 -2  0 -1 -2 -1 -1 -1 -2 -3 -3 -1 -2 -3  0  5  2 -4 -3 -2    0   0   0   0   0   0   0   0   0   0   0   0   0   0   4  85  11   0   0   0  0.87 0.12
  464 L   -1 -2 -2 -2 -3  1 -2  1  1  0  3 -2  0 -1 -3  1 -1 -3 -2 -1    0   0   0   0   0  11   0  17   7   0  49   0   0   0   0  16   0   0   0   0  0.25 0.05
  465 E   -1 -1 -1  2 -5  3  5  0 -1 -4 -4  0 -2 -4 -2 -1 -1 -4 -3 -3    0   0   0  11   0  16  67   7   0   0   0   0   0   0   0   0   0   0   0   0  0.95 0.09
  466 D   -1  0  0  3 -3  2  1  1 -1 -2 -2 -1  2 -3 -2  1 -1 -4 -3 -2    0   5   0  33   0  11   9  12   0   0   0   0  17   0   0  13   0   0   0   0  0.40 0.06
  467 A    2 -1  1  0 -3  0  3  2 -1 -3 -3 -1 -2 -3 -2  0 -1 -4 -3 -2   34   0  11   0   0   0  35  21   0   0   0   0   0   0   0   0   0   0   0   0  0.51 0.06
  468 Q   -1 -1 -1  0 -4  3  3  4 -1 -4 -4  0 -2 -4 -2 -1 -2 -4 -3 -3    0   0   0   0   0  26  33  41   0   0   0   0   0   0   0   0   0   0   0   0  0.78 0.08
  469 D   -2 -2  4  4 -3 -1  0  0 -1 -1 -3 -1 -2 -3 -3 -1 -1 -4 -3  1    0   0  41  34   0   0   0   5   0   0   0   0   0   0   0   0   0   0   0  20  0.66 0.08
  470 N   -1 -1  2  2 -4  0  3  1  1 -4 -4 -1 -3 -4  3 -1 -1 -4 -3 -3    0   0  15  16   0   0  35  13   4   0   0   0   0   0  17   0   0   0   0   0  0.68 0.06
  471 N   -2 -1  3  3 -4  0  3  1  4 -4 -4 -1 -3 -3 -2  0 -1 -4 -2 -3    0   0  18  24   0   0  27  11  17   0   0   0   0   0   0   3   0   0   0   0  0.63 0.06
  472 L   -1 -1 -2 -3  3 -2 -1 -3  0  2  0 -2  0 -2  3  0 -1 -3 -2  2    0   4   0   0  11   0   5   0   5  17  10   0   0   0  19   7   0   0   0  23  0.32 0.04
  473 V   -1 -3 -3 -3 -2 -2 -3 -4 -3  2  1 -2  0 -1  3 -2  1 -3 -2  3    0   0   0   0   0   0   0   0   0  13  13   0   0   0  17   0  11   0   0  46  0.49 0.06
  474 K   -1  1 -1 -2 -4  0  0 -3 -2 -1 -2  5 -2 -3 -2 -1 -1 -4 -3  1    0   0   0   0   0   0   0   0   0   0   0  83   0   0   0   0   0   0   0  17  0.82 0.11
  475 S    2 -1  0 -1 -2  2  0 -1 -1 -3 -3 -1 -2 -3 -2  4  1 -4 -3 -2   13   0   0   0   0  17   0   0   0   0   0   0   0   0   0  70   0   0   0   0  0.72 0.10
  476 D   -2 -2  2  4 -4 -1  0  0  5 -3 -2 -1 -3 -3 -3  0 -1 -4 -1 -3    0   0  11  40   0   0   0   9  28   0   5   0   0   0   0   7   0   0   0   0  0.67 0.08
  477 G   -1 -2  0  4 -3  2  1  2 -1 -1 -3 -1 -2 -3 -2 -1 -1 -4 -3  0    0   0   0  41   0  17   7  19   0   5   0   0   0   0   0   0   0   0   0  11  0.51 0.06
  478 P    1  1 -1 -2 -2  1 -1 -2  2 -1 -1 -1 -1  1  1  1 -1 -2  0  1   11  13   0   0   0  11   0   0  10   0   4   0   0  13   6  16   0   0   0  17  0.16 0.04
  479 F    0 -3 -3 -4 -2 -2 -3 -3 -1  0  1 -3  3  5 -3 -2 -2  0  3 -1   13   0   0   0   0   0   0   0   0   0  11   0  17  43   0   0   0   0  16   0  0.58 0.08
  480 E   -2 -1 -1  3 -5  0  4 -3 -1 -4 -4 -1 -3 -4  3 -1 -2 -5 -4 -3    0   0   0  25   0   0  57   0   0   0   0   0   0   0  18   0   0   0   0   0  1.04 0.09
  481 T    2 -1 -2 -2 -2 -1 -1 -2 -2  1 -1  0  2 -2 -2  0  3 -3 -2  1   25   0   0   0   0   0   0   0   0   9   0   9  13   0   0   0  33   0   0  10  0.30 0.06
  482 E   -1 -1 -1  1 -4  1  5 -3 -1 -2  0  0 -1 -3 -2 -1 -1 -4 -3 -2    0   0   0   0   0   0  84   0   0   0  16   0   0   0   0   0   0   0   0   0  0.83 0.04
  483 S    0 -2  0  2 -3 -1 -1  4  2 -3 -3 -1 -3 -3 -2  1  1 -4 -2 -3    6   0   0  16   0   0   0  46   9   0   0   0   0   0   0  14   9   0   0   0  0.55 0.02
  484 F   -2 -2 -2 -2  2 -2  0 -3 -1 -1  0 -2 -1  5 -2 -2 -2  0  2 -1    1   1   1   1   6   1  10   1   0   1   1   1   0  69   1   1   1   0   1   1  0.54 0.02
  485 E    0 -1 -1  1 -4  1  5  0 -1 -4 -4  0 -3 -4 -2 -1 -1 -4 -3 -3    5   0   0   0   0   0  87   8   0   0   0   0   0   0   0   0   0   0   0   0  0.98 0.05
  486 D   -1 -1  4  2 -3 -1 -1  3 -1 -3 -4 -1 -3 -3 -2  2  1 -4 -3 -3    0   0  37  12   0   0   0  25   0   0   0   0   0   0   0  18   7   0   0   0  0.59 0.03
  487 T    0  0  1 -2 -2  1 -1 -2  2  0  0 -1 -1  1  2  0  2 -3 -1 -1    4   5   8   0   0   7   0   0  11   7  11   0   0  10  12   4  20   0   0   0  0.20 0.01
  488 S    1 -2  0 -1  3 -1 -1 -1 -2 -2 -2 -1 -2 -3 -2  4  1 -4 -2 -1    7   0   0   0  11   0   0   0   0   0   0   0   0   0   0  72   5   0   0   4  0.58 0.04
  489 L    0 -1 -1 -1 -1 -1 -1 -1 -1  0  2 -1  1  0 -1  1  0 -1 -1  0    3   2   2   2   1   2   3   3   1   2  44   2   1   2   2  20   3   1   1   3  0.12 0.01
  490 D   -2 -2  2  6 -4 -1  1 -2 -2 -2 -3 -1 -3 -4 -2 -1 -1 -5 -4 -1    0   0   7  78   0   0   4   0   0   0   0   0   0   0   0   0   0   0   0  11  1.01 0.04
  491 T    1 -1  1 -1  1 -1 -1  1  4 -2 -1 -1 -2 -2 -2  2  0 -3 -1 -2   18   0   9   0   6   0   0  11  25   0   7   0   0   0   0  20   4   0   0   0  0.29 0.02
  492 E   -1 -1  1  2 -5  1  5 -2 -1 -4 -4  0 -3 -4 -2 -1 -1 -4 -3 -3    0   0   9   6   0   0  85   0   0   0   0   0   0   0   0   0   0   0   0   0  1.05 0.05
  493 L    0 -3 -3 -3 -2 -2 -3  0 -3  1  3 -2  1  1 -3 -1  0 -2 -1  0    8   0   0   0   0   0   0  11   0   0  69   0   0   4   0   0   9   0   0   0  0.35 0.03
  494 Q   -1  0  0 -1 -3  5  1 -2  2 -3 -1  0 -1 -3 -2  1 -1 -3 -2 -2    0   0   0   0   0  71   0   0   4   0   7   0   0   0   0  17   0   0   0   0  0.75 0.05
  495 K   -1  3  0 -1 -4  1  0 -2  3 -3 -3  4 -2 -3 -2  0 -1 -4 -2 -3    0  13   0   0   0   0   0   0  11   0   0  69   0   0   0   8   0   0   0   0  0.72 0.04
  496 P    0 -2  0 -1 -3 -1 -2  4 -2 -3 -3 -1 -2 -3  0  2 -1 -3 -3 -3    1   1   0   1   0   0   1  61   0   1   1   1   0   0   5  26   1   0   0   1  0.74 0.03
  497 D    0 -1  2  3 -2 -1  0  2 -1 -2 -2 -1 -2 -2 -1  0 -1 -2 -2 -2    9   2  18  32   1   1   2  18   1   2   3   2   1   1   2   2   2   0   1   2  0.37 0.01
  498 L    1 -1 -1 -1 -1  1  0 -1 -1  0  0  0  0 -1  2  1  1 -1 -1  0   12   2   2   2   1  10   3   3   1  12   8   3   1   2  13  10  10   1   1   3  0.15 0.00
  499 N    0 -1  2 -1 -2 -1 -1  3 -1 -3 -3 -1 -2 -3 -2  2  1 -3 -3 -2    1   0  19   0   0   0   0  37   0   0   1   0   0   0   0  28  11   0   0   0  0.53 0.02
  500 N    0 -1  2 -1 -2  3  0  1 -1 -3 -3  0 -2 -3 -2  3  1 -3 -2 -2    0   0  15   0   0  25   0  15   0   0   0   0   0   0   0  37   9   0   0   0  0.48 0.03
  501 Q   -1  0  0 -1 -3  5  1 -2  2 -3 -1  1 -1 -3  1  0 -1 -3 -2 -2    0   0   0   0   0  75   0   0   5   0   6   0   0   0   7   6   0   0   0   0  0.78 0.04
  502 P    1  0 -1 -2 -2 -1 -1  0 -1 -2 -3 -1 -2 -2  4  2  2 -3  0 -2    7   7   0   0   0   0   0   6   0   0   0   0   0   0  28  27  18   0   6   0  0.61 0.02
  503 P    1 -2 -1 -2 -2 -1 -1  0 -2 -1  0 -1 -1 -2  4  2  1 -4 -2 -1   17   0   0   0   0   0   0   5   0   0  12   0   0   0  28  25  10   0   0   4  0.54 0.02
  504 G    0 -1  1 -1 -3 -2 -2  5 -2 -4 -4 -1 -3 -4 -3  1 -1 -4 -4 -4    0   5   6   0   0   0   0  80   0   0   0   0   0   0   0   9   0   0   0   0  1.06 0.04
  505 T    0 -2 -1  1  1 -1 -1  0 -2 -2  0 -1 -1 -2  4  1  0 -3 -2 -1    7   1   1  10   5   1   1   9   0   1  11   1   0   0  25  21   6   0   0   1  0.40 0.01
  506 L    0 -2 -1  0 -2  0  0 -2 -2  0  2 -1  1 -1 -2  1  0 -3 -2  0    8   0   0   7   0   4   5   0   0   0  44   0   0   0   0  18   6   0   0   7  0.17 0.01
  507 L   -1 -3 -3 -4 -2 -2 -3 -4 -3  2  3 -3  2  0 -3 -2  0 -3 -2  3    0   0   0   0   0   0   0   0   0   0  48   0   7   0   0   0   6   0   0  39  0.43 0.02
  508 P    0 -2 -2 -2 -3 -2 -2 -3 -2 -3 -3 -2 -3 -4  7  0 -1 -5 -4 -3    7   0   0   0   0   0   0   0   0   0   0   0   0   0  89   4   0   0   0   0  2.31 0.05
  509 E   -1 -1  0  3 -3  0  3  0 -1 -3 -3 -1 -2 -3  1  1  1 -4 -3 -2    0   0   0  30   0   0  27   5   0   0   0   0   0   0   8  16  14   0   0   0  0.55 0.02
  510 L   -2 -3 -4 -5 -2 -3 -4 -4 -3  1  4 -3  2  0 -3 -3 -2 -2 -2  0    0   0   0   0   0   0   0   0   0   0 100   0   0   0   0   0   0   0   0   0  0.76 0.04
  511 S    1  0  2 -1 -2 -1 -1 -1 -1 -3 -3  0 -2 -3 -2  4  1 -4 -2 -2    0   6   9   0   0   0   0   0   0   0   0   0   0   0   0  86   0   0   0   0  0.73 0.05
  512 K   -1  2  0 -1 -4  1  0 -2 -1 -3 -3  5 -2 -4 -2 -1  0 -4 -3 -3    0   0   0   0   0   0   0   0   0   0   0  93   0   0   0   0   7   0   0   0  0.89 0.05
  513 L   -2 -3 -4 -4 -2 -3 -4 -4 -3  1  4 -3  2  1 -3 -3 -2 -2 -1  1    0   0   0   0   0   0   0   0   0   0  92   0   0   3   0   0   0   0   0   5  0.69 0.04
  514 G    1 -2 -1  1 -3 -2 -1  4 -2 -4 -4 -2 -3 -4 -2  0 -1 -4 -4 -3   20   0   0  13   0   0   0  61   0   0   0   0   0   0   0   5   0   0   0   0  0.79 0.03
  515 F   -2 -3 -4 -4 -2 -3 -4 -4 -3  1  4 -3  1  3 -4 -3 -2 -2  0  0    0   0   0   0   0   0   0   0   0   0  78   0   0  22   0   0   0   0   0   0  0.65 0.04
  516 P   -1 -3 -3 -2 -4 -2 -2 -3 -3 -4 -4 -2 -3 -4  7 -1 -2 -5 -4 -3    0   0   0   0   0   0   0   0   0   0   0   0   0   0 100   0   0   0   0   0  2.76 0.07
  517 A    4 -2 -2 -2 -1 -1 -1 -1  0 -2 -2 -1 -1 -3  3  1  0 -3 -2 -1   72   0   0   0   0   0   0   0   3   0   3   0   0   0  14   8   0   0   0   0  0.59 0.04
  518 S    1 -2 -1 -2  4 -1 -2 -1 -2 -1 -1 -2 -1 -1 -2  3  0 -3 -2  1    8   0   0   0  19   0   0   3   0   0   3   0   0   3   0  47   0   0   0  17  0.33 0.03
  519 L   -2 -3 -4 -5 -2 -3 -4 -4 -3  1  4 -3  2  1 -3 -3 -2 -2 -1  0    0   0   0   0   0   0   0   0   0   0  96   0   0   4   0   0   0   0   0   0  0.74 0.04
  520 Q   -1  1  0 -1 -4  5  1 -2  0 -3 -3  3 -1 -4 -2 -1 -1 -3 -2 -3    0   0   0   0   0  64   0   0   0   0   0  36   0   0   0   0   0   0   0   0  0.92 0.05
  521 R   -2  6 -1 -2 -4  1 -1 -3 -1 -3 -3  2 -2 -3 -2 -1 -2  3 -2 -3    0  91   0   0   0   0   0   0   0   0   0   4   0   0   0   0   0   5   0   0  1.15 0.06
  522 D   -2 -2  1  6 -4 -1  1 -2 -2 -4 -5 -1 -4 -4 -2 -1 -2 -5 -4 -4    0   0   0 100   0   0   0   0   0   0   0   0   0   0   0   0   0   0   0   0  1.50 0.06
  523 L   -2 -3 -4 -5 -2 -3 -4 -4 -3  1  4 -3  2  0 -3 -3 -2 -2 -2  0    0   0   0   0   0   0   0   0   0   0 100   0   0   0   0   0   0   0   0   0  0.78 0.04
  524 S    0 -1  2 -1 -2 -1 -1 -2 -1 -2 -2 -1 -1 -3 -2  2  5 -4 -2 -1    0   0  15   0   0   0   0   0   0   0   0   0   0   0   0  10  75   0   0   0  0.71 0.05
  525 R   -2  5 -1 -2 -4  1 -1 -3 -1 -3 -3  3 -2 -3 -2 -1 -2  2 -2 -3    0  78   0   0   0   0   0   0   0   0   0  17   0   0   0   0   0   5   0   0  1.03 0.05
  526 H   -2  1  0 -2 -4  0 -1 -3  8 -4 -3 -1 -3 -2 -3 -1 -2 -3  1 -4    0   5   0   0   0   0   0   0  95   0   0   0   0   0   0   0   0   0   0   0  1.44 0.08
  527 I   -1 -3 -3 -4 -2 -2 -3 -4 -3  4  1 -2  3 -1 -3 -2  0 -2 -2  2    0   0   0   0   0   0   0   0   0  63   0   0  24   0   0   0   5   0   0   4  0.46 0.03
  528 S    0 -2  0 -1 -2 -1 -1  3 -2 -3 -3 -1 -2 -3 -2  3  2 -3 -2 -2    0   0   0   0   0   0   0  33   0   0   0   0   0   0   0  42  20   0   0   0  0.55 0.03
  529 L    1 -2 -1 -2 -2 -1 -1 -2  0  0  2 -1  0 -1  1  2  2 -3 -2  0   11   0   0   0   0   0   1   1   4   0  33   0   0   0   6  23  17   0   0   1  0.21 0.01
  530 K   -1  2  0 -1 -4  1  0 -2 -1 -3 -3  5 -2 -3 -2  0 -1 -4 -3 -3    0   4   0   0   0   0   0   0   0   0   0  88   0   0   0   6   0   0   0   0  0.86 0.05
  531 S    1 -1  2 -1  2 -1 -1  0 -1 -2 -3 -1 -2 -3 -2  3  2 -4 -2 -1    6   0  12   0   8   0   0   7   0   0   0   0   0   0   0  51  12   0   0   3  0.44 0.03
  532 K   -1  3  0 -1 -4  1  0 -2 -1 -3 -3  5 -2 -4 -2 -1 -1 -4 -3 -3    0   8   0   0   0   0   0   0   0   0   0  92   0   0   0   0   0   0   0   0  0.97 0.05
  533 T    3 -2 -1 -2 -1 -1 -1 -1 -2  1 -1 -1 -1 -2  0  1  2 -3 -2  1   49   0   0   0   0   0   0   0   0  12   0   0   0   0   4   8  21   0   0   6  0.36 0.02
  534 G    1 -2 -1 -2 -3 -2 -2  5 -2 -3 -3 -2 -3 -3 -2  1 -1 -4 -3 -1   12   0   0   0   0   0   0  72   0   0   0   0   0   0   0  10   0   0   0   6  0.89 0.03
  535 T    1 -2  0 -1 -2 -1 -1  2 -2 -1 -2 -1 -1 -3  2  2  2 -4 -3  0   11   0   4   0   0   0   0  17   0   4   0   0   0   0  12  26  17   0   0   8  0.36 0.01
  536 H   -2  1  0 -2 -4  0 -1 -1  8 -4 -3 -1 -3 -2 -3 -1 -2 -3  1 -4    0   7   0   0   0   0   0   4  88   0   0   0   0   0   0   0   0   0   0   0  1.27 0.07
  537 L   -1 -1 -1 -1 -1 -1 -1 -1 -1  1  2 -1  1  0 -1 -1  0 -1 -1  1    4   3   2   3   1   2   3   4   1   3  45   3   1   2   3   4   3   1   2  12  0.11 0.00
  538 P    0 -1 -1 -1 -2 -1 -1 -1  1 -2 -1 -1 -1 -2  6  0 -1 -2 -1 -1    4   2   2   3   1   2   3   3   5   2   4   3   1   2  51   3   3   1   2   3  0.97 0.01
  539 E   -1 -1 -1  1 -5  1  6 -3 -1 -4 -4  0 -3 -4 -2 -1 -1 -4 -3 -3    0   0   0   0   0   0 100   0   0   0   0   0   0   0   0   0   0   0   0   0  1.25 0.06
  540 P   -1 -3 -3 -2 -4 -2 -2 -3 -3 -4 -4 -2 -3 -4  7 -1 -2 -5 -4 -3    0   0   0   0   0   0   0   0   0   0   0   0   0   0 100   0   0   0   0   0  2.76 0.07
  541 N   -2 -1  6  1 -4  0 -1 -1  0 -4 -4  0 -3 -4 -3  0 -1 -4 -3 -4    0   0 100   0   0   0   0   0   0   0   0   0   0   0   0   0   0   0   0   0  1.29 0.07
  542 L   -2 -3 -4 -5 -2 -3 -4 -4 -3  1  4 -3  2  0 -3 -3 -2 -2 -2  0    0   0   0   0   0   0   0   0   0   0 100   0   0   0   0   0   0   0   0   0  0.78 0.04
  543 N   -2 -1  6  1 -4  0 -1 -1  0 -4 -4  0 -3 -4 -3  0 -1 -4 -3 -4    0   0 100   0   0   0   0   0   0   0   0   0   0   0   0   0   0   0   0   0  1.29 0.07
  544 S    0 -2  3 -1 -2 -1 -2 -2 -1  2 -1 -1 -1 -2 -2  2  0 -4 -2  0    5   0  31   0   0   0   0   0   0  40   0   0   0   0   0  24   0   0   0   0  0.30 0.03
  545 A    5 -2 -2 -2 -1 -1 -1  0 -2 -2 -2 -1 -2 -3 -1  1  0 -3 -2 -1  100   0   0   0   0   0   0   0   0   0   0   0   0   0   0   0   0   0   0   0  0.76 0.05
  546 R   -2  6 -1 -2 -4  1 -1 -3 -1 -4 -3  2 -2 -4 -2 -1 -2 -4 -3 -3    0 100   0   0   0   0   0   0   0   0   0   0   0   0   0   0   0   0   0   0  1.29 0.06
  547 R   -2  6 -1 -2 -4  1 -1 -3 -1 -4 -3  2 -2 -4 -2 -1 -2 -4 -3 -3    0 100   0   0   0   0   0   0   0   0   0   0   0   0   0   0   0   0   0   0  1.29 0.06
  548 I   -2 -3 -4 -4 -2 -3 -4 -5 -4  4  1 -3  1 -1 -3 -3 -1 -3 -2  3    0   0   0   0   0   0   0   0   0  81   0   0   0   0   0   0   0   0   0  19  0.65 0.04
  549 R   -2  6 -1 -2 -4  1 -1 -3 -1 -4 -3  2 -2 -4 -2 -1 -2 -4 -3 -3    0 100   0   0   0   0   0   0   0   0   0   0   0   0   0   0   0   0   0   0  1.29 0.06
  550 N   -2 -1  6  1 -3  0 -1 -1  0 -4 -4 -1 -3 -4 -3  1  0 -4 -3 -3    0   0  88   4   0   0   0   0   0   0   0   0   0   0   0   8   0   0   0   0  1.11 0.06
  551 V   -1 -3 -3 -4 -2 -2 -3 -4 -3  3  1 -3  1 -1 -3  0 -1 -3 -2  3    0   0   0   0   0   0   0   0   0  25  13   0   0   0   0   8   0   0   0  54  0.43 0.03
  552 S    1 -1  1 -1 -2 -1 -1  1 -1 -3 -3 -1 -2 -3 -2  4  1 -4 -2 -2    0   0   6   0   0   0   0   8   0   0   0   0   0   0   0  86   0   0   0   0  0.74 0.05
  553 G    0 -2 -1  1  1 -1  1  5 -2 -4 -4 -1 -3 -4 -3  0 -1 -4 -4 -3    0   0   0   6   6   0  15  65   0   0   0   0   0   0   0   8   0   0   0   0  0.79 0.03
  554 H   -1 -1  0 -2 -3  1 -1 -2  5 -1  0 -1  1 -2  0  1  2 -3  0 -1    0   0   0   0   0   8   0   0  35   0  11   0   6   0   3  13  24   0   0   0  0.39 0.03
  555 R   -2  6 -1 -2 -4  1 -1 -3 -1 -4 -3  2 -2 -4 -2 -1 -2 -4 -3 -3    0 100   0   0   0   0   0   0   0   0   0   0   0   0   0   0   0   0   0   0  1.29 0.06
  556 K   -1  4 -1 -2 -4  1  0 -2 -1 -3 -3  4 -2 -4 -2 -1 -1 -4 -3 -3    0  43   0   0   0   0   0   0   0   0   0  57   0   0   0   0   0   0   0   0  0.92 0.04
  557 K   -1  2  0 -1 -4  1  0 -2 -1 -3 -3  5 -2 -3 -1 -1 -1 -4 -2 -3    0   0   0   0   0   0   0   0   0   0   0   0   0   0   0   0   0   0   0   0  0.00     0.00
  558 K   -1  2  0 -1 -4  1  0 -2 -1 -3 -3  5 -2 -3 -1 -1 -1 -4 -2 -3    0   0   0   0   0   0   0   0   0   0   0   0   0   0   0   0   0   0   0   0  0.00     0.00
  559 K   -1  2  0 -1 -4  1  0 -2 -1 -3 -3  5 -2 -3 -1 -1 -1 -4 -2 -3    0   0   0   0   0   0   0   0   0   0   0   0   0   0   0   0   0   0   0   0  0.00     0.00
  560 K   -1  2  0 -1 -4  1  0 -2 -1 -3 -3  5 -2 -3 -1 -1 -1 -4 -2 -3    0   0   0   0   0   0   0   0   0   0   0   0   0   0   0   0   0   0   0   0  0.00     0.00

                      K         Lambda
Standard Ungapped    0.1658     0.3317
Standard Gapped      0.1100     0.3190
PSI Ungapped         0.1658     0.3317
PSI Gapped           0.1100     0.3190
