
Last position-specific scoring matrix computed, weighted observed percentages rounded down, information per position, and relative weight of gapless real matches to pseudocounts
           A  R  N  D  C  Q  E  G  H  I  L  K  M  F  P  S  T  W  Y  V   A   R   N   D   C   Q   E   G   H   I   L   K   M   F   P   S   T   W   Y   V
    1 M   -1 -2 -3 -4 -2  0 -2 -3 -2  1  2 -2  6  0 -3 -2 -1 -2 -2  1    0   0   0   0   0   0   0   0   0   0   0   0 100   0   0   0   0   0   0   0  0.57 0.00
    2 R   -2  6 -1 -2 -4  1 -1 -3  0 -3 -3  2 -2 -3 -2 -1 -1 -3 -2 -3    0 100   0   0   0   0   0   0   0   0   0   0   0   0   0   0   0   0   0   0  1.08 0.00
    3 P   -1 -2 -3 -2 -4 -2 -1 -3 -2 -3 -3 -1 -3 -4  7 -1 -2 -5 -4 -3    0   0   0   0   0   0   0   0   0   0   0   0   0   0 100   0   0   0   0   0  2.64 0.00
    4 G    0 -3 -1 -2 -4 -2 -3  6 -3 -5 -4 -2 -3 -4 -3 -1 -2 -4 -4 -4    0   0   0   0   0   0   0 100   0   0   0   0   0   0   0   0   0   0   0   0  1.33 0.00
    5 T    0 -1  0 -1 -1 -1 -1 -2 -2 -1 -2 -1 -1 -2 -2  1  5 -3 -2  0    0   0   0   0   0   0   0   0   0   0   0   0   0   0   0   0 100   0   0   0  0.73 0.00
    6 G    0 -3 -1 -2 -4 -2 -3  6 -3 -5 -4 -2 -3 -4 -3 -1 -2 -4 -4 -4    0   0   0   0   0   0   0 100   0   0   0   0   0   0   0   0   0   0   0   0  1.33 0.00
    7 A    4 -2 -2 -2 -1 -1 -1  0 -2 -2 -2 -1 -1 -3 -1  1  0 -3 -2  0  100   0   0   0   0   0   0   0   0   0   0   0   0   0   0   0   0   0   0   0  0.60 0.00
    8 E   -1 -1 -1  1 -5  2  5 -3  0 -4 -4  0 -2 -4 -1  0 -1 -4 -3 -3    0   0   0   0   0   0 100   0   0   0   0   0   0   0   0   0   0   0   0   0  1.07 0.00
    9 R   -2  6 -1 -2 -4  1 -1 -3  0 -3 -3  2 -2 -3 -2 -1 -1 -3 -2 -3    0 100   0   0   0   0   0   0   0   0   0   0   0   0   0   0   0   0   0   0  1.08 0.00
   10 G    0 -3 -1 -2 -4 -2 -3  6 -3 -5 -4 -2 -3 -4 -3 -1 -2 -4 -4 -4    0   0   0   0   0   0   0 100   0   0   0   0   0   0   0   0   0   0   0   0  1.33 0.00
   11 G    0 -3 -1 -2 -4 -2 -3  6 -3 -5 -4 -2 -3 -4 -3 -1 -2 -4 -4 -4    0   0   0   0   0   0   0 100   0   0   0   0   0   0   0   0   0   0   0   0  1.33 0.00
   12 L   -2 -3 -4 -4 -2 -2 -4 -4 -3  1  4 -3  2  0 -3 -3 -2 -2 -1  1    0   0   0   0   0   0   0   0   0   0 100   0   0   0   0   0   0   0   0   0  0.64 0.00
   13 M   -1 -2 -3 -4 -2  0 -2 -3 -2  1  2 -2  6  0 -3 -2 -1 -2 -2  1    0   0   0   0   0   0   0   0   0   0   0   0 100   0   0   0   0   0   0   0  0.57 0.00
   14 V    0 -3 -3 -4 -1 -2 -3 -4 -3  2  1 -3  1 -1 -3 -2  0 -3 -2  4    0   0   0   0   0   0   0   0   0   0   0   0   0   0   0   0   0   0   0 100  0.51 0.00
   15 S    1 -1  0 -1 -2  0  0 -1 -1 -3 -3 -1 -2 -3 -1  4  1 -4 -2 -2    0   0   0   0   0   0   0   0   0   0   0   0   0   0   0 100   0   0   0   0  0.72 0.00
   16 E   -1 -1 -1  1 -5  2  5 -3  0 -4 -4  0 -2 -4 -1  0 -1 -4 -3 -3    0   0   0   0   0   0 100   0   0   0   0   0   0   0   0   0   0   0   0   0  1.07 0.00
   17 M   -1 -2 -3 -4 -2  0 -2 -3 -2  1  2 -2  6  0 -3 -2 -1 -2 -2  1    0   0   0   0   0   0   0   0   0   0   0   0 100   0   0   0   0   0   0   0  0.57 0.00
   18 E   -1 -1 -1  1 -5  2  5 -3  0 -4 -4  0 -2 -4 -1  0 -1 -4 -3 -3    0   0   0   0   0   0 100   0   0   0   0   0   0   0   0   0   0   0   0   0  1.07 0.00
   19 S    1 -1  0 -1 -2  0  0 -1 -1 -3 -3 -1 -2 -3 -1  4  1 -4 -2 -2    0   0   0   0   0   0   0   0   0   0   0   0   0   0   0 100   0   0   0   0  0.72 0.00
   20 Q   -1  0  0 -1 -4  4  1 -2  6 -3 -3  0 -1 -2 -2 -1 -1 -3  0 -3    0   0   0   0   0  54   0   0  46   0   0   0   0   0   0   0   0   0   0   0  0.82 0.00
   21 P   -1 -2 -3 -2 -4 -2 -1 -3 -2 -3 -3 -1 -3 -4  7 -1 -2 -5 -4 -3    0   0   0   0   0   0   0   0   0   0   0   0   0   0 100   0   0   0   0   0  2.64 0.00
   22 P    0 -2 -1 -2 -3 -1 -1 -2 -2 -3 -3 -1 -2 -3  6  2  0 -4 -3 -2    0   0   0   0   0   0   0   0   0   0   0   0   0   0  69  31   0   0   0   0  1.67 0.00
   23 S    1 -1  0 -1 -2 -1 -1 -1 -1 -3 -3 -1 -2 -3  5  4  1 -4 -3 -2    0   0   0   0   0   0   0   0   0   0   0   0   0   0  31  69   0   0   0   0  0.90 0.00
   24 R   -1  4  0 -1 -4  4  1 -3  0 -3 -3  2 -1 -3 -2 -1 -1 -3 -2 -3    0  54   0   0   0  46   0   0   0   0   0   0   0   0   0   0   0   0   0   0  0.84 0.00
   25 G    0 -3 -1 -2 -4 -2 -3  6 -3 -5 -4 -2 -3 -4 -3 -1 -2 -4 -4 -4    0   0   0   0   0   0   0 100   0   0   0   0   0   0   0   0   0   0   0   0  1.33 0.00
   26 P   -1 -2 -3 -2 -4 -2 -1 -3 -2 -3 -3 -1 -3 -4  7 -1 -2 -5 -4 -3    0   0   0   0   0   0   0   0   0   0   0   0   0   0 100   0   0   0   0   0  2.64 0.00
   27 G    0 -3 -1 -2 -4 -2 -3  6 -3 -5 -4 -2 -3 -4 -3 -1 -2 -4 -4 -4    0   0   0   0   0   0   0 100   0   0   0   0   0   0   0   0   0   0   0   0  1.33 0.00
   28 D   -1 -2  1  5 -3 -1  1 -1 -1 -4 -4 -1 -3 -4 -2  2  0 -5 -3 -3    0   0   0  78   0   0   0   0   0   0   0   0   0   0   0  22   0   0   0   0  0.97 0.00
   29 G    0 -3 -1 -2 -4 -2 -3  6 -3 -5 -4 -2 -3 -4 -3 -1 -2 -4 -4 -4    0   0   0   0   0   0   0 100   0   0   0   0   0   0   0   0   0   0   0   0  1.33 0.00
   30 E   -1  2 -1  1 -5  2  5 -3  0 -4 -3  1 -2 -4 -2 -1 -1 -4 -3 -3    0  22   0   0   0   0  78   0   0   0   0   0   0   0   0   0   0   0   0   0  0.87 0.00
   31 R   -2  6 -1 -2 -4  1 -1 -3  0 -3 -3  2 -2 -3 -2 -1 -1 -3 -2 -3    0 100   0   0   0   0   0   0   0   0   0   0   0   0   0   0   0   0   0   0  1.08 0.00
   32 R   -2  6 -1 -2 -4  1 -1 -3  0 -3 -3  2 -2 -3 -2 -1 -1 -3 -2 -3    0 100   0   0   0   0   0   0   0   0   0   0   0   0   0   0   0   0   0   0  1.08 0.00
   33 L   -1 -2 -2 -3 -2 -2 -2 -3 -3  1  3 -2  2  0 -3  1 -1 -2 -2  0    0   0   0   0   0   0   0   0   0   0  78   0   0   0   0  22   0   0   0   0  0.40 0.00
   34 S    1 -1  0 -1 -2  0  0 -1 -1 -3 -3 -1 -2 -3 -1  4  1 -4 -2 -2    0   0   0   0   0   0   0   0   0   0   0   0   0   0   0 100   0   0   0   0  0.73 0.00
   35 G    0 -2 -1 -1 -3 -2 -2  5 -2 -3 -3 -1 -2 -3 -2  0 -1 -2 -3 -2    2   1   1   1   0   1   1  79   0   1   2   1   0   1   1   2   1   0   1   1  0.87 0.00
   36 S    1 -1  0 -1 -1  0  0 -1 -1 -2 -2  0 -1 -2 -1  4  1 -2 -2 -1    2   1   1   1   0   1   1   2   0   1   2   1   0   1   1  79   1   0   1   1  0.50 0.00
   37 N    1 -1  2  0 -1  0  0 -1 -1 -2 -2  0 -1 -2 -1  4  1 -2 -2 -2    2   1  16   1   0   1   1   2   0   1   2   1   0   1   1  64   1   0   1   1  0.44 0.00
   38 L   -1 -2 -2 -3 -2 -2 -2 -3 -2  1  4 -2  2  0 -2 -2 -1 -2 -1  0    2   1   1   1   0   1   1   2   0   1  80   1   0   1   1   2   1   0   1   1  0.37 0.00
   39 C   -1 -4 -3 -4  8 -3 -4 -4 -4 -1  1 -4  0 -2 -4 -2 -1 -3 -3 -1    0   0   0   0  78   0   0   0   0   0  22   0   0   0   0   0   0   0   0   0  0.93 0.00
   40 S    1 -1  0 -1 -2  0  0 -1 -1 -3 -3 -1 -2 -3 -1  4  1 -4 -2 -2    0   0   0   0   0   0   0   0   0   0   0   0   0   0   0 100   0   0   0   0  0.73 0.00
   41 S    0 -2  0 -1 -2 -1 -1  3 -2 -3 -3 -1 -2 -3  4  3  0 -4 -3 -3    0   0   0   0   0   0   0  29   0   0   0   0   0   0  22  48   0   0   0   0  0.71 0.00
   42 S    1 -1  0 -1 -1 -1 -1 -1 -1 -2 -2 -1 -2 -3 -1  4  3 -4 -2 -1    0   0   0   0   0   0   0   0   0   0   0   0   0   0   0  78  22   0   0   0  0.64 0.00
   43 W   -3 -3 -4 -5 -3 -2 -3 -4 -3 -1 -1 -3  2  0 -4 -3 -3 10  1 -2    0   0   0   0   0   0   0   0   0   0   0   0  22   0   0   0   0  78   0   0  1.87 0.01
   44 V   -1  2 -2 -3 -2 -1 -2 -3 -2  2  0 -1  0 -2 -3 -2 -1 -3 -2  4    0  22   0   0   0   0   0   0   0   0   0   0   0   0   0   0   0   0   0  78  0.35 0.00
   45 S    1 -1  0 -1 -2 -1 -1 -1 -1 -3 -3 -1 -2 -3  3  4  1 -4 -2 -2    0   0   0   0   0   0   0   0   0   0   0   0   0   0  13  87   0   0   0   0  0.73 0.01
   46 A    4 -2 -2 -2 -1 -1 -1  2 -2 -2 -2 -1 -2 -3 -1  1  0 -3 -2 -1   87   0   0   0   0   0   0  13   0   0   0   0   0   0   0   0   0   0   0   0  0.57 0.01
   47 D   -1 -1  1  5 -3  3  1 -2 -1 -3 -3  0 -2 -4 -2  0  1 -4 -3 -3    0   0   0  58   0  28   0   0   0   0   0   0   0   0   0   0  13   0   0   0  0.77 0.01
   48 G    0 -3 -1 -2 -4 -2 -3  6 -3 -5 -4 -2 -4 -4 -3 -1 -2 -4 -4 -4    0   0   0   0   0   0   0 100   0   0   0   0   0   0   0   0   0   0   0   0  1.39 0.03
   49 F    0 -3 -3 -3 -2 -3 -3  2 -2 -1  1 -3  0  4 -3 -2 -2 -1  1 -1   10   0   0   0   0   0   0  23   0   0  22   0   0  46   0   0   0   0   0   0  0.38 0.02
   50 L   -2 -3 -3 -3 -2 -2  0 -4 -3  1  3 -2  1  0 -3 -3 -2  6  0  0    0   0   0   0   0   0  10   0   0   0  68   0   0   0   0   0   0  22   0   0  0.63 0.02
   51 R   -2  4 -1 -2 -4  3  0 -3  0 -2 -2  1 -1  2 -2 -1 -2 -2  0 -2    0  55   0   0   0  23   0   0   0   0   0   0   0  22   0   0   0   0   0   0  0.63 0.02
   52 R   -2  5 -1 -2 -4  1 -1  0  4 -4 -3  1 -2 -3 -2 -1 -2 -3 -1 -3    0  68   0   0   0   0   0  10  22   0   0   0   0   0   0   0   0   0   0   0  0.79 0.03
   53 R   -1  4 -1 -2 -4  0 -1  0 -1 -4 -3  1 -2 -4  5 -1 -2 -4 -3 -3    0  46   0   0   0   0   0  10   0   0   0   0   0   0  45   0   0   0   0   0  1.16 0.03
   54 P   -1 -2 -3 -2 -4 -2 -2 -3 -3 -3 -1 -2 -2 -3  7 -1 -2 -5 -4 -2    0   0   0   0   0   0   0   0   0   0   7   0   0   0  93   0   0   0   0   0  2.41 0.06
   55 S    0 -1  2 -1 -2  2 -1 -2 -1 -2 -2 -1  0  2 -2  3  1 -3 -1 -2    0   0  15   0   0  13   0   0   0   0   0   0   4  15   0  43  10   0   0   0  0.36 0.05
   56 M   -2 -2 -3 -4 -2 -1 -3 -4 -3  1  2 -2  7 -1 -3 -2 -1 -2 -2  0    0   0   0   0   0   0   0   0   0   0  14   0  86   0   0   0   0   0   0   0  0.89 0.12
   57 G   -1 -3 -1 -2 -3 -2 -3  5 -3 -3  0 -2 -2 -3  2 -1 -2 -4 -4 -3    0   0   0   0   0   0   0  71   0   0  14   0   0   0  14   0   0   0   0   0  0.92 0.06
   58 H   -1  0  0 -1 -3  2  0 -2  6 -2 -2  0 -1  0 -1 -1 -1 -1  3 -2    2   1   1   1   0  16   2   2  46   1   2   1   1   1   1   2   1   0  15   2  0.58 0.05
   59 P   -1 -2 -2 -2 -3 -1 -1 -2 -2 -2 -2 -1 -2 -3  7 -1 -1 -3 -2 -2    2   1   1   1   0   1   2   2   1   1   2   1   1   1  76   2   1   0   1   2  1.79 0.06
   60 G    0 -2 -1 -2 -3 -2 -2  5 -2 -3 -3 -2 -3 -3  3 -1 -2 -3 -3 -3    1   1   1   1   0   1   1  71   0   1   1   1   0   1  15   1   1   0   0   1  0.95 0.05
   61 M   -1 -2 -2 -2 -2 -1 -2 -2 -2  1  1 -1  5 -1  3 -1  1 -2 -2  0    1   1   1   1   0   1   1   1   0  14   1   1  43   1  15   1  15   0   0   1  0.38 0.05
   62 H   -1 -1  2 -1 -3  0 -1 -2  5 -2 -2 -1 -2  2  4 -1 -1 -2  0 -2    1   1  15   1   0   1   1   1  31   1   1   1   0  15  26   1   1   0   0   1  0.63 0.04
   63 Y   -1  3 -2 -2 -3 -1 -1 -3  0 -1 -1  0  2  0  3 -1 -1  0  4 -1    1  26   1   1   0   1   1   1   0   1   1   1  15   1  15   1   1   0  31   1  0.44 0.04
   64 A    2 -2 -1 -2 -2 -1 -1  1 -2 -1 -1 -1 -1 -2  3  0  1 -3 -2  1   31   1   1   1   0   1   1  16   0   1   1   1   0   1  15   1  13   0   0  15  0.31 0.02
   65 P   -1 -2 -2 -2 -3 -2 -1 -2 -2 -3 -3 -1 -2 -3  7 -1 -1 -3 -3 -2    1   1   1   1   0   1   1   1   0   1   1   1   0   1  85   1   1   0   0   1  2.16 0.08
   66 M   -2 -2 -2 -3 -2 -1 -2 -3 -2  0  1 -2  5  4 -2 -2 -1 -1  1  0    1   1   1   1   0   1   1   1   0   1   1   1  45  40   1   1   1   0   0   1  0.50 0.06
   67 G   -1 -2 -1 -2 -3 -2 -2  4 -2 -1  1 -2 -1 -2  3 -1 -1 -3 -2 -1    1   1   1   1   0   1   1  47   0   1  27   1   0   1  15   1   1   0   0   1  0.50 0.03
   68 M   -1 -1 -2 -3 -2  2 -1 -3 -2  0  1 -1  6 -1  2  1 -1 -2 -2 -1    0   0   0   0   0  14   0   0   0   0   0   0  60   0  12  13   0   0   0   0  0.52 0.09
   69 H   -2 -1  0 -2 -3  0 -1 -2  7 -3 -3 -1 -2 -1 -2 -1 -2 -1  3 -3    1   1   1   1   0   1   1   1  74   1   1   1   0   1   1   1   1   0  12   1  1.03 0.09
   70 P   -1  2 -2 -2 -3 -1 -1 -2 -2 -3 -3 -1 -2 -3  7 -1 -1 -3 -3 -2    1  15   1   1   0   1   1   1   0   1   1   1   0   1  71   1   1   0   0   1  1.69 0.07
   71 M   -1 -2 -2 -3 -2 -1 -2 -3 -2  0  3 -2  5 -1  2 -1  1 -2 -2  0    1   1   1   1   0   1   1   1   0   1  34   1  35   0  10   1  12   0   0   1  0.41 0.08
   72 G    1 -1  1 -1 -2  1 -1  2 -1 -2 -2 -1 -1 -2  2  0  1 -2 -2 -2   11   1  12   1   0  13   1  26   0   1   2   1   1   1  12   2  12   0   1   1  0.33 0.03
   73 Q   -1  2  2 -1 -3  4  0 -2  0 -1 -2  0 -1  1 -2 -1 -1 -2 -1  0    1  11  11   1   0  47   1   1   0   1   1   1   0  12   1   1   1   0   0  10  0.44 0.08
   74 R   -1  4 -1 -2 -3  3  0 -2 -1 -3 -2  1 -1  1  4 -1 -1 -2 -1 -2    1  35   1   1   0  23   1   1   0   1   1   1   0  10  22   1   1   0   0   1  0.66 0.07
   75 A    1 -2 -2 -2 -2 -2 -2  1 -1  0 -1 -2 -1  1  3 -1 -1 -2  2  1   23   1   0   1   0   0   1  11   0  10   1   1   0  10  19   1   1   0  10  11  0.30 0.05
   76 N    1 -2  3 -1 -2 -1 -1  2  2  0 -2 -1 -2 -3 -2  1  1 -3 -2 -1   10   0  26   0   0   0   1  24   7   9   1   1   0   0   0   9   9   0   0   1  0.33 0.07
   77 M    0 -2 -2 -3 -2 -1 -2 -3 -2  1  1 -2  6 -1 -2  0 -1 -2  2  1    9   0   0   0   0   0   1   1   0  10   1   1  50   0   0   8   1   0   9   9  0.45 0.14
   78 P   -1 -3 -3 -3 -4 -2 -2 -3 -2 -3 -3 -2 -3 -3  7 -2 -2 -3  1 -3    1   0   0   0   0   0   1   1   0   0   1   0   0   0  86   1   0   0   7   1  2.32 0.24
   79 P    1 -3 -3 -3 -3 -2 -2 -3 -3 -3 -1 -2 -2  1  6 -1 -2 -4 -2 -2   15   0   0   0   0   0   0   1   0   0   7   0   0   7  66   0   0   0   0   0  1.58 0.21
   80 V    0  0 -2 -3 -2  0 -2 -3 -2  1  2 -1  0  1  1 -1  0 -2 -1  2    6   7   0   0   0   7   0   1   0   0  25   0   0   8   7   0   7   0   0  30  0.19 0.08
   81 P   -1 -2 -2 -2 -3  1 -1 -2 -2 -2 -2 -1 -2  0  6  1 -1 -3 -2  0    2   1   1   1   0   8   1   1   0   1   2   1   0   7  51  12   1   0   1   8  1.03 0.13
   82 H   -1  2 -1 -2 -3  2 -1 -2  4 -2 -2  0 -2  1  3  0 -1 -2  1 -2    1  13   1   1   0  11   1   1  22   1   2   1   0   7  20   6   1   0   6   1  0.51 0.11
   83 G    0 -2 -1 -2 -2  0 -2  4 -2 -2 -2 -1 -2 -3  1  0  0 -3 -3  0    1   1   1   1   0   5   1  50   0   1   2   1   0   1   6   8   6   0   1  13  0.52 0.11
   84 M    2 -2 -2 -3 -2 -1 -2  0 -2  1  1 -2  4 -1 -2  0  0 -2  1  0   21   1   1   1   0   1   1   5   0  11  10   1  27   0   1   8   6   0   6   1  0.22 0.11
   85 M    0  0 -2 -3 -2  0 -2 -3 -2  2  1 -2  5 -1 -3  0 -1 -2  1  1    8   5   0   0   0   4   0   0   0  14   9   0  31   0   0  10   0   0   5  11  0.31 0.15
   86 P    1 -2 -3 -3 -4  0 -2 -3  1 -4 -4 -2 -3 -4  7  0 -2 -4 -3 -3   15   0   0   0   0   5   0   0   5   0   0   0   0   0  67   5   0   0   0   0  1.72 0.30
   87 Q   -1 -1  1  1 -3  3  0 -1 -1 -1 -2 -1 -1  0  2  0  2 -3 -2  0    1   0   5   9   0  27   1   5   0   5   1   1   0   7  10   5  16   0   0   6  0.28 0.12
   88 M   -2 -2 -3 -3 -2  0 -2  0 -3  1  2 -2  5  1 -3 -1  0 -2 -2  0    0   0   0   0   0   5   0   7   0   4  17   0  40   6   0   5   8   0   0   6  0.44 0.19
   89 M   -1  1  0 -2 -2  0 -2 -3  1  0  1 -1  4  0  0  0 -1 -2  1  1    1   9   4   1   0   5   1   1   5   1   9   1  26   4   5   9   1   0   4  15  0.20 0.13
   90 P    0 -2 -2 -2 -3  1 -2 -2 -2 -3 -3 -2 -2 -4  6 -1  1 -4 -3 -1    5   1   0   1   0   8   1   3   0   1   1   1   0   0  62   1   9   0   0   6  1.48 0.27
   91 P   -2 -3 -3 -3 -4  0 -2 -3 -2 -3 -1 -2 -2 -3  7 -2 -2 -3  0 -1    1   1   0   1   0   5   1   1   0   1   5   1   0   0  72   1   1   0   5   5  1.82 0.31
   92 M    1 -2 -2 -2 -2 -1 -2 -2 -2 -1  0 -2  5  1  3  1 -1 -2 -2  0   10   1   1   1   0   1   1   1   0   1   7   1  33   6  16  14   1   0   1   5  0.40 0.16
   93 G   -1  0 -1 -2 -3 -2 -2  5 -2 -3 -2 -2 -2 -3  2  1 -2 -3 -3 -3    1   6   0   1   0   0   1  57   0   1   6   1   0   0  10  14   1   0   0   1  0.78 0.19
   94 G    2 -2 -2 -3 -2  0 -2  3 -2 -1 -1 -2  2  1 -2  0 -1 -3 -2  1   22   0   0   0   0   4   0  33   0   0   1   0   9  11   0   5   0   0   0  13  0.35 0.14
   95 P    0 -2 -2 -3 -3  2 -1 -1  2 -2 -2 -2  2 -3  5  0 -2 -4 -3  0    8   0   0   0   0  14   0   4   8   0   0   0  10   0  41   5   0   0   0   8  0.88 0.24
   96 P   -1 -3 -3 -3 -4 -1  0 -2 -3 -1 -2 -2 -3 -4  7 -1 -1 -5 -4 -3    3   0   0   0   0   2   6   3   0   5   5   0   0   0  68   3   4   0   0   0  1.69 0.37
   97 M   -2 -3 -3 -3 -3  0 -2 -2 -3  1  1 -2  5  1  1 -1  0  4 -1  1    0   0   0   0   0   4   0   4   0   9  15   0  28   6   8   4   4   7   0   7  0.37 0.18
   98 G    0 -2 -1 -2 -3  0 -2  4 -2 -2  0 -2  0 -3  2  0 -2 -3 -3 -2    4   1   1   1   0   4   1  50   0   1  10   1   4   1  14   7   1   0   0   1  0.64 0.17
   99 Q    0 -1  1  0 -2  3  0  2 -1 -2 -2 -1  0 -2  3 -1  0 -3 -2 -1    9   1   7   5   0  22   1  19   0   1   2   1   4   1  14   1   5   0   1   5  0.33 0.11
  100 M   -2 -1 -3 -3 -3  1 -2 -2 -2  0  2 -2  4 -1  2 -1 -1 -2  1  1    0   4   0   0   0  10   0   4   0   4  18   0  25   0  11   4   0   0   6  12  0.32 0.17
  101 P   -1 -2 -3 -3 -4  1 -2  0 -3 -3 -3 -2 -3 -4  6 -2  0 -4 -4 -1    4   0   0   0   0  10   0   8   0   0   1   0   0   0  63   1   6   0   0   4  1.55 0.32
  102 G    0 -2  1 -2 -3  1 -1  3 -2 -1 -3 -1 -2 -3  1  0  0  3 -2 -2    9   0   8   0   0  10   1  36   0   5   1   0   0   0   9   7   5   6   0   1  0.45 0.15
  103 M   -1 -2 -2 -3 -2  0 -2 -1 -2  2  2 -2  3 -1  2 -2 -1 -3 -2  1    4   1   1   1   0   4   1   6   0  17  21   1  16   1  12   1   1   0   0  13  0.29 0.12
  104 M   -1 -2  0 -2 -3  0 -2 -1 -2 -1  1 -2  3 -2  4  1  0 -3 -2 -1    1   1   4   1   0   4   1   5   0   3  13   1  16   0  28  15   7   0   0   1  0.51 0.16
  105 S    1 -2 -1 -2 -3  2 -1  1  1 -2 -2 -1  1 -3  3  2  1 -3 -2  0    8   0   0   0   0  15   0  10   5   0   0   0   6   0  16  19   9   0   0   9  0.37 0.16
  106 S    0 -2 -1  0 -3  1  0  2 -2 -2 -1 -1  1 -3  2  3  1 -4 -3 -2    4   0   0   5   0   6   3  18   0   0   6   0   5   0  12  32   7   0   0   0  0.37 0.16
  107 V    0 -2  0 -3 -2 -2 -2 -3  1  1  1 -2  2 -1 -3  0 -1  1 -1  3    7   0   6   0   0   0   0   1   4   5  18   0   6   0   0  10   0   3   2  36  0.25 0.15
  108 M    0 -2 -2 -2 -3  1 -2  0  0 -1  0 -2  2 -2  4  0 -1  1 -2  1    4   0   0   1   0   9   1   9   3   0   9   1  10   0  22   8   1   3   0  18  0.34 0.15
  109 S    2 -2  2 -1 -3 -1 -2  1  1 -3 -1 -1 -2 -3  3  2 -1 -3 -3 -2   20   0  16   1   0   0   1  14   4   0   7   1   0   0  18  17   1   0   0   1  0.44 0.16
  110 G    1 -2  0 -2  1 -2 -1  4 -2 -2 -2 -2  1 -3  2 -1  0 -4 -3 -1   11   0   6   0   5   0   3  41   0   0   1   0   8   0  11   1   7   0   0   5  0.50 0.18
  111 M   -1 -2 -2 -3 -3 -2 -3  0  3  0  1 -2  5 -1  1 -1  1 -3  1 -1    4   0   0   0   0   0   0   7  12   7   7   0  35   0   8   3  10   0   6   0  0.44 0.25
  112 M    0  0 -2 -3 -3  1 -2 -3 -2  0  1 -1  3  0  4 -1 -1 -3  0  0    9   6   0   0   0  11   0   0   0   5  11   0  13   4  22   0   3   0   4   9  0.37 0.16
  113 M    0  1 -2  0 -3  1 -2 -1 -2 -1  0 -1  3 -2  3 -2 -2 -3 -3  1    6   9   0   6   0   8   0   6   0   0  11   0  14   0  20   0   0   0   0  18  0.34 0.17
  114 S    0 -1  1 -2 -3  1 -1  0 -2 -2 -2  1  1 -3  4  1  1 -3 -3 -2    6   0   9   1   0   8   1   6   0   0   1  10   8   0  24  14  11   0   0   1  0.48 0.16
  115 H   -2 -2 -2 -2 -3  1  0 -3  5  1  0 -2  2  0  3 -1  0 -3 -1 -1    1   0   0   1   0   6   6   1  27   9   6   1   7   4  19   3   5   0   0   3  0.49 0.20
  116 M   -1  0 -2 -3 -2 -1 -2 -1  0  1  1 -2  4 -1 -3  0  0 -3 -2  2    1   6   0   0   0   0   0   5   4   8  13   0  27   0   0  11   5   0   0  17  0.29 0.18
  117 S    1  0  1 -2 -3  1  0  0 -2 -1 -2 -1 -2 -3  4  1  0 -4 -3  0   16   4   8   0   0  10   5   6   0   4   0   0   0   0  21  10   6   0   0   8  0.39 0.14
  118 Q    0 -1  0 -2 -3  3  0  0  3 -2 -2 -1  2 -3  3 -1  0 -3  0 -2    6   0   5   0   0  24   4  10   9   0   1   0  10   0  17   0   6   0   4   3  0.43 0.20
  119 A    3 -2 -2 -2 -2  1 -2 -1 -2  0 -2 -2  1 -3  4  1  1 -4 -3  0   31   0   0   0   0   6   0   4   0   6   0   0   4   0  20   9  12   0   0   5  0.48 0.19
  120 S    0 -2 -1 -2 -3  0 -2  1  1 -2 -1  1  1 -3  3  2 -1 -4 -3 -2    5   0   0   0   0   4   0  14   5   0   4   8   7   0  20  27   0   0   0   3  0.45 0.20
  121 M   -2  0 -2 -3 -3  2  0  0  2  0  1 -2  4 -1  2 -2 -2 -2  1  0    0   4   0   0   0  11   4   8   8   3   9   0  26   0  11   0   0   0   8   8  0.34 0.22
  122 Q    0  1 -2 -2 -3  5 -1 -3 -1 -3 -2 -1 -2  0  1  0  2 -3  1 -1    5   5   0   0   0  47   0   0   0   0   4   0   0   5   7   3  14   0   5   3  0.64 0.31
  123 P    0 -2  0 -3 -4  0 -2 -3  1  0 -3 -1  1 -4  6  0 -2 -4 -3  0    6   0   6   0   0   4   0   0   5   7   0   3   5   0  51   6   0   0   0   6  1.11 0.30
  124 A    2 -2 -2 -1 -2 -2  0 -1 -3 -1 -1 -2  2 -2  1  1  1  3 -2  1   30   0   0   4   0   0   6   4   0   0   4   0   9   0   6   8  10   6   0  12  0.27 0.17
  125 L    0 -2 -2 -3 -2  0  0  0 -2  2  1 -1  1  2 -3 -1  1 -3 -1  1    6   0   0   0   0   5   8   7   0  21  12   5   5  11   0   0  13   0   0   9  0.15 0.12
  126 P    1 -1 -1  1 -2  1  0 -2 -1 -1  0  1 -1 -2  2  1  1 -3 -2  0   11   1   0  11   0  10   1   1   0   1  11  11   0   0  11  11  11   0   0  11  0.19 0.08
  127 P    0 -3 -2 -4 -5 -1 -1 -2  0 -4 -4 -1 -4 -5  6 -1  1 -6 -5 -1    8   0   2   0   0   3   5   3   2   0   0   3   0   0  58   3   8   0   0   5  1.46 0.55
  128 G    2 -3  0 -2 -3 -2  0  4  1 -3 -2 -2 -1 -1  1  1 -1 -4 -3 -3   17   0   5   0   0   0   5  37   4   0   4   0   2   3   6  12   3   0   0   0  0.52 0.28
  129 V    0  0 -3 -3 -3 -1 -3 -3 -3  3  1 -1  2  0 -1  0  0 -3 -2  2    7   4   0   0   0   3   0   1   0  25   9   3   7   4   2   8   7   0   0  18  0.29 0.21
  130 N    0 -2  4  2 -3  0  0 -1  2 -2 -2 -2 -2 -1  2  1  0  2 -2 -3    6   1  24  12   0   3   5   3   8   3   4   1   0   3  10   9   4   4   0   1  0.37 0.22
  131 S    1 -2  1  1 -3  1  0  1 -2 -2 -3 -2 -2 -3  1  3  0 -4 -3  0   12   1   6   7   0   6   7  11   0   1   1   1   0   0   8  25   6   0   0   8  0.32 0.21
  132 M    1  1  0 -3 -3  1 -2 -1 -2  1  0 -2  3 -1  1 -1  0 -3 -2  1   16   9   4   0   0   7   1   5   0  10   7   1  13   3   7   1   6   0   0   9  0.18 0.19
  133 D   -1 -1  0  4 -4  0  0  0  0 -3 -1 -1  0 -4  0  1 -2 -4 -3 -1    4   3   4  37   0   5   5   6   3   0   5   4   2   0   5  11   1   0   0   5  0.49 0.30
  134 V    1 -1  0 -1 -2 -2 -1 -2  0  1  0 -1  0 -1  0  0  1 -3 -1  2   11   3   3   3   0   0   4   2   2   9   7   4   2   2   4   9   8   0   2  23  0.11 0.13
  135 A    1  0 -1  0 -3  1  0  0  1  0 -1  0 -1 -2  0  1  1 -3  0  0   18   5   0   5   0   6   6   7   4   6   4   5   0   0   4  11   7   0   5   8  0.12 0.12
  136 A    1  0  1 -1 -3  0  0 -1  0  0 -1 -1 -2  0  1  1  0 -3 -2  1   16   5   9   3   0   4   5   3   3   4   5   0   0   4   7  16   5   0   0  11  0.14 0.15
  137 G    0  0  1  0 -3  0  0  2  1 -1 -1  0 -2 -3  1  1  0 -4 -3 -1    8   6   8   4   0   4   5  18   4   5   5   6   0   0   7  10   5   0   0   4  0.17 0.11
  138 A    0 -2  1  0  2 -1  0  0  2  0  0  0  1 -2  1  0  0 -3 -2  0    7   0   7   7   6   0   7   7   6   7   7   7   6   0   7   7   7   0   0   7  0.08 0.10
  139 A    2 -2 -2 -1 -1  0 -1  0 -2 -2 -2 -1  0 -1  3  2  1 -4 -3 -1   25   1   0   2   1   4   2   5   1   1   2   1   3   3  15  19  10   0   0   5  0.35 0.14
  140 S    1 -1  0  0 -3  0 -1  0 -1 -2 -2  0 -2 -1  1  3  2 -4 -2 -2   11   3   3   4   0   3   1   5   2   1   3   5   0   2   5  36  13   0   1   2  0.36 0.16
  141 G    1 -1  1  1 -3  0  0  2  0 -1 -2  0 -2 -3  0  1  0 -3 -3 -1    9   2   7   7   0   3   6  24   2   4   1   5   0   0   4  14   5   0   0   6  0.24 0.08
  142 A    2 -1 -1 -2 -3  1  1 -1 -2 -1 -2  0 -1 -2  3  1  1 -4 -2  0   25   1   3   0   0   6  10   3   0   3   3   5   1   1  14  11   9   0   1   5  0.32 0.12
  143 K    1  1  1  0 -4  2  1  0 -1 -3 -2  3 -2 -4  1  0  0 -4 -3 -2   11   5   7   3   0  10   7   7   1   0   2  30   1   0   5   5   4   0   0   3  0.36 0.14
  144 S    1 -2  1 -1 -1 -1  0  1  0 -4 -4 -1 -2 -4  0  4  0 -5 -3 -3    9   1   6   2   2   2   5   9   2   0   0   2   1   0   3  50   4   0   0   1  0.62 0.25
  145 M    0 -1  0  2 -3  1  0  0 -2  0  0 -1  0 -1  1  0  0 -3 -2  1    9   2   2  14   0   7   6   7   0   4   9   1   2   2   8   5   5   0   1  15  0.11 0.06
  146 W   -7 -7 -7 -9 -1 -3 -7 -7 -6 -6 -6 -7 -5 -3 -8 -7 -7 11  0 -6    0   0   0   0   1   1   0   0   0   0   0   0   0   0   0   0   0  96   1   0  4.74 0.95
  147 T   -1  0 -2 -3 -2  2  0 -3 -1 -1 -3  0 -2 -3 -3  2  4 -5 -3  1    2   4   0   0   1  11   4   1   1   1   1   6   0   1   0  15  36   0   0  14  0.54 0.27
  148 E    0  0 -3 -1 -3  2  6 -4 -3 -4 -5  0 -3 -6 -3 -1 -2 -6 -5 -3    6   4   0   1   1   7  71   0   0   1   0   3   1   0   1   3   1   0   0   2  1.41 0.46
  149 H    0 -3 -3 -4  1 -1 -3 -1  8 -3 -3 -3 -2  1 -5 -3 -3  1  2 -1    8   1   0   0   3   1   0   5  58   1   1   0   1   5   0   0   1   2   8   5  1.49 0.46
  150 K   -2  2 -2 -1 -4  0 -1 -4 -1  0 -2  4 -1 -1 -3 -1  2 -4 -2  1    1  13   1   2   0   3   3   0   1   5   1  37   1   3   0   1  18   0   1  10  0.53 0.25
  151 S    3 -3  1  1 -3 -2 -1  0  1 -3 -4 -2 -2 -4 -3  2  3 -5 -3 -3   28   0   9   7   0   0   1   5   5   0   0   1   1   0   0  21  24   0   0   0  0.58 0.25
  152 P    2 -2  0  0 -4  0  1 -2  0 -4 -4  0 -3 -4  5  0 -2 -5  0 -3   17   1   3   6   0   3  10   1   2   0   1   5   0   0  41   6   1   0   3   0  0.95 0.27
  153 D   -3 -3  2  6 -6  0  2 -3 -3 -5 -5 -1 -5 -5 -4 -1 -1 -6 -5 -3    1   0   8  61   0   2  16   1   0   0   0   3   0   0   0   2   3   0   0   2  1.35 0.37
  154 G   -3 -5 -2 -2 -6 -5 -5  6 -5 -4 -6 -4 -6 -6 -5 -2 -4 -6 -6 -6    0   0   2   2   0   0   0  94   0   1   0   0   0   0   0   1   0   0   0   0  2.24 0.52
  155 R   -2  6 -2 -4 -3  1 -2 -5  0 -4 -4  2 -2 -5 -4 -3 -2 -5  0 -2    2  69   1   0   1   6   0   0   2   1   1  11   1   0   0   0   2   0   3   3  1.48 0.43
  156 T   -1  0  0 -3 -2 -1 -1 -3  0  1 -1  1  0 -3  2 -1  3 -4 -2  1    3   4   4   0   1   0   4   1   2  13   2  10   3   0  12   2  26   0   1  12  0.32 0.17
  157 Y   -4 -4 -4 -5  0 -4 -4 -5 -1 -3 -3 -4 -3  3 -5 -4 -4  0  8 -4    1   0   0   0   2   0   0   0   0   0   1   0   0  11   0   0   0   0  81   0  2.27 0.50
  158 Y   -4 -4 -5 -6 -5 -4 -5 -5 -1 -4 -3 -5 -3  3 -5 -4 -4  6  7 -4    0   0   0   0   0   0   0   0   0   0   0   0   0  14   0   0   0  16  66   0  2.28 0.52
  159 Y   -4 -4 -2 -5 -4 -3 -4 -5  3 -3 -3 -4 -3  3 -5 -1 -3  2  7 -1    0   0   1   0   0   0   0   0   6   0   0   0   0  10   0   5   0   2  68   4  1.80 0.45
  160 N   -4 -1  7  1 -5 -2 -2 -3  3 -5 -5 -1 -4 -5 -4 -2 -2 -5 -4 -5    0   2  78   6   0   0   0   0   9   0   0   2   0   0   0   0   0   0   0   0  1.87 0.49
  161 T    1  0  0 -1  1  0 -1 -1 -1 -2 -2  2 -1 -3  1  2  2 -4 -3 -2   13   4   5   2   4   3   1   2   1   1   2  15   1   0   8  21  14   0   0   2  0.31 0.14
  162 E    0  2 -1  0 -3  1  2 -1 -1  1 -1  2 -1 -2 -2 -1 -1 -4 -3  1    7  12   2   3   0   6  18   4   1  10   5  13   1   1   0   2   3   0   0  12  0.19 0.10
  163 T   -2 -2 -1 -2 -4 -3 -1 -3 -4 -3 -3 -3 -3 -4 -4  0  6 -5 -4 -3    1   1   2   2   0   0   3   1   0   0   1   0   0   0   0   3  85   0   0   0  1.64 0.50
  164 K   -2  3  0 -2 -5  1 -1  2 -2 -4 -3  5 -2 -5 -3 -1 -2 -5 -4 -4    2  14   4   1   0   5   1  18   0   0   2  50   1   0   0   2   0   0   0   0  0.88 0.30
  165 Q    0  0 -1 -2 -2  5  3 -2 -2 -2 -3  0 -2 -4 -3 -2 -2 -4 -4  1    6   4   1   0   1  35  25   2   0   1   1   5   0   0   0   0   1   0   0  16  0.70 0.29
  166 S    0 -2 -2 -3 -3 -3 -3 -3 -3 -4 -2 -3 -3 -4 -3  5  3 -5 -4 -2    6   1   0   0   0   0   0   0   0   0   4   0   0   0   0  69  18   0   0   1  1.22 0.43
  167 T   -1 -1 -2 -3 -2  2 -2 -3 -3 -1 -2 -1 -1 -3 -3  2  4 -5 -3  2    2   3   1   0   1  13   0   0   0   0   2   2   1   0   0  20  32   0   0  22  0.58 0.27
  168 W   -6 -6 -6 -7 -6 -5 -2 -6 -5 -5 -1 -6 -4 -1 -7 -6 -6 11  2 -5    0   0   0   0   0   0   4   0   0   0   6   0   0   2   0   0   0  81   7   0  3.60 0.72
  169 E   -1 -2 -1  1 -5  1  5 -3 -1 -3 -4 -1 -3 -2 -3  0  1 -5 -2 -3    3   1   2   7   0   3  57   1   1   1   1   1   0   2   0   8  12   0   1   1  0.92 0.32
  170 K   -3  2 -2 -2 -2 -1 -2 -3 -3 -3 -4  6 -4 -6 -2 -3 -3 -6 -5 -5    0  10   1   1   1   0   0   1   0   1   1  83   0   0   1   0   0   0   0   0  1.73 0.50
  171 P   -3  0 -5 -5 -6 -4 -4 -5 -5 -6 -6 -4 -5 -7  8 -4 -4 -7 -6 -5    0   6   0   0   0   0   0   0   0   0   0   0   0   0  94   0   0   0   0   0  3.11 0.65
  172 D    0 -2  0  4 -4  1  3  0 -2 -3 -2 -1 -3 -2 -1  0  0 -5 -3 -2    8   1   3  30   0   5  20   7   0   0   5   2   0   1   3   7   5   0   0   4  0.46 0.19
  173 D    0 -3 -1  3  3  0  5  0 -2 -1 -4 -2 -3 -2 -3 -1 -2 -5 -4 -1    6   0   1  15   7   2  46   7   0   4   0   0   0   2   0   3   1   0   0   4  0.70 0.28
  174 L    0  1 -1  1 -2 -1  1 -2 -2  1  0 -1  2  1 -2  0  1 -3 -1  1    9   9   0   9   0   0   9   1   0   9   9   0   9   9   0   9   9   0   0   9  0.09 0.09
  175 K   -1  0 -1 -1 -4  0  0 -2 -3 -1 -1  2  2 -1  2 -1  2  2  0 -1    3   3   3   4   0   4   7   3   0   3   5  14   8   3  13   3  14   3   3   4  0.22 0.19
  176 T   -1  0  0  1 -3  0  0  0 -2 -1 -2  0  0 -3  0  2  3 -4 -3 -1    4   4   4   7   0   3   7   8   0   3   4   4   3   0   4  17  23   0   0   4  0.26 0.24
  177 P    0 -1  0  0 -4  0  0 -1  1 -1 -2  0  0 -1  4  0 -1 -4 -3  0    8   3   4   6   0   3   6   5   3   3   3   4   3   3  29   5   4   0   0   7  0.44 0.27
  178 A    1 -1 -2  0  0  0  1 -1 -2 -1  0 -1  0  0  2  1  0 -3 -2  0   16   3   0   6   2   5   9   3   0   3  11   3   2   6   9   8   7   0   0   6  0.12 0.13
  179 E   -1 -1  0  1  0  2  5 -2 -2 -2 -4  0 -3 -5  0 -1 -1 -5 -4 -1    4   2   4   6   2   9  43   3   0   2   1   5   0   0   5   5   2   0   0   5  0.67 0.42
  180 Q    0  1  1  0 -3  1  0 -2 -2  0  0  0  1  0  1  0  0 -3 -2  0    7   7   7   7   0   7   7   0   0   7   7   7   6   6   7   7   7   0   0   7  0.10 0.09
  181 L    0  0  1  0 -3  1  0  0 -2  0  0  0  1  0  1  0  0 -3 -2  0    6   6   6   6   0   6   6   6   0   6   6   6   6   6   6   6   6   0   0   6  0.07 0.07
  182 L    0  0 -2  0 -3  0 -1 -2 -1  0  3 -1  1  1 -1  0  0 -3 -1  0    7   5   0   5   0   4   5   3   2   5  34   2   3   6   2   5   6   0   2   4  0.17 0.18
  183 S    1  0  1  0  0  0  1 -2  1 -3 -2  0  0 -2  0  2  0 -4 -3 -1   16   5   7   5   2   3  10   2   3   0   3   7   2   2   4  20   5   0   0   4  0.22 0.21
  184 K    0  0  1  0 -4  1  1  0  1 -2 -2  2  0 -4  1  1  0 -4 -3 -1    8   4   7   5   0   8   9   7   3   2   2  16   4   0   5  11   4   0   0   4  0.23 0.20
  185 C    0 -2  0 -1  5  0 -1 -1 -1 -1 -1 -2 -3 -1 -1  1  3 -4 -3 -1    8   2   4   2  20   4   3   4   2   3   5   2   0   3   2  12  21   0   0   2  0.44 0.34
  186 P    1 -1  0  1 -4 -1  1  0  0 -2 -2  0 -3 -4  4 -1 -1 -4 -3  0   10   2   3   8   0   2  10   8   3   2   3   6   0   0  29   2   3   0   0   8  0.52 0.25
  187 W   -6 -6 -6 -6 -6 -5 -6 -6 -5 -6 -5 -6 -5 -4 -6 -6 -6 11 -2 -6    1   0   0   0   0   0   0   0   0   0   1   0   0   0   0   0   0  93   0   0  4.72 1.31
  188 K   -1  2 -1 -3 -4  0  1 -3 -1  0 -3  5 -1 -4 -3 -2  0 -5 -4  0    5   9   2   0   0   4   8   1   1   5   1  47   1   0   0   2   5   0   0   8  0.74 0.40
  189 E   -2 -1 -3 -2 -5  1  6 -3 -3 -4 -2 -1 -4 -5 -2 -1 -1 -5 -5 -2    2   2   0   0   0   6  69   1   0   0   5   2   0   0   1   3   3   0   0   3  1.38 0.61
  190 Y    0 -1 -2 -4  0 -2 -4  0  2 -2 -2 -4 -1  3 -4 -2 -3  1  6 -1    7   3   2   0   2   1   0   8   5   1   3   0   1  14   0   3   0   2  42   5  0.96 0.43
  191 K   -1  1 -1  1 -1  0  0 -3 -1 -1 -1  3  0  0 -2  0  2 -4 -1  0    4   7   2   9   1   2   4   0   2   2   6  21   2   4   1   4  18   0   1   9  0.22 0.19
  192 S    1 -3 -1  0  0 -1 -1 -3 -3 -2 -3  0 -3 -2 -1  3  4 -5 -4 -3   14   0   2   5   2   2   3   1   0   2   1   5   0   2   2  26  32   0   0   0  0.63 0.38
  193 D    1 -2  1  3 -4  0  2 -1 -2 -4 -3  1 -3 -4  3 -1 -1  0 -3 -3   11   1   8  17   0   3  16   3   0   1   2  11   0   0  18   4   3   2   0   1  0.52 0.26
  194 S   -2 -1  1  5 -4 -1  3  0 -2 -4 -4 -1 -4 -4 -3  1  0 -5 -4 -3    1   2   7  36   0   1  20   9   1   0   1   2   0   0   0   9   7   0   0   2  0.76 0.36
  195 G   -2 -4 -1 -2 -5 -2 -1  6 -4 -5 -4 -3 -5 -5 -5 -2 -2 -5 -5 -5    2   0   2   2   0   1   3  80   0   0   2   1   0   0   0   2   2   0   0   0  1.77 0.64
  196 K   -3  5 -2 -3 -5  0 -2 -4  1 -4 -3  4 -4 -2 -4 -2 -1 -4  1 -3    1  40   1   0   0   3   2   0   3   0   2  34   0   1   0   1   3   0   4   2  1.15 0.51
  197 P   -1  0 -2 -3 -3 -2 -1 -3 -1  0  0  3 -1 -3  2  0  2 -4 -2  1    4   4   1   0   0   0   2   0   1   5   8  24   1   0  13   6  16   0   1  11  0.38 0.25
  198 Y   -6 -6 -6 -8 -7 -6 -7 -8 -2 -5 -5 -6 -5  3 -7 -6 -6 -2  9 -2    0   0   0   0   0   0   0   0   0   0   0   0   0   9   0   0   0   0  88   2  3.20 1.03
  199 Y   -6 -6 -6 -8 -7 -6 -7 -7 -2 -5 -5 -6 -5  2 -7 -6 -6  6  8 -6    0   0   0   0   0   0   0   0   0   0   0   0   0   7   0   0   0  14  78   0  3.08 0.94
  200 Y   -3 -5 -2 -6 -6 -4 -3 -6  5 -4 -4 -2 -4  2 -6 -2 -3 -2  7  0    1   0   1   0   0   0   1   0  14   0   0   2   0   7   0   3   1   0  62   6  1.96 0.69
  201 N   -5 -4  7  0 -6 -2 -4 -4  3 -7 -4 -4 -6 -6 -6 -2 -4 -7 -5 -6    0   0  83   4   0   2   0   0   8   0   1   0   0   0   0   2   0   0   0   0  2.43 0.83
  202 S    0  1 -1 -2 -4 -1  0 -3 -2 -1 -2  3 -2 -4 -1  2  3 -5 -4  0    6   9   2   1   0   2   4   1   1   4   2  20   0   0   2  19  22   0   0   7  0.43 0.28
  203 Q    0 -1 -1  2 -4  1  3 -2  0  0 -1  1 -1 -3 -3  0 -1 -4 -2  1    7   2   2  11   0   7  22   1   2   6   4  11   1   0   0   4   3   0   1  15  0.29 0.20
  204 T   -2 -4  0 -3 -5 -4 -4 -2 -5 -4 -3 -3 -4 -5 -5  1  7 -7 -5 -4    1   0   3   1   0   0   0   3   0   0   2   1   0   0   0   9  79   0   0   0  1.83 0.73
  205 K   -3  2  0 -3 -6  1 -1  2 -1 -5 -5  5 -1 -5 -4 -2 -3 -5 -2 -5    0   8   5   0   0   5   1  21   1   0   0  53   1   0   0   2   0   0   2   0  1.13 0.47
  206 E   -2 -2 -3 -2 -5  3  5 -3 -3 -1 -1  1 -3 -5 -4 -2 -1 -5 -5  0    2   1   0   0   0  17  49   1   0   4   5   9   0   0   0   1   2   0   0   9  0.96 0.44
  207 S   -1 -4 -3 -4 -4 -3 -2 -4 -4 -2 -5 -4 -4 -5 -4  6  3 -6 -5 -4    2   0   0   0   0   0   1   0   0   3   0   0   0   0   0  71  23   0   0   0  1.65 0.68
  208 R   -2  2 -2 -3  1  2 -2 -4 -3 -2 -2  2 -2 -4 -4  1  3 -5 -4  2    1  14   0   0   3  13   1   0   0   1   2  15   0   0   0  13  21   0   0  18  0.53 0.32
  209 W   -7 -7  0 -8 -7 -6 -8 -7 -6 -7 -6 -7 -6 -4 -8 -7 -7 11 -2 -7    0   0   4   0   0   0   0   0   0   0   0   0   0   0   0   0   0  96   0   0  4.85 1.15
  210 A   -1 -2  0  2 -5  1  4 -4 -3 -1 -3 -1 -3 -5 -4  0  4 -6 -4 -2    3   1   4  11   0   5  34   0   0   4   1   2   0   0   0   4  29   0   0   3  0.75 0.36
  211 K   -2  1 -2 -3 -1  0  0 -4 -2  3  1  2  3 -2 -2 -2  0 -4 -3  1    1   9   1   0   1   4   5   0   1  19  10  20  12   1   1   1   5   0   0   9  0.36 0.22
  212 P   -4 -6 -6 -6 -7 -5 -5 -6 -6 -7 -7 -5 -6 -8  8 -5 -5 -8 -7 -6    0   0   0   0   0   0   0   0   0   0   0   0   0   0 100   0   0   0   0   0  3.60 0.94
  213 K    0  0 -1  2 -4  1  4 -2 -1 -3 -3  2 -3 -4  2 -1 -2 -5 -4 -3    9   3   1  12   0   6  30   3   1   1   1  17   0   0  10   2   1   0   0   1  0.59 0.25
  214 E   -1 -3  0  3 -2  0  5 -1 -2 -4 -4 -2 -4 -5 -3 -2 -3 -5 -4 -2    6   0   3  15   1   3  60   4   0   0   1   0   0   0   0   2   0   0   0   4  1.14 0.40
  215 L   -2 -4 -4 -3 -1 -3 -3 -3 -3  2  3 -4  2  2 -4 -3 -2 -3  0  2    1   0   0   2   1   0   1   2   0   9  46   0   4  11   0   0   0   0   3  18  0.62 0.24
  216 E   -1  0  0  1 -4  2  3 -3 -2 -1 -3  3 -2 -4 -2 -1  0 -4 -3 -1    4   3   2   8   0  13  30   1   0   4   1  21   0   0   0   2   5   0   0   5  0.52 0.20
  217 D   -1 -1  1  3 -4  1  4 -2  1 -4 -3  1 -3 -4  0 -1 -1 -4 -3 -3    5   2   5  25   0   6  31   2   4   0   2   7   0   0   5   2   3   0   0   1  0.61 0.19
  218 L    0 -2 -3 -4 -2 -3 -3 -4  0  3  3 -3  1  0 -3 -2 -1  1 -2  1   10   2   0   0   0   0   0   1   2  22  47   0   2   2   0   0   2   2   0   6  0.50 0.18
  219 E   -1  1 -1  0 -4  1  3 -3 -2 -3 -2  3 -1 -4 -2  1  1 -4 -3 -2    1   7   0   4   0   3  33   0   0   0   2  27   2   0   0  10   8   0   0   2  0.58 0.18
  220 G    2 -1 -1  0 -2  0  0  3 -2 -1 -2  0 -1 -3 -2  1  0 -3 -3 -1   24   2   2   6   0   2   4  26   0   6   2   7   2   0   0   9   4   0   0   2  0.27 0.08
  221 Y    1  1  0 -1 -2  0  1 -2  0 -2 -1  0 -1  1 -2  0  0 -1  3 -1   12  12   3   1   0   1  14   1   0   1   6   6   0   6   1   6   5   0  19   4  0.19 0.06
  222 Q   -1  1  0 -1 -3  3  2 -2  1  0  0  1 -1 -1 -2 -1  0 -3 -2  1    3   6   3   1   0  23  14   1   5   6   7   9   0   2   1   1   4   0   0  14  0.23 0.07
  223 N    0 -1  4  3 -3  0  1 -2 -1 -3 -1  1 -2 -3 -2  1 -1 -4 -3 -2    7   0  28  17   0   2  10   1   0   0  10  11   0   0   0  11   0   0   0   0  0.41 0.10
  224 T    0  0  0  0 -2  1  1 -2 -2 -1  0  1  0 -2 -2  0  3 -3 -1  1   10   2   3   5   0   6   8   0   0   0   8   8   1   0   0   4  28   0   2  13  0.20 0.07
  225 I    0 -2 -2  0 -2  0  0 -1 -2  3  1 -2  1 -1  0 -1 -1 -3 -2  1    6   0   0   5   0   6   6   5   0  42  12   0   3   0   4   3   0   0   0   6  0.21 0.08
  226 V    2 -2 -2  1 -2  1  0 -2 -2  1 -1 -1 -1 -1 -2  0 -1 -3 -1  2   23   0   0  11   0   8   4   0   0   5   3   4   0   3   0   2   0   0   3  32  0.19 0.09
  227 A    3  1 -1 -2  1  0 -1 -1 -2 -1 -2 -1 -2 -3  1  2  0 -3 -3 -1   45   8   0   0   4   5   0   0   0   3   0   0   0   0   7  21   0   0   0   3  0.42 0.10
  228 G   -1 -2  2  1 -3  0  1  3 -1  0 -2 -1 -2 -2 -2 -1 -1 -3 -2 -1    4   1  12   8   0   3  12  36   0  14   2   1   0   1   1   1   1   0   1   1  0.32 0.06
  229 G    0 -1  1 -1 -3  2  1  3 -1 -3 -2  1 -2 -1 -2  1 -1 -2 -2 -2    1   1   6   1   0  13  10  37   0   1   2   8   0   5   1  11   1   0   1   1  0.38 0.05
  230 L   -1 -1  0 -2 -2  1 -1 -2 -2  1  3 -1  1  1 -2 -1 -1 -2 -1  1    2   1   7   1   0  10   1   2   0   7  49   1   0   5   1   2   1   0   1   7  0.23 0.05
  231 I    0 -2  0 -1 -2 -2 -2 -2 -2  1  2 -2  1 -1  0 -1  0 -2 -2  2    9   1   7   5   0   1   1   1   0   9  32   1   0   1   5   1   4   0   1  21  0.15 0.03
  232 T   -1  0  2  1 -3  0 -1 -2  2 -2 -2  2 -2  1  1  1  3 -3 -1 -2    1   0  10   9   0   0   0   1   7   0   1  20   0   8   6   6  29   0   0   0  0.30 0.06
  233 K    0  0  1  0 -3  1  2  0 -1 -3 -3  3 -2 -2 -2  1  0 -3  0 -2    7   0   6   0   0   6  22   7   0   0   1  29   0   0   0   9   4   0   6   0  0.35 0.06
  234 S    0  1  1 -1 -2  0 -1 -2  1 -1 -2  1 -1  0 -2  3  1 -3 -1 -1    1   9   9   0   0   0   0   1   5   7   1  10   0   6   0  38  11   0   0   0  0.29 0.06
  235 N    0  0  4  0 -3  0  1  0 -1 -3 -3  2 -2 -3 -2  1  1 -3 -3 -2    5   0  36   0   0   0   9   8   0   0   1  18   0   0   0  14   6   0   0   1  0.46 0.07
  236 L   -1 -1 -2 -2 -2 -1  1 -3 -2  1  2  0  1  1 -2 -1  0 -2 -1  1    1   1   1   1   0   1  11   1   0   5  33   7   0   8   1   1   8   0   1  18  0.14 0.03
  237 H   -1  1  1 -1 -3  2  1 -2  4 -1 -1  1 -1 -1 -2  0 -1 -2  1  0    1   6  11   0   0  12   9   1  19   0   8   7   0   0   0   8   0   0   7  10  0.23 0.05
  238 A    2 -1 -1  2 -2 -1 -1 -1 -2 -2 -1  1 -1 -3 -2  2  1 -4 -3 -1   34   0   0  14   0   0   0   0   0   0   7  11   0   0   0  24   6   0   0   3  0.32 0.06
  239 M   -1  1 -2 -3 -3  1 -2  1 -2  1  2 -1  3 -1 -3 -1  0 -3 -2  0    0   8   0   0   0  11   0  17   0  14  24   0  18   0   0   0   8   0   0   0  0.22 0.06
  240 I   -1 -3 -3 -4 -2 -3 -3 -4 -3  5  0 -3  0 -1 -3  1  1 -3 -2  2    0   0   0   0   0   0   0   0   0  70   0   0   0   0   0  13   9   0   0   8  0.55 0.11
  241 K   -1  0  1  1 -4  0  1 -2 -1 -3 -1  4 -2 -2 -2  0 -1  5 -2 -3    0   0   6  10   0   0   8   0   0   0   9  46   0   0   0  10   0  11   0   0  0.47 0.07
  242 A    2 -2 -2 -2 -2 -1  1 -2 -2  1  0 -1  0 -2 -2  1  1 -3 -2  0   38   0   0   0   0   0  13   0   0  16  11   0   0   0   0  11  10   0   0   0  0.24 0.05
  243 E    1 -1 -1  2 -4  1  5 -2 -1 -2 -3  0 -2 -4 -2 -1 -1 -4 -3  0   13   0   0  13   0   0  66   0   0   0   0   0   0   0   0   0   0   0   0   9  0.75 0.08
  244 E   -1  0 -1  0 -4  2  4  1 -1 -4 -3  1 -2 -4 -2  1 -1 -4 -3 -3    0   0   0   0   0  14  45  15   0   0   0  10   0   0   0  15   0   0   0   0  0.60 0.05
  245 S    0 -2  1 -1 -2 -1 -1 -2 -2  2 -1 -1 -1 -2 -2  3  2 -4 -2  0    0   0   5   0   0   0   0   0   0  26   0   0   0   0   0  47  22   0   0   0  0.39 0.05
  246 S    2 -1  3 -1 -2 -1 -1  1 -1 -3 -3 -1 -2 -3 -2  3  0 -4 -3 -2   25   0  25   0   0   0   0   6   0   0   0   0   0   0   0  44   0   0   0   0  0.54 0.05
  247 K    1  1 -1 -2 -2  0  0 -2 -1 -2 -1  4  2 -2 -1  0  1 -3 -2 -1   20   0   0   0   0   0   0   0   0   0   1  50  14   0   0   0  10   0   0   0  0.38 0.05
  248 Q   -1  0 -1 -2 -3  3  0 -2 -1 -1 -2  2 -1  1  4  0 -1 -3 -1  0    0   0   0   0   0  24   0   0   0   0   1  16   0  11  29   6   0   0   0  10  0.58 0.04
  249 E    1 -1 -1  1 -4  1  5 -2 -1 -3 -3  0 -2 -3 -1  0 -1 -4 -3 -2   15   0   0   0   0   0  80   0   0   0   1   0   0   0   0   0   0   0   0   0  0.89 0.07
  250 E   -1  2 -1  0 -3  1  4  1 -1 -3 -3  0 -2 -3 -2  0  2 -3 -3 -2    0  14   0   0   0   0  48  15   0   0   1   0   0   0   0   0  18   0   0   0  0.51 0.04
  251 C   -1 -2 -3 -2  6 -1  1 -3 -3  0  1 -2  0 -2  1 -2 -1 -3 -2  1    1   0   0   0  37   0  13   1   0   0  18   0   0   0   7   0   0   0   0  21  0.37 0.03
  252 T    2 -1 -1 -2 -2  2 -1 -2 -1 -2 -2 -1 -1 -3  4  1  3 -4 -3 -1   24   0   0   0   0  15   0   0   0   0   0   0   0   0  22   0  40   0   0   0  0.60 0.03
  253 T    0  0  0  1 -2  0  0 -2 -1 -2 -3  2 -2 -3  1  2  3 -4 -3 -2    0   0   0  10   0   0   0   0   0   0   0  28   0   0   8  22  32   0   0   0  0.44 0.02
  254 A    1 -1  0 -1 -2  3  1 -1 -1 -1 -2  0 -1 -3 -1  2  2 -3 -2  0   16   0   0   0   0  22   8   0   0   0   0   0   0   0   0  28  18   0   0   8  0.37 0.02
  255 S    0 -2 -1 -2 -2 -1 -1 -2 -2  0 -1 -1 -1  2  2  2  3 -3 -1 -1    0   0   0   0   0   0   0   0   0   9   0   0   0  16   9  27  38   0   0   0  0.37 0.02
  256 T    1 -1 -1 -1 -2 -1 -1 -1 -2 -1 -2  1 -1 -2 -1  2  3 -3 -2  0   16   0   0   0   0   0   0   0   0   0   0  16   0   0   0  23  35   0   0   9  0.37 0.02
  257 A    3 -2 -1 -2 -1 -1 -1 -1 -2 -1 -2 -1 -1 -3  3  2  0 -4 -2  0   52   0   0   0   0   0   0   0   0   0   0   0   0   0  15  23   0   0   0   9  0.52 0.02
  258 P    0 -2 -2 -1 -3 -1  1 -2 -2 -3 -3 -1 -2 -3  6  0  2 -4 -3 -2    9   0   0   0   0   0  16   0   0   0   0   0   0   0  51   0  23   0   0   0  1.17 0.03
  259 V    0 -2 -3 -3 -1 -2 -2 -3 -3  2  2 -2  1 -1 -2 -1 -1 -2 -2  3   10   0   0   0   0   0   1   1   0   0  39   1   0   0   0   1   1   0   0  44  0.31 0.02
  260 P   -1 -1 -2 -2 -4 -1 -1  1 -2 -4 -3  2 -3 -4  6 -1 -2 -4 -4 -3    0   0   0   0   0   0   0  12   0   0   0  20   0   0  69   0   0   0   0   0  1.65 0.03
  261 T    1 -2  0  2 -2 -1  0 -2 -2 -2 -2 -1 -1 -3 -2  1  4 -4 -2 -1   12   0   0  20   0   0   0   0   0   0   0   0   0   0   0   0  68   0   0   0  0.57 0.03
  262 T    0 -2  0 -1 -2 -1 -1 -2 -2  0 -1 -1 -1 -2 -2  2  4 -3 -2  0    0   0   0   0   0   0   0   0   0  12   0   0   0   0   0  25  63   0   0   0  0.54 0.02
  263 E    0  2  0  3 -4  1  4 -2 -1 -3 -3  0 -2 -4 -2  0 -1 -4 -3 -3   12  20   0  25   0   0  43   0   0   0   0   0   0   0   0   0   0   0   0   0  0.64 0.02
  264 I   -1 -2 -2 -3 -1 -2 -2 -3 -3  3  0 -2  0 -1 -2  0  3 -3 -2  3    0   0   0   0   0   0   0   0   0  31   0   0   0   0   0   0  37   0   0  32  0.38 0.02
  265 P    0 -2  2 -1 -2 -1 -1 -2 -2 -3 -3 -1 -2 -3  5  2  2 -4 -3 -2    0   0  12   0   0   0   0   0   0   0   0   0   0   0  43  25  20   0   0   0  1.01 0.02
  266 T   -1 -1  2  0 -2  0  2 -2 -1  0 -2  0 -1 -3 -2  1  3 -4 -2 -1    0   0  20   0   0   0  25   0   0  12   0   0   0   0   0  12  31   0   0   0  0.37 0.01
  267 T   -1  0 -1 -2 -2 -1 -1 -3 -2  1 -1  2  0 -2 -2  0  3 -3 -2  1    0   0   0   0   0   0   0   0   0  20   0  25   0   0   0   0  43   0   0  12  0.31 0.02
  268 M   -1 -2 -3 -4  4  1 -2 -4 -2  1  3 -2  4 -1 -3 -2 -1 -2 -2  0    0   0   0   0  20  12   0   0   0   0  37   0  31   0   0   0   0   0   0   0  0.40 0.02
  269 S    3 -1 -1 -1 -2  0  2 -1 -1 -2 -2 -1 -2 -3 -1  2  2 -4 -2 -1   38   0   0   0   0   0  20   0   0   0   0   0   0   0   0  28  13   0   0   0  0.45 0.02
  270 T   -1 -2 -1  1  4 -2 -2 -3 -3 -1  1 -2  0 -2  2  0  2 -3 -2 -1    0   0   0  13  20   0   0   0   0   0  26   0   0   0  13   0  28   0   0   0  0.33 0.02
  271 M   -1 -1 -1 -2 -2  2 -1 -3 -2  0  0  1  3 -2 -2  0  2 -3 -2  1    0   0   0   0   0  13   0   0   0   0   0  13  28   0   0   0  26   0   0  20  0.25 0.02
  272 A    2 -1  2  3 -2  0  2 -1 -1 -3 -3  0 -2 -3 -1  2  0 -4 -3 -2   23   0  13  20   0   0  19   0   0   0   0   0   0   0   0  26   0   0   0   0  0.46 0.01
  273 A    2 -2  0  3 -2 -1  0 -1 -2 -1 -2 -1 -1 -3 -2  1  3 -4 -3  1   28   0   0  26   0   0   0   0   0   0   0   0   0   0   0   0  33   0   0  13  0.35 0.02
  274 A    2 -2 -1  2 -2 -1 -1 -1 -2 -2 -2 -1 -2 -1 -1  0 -1  7  0 -1   35   1   1  23   0   1   1   1   0   1   2   1   0   1   1   1   1  28   1   1  0.57 0.02
  275 E    1 -1  0  3 -2  1  3 -1 -1 -2 -2  0 -2 -3 -1  0 -1 -3 -2 -2   23   1   1  23   0   1  40   1   0   1   2   1   0   1   1   1   1   0   1   1  0.48 0.01
  276 A    3 -1 -1 -2 -2  3  0  2 -1 -3 -2  0 -1 -3 -1  0 -1 -3 -3 -1   50   0   0   0   0  28   0  22   0   0   0   0   0   0   0   0   0   0   0   0  0.47 0.02
  277 A    3 -2 -2 -3 -1 -1 -1 -1 -2  0 -1 -1 -1 -2  4  0  0 -3 -3  1   56   0   0   0   0   0   0   0   0   0   0   0   0   0  22   0   0   0   0  22  0.57 0.02
  278 A    2 -1 -1 -2 -2 -1 -1 -1  4  0 -1 -1 -1 -2 -2  0  2 -3 -1  1   39   0   0   0   0   0   0   0  22   0   0   0   0   0   0   0  17   0   0  22  0.29 0.02
  279 A    4 -2 -1 -2 -1 -1 -1  0 -2 -2 -2 -1 -2 -3 -1  3  0 -3 -2 -1   72   0   0   0   0   0   0   0   0   0   0   0   0   0   0  28   0   0   0   0  0.58 0.02
  280 V    1 -2  2 -1 -2 -1 -1 -2 -2  1 -1 -1 -1 -2 -2  0  2 -3 -2  2   22   0  22   0   0   0   0   0   0   0   0   0   0   0   0   0  17   0   0  39  0.25 0.01
  281 V    1 -2 -1  2 -2 -2 -1 -2 -2  0 -2 -2 -1 -3  4 -1 -1 -4 -3  1   22   0   0  22   0   0   0   0   0   0   0   0   0   0  28   0   0   0   0  28  0.55 0.01
  282 A    2 -1  0  2 -3 -1  0  3 -2 -3 -3  1 -2 -3 -2  0 -1 -4 -3 -2   33   0   0  22   0   0   0  28   0   0   0  17   0   0   0   0   0   0   0   0  0.43 0.01
  283 A    3 -1 -1 -1 -1  0  2 -1 -1 -2 -2 -1 -2 -3 -1  2  0 -3 -2 -1   56   0   0   0   0   0  17   0   0   0   0   0   0   0   0  28   0   0   0   0  0.49 0.02
  284 A    2 -2 -1 -2 -1 -1 -1 -1 -2  0 -1 -1 -1 -2 -1  2  2 -3 -2  1   33   0   0   0   0   0   0   0   0   0   0   0   0   0   0  28  22   0   0  17  0.37 0.01
  285 A    2 -1 -1 -1 -2  0  2 -1 -1 -2 -2 -1 -2 -3 -1  2  2 -4 -2 -1   33   0   0   0   0   0  17   0   0   0   0   0   0   0   0  28  22   0   0   0  0.44 0.01
  286 A    3 -2 -2 -2 -2 -1 -1 -1 -2 -2 -2 -1 -2 -3  4  1  2 -4 -3 -1   56   0   0   0   0   0   0   0   0   0   0   0   0   0  28   0  17   0   0   0  0.74 0.02
  287 A    3 -2  2 -1 -1 -1 -1 -1 -2  0 -1 -1 -1 -2 -2  0  0 -3 -2  2   50   0  22   0   0   0   0   0   0   0   0   0   0   0   0   0   0   0   0  28  0.31 0.02
  288 A    3 -1 -2 -1 -2  0  2 -1  0 -2 -2 -1 -2  0 -1  0 -1 -1  3 -1   50   0   0   0   0   0  28   0   0   0   0   0   0   0   0   0   0   0  22   0  0.39 0.02
  289 A    4 -1  3 -1 -1 -1 -1  0 -1 -2 -2 -1 -2 -3 -1  1  0 -4 -2 -1   72   0  28   0   0   0   0   0   0   0   0   0   0   0   0   0   0   0   0   0  0.52 0.03
  290 A    3 -2 -2 -2 -2 -1  1 -2 -2  1 -1 -1 -1 -2 -2  0  0 -3 -2  3   40   0   0   0   0   0  15   0   0   0   0   0   0   0   0   0   0   0   0  45  0.31 0.04
  291 A    3 -2 -1  2 -2 -1 -1 -1 -2 -3 -3 -1 -2 -3  4  0 -1 -4 -3 -1   55   0   0  21   0   0   0   0   0   0   0   0   0   0  23   0   0   0   0   0  0.69 0.04
  292 N   -2  0  5  1 -4  3  3 -2  0 -4 -4  0 -2 -4 -2  0 -1 -4 -3 -3    0   0  55   0   0  21  23   0   0   0   0   0   0   0   0   0   0   0   0   0  0.82 0.05
  293 A    3 -2 -2 -1 -2  0  2 -1 -2  0 -2 -1 -1 -3 -1  0  0 -3 -2  1   55   0   0   0   0   0  23   0   0   0   0   0   0   0   0   0   0   0   0  21  0.38 0.04
  294 N   -1  0  3  2 -3  4  1 -2  0 -4 -3  0 -2 -4 -2  1 -1 -3 -3 -3    0   0  27  15   0  45   0   0   0   0   0   0   0   0   0  13   0   0   0   0  0.68 0.05
  295 T    4 -1 -1 -2 -2  3  0 -1 -1 -2 -2  0 -1 -3 -1  1  1 -3 -2 -1   65   0   0   0   0  23   0   0   0   0   0   0   0   0   0   0  12   0   0   0  0.51 0.05
  296 S    0 -2 -1 -2  4 -2 -2 -2 -2  1 -1 -2 -1  2 -2  3  0 -3 -1  0    0   0   0   0  15   0   0   0   0  21   0   0   0  13   0  50   0   0   0   0  0.31 0.04
  297 T    2 -1 -1 -2 -2  3  0 -2 -1  0 -1  0 -1 -2 -2  2  2 -3 -2  0   21   0   0   0   0  23   0   0   0  13   0   0   0   0   0  15  27   0   0   0  0.33 0.03
  298 T    0 -2 -1  2  3 -1 -1 -2 -2  0 -2 -2 -1 -2 -2  1  2 -4 -3  1    0   0   0  21  13   0   0   0   0   0   0   0   0   0   0  15  27   0   0  23  0.31 0.03
  299 P    2  0 -1 -2 -2  0 -1 -2 -2 -2 -2  3 -2 -3  2  0  2 -4 -3 -1   28   0   0   0   0   0   0   0   0   0   0  37   0   0  12   0  23   0   0   0  0.46 0.04
  300 T    2 -1  0 -1 -1 -1 -1 -1 -2 -2 -2 -1 -1 -3 -1  3  4 -3 -2 -1   26   0   0   0   0   0   0   0   0   0   0   0   0   0   0  27  46   0   0   0  0.53 0.02
  301 N   -1 -1  4  0 -3  0 -1 -1  4 -3 -3 -1 -2 -3 -2  2  0 -4 -1 -3    0   0  47   0   0   0   0   0  26   0   0   0   0   0   0  27   0   0   0   0  0.68 0.03
  302 T   -1 -1 -1  0 -3  3  3 -2 -1  0 -2  0 -1 -3 -2  0  3 -3 -2 -1    0   0   0   0   0  26  27   0   0  10   0   0   0   0   0   0  37   0   0   0  0.46 0.02
  303 V   -1 -2 -2  1 -2 -2 -2 -3 -3  1  2 -2  1 -1 -2 -1  2 -3 -2  2    0   0   0  10   0   0   0   0   0   0  27   0   0   0   0   0  26   0   0  37  0.26 0.01
  304 G    2 -3 -2 -2  5 -2 -2  4 -3 -3 -3 -2 -2 -3 -2  0 -1 -3 -3 -2   25   0   0   0  25   0   0  49   0   0   0   0   0   0   0   0   0   0   0   0  0.68 0.02
  305 S   -1 -1  0  3 -3  0  3 -2 -1 -2 -3 -1 -2 -3 -2  1  3 -4 -3 -2    0   0   0  25   0   0  25   0   0   0   0   0   0   0   0   8  42   0   0   0  0.56 0.02
  306 V    0 -2 -2 -3 -1 -2 -2  0 -3  2  0 -2  0 -2 -2 -1  2 -3 -2  3    0   0   0   0   0   0   0   7   0   0   0   0   0   0   0   0  25   0   0  67  0.35 0.02
  307 P    2  0 -1 -2 -2 -1 -1 -2 -2 -3 -3  2 -2 -3  5  0  1 -4 -3 -2   25   0   0   0   0   0   0   0   0   0   0  25   0   0  39   0  10   0   0   0  0.88 0.02
  308 V    2  0 -2 -3 -2 -1 -1 -2 -2  1 -1  2  0 -2 -2 -1  0 -3 -2  3   25   0   0   0   0   0   0   0   0   0   0  25   0   0   0   0   0   0   0  49  0.25 0.02
  309 A    0 -2 -2 -3 -1 -2 -2 -3 -3  2  0 -2  0 -1 -2  0  2 -3 -2  3    8   0   0   0   0   0   0   0   0  10   0   0   0   0   0   0  25   0   0  57  0.36 0.02
  310 P   -1 -2 -1  3 -4  0  3 -3 -2 -4 -4 -1 -3 -4  6 -1 -1 -5 -4 -3    0   0   0  25   0   0  25   0   0   0   0   0   0   0  49   0   0   0   0   0  1.31 0.02
  311 E    1 -1  3  0 -3  0  3 -1 -1 -2 -2  0 -2 -3 -2  0 -1 -4 -3  0   25   0  25   0   0   0  39   0   0   0   0   0   0   0   0   0   0   0   0  10  0.42 0.02
  312 P   -1 -2 -3 -2 -4 -2 -2 -3 -3 -4 -3 -2 -3 -4  7 -1 -2 -5 -4 -3    0   0   0   0   0   0   0   0   0   0   0   0   0   0 100   0   0   0   0   0  2.70 0.05
  313 E    0 -1 -1  0 -3  1  4 -2 -1 -1 -2  0 -1 -3 -2  2  0 -4 -3  1    0   0   0   0   0   0  49   0   0   0   0   0   0   0   0  25   0   0   0  25  0.43 0.02
  314 V    2 -2 -2 -3 -1 -2 -2 -2 -3  1  0 -2  0 -2 -2  0  2 -3 -2  3   25   0   0   0   0   0   0   0   0   0   0   0   0   0   0   0  25   0   0  49  0.32 0.02
  315 T    0 -1  0 -1 -2 -1 -1 -2 -2 -1 -2 -1 -1 -2 -2  3  5 -4 -2 -1    0   0   0   0   0   0   0   0   0   0   0   0   0   0   0  25  75   0   0   0  0.70 0.03
  316 S    1 -1  0 -1 -2 -1 -1 -1  2  0 -2 -1 -1 -2 -2  4  1 -3 -1  1    0   0   0   0   0   0   0   0  10   0   0   0   0   0   0  64   0   0   0  25  0.39 0.02
  317 I   -1 -2 -2 -2 -2 -1  2 -4 -2  3  1 -2  3 -1 -3 -2 -1 -3 -2  1    0   0   0   0   0   0  25   0   0  49   0   0  25   0   0   0   0   0   0   0  0.32 0.02
  318 V    0 -2 -2 -3 -1 -2 -2 -3 -3  3  0 -2  0 -1 -2  1  0 -3 -2  3    0   0   0   0   0   0   0   0   0  25   0   0   0   0   0  25   0   0   0  49  0.33 0.02
  319 A    4 -2 -1 -2 -1 -1 -1 -1 -2 -2 -2 -1 -1 -3 -1  1  2 -3 -2  0   75   0   0   0   0   0   0   0   0   0   0   0   0   0   0   0  25   0   0   0  0.54 0.03
  320 T    0 -2 -1 -2 -1 -1 -1 -2 -2  1 -1 -1  0 -2 -2  2  3 -3 -2  2    0   0   0   0   0   0   0   0   0   0   0   0   0   0   0  25  39   0   0  35  0.38 0.02
  321 A    2 -3 -3 -3 -1 -2 -2 -2 -3  3  0 -2  0 -1 -2 -1  0 -3 -2  3   33   0   0   0   0   0   0   0   0  32   0   0   0   0   0   0   0   0   0  35  0.33 0.02
  322 V    3 -2 -2 -3 -1 -2 -2 -1 -2  1 -1 -2  0 -2 -1  0  0 -3 -2  2   61   0   0   0   0   0   0   0   0   0   0   0   0   0   0   0   0   0   0  39  0.39 0.02
  323 D   -1 -2  0  4 -3  0  3  0 -1 -3 -3 -1 -2 -3 -2  0  2 -4 -3 -2    0   0   0  42   0   0  25   7   0   0   0   0   0   0   0   0  25   0   0   0  0.63 0.02
  324 N   -1 -1  4  0 -2 -1 -1 -1 -1 -1  1 -1 -1 -2 -2  2  0 -3 -2 -2    0   0  49   0   0   0   0   0   0   0  25   0   0   0   0  25   0   0   0   0  0.44 0.02
  325 E   -1  0 -1  0 -3  1  4 -3 -1 -1 -2  2 -1 -3 -2 -1 -1 -4 -3  1    0   0   0   0   0   0  49   0   0   0   0  25   0   0   0   0   0   0   0  25  0.47 0.02
  326 N   -2 -1  4  3 -4 -1  0 -1 -1 -4 -4 -1 -3 -4  4  0 -1 -5 -3 -3    0   0  49  25   0   0   0   0   0   0   0   0   0   0  25   0   0   0   0   0  0.95 0.02
  327 T    0  1  0 -1 -2  0  0 -2 -1 -2 -2  2 -1 -3 -2  2  3 -4 -2 -1    0   7   0   0   0   0   0   0   0   0   0  25   0   0   0  25  42   0   0   0  0.48 0.02
  328 V   -1 -2 -3 -2 -2 -1  1 -4 -3  2  0 -2  2 -1 -3 -2  0 -3 -2  4    0   0   0   0   0   0  13   0   0   0   0   0  11   0   0   0   0   0   0  76  0.36 0.01
  329 T    0 -1  0  0 -2  0  2 -2 -1 -2 -2  0 -1 -3 -2  1  4 -4 -2 -1    0   0   0   0   0   0  27   0   0   0   0   0   0   0   0   0  73   0   0   0  0.61 0.01
  330 V   -1 -3 -4 -4 -1 -3 -3 -4 -4  4  1 -3  1 -1 -3 -2 -1 -3 -2  3    0   0   0   0   0   0   0   0   0  52   0   0   0   0   0   0   0   0   0  48  0.51 0.01
  331 S    1  0  0 -1 -2  0  0 -1 -1 -3 -3  2 -2 -3 -1  4  1 -4 -2 -2   11   0   0   0   0   0   0   0   0   0   0  27   0   0   0  62   0   0   0   0  0.52 0.01
  332 T    0 -1  0  0 -2  0  2 -2 -1 -2 -2  0 -1 -3 -2  1  4 -4 -2 -1    0   0   0   0   0   0  27   0   0   0   0   0   0   0   0   0  73   0   0   0  0.61 0.01
  333 E   -1 -1 -1  1 -5  2  5 -3  0 -4 -4  0 -2 -4 -2 -1 -1 -4 -3 -3    0   0   0   0   0   0 100   0   0   0   0   0   0   0   0   0   0   0   0   0  1.11 0.02
  334 E   -1 -1 -1  1 -5  2  5 -3  0 -4 -4  0 -2 -4 -2 -1 -1 -4 -3 -3    0   0   0   0   0   0 100   0   0   0   0   0   0   0   0   0   0   0   0   0  1.12 0.02
  335 Q   -1  3  0 -1 -4  5  1 -3  0 -3 -3  1 -1 -3 -2 -1 -1 -3 -2 -3    0  28   0   0   0  72   0   0   0   0   0   0   0   0   0   0   0   0   0   0  0.89 0.02
  336 A    4 -2 -2 -2 -1 -1 -1 -1 -2 -2 -2 -1 -2 -3  4  1  0 -4 -3 -1   72   0   0   0   0   0   0   0   0   0   0   0   0   0  28   0   0   0   0   0  0.82 0.01
  337 Q   -1  0  0  0 -4  5  3 -2  4 -3 -3  1 -1 -3 -2 -1 -1 -3 -1 -3    0   0   0   0   0  55  28   0  17   0   0   0   0   0   0   0   0   0   0   0  0.80 0.02
  338 L   -2 -3 -4 -4 -2 -2 -3 -4 -3  2  4 -3  2  0 -3 -3 -1 -2 -2  2    0   0   0   0   0   0   0   0   0   0  83   0   0   0   0   0   0   0   0  17  0.57 0.01
  339 A    1 -1  0 -1 -2  3  0 -2 -1 -2 -2  0 -1 -3 -2  1  4 -3 -2 -1   10   0   0   0   0  28   0   0   0   0   0   0   0   0   0   0  61   0   0   0  0.53 0.01
  340 N    0  0  3  1 -3  0  0 -1 -1 -3 -3  2 -2 -3 -2  3  0 -4 -2 -3    0   0  17   8   0   0   0   0   0   0   0  28   0   0   0  46   0   0   0   0  0.49 0.01
  341 T   -1  0 -1 -2 -2  0 -1 -2 -2  1 -1  2 -1 -2 -2  0  4 -3 -2  0    0   0   0   0   0   0   0   0   0  17   0  28   0   0   0   0  55   0   0   0  0.39 0.01
  342 T    0 -2 -1 -2  4 -1 -2 -2 -2 -2 -2 -1 -1 -3  4  0  4 -4 -3 -1    0   0   0   0  17   0   0   0   0   0   0   0   0   0  29   0  54   0   0   0  0.79 0.01
  343 A    4 -2 -2 -2 -1 -1 -1  0 -2 -2 -2 -1 -1 -3 -1  1  0 -3 -2  0  100   0   0   0   0   0   0   0   0   0   0   0   0   0   0   0   0   0   0   0  0.62 0.01
  344 I   -1 -3 -4 -4 -1 -3 -3 -4 -4  4  1 -3  1 -1 -3 -2 -1 -3 -2  4    0   0   0   0   0   0   0   0   0  47   0   0   0   0   0   0   0   0   0  53  0.50 0.00
  345 Q   -1  1  0 -1 -3  6  2 -2  1 -3 -3  1  0 -3 -2  0 -1 -3 -2 -2    0   0   0   0   0 100   0   0   0   0   0   0   0   0   0   0   0   0   0   0  1.03 0.01
  346 D   -2 -2  1  6 -4 -1  1 -2 -1 -4 -4 -1 -4 -4 -2 -1 -1 -5 -4 -4    0   0   0 100   0   0   0   0   0   0   0   0   0   0   0   0   0   0   0   0  1.33 0.01
  347 L   -1 -1 -1 -2 -3  4  0  1 -1 -1  2  0  1 -1 -2 -1 -1 -3 -2 -1    0   0   0   0   0  43   0  18   0   0  39   0   0   0   0   0   0   0   0   0  0.32 0.00
  348 S    1  2  0 -1 -2  0 -1 -1 -1 -3 -3  0 -2 -3 -1  4  1 -4 -2 -2    0  18   0   0   0   0   0   0   0   0   0   0   0   0   0  82   0   0   0   0  0.61 0.01
  349 G    0 -3 -3 -3 -2 -2 -3  1 -3  2  0 -2  2 -1 -3 -2 -1 -3 -2  3    0   0   0   0   0   0   0  16   0   0   0   0  13   0   0   0   0   0   0  71  0.33 0.00
  350 D   -1 -1  0  3 -5  1  5 -2  0 -4 -4  0 -3 -4 -2 -1 -1 -4 -3 -3    0   0   0  16   0   0  84   0   0   0   0   0   0   0   0   0   0   0   0   0  1.00 0.01
  351 I    1 -3 -3 -4 -1 -2 -3 -3 -3  3  1 -3  0 -1 -3 -1  0 -3 -2  4   11   0   0   0   0   0   0   0   0  16   0   0   0   0   0   0   0   0   0  73  0.42 0.00
  352 S    1 -1  0 -1 -2  0 -1 -1 -1 -3 -3 -1 -2 -3 -1  5  1 -4 -2 -2    0   0   0   0   0   0   0   0   0   0   0   0   0   0   0 100   0   0   0   0  0.74 0.01
  353 S    1  1  2 -1 -2  0 -1 -1 -1 -3 -3  0 -2 -3 -1  4  1 -4 -2 -2    0  12  11   0   0   0   0   0   0   0   0   0   0   0   0  77   0   0   0   0  0.59 0.01
  354 N   -2 -1  6  1 -3  0 -1 -1  0 -4 -4  0 -3 -4 -3  0  0 -4 -3 -3    0   0 100   0   0   0   0   0   0   0   0   0   0   0   0   0   0   0   0   0  1.08 0.01
  355 T    1 -1  0 -1 -1 -1 -1 -1 -1 -1 -1 -1 -1 -2 -1  1  4 -2 -2  0   20   1   1   1   0   1   1   2   1   1   2   1   1   1   1   2  60   0   1   1  0.39 0.00
  356 G    2 -2 -1 -2 -3 -2 -2  5 -2 -4 -4 -2 -3 -3 -2  0 -1 -4 -4 -3   23   0   0   0   0   0   0  77   0   0   0   0   0   0   0   0   0   0   0   0  0.98 0.00
  357 E   -1 -1 -1  1 -5  2  5 -3  0 -4 -4  0 -2 -4 -2 -1 -1 -4 -3 -3    0   0   0   0   0   0 100   0   0   0   0   0   0   0   0   0   0   0   0   0  1.09 0.01
  358 E   -1 -1 -1  1 -5  2  5 -3  0 -4 -4  0 -2 -4 -2 -1 -1 -4 -3 -3    0   0   0   0   0   0 100   0   0   0   0   0   0   0   0   0   0   0   0   0  1.09 0.01
  359 P    1 -2 -1 -2 -2 -1 -1 -2 -2 -1 -2 -1 -1 -2  3  1  4 -4 -2 -1   13   0   0   0   0   0   0   0   0   0   0   0   0   0  16   0  71   0   0   0  0.65 0.01
  360 A    2 -1  0 -1 -1 -1 -1 -1 -1 -2 -2 -1 -2 -3 -1  4  1 -3 -2 -1   29   0   0   0   0   0   0   0   0   0   0   0   0   0   0  71   0   0   0   0  0.60 0.01
  361 K   -1  2  0 -1 -4  1  0 -2 -1 -3 -3  5 -2 -3 -1 -1 -1 -4 -2 -3    0   0   0   0   0   0   0   0   0   0   0 100   0   0   0   0   0   0   0   0  0.85 0.01
  362 Q   -1  1  0 -1 -3  6  2 -2  1 -3 -3  1  0 -3 -2  0 -1 -3 -2 -2    0   0   0   0   0 100   0   0   0   0   0   0   0   0   0   0   0   0   0   0  1.03 0.01
  363 E    1 -1 -1  1 -4  1  5 -2 -1 -3 -3  0 -2 -4 -1  0 -1 -4 -3 -2   18   0   0   0   0   0  82   0   0   0   0   0   0   0   0   0   0   0   0   0  0.83 0.01
  364 T    0 -1  0 -1 -1 -1 -1 -2 -2 -1 -2 -1 -1 -2 -2  1  5 -3 -2  0    0   0   0   0   0   0   0   0   0   0   0   0   0   0   0   0 100   0   0   0  0.76 0.01
  365 V    0 -3 -3 -4 -1 -2 -3 -4 -3  2  1 -3  1 -1 -3 -2  0 -3 -2  4    0   0   0   0   0   0   0   0   0   0   0   0   0   0   0   0   0   0   0 100  0.54 0.01
  366 S    4 -1 -1 -2 -1 -1 -1  0 -2 -2 -2 -1 -1 -3 -1  3  0 -3 -2 -1   71   0   0   0   0   0   0   0   0   0   0   0   0   0   0  29   0   0   0   0  0.55 0.00
  367 D   -2 -2  1  6 -4  0  3 -2 -1 -4 -4 -1 -3 -4 -2 -1 -1 -5 -4 -4    0   0   0  79   0   0  21   0   0   0   0   0   0   0   0   0   0   0   0   0  1.13 0.01
  368 F   -3 -3 -4 -4 -3 -3 -4 -4 -2 -1  0 -3  0  6 -4 -3 -2  0  3 -1    0   0   0   0   0   0   0   0   0   0   0   0   0 100   0   0   0   0   0   0  0.97 0.01
  369 T    0 -1  0 -1 -1 -1 -1 -2 -2 -1 -2 -1 -1 -2 -1  3  4 -3 -2 -1    0   0   0   0   0   0   0   0   0   0   0   0   0   0   0  24  76   0   0   0  0.65 0.00
  370 P   -1 -2 -3 -3 -3 -2 -2 -3 -3  1 -1 -2 -1 -3  7 -1 -1 -4 -3  0    0   0   0   0   0   0   0   0   0  24   0   0   0   0  76   0   0   0   0   0  1.76 0.00
  371 K    0  2  0 -1 -3  1  0 -2 -1 -3 -3  4 -2 -3 -1  2  0 -4 -2 -3    0   0   0   0   0   0   0   0   0   0   0  76   0   0   0  24   0   0   0   0  0.64 0.00
  372 K   -1  2  0 -1 -4  1  0 -2 -1 -3 -3  5 -2 -3 -1 -1 -1 -4 -2 -3    0   0   0   0   0   0   0   0   0   0   0 100   0   0   0   0   0   0   0   0  0.84 0.01
  373 E   -1 -1 -1  1 -5  2  5 -3  0 -4 -4  0 -2 -4 -2  0 -1 -4 -3 -3    0   0   0   0   0   0 100   0   0   0   0   0   0   0   0   0   0   0   0   0  1.09 0.01
  374 E    1 -1 -1  1 -3  1  5 -2 -1 -3 -3  0 -2 -4 -1  0 -1 -4 -3 -2   20   0   0   0   0   0  80   0   0   0   0   0   0   0   0   0   0   0   0   0  0.80 0.00
  375 E   -1 -1 -1  1 -5  2  5 -3  0 -4 -4  0 -2 -4 -2  0 -1 -4 -3 -3    0   0   0   0   0   0 100   0   0   0   0   0   0   0   0   0   0   0   0   0  1.09 0.01
  376 E   -1  0  0  1 -4  3  5 -2  0 -4 -3  1 -2 -4 -2  0 -1 -4 -3 -3    0   0   0   0   0  20  80   0   0   0   0   0   0   0   0   0   0   0   0   0  0.96 0.00
  377 S    1 -1  0 -1 -2  0  0 -1 -1 -3 -3 -1 -2 -3 -1  4  1 -4 -2 -2    0   0   0   0   0   0   0   0   0   0   0   0   0   0   0 100   0   0   0   0  0.74 0.00
  378 Q   -1  1  0 -1 -3  6  2 -2  1 -3 -2  1  0 -3 -2  0 -1 -2 -2 -2    0   0   0   0   0 100   0   0   0   0   0   0   0   0   0   0   0   0   0   0  1.02 0.01
  379 P   -1 -2 -3 -2 -4 -2 -2 -3 -2 -3 -3 -1 -3 -4  7 -1 -2 -5 -4 -3    0   0   0   0   0   0   0   0   0   0   0   0   0   0 100   0   0   0   0   0  2.65 0.01
  380 A    4 -2 -2 -2 -1 -1 -1  0 -2 -2 -2 -1 -1 -3 -1  1  0 -3 -2  0  100   0   0   0   0   0   0   0   0   0   0   0   0   0   0   0   0   0   0   0  0.62 0.00
  381 K   -1  2  0 -1 -4  1  0 -2 -1 -3 -3  5 -2 -3 -1 -1 -1 -4 -2 -3    0   0   0   0   0   0   0   0   0   0   0 100   0   0   0   0   0   0   0   0  0.84 0.01
  382 K   -1  2  0 -1 -4  3  1 -2  0 -3 -3  4 -1 -3 -1 -1 -1 -3 -2 -3    0   0   0   0   0  27   0   0   0   0   0  73   0   0   0   0   0   0   0   0  0.75 0.00
  383 K   -1  1  4  0 -4  1  0 -1  0 -3 -3  4 -2 -3 -2  0 -1 -4 -3 -3    0   0  50   0   0   0   0   0   0   0   0  50   0   0   0   0   0   0   0   0  0.69 0.00
  384 K   -1  2  0 -1 -4  1  0 -2 -1 -3 -3  5 -2 -3 -1 -1 -1 -4 -2 -3    0   0   0   0   0   0   0   0   0   0   0 100   0   0   0   0   0   0   0   0  0.83 0.00

                      K         Lambda
Standard Ungapped    0.1591     0.3229
Standard Gapped      0.1100     0.3190
PSI Ungapped         0.1591     0.3229
PSI Gapped           0.1100     0.3190
