
Last position-specific scoring matrix computed, weighted observed percentages rounded down, information per position, and relative weight of gapless real matches to pseudocounts
           A  R  N  D  C  Q  E  G  H  I  L  K  M  F  P  S  T  W  Y  V   A   R   N   D   C   Q   E   G   H   I   L   K   M   F   P   S   T   W   Y   V
    1 M   -2 -2 -3 -4 -2 -1 -3 -4 -3  1  3 -2  6  0 -3 -2 -1 -2 -2  0    0   0   0   0   0   0   0   0   0   0  26   0  74   0   0   0   0   0   0   0  0.73 0.05
    2 M   -1  3 -2 -3 -3  0 -2 -3 -2  1  1  1  4 -1 -3 -1  1 -3 -2  0    0  22   0   0   0   0   0   0   0  10  11   8  35   0   0   0  14   0   0   0  0.31 0.03
    3 P   -1 -3 -2 -3 -3 -2 -2  0 -3  0  0 -2 -1  2  6  0 -1 -3 -1 -1    0   0   0   0   0   0   0  10   0  11   7   0   0  15  49   8   0   0   0   0  0.94 0.04
    4 K   -1  2 -1 -2 -3  0 -1 -3 -2 -1  2  4  0 -2 -2 -1 -1 -4 -2 -2    0  10   0   0   0   0   0   0   0   0  30  59   0   0   0   0   0   0   0   0  0.50 0.04
    5 H   -2 -1  0 -2  2  0 -1 -3  7 -2 -3 -1 -2 -2 -3 -1  1 -3  1  0    0   0   0   0   7   0   0   0  67   0   0   0   0   0   0   0  16   0   0  10  0.81 0.06
    6 C   -2 -4 -3 -4  8 -3 -4 -4  2 -2 -2 -4 -2  2 -4 -2 -2 -2  2 -2    0   0   0   0  65   0   0   0   8   0   0   0   0  16   0   0   0   0  11   0  0.98 0.06
    7 L   -2 -3 -4 -5 -3 -3 -4 -4 -3  0  3 -3  1  4  1 -3 -2  5  1 -1    0   0   0   0   0   0   0   0   0   0  51   0   0  27   9   0   0  13   0   0  0.62 0.05
    8 L   -2 -3 -3 -4 -2 -2 -3 -4 -3  1  4 -3  3  0 -3 -2  1 -3 -2  0    0   0   0   0   0   0   0   0   0   6  70   0  12   0   0   0  11   0   0   0  0.58 0.06
    9 G    1 -2 -1 -2 -3 -2 -2  4 -2 -3 -2 -2 -2  2 -2 -1 -1 -2  2 -2   19   1   1   1   0   0   1  52   0   1   1   1   0  12   1   1   1   0   9   1  0.55 0.04
   10 L   -2 -3 -3 -3  4 -2 -3 -3 -3  0  3 -3  1  3 -3 -2  1 -2  0  0    1   0   0   0  15   0   1   1   0   0  43   1   0  24   0   1  11   0   0   1  0.39 0.06
   11 L   -2 -3 -3 -4  3 -2 -3 -4 -3  1  4 -3  3  1  0 -2 -2 -2 -2  0    1   0   0   0   8   0   1   1   0   8  59   1   8   5   6   1   1   0   0   1  0.46 0.07
   12 I    0 -3 -3 -3 -2 -2 -3  0 -3  3  1 -3  0  0 -3  0  1 -3 -2  2    8   0   0   0   0   0   0   8   0  31  15   0   0   4   0   7  10   0   0  17  0.23 0.05
   13 I    0 -2  1 -2 -2 -2 -2 -1 -3  2  1 -2  0 -2 -3  1  1 -4 -2  2    8   0   9   0   0   0   0   5   0  20   9   0   0   0   0  16   6   0   0  28  0.21 0.06
   14 L   -1 -4 -4 -5  3 -3 -4 -4 -3  2  3 -3  1  3 -4 -3 -2 -2  0  1    7   0   0   0   9   0   0   0   0  18  41   0   0  22   0   0   0   0   0   3  0.46 0.08
   15 L    1 -3  0 -4 -2 -3 -3 -3 -3  0  4 -3  1  2 -3 -2 -2 -3 -1  0   17   0   7   0   0   0   0   0   0   0  63   0   0  14   0   0   0   0   0   0  0.48 0.10
   16 S    1  0  1 -2 -2 -2 -2 -3 -2  0  3 -2  0 -1 -3  1  0  3 -2  0   11   7  11   0   0   0   0   0   0   0  42   0   0   0   0  13   6   5   0   5  0.23 0.06
   17 S    1 -2 -1 -2  2 -1  0  2 -2 -2 -1 -2 -1 -2  0  1  2 -3  1  0    9   0   0   0   8   0   7  22   0   0   6   0   0   0   3  12  21   0   7   6  0.22 0.05
   18 A    0 -2 -2 -3 -3 -2 -2  3 -3  0  1  0 -1  1  1  0 -1 -3 -2  0    4   0   0   0   0   0   0  31   0   5  21   7   0   9   7  10   0   0   0   8  0.23 0.05
   19 T    0  0 -1 -2 -2 -1 -2  2 -2  0  1 -1  0 -1 -2  0  1 -3 -2  1    6   7   1   1   0   1   1  22   0   1  27   1   0   0   1   7  12   0   0  13  0.16 0.04
   20 A    3 -2 -2 -3 -2 -1 -2 -2  2  1  1 -2 -1 -2 -2  0  1 -3 -2  1   48   0   0   0   0   0   0   0   9   6  14   0   0   0   0   0   9   0   0  12  0.30 0.07
   21 L    1 -2 -2 -2 -2 -2 -2  1 -2  0  3 -2  1 -1 -2  0 -1 -2 -2  1   12   1   1   1   0   1   1  11   0   1  50   1   0   1   1   7   1   0   1   8  0.22 0.05
   22 E    0 -2 -1  0  2  0  2  2  4 -3 -1 -1 -2 -2 -2 -1 -2  4 -1 -2    6   0   0   5   7   0  22  17  22   0   8   0   0   0   0   0   0   8   0   0  0.35 0.07
   23 I    1  0  0 -2  2 -1 -2 -2  1  1 -1 -1 -1  0 -2  1  2 -3 -1  0   16   6   5   0   8   0   0   1   6  20   1   0   0   6   0   7  23   0   0   0  0.16 0.05
   24 Q    1  0 -1 -2 -3  4  1 -2 -1 -3 -3  1 -1 -4 -2  1  3 -4 -3 -2   14   3   0   0   0  37   5   0   0   0   0   6   0   0   0   6  29   0   0   0  0.58 0.11
   25 P    0 -3 -2  1 -4 -1  2 -3 -3 -2 -2 -2 -2 -4  6  0 -2 -5 -4  0    6   0   0   9   0   0  16   0   0   0   4   0   0   0  49   4   0   0   0  12  1.07 0.12
   26 A    3 -2 -1  1 -2  1  0  0 -2 -2 -2 -1 -2 -3 -2  1  1 -4 -3 -1   42   0   0   7   0  10   4   7   0   0   3   0   0   0   0  11  11   0   0   3  0.35 0.09
   27 R    0  2  0  0  3  0  1  0  3 -3 -3  0 -2 -3 -2  2  1 -4 -1 -3    6  16   2   4   9   3  11   7  12   0   0   0   0   0   0  19   7   0   2   0  0.29 0.07
   28 V   -1  0 -1  1 -3 -1  1 -2 -2  1  1 -1  1 -2  0  1 -1 -4 -3  1    0   5   0   9   0   0  15   3   0   7  22   2   6   0   4  15   0   0   0  12  0.13 0.05
   29 S    0  0 -1  1 -2 -1 -1  0 -2 -2  0 -1 -1 -3  2  4  0 -3 -3 -2    4   7   1   7   0   1   1   5   0   1  12   1   0   0  12  47   1   0   0   1  0.39 0.10
   30 L   -1 -3 -3 -1  3 -3 -3 -4 -4  2  3 -3  1 -1  3 -2  0 -4 -3  0    4   0   0   3   8   0   0   0   0  20  41   0   4   0  14   0   7   0   0   0  0.45 0.12
   31 T    1  1  0 -2 -3 -1 -1  0 -2 -2 -1  3 -2 -3  0  3  0 -4 -3 -2   14   5   5   0   0   0   0   5   0   2   7  23   0   0   3  32   4   0   0   0  0.39 0.15
   32 P   -3 -4 -1 -4 -6 -4 -4 -5 -5 -5 -3 -4 -5 -6  8 -4 -4 -7 -6 -3    0   0   3   0   0   0   0   0   0   0   2   0   0   0  91   0   0   0   0   1  2.89 0.58
   33 Q   -1  1 -2  0 -4  4  1 -2 -2 -1 -3  1 -1 -1 -1 -1  2 -4 -3 -1    2   9   0   4   0  31   9   3   0   5   1   8   1   3   2   2  16   0   0   4  0.46 0.22
   34 K   -3  2  5  0 -5  1  1 -1  4 -5 -5  2 -3 -5 -4  0  0 -5 -3 -3    0  12  31   3   0   6   8   4  12   0   0  13   0   0   0   5   4   0   0   1  0.68 0.26
   35 V   -1 -5 -6 -6 -4 -5 -5 -6 -6  2  1 -5 -2 -3 -1 -4 -3 -5 -4  6    4   0   0   0   0   0   0   0   0   6   9   0   0   0   3   0   0   0   0  79  1.41 0.45
   36 R   -1  4 -2 -3 -4  1  0 -4  4 -2 -3  2  0 -3 -4 -1  2  0  2 -2    3  30   0   0   0   6   4   0  11   3   0  10   2   0   0   2  17   2   9   3  0.58 0.25
   37 F   -5 -6 -6 -7 -5 -5 -6 -6 -4  0  1 -6  3  7 -6 -5 -4 -3  0  0    0   0   0   0   0   0   0   0   0   3  11   0   8  72   0   0   0   0   0   6  1.83 0.51
   38 Q   -1 -1  1  0 -3  2  1 -3  2  0  0 -1 -1 -1 -3  1  0 -3  0  1    4   1   6   5   0  13  11   0   5   7   8   3   0   1   0  11   5   0   4  14  0.17 0.12
   39 S    3 -4 -1 -3 -4 -3 -3 -3 -4 -5 -3 -3 -4 -5 -4  6 -1 -6 -5 -4   20   0   1   0   0   0   0   0   0   0   2   0   0   0   0  76   0   0   0   0  1.52 0.52
   40 R   -2  3 -2 -1 -4  3  2 -4 -2  0  0  1  1 -2 -3 -1  0 -4 -3  1    0  22   0   2   0  14  12   0   0   7   9  10   3   1   0   4   4   0   0  12  0.38 0.19
   41 N   -4 -3  7  2 -6 -3 -3 -4  1 -1 -3 -3 -1 -1 -5 -2 -1 -6 -4 -3    0   0  72  10   0   0   0   0   3   4   2   0   1   3   0   0   2   0   0   1  1.63 0.51
   42 F   -2 -5 -6 -6 -5 -5 -6 -6 -4 -2  1 -5  4  7 -6 -5 -4 -2  3 -2    4   0   0   0   0   0   0   0   0   0  15   0  11  61   0   0   0   0   8   1  1.58 0.46
   43 H   -3  3  1 -1 -5  1  1 -4  5 -4 -4  3 -3 -1 -4 -1 -2 -4  2 -2    0  15   8   2   0   6   8   0  16   0   0  26   0   2   0   5   1   0   8   3  0.63 0.25
   44 N   -4 -2  6 -2  1 -2 -3 -4  6 -2 -5 -3 -4 -5 -5  0  0 -6 -1 -1    0   2  53   0   3   0   0   0  23   2   0   0   0   0   0   4   5   0   2   6  1.36 0.45
   45 I   -2 -1 -2 -5 -3 -1 -2 -5 -4  5  0 -4 -1 -2 -5 -3  0 -4 -1  4    2   4   2   0   0   3   2   0   0  46   5   0   0   0   0   0   6   0   2  28  0.80 0.31
   46 L   -4 -5 -6 -7 -4 -5 -6 -7 -6 -1  6 -5  0 -1 -6 -5 -4 -5 -4 -1    0   0   0   0   0   0   0   0   0   0  97   0   0   2   0   0   0   0   0   2  1.83 0.53
   47 H   -3  2 -1 -3 -2  3 -1 -5  7 -3 -3 -1 -1 -3 -4 -2  2 -4  1 -3    0  11   1   0   1  13   2   0  43   1   2   2   2   0   0   2  13   0   5   2  1.11 0.39
   48 W   -7 -7 -8 -9 -7 -6 -8 -7 -6 -7 -6 -8 -5 -3 -9 -7 -7 12 -2 -7    0   0   0   0   0   0   0   0   0   0   0   0   0   0   0   0   0 100   0   0  4.97 0.98
   49 Q   -1 -1  1  3 -4  2  3 -2  1 -2 -1  1 -2 -2 -3  0  0 -5 -3 -2    2   2   5  19   0  12  22   2   4   1   8   9   0   1   0   5   7   0   0   1  0.40 0.18
   50 A    1 -2 -1 -4 -5 -2 -2 -3  0 -3 -2 -1 -3 -4  6 -1 -2 -5 -1  0   10   1   3   0   0   1   2   2   2   0   4   4   0   0  53   5   2   0   2   8  1.22 0.35
   51 G    0 -3 -1  0 -4 -1  0  4 -3 -2 -3 -2 -3 -2  3 -2 -2 -4 -4 -2    8   0   2   5   0   2   7  45   0   2   2   2   0   2  15   1   2   0   0   3  0.66 0.21
   52 S    0  0  1  0 -4  0  2 -1  1 -3 -4  0 -3 -4  4  2  0 -5 -3 -2    5   5   8   4   0   3  16   5   4   1   0   4   0   0  20  16   3   0   0   3  0.46 0.18
   53 S    1 -1  2  2 -4 -1  0  2  0 -2 -3  0 -1 -2  0  1 -1 -4 -3 -2   13   1  13  12   0   0   7  21   2   4   0   6   2   2   3  11   2   0   0   1  0.30 0.14
   54 L    0 -1 -1 -2  1  0 -2 -1 -1  0  0 -1 -1  2 -2  2  2 -2  2 -1    7   3   2   1   4   3   2   4   1   7  10   1   1  11   1  17  14   0   8   3  0.13 0.08
   55 P    0 -2 -3 -3 -3 -1 -1 -2  0 -3 -2 -2 -3  0  6 -2  1 -4 -3 -3    9   2   1   1   0   3   3   3   2   1   3   2   0   4  55   1   9   0   1   1  1.27 0.30
   56 S    0  0 -1  0 -3  0  0  2 -1 -2 -2  0 -2 -3  1  2  1 -4 -3 -2    8   4   1   6   0   3   5  18   1   3   4   4   0   0   7  25  10   0   0   1  0.29 0.13
   57 N   -1 -1  4  2 -4  1  2  0 -1 -3 -3  0 -2 -4 -1  0  0 -4 -3  0    1   3  23  13   0   7  13   8   0   0   1   5   1   0   2   6   6   0   0   8  0.37 0.15
   58 N   -1  0  2  2 -3  0  0  1 -1 -2 -3  0 -2 -2  0  1  0 -3  1  0    1   5  14  15   0   4   5  12   0   2   1   7   0   0   5  10   5   0   6   8  0.22 0.11
   59 S    1 -1 -3 -3 -3 -2 -3 -3 -3  1  0 -2  0 -3  0  1  3  2 -3  2   12   3   0   0   0   1   0   0   0   9  10   0   2   0   4  10  27   3   0  18  0.37 0.20
   60 I   -2  0 -1 -3 -3 -1 -3 -4  1  1  2 -1  0  0 -3 -1  1  0  1  2    0   7   2   0   0   1   0   0   4   7  28   4   0   3   0   2  12   1   7  19  0.26 0.15
   61 Y   -5 -1 -5 -7 -6 -5 -6 -7  1 -4 -4 -5 -4  4 -7 -5 -5 -1  8 -5    0   3   0   0   0   0   0   0   2   0   0   0   0  16   0   0   0   0  79   0  2.55 0.64
   62 F   -1 -2  0  1 -3 -1  1 -3 -1 -1 -2 -1 -1  3 -3  2  2 -4 -1  0    3   1   5   9   0   2  12   0   1   2   0   3   2  15   0  17  19   0   1   8  0.29 0.17
   63 V   -1 -5 -6 -6 -4 -5 -5 -6 -6  0 -2 -5  1  0 -5 -4 -3 -5 -4  6    3   0   0   0   0   0   0   0   0   1   0   0   3   3   0   0   0   0   0  89  1.73 0.53
   64 Q   -3 -2 -3 -3 -6  7  4 -5  2 -2 -5  1 -1 -6 -4 -3 -3 -5 -4 -4    0   0   0   0   0  57  24   0   5   3   0   9   2   0   0   0   0   0   0   0  1.52 0.50
   65 Y   -5 -5 -5 -7 -6 -5 -6 -7  2 -2 -3 -5 -4  1 -7 -5 -2  5  8 -4    0   0   0   0   0   0   0   0   4   3   2   0   0   3   0   0   2   8  79   0  2.45 0.61
   66 K    0  3 -1 -3 -4  0  0 -4 -2 -4  0  4 -2 -1 -3  1 -1  2 -1 -3    8  15   1   0   0   2   4   0   0   0   9  40   0   3   0   9   3   3   2   0  0.57 0.25
   67 M   -2  2 -2 -3 -3 -1 -2 -3 -3  3 -1  0  1 -3  1  2  0 -4 -3  1    0  15   0   0   0   2   0   0   0  25   4   6   4   0   7  18   4   0   0  13  0.34 0.18
   68 Y   -5 -2  0  1 -6 -4 -5 -6  2 -1 -4 -4 -4  1 -6 -4 -4  2  8 -4    0   3   5   9   0   0   0   0   4   4   0   0   0   4   0   0   0   2  68   0  1.88 0.53
   69 G   -1  2  0  0 -5 -3 -4  6 -4 -6 -6 -3 -5 -5 -2 -1 -4 -5  0 -5    3  11   5   5   0   0   0  68   0   0   0   0   0   0   2   2   0   0   3   0  1.32 0.39
   70 Q   -2  1  1  2 -4  3  3 -2  0 -3 -3  0 -2 -4 -2  1  1 -5 -4 -3    1   6   5  13   0  16  23   3   1   1   2   2   1   0   1  14   9   0   0   1  0.48 0.21
   71 S   -1  1  0  0 -4  0  0  2 -2 -3 -3  2 -3  0  1  2  1  1 -3 -2    2   7   4   6   0   4   4  15   0   0   2  13   0   4   7  18   8   3   0   3  0.25 0.13
   72 Q   -2  0  1  1 -4  3  2 -1  3 -3 -1  2 -2 -3  0  1 -2 -4 -3 -2    1   3   6   6   0  19  11   4   9   0   6  14   0   0   5  12   0   0   0   2  0.39 0.17
   73 W   -3 -6 -6 -7 -6 -5 -6 -6 -4 -5 -2 -6 -4  1 -6 -5 -5 11  4 -5    2   0   0   0   0   0   0   0   0   0   4   0   0   6   0   0   0  73  12   0  3.32 0.70
   74 E   -2  2 -1 -1 -4  2  1 -3  0  1  0  3  1 -2 -3 -1  2  0 -3 -1    1  11   1   2   0  10   8   0   2   9   9  20   4   1   0   3  15   2   0   1  0.28 0.15
   75 D    1 -1  3  2 -4 -1  0 -3 -1  0 -2  2 -2 -4  0  1  1 -5 -4 -1   10   2  20  14   0   0   4   0   1   8   3  13   0   0   3  11   7   0   0   4  0.31 0.16
   76 K    1 -1  0 -4 -4 -2 -2 -4  1  0 -3  5 -1 -4 -4 -2 -2 -5 -2  3   13   0   5   0   0   0   0   0   4   6   0  42   2   0   0   1   0   0   1  26  0.70 0.33
   77 V    0 -1 -2  0 -4  1  2  0 -1 -2 -3  1  1 -4  3  2 -1 -4 -3 -2    8   2   0   5   0   8  14   5   1   2   0  11   5   0  18  16   3   0   0   2  0.42 0.17
   78 D    0 -1  1  1 -4  1  4  2  3 -4 -4  0 -3 -4 -3 -1 -1 -5 -3 -4   10   1   5   8   0   5  34  15  10   0   0   4   0   0   0   3   2   0   0   0  0.59 0.23
   79 C   -4 -8 -7 -8 11 -7 -8 -7 -8 -5 -5 -7 -5 -6 -7 -5 -5 -7 -7 -5    0   0   0   0 100   0   0   0   0   0   0   0   0   0   0   0   0   0   0   0  4.07 0.84
   80 W   -3  2 -3 -3 -5  5  0 -2 -2 -2 -2  1  0 -2 -4 -1  1  6 -3 -1    0  12   0   0   0  32   6   2   0   2   3   7   2   1   0   3  10  14   0   6  0.72 0.30
   81 G   -3  2  5 -1 -5 -1 -1  3  3 -5 -4  0 -4 -5 -4  0 -3 -6 -4 -3    0  10  36   1   0   2   3  28   7   0   1   3   0   0   0   5   0   0   0   2  0.86 0.31
   82 T   -4 -5  0 -5 -4 -1 -5 -6 -5  6 -1 -5 -2 -3 -5 -3  3 -5 -4  1    0   0   5   0   0   3   0   0   0  67   0   0   0   0   0   0  19   0   0   6  1.33 0.45
   83 T    1 -1  1 -3 -4  2 -2 -3  1 -3 -3 -1 -1 -4  0  3  4 -5 -2 -2    8   3   8   0   0   9   0   0   3   0   2   2   2   0   5  27  29   0   1   2  0.56 0.27
   84 A    1  2 -1 -1 -4  2  2 -1  2 -2 -4  1 -3 -4 -1  1  0 -5 -3 -2   11  16   1   3   0   9  19   3   6   2   0   5   0   0   3  14   5   0   0   3  0.37 0.17
   85 L   -2  0 -1 -3 -1 -2 -3 -4  3  0  3 -1 -1  0  1 -1  3 -4 -2 -1    0   7   3   1   1   0   0   0   9   6  33   4   0   4   6   3  22   0   0   1  0.38 0.22
   86 F   -2 -1 -3 -4 -4  1 -1 -4  2 -1 -2 -3 -3  4 -4  2 -1  6  2  0    0   3   0   0   0   7   4   0   6   2   1   0   0  24   0  23   3  12   7   8  0.65 0.28
   87 C   -4 -8 -7 -8 11 -7 -8 -7 -8 -5 -5 -7 -5 -6 -7 -5 -5 -7 -7 -5    0   0   0   0 100   0   0   0   0   0   0   0   0   0   0   0   0   0   0   0  4.07 0.84
   88 D   -5 -4  3  7 -7 -3  0 -4 -4 -7 -7 -4 -6 -7 -5 -3 -4 -8 -6 -7    0   0  15  80   0   0   5   0   0   0   0   0   0   0   0   0   0   0   0   0  2.22 0.58
   89 L   -4 -5 -6 -7 -5 -5 -6 -7 -6  0  6 -5  0  1 -6 -5 -4 -5 -4 -2    0   0   0   0   0   0   0   0   0   3  92   0   0   4   0   0   0   0   0   0  1.75 0.51
   90 T   -2 -4 -3 -4 -4 -3 -3 -4 -4 -4 -5 -3 -4 -4 -4  4  6 -5  1 -3    0   0   0   0   0   0   0   0   0   0   0   0   0   0   0  34  61   0   5   0  1.55 0.53
   91 N    1 -1  3 -1  1  0  0 -3  3 -3 -2  0  0  0 -3  1  0  1  1 -1   14   2  16   2   4   4   7   0   9   0   2   6   2   5   0   9   5   2   7   3  0.22 0.14
   92 E   -1 -1 -2  1 -5  1  5 -3 -2 -3 -4 -1 -3 -4 -2 -2 -3 -4  1  0    3   3   0   5   0   4  59   2   0   0   1   3   0   0   2   1   0   0   6  10  0.95 0.33
   93 T   -3 -4  0 -3 -4 -3 -3 -4  0 -1 -1 -3  2  1 -1 -1  6 -5 -3 -2    0   0   5   0   0   0   0   0   2   2   4   0   6   7   3   0  67   0   0   0  1.16 0.43
   94 L   -1 -1 -1 -3  1 -2  0 -1 -3  0  2 -2  0 -2  2  2  0  3  0 -1    2   3   1   0   3   0   6   5   0   5  23   0   3   0   9  22   5   5   3   3  0.21 0.14
   95 D   -1 -3  2  5 -4 -2  0 -3 -1 -3 -4 -1 -4 -4 -1  2 -2 -5 -4 -4    4   0   9  48   0   0   4   1   2   2   1   4   0   0   3  21   0   0   0   1  0.94 0.30
   96 P   -2 -1 -3 -2 -3 -1  0 -4  0  1  1  0 -1  1  4 -1 -1 -3  2  0    1   4   0   2   0   2   6   0   3  13  12   5   0   7  22   3   2   0  11   7  0.37 0.15
   97 Y   -2  1 -1  0 -5  0  2 -2  3 -3 -4  0 -2  1 -2  0  0  0  5 -3    1   9   1   4   0   4  17   3   9   1   0   3   1   4   2   7   6   1  27   0  0.50 0.23
   98 E   -2 -2  0  2 -5  1  4  0  2 -1 -2 -1 -3 -4 -2  0 -1 -5 -4 -2    0   1   3  13   0   6  41   9   6   5   4   2   0   0   1   5   2   0   0   2  0.60 0.25
   99 L   -2  1  0  0  0  1 -2  0  0  0 -1  0  1 -1  1  0  0  3  1 -1    0  12   5   4   3   7   0   9   2   7   6   4   5   2   8   7   5   6   5   4  0.10 0.08
  100 Y   -5 -5 -1 -6 -6 -1 -5 -7  2 -5 -4 -5 -4  3 -7 -5 -5 -1  8 -5    0   0   3   0   0   3   0   0   5   0   0   0   0  10   0   0   0   0  79   0  2.47 0.63
  101 Y   -4 -1 -4 -5 -6 -4 -2 -6  4  0 -4 -1 -4  2 -6 -4 -1  5  7 -4    0   3   0   0   0   0   2   0   9   5   0   4   0   7   0   0   4  10  55   0  1.61 0.47
  102 G    5 -4 -1 -4 -3 -3 -3  2 -4 -3 -2 -3 -3 -1 -3 -1 -1 -5 -4  1   60   0   3   0   0   0   0  16   0   0   3   0   0   3   0   0   3   0   0   9  0.85 0.33
  103 R   -4  7 -3 -4 -6  2 -2 -5 -3 -5 -5  1 -1 -5 -5 -2 -4 -5  0 -3    0  76   0   0   0  10   2   0   0   0   0   4   2   0   0   2   0   0   3   2  1.81 0.53
  104 V   -1 -6 -6 -7  1 -5 -5 -6 -6  0 -2 -5 -2 -4 -5 -4 -3 -6 -5  7    4   0   0   0   3   0   0   0   0   0   0   0   0   0   0   0   0   0   0  92  1.91 0.57
  105 M   -1  5 -2 -3 -5  2 -2 -4 -2 -2 -2  4  1  0 -4 -1 -1  2 -3 -3    4  38   0   0   0   8   0   0   0   2   3  26   3   4   0   2   4   3   0   1  0.80 0.32
  106 T    4 -3 -3 -3 -3  0 -3 -1 -3 -2 -3 -3 -2 -4 -3  1  1 -4 -4  2   52   0   0   0   0   4   0   3   0   0   1   0   0   0   0   8   9   0   0  20  0.72 0.32
  107 A    1 -3 -1 -3 -2 -2  0 -2 -1  2  1 -2  2  1 -3  0 -1 -3 -2  3   10   0   2   0   0   0   6   3   1  10   9   2   8   7   0   7   3   0   0  30  0.23 0.15
  108 C    1 -1  0 -2  1 -2 -2 -1 -1 -1  0 -2 -1  1 -3  3  1  2 -2  1   13   2   3   2   3   0   0   3   2   2  12   0   0   6   0  26   6   3   0  15  0.21 0.15
  109 A    2  0  3  0 -4 -1 -2  3 -1 -3 -4 -1 -1 -4  0  0 -1 -4 -2 -3   23   7  16   4   0   2   1  28   1   1   0   1   2   0   3   4   3   0   2   0  0.46 0.21
  110 G   -1  0  3  1 -4 -2 -1  4  1 -5 -5 -1 -3 -4 -4  0 -1 -4  0 -4    2   7  20   9   0   0   2  38   3   0   0   3   1   0   0   7   3   0   3   0  0.69 0.26
  111 R   -1  2  1 -1  1  1  2 -1  0 -1 -3  0 -1 -3 -3  2  1 -4 -3  0    3  14   6   2   3   6  15   5   3   4   0   5   2   0   0  17   8   0   0   6  0.24 0.14
  112 H   -2  0  0 -2  3  2  0 -2  4 -3 -2  1 -1  0 -3  1  1 -3  2 -1    0   4   4   0   7   9   6   2  13   0   3   8   1   3   0  13  12   0   8   4  0.27 0.16
  113 S   -1 -3 -1 -3 -4 -3 -3 -2  1 -4 -3 -3  0 -4 -3  6  0 -5 -4 -2    0   0   1   0   0   0   0   2   3   0   2   0   3   0   0  79   4   0   0   3  1.39 0.51
  114 A    1 -1  1  1  2 -1  2  1 -2 -2 -2  1 -2 -1  2  0  0 -4 -3 -1   11   0   7   8   5   0  15  10   0   0   4  12   0   3  10   6   4   0   0   5  0.21 0.11
  115 W   -5 -3 -6 -7 -1 -5 -6 -6 -5 -2 -1 -6 -4  0 -2 -3  0 11  1 -5    0   2   0   0   2   0   0   0   0   2   7   0   0   3   3   2   6  69   4   0  2.84 0.69
  116 T    2 -2 -1 -1 -3 -1 -1  0 -3 -1 -2 -1  0 -3 -3  2  3 -4 -1  1   21   0   3   2   0   2   3   8   0   2   0   4   3   0   0  15  20   0   2  16  0.32 0.19
  117 R   -2  3  1 -2 -4  0  3 -4  1 -1  0  1  2  0 -3 -1 -1 -3  0 -1    0  17   6   0   0   1  22   0   3   4   7  10   8   6   0   4   3   0   3   5  0.29 0.18
  118 T   -1 -3  0 -3 -4 -1 -1 -4 -3 -3 -4 -3 -3 -5 -4  4  5 -5 -4 -1    2   0   3   0   0   3   3   0   0   0   0   0   0   0   0  32  52   0   0   4  1.14 0.45
  119 P    0  0  1  0  0  0  0  0  1 -1  0  1 -1 -2  2  1  1 -3 -2 -1    6   4  10   4   3   4   5   5   4   5  10   7   0   0  10  10   8   0   0   2  0.13 0.06
  120 R   -1  6 -3 -1  0  0  1 -2 -2 -5 -2  0 -3 -2 -1 -2  0 -5  0 -4    5  53   0   2   3   3  11   3   0   0   3   1   0   2   3   2   5   0   4   0  0.85 0.35
  121 F   -5 -6 -6 -7 -5 -6 -7 -7 -4 -1  1 -6 -3  8 -7 -6 -5 -3  1 -2    0   0   0   0   0   0   0   0   0   2  11   0   0  82   0   0   0   0   3   2  2.26 0.62
  122 T   -2 -2  2  1  2  1  1 -1  2  0 -3  1  0 -3 -3  1  2 -4  1 -1    0   0  11   8   7   6   8   3   5   7   0   9   3   0   0  11  13   0   5   3  0.23 0.16
  123 P   -4 -5 -2 -5 -6 -4 -4 -6  0 -5 -1 -4 -5 -6  8 -1 -4 -7 -1 -5    0   0   2   0   0   0   0   0   2   0   7   0   0   0  82   4   0   0   2   0  2.52 0.65
  124 W   -2  0 -3 -4 -3  0 -2 -3  0  1  1  1  1  3 -3 -1 -2  5  2  0    2   6   0   0   0   5   0   2   3   8  15   9   3  13   0   4   0  11   9   8  0.32 0.15
  125 W    0  3 -2  0 -4  1  1 -2 -2  0 -1  1 -1  0 -3  0  0  5 -2 -2    7  18   0   4   0   7  10   3   0   7   7   8   1   5   0   5   5  13   0   0  0.32 0.17
  126 E   -3 -3 -1  5 -6  0  4 -2  4 -6 -6 -2 -5 -5 -4 -2 -3 -6 -1 -5    1   0   2  41   0   4  34   3  12   0   0   0   0   0   0   1   0   0   3   0  1.26 0.42
  127 T    0 -4  0 -4 -4 -3 -4 -2 -4 -3 -4 -3  0 -5 -4  0  6 -6 -5  0    6   0   3   0   0   0   0   2   0   0   0   0   2   0   0   5  75   0   0   7  1.46 0.53
  128 K   -1  0  0 -2  0  0  1 -3 -3  2 -1  2  0 -3 -3  0  2 -4 -3  1    3   3   5   0   2   4   9   0   0  19   5  13   1   0   0   8  19   0   0  10  0.26 0.17
  129 L   -2 -3 -4 -4 -2 -3 -3 -4 -3  2  2 -3  0  3  3 -2 -1 -2  0  2    0   0   0   0   0   0   0   0   0  20  20   0   0  20  20   0   0   0   0  20  0.48 0.04
  130 D    0  2 -1  1 -4 -2  0  4 -3 -5 -4  0 -4 -5  0  2 -2 -5 -4 -4    7  13   0  10   0   0   4  40   0   0   0   4   0   0   3  18   0   0   0   0  0.63 0.18
  131 P    1 -4 -4 -1 -5 -3 -3 -1 -4 -4  0 -1 -3 -4  7 -2 -3 -6 -5 -3   10   0   0   3   0   0   0   6   0   0  13   3   0   0  65   0   0   0   0   0  1.68 0.34
  132 P    0 -4 -4 -4 -5  0 -3 -4 -4 -5 -5 -3 -4 -6  7  0 -3 -6 -5 -4    7   0   0   0   0   6   0   0   0   0   0   0   0   0  79   8   0   0   0   0  2.33 0.43
  133 V    0  0  0  1 -3  1  1  1 -2  0 -1  0  0 -3 -2  1  0 -4 -3  0    7   3   2   7   0   6  14  12   0   6   7   3   3   0   0  17   5   0   0   8  0.15 0.07
  134 V   -1 -4 -4 -5 -3 -3 -4 -5  1  2  3 -4  2  1 -4 -3 -2 -3 -2  4    3   0   0   0   0   0   0   0   5  11  28   0   6   6   0   0   0   0   0  42  0.63 0.20
  135 T    0  0  1 -2 -3  0  0 -1  2 -3 -1  2 -2 -1 -2  3  2 -4 -1 -2    3   4   7   0   0   2   3   2   7   0   6  17   0   2   0  31  14   0   2   0  0.34 0.14
  136 I   -2 -3 -4 -4  3 -3 -4 -4 -3  2  3 -2  1 -1 -4 -2 -1  3  1  3    0   0   0   0   8   0   0   0   0  10  34   2   2   0   0   3   4   5   6  26  0.46 0.15
  137 T    0  0  0 -2 -3 -1  1 -3  1  2  0  0 -1 -3 -3  2  3 -4 -3  0    5   5   5   0   0   0  10   0   4  19   6   5   0   0   0  15  22   0   0   3  0.25 0.15
  138 R    1  1 -2 -3 -3  0 -2 -2  0  0 -1 -2  0 -3  3  1  2 -4 -3  1    9  11   0   0   0   4   0   2   3   3   5   0   2   0  18  12  16   0   0  15  0.36 0.16
  139 V   -1  0 -1  0  0  0  0 -2  2 -2  0  1 -2 -3 -3  1  2 -4  0  0    2   5   0   4   3   2   6   2   7   0  10  12   0   0   0  15  19   0   4   9  0.20 0.15
  140 N    0 -2  4  1 -4  0  2  1  1 -2 -4  1 -3 -4 -1  0 -1 -5 -4  0    6   0  27   8   0   2  15  11   4   2   0   8   0   0   2   3   3   0   0   8  0.42 0.20
  141 A   -1  2  2  0  0  2  0  0 -2 -3 -3  2 -3 -4 -3  2  0 -4 -1  0    2  12  14   5   2  13   3   7   0   0   0  11   0   0   0  15   3   0   3   9  0.31 0.17
  142 S    0 -1  0 -3 -4  0 -2 -1 -3 -1 -2 -1 -3 -1 -3  5  2 -5 -4 -3    4   3   3   0   0   4   0   3   0   5   2   3   0   3   0  55  15   0   0   0  0.77 0.36
  143 L    0 -5 -5 -5 -3 -4  0 -5 -5  5  3 -4 -1 -2 -5 -4 -3 -5 -4  2    8   0   0   0   0   0   6   0   0  49  28   0   0   0   0   0   0   0   0   9  0.91 0.35
  144 R   -1  0  1 -2  0  3 -1 -3  2  0  0  1  1 -1 -3  1  0 -4 -2  1    2   2   6   0   3  22   2   0   7   7   9   9   3   2   0  11   5   0   0  10  0.24 0.17
  145 V   -2 -4 -4 -5 -3 -4 -4 -5 -4  3  1 -4  2  1 -4 -3 -2 -4 -3  5    1   0   0   0   0   0   0   0   0  22  13   0   6   6   0   0   0   0   0  48  0.87 0.30
  146 L   -1  1  2  0 -3  1 -1 -3  1  1  0  1 -1 -1 -3  0  2 -4 -2  0    2   8  16   5   0   6   0   0   5  14   7   7   0   3   0   8  13   0   0   4  0.18 0.12
  147 L   -1 -4 -4 -5 -3 -3 -4 -4 -4  3  3 -4  1  2 -4 -3 -2 -3 -2  3    4   0   0   0   0   0   0   0   0  23  31   0   2  10   0   0   0   0   0  27  0.65 0.23
  148 R   -2  2  0 -2 -3  2 -1 -3  3  0 -2  2 -2 -3 -3  0  3 -3  0 -1    1  13   3   1   0  13   2   1  11   7   1  12   0   0   1   6  21   0   4   4  0.37 0.18
  149 P    2 -3 -2 -3 -3 -1 -2  1  2 -2  0 -2  0 -1  4 -1  0 -4 -2  0   20   0   0   1   0   3   1  10   6   0  13   1   2   3  27   1   5   0   0   6  0.50 0.18
  150 P   -3 -4 -4 -4 -5 -1 -4 -1 -4 -5 -2 -4 -4 -5  8 -3  0 -6 -5 -4    0   0   0   0   0   3   0   6   0   0   4   0   0   0  79   0   6   0   0   0  2.33 0.55
  151 E    0  2  1 -1 -3  1  2 -3  0 -1 -1  0  2  0 -1  0 -1  1  0 -1    8  12   9   1   0   7  19   0   1   3   6   3   8   4   3   6   0   2   3   4  0.19 0.13
  152 L   -1  1 -2 -2 -3  0  0  1 -2  1  1  0 -1 -1 -1  1  2 -4 -3  0    2   7   0   0   0   3   5  11   0  13  17   8   0   2   2  12  15   0   0   3  0.13 0.12
  153 P   -2  0 -4 -4 -5 -1 -2 -5 -4 -3 -2 -1 -3 -4  6 -1 -1  5  1  0    2   4   0   0   0   2   2   0   0   0   4   2   0   0  52   5   3   9   6   8  1.32 0.40
  154 N   -1 -1  2 -2  0  1 -1 -3  2  0  0  2 -1 -1 -3  0 -2 -2  3  1    4   0  11   1   2   6   2   0   5   5  11  15   0   0   0   5   0   0  16  14  0.22 0.17
  155 R   -3  5  1 -3 -5  1 -1  0  1 -4 -2  3 -3 -4  1 -1 -1 -5 -4 -4    0  40   6   0   0   6   3   7   4   0   4  18   0   0   6   3   3   0   0   0  0.73 0.30
  156 N    0  2  4  0 -4  0 -2  1 -2 -3 -2  1 -3 -3 -1  0  0 -4  0  0    6  15  27   5   0   2   0  10   0   0   3   6   0   0   3   5   4   0   5   8  0.33 0.19
  157 Q   -1  2  2  0 -4  2  1  0  0 -4 -3  3 -3  0  1 -1  0 -4 -3 -3    2  13  10   3   0  10  10   8   2   0   1  20   0   5   8   0   6   0   0   0  0.38 0.18
  158 S    0  1  2  2 -3  0  1 -2  1 -2 -2  1 -2 -1  0  1  1 -3  0 -2    4   8  11  13   0   2   7   1   3   2   2   9   0   3   5  15  11   0   3   0  0.25 0.13
  159 G   -1 -3  1 -1 -3 -2  0  4 -3  0 -2 -2 -1 -3  1 -1  1  2 -3  0    1   0   6   3   0   0   7  36   0   7   4   0   2   0   7   3  10   3   0   9  0.38 0.19
  160 K   -1  2  0 -1 -3  1  1 -3  2 -1 -2  3 -2 -3  0  1  1 -4 -2 -1    3  13   3   2   0   6   7   1   8   3   2  21   0   0   5  14   7   0   0   3  0.34 0.17
  161 N   -2  1  2  1 -3  0  0 -3 -1 -2 -1  1  0 -1  1  0  0  0  1  0    1   8  15   9   0   4   6   1   0   0   5   9   2   2   7   6   7   1   7  11  0.17 0.11
  162 A   -1 -1 -1 -1  0 -1 -2 -3  0  3  1  1  0 -2 -1 -1 -1  1 -1  1    2   3   4   3   3   2   2   1   2  23  19  10   0   0   3   4   2   3   2  12  0.15 0.12
  163 S   -1 -1  0  1 -3 -2 -2 -3 -2 -2 -2 -1 -2 -3  2  4  2 -4  1  0    0   2   3   7   0   0   0   0   0   0   4   3   0   0  10  36  17   0   7   8  0.46 0.27
  164 M   -1  0 -4 -4 -3 -2 -3 -4 -4  3  3 -3  5 -2 -4 -2  0 -4 -3  1    4   7   0   0   0   0   0   0   0  17  25   0  27   0   0   3   5   0   0   9  0.62 0.29
  165 E   -1  1  0 -1 -4  3  3 -3  1  0 -2  2 -2 -1 -3  0  1 -4 -3 -2    4   8   3   0   0  17  27   0   3   8   2  12   0   3   0   4   8   0   0   0  0.46 0.24
  166 T    0 -1  1  3 -3  1  0  0 -1 -1  0  1  0 -3 -2  0  1 -4 -3 -1    5   2   8  19   0   6   3   6   1   2  11  12   3   0   0   7   9   0   0   4  0.19 0.12
  167 Y   -3 -3 -3 -1 -3 -2 -3 -4  3  3  1 -1 -1  2 -3 -3 -1 -1  5  0    1   1   0   3   0   0   1   1  10  20  11   3   0   7   1   1   4   0  30   5  0.57 0.25
  168 Y   -3 -3  1 -1 -4  0 -1 -4  3 -3 -1 -1 -3  3 -2  1 -2 -1  6 -3    1   0   6   4   0   3   4   0   8   0   5   4   0  11   2  10   0   0  39   0  0.74 0.31
  169 G   -1 -1  2  2 -4  0  0  2  2 -4 -4  1 -3 -4  0  1  0 -4 -3 -2    3   2  11  15   0   4   6  18   7   0   0  13   0   0   4  11   3   0   0   3  0.37 0.18
  170 L   -2  1  0 -4 -3  0 -1 -4 -3 -1  4 -2  2  1 -4 -1 -1  2 -2  0    2   8   4   0   0   4   5   0   0   0  51   0   5   5   0   4   3   4   0   3  0.46 0.26
  171 V   -1  0 -1 -1 -3  1 -1 -3  2  0  0  0  2  0 -3 -1  2  1  0  1    4   7   2   3   0   8   2   0   6   5  10   5   7   4   0   2  15   2   4  14  0.12 0.11
  172 Y   -4 -4 -1 -2 -5  0 -1 -5  1 -1 -3 -2  1  3 -1 -2 -1 -1  7 -4    0   0   2   3   0   4   3   0   3   3   0   2   4   9   3   3   3   0  57   0  1.27 0.47
  173 R   -4  5  3 -3 -6  1 -2 -2  3 -5 -5  1 -4 -2 -4 -3 -3  1  4 -5    0  36  16   0   0   7   0   3   7   0   0   7   0   0   0   0   0   2  21   0  0.97 0.40
  174 V   -2 -4  1 -4 -3 -4 -4 -5  0  3  1 -4 -1 -3 -1 -1 -1 -5 -3  4    0   0   9   0   0   0   0   0   3  21  15   0   0   0   3   3   2   0   0  44  0.68 0.32
  175 F   -2 -3 -3 -4 -3 -1 -2 -4  1  1  1 -3 -1  3 -1  0 -1  2  5  1    0   0   0   0   0   4   2   0   3   8  13   0   0  15   4  10   2   3  24  11  0.43 0.21
  176 T   -1 -3 -2 -3 -3 -1 -3 -3 -1  2  2 -1 -1 -2 -3  2  2 -3  1  2    2   0   0   0   0   2   0   0   2  11  21   4   0   0   0  16  16   0   6  18  0.30 0.19
  177 I   -1  0 -4 -4 -3 -3 -2 -5 -3  4  0 -3  1  1 -4 -3  0  4  1  3    4   5   0   0   0   0   3   0   0  32   7   0   3   7   0   0   6   6   5  21  0.48 0.24
  178 N   -3  2  5  0 -5 -1 -1 -3  4 -5 -4  2 -4  0 -4  0 -1 -4  0 -4    0  13  33   5   0   0   3   0  15   0   0  15   0   6   0   5   3   0   3   0  0.77 0.34
  179 N   -3  3  5  1 -5  1 -1  0  0 -4 -4  1 -4 -5  0 -2 -2 -5 -4 -2    0  22  41   5   0   5   2   6   2   0   0   7   0   0   4   0   1   0   0   4  0.82 0.34
  180 S    0 -1  2 -1 -3  0 -1  0  0 -3 -2  1 -1 -3  0  2  3 -4 -3 -1    5   2  10   2   0   3   3   7   2   0   4  11   2   0   3  21  20   0   0   4  0.29 0.18
  181 L   -1 -1 -1  0 -3 -1 -2  0  2  1  1  0  0 -1 -3  1  0 -3  1  0    1   3   0   6   0   2   0   7   7  12  18   9   2   0   0  14   7   0   6   6  0.10 0.11
  182 E    0  0  2  2 -3  1  3 -2  1 -2 -2  1 -2 -3 -2  1  0 -3  0 -3    8   4   9  14   0   4  22   1   3   2   3  10   0   0   0  10   4   0   5   1  0.33 0.16
  183 K   -1  1  2 -1 -4  3  3 -1  1 -3 -3  3  0 -4 -3  0 -1 -4 -3 -2    4   5  11   0   0  16  22   3   4   0   0  19   2   0   0   5   3   0   0   3  0.50 0.24
  184 E   -1  1 -1  1 -4  2  4 -3  2 -1 -2  2 -2 -4 -3 -1  0 -4 -3 -1    2   6   0   8   0  12  29   0   7   3   5  14   0   0   0   2   6   0   0   4  0.46 0.22
  185 Q   -2  0  1  0 -4  5 -1 -2  2 -2 -2 -1 -1 -1 -4 -1  2  2 -3  1    0   5   7   4   0  35   0   3   5   0   3   2   1   3   0   3  14   3   0  12  0.49 0.30
  186 K   -2  1 -1 -3 -4  3 -1 -4  3  0 -1  1  1  1 -2  0 -1  4  0  0    0   8   2   0   0  17   0   0   8   6   4   9   6   7   1   6   3   8   3   9  0.28 0.18
  187 A   -1 -2 -1  0 -3  1  0 -2  2  0 -1  0  0  1 -3  0  2 -3  0  1    3   0   0   4   0   8   7   3   8   6   4   7   2   6   0   7  14   0   2  17  0.13 0.12
  188 Y   -3 -1 -2 -4  2  1 -2 -5 -1  1  1 -1  1  3 -4 -3 -1 -1  5  0    0   2   1   0   6   7   3   0   0  11  11   3   4  13   0   0   4   0  30   6  0.52 0.26
  189 E    0 -2  0  1  2  0  4  0 -2 -2 -4  0 -3 -4  0  1  0 -5 -4  0    5   0   3   6   6   2  38   6   0   2   0   4   0   0   4   9   6   0   0   9  0.44 0.24
  190 G    0  0 -1  0  3 -1 -2  2 -3  0 -2  0 -2 -1  0 -1  1 -4 -3  1    6   7   3   5   9   2   0  21   0   4   0   5   0   3   4   3  10   0   0  17  0.17 0.13
  191 T    0 -2 -1 -1  4 -2  0 -3 -3 -2 -1  1 -2 -3  1  1  3  1  0  0    5   0   2   2  10   0   7   0   0   0   7  12   0   0   8   8  28   2   3   6  0.32 0.21
  192 Q   -2  0  3  2 -4  1  1 -1  1 -4 -4  0 -3 -4 -1  1  1 -4 -1 -2    0   5  20  14   0   7  11   4   3   0   0   6   0   0   3  13   9   0   3   2  0.43 0.20
  193 R   -2  3  3 -2 -5 -1  2 -3  4 -5 -5  3 -4 -5 -3  1  0 -5 -3 -4    0  21  16   0   0   0  16   0  12   0   0  20   0   0   0  10   4   0   0   0  0.75 0.32
  194 A    1 -2  0  0 -3 -1  2 -1  0 -1 -2  1 -2 -1  0  0  2 -4 -3  1   11   0   3   4   0   0  16   3   3   1   0  12   0   3   3   6  19   0   0  16  0.23 0.17
  195 V   -2 -4 -4 -5  1 -3 -4 -5 -3  2  3 -2  0  3 -4 -2  0  2  2  1    2   0   0   0   3   0   0   0   0  15  31   3   0  17   0   2   7   3   6  12  0.46 0.21
  196 E   -2  0  1  0 -4  0  4 -3 -2 -2 -2  2  0 -3 -3 -1  1 -4 -1  2    0   3   6   3   0   1  33   0   0   0   3  13   2   0   0   3  10   0   3  19  0.41 0.23
  197 I   -3 -5 -5 -6 -3 -4 -5 -6 -4  5  2 -5  1  2 -5 -4 -3 -3  3  3    0   0   0   0   0   0   0   0   0  43  16   0   3   7   0   0   0   0  10  20  0.87 0.33
  198 E   -2  1 -1  0  1  1  3 -1  1 -3 -2  1 -1 -2  1  1  0 -4 -3 -1    0   8   0   5   4   7  26   4   4   0   2   6   2   2   8  14   4   0   0   4  0.32 0.18
  199 G   -1 -2  3  2 -4  1 -1  3  0 -3 -1 -2  0 -3 -3 -1 -1  4 -3 -3    3   0  19  12   0   7   3  27   3   0   7   0   3   0   0   4   3   8   0   0  0.47 0.21
  200 L   -3 -4 -5 -6 -4 -4 -5 -6 -5  0  5 -4  3 -2 -5 -2 -3 -4 -3 -1    0   0   0   0   0   0   0   0   0   2  84   0   6   0   0   4   0   0   0   2  1.34 0.46
  201 I    0  0  1  0 -3  0  2 -3 -2  0 -1  2  0  1 -3  1  1 -3  0 -1    5   5   6   4   0   2  16   0   0   8   2  14   2   8   0   9  11   0   3   4  0.17 0.12
  202 P   -2 -2 -4 -5  0 -4 -4 -5  1 -5 -3 -4 -4 -1  7 -3 -1  5  2 -4    3   2   0   0   3   0   0   0   4   0   2   0   0   2  62   1   4  11   7   0  1.81 0.52
  203 H   -2  1  3  3 -5 -1  1  2  0 -5 -5  1 -4 -4 -4  0 -2  4  0 -4    0   8  21  16   0   0   7  20   2   0   0   7   0   0   0   6   0   8   4   0  0.59 0.25
  204 S    0 -3  0 -3 -4 -2  1 -4 -3 -1 -4 -3 -3 -4 -3  2  6 -5 -4  0    4   0   3   0   0   0   9   0   0   3   0   0   0   0   0  17  58   0   0   5  1.00 0.43
  205 S   -1  1  2 -1 -4  2  3 -1 -2 -2 -2 -1 -2 -3 -3  1  2 -4 -1 -1    2   8  12   0   0   9  24   3   0   2   4   0   0   0   0  12  15   0   3   4  0.37 0.22
  206 Y   -3 -5 -2 -6 -6 -5 -6 -6 -1 -4 -4 -5 -4  4 -6 -5 -5 -1  8 -4    2   0   2   0   0   0   0   0   0   0   0   0   0  16   0   0   0   0  80   0  2.48 0.69
  207 C   -4 -7 -6 -7 10 -6 -7 -6 -7 -4 -1 -7 -4 -5 -6 -4 -4 -6 -6 -4    0   0   0   0  92   0   0   0   0   0   8   0   0   0   0   0   0   0   0   0  3.30 0.76
  208 V   -2 -4 -4 -5 -3 -4 -4  0 -4  3  2 -4  0  2 -4 -3 -1 -3  0  4    0   0   0   0   0   0   0   8   0  19  18   0   0  10   0   0   3   0   3  39  0.60 0.26
  209 V    0  0  0 -2 -2  3  0 -1  1 -1 -1 -1 -1 -3 -2  2  2 -3 -2  2    6   5   3   1   0  16   3   4   3   1   4   1   0   0   1  18  15   0   0  18  0.25 0.15
  210 A    4 -3 -3 -3 -2  0 -2 -2 -3  1 -2 -2 -1 -3 -2 -1 -1 -3 -3  3   46   1   1   1   0   4   1   1   0   8   1   1   0   0   1   1   1   0   0  32  0.63 0.27
  211 E   -1  2 -2  1 -4  4  3 -3 -2 -3  0  1  1 -4 -3 -1 -1 -4 -4 -3    4  10   0   6   0  21  28   0   0   0   9  10   5   0   0   3   3   0   0   0  0.56 0.24
  212 M   -1 -2 -3 -4 -3 -3 -3 -2 -3  3  0 -3  2 -2  0  1  2 -4 -3  1    2   2   0   0   0   0   0   3   0  29   7   0   8   0   5  15  19   0   0   9  0.38 0.22
  213 Y   -2  1  0 -1  0  0 -2 -4  1  0  1  0 -1  2 -3 -1 -1 -2  4  1    0  10   3   3   3   5   0   0   5   3  14   6   0   9   0   5   3   0  19  12  0.20 0.13
  214 Q    1  0 -3 -3 -2  0 -1 -3 -2  2  1 -2  0  1  1 -1  1 -3 -2  2   13   5   0   0   0   6   4   0   0  11  11   0   0   8   6   0  11   0   0  24  0.19 0.13
  215 P    0  0 -3  0 -4 -1 -2 -4 -3 -3  0 -1 -3 -4  6 -1 -2 -5 -4 -3    9   6   0   7   0   3   0   0   0   0  13   4   0   0  55   2   2   0   0   0  1.29 0.34
  216 M   -1  0  0  0 -3 -2 -2  0 -2  1  1 -2  2  1 -3  0  1 -3  0  0    0   7   4   6   0   0   0  10   0  12  20   0   9   5   0  10   8   0   3   5  0.12 0.11
  217 F   -1  1 -1 -3 -3  0 -1 -4  2  3  1 -2  0  1  1 -1 -2  3  0  0    3   8   3   0   0   4   4   0   6  25  18   0   0   6   8   3   0   5   3   4  0.21 0.14
  218 D    0 -2  3  3 -4 -1  0  2  0 -4 -3  0 -3 -4  3  1  0 -5 -3 -3    6   0  15  19   0   0   2  15   3   0   2   4   0   0  14  14   4   0   0   0  0.48 0.17
  219 R   -2  5  2 -2 -4  0 -1 -3  0 -1 -1  4 -2 -4 -3 -2 -2 -4 -3 -1    1  37  10   0   0   3   0   1   2   5   5  30   0   0   0   1   0   0   0   3  0.74 0.26
  220 R    0  2  0 -1 -3  1  1 -2  0  0 -1  1 -1 -1  1  2  1 -4 -2 -1    3  13   4   0   0   7  12   2   2   6   7   5   0   2   7  19   7   0   0   3  0.21 0.11
  221 S    1  0  1 -2 -3  1 -2 -3 -3 -2 -4 -2 -3 -4 -1  5  0 -5 -4 -3   10   4   4   0   0   7   0   0   0   3   0   0   0   0   2  68   2   0   0   0  0.99 0.40
  222 P    1 -1  0 -2 -3  0  0  0  0 -2 -1  0  2 -3  4  1  0 -4 -3 -2   13   2   3   0   0   4   6   6   2   0   4   7  10   0  23  15   4   0   0   2  0.43 0.16
  223 R   -2  4 -2 -2 -1 -1  0 -1  1 -3 -2  0  0  1  3  0 -2 -3  1 -3    1  28   0   0   2   0   7   5   4   0   3   5   3  10  19   5   0   0   6   0  0.45 0.17
  224 S   -1 -3 -1 -2 -3 -2  0 -1 -3 -4 -4 -2 -4 -5 -3  6  3 -5 -4 -3    0   0   0   0   0   0   4   3   0   0   0   0   0   0   0  74  19   0   0   0  1.25 0.43
  225 K    1 -1  1  0 -3  0  2 -2 -2 -2 -3  2  0 -4  1  1  1 -4 -3  0    9   0   7   4   0   2  19   2   0   0   0  15   4   0   6  15   8   0   0   9  0.30 0.14
  226 E   -2  2 -2 -1 -5  1  5 -4 -2 -3  0  2  0 -4 -3 -2 -2  3 -3 -1    0  12   0   0   0   4  46   0   0   0  11  15   3   0   0   0   0   5   0   4  0.72 0.27
  227 R   -1  2 -2 -3 -4  4 -1 -4  3  0 -3  3  0  0 -3 -2  1 -4 -1 -3    3   8   0   0   0  30   0   0  11   6   0  21   3   4   0   0  12   0   2   0  0.57 0.25
  228 C   -3 -7 -6 -7 10 -6 -7 -6 -7 -4 -4 -7 -4 -5 -6 -4 -4 -6 -6 -4    0   0   0   0 100   0   0   0   0   0   0   0   0   0   0   0   0   0   0   0  3.53 0.70
  229 V   -1 -4 -5 -5 -3 -4 -4 -5 -5  5  0 -4  0 -2 -4 -3 -1 -4 -3  5    2   0   0   0   0   0   0   0   0  39   5   0   0   0   0   0   3   0   0  52  1.01 0.30
  230 Q   -1  2 -1 -1 -3  1  2 -3 -2 -2  0  0  1 -3 -2  1  3 -4 -3 -2    0  15   0   0   0   8  15   0   0   0   9   0   6   0   0  10  37   0   0   0  0.41 0.12
  231 I   -2 -3 -3 -4 -2 -3 -3 -4 -3  4  2 -3  0 -1 -3 -1  3 -4 -2  1    0   0   0   0   0   0   0   0   0  48  21   0   0   0   0   0  31   0   0   0  0.54 0.13
  232 P   -1 -3 -3 -3 -4 -2 -2 -4 -3 -4 -4 -2 -4 -5  8 -2 -2 -6 -5 -3    0   0   0   0   0   0   0   0   0   0   0   0   0   0 100   0   0   0   0   0  2.85 0.16

                      K         Lambda
Standard Ungapped    0.1748     0.3419
Standard Gapped      0.1100     0.3190
PSI Ungapped         0.1748     0.3419
PSI Gapped           0.1100     0.3190
