
Last position-specific scoring matrix computed, weighted observed percentages rounded down, information per position, and relative weight of gapless real matches to pseudocounts
           A  R  N  D  C  Q  E  G  H  I  L  K  M  F  P  S  T  W  Y  V   A   R   N   D   C   Q   E   G   H   I   L   K   M   F   P   S   T   W   Y   V
    1 M   -2 -3 -3 -4 -2 -1 -3 -4 -3  3  2 -2  5  0 -3 -2 -1 -2 -2  2    0   0   0   0   0   0   0   0   0  50   0   0  50   0   0   0   0   0   0   0  0.46 0.00
    2 V   -1 -3 -3 -3 -2 -2 -3 -4 -3  2  0 -3  0 -2 -3 -1  2 -3 -2  4    0   0   0   0   0   0   0   0   0   0   0   0   0   0   0   0  20   0   0  80  0.50 0.04
    3 S    2 -1  0 -1 -2 -1 -1 -1  4 -3 -3 -1 -2 -3 -2  4  2 -4 -1 -2   17   0   0   0   0   0   0   0  17   0   0   0   0   0   0  50  17   0   0   0  0.53 0.04
    4 K   -1  3  0 -2 -4  1  0 -2  4 -4 -3  4 -2 -3 -2  1 -1 -4 -2 -3    0  13   0   0   0   0   0   0  15   0   0  57   0   0   0  15   0   0   0   0  0.67 0.06
    5 K   -1  3 -1 -1 -3  1  2 -2 -1  0 -2  4 -1 -3 -2  1 -1 -4 -3 -1    0  15   0   0   0   0  15   0   0  13   0  40   0   0   0  17   0   0   0   0  0.42 0.04
    6 D   -2  2  0  4 -4  2  2  1 -1 -4 -4  2 -3 -4 -2 -1 -2 -4 -3 -4    0  14   0  29   0  11  14  11   0   0   0  21   0   0   0   0   0   0   0   0  0.58 0.05
    7 K   -2  4 -1 -1 -4  3  2 -3 -1 -4 -3  4 -2 -4 -2 -1 -1 -4 -3 -3    0  25   0   0   0  21  10   0   0   0   0  44   0   0   0   0   0   0   0   0  0.81 0.08
    8 Q    0  2  1 -1 -3  4  2 -2 -1 -4 -3  1 -2 -4 -2  2 -1 -4 -3 -3    9  12   9   0   0  27  17   0   0   0   0   8   0   0   0  19   0   0   0   0  0.52 0.07
    9 I   -1 -3 -3 -3 -2 -2  0 -4 -3  3  2 -2  0 -1 -3  0  1 -3 -2  2    0   0   0   0   0   0   8   0   0  39  17   0   0   0   0   9  11   0   0  16  0.32 0.07
   10 H   -1  1 -1 -3  3 -1 -2  1  4 -2  0 -1 -1 -1  1  1 -1 -3  1 -2    0   9   0   0  11   0   0  11  20   0  16   0   0   0   8  18   0   0   8   0  0.25 0.07
   11 S    1  1 -1  0  3  2 -1 -1 -1 -3 -3 -1 -2 -3 -2  3  1 -3 -3 -2   14   9   0   7   9  11   0   1   0   0   1   0   0   0   0  40   8   0   0   0  0.39 0.07
   12 D   -1 -1  0  4 -3  1  1  1  1 -4 -4  0 -3 -4 -2  3  1 -4 -3 -3    0   0   0  30   0   9   5   9   5   0   0   6   0   0   0  29   7   0   0   0  0.51 0.10
   13 H   -2 -1  1  0 -4  2 -1 -3  6 -3 -1  0 -2  1  1  1 -2 -3  0 -3    0   0   5   6   0  15   0   0  35   0   9   6   0   7   6  11   0   0   0   0  0.51 0.12
   14 N   -2  1  5  1 -4  1 -1 -2 -1 -1 -1  1 -2 -3 -3  1  0 -4 -3 -2    0   7  41   6   0   8   0   0   0   5   7  10   0   0   0  12   5   0   0   0  0.50 0.11
   15 P   -2  0  1  0 -5 -2  0 -4 -3 -1 -4 -1 -4 -5  7 -2 -3 -6 -5 -3    0   6  10   4   0   0   4   0   0   5   0   4   0   0  67   0   0   0   0   0  1.73 0.26
   16 Q   -2 -1  1 -2 -4  5  0 -3 -1 -2 -1  0  2 -3  0  1 -1 -4 -3  1    0   0   9   0   0  39   4   0   0   0   4   3   8   0   5  12   0   0   0  15  0.51 0.18
   17 D   -1 -1  0  3  2  0  0 -1  1 -3 -2 -1 -2  0  2  1  0 -3  2 -2    3   4   4  25   6   4   6   3   3   0   4   0   0   4   9  10   4   0  10   3  0.25 0.08
   18 A    3 -2 -2 -3  1  1 -2  1 -3  0 -1 -2 -2 -3  2  0  2 -4 -3  0   36   0   0   0   4   9   0   9   0   9   3   0   0   0   9   4  13   0   0   3  0.35 0.13
   19 S    2  0  0  1 -3  1  0 -2 -2 -2 -2  1  0 -3  0  2  1 -4 -1 -1   18   3   4   8   0   6   5   0   0   0   3   7   3   0   3  25  10   0   2   2  0.27 0.10
   20 P   -1 -1 -3  0 -4  0 -2 -2 -3 -3 -4  0 -3  0  6 -1  0 -5 -4  0    2   2   0   6   0   4   0   3   0   0   0   5   0   4  54   3   7   0   0   9  1.22 0.23
   21 V   -1 -3 -3 -4  0 -1 -3 -1 -3  2  1 -1  2 -1  1 -1  1 -3 -3  3    0   0   0   0   3   4   0   4   0   8  11   3   9   2   6   3  11   0   0  35  0.28 0.12
   22 E   -2  1  1  3 -4  0  3 -3  1 -1 -3  1  0 -4  1  0 -2  1 -3  0    0   7   8  18   0   0  24   0   5   3   0   6   3   0   7   8   0   2   0   9  0.38 0.12
   23 W   -1 -2 -1  0 -3  0  1 -1 -2  0  0  0  1  1  2  0 -1  5 -1  0    4   0   3   5   0   3  12   4   0   3  10   8   6   7  10   5   3  10   0   8  0.18 0.07
   24 A    2 -2  0  1  3  2 -1  2 -2 -3 -2  0 -2 -1  1  1  0 -4 -3 -1   20   0   4   8   8  12   0  15   0   0   4   4   0   3   5  10   4   0   0   3  0.22 0.10
   25 E   -1 -1 -1  3 -5  2  4 -2 -2 -3 -4  1 -1 -4  1 -1 -1 -5 -1 -3    5   2   0  17   0   7  42   2   0   2   0   6   2   0   7   3   4   0   2   0  0.66 0.18
   26 I   -1 -1 -1 -3  2 -2  0 -4 -3  3  0 -1  1 -1 -1  0 -1 -4 -2  2    2   3   3   0   5   0   9   0   0  27   6   5   3   3   3   6   2   0   0  23  0.22 0.11
   27 R   -1  5 -1 -2 -1  1  1 -1  0 -4 -1  3 -2 -4  0  0 -1 -4 -3 -3    2  39   2   0   2   4   9   5   2   0   6  17   0   0   3   8   2   0   0   0  0.57 0.18
   28 H    1  1  1 -1 -4  1  2 -2  4 -3 -3  1 -2 -3 -1  1  1 -4 -1 -2   13   9   5   0   0   7  14   2  15   0   0  11   0   0   2   7  10   0   2   2  0.36 0.13
   29 K   -1  2  0  1 -4  2  1 -2  0 -2 -2  3  0  1 -1 -2 -1 -3 -1  0    4  12   3   7   0  10   8   2   1   0   3  24   2   8   2   0   2   0   2   9  0.25 0.12
   30 L    0  1  0 -2 -1  0 -2 -1 -3  0  2  1  4 -2  0 -2  0 -4 -3  0    6   8   6   1   1   3   0   4   0   4  28   9  16   0   3   0   5   0   0   4  0.21 0.12
   31 L    0 -1 -2 -2  1  2  0 -2 -2  1  2 -1  2 -2 -3  0 -1 -4 -3  1    9   3   0   1   3  11   5   2   0  10  32   2   5   0   0   7   3   0   0   7  0.20 0.11
   32 A    3 -2 -2 -1  0  1  0  0 -2 -2 -3  1 -2 -3 -1  1  1 -4 -1  0   36   0   0   3   2   7   6   5   0   2   0  11   0   0   1  10   7   0   2   6  0.33 0.16
   33 F    0 -1 -3 -1 -1 -2  0 -3  0  1  2 -2  1  4 -4 -1 -2 -2  1  0    8   4   0   4   1   0   7   1   2   7  19   2   3  29   0   2   1   0   5   4  0.30 0.15
   34 Q   -2  0  0  1 -2  3  3 -2  0 -4 -3  1  0 -4 -1  2 -1 -5 -4 -1    0   5   4   6   1  19  20   3   2   0   1   8   2   0   2  19   3   0   0   4  0.44 0.20
   35 E   -2  0  1  1 -5  2  5 -3 -1 -5 -3  1 -3 -2 -1  0  0  4 -3 -3    1   4   5   7   0   8  42   1   1   0   1   7   0   2   3   7   5   6   0   1  0.67 0.26
   36 N    0  1  4  1 -4  1  1 -2  1 -3 -2  0  0 -4 -2  1 -1 -5 -2  0    7   7  22   8   0   6  11   1   3   1   2   5   2   0   1  14   2   0   1   7  0.33 0.18
   37 I   -2 -2 -3 -2 -1 -2  0 -3 -3  4  1 -1  1 -1 -2 -1  1 -4 -2  2    2   1   1   1   1   1   8   1   0  29  16   5   4   2   1   5   8   0   1  14  0.30 0.18
   38 Q   -1  2  0  1 -4  4  2 -3 -1 -2  0  1  0 -3 -1  0  0 -4 -2 -2    3  13   3   7   0  25  11   1   1   3   9   6   2   1   3   6   6   0   1   1  0.37 0.21
   39 S    1  0  0  1 -3  0  1  1  0 -2 -3  1 -1 -1  1  2  1 -3  1 -2   10   4   4   8   0   2   7   9   2   2   1  11   1   2   5  16   7   0   6   1  0.18 0.11
   40 G    0 -1  1 -1 -3  1  0  0 -1  0  0  0 -1  0  1 -1  0  3 -1  1    8   3   9   3   0   6   5   8   1   7   8   7   1   4   6   3   3   5   2  11  0.06 0.05
   41 S    1 -1  0  0 -1  0  2  0 -1 -2 -2  0  0 -1  0  1  2 -4 -2 -1    9   3   4   5   1   3  19   6   1   1   3   4   3   2   4  13  13   0   1   5  0.19 0.13
   42 D   -4 -4  1  7 -8 -4  0 -4 -5 -8 -7 -3 -8 -5 -2 -3 -4 -9 -8 -8    1   1   7  78   0   1   6   1   0   0   0   1   0   1   2   1   1   0   0   0  2.29 0.87
   43 I   -4 -4 -2 -4 -2 -6 -3 -6 -3  6  1 -2 -1  0 -4 -4 -1 -6 -2  1    1   1   2   1   1   0   2   0   1  56  14   2   1   4   1   1   3   0   1   9  1.18 0.53
   44 D   -3 -6 -1  7 -8 -2  1 -4 -4 -8 -8 -5 -8 -6 -5 -3 -4 -4 -8 -8    2   0   3  81   0   1   8   1   0   0   0   0   0   0   1   1   1   0   0   0  2.43 0.92
   45 A    3 -2  0  0  0  0  1 -2 -3 -2 -1  1 -2 -4 -2  2  0 -3 -4 -2   33   2   3   5   2   3  10   2   0   2   6   7   1   0   1  16   4   0   0   2  0.41 0.29
   46 R   -2  1  2  3 -4  0  3  0  0 -3 -2  1 -3 -4 -1  0 -1 -5 -1 -3    3  10  11  17   0   4  18   6   2   1   5   8   0   1   3   5   3   0   2   2  0.38 0.24
   47 S    1 -2  1  4 -2 -2  0 -2  1 -3 -2  0 -2 -2 -4  2  1 -3 -2 -2   11   2   7  27   1   1   4   3   4   1   4   5   1   2   0  14   9   0   1   3  0.42 0.28
   48 D   -2 -1  3  4 -5 -1  2  1 -1 -5 -4  1 -3 -4 -2  0  0  1 -2 -3    3   2  15  25   0   1  13   9   1   0   1   8   0   0   2   6   6   2   2   1  0.55 0.33
   49 D   -4 -1  3  7 -2 -2 -1 -3 -2 -8 -6 -2 -6 -8 -6 -3 -2 -9 -5 -7    1   3  16  65   1   1   3   2   1   0   1   2   0   0   0   2   2   0   0   0  1.90 0.80
   50 P   -2 -3  0 -3 -2 -3 -4 -4 -4 -1 -3 -6 -2 -3  7 -1  0 -8 -7 -1    3   2   4   2   1   1   1   1   0   3   3   0   1   1  63   5   5   0   0   4  1.72 0.78
   51 Q   -2 -2  0 -2 -1  5  0 -3  0 -1  1 -2  0  2 -4  0  0 -5 -1 -1    3   2   5   2   1  27   6   1   2   3  17   2   2   8   0   6   6   0   2   4  0.42 0.32
   52 M    0 -3 -2 -3 -1  0 -2 -4 -2 -3  3 -2  7  2 -4 -1 -3 -1  0 -2    8   1   2   1   1   4   2   1   1   0  28   2  28   8   1   5   1   1   3   1  0.81 0.47
   53 C    1 -6 -2 -6  8 -6 -4 -4 -3 -1 -2 -6 -2 -3 -7 -1 -3 -4 -3  4    9   0   2   0  35   0   1   2   1   2   3   0   1   1   0   4   1   0   1  36  1.51 0.65
   54 G    3 -4 -2 -2 -3 -3 -3  1 -2 -1 -4 -3 -4 -6  1  4  0  0 -3  0   28   0   2   2   1   1   1   9   1   3   1   1   0   0   6  31   6   1   1   5  0.63 0.42
   55 L   -2 -4 -2  1 -4  0  5 -6  0 -1 -1 -2 -1 -3  2 -2 -1 -6 -3  0    3   0   1   8   0   3  43   0   2   4   6   1   2   1   9   3   4   0   1   8  0.72 0.44
   56 Y   -6 -8 -8 -5 -4 -8 -6 -9  0 -5 -4 -8 -3  1 -9 -4 -7 -2  9 -5    1   0   0   1   0   0   1   0   2   0   2   0   1   4   0   1   0   0  87   1  3.36 1.28
   57 V    4 -2 -4  0 -3 -1 -2 -2 -3  0 -2 -2 -2 -4 -5  0 -1 -6 -4  4   31   2   0   5   0   2   2   3   1   5   3   2   1   0   0   6   3   0   1  31  0.64 0.42
   58 S    0 -1  2  3 -1  1  2 -2  1 -3 -4  1  0 -3  0  0 -1 -4 -3 -1    8   3  10  16   1   5  14   2   3   1   1  10   3   1   5   8   3   0   0   5  0.33 0.25
   59 D   -5 -4 -3  7 -9 -1  4 -4 -2 -7 -6 -4 -8 -5 -5 -2 -3 -9 -8 -7    1   1   1  61   0   3  25   1   1   0   1   1   0   0   1   2   1   0   0   0  1.97 0.89
   60 I   -4 -8 -4 -9 -4 -6 -8 -9 -4  8 -2 -8  0 -4 -8 -5 -6 -8 -4  1    1   0   1   0   0   0   0   0   0  84   2   0   2   1   0   1   0   0   1   7  2.56 1.01
   61 Y   -4 -5 -4 -1  0 -3 -2 -8  2 -2 -2 -7  0  6 -8 -7 -4 -4  7 -3    1   0   1   4   2   1   3   0   5   2   3   0   3  33   0   0   1   0  38   2  1.76 0.77
   62 E    1  0  2  2 -3  1  3 -1  0 -4 -3  2 -3 -6 -4  0 -1 -6 -3 -3   11   5   9  10   1   7  17   4   2   1   2  15   1   0   0   8   4   0   1   2  0.42 0.30
   63 Y   -6 -6  2 -4 -8 -7 -6 -8  4 -7 -7 -7 -4  2 -8 -3 -1 -1  8 -5    0   0   8   1   0   0   0   0   9   0   0   0   0   8   0   2   5   1  64   1  2.44 1.01
   64 L   -5 -7 -5 -8 -4 -6 -8 -7 -2 -2  5 -7  6  0 -8 -5 -4 -1  4 -3    1   0   1   0   0   0   0   0   1   1  55   0  18   4   0   1   1   1  14   1  1.63 0.75
   65 R   -4  6 -1 -5 -2  1 -3 -6  3 -5 -4  3  0  0 -6 -4 -3  2  0 -4    1  43   3   0   1   6   1   0   6   1   2  20   3   4   0   1   1   2   4   1  1.22 0.61
   66 E    0  0  0  1 -3  2  3 -3  1 -2 -2  1 -1 -2 -4  1 -1 -2 -2 -1    7   4   4   7   0   9  24   2   4   2   4   8   2   1   0   9   4   1   2   5  0.32 0.24
   67 L    0  2 -1 -5 -1 -1 -3 -4 -1  1  3 -2  4 -1 -5 -2  0 -3 -5  0    6  13   3   0   1   2   1   1   1   8  31   2  13   2   0   3   5   0   0   5  0.53 0.34
   68 E   -5 -3 -3 -2 -9  0  7 -6 -3 -5 -7 -3 -7 -6 -7 -3 -5 -9 -8 -5    1   1   1   2   0   3  86   0   1   1   0   1   0   0   0   2   0   0   0   1  2.51 1.10
   69 V    0  0  0 -1 -1  0  1 -2  0  1  0  1  1 -2 -3  0  1 -2 -1  2    7   4   4   3   1   3   8   2   2   7  11  10   3   1   1   5   9   1   2  15  0.10 0.10
   70 K   -2  2  1  1 -1  2  2 -3  0 -3 -3  4 -2 -4 -3 -1  0 -3 -2 -2    3  11   7   7   1   8  14   1   2   2   3  26   1   1   1   3   6   0   1   2  0.50 0.30
   71 P    0  0  1 -2 -1  1  0 -2  2 -2 -2  0 -1  1  2  1  1  0  2 -2    6   6   6   2   1   6   5   3   5   2   4   6   1   7  10   9  11   1   8   2  0.18 0.13
   72 K    0  2  0 -1 -1  1  0 -1  0 -1 -1  2  1 -2  0  0  0 -3 -1 -1    7  11   5   3   2   7   5   4   2   3   6  15   5   2   5   6   6   0   2   4  0.14 0.10
   73 L   -1  0 -2 -2  0 -1  0 -3  0  1  1 -2  2  0  2 -1  0 -2  1  1    4   6   2   1   3   2   7   2   2  11  14   2   6   5  10   3   5   1   5  11  0.14 0.11
   74 R   -2  5  2 -1 -2  0 -1 -3 -1 -3 -1  1  1  0 -1 -1 -2  0 -1 -3    3  36   9   4   1   4   3   1   1   2   8   7   4   4   3   4   2   1   2   2  0.55 0.32
   75 P   -1 -3 -3 -4 -1 -3 -3 -4 -3 -2 -4 -2 -3 -4  7 -2 -3 -5 -1 -1    4   1   2   1   1   1   1   2   1   2   2   2   1   1  65   3   1   0   2   4  1.76 0.73
   76 L    0  0  1  0  1 -1 -1 -2 -1  1  1  0  1 -1 -2  1  0 -1 -1  0    5   4   7   5   3   2   3   3   1   8  18   4   4   2   2  14   5   1   2   6  0.06 0.07
   77 H    0 -1  0 -1 -1  0  0 -1  3  0 -2  0  1 -1  3  0  0 -1  0 -1    8   3   4   2   1   4   6   5   7   5   4   5   4   3  18   6   7   1   3   4  0.21 0.12
   78 D   -3 -1  5  5 -2 -1 -1 -1  1 -4 -3  0 -3 -4 -3 -1 -1 -2 -2 -3    2   3  27  33   1   2   3   4   4   1   3   5   1   1   1   4   3   1   2   2  0.88 0.43
   79 Y   -5 -4 -2 -4 -3 -5 -5 -5  0 -5 -4 -2 -1  3 -5 -4 -4 -2  8 -5    1   1   2   1   1   0   0   1   2   0   2   3   1  12   1   1   1   0  69   1  2.36 0.90
   80 I   -4 -5 -5 -2 -1 -3 -5 -4 -3  2  3 -4  8  0 -5 -5 -3 -2 -1 -1    1   0   0   2   1   1   1   1   1  10  24   1  43   4   1   1   1   0   2   4  1.37 0.63
   81 E    0  0  1  3 -4  1  3 -2  1 -3 -2  0  1 -1 -1  1 -1 -5 -3 -3    6   3   5  16   0   7  21   2   3   1   5   5   3   2   2   9   4   0   1   2  0.34 0.23
   82 K   -1  3  1  0 -4  1  0  0  1 -3 -3  3 -1 -3 -1  1  1 -4 -2 -2    5  14   7   5   0   5   6   7   4   1   2  20   1   1   2   9   8   0   1   2  0.32 0.20
   83 I   -1  0 -1 -1  0  0 -1 -1  0  2  0 -1  1  0 -1  0  0 -1  0  2    4   5   4   3   2   4   3   4   2  14  10   4   4   5   2   5   7   1   3  16  0.06 0.05
   84 Q   -3 -2 -2 -4 -5  8 -2 -3  3 -6 -5 -1 -2 -4 -2 -2 -3  0 -2 -5    2   2   2   1   0  72   1   2   6   0   1   3   1   1   2   2   1   1   1   0  2.01 0.89
   85 E   -1  1  0 -1 -1  1  0  0  1 -2 -3  2 -2 -3  3  0  1 -5 -2 -1    4   8   3   2   1   7   5   8   3   2   2  11   1   1  17   8  10   0   1   3  0.31 0.20
   86 D   -2 -3  1  5 -2 -1  4  0  2 -5 -5 -2 -3 -3 -3 -1 -2 -6 -2 -4    2   1   6  31   1   2  31   9   4   0   1   2   1   1   1   3   2   0   1   1  0.86 0.43
   87 I   -4 -6 -5 -6 -3 -3 -6 -7 -3  6  3 -5  3 -2 -5 -4 -3 -6 -4  3    0   0   0   0   0   1   0   0   1  47  24   1   7   1   0   1   1   0   0  16  1.26 0.53
   88 T   -2  0  4  0 -3  1 -2 -3 -2 -2 -4 -1 -2 -5 -4  2  5 -6 -5 -3    2   4  21   4   0   6   2   1   0   2   1   4   1   0   0  12  38   0   0   1  0.84 0.47
   89 P    1 -3 -1 -1 -2 -1  1 -1  1 -3 -4 -1  0 -4  4  0 -2  6 -2 -1   14   1   2   3   1   2  10   5   4   1   1   3   3   0  23   5   2  15   1   4  0.66 0.35
   90 S   -1  2  1  0 -3  1  1 -1  2 -3 -2  3  0 -3 -2  1  0 -1  0 -2    4  12   7   5   0   5   8   3   5   1   4  18   3   1   1  12   5   1   4   2  0.26 0.19
   91 K   -2 -4 -4 -3 -6 -2 -4 -7  1 -3 -2 -1  9 -3 -6 -2 -1 -6 -3 -1    3   1   1   2   0   2   1   0   3   0   2   3  70   1   0   2   4   0   1   4  2.24 0.90
   92 R   -6  8 -5 -6 -8 -3 -5 -7 -1 -8 -7 -1 -6 -8 -7 -5 -6  0 -6 -7    0  96   0   0   0   0   0   0   1   0   0   2   0   0   0   0   0   1   0   0  2.99 1.05
   93 G    3 -2 -1 -2  1 -2  0  2 -3 -3 -3 -2 -1 -2 -2  2  1 -3 -1 -2   32   2   2   1   3   1   5  18   0   1   1   1   2   1   2  16   8   0   3   1  0.47 0.31
   94 V   -2 -3 -4 -3 -3 -4 -3 -6 -1  6  0 -2  1 -3 -6 -2  0 -5 -1  3    3   2   1   1   0   0   1   0   2  52   5   2   3   0   0   3   6   0   2  16  0.97 0.47
   95 L   -4 -6 -7 -7 -1 -6 -6 -7 -6 -1  6 -6  1 -1 -6 -6 -3 -5 -5 -1    1   0   0   0   1   0   0   0   0   1  87   0   3   1   0   0   1   0   0   3  1.81 0.72
   96 V   -2 -5 -3 -6 -2 -5 -6 -5 -6  5  0 -5  2 -3 -6 -4 -2 -5 -3  5    3   0   1   0   1   0   0   1   0  30   7   0   5   0   0   0   1   0   0  48  1.26 0.54
   97 D   -2 -3  2  7 -4 -4  0 -2 -4 -5 -5 -3 -6 -7 -5 -2 -4 -7 -6 -5    3   1   7  74   0   0   6   3   0   1   1   1   0   0   0   2   1   0   0   1  1.91 0.73
   98 W   -6 -3 -4 -8 -7 -4 -7 -7 -1 -4 -6 -5 -6  1 -8 -5 -7 12 -3 -7    1   1   1   0   0   1   0   0   1   1   0   1   0   4   0   1   0  86   0   0  4.29 1.28
   99 L   -4 -5 -6 -6 -4 -3 -5 -6 -5  2  5 -5  5 -1 -5 -5 -4 -5 -4 -1    0   0   0   0   0   1   0   0   0   9  67   0  16   2   0   0   0   0   0   2  1.45 0.58
  100 V   -2 -5 -2 -2 -2 -4 -3 -3 -2  4  0 -4  1 -1 -5 -2 -2 -5 -2  5    2   0   2   2   1   0   1   2   1  24   5   1   4   2   0   2   2   0   1  48  0.89 0.45
  101 E   -3 -2 -1  3 -6  3  6 -3 -1 -6 -4 -1 -4 -4 -3 -2 -2 -6 -5 -4    1   2   3  13   0  16  52   2   1   0   2   3   0   1   1   1   2   0   0   1  1.23 0.59
  102 V   -2 -5 -6 -6 -4 -5 -4 -5 -6  1 -1 -4  1 -1 -5 -4 -2 -5 -5  6    2   0   0   0   0   0   1   1   0   5   4   1   4   3   0   1   1   0   0  75  1.59 0.69
  103 A    1 -3 -1 -3  3  3 -3 -1  7 -4 -3 -3 -2 -3 -4  1 -1 -5 -2 -1   14   1   2   1   6  13   1   4  35   1   2   0   1   1   0  11   3   0   1   5  0.96 0.51
  104 E   -1  0 -1  1 -1  1  3 -2  1 -1  0  0  0 -1 -3  0  0 -1  1 -1    2   5   2   7   1   5  24   3   4   3   8   3   3   3   0   8   6   1   6   5  0.20 0.17
  105 E   -2  2  0 -1 -1  1  3 -3  2 -4 -3  3  2 -2 -4  0 -1 -2 -1 -1    2  14   3   3   2   6  22   2   5   0   1  17   6   2   0   6   3   1   2   5  0.42 0.28
  106 F   -2 -3 -3 -4 -1 -3 -2 -6  0 -3  0 -1 -2  6 -6 -5 -4  0  6 -4    3   1   1   1   1   1   3   0   2   1   7   4   1  44   0   0   0   1  29   0  1.40 0.58
  107 E   -2  2  1  1 -3  1  3 -1  1 -4 -4  3 -2 -5 -2  0 -1 -5 -4 -4    1  12   8   8   1   6  23   4   4   1   1  21   1   0   1   5   2   0   0   0  0.58 0.32
  108 L   -3 -4 -4 -6  0 -3 -5 -6 -1  1  5 -2  3  2 -5 -5 -3 -4 -2 -1    1   1   1   0   2   1   0   0   1   6  63   2   8   9   0   0   1   0   1   2  1.06 0.49
  109 V   -1  0  0 -2  1  0 -1 -3  3 -1  2 -1  2 -2 -2  1  0 -1 -2  1    5   4   5   1   4   5   2   1   8   1  20   4   8   1   1  14   6   1   1   9  0.15 0.17
  110 S   -1  0  0  1 -5  2  0 -2  2 -3 -2 -1 -3 -3  4  1  0 -5 -4 -3    3   5   5   8   0  12   5   2   7   1   5   2   0   1  26  14   4   0   0   1  0.56 0.31
  111 E   -3  0  0  2 -6  1  6 -1 -1 -5 -3 -1 -4 -6 -2 -2 -2 -6 -5 -4    1   6   5   9   0   4  60   4   1   0   3   2   0   0   1   1   2   0   0   1  1.09 0.48
  112 T   -1 -4 -2 -4  1 -4 -4 -3 -5 -2 -4 -4  1 -1 -2  0  7 -6 -5 -2    3   0   1   0   3   0   0   1   0   2   0   0   4   3   1   4  75   0   0   2  1.50 0.65
  113 L   -3 -1 -6 -6 -4 -4 -6 -6 -5  0  5 -5  1  2 -6 -5 -2  1  0 -1    2   4   0   0   0   0   0   0   0   3  71   0   3   8   0   0   2   2   3   3  1.12 0.47
  114 Y   -1 -4 -2 -5 -1 -1 -3 -6  5 -4 -2 -4 -1  5 -6 -4 -3  2  6 -4    5   0   2   0   2   3   2   0  19   0   2   0   1  25   0   0   2   2  37   0  1.39 0.54
  115 L   -2 -2 -2 -6 -4 -2 -5 -4 -1  2  5 -3  3  0 -5 -3 -2 -4 -1 -1    2   3   2   0   0   1   0   1   2  11  63   1   6   3   0   2   2   0   1   2  0.85 0.40
  116 T    4 -4 -2 -2  3 -1 -3 -1 -4 -2 -2 -3  1 -1 -3  1  3 -5 -4 -2   39   0   1   1   6   2   0   3   0   1   4   0   3   3   0  10  25   0   0   0  0.64 0.38
  117 V   -1 -5 -5 -6  0 -1 -5 -4 -1  3  0 -5  1 -1 -5 -3 -1 -5 -4  5    3   0   0   0   2   2   0   1   1  18   5   0   3   2   0   1   3   0   0  57  0.98 0.44
  118 S    0 -1  5  2 -2 -1 -1 -1  0 -3 -3  1 -2 -2 -4  2  0 -4  1 -3    8   2  33  11   1   2   1   2   2   1   1   7   1   1   0  16   3   0   6   1  0.55 0.31
  119 Y   -3 -3 -3 -6  0 -4 -5 -6 -2  3  3 -5  1  1 -4 -4 -2  4  5  0    1   2   2   0   2   0   0   0   1  22  28   0   3   6   1   1   2   6  24   3  0.80 0.34
  120 I    0 -4 -4 -5 -3 -3 -4 -4 -4  4  2 -4  3  1  0 -1  0 -4 -2  2    6   0   0   0   0   0   0   0   0  30  14   0  10   6   4   6   6   0   0  18  0.50 0.22
  121 D   -4 -4  2  7 -6 -3  1 -4  3  0 -5 -3 -5 -6 -5 -3 -3 -7 -5 -4    0   0   9  68   0   0   7   0   7   9   0   0   0   0   0   0   0   0   0   0  1.61 0.48
  122 R    0  0  0  0  2  1  0 -1  2  0 -1  0  1 -2 -3  0  0  3  1  0    6   6   6   6   6   6   6   6   6   6   6   6   6   0   0   6   6   6   6   6  0.09 0.13
  123 F   -4 -6 -6 -7  0 -6 -7 -7 -2 -3 -3 -6 -1  7 -7 -4 -3 -4  7 -2    2   0   0   0   2   0   0   0   1   2   2   0   1  44   0   1   2   0  39   3  2.18 0.89
  124 L   -4 -6 -7 -7  0 -6 -7 -7 -7  0  6 -6  2 -2 -7 -4 -2 -6 -6 -1    1   0   0   0   2   0   0   0   0   4  79   0   4   2   0   1   2   0   0   3  1.81 0.81
  125 S    0 -1 -2 -2  0  2 -1 -3 -1 -6 -5 -2  1 -4 -4  5  0 -1 -3 -4    9   3   1   2   2   9   4   2   1   0   1   2   4   1   1  52   4   1   1   1  0.98 0.61
  126 L    0  2 -1 -2  0  0 -1 -2 -1  0  1  2  0 -1 -3  0  0 -1  0  1    6  11   2   2   2   5   4   3   1   5  12  12   3   2   1   6   5   1   4  14  0.10 0.12
  127 K   -1  3  2 -2 -1  1  1 -3  2 -2 -3  3  2 -2 -1 -1  0 -5 -2  0    5  15  10   2   1   6   8   2   4   2   1  17   5   1   2   5   5   0   1   7  0.33 0.28
  128 M    0  0  1 -1 -1  0 -1 -2 -1  0 -1  0  0 -2  2  1  1 -4 -1  1    7   5   6   3   2   4   3   2   1   5   6   6   2   2  11  10  10   0   2  13  0.13 0.14
  129 V   -2 -6 -6 -3  1 -3 -2 -6 -1  3  0 -3  0 -2 -3 -3 -1 -6 -2  5    3   0   0   1   3   1   3   0   1  19   8   1   2   2   1   1   4   0   1  46  0.95 0.51
  130 N   -1 -1  2  0 -2  0  0  0  0 -2 -2  1 -1 -2  2  2  2 -5 -1 -2    4   3   9   5   1   3   5   6   2   2   5   8   1   2  10  17  12   0   2   2  0.22 0.20
  131 E   -2  4 -1 -2 -1  0  0 -2  0 -1  0  3  0 -4  0 -2 -1 -5 -4 -1    3  24   3   2   2   4   5   3   2   4  12  21   2   0   4   3   3   0   0   3  0.45 0.30
  132 H   -1  1  2  2  0  1  0 -1  1 -1 -2  1 -1 -4 -1  1  0  0 -1 -2    5   7  11  10   2   7   6   4   4   3   3  10   2   0   3  11   5   2   2   3  0.18 0.15
  133 W   -2  2  1  0  0  1  2 -2  2 -2 -3  4  0 -1 -4 -2 -1  1  0 -2    3   9   7   5   2   6  13   2   5   3   3  24   2   2   0   2   4   2   3   2  0.37 0.25
  134 L    1 -2 -2 -3 -2 -2 -2 -2 -1  1  1 -2  2  2 -2  1 -1 -1  2  1   12   1   0   1   0   0   1   1   0  12  12   1  11  12   1  12   1   0  11  12  0.18 0.08
  135 Q   -3  0 -2 -3 -3  7  0 -1 -1 -3 -4 -1 -2 -5 -3  0  0 -5 -3 -3    0   2   0   0   1  73   2   5   1   1   1   1   1   0   1   5   6   0   1   1  1.45 0.57
  136 L   -2 -4 -5 -6 -1 -4 -5 -4 -5  0  5 -3  1 -1 -5 -1 -2 -4 -3 -1    2   0   0   0   1   0   0   1   0   3  81   1   1   2   0   6   1   0   0   1  1.05 0.42
  137 V    0 -4  0 -4 -1 -3 -3 -4 -3  2  2 -3  1 -1 -4  0 -1 -4 -1  4    5   0   5   0   1   0   1   0   0   9  28   0   2   2   0   6   1   0   3  38  0.46 0.24
  138 G    1 -4 -3 -2 -1 -4 -4  6 -4 -5 -5 -4 -4 -5 -4 -1 -2 -5 -5 -2   14   0   0   1   1   0   0  76   0   0   0   0   0   0   0   1   2   0   0   4  1.46 0.45
  139 V    1 -3  0 -2  2 -3 -3 -3 -3  3  0 -3  2 -2 -3  0  0  1 -3  3   12   0   6   1   6   0   0   1   0  21   5   0   8   0   0   7   6   3   0  23  0.31 0.20
  140 S    3 -1 -2 -3  1 -2 -2 -1 -3 -1 -1 -2 -2 -3 -3  2  3 -5 -3 -1   31   4   0   0   3   0   0   4   0   2   6   0   0   0   0  20  26   0   0   4  0.50 0.29
  141 A    3  0 -2 -3  6 -2 -2 -1 -3 -3 -3 -2 -3 -3 -2  1  0 -4 -3 -1   38   6   0   0  22   0   1   3   0   0   1   0   0   0   0  13   3   0   0   3  0.59 0.33
  142 M   -1 -3 -3 -4  2 -2 -3 -4 -3  1  3 -3  5  1 -2 -1  0 -3  0  0    2   0   0   0   4   0   0   1   0   6  27   0  24   6   2   5   4   0   2   6  0.37 0.27
  143 F   -2 -1  0 -3  1 -1 -3 -3  0  1  2 -1  1  3 -3 -1 -2  2  3  0    2   2   5   0   4   2   0   1   2   7  20   4   4  17   0   3   0   3  11   4  0.21 0.18
  144 I   -1 -3 -3 -3 -2 -3 -3  0 -3  4  2 -3  1  0 -3 -2  0 -3 -2  1    5   0   0   0   0   0   1   9   0  36  17   0   4   4   0   1   4   0   0   9  0.30 0.21
  145 A    4 -2 -2  0  2  0 -1 -1 -2 -1 -1 -2 -2 -1 -2  0  0 -3 -3  0   45   0   0   4   5   4   3   3   0   3   4   0   0   3   0   5   3   0   0   7  0.28 0.23
  146 S    0  0 -2  0  2 -2 -2  0 -2  0  0 -2 -1  1 -2  0  0  4 -1  0    8   8   0   8   7   0   0   8   0   8   8   0   0   7   0   8   8   7   0   8  0.06 0.11
  147 K    0  1  1 -1 -3  1  1 -2 -1 -1  0  1 -1 -2  1 -1  1 -2  1  0    8   8   8   0   0   8   8   1   0   0   8   8   0   0   8   1   8   0   8   8  0.11 0.11
  148 Y   -2 -1  0 -1  1  0 -2 -3  3 -1 -1 -2  1  3 -3 -1  0 -1  4 -1    1   4   4   4   3   4   1   1   7   4   4   1   5  17   0   4   8   0  20   4  0.30 0.24
  149 E   -1 -2  0  2 -1  0  3 -2  3 -1 -1 -1 -2 -3 -3 -2  0 -3  0  0    3   0   4  12   2   3  29   2   9   4   5   2   0   0   0   1   5   0   3   9  0.28 0.25
  150 E   -2 -1  0  1  0  0  5 -1  0 -4 -4  0 -1 -4 -3  0 -2 -4  0 -4    1   3   3   6   2   2  48   5   2   0   1   4   2   0   0   8   0   0   4   1  0.64 0.40
  151 K   -2  2 -2 -1  0  1 -1 -3 -2  3 -1  1  1 -2 -2 -1 -1 -4 -2  2    2  12   2   3   2   7   3   1   1  20   3   8   4   2   1   5   3   0   1  12  0.20 0.24
  152 R   -2  1  0  1  2 -1  0 -3  1 -2 -2  1 -1  0 -1  1 -1  4  3 -1    2   8   3   8   6   1   5   1   4   2   3   8   1   4   4  11   2   6  13   4  0.19 0.21
  153 R    0  1 -1 -3  1  0 -3 -2  1  1 -2 -1 -1 -3  4 -1 -1 -2  0 -1    9   8   2   1   3   5   1   3   3  11   3   2   1   1  24   4   4   1   3   4  0.34 0.29
  154 P   -2 -4 -4 -6 -2 -1 -2 -7 -6 -1  0 -3  0 -4  7 -2 -4 -7 -4 -3    3   1   1   0   1   3   3   0   0   3   9   1   3   1  58   3   1   0   1   2  1.54 0.85
  155 K   -2  1  1  0  1  1  1 -1  0 -2 -2  2 -1 -3  0  1  1 -5 -2 -2    2   6   8   6   3   6  10   4   2   2   3  13   1   1   4  11   9   0   1   2  0.17 0.21
  156 V   -1 -4 -6 -6 -1 -2 -5 -3 -3  4  2 -3  1 -3 -2 -3 -2 -6 -5  5    4   1   0   0   1   1   0   2   1  20  16   2   3   1   2   2   2   0   0  40  0.88 0.48
  157 E   -1  2  1  3 -3  1  2  0  0 -3 -3  2 -3 -4 -3  1 -1 -2 -2 -4    5  12   6  15   1   6  14   7   2   1   3  12   1   1   1   9   3   1   1   1  0.37 0.28
  158 D    0  0  0  0  2  1  0 -3  2  0 -2  0  1  1  0  0  0  3  1  0    6   6   5   6   5   5   6   0   5   6   0   6   5   5   6   6   6   5   5   6  0.12 0.15
  159 F   -2 -4 -1 -5  0 -2 -5 -3  0  0  1 -2  1  6 -5 -2 -2  2  2 -1    3   0   3   0   2   2   0   3   2   6  15   2   4  41   0   2   2   2   5   4  0.81 0.47
  160 C    1 -1 -1 -3  4 -1 -1 -4  0  2  0 -2  0 -1 -1  1 -1 -4  0  2   10   4   2   0  10   2   3   0   2  12   9   2   2   3   2  11   3   0   3  19  0.20 0.20
  161 Y    0 -1 -1 -1  0 -1  0 -3  2 -2 -2 -1  0  1 -3  0 -2  3  6 -2    8   3   3   4   2   3   5   2   5   2   5   4   3   4   1   8   1   5  29   3  0.53 0.38
  162 I   -1 -2 -5 -3  1 -2 -3 -4 -1  5  2 -5  4 -1 -5 -2 -2 -5 -2  2    4   2   0   1   3   1   2   1   1  33  17   0  10   2   0   3   2   0   1  13  0.66 0.42
  163 T    2 -1 -1 -1  5 -2 -2 -2 -4 -2 -3 -3  0 -4 -4  2  4 -5  1 -1   15   3   3   3  12   2   2   2   0   2   1   0   2   0   0  14  30   0   5   3  0.60 0.45
  164 A    1 -2  1  5  1 -2  1  0 -1 -5 -3 -2 -2 -5 -3 -1 -2 -6 -2 -2   14   2   5  43   4   1   7   8   2   0   2   2   1   0   1   3   2   0   2   2  0.80 0.50
  165 N   -2  0  4  3  0 -1  1  2  1 -5 -4  0 -2 -3 -4  0 -1 -5  0 -5    3   5  24  15   3   2   8  17   3   0   1   5   1   1   0   6   2   0   4   0  0.53 0.37
  166 T    2 -1 -1 -1  1 -1  0  1 -2 -2 -1 -2 -1 -1 -2  1  3 -5 -2 -1   22   2   3   4   3   3   5  10   1   2   5   1   1   3   1  10  21   0   1   3  0.28 0.27
  167 Y   -1 -6 -4 -4  1 -6 -2 -7 -1  0 -4 -6 -5  4 -7 -4 -4  0  8 -2    5   0   1   1   3   0   2   0   1   5   1   0   0  17   0   1   1   1  56   2  1.87 0.87
  168 T    0 -2  0 -1  0  0 -2 -3 -2 -3 -4 -1 -3 -4 -3  3  5 -6 -3 -3    6   2   3   4   2   4   3   2   1   1   1   4   1   1   1  21  42   0   1   1  0.85 0.59
  169 K   -1  3 -1 -1 -1  0  1 -2  1 -2 -3  3 -2 -4 -2  0 -1 -5 -1  0    6  20   3   3   1   3  11   3   3   3   3  21   1   1   2   6   3   0   2   7  0.38 0.30
  170 Q    0  0  0  3 -4  1  4 -2  0 -4 -4  2 -3 -4 -3  0 -1 -2 -2 -3    7   5   4  17   0   7  25   3   2   1   1  13   0   0   1   7   2   1   1   2  0.53 0.38
  171 D   -1  0  0  2  0  2  2  0  1 -1 -1  1  0 -3  0 -1  0 -4 -3 -2    4   3   3  11   3  10  19   7   3   4   7   7   4   0   3   4   7   0   0   0  0.22 0.17
  172 V    0  0 -3 -4 -3 -2  0 -1  1  3  1 -3  2  1 -4 -1 -2  3 -2  2    7   7   0   0   0   0   6   4   4  22   9   0   8   8   0   5   0   5   0  13  0.27 0.22
  173 L   -2  0 -1 -4  0  0 -3 -4  2  1  3 -1  2  1 -1 -1 -1 -3  0  0    2   5   2   0   2   4   0   0   7  10  34   3   5   7   2   3   3   0   2   5  0.28 0.21
  174 K    0  2  0  2 -1  2  2 -1  0 -2 -2  2 -1 -3 -2  0 -1 -4 -3 -1   10  10   3  10   2   8  12   4   2   2   3  18   2   0   0   5   3   0   0   5  0.25 0.18
  175 M    0 -2  1 -2  2  1  0  0 -2  0  0  0  1  1 -3  0  0 -2  1  0    7   0   7   0   6   7   7   7   0   7   7   7   6   6   0   7   7   0   6   7  0.06 0.10
  176 E    0 -3 -3  2 -6 -1  5 -5 -3  0  0  1  2 -5 -4 -3 -3 -6 -5 -3    8   0   0  10   0   0  52   0   0   7   8   8   7   0   0   0   0   0   0   0  0.95 0.41
  177 E   -1  3 -1  0  0  1  1  0  0 -1 -1  1  1 -2 -3  0 -1 -1 -2 -1    4  17   2   5   2   7  10   9   2   4   7   7   5   2   0   8   3   1   1   4  0.15 0.13
  178 D   -1  0  0  2 -1  0  2 -1  2  0 -1  0  0  1 -3  0  0 -3  1 -1    3   4   3  12   1   3  15   5   6   7   6   7   2   6   0   4   6   0   5   4  0.12 0.11
  179 I   -2 -5 -5 -6  0 -5 -5 -6 -5  5  1 -5  4 -1  1 -4 -2 -5  1  3    2   0   0   0   2   0   0   0   0  34  10   0  14   2   6   0   2   0   4  22  0.92 0.41
  180 L   -1 -5 -5 -6  1 -4 -5 -5 -1  0  5 -5  3  2 -1 -4 -2 -4 -3  0    7   0   0   0   3   0   0   0   2   5  54   0   8   8   4   0   2   0   0   6  0.89 0.39
  181 L    0  2  2 -1 -1  1  0 -2  1 -2 -1  3  0 -3 -1  1  0 -5 -2 -1    9  10  12   3   2   7   4   2   3   1   5  18   2   1   3   9   4   0   1   4  0.25 0.18
  182 A    2 -1 -2 -3 -1  0 -1 -3  2 -1 -2  0  0 -1 -2  0  3 -5  0  1   20   2   2   1   1   5   3   1   5   2   3   6   2   3   1   7  20   0   3  12  0.29 0.24
  183 L   -3 -6 -3 -7 -1 -6 -7 -7 -7  2  5 -6  1  0 -7 -2 -3 -6 -5  1    2   0   1   0   1   0   0   0   0   9  69   0   2   3   0   4   1   0   0   9  1.36 0.57
  184 E   -2  0  3  3 -2  1  2  1  0 -4 -5  2 -3 -5 -3 -1 -1 -5 -3 -4    3   3  17  17   1   7  16  10   2   1   0  11   1   0   1   4   4   0   1   1  0.53 0.29
  185 F   -5 -1 -4 -4  0 -5 -6 -1 -2 -4 -3 -5 -4  7 -6 -4 -5  6  3 -3    0   4   1   1   2   0   0   5   1   0   1   0   0  57   0   1   0  11  11   2  1.78 0.65
  186 E   -3  1  3  3 -2  1  3 -3  0 -4 -4  1 -2 -4  0  0 -1 -2 -2 -3    1   9  14  20   1   5  18   1   2   1   1   7   1   1   4   8   3   1   2   1  0.53 0.30
  187 L   -3  0 -4 -6 -2 -4 -5 -6 -5  3  4 -3  3  1 -5 -5 -2 -5 -4  1    1   5   1   0   1   0   0   0   0  20  50   1   6   5   0   0   2   0   0   7  0.98 0.43
  188 G    0  0  2 -2  2 -2 -3  3  1 -4 -5 -3 -3 -2 -5  3  2 -2 -2 -3    5   4   8   1   5   1   1  28   4   1   1   1   1   2   0  20  16   1   1   1  0.62 0.37
  189 R    0  1 -2 -4 -1  0 -3 -2  0  1  0 -2  0  0  0 -1  0  3  2  2    8  10   2   0   1   4   1   3   2   8   6   2   2   4   5   4   6   4   9  17  0.16 0.15
  190 P    0 -4 -1 -4  2  0 -1 -2 -3  0 -2 -3  1 -4  5  0  0 -5  1  0    8   0   4   0   4   4   4   4   0   5   4   0   4   0  37   7   5   0   6   7  0.72 0.39
  191 T   -1 -3  1 -1  2  0 -1 -1  1 -1  0 -2 -2 -1  0  1  4 -4  0 -1    3   0   6   3   6   4   3   4   4   3   8   0   0   3   4  10  30   0   3   3  0.28 0.26
  192 T    1 -3 -2 -1  1  0 -2 -1  0 -1 -2 -1  0 -1  5  2  1 -4 -3 -1   10   0   0   3   3   5   0   3   2   4   4   2   2   2  29  16   7   0   0   5  0.53 0.30
  193 N   -2 -2  1 -2 -1 -2 -2 -4  0  1  1 -1  2  1  0 -1 -2  0  4  0    2   2   9   2   2   1   2   0   2   9  12   4   7   4   5   5   2   1  21   8  0.33 0.24
  194 T   -1  1  1  0  2  0  0 -1  3 -2 -2 -1 -1 -1  0  1  1  1  1 -1    4   8   5   5   4   5   4   3   9   2   4   1   2   2   4  14  12   2   4   6  0.16 0.16
  195 F   -5 -5 -2 -6  0 -5 -6 -6  1 -2 -2 -5 -4  8 -6 -2 -2  6  1 -4    1   0   2   0   2   0   0   1   3   2   4   0   0  61   0   4   3  12   4   0  1.96 0.78
  196 L    0  0  0 -3  2  1 -2  0 -2  0  0  0  1  1 -3 -1  0  4  1  0    7   7   7   0   6   7   0   7   0   7   7   7   6   6   0   0   7   6   6   7  0.11 0.14
  197 R   -1  2  0  1  2  0  1 -1  2 -1 -1 -1  1 -1  0 -1  0  2 -1 -1    4  12   4   7   5   3  11   4   4   3   5   4   4   3   6   4   5   3   3   5  0.15 0.12
  198 R   -1  0  0  0  2  0  0 -1  2  0 -1  0  2  1  0 -1  0  3  1 -1    5   5   5   5   5   5   5   5   5   5   5   5   5   5   5   5   5   5   5   5  0.09 0.08
  199 F   -1 -2  0  0  2  0  0 -1  2  0 -1  0  1  0  0  0  0  3  1  0    5   0   5   5   5   5   5   5   5   5   5   5   5   5   5   5   5   5   5   5  0.07 0.10
  200 I    0 -1  0 -1  2 -1 -1 -2  0  1  0 -3  1  0 -1  3  0 -4  1  0    6   3   3   3   5   3   3   3   3   8  11   0   4   3   3  23   5   0   6   5  0.16 0.20
  201 R   -2  2  1 -2  0  1 -1 -2  0 -2 -2  4  0 -2 -2  1 -1  1 -1 -2    3  13   6   2   2   5   3   2   2   2   4  28   3   2   2  10   3   2   2   2  0.41 0.37
  202 V    3 -2 -2 -3  2 -2 -3 -3  0  2  0 -1  2 -2 -3 -1 -2  0 -1  1   28   2   2   2   5   2   2   2   2   9   9   5   5   2   2   5   3   1   2  11  0.40 0.27
  203 A    3 -2 -1  0  3  0 -1  1 -1 -1 -1 -2 -1 -2 -2  1  0 -4 -1 -1   27   2   3   6   7   5   4   9   1   4   5   2   2   2   2   9   4   0   2   4  0.25 0.23
  204 Q   -2  1  3  0  1  3  1  0  2 -3 -3  1  0 -4  1  0 -2 -4 -2 -3    3   7  13   6   3  13   8   9   6   2   3   7   2   0   6   7   2   0   2   2  0.30 0.25
  205 E    1 -1 -1  1  0  0  1 -1  0 -2 -1 -1  0 -1  0  0  0 -1  1  0   13   2   2   8   3   4  11   5   3   2   8   4   2   2   4   8   6   1   6   6  0.08 0.10
  206 D   -3 -1  1  5  1 -2  1 -1  0 -2 -4 -2 -2 -3 -2  1 -1 -1 -2 -3    3   3   6  35   2   2   8   4   2   3   2   3   1   1   3  12   4   1   1   2  0.71 0.41
  207 F   -1 -1  0  0  0  0  1 -1  0  0  0  0  2  1 -1  0 -1  0  2 -1    6   4   5   7   2   4   8   5   2   5   8   7   6   7   3   6   4   1   8   4  0.06 0.05
  208 K   -2  1  0  1 -1 -1  1 -2  0 -2 -2  4 -2 -2 -1  0 -1 -1 -1 -2    3   8   5   7   2   3   9   4   2   2   5  27   1   2   4   6   5   1   2   4  0.37 0.23
  209 V    0 -2 -1 -2  1  0 -1 -2 -1  1 -1 -1  1 -1 -1 -1  2  0  0  3    9   2   3   3   3   4   5   3   1   6   6   4   4   3   3   5  13   1   3  18  0.17 0.11
  210 P    0  0  0  0  2  0  0 -1  1  0 -1  0 -2  0  0  0  0  3  1 -1    5   5   5   5   5   5   5   5   5   5   5   5   0   5   5   5   5   5   5   5  0.06 0.07
  211 N   -1  0  0  0  2  0  0 -1  2  0 -1  0  2  1  0 -1  0  3  1 -1    5   5   5   5   5   5   5   5   5   5   5   5   5   5   5   5   5   5   5   5  0.09 0.08
  212 L   -1 -1 -2 -2  1  0 -2 -2  0  0  3 -1  3  0 -1 -2  0  1  0  0    6   3   2   3   3   4   3   3   3   6  25   4   7   4   3   4   5   2   4   7  0.22 0.15
  213 Q    0  1  0  0 -6  3  2 -2  3 -2 -2  1  1 -1 -1 -1  0 -6  0 -2    9   7   4   5   0  14  11   3   7   3   4   7   3   2   3   5   6   0   3   3  0.27 0.23
  214 L   -1  0  0  0  2  0  0 -1  2  0 -1  0  2  1  0 -1  0  3  1 -1    5   5   5   5   5   5   5   5   5   5   5   5   5   5   5   5   5   5   5   5  0.09 0.08
  215 E   -1  3 -1 -1 -6  1  2 -1  4 -1 -2  0  1 -1 -2 -1 -1 -5  0 -2    4  14   3   3   0   6  16   4  10   4   5   6   3   3   3   5   4   0   3   3  0.31 0.23
  216 P   -1  0  0 -2  2  0 -1 -3  3 -1 -1 -1  1  1  0  0  3  1  1 -2    6   5   4   2   4   4   3   3   8   3   6   4   3   7   5   7  16   2   5   3  0.22 0.17
  217 L    0  1 -2 -2 -3  1  0 -3  2  0  0  0  2  1 -2  0  0 -2  1  0    7   7   0   0   0   7   7   0   7   7   7   7   7   7   0   7   7   0   7   7  0.11 0.12
  218 C    4 -3 -2 -1  4 -2 -3 -1  0  0 -2 -3 -1 -2 -3  1 -1 -4 -1  0   41   1   1   4   9   1   0   4   2   5   4   0   1   1   1  11   3   0   2   7  0.50 0.35
  219 C    0  1  0 -2  3  0  0 -2  2 -2 -1  3  1  1 -3  1 -1 -1  1 -1    7   7   5   1   7   2   4   1   6   2   4  20   4   7   0  10   3   1   5   4  0.21 0.20
  220 Y   -4 -1 -5 -3 -2 -2 -2 -4  1 -3 -3 -5  0  4 -6 -4 -2  1  8 -4    1   3   0   2   1   2   3   1   3   1   2   0   2  18   0   1   2   1  55   1  1.71 0.75
  221 L   -2 -5 -5 -6  1 -4 -5 -5 -5  2  4 -5  1  3 -5 -1 -3 -1  0  0    3   0   0   0   3   0   0   0   0  13  48   0   3  14   0   4   0   1   3   6  0.85 0.44
  222 S    1 -3 -2 -4  3 -1 -2 -1 -2  1  2 -3  2 -2 -2  1  0 -4 -3  1   16   0   2   0   8   2   2   4   1   7  24   0   7   1   2  10   5   0   0   8  0.27 0.22
  223 E   -4 -4 -2  4 -7 -1  6 -3 -4 -4 -3 -3 -1 -6 -1 -4 -4 -7 -3 -4    0   0   1  20   0   2  62   2   0   1   4   1   2   0   4   0   0   0   1   1  1.52 0.76
  224 L   -2  0 -3 -5 -2 -2 -3 -4 -1  2  4 -4  3 -1 -4 -1 -1 -5 -1  1    3   5   1   0   1   1   2   1   2   9  48   0   8   1   1   4   3   0   2   7  0.62 0.39
  225 S    2 -2 -2 -4  4 -2 -2 -1 -2 -3 -3 -3  0 -5 -3  4  3 -6 -3 -2   21   2   1   0  10   1   2   3   1   1   2   0   3   0   1  31  18   0   1   2  0.71 0.47
  226 M   -2 -5 -2 -6  1 -3 -4 -6 -2  1  5 -5  2  0 -5 -2 -2 -2 -1  0    2   0   2   0   3   1   1   0   1   8  60   0   5   3   0   2   2   1   2   5  0.91 0.48
  227 L    0  0 -2  0  1  0  0 -1  1  0 -1  0  1  0  0  0  0 -3  1  0    5   5   0   5   5   5   5   5   5   5   5   5   5   5   5   5   5   0   5   5  0.01 0.08
  228 D   -1  0  1  2  2  0  2 -2  2 -1 -2 -1 -3 -1  0  0 -1  1  0 -1    3   4   6  14   4   3  18   3   5   3   3   3   0   3   6   8   4   3   3   5  0.22 0.22
  229 Y   -1 -2 -2 -1 -1 -3 -2 -3  2 -1 -3 -4 -1  2 -1 -1 -1  1  7 -2    4   2   2   3   2   1   3   3   5   4   3   1   1   7   3   5   4   2  42   3  1.05 0.61
  230 S    0  2  0  2  1  0  2  0  1 -3 -3  1 -1 -3 -2  1  0 -1 -1 -3    7  10   4  11   3   3  14   7   4   1   2   7   1   1   2  11   7   1   2   2  0.23 0.21
  231 C   -2 -6 -2 -6  4 -2 -6 -3  0 -1  2 -6  4  5 -2 -1 -1 -5  2 -2    3   0   3   0  10   2   0   2   2   3  16   0  12  26   2   6   4   0   5   3  0.85 0.48
  232 V   -1 -6 -2 -6  1 -3 -3 -3  1  3  3 -6  1 -1 -2 -1 -2 -6 -1  3    5   0   2   0   3   1   2   2   3  13  33   0   3   3   2   4   2   0   2  19  0.62 0.38
  233 K   -1  2  0 -1 -1  2 -1  1  3 -3 -3  2  1 -3 -1  1 -1 -1 -2 -2    6  10   4   4   1  11   4   9   8   1   2  15   3   1   3  10   4   1   1   3  0.30 0.27
  234 F   -2 -3 -3 -4  1 -3 -2 -5  3  0 -1 -4 -2  5 -7 -2 -1  1  6  1    3   1   2   1   3   1   3   1   6   4   5   1   1  20   0   3   3   2  30   9  1.05 0.57
  235 V   -2  2 -2 -2  2 -1 -2 -4 -2 -1  2  2 -1 -3  3  1 -1 -1 -2 -1    3  10   2   2   4   2   3   1   1   3  21  12   1   1  14  10   4   1   2   4  0.33 0.29
  236 P   -2 -5 -4 -1 -2 -2 -3 -4 -3 -4 -9 -5 -4 -4  7 -1 -4 -2 -1 -4    4   1   1   4   1   2   2   2   1   1   0   1   1   1  69   4   1   1   2   1  2.07 1.17
  237 S   -2 -3 -2 -4 -2 -6 -2 -3 -3 -8 -8 -4 -8 -8 -4  7 -3 -9 -8 -4    3   1   2   1   1   0   2   2   1   0   0   1   0   0   1  82   1   0   0   1  2.22 1.21
  238 L   -1  0  0  0  2  0  0 -1  2  0 -1  0  1  0 -3  0  0  3  1  0    5   5   5   5   5   5   5   5   5   5   5   5   5   5   0   5   5   5   5   5  0.06 0.09
  239 L   -1  1 -3 -2  0 -1  0 -4  0  3  2 -1  1 -1 -3 -1 -1  1 -2  1    3   8   0   3   3   3   5   1   2  20  21   3   3   2   1   4   4   2   0  11  0.21 0.18
  240 A    5 -1 -4 -4  2  0 -1 -1 -4 -1 -2  0  0 -5 -4  1 -1 -5 -5 -1   52   3   0   0   4   5   4   4   0   3   3   5   3   0   0   8   3   0   0   3  0.73 0.49
  241 A    5 -3 -2 -4  2 -1 -1 -1 -1 -2 -1 -2 -3 -3 -4  0 -1 -6 -5 -2   61   1   1   0   5   3   3   3   1   1   7   2   0   1   0   4   3   0   0   2  0.87 0.50
  242 S    4 -4 -4 -4  2 -1 -3  0 -4  0 -3 -3  0 -2 -4  3  0  0 -4 -1   44   0   0   0   5   3   0   6   0   5   2   0   3   1   0  22   3   1   0   3  0.73 0.45
  243 A    5 -5 -4 -5  3 -4 -2 -1 -5 -2 -3 -4 -4 -5 -4  2 -1 -6 -1 -1   59   0   0   0   7   0   2   4   0   2   2   0   0   0   0  18   2   0   2   3  1.10 0.59
  244 V   -1 -1 -1 -1  1 -1 -3 -2  1  1  1 -3  3  2 -4 -1  0 -3  1  1    4   3   3   3   4   3   0   3   4  10  17   0   9  11   0   3   4   0   4  14  0.17 0.18
  245 F    0 -1 -3 -4  4 -1 -1 -4  2 -1  0 -1  0  2 -4 -1 -1  4  4 -1    8   3   0   0  10   3   3   0   5   4   9   3   3  10   0   4   3   8  18   4  0.40 0.28
  246 L   -1 -4 -4 -5  1 -1 -2 -5  0  2  4 -4  2  1  0 -2 -1  1  0  1    5   0   0   0   3   2   2   0   2  10  43   0   4   5   4   3   3   2   3   7  0.44 0.30
  247 A    4 -2 -3 -4  0 -1 -3 -1 -3 -2 -1 -3 -3 -1 -1  2  0 -4 -1 -1   48   2   0   0   2   2   0   3   0   2   8   0   0   2   2  18   4   0   2   3  0.61 0.42
  248 R   -1  4  1 -2 -1  1 -1 -2  1 -1  1  1  0 -2 -3 -1 -1 -4 -2 -2    5  32   8   2   2   5   2   2   4   4  14   7   2   2   1   3   2   0   1   2  0.39 0.27
  249 F    0  1 -1 -2  1 -1 -1 -2  1 -1  0  1  1  2 -3 -1 -1  1  3 -1    9   9   2   2   4   2   2   3   4   4  11  10   5  10   1   3   4   2  11   3  0.13 0.13
  250 I    0 -2 -2 -2  1 -1 -2 -4 -2  3  2 -1  3  0 -2 -1  2 -4 -3  1    6   1   1   2   4   2   1   0   1  19  17   5  10   3   1   4  13   0   0   9  0.29 0.23
  251 I   -2  0 -1 -2  2 -1 -2 -3 -1  2  3 -1  2 -1 -4 -1  1 -1  0  1    3   5   2   2   4   2   1   1   1  13  30   4   5   2   0   4   8   1   3   9  0.27 0.21
  252 L   -1  0  0 -1 -1  0 -1  0  0  0  1  0  3  0 -1 -1  0  0 -1  0    5   4   5   4   2   3   3   6   3   5  18   7  13   3   2   4   4   1   2   6  0.08 0.09
  253 P   -1  0  1  0 -1  0  0  1  2 -2 -1  2 -1 -2  2  0 -1 -1 -1 -2    4   5   8   6   2   5   6  10   5   2   6  12   2   2  12   5   3   1   2   2  0.18 0.12
  254 N   -3 -1  4  2 -1  0  0  2  0 -2 -4  2 -2 -3 -3  1  0 -6 -2 -3    2   3  21  11   1   3   5  15   2   2   1  12   1   1   1  10   5   0   1   2  0.46 0.33
  255 Q   -1  2  0  1 -1  1  1  0  0 -1 -1  2 -1 -1 -1  0  0 -1 -2 -2    5  10   4   8   1   8   9   8   2   3   5  11   2   3   3   7   6   1   1   3  0.13 0.12
  256 H   -1  0  1  1  0  0  1  1  3 -2 -1  1 -1 -1  1  0 -1 -2 -1 -1    4   5   5   7   2   3   8  14   8   2   6   8   1   2   6   8   3   1   2   4  0.13 0.11
  257 P    0 -2 -2 -1  0 -2  1 -1  1 -1 -2 -1 -1 -3  5  0 -1 -2 -2 -1    8   2   2   4   2   2   9   5   3   4   5   3   2   1  30   7   4   1   1   4  0.50 0.34
  258 W   -6 -5 -4 -5 -2 -5 -6 -6 -3 -4 -3 -4 -3 -3 -9 -5 -6 12 -1 -5    1   1   1   1   1   1   1   1   1   1   3   1   1   1   0   1   1  82   2   1  4.23 1.70
  259 S   -1 -2  4  1 -2 -3 -3 -2 -3 -3 -5 -3 -3 -5  1  2  4 -7 -6 -2    4   2  18   8   1   1   2   4   0   2   1   1   1   1   8  18  27   0   0   2  0.77 0.54
  260 Q    0 -1  0  1 -2  1  2 -3 -1 -4 -3  1 -2 -6  4  1 -1 -1 -4 -2    8   4   5   9   1   5  12   2   2   1   3   9   1   0  22  10   3   1   1   3  0.46 0.36
  261 M    1 -1  1  0 -1  0  0 -3 -1  0  0  0 -1 -3 -4  1  4 -6 -4 -1   10   3   7   4   1   4   6   1   1   5   8   6   2   1   0   9  27   0   0   4  0.34 0.31
  262 L   -4 -5 -8 -8  1 -3 -8 -8  2  0  5 -5  3  0 -8 -4 -3 -7 -4 -1    1   0   0   0   3   1   0   0   5   5  65   0   7   4   0   1   2   0   0   4  1.47 0.76
  263 E    0 -1 -3 -2 -2  3  4 -3  1  0 -4  0 -1 -4 -3 -1 -1 -1 -3  2    9   3   1   1   1  14  26   2   4   5   1   5   1   0   1   5   4   1   1  14  0.50 0.40
  264 E   -2  1 -1 -1 -4  0  1 -5  6 -4 -3  1 -2  1 -4 -3 -2 -1  5 -4    3   7   2   3   0   4  10   1  22   1   3   9   1   6   1   2   2   1  19   1  0.88 0.54
  265 C   -4 -5 -3 -3  4 -3 -3 -8  5  0 -1 -3 -1  2 -8 -1 -3  0  7 -2    2   1   1   2   7   1   2   0  15   4   6   2   1   8   0   4   1   1  37   3  1.32 0.70
  266 T   -1 -5 -4 -4  1 -6 -4 -2 -7 -4 -5 -4 -3 -2 -5  5  5 -8 -7 -3    5   1   0   1   2   0   1   3   0   1   1   1   1   2   1  39  39   0   0   2  1.41 0.86
  267 K   -3  1  0 -2 -2  0 -3  5  0 -7 -3 -1 -4 -5 -3 -1  0 -4 -4 -6    2   8   4   3   1   4   1  54   2   0   3   4   1   1   2   5   6   0   1   0  1.08 0.62
  268 Y   -6 -6 -8 -9 -8 -5 -6 -7  1 -2 -2 -6 -4  2 -5 -5 -4  1  9 -4    0   0   0   0   0   1   1   0   3   2   4   1   0   6   1   1   1   2  76   1  2.85 1.27
  269 K   -1  0  1  0 -2  0  1 -3 -3 -5 -4  3 -3 -3 -2  3  3 -7 -4 -3    5   4   6   6   1   3   8   2   0   0   1  16   1   1   2  20  21   0   0   1  0.54 0.43
  270 A    0 -1 -3 -1 -2  0  4 -4 -2 -1  1 -2  1 -3  1 -1 -1  2  0  1    9   3   1   3   1   4  25   1   1   3  12   2   3   1   7   3   3   3   3  11  0.31 0.29
  271 A    0 -2 -1  2 -3  1  3 -2 -1 -2 -3  0 -3 -3 -1  3  0 -2 -4 -2    9   2   3  10   0   5  24   3   1   2   2   5   1   1   3  19   5   1   0   3  0.43 0.36
  272 D   -2 -4 -1  5 -8  4  3 -5  1 -7 -4 -2 -2 -6 -7 -1 -3 -8 -5 -2    4   1   2  37   0  16  21   1   4   0   2   2   1   0   0   5   2   0   0   3  1.17 0.70
  273 L   -5 -8 -6 -9 -7 -5 -8 -9 -8  4  5 -3  2  1 -6 -8 -6 -7 -6  0    1   0   0   0   0   1   0   0   0  20  62   2   4   5   0   0   0   0   0   6  1.64 0.80
  274 Q   -1  3 -3 -3 -3  1  0 -4  2  0  1  3  2 -3 -4  0 -1 -2  0 -1    4  14   1   1   1   6   6   1   5   5  12  20   7   1   0   6   3   1   3   3  0.37 0.30
  275 V   -1 -2 -1  2 -1 -1  2 -1 -2 -4 -3 -2 -4 -2  5 -1 -1 -7 -4 -1    4   2   3  10   2   3  14   6   1   1   3   3   0   2  34   5   3   0   1   4  0.73 0.49
  276 C    0 -8 -5 -6  9 -6 -8 -5 -4  1  1 -5 -2 -3 -2 -3 -1 -8 -5  1    7   0   1   0  49   0   0   1   0   8  12   1   1   1   2   2   5   0   0  10  1.83 0.83
  277 V    3 -3 -4 -7 -1 -3 -6 -5 -4  2  0 -3  3 -2 -4 -1 -1 -6 -4  4   21   1   1   0   1   1   0   0   0  12   9   1   8   2   1   4   3   0   0  34  0.82 0.49
  278 E   -1  2  1  0 -2  3  2 -2  1 -3 -1  2  0 -3 -2 -1 -1 -3 -2 -2    4  13   7   4   1  12  12   3   4   1   6  15   3   1   2   3   3   0   1   3  0.33 0.27
  279 I    0  0 -2  1  0  1  0 -4  2  1  1  0  2 -2 -4 -1 -1  1 -3  0    9   5   2   8   2   6   7   1   6  10  16   6   6   2   0   3   4   2   0   7  0.16 0.16
  280 M   -4 -3 -4 -6 -1 -2 -6 -8 -3  3  4 -5  6 -2 -7 -5 -3 -7 -2 -1    2   1   1   0   1   2   0   0   1  17  43   0  21   1   0   1   2   0   2   4  1.34 0.69
  281 L    1 -2  2 -4  1 -1 -3 -5  5  0  2 -2  0 -2 -5 -3 -3 -1  0  1   11   2  10   1   4   3   2   0  15   5  24   2   2   2   0   2   1   1   4  11  0.49 0.34
  282 D    0  1  2  3 -2  1  2 -1  1 -2 -2  2 -2 -3 -2  0 -1 -4 -3 -3    7   8   9  17   1   5  11   4   4   3   4  11   1   1   2   5   4   0   1   2  0.31 0.25
  283 L   -2 -3 -1 -4  2 -2 -2 -4 -2  1  3 -2  3  2 -5 -2  0  0  1  0    3   1   3   1   5   1   3   1   1   8  36   3   6   9   0   3   6   1   4   5  0.49 0.31
  284 Y   -2 -3 -1 -6  2  1 -4 -5  5  1  2 -3  1  2 -6 -4 -3  1  4  0    3   1   4   0   4   8   1   1  16   9  17   1   3   9   0   1   1   2  12   8  0.64 0.40
  285 L   -1  1 -1 -3  2  1 -2 -5  1  0  3  1  1 -1 -5  0  0 -1 -4  1    5   7   3   1   5   6   3   0   4   4  27   8   3   2   0   6   5   1   0   9  0.28 0.25
  286 S    1  1  2  0  0  0 -1 -2  1 -3 -2  2 -1 -1 -3  2  0 -3 -1 -1   12   9  12   4   2   3   3   3   3   1   4  14   2   2   1  15   4   0   2   4  0.25 0.23
  287 R    3  2  0 -2 -2  0 -1 -2  1 -1 -2  0 -3 -4  0  0 -1 -3 -1  0   28  13   4   2   1   5   3   3   3   4   4   6   0   0   5   6   4   0   2   6  0.30 0.27
  288 S    0  0  1  0  0  1  0  0  0 -4 -4  1 -4 -3  4  2  0 -7 -4 -2    8   4   6   5   2   6   6   6   2   1   1   7   0   1  19  18   5   0   0   3  0.41 0.34
  289 E   -2  0  1  0  1  2  2  0  1 -4 -3  1 -2 -3  0  1  1  0 -1 -2    3   4   7   4   3   8  17   7   3   1   2   9   1   1   4   9  11   1   2   3  0.26 0.24
  290 G    0 -2  2  0  1 -2 -1  2  2 -2 -2  0 -1 -3 -2  3  0 -2 -4 -2    6   2   8   6   3   1   3  16   5   2   3   6   2   1   2  24   5   1   1   3  0.33 0.28
  291 A    0  0  1 -2 -1  1 -1 -2  3 -3 -2  3 -2 -2  1  1  0 -6 -2 -2    8   6   8   1   1   6   4   3   6   1   4  21   1   1   7  12   6   0   2   3  0.33 0.29
  292 S   -2 -4 -2 -2 -3  2 -3 -4  4 -3  4 -3 -1  0 -4 -1  0 -4  2 -2    2   1   2   2   1   9   2   1  12   1  39   2   1   5   1   6   6   0   6   2  0.67 0.46
  293 K   -2  1  1 -2 -5  5  0 -4  0 -4 -3  4 -1 -5 -1 -1  1 -7 -4 -3    3   8   5   2   0  24   7   1   2   1   2  25   1   0   3   5   8   0   0   2  0.75 0.52
  294 A    5 -5 -3 -7 -4 -4 -4 -1 -2 -3 -5 -4 -4 -2 -5  1  2 -8 -3 -1   58   0   2   0   0   1   1   5   1   2   1   1   0   2   0   9  12   0   1   5  1.23 0.75
  295 V   -2 -8 -6 -9 -2 -8 -8 -9 -8  5 -1 -8 -1  0 -5 -6  0 -8 -7  5    3   0   0   0   1   0   0   0   0  37   5   0   1   4   1   0   5   0   0  42  1.64 0.80
  296 R   -4  5 -4 -6 -1  0 -5 -5  3 -6 -5  3 -6  2 -3 -4 -4  0  5 -4    1  35   1   0   1   4   0   1   7   0   1  15   0  10   2   1   1   1  18   1  1.27 0.71
  297 E   -4  2  3  1 -4  1  4 -5 -1 -5 -4  3 -4 -5 -4  0 -1 -4 -2 -4    1  11  12   6   0   5  25   0   1   1   1  21   0   1   1   7   4   0   2   1  0.77 0.51
  298 K   -8 -1 -4 -5-11 -6 -5 -9 -8-10 -8  8 -9 -6 -8 -7 -6-11 -9-10    0   3   1   1   0   0   1   0   0   0   0  94   0   0   0   0   0   0   0   0  3.20 1.48
  299 Y   -9-10-10 -6 -3 -9-10-11 -2 -6 -8-10 -9  3-11 -9 -9 -1  9 -9    0   0   0   0   1   0   0   0   1   0   0   0   0  10   0   0   0   1  87   0  3.79 1.57
  300 K    2  1  0 -4  0  0 -3 -3 -4 -5 -3  2  0 -7 -6  5 -1 -8 -5 -3   14   7   5   1   2   4   1   2   0   0   3  14   2   0   0  40   3   0   0   2  0.83 0.58
  301 Q   -1  0  0  1  0  3  0 -2  5 -7 -3  1 -4 -7 -6  3  0 -7 -4 -4    5   5   5   9   2  12   5   3  14   0   3   7   0   0   0  23   6   0   0   1  0.64 0.46
  302 H    0  1  0  0 -3  1  1 -4  3 -4 -5  2 -4 -3  2  3 -1 -3 -4 -4    6   7   4   5   1   6  11   1   8   1   1  12   0   1  10  20   3   0   0   1  0.47 0.37
  303 K   -3  3 -2 -1 -5  0  1 -5 -4 -1 -4  6 -2 -6 -7 -3 -2 -8 -7  0    3  15   2   4   0   4   8   1   0   3   1  48   1   0   0   1   2   0   0   7  1.19 0.68
  304 F   -7 -2 -2 -6 -3 -2 -8 -9  0 -5 -1 -3 -1  7 -9 -6 -7  0  6 -5    0   2   2   1   1   2   0   0   2   0   6   2   2  51   0   0   0   1  27   0  2.10 0.96
  305 Q   -1 -1  0 -2 -1  1 -1  1  4 -5  0  2  3  3 -5  0 -4 -5  1 -4    4   3   4   2   1   5   4  12  10   0   7  15   8  12   0   7   0   0   5   0  0.40 0.32
  306 Y   -1  2 -1 -4  4  0  3  0  1 -6 -5  2 -3  1 -5  1 -3 -2  1 -4    5  13   3   0  10   4  19   7   3   0   0  11   1   6   0  10   1   1   4   1  0.51 0.38
  307 V    0 -8 -8 -8 -2 -5 -5 -7 -8  3 -4 -5 -5 -4 -7 -3 -3 -8 -7  7    9   0   0   0   1   0   1   0   0  13   1   1   0   1   0   2   1   0   0  71  1.97 0.92
  308 A    5 -7 -3 -7 -2 -6 -5 -2 -3 -7 -6 -6 -7 -4 -6  5 -1 -2 -7 -6   52   0   1   0   1   0   0   2   1   0   0   0   0   1   0  37   3   1   0   0  1.68 0.91
  309 A    1  1  0 -2  0  0 -1 -2  0 -2  1  3  0 -4 -4  2  2 -3 -4 -1   10   6   3   1   2   3   3   2   3   2  12  19   3   0   0  14  12   0   0   4  0.28 0.27
  310 I   -4 -3 -5 -7 -3 -4 -5 -8  1  5  3 -2  3 -1 -5 -5 -1 -1 -3  1    1   2   0   0   1   1   0   0   3  40  26   3   6   2   0   0   3   1   1  10  1.05 0.54
  311 P   -1 -3 -4 -3 -4 -2 -1 -6 -3 -4 -4  0 -6 -1  7 -1 -2 -7 -2 -2    4   2   1   2   0   2   4   0   1   1   2   6   0   3  61   4   3   0   2   3  1.62 0.77
  312 V    1 -2 -3 -5  2 -3 -3 -4  0  2  1 -3  0 -3  4  0 -2 -5 -2  2   11   2   1   0   5   1   1   1   2  10  16   1   1   1  20   7   2   0   1  17  0.46 0.29
  313 Y    0 -2 -2 -3 -3 -2 -1 -4 -1  0  1 -1 -1  0  5 -1 -1  0  2 -1    8   2   2   1   0   1   4   1   2   5  16   4   1   4  31   3   3   1   7   4  0.54 0.30
  314 Q   -1  0  0  2 -2  3  2 -3 -3 -4 -4  2 -2 -3  2  0  1  1 -4 -2    5   5   3  14   1  13  11   1   0   0   1  11   1   1  12   7   9   3   0   3  0.40 0.27
  315 E    0  0  0  1 -5  0  4 -3  0 -4 -3  0 -4 -5  0  2  1  0 -3 -1    6   5   4   6   0   4  28   1   2   0   1   5   0   0   4  17   8   1   1   5  0.44 0.30
  316 L   -1 -5 -1 -4 -2 -3 -4 -6 -5  3  4 -5  2 -1 -2 -1 -4 -5 -4  0    4   0   3   1   1   1   1   0   0  20  53   0   4   2   2   4   0   0   0   3  0.88 0.43
  317 P   -2 -1 -1 -3 -7 -4 -2 -6 -5 -6 -3  0 -5 -7  7 -2 -1 -8 -3 -2    3   4   2   2   0   0   3   0   0   0   3   5   0   0  67   2   4   0   1   3  1.88 0.72
  318 V    1  0 -4 -3 -3  0 -1 -3 -3  1  2 -2  1 -2 -1 -1 -1 -4 -3  2   16   4   0   1   0   5   3   1   0   8  24   2   4   1   3   4   2   0   0  22  0.29 0.21
  319 T    1  0 -1 -1  0 -2  1 -1  1 -2  0 -1 -2 -4 -1  2  3 -5 -3 -2   10   5   1   2   3   0  11   5   4   1   9   2   0   0   2  16  27   0   0   1  0.32 0.22
  320 F   -3 -5 -5 -6 -5 -1 -5 -6 -3  0 -1 -3  1  7 -6 -2 -2 -2  4 -1    2   0   0   0   0   3   0   0   0   5   4   1   3  57   0   2   3   0  17   3  1.32 0.44
  321 W   -1 -4 -4 -5 -4 -1 -4 -1  2  0  2 -4  1  6 -1 -3 -3  1  0 -2    6   0   0   0   0   3   0   4   6   5  21   0   4  45   3   0   0   2   0   0  0.75 0.29
  322 E    0  1  1  3 -5  2  4 -3  1 -3 -4  2 -3 -5 -3 -1 -2 -5 -4 -4    9   6   5  19   0   8  34   0   3   1   0  12   0   0   0   2   1   0   0   0  0.70 0.24
  323 D   -2 -3  2  6 -6  1  2  1 -3 -6 -6  0 -5 -6 -4 -2 -3 -6 -5 -5    2   0   9  62   0   5   9   9   0   0   0   4   0   0   0   0   0   0   0   0  1.29 0.34
  324 V    0 -2 -3 -3  0 -1  0 -4 -3  1  2  0  0 -2 -3 -1  0 -4 -3  3    8   0   0   0   3   3   7   0   0   5  28   6   0   0   0   4   5   0   0  30  0.26 0.12
  325 V   -1 -3 -2 -3  3 -2 -3 -3 -2  0  0 -2 -1 -1  3  0  2 -3  1  2    0   0   0   0  11   0   0   0   0   0   8   0   0   0  16   9  19   0   8  29  0.36 0.08
  326 T    1 -2 -1 -2 -2 -1 -1 -2 -2 -2 -2 -1 -1 -3 -2  2  5 -4 -3 -1   16   0   0   0   0   0   0   0   0   0   0   0   0   0   0  10  74   0   0   0  0.75 0.09
  327 I   -2 -3 -4 -5 -2 -3 -4 -5 -4  4  3 -3  1  0 -4 -3 -1 -3 -2  2    0   0   0   0   0   0   0   0   0  71  29   0   0   0   0   0   0   0   0   0  0.55 0.02

                      K         Lambda
Standard Ungapped    0.1793     0.3463
Standard Gapped      0.1100     0.3190
PSI Ungapped         0.1793     0.3463
PSI Gapped           0.1100     0.3190
