
Last position-specific scoring matrix computed, weighted observed percentages rounded down, information per position, and relative weight of gapless real matches to pseudocounts
           A  R  N  D  C  Q  E  G  H  I  L  K  M  F  P  S  T  W  Y  V   A   R   N   D   C   Q   E   G   H   I   L   K   M   F   P   S   T   W   Y   V
    1 M   -1 -2 -3 -4 -2  0 -2 -4 -2  1  2 -2  6  0 -3 -2 -1 -2 -2  0    0   0   0   0   0   0   0   0   0   0   0   0 100   0   0   0   0   0   0   0  0.66 0.02
    2 A    4 -1 -1 -1 -2  0  3 -1 -1 -2 -2  0 -2 -3 -1  1  0 -3 -3 -1   70   0   0   0   0   0  30   0   0   0   0   0   0   0   0   0   0   0   0   0  0.51 0.01
    3 G    0 -2 -1 -1 -4 -1  1  5 -2 -4 -4 -1 -3 -4 -3 -1 -2 -4 -4 -4    0   0   0   0   0   0  16  84   0   0   0   0   0   0   0   0   0   0   0   0  1.07 0.01
    4 T    0 -2 -1 -2 -2 -1 -1 -2 -2 -1  0 -1  0 -2  2  1  5 -3 -2  0    0   0   0   0   0   0   0   0   0   0  10   0   0   0  11   0  79   0   0   0  0.61 0.01
    5 Q   -1  0 -1  0 -3  3  3 -2 -1 -3 -3  0 -2 -4  5  1 -1 -4 -3 -3    0   0   0   0   0  29  28   0   0   0   0   0   0   0  32  11   0   0   0   0  0.91 0.01
    6 A    3 -1  0 -1 -1 -1 -1  0 -1 -2 -2 -1 -2 -3 -1  4  1 -3 -2 -1   40   0   0   0   0   0   0   0   0   0   0   0   0   0   0  60   0   0   0   0  0.58 0.01
    7 C   -1 -3  0  3  5 -2 -1  4 -3 -3 -3 -2 -3 -3 -3 -1 -2 -4 -4 -3    0   0   0  28  29   0   0  43   0   0   0   0   0   0   0   0   0   0   0   0  0.67 0.01
    8 S    1 -1  0  0 -2 -1 -1  2 -2 -3 -3  1 -2 -3 -2  3  2 -4 -3 -2   12   0   0   6   0   0   0  17   0   0   0  14   0   0   0  37  14   0   0   0  0.41 0.03
    9 A    3 -2 -1 -2 -1 -1 -1 -1 -2 -1 -2 -1 -1 -3 -1  2  1 -4 -2  0   54   0   0   0   0   0   0   0   0   0   0   0   0   0   0  26  10   0   0  10  0.48 0.05
   10 T    2 -1  2 -1 -2  0  1 -1 -1 -2 -3  1 -2 -3 -2  2  3 -4 -3 -1   19   0  11   0   0   0  10   0   0   0   0   8   0   0   0  15  37   0   0   0  0.44 0.06
   11 R   -2  6 -2 -3 -4  1 -1 -1 -1 -3 -3  2 -2 -4 -3 -2 -2 -4 -3 -1    0  72   0   0   0   3   0   6   0   0   0  12   0   0   0   0   0   0   0   8  1.07 0.18
   12 F   -3 -4 -4 -5 -4 -4 -4 -5 -1 -2  0 -4 -1  6 -5 -3 -3  0  5 -2    0   0   0   0   0   0   0   0   0   0   4   0   0  68   0   0   0   0  28   0  1.45 0.20
   13 S   -1 -1 -1  0 -4  3  4 -2  2 -4 -3  1 -2 -4 -2  2  1 -4 -2 -3    0   0   0   0   0  21  37   0   7   0   0   5   0   0   0  21   9   0   0   0  0.67 0.12
   14 C   -2 -5 -4 -5  9 -4 -5 -5 -5 -3 -3 -5 -3 -4 -5 -2  0 -4 -4 -2    0   0   0   0  92   0   0   0   0   0   0   0   0   0   0   0   8   0   0   0  2.34 0.29
   15 P   -2 -3 -3 -3 -5 -3 -3 -4 -3 -5 -4 -2 -4 -5  7  0 -2 -6 -5 -4    0   0   0   0   0   0   0   0   0   0   0   0   0   0  93   7   0   0   0   0  2.74 0.27
   16 P    2 -2 -2  1 -3 -1  1 -2 -2 -3 -3 -2 -3 -4  6  1 -1 -5 -4 -1   23   0   0   9   0   0   9   0   0   0   0   0   0   0  47   9   0   0   0   4  1.10 0.14
   17 H   -2 -2  2  6 -5 -1  0 -2  2 -5 -5 -2 -4 -4 -3  0 -2 -6 -3 -4    0   0  11  74   0   0   0   0   7   0   0   0   0   0   0   8   0   0   0   0  1.34 0.19
   18 F   -4 -5 -5 -5 -4 -5 -5 -5 -3 -2 -1 -5 -1  7 -5 -4 -3 -1  2 -2    0   0   0   0   0   0   0   0   0   0   0   0   0 100   0   0   0   0   0   0  1.93 0.28
   19 T   -1 -2 -2 -2  1 -1  1 -3 -3  0 -1 -2 -1 -3 -3  1  3 -4 -3  3    0   0   0   0   4   0  16   0   0   0   0   0   0   0   0  10  25   0   0  45  0.43 0.13
   20 E    2 -2 -1 -1 -2 -1  2 -2 -2 -2 -1 -1 -2 -3  3  2  1 -4 -3 -2   24   0   0   0   0   0  20   0   0   0   6   0   0   0  15  24   7   0   0   0  0.47 0.09
   21 M    1 -2 -2 -3  3 -2 -2 -3 -2  0 -1 -2  2  4 -3  0  1 -2  0  1   12   0   0   0  13   0   0   1   0   0   1   2   9  29   0   5   8   0   0  18  0.30 0.09
   22 S    2  0 -1  1  4 -1 -1  0 -2 -3 -3 -1 -2 -3  1  2  1 -4 -3 -2   22   6   0   8  14   0   0   8   0   0   0   0   0   0   7  26   9   0   0   0  0.39 0.09
   23 P    0 -1 -1 -2 -3 -1 -1 -2  4 -2  0 -1 -1 -1  4 -1 -1 -2  2 -2    9   1   1   1   0   1   1   1  22   1  13   1   0   1  30   1   1   0  11   1  0.64 0.10
   24 D    0  1  1  0 -2  0 -1 -2  2 -2 -2  1 -2  0  2  1  0 -2  1 -1    9   8   6   7   0   1   1   1   7   1   1  15   0   6   9  11   3   0   8   7  0.17 0.04
   25 S    0 -2 -2 -2 -3 -1  0 -3  1  1 -1 -2 -1 -2  4  2  0 -3  1  0    7   0   0   0   0   0   8   0   6  13   6   0   0   0  23  22   5   0   5   6  0.40 0.08
   26 E    0 -2 -1  1  5  1  3  0 -2 -2 -3 -1 -2 -3  2 -1  0 -4 -3 -1    7   0   0   7  20   6  26   8   0   0   1   0   0   0  13   0   6   0   0   3  0.44 0.09
   27 P    0 -2 -1 -2  3 -1  0  0 -1 -2 -1  0 -2 -3  4  1  0 -3 -3 -2    9   1   0   1  13   0   8   6   2   1   9   5   0   0  26  14   4   0   0   1  0.47 0.07
   28 S   -1 -2 -1 -2  5  0  0  0 -2 -3 -3 -2 -2 -4  3  3  0 -4 -3 -1    0   0   0   0  19   6   7   8   0   0   0   0   0   0  20  32   4   0   0   5  0.59 0.12
   29 R   -1  3  0 -2 -4 -1 -2  2 -2 -3 -3  0 -3 -4  4  0  2 -4 -3 -3    0  30   6   0   0   0   0  21   0   0   0   0   0   0  21   3  20   0   0   0  0.67 0.13
   30 F    0 -3 -3 -4 -3 -3 -3 -3 -3  0  3 -3  0  4 -3  0  0 -2  0 -1    6   0   0   0   0   0   0   0   0   0  41   0   0  35   0  11   7   0   0   0  0.53 0.13
   31 S    2  0 -1  1 -2 -1 -1 -1 -2 -2 -3 -1 -2 -3 -2  3  2 -3 -2 -2   27   4   0   8   0   0   1   1   0   0   1   0   0   0   0  38  16   0   0   1  0.50 0.11
   32 L   -2  0 -2 -3 -2  0 -2 -3 -2  1  3 -2  1 -1 -3 -2  0 -2 -2  1    1   6   1   1   0   6   1   1   0   9  57   1   0   0   1   1   7   0   0   8  0.38 0.09
   33 E   -2 -1 -1  3 -5  1  5 -1 -1 -4 -4  1 -3 -5 -2 -1 -2 -5 -4 -4    0   0   0  18   0   3  63   5   0   0   0  11   0   0   0   0   0   0   0   0  1.04 0.17
   34 A    3  2  2  1 -2 -1 -1 -1 -1 -3 -3  1 -2 -3 -2  2  0 -4 -3 -1   34  15  11   7   0   0   0   0   0   0   0   9   0   0   0  19   3   0   0   2  0.40 0.10
   35 L    0 -3 -4 -5 -2 -3 -4 -4 -4  1  4 -3  1 -1 -4 -3 -2 -3 -2  2    7   0   0   0   0   0   0   0   0   0  76   0   0   0   0   0   0   0   0  17  0.79 0.16
   36 T    0  2  1 -2  1  2 -1 -2 -1 -3 -3  2 -2  0 -2  1  2 -4 -2 -2    3  15   5   0   4  13   0   0   0   0   0  21   0   5   0  12  23   0   0   0  0.41 0.10
   37 G    0  0  2  3 -4 -1  0  3 -2 -4 -4  2 -3 -4 -2  0 -1 -5 -4 -3    8   5  10  28   0   0   4  25   0   0   0  16   0   0   0   4   0   0   0   0  0.54 0.10
   38 P   -1 -2  1  2 -4 -2  0  0 -2 -4 -4 -2 -3 -4  5  2 -1 -5 -4 -3    0   0   8  18   0   0   5   7   0   0   0   0   0   0  41  22   0   0   0   0  1.06 0.15
   39 D    0  1  2  4 -4  1  1  0 -1 -4 -4  0 -3 -4 -2  1  0 -5 -3 -3    5   7  11  37   0   6   3   7   0   0   0   5   0   0   0  16   4   0   0   0  0.57 0.10
   40 T   -1  0  2 -2 -3 -1 -1 -2 -2 -2 -1  3 -2 -3 -2  1  4 -4 -3 -1    0   0  13   0   0   0   0   0   0   0   5  30   0   0   0   9  41   0   0   3  0.57 0.15
   41 E   -2 -2 -2  0 -6  1  6 -4 -2 -5 -5 -1 -4 -5 -3 -2 -2 -5 -4 -4    0   0   0   0   0   0 100   0   0   0   0   0   0   0   0   0   0   0   0   0  1.78 0.29
   42 L   -2 -4 -5 -5 -3 -3 -4 -5 -4  1  5 -4  1 -1 -4 -3 -2 -3 -2  2    0   0   0   0   0   0   0   0   0   0  84   0   0   0   0   0   0   0   0  16  0.97 0.19
   43 W   -5 -5 -6 -7 -5 -4 -6 -5 -4 -5 -4 -6 -3 -1 -6 -5 -5 11  0 -5    0   0   0   0   0   0   0   0   0   0   0   0   0   0   0   0   0 100   0   0  4.01 0.42
   44 L   -3 -4 -5 -5 -3 -3 -5 -5 -4  0  5 -4  1 -1 -4 -4 -3 -3 -2  0    0   0   0   0   0   0   0   0   0   0 100   0   0   0   0   0   0   0   0   0  1.23 0.22
   45 I   -3 -4 -5 -5 -3 -4 -5 -6 -5  6  0 -4  0 -2 -5 -4 -2 -4 -3  1    0   0   0   0   0   0   0   0   0 100   0   0   0   0   0   0   0   0   0   0  1.41 0.26
   46 Q   -2  3 -1 -2 -5  4  0 -3 -1 -4 -4  5 -2 -4 -3 -1 -2 -4 -3 -4    0  22   0   0   0  24   0   0   0   0   0  55   0   0   0   0   0   0   0   0  1.09 0.20
   47 A    5 -3 -3 -3 -2 -2 -2 -1 -3 -3 -3 -2 -2 -4 -2  1  0 -4 -3 -1   90   0   0   0   0   0   0   0   0   0   0   0   0   0   0   7   4   0   0   0  1.07 0.22
   48 P   -2 -4 -4 -4 -5 -3 -3 -4 -4 -5 -5 -3 -4 -5  8 -3 -3 -6 -5 -4    0   0   0   0   0   0   0   0   0   0   0   0   0   0 100   0   0   0   0   0  3.08 0.32
   49 A    4 -2 -2 -3 -2 -2 -2 -1 -3  0  0 -2 -1 -3 -2  1  1 -4 -3  1   65   0   0   0   0   0   0   0   0   2   7   0   0   0   0   7   6   0   0  11  0.59 0.15
   50 D    0 -2  2  4 -3 -1  1  2 -2 -4 -4 -1 -3 -4 -2  2 -1 -5 -4 -4    3   0   9  38   0   0   5  15   0   0   0   0   0   0   0  29   0   0   0   0  0.72 0.13
   51 F   -4 -5 -5 -5 -4 -5 -5 -5 -3 -2  0 -5 -2  7 -5 -4 -3 -1  1 -2    0   0   0   0   0   0   0   0   0   0   3   0   0  97   0   0   0   0   0   0  1.97 0.33
   52 A    1 -2  3  3 -3 -1  0 -2 -2 -3 -3 -1 -3 -4 -2  2  0 -5 -3 -1   14   0  21  27   0   0   4   0   0   0   0   0   0   0   0  23   5   0   0   6  0.54 0.13
   53 P    0 -3 -4 -3 -5 -3 -3  0 -4 -5 -4 -3 -4 -5  7 -2 -3 -6 -5 -4    5   0   0   0   0   0   0   7   0   0   0   0   0   0  88   0   0   0   0   0  2.54 0.31
   54 Q    0  2 -1  3 -4  3  3 -3  1 -4 -3  0 -2 -2 -2  0 -1 -4 -3 -3    5  11   0  24   0  16  26   0   3   0   2   2   0   3   0   7   0   0   0   0  0.56 0.12
   55 C   -1  0 -2 -3  7 -2 -2 -3 -3 -3 -3 -2 -3 -4 -3  4 -1 -4 -4 -3    0   6   0   0  38   0   0   0   0   0   0   0   0   0   0  55   0   0   0   0  1.13 0.25
   56 L   -3 -4 -5 -5 -3 -4 -5 -5 -3  0  3 -4  0  6 -5 -4 -3 -2  1 -1    0   0   0   0   0   0   0   0   0   0  47   0   0  53   0   0   0   0   0   0  1.10 0.22
   57 N    0 -2  5  1 -3  0 -1 -2 -1 -4 -4 -1 -3 -4 -3  3  1 -5 -3 -3    7   0  45   5   0   3   0   0   0   0   0   0   0   0   0  35   5   0   0   0  0.84 0.19
   58 G   -1 -3  0 -2 -4 -3 -3  6 -3 -5 -5 -3 -4 -5 -4  0 -2 -5 -5 -5    0   0   5   0   0   0   0  88   0   0   0   0   0   0   0   7   0   0   0   0  1.58 0.24
   59 R   -1  2 -2 -3  3 -1 -2 -3  2  1  0  0  2 -2 -3  0 -1 -3 -2  2    0  19   0   0  12   0   0   0  10  11   7   5  12   0   0   6   0   0   0  18  0.27 0.10
   60 R   -1  3 -1 -2 -3  1 -1 -3  0 -2  0  4  1 -3 -2  0  1 -4 -3 -2    0  19   0   0   0   6   0   0   3   0  11  38   7   0   0   5  12   0   0   0  0.49 0.13
   61 V   -2 -4 -4 -5 -2 -3 -4 -5 -4  3  1 -3  2  1 -4 -3 -1 -3 -2  4    0   0   0   0   0   0   0   0   0  18  12   0   7   5   0   0   0   0   0  57  0.71 0.17
   62 P   -2 -3 -3  0 -5 -3 -2 -4 -3 -4 -4 -3 -4 -5  7 -1 -2 -6 -5 -1    0   0   0   7   0   0   0   0   0   0   0   0   0   0  84   4   0   0   0   5  2.35 0.30
   63 L   -3 -4 -5 -5 -3 -3 -4 -5 -4  0  5 -4  1 -1 -4 -4 -2 -3 -2  1    0   0   0   0   0   0   0   0   0   0  94   0   0   0   0   0   0   0   0   6  1.13 0.23
   64 S    2 -2 -1  1 -2 -1  0 -2 -2  0 -1 -1 -1 -3 -2  3  1 -4 -3  0   19   0   0   7   0   0   7   0   0   5   5   0   0   0   0  43   4   0   0  10  0.39 0.12
   65 G   -1 -4 -2 -3 -5 -3 -4  6 -4 -6 -5 -3 -5 -5 -4 -2 -3 -5 -5 -5    0   0   0   0   0   0   0 100   0   0   0   0   0   0   0   0   0   0   0   0  1.96 0.29
   66 S    0 -3 -2  0  1 -2 -2 -3 -3  0  3 -3  2  3 -3  1 -1 -2 -1 -1    5   0   0   7   5   0   0   0   0   0  38   0   6  20   0  19   0   0   0   0  0.33 0.12
   67 K   -2  1 -1 -1 -4  5  2 -2  0 -4 -4  3 -2 -4 -2  0 -2 -4 -3 -3    0   6   0   0   0  50  12   2   2   0   0  21   0   0   0   7   0   0   0   0  0.91 0.20
   68 T   -1  0  0 -2 -2 -2 -2 -3 -3  1 -1 -2  2 -3 -3  0  5 -4 -3  1    0   7   4   0   0   0   0   0   0   8   2   0   6   0   0   0  65   0   0   7  0.73 0.20
   69 V   -2  0 -3 -3 -2  0  0 -4 -3  1  3 -2  2 -1 -3 -2 -1 -3 -2  3    0   6   0   0   0   5   7   0   0   0  34   0   7   0   0   0   0   0   0  40  0.43 0.14
   70 K   -2  2 -1  0 -4  2  0 -3 -1 -3 -3  5 -2  1 -2 -1  0 -3 -2 -3    1   9   0   5   0   9   0   1   0   0   1  58   0   8   0   0   7   0   0   0  0.69 0.16
   71 G    1  0 -1 -2 -2 -2 -2  3 -2 -1 -2 -1 -2 -3 -2  2  0 -3 -3  1   17   5   0   0   0   0   0  31   0   0   1   0   0   0   0  18   5   0   0  21  0.36 0.10
   72 K    0  1 -1 -2  2  1 -1 -1  1 -3 -3  4 -2 -4  3  0  0 -4 -3 -3    5   4   0   0   7   6   0   3   3   0   0  42   0   0  14   7   7   0   0   0  0.55 0.13
   73 L    0  0  0 -2  1  0  0 -1 -2  0  1  0  0 -2 -2  1  0 -3 -2  1    8   3   7   0   4   5   8   4   0   0  27   5   0   0   0  11   5   0   0  12  0.09 0.05
   74 D    1 -2  1  4 -4 -1  2  2 -2 -4 -4 -1 -3 -4  0  0  0 -5 -4 -3   14   0   6  31   0   0  14  22   0   0   0   0   0   0   5   4   4   0   0   0  0.56 0.11
   75 G    0 -2  0 -2 -4 -2 -2  5 -3 -5 -4  0 -4 -4 -1  2 -1 -4 -4 -4    5   0   4   0   0   0   0  63   0   0   0   7   0   0   3  19   0   0   0   0  0.97 0.17
   76 K    1 -1 -1 -2  1 -1  1  2 -2 -1 -2  2 -2 -3  1  1  0 -4 -3  0   16   0   0   0   5   0  10  19   0   3   0  19   0   0   6   8   5   0   0   8  0.25 0.07
   77 K   -2  4  2 -1 -4  3  1  1 -1 -4 -4  2 -2 -4 -3 -1  0 -4 -3 -3    0  39  11   0   0  18   6  11   0   0   0  10   0   0   0   0   5   0   0   0  0.68 0.15
   78 H   -2  3  0  0 -5  4  1 -3  4 -4 -4  3 -2 -4 -3 -1 -2 -4 -2 -4    0  25   4   3   0  25   5   0  19   0   0  19   0   0   0   0   0   0   0   0  0.80 0.17
   79 R   -2  3 -1  0 -3  0 -1 -3  2  1  0  2 -1 -2 -3  0 -1 -4 -2  0    0  31   0   6   0   3   0   0   7  17  10  12   0   0   0   7   0   0   0   6  0.31 0.10
   80 Y   -4 -4 -4 -5 -4 -3 -4 -5  3 -3 -3 -4 -3  3 -5 -3 -3  0  8 -3    0   0   0   0   0   0   0   0   6   0   0   0   0  10   0   0   0   0  84   0  1.94 0.32
   81 R   -1  3  3 -1 -4  3  1  0  2 -4 -4  0 -2 -4 -2  2 -1 -4 -3 -3    0  24  20   0   0  16   7   5   5   0   0   0   0   0   0  24   0   0   0   0  0.57 0.14
   82 V    0 -4 -4 -4 -2 -3 -3 -4 -4  4  0 -3  0 -2 -3 -2  0 -4 -3  4    7   0   0   0   0   0   0   0   0  29   0   0   0   0   0   0   5   0   0  59  0.76 0.18
   83 F   -2  0 -3 -4 -3  0 -3 -4  1  0  3 -2  3  0 -3 -3 -2 -2  1  0    0   6   0   0   0   5   0   0   5   0  55   0  14   3   0   0   0   0   7   2  0.49 0.13
   84 T    2  0 -1 -2 -2 -1 -1  2 -2 -3 -3 -1 -2 -3 -2  3  2 -4 -3 -2   16   5   0   0   0   0   0  21   0   0   1   0   0   0   0  39  15   0   0   0  0.53 0.13
   85 S    1  0  1 -2 -2 -1 -1  0 -2 -2 -3  1 -2 -3 -2  4  1 -4 -3  0   10   5   4   0   0   0   0   7   0   0   0   7   0   0   0  50  10   0   0   6  0.50 0.14
   86 S    1  0  0 -2  3  0  0 -1 -2 -2  0 -1 -1 -3  1  2  2 -4 -3 -2    8   5   2   0  10   5   7   2   0   0  11   0   0   0   7  25  17   0   0   0  0.27 0.09
   87 P    0  0  1 -1 -3  1  0  0  2 -3 -3  0 -2 -1  4  1 -1 -4 -2 -3    7   5   7   0   0   7   5   5   8   0   0   5   0   4  30  16   0   0   0   0  0.61 0.10
   88 Q   -1  0 -1 -1  3  2  2  3  1 -3 -3 -1 -2 -3 -3  1  0 -4 -3 -1    0   6   0   0   9  13  17  26   5   0   0   0   0   0   0   9   8   0   0   6  0.35 0.10
   89 A    2  0 -2 -3 -2 -2 -2  2 -2  0  0 -1  1 -2  1  0  2 -4 -3 -1   26   6   0   0   0   0   0  17   0   5  10   0   7   0   7   4  18   0   0   0  0.26 0.09
   90 R    1  1  0  0 -3  1 -1  3 -2 -4 -4 -1 -3 -4  3  1  0 -4 -3 -3   12   9   3   5   0   7   0  33   0   0   0   0   0   0  17  10   5   0   0   0  0.54 0.10
   91 E   -1 -1  1  2 -4  0  3  2 -2 -4 -4  0 -3 -4 -2  2  0 -4 -3 -2    0   0   5  15   0   0  26  22   0   0   0   7   0   0   0  18   5   0   0   2  0.50 0.11
   92 A    3 -2 -2 -3 -2 -2 -2  0 -3 -1  2 -2 -1 -2  3  0  1 -3 -3 -1   35   0   0   0   0   0   0   7   0   0  27   0   0   0  17   0  12   0   0   0  0.43 0.12
   93 T   -1  1  0 -2  4 -1 -2  0  4 -1 -2 -1  1 -1 -3  0  2 -2  2 -2    0  12   5   0  16   0   0   7  15   4   0   0   6   0   0   6  18   0  10   0  0.31 0.12
   94 L   -3  0 -4 -5 -3 -3 -4 -5 -4  0  5 -3  1 -1 -4 -3 -2 -3 -2  1    0   6   0   0   0   0   0   0   0   0  87   0   0   0   0   0   0   0   0   7  0.95 0.21
   95 L   -3  0 -4 -5 -3 -3 -4 -5 -4  0  5 -3  1 -1 -4 -3 -2 -3 -2  1    0   6   0   0   0   0   0   0   0   0  87   0   0   0   0   0   0   0   0   7  0.95 0.21
   96 A    2 -3 -2 -3 -2 -2 -2 -3 -3  0  2 -2  1 -2  0  0  3 -3 -3  1   25   0   0   0   0   0   0   0   0   0  32   0   2   0   5   0  27   0   0   9  0.38 0.13
   97 S   -1 -2  0 -2 -3  1 -2 -3  1 -3 -1 -2 -2 -4  5  2  1 -4 -3 -3    0   0   5   0   0   7   0   0   5   0   6   0   0   0  43  27   6   0   0   0  1.02 0.18
   98 S   -1 -2  0  3 -3 -1 -1 -1  2 -2 -1 -2 -2 -3 -2  3  2 -4 -2  0    0   0   0  25   0   0   0   3   7   0   5   0   0   0   0  40  13   0   0   7  0.49 0.15
   99 S    1  1 -1 -1  2  1  1  1 -2 -3 -3  1 -1 -3  3  1  0 -4 -3 -2   16   6   0   0   6   7  12  11   0   0   0   8   2   0  13  10   6   0   0   2  0.32 0.07
  100 E    0  1  1  2 -4  3  3 -2  1 -4 -3  1 -2 -4 -2  0 -1 -4 -2 -3    7  10   8  11   0  17  27   0   5   0   0  10   0   0   0   4   0   0   0   0  0.53 0.10
  101 A    2  0 -1 -1 -2  1  2  0 -2 -3 -3 -1 -2 -3  2  2  1 -4 -3 -2   31   4   0   0   0   5  14   7   0   0   0   0   0   0   9  20   7   0   0   0  0.41 0.10
  102 G   -1  1 -1  0 -3  1 -1  3 -2 -3 -1 -1 -2 -3  2  1  0 -3 -3 -2    1  12   0   6   0   7   1  34   0   0   8   1   0   0  10  11   7   0   0   1  0.37 0.08
  103 G   -2  0  2  4 -4 -1  1  3 -2 -4 -4 -1 -4 -4 -3  0  0 -5 -4 -4    0   4  10  35   0   0   8  34   0   0   0   0   0   0   0   4   5   0   0   0  0.75 0.14
  104 R    0  4 -1 -2 -3  3 -1  2 -1 -3 -2  0 -2 -3 -2  0 -2 -3 -3 -2    5  41   0   0   0  18   0  20   0   0   4   0   0   0   0   4   0   0   0   3  0.57 0.13
  105 L   -2 -3 -4 -4 -3 -3 -4 -4  1  1  4 -3  1  0 -4 -1 -2 -3 -2  2    0   0   0   0   0   0   0   0   5   3  67   0   0   3   0   5   0   0   0  18  0.65 0.15
  106 T    0  0 -2 -3  1  1  0 -1 -2  0  0 -2 -1 -2 -3 -1  2 -4 -3  3    7   5   0   0   5   7   7   3   0   0   6   0   0   0   0   0  18   0   0  42  0.26 0.11
  107 C   -2 -5 -4 -5  8 -4 -5 -5 -4 -2 -1 -4 -2  1  2 -3 -3  4 -2 -1    0   0   0   0  64   0   0   0   0   0   6   0   0  10  11   0   0   7   0   3  1.49 0.24
  108 A    5 -3 -2 -3 -2 -2 -2  2 -3 -3 -3 -2 -2 -4 -2  1 -1 -4 -3 -2   79   0   0   0   0   0   0  16   0   0   0   0   0   0   0   5   0   0   0   0  0.95 0.21
  109 P   -2 -4 -4 -3 -5 -3 -3 -4 -4 -4 -3 -3 -4 -5  8 -2 -3 -6 -5 -4    0   0   0   0   0   0   0   0   0   0   2   0   0   0  96   2   0   0   0   0  2.88 0.33
  110 A    4 -2 -3 -3 -2  0 -2 -2 -3 -2 -3 -2 -2 -3  4  0  1 -4 -3  0   59   0   0   0   0   5   0   0   0   0   0   0   0   0  20   0   9   0   0   7  0.77 0.17
  111 P   -3 -4 -4 -5 -4 -4 -4 -5 -3 -1  1 -4 -1  6  3 -3 -3 -2  1 -2    0   0   0   0   0   0   0   0   0   0  14   0   0  66  20   0   0   0   0   0  1.24 0.22
  112 S    0  0  0 -1  1  3  1  0  1 -3 -2  2 -2 -3 -2  3 -1 -4 -3 -3    5   0   2   0   5  19   6   5   5   0   2  20   0   0   0  32   0   0   0   0  0.43 0.12
  113 G   -1 -4 -2 -3 -5 -3 -4  6 -4 -6 -5 -3 -5 -5 -4 -2 -3 -5 -5 -5    0   0   0   0   0   0   0 100   0   0   0   0   0   0   0   0   0   0   0   0  1.96 0.27
  114 S    0 -2 -1 -2  0  2 -1 -3 -2  0  1 -1  2 -1 -2  2  1 -3  1  0    5   0   2   0   2  13   0   0   0   5  22   0   7   0   0  22  10   0   6   5  0.20 0.08
  115 L   -2 -4 -5 -5 -3 -3 -4 -5 -4  3  4 -4  1 -1 -4 -3 -2 -3 -2  1    0   0   0   0   0   0   0   0   0  23  70   0   0   0   0   0   0   0   0   7  0.88 0.17
  116 R   -2  3  5 -1 -3 -1 -1 -2 -1 -3 -3 -1 -3 -4 -3  2  1 -4 -3 -1    0  20  49   0   0   0   0   0   0   0   0   0   0   0   0  15   8   0   0   7  0.77 0.18
  117 I   -2 -4 -4 -5 -2 -4 -4 -5 -4  5  0 -4  0 -2 -4 -3 -2 -4 -3  4    0   0   0   0   0   0   0   0   0  62   0   0   0   0   0   0   0   0   0  38  1.02 0.21
  118 M    0 -3 -3 -4  7 -3 -4 -1 -3  0 -1 -3  3  1 -4  0  0 -3  1 -1    5   0   0   0  43   0   0   5   0   3   4   0  13   9   0   5   7   0   5   2  0.68 0.16
  119 E   -2 -2 -1  2 -6  0  6 -4 -2 -5 -5 -1 -4 -5 -3 -2 -2 -5 -4 -4    0   0   0  12   0   0  88   0   0   0   0   0   0   0   0   0   0   0   0   0  1.57 0.27
  120 G    1 -2 -1 -1 -2 -1  0  2 -2 -3 -3  0 -2 -3 -2  4  0 -4 -3 -1    9   0   0   0   0   0   7  22   0   0   1   5   0   0   0  48   3   0   0   4  0.52 0.11
  121 P    0  0 -3 -3  0 -2 -2 -3  2 -2  0 -2 -2  3  4 -1 -2 -1  4 -2    7   6   0   0   2   0   0   0   6   0   8   0   0  14  25   3   0   0  27   0  0.64 0.11
  122 Q   -1  0 -1 -2 -4  3 -1  4  2 -3 -2 -1 -2 -3 -3  0 -2 -3  0 -1    0   3   0   0   0  21   0  46   6   0   5   0   0   0   0   8   0   0   4   7  0.56 0.12
  123 E    0 -2  1  4 -4  0  3  2 -2 -3 -1 -1 -2 -4 -3 -1 -2 -5 -4 -3    6   0   3  36   0   2  27  16   0   0   8   0   0   0   0   0   0   0   0   0  0.63 0.12
  124 Y    0 -2 -1  0  3 -1 -2  0 -2 -2 -1 -1  1 -1  3  2 -1 -2  2 -2    3   0   0   6  12   0   0   5   0   0   6   4   7   0  17  28   0   0  10   0  0.34 0.09
  125 L    0  0  1 -1 -2 -1  0  0 -1 -1  1 -1 -1 -2  3  2  0 -3 -2 -1    8   6   6   1   0   1   5   5   0   1  20   1   0   1  14  27   1   0   1   1  0.24 0.06
  126 L    1 -2  1 -1 -2  0 -1  1 -2 -1 -1 -1 -1 -3  2  2  2 -3 -3 -1   12   0  10   0   0   5   0  11   0   3   6   0   0   0   9  21  20   0   0   0  0.31 0.07
  127 S   -1 -2  3  0 -3 -1 -1  3  1 -4 -4 -1 -3 -4 -3  3  0 -4 -3 -3    0   0  22   4   0   0   0  29   4   0   0   0   0   0   0  36   5   0   0   0  0.67 0.13
  128 R   -1  2  1 -1 -3  4  0  1 -1 -3 -3  0 -2 -4  0  2  1 -4 -3 -3    0  14   6   0   0  36   0  11   0   0   0   0   0   0   5  20   7   0   0   0  0.55 0.13
  129 V    0 -1  0 -1 -2  2  0  0 -1  0  0 -1  0  0  0  0  1 -2 -2  1    6   1   5   1   0  14   6   8   0   5   8   1   0   4   5   8  10   0   0  17  0.09 0.03
  130 P   -1 -1 -2 -2 -3  0 -1  0 -2 -3 -3  0 -2 -3  6  0  0 -3 -3 -2    1   1   1   1   0   5   1   6   0   1   1   7   0   1  57   9   4   0   1   1  1.28 0.13
  131 L   -2 -2 -3 -3 -2 -2 -2 -3 -2  2  3 -2  1 -1  2 -2 -1 -2 -2  0    2   1   1   1   0   1   1   1   0  14  59   1   0   1  11   1   1   0   1   1  0.47 0.09
  132 Q    0 -1 -1 -2 -4  4  0 -3  4 -1 -1  1 -1  0  1 -1 -2 -3 -1 -2   11   0   0   0   0  36   0   0  20   5   5   9   0   6   8   0   0   0   0   0  0.54 0.14
  133 L    1 -2 -2 -2 -2 -1  0 -2 -2 -1 -1 -2 -1 -3  5  0 -1 -3 -3  1   15   1   0   1   0   0   9   1   0   1   5   1   0   0  39   7   1   0   0  20  0.76 0.10
  134 I   -2 -4 -4 -5 -2 -4 -4 -5 -4  5  0 -4  2 -1 -4 -3 -2 -4 -3  3    0   0   0   0   0   0   0   0   0  70   0   0   8   0   0   0   0   0   0  22  0.97 0.19
  135 P    0 -3 -3 -3 -4 -2 -2 -4 -3 -4 -4  0 -4 -5  7 -2 -3 -6 -5 -4    6   0   0   0   0   0   0   0   0   0   0   8   0   0  86   0   0   0   0   0  2.47 0.27
  136 T    4 -2 -2  0 -2  1 -1 -1 -2 -2 -2 -1 -2 -3 -2  1  2 -4 -3  0   57   0   0   6   0   8   0   0   0   0   0   0   0   0   0   9  13   0   0   7  0.54 0.14
  137 S    2  2  1 -1  0 -1 -1 -2 -2 -3 -3 -1 -2 -3  2  3  1 -4 -3 -2   17  16   5   2   2   0   0   0   0   0   0   0   0   0  11  39   7   0   0   0  0.52 0.12
  138 L   -2 -3 -3 -3 -4 -2  0 -4 -3 -3  0 -2 -2 -4  7 -2 -3 -5 -4 -3    0   0   0   0   0   0   8   0   0   0  14   0   0   0  78   0   0   0   0   0  2.08 0.24
  139 P    4 -3 -3 -3 -3 -2 -2 -2 -3 -3 -3 -2 -3 -4  6 -1 -2 -5 -4 -2   52   0   0   0   0   0   0   0   0   0   0   0   0   0  48   0   0   0   0   0  1.47 0.21
  140 P   -2  0 -4 -3 -5 -3 -3 -4 -3 -5 -4 -2 -4 -5  8 -2 -3 -6 -5 -4    0   6   0   0   0   0   0   0   0   0   0   0   0   0  94   0   0   0   0   0  2.80 0.29
  141 Q   -1  3 -1 -2 -3  4  0 -3 -1 -3 -3  1 -2 -4 -2  2  2 -4 -3 -3    0  20   0   0   0  37   0   0   0   0   0   8   0   0   0  19  17   0   0   0  0.70 0.15
  142 I   -2 -4 -4 -5 -2 -3 -4 -5 -4  5  1 -4  2 -1 -4 -3 -2 -4 -3  3    0   0   0   0   0   0   0   0   0  65   5   0   8   0   0   0   0   0   0  21  0.88 0.17
  143 P   -2 -4 -4 -3 -5 -3 -3 -4 -4 -5 -5 -3 -4 -5  8 -2 -3 -6 -5 -4    0   0   0   0   0   0   0   0   0   0   0   0   0   0 100   0   0   0   0   0  3.07 0.31
  144 A    2 -2 -2  0 -4 -1  3 -3 -2 -4 -4 -1 -3 -4  5  0 -2 -5 -4 -3   20   0   0   5   0   0  28   0   0   0   0   0   0   0  43   4   0   0   0   0  1.15 0.16
  145 G   -1 -3 -2 -1 -5 -3 -1  6 -3 -6 -5 -3 -4 -5 -4 -2 -3 -5 -5 -5    0   0   0   2   0   0   4  94   0   0   0   0   0   0   0   0   0   0   0   0  1.69 0.22
  146 L   -3 -4 -5 -5 -3 -3 -4 -5 -4  0  5 -4  1 -1 -4 -4 -3 -3 -2  0    0   0   0   0   0   0   0   0   0   0 100   0   0   0   0   0   0   0   0   0  1.22 0.22
  147 R   -2  6 -1 -3 -5  0 -1 -3 -1 -4 -4  4 -3 -4 -3 -2 -2 -4 -3 -4    0  62   0   0   0   0   0   0   0   0   0  38   0   0   0   0   0   0   0   0  1.35 0.22
  148 P   -2 -1 -2 -2 -4  6  0 -4  1 -3  0 -1 -1 -4  4 -2 -2 -4 -3 -3    0   0   0   0   0  62   0   0   4   0   9   0   0   0  25   0   0   0   0   0  1.19 0.22
  149 R   -2  7 -2 -3 -5  0 -2 -4 -1 -4 -4  1 -3 -5 -3  0 -2 -4 -4 -4    0  94   0   0   0   0   0   0   0   0   0   0   0   0   0   6   0   0   0   0  1.70 0.27
  150 F   -4 -4 -5 -5 -4 -4 -5 -5 -2 -2 -1 -4 -2  7 -5 -4 -3 -1  4 -2    0   0   0   0   0   0   0   0   0   0   0   0   0  89   0   0   0   0  11   0  1.78 0.26
  151 S   -2  1 -2 -2  5  3 -1 -3  2 -2  0  2 -1  0 -3  0 -2 -3 -2 -2    0   5   0   0  23  24   0   0   8   0  15  15   0   6   0   6   0   0   0   0  0.42 0.11
  152 A    3 -3 -3 -3 -3 -2 -2 -3 -3 -4 -4 -2 -3 -4  7 -1 -2 -5 -4 -3   31   0   0   0   0   0   0   0   0   0   0   0   0   0  69   0   0   0   0   0  1.94 0.22
  153 F   -4 -5 -5 -5 -4 -5 -5 -5 -3 -2 -1 -5 -1  7 -5 -4 -3 -1  2 -2    0   0   0   0   0   0   0   0   0   0   0   0   0 100   0   0   0   0   0   0  1.95 0.28
  154 G   -1 -4 -2 -3 -5 -3 -4  6 -4 -6 -5 -3 -4 -5 -4 -2 -3 -5 -5 -5    0   0   0   0   0   0   0 100   0   0   0   0   0   0   0   0   0   0   0   0  1.90 0.23
  155 G    0 -3 -1 -2  3 -2 -2  4 -2 -4 -4 -2 -3 -3 -3  3 -1 -3  1 -3    5   0   0   0   8   0   0  41   0   0   0   0   0   0   0  40   0   0   7   0  0.71 0.14
  156 S    0  2  2 -1 -3  0  1  0 -1 -2 -3  1 -2 -3 -2  3  1 -4 -3 -1    5  15  10   0   0   0   8   8   0   0   0  11   0   0   0  31   5   0   0   6  0.35 0.08
  157 P    0 -1 -2 -2 -3  1 -1 -3 -2 -1 -1  1 -2 -3  5  0  2 -4 -3 -2    5   0   0   0   0  10   0   0   0   6   5   8   0   0  37   6  22   0   0   0  0.79 0.12
  158 P    0 -3 -4 -3 -4 -3 -3 -4 -3 -4 -4 -2 -4 -5  7 -2 -3 -6 -5 -4    6   0   0   0   0   0   0   0   0   0   0   0   0   0  94   0   0   0   0   0  2.76 0.24
  159 V    2 -3 -3 -3 -2 -2 -2 -2 -3  1 -1 -2  0 -2 -2  0 -1  5 -1  3   24   0   0   0   0   0   0   0   0   5   0   0   0   0   0  10   0  13   0  48  0.43 0.06
  160 T    0 -1 -1 -2 -2  2 -1  1 -2 -1 -2 -1 -1 -3  1  2  4 -4 -3  0    0   0   0   0   0  14   0  12   0   0   0   0   0   0   5  14  47   0   0   8  0.43 0.05
  161 G    2 -3 -1 -2 -3 -2 -2  5 -3 -4 -4 -2 -3 -4 -2  0 -2 -4 -4 -3   26   0   0   0   0   0   0  74   0   0   0   0   0   0   0   0   0   0   0   0  1.08 0.08
  162 P   -1 -2 -2 -2 -4  2 -1 -3 -2 -4 -3 -1 -3 -4  7  0 -2 -5 -4 -3    0   0   0   0   0  15   0   0   0   0   0   0   0   0  81   5   0   0   0   0  2.10 0.08
  163 G    0  0 -1 -2 -3 -2 -2  5 -2 -4 -3 -1 -3 -3  3 -1 -2 -3 -3 -3    1   7   0   1   0   0   1  70   0   1   1   1   0   0  15   1   1   0   0   1  0.90 0.02
  164 S    2 -1  0 -1 -2  0 -1 -1  4 -2 -2 -1 -2 -2 -1  3  0 -3 -1 -2   22   0   0   1   0   0   1   1  21   1   1   1   0   0   1  49   1   0   0   1  0.45 0.02
  165 A    3 -2 -2 -2 -1 -1 -1 -1 -2  2 -1 -1  0 -2  3  0  0 -3 -2  1   44   0   0   1   0   0   1   1   0  22   1   1   0   0  15   1   1   0   0  13  0.34 0.01
  166 S    2 -2 -1 -2 -1 -1 -1 -1 -2  0  2 -1  0 -1 -1  2  0 -3 -2  0   22   0   0   1   0   0   1   1   0   1  38   1   0   0   1  32   1   0   0   1  0.24 0.01
  167 A    3 -2 -1  2 -2 -1 -1  2 -2 -2 -2 -1 -2 -3 -1  0 -1 -4 -3  0   58   0   0  21   0   0   0  14   0   0   0   0   0   0   0   0   0   0   0   6  0.42 0.02
  168 L    0  2 -3 -3 -2 -1 -2 -3 -2  0  3 -1  1 -1  1 -1 -1 -3 -2  0   14  21   0   0   0   0   0   0   0   0  58   0   0   0   7   0   0   0   0   0  0.31 0.02
  169 R   -1  3  1 -1 -3  1  0  1 -1 -3 -3  3 -2 -3 -2 -1 -1 -3 -2 -3    1  30   7   1   0   0   1  15   0   1   1  40   0   0   1   1   1   0   0   1  0.53 0.02
  170 S    0  0  0  0 -2  0  2 -1 -1 -2 -1  1 -1 -2 -1  3  0 -3 -2 -2    1   0   0   1   0   0  22   1   0   1   8  15   0   0   1  49   1   0   0   1  0.38 0.02
  171 P    1 -2 -2 -2 -2 -1 -1 -2 -2 -1  0 -1 -1 -2  5  0  2 -3 -2 -1   22   0   0   1   0   0   1   1   0   1  13   1   0   0  37   1  22   0   0   1  0.71 0.02
  172 T    2  2 -1 -2 -1 -1 -1 -1 -1 -1 -2  0 -1 -2 -1  1  3 -3 -2 -1   32  15   0   1   0   0   1   1   0   1   1   1   0   0   1   1  46   0   0   1  0.39 0.02
  173 S    0  2  0 -1 -2  0  2 -1 -1 -3 -3  0 -2 -3 -1  3  0 -3 -2 -2    1  22   0   1   0   0  15   1   0   1   1   1   0   0   1  56   1   0   0   1  0.47 0.02
  174 G    0  1 -1 -1 -2  0 -1  3 -1 -1  0  1  2 -1 -1 -1 -1 -2 -2 -1    3   9   1   2   1   1   2  32   1   2   3  12  21   1   2   2   2   0   1   2  0.20 0.01
  175 K   -1  2  0 -1 -2  1  0 -1 -1 -2 -2  4 -1 -2 -1  0 -1 -2 -2 -2    3   2   1   2   1   1   2   2   1   2   3  70   1   1   2   2   2   0   1   2  0.48 0.02
  176 R    0  3  0 -1 -2  0  0 -1  0 -2 -2  2 -1 -2 -1  2  0 -2 -1 -2    3  35   1   2   1   1   2   2   1   2   3  15   1   1   2  23   2   0   1   2  0.35 0.01
  177 K   -1  1  0 -1 -2  0  0 -1 -1 -2 -2  3 -1 -2  4  0 -1 -2 -2 -2    3   2   1   2   1   1   2   2   1   2   3  49   1   1  22   2   2   0   1   2  0.54 0.02
  178 S   -1  2  0 -1 -3  2  0 -1 -1 -2 -2  4 -1 -2 -1  1  0 -2 -2 -2    2   7   1   1   0  13   1   2   0   1   2  50   0   1   1  13   1   0   1   1  0.46 0.04
  179 T   -1  1 -1 -1 -3  0  1 -3 -1 -1 -2  4 -1 -3 -2 -1  1 -4 -3  1    0   0   0   0   0   0  10   0   0   0   0  57   0   0   0   0  11   0   0  22  0.45 0.06
  180 R   -2  6 -1 -3 -4  0 -1 -3 -1 -3 -2  2  1 -3 -3 -1 -2 -3 -3 -3    0  90   0   0   0   0   0   0   0   0   0   0  10   0   0   0   0   0   0   0  1.13 0.11
  181 K   -1  1  0 -1 -4  3  3 -3  5 -4 -3  3 -2 -3 -2 -1 -1 -3 -1 -3    0   0   0   0   0  17  22   0  26   0   0  35   0   0   0   0   0   0   0   0  0.69 0.07
  182 G   -1  0 -1  0 -2  1  0  1 -1  0  0  3 -1 -2 -2 -1 -1 -3 -2  1    1   1   0   6   0   7   1  12   0   7   6  35   0   0   1   1   1   0   0  21  0.17 0.03
  183 T    1  0 -1 -2 -2 -1 -1 -2 -2 -2 -2  2 -2 -3  3  2  3 -4 -3 -2   12   0   0   0   0   0   0   0   0   0   0  22   0   0  18  17  32   0   0   0  0.54 0.05
  184 D   -1  0 -1  2 -5  1  4 -3 -1 -4 -4  2 -3 -4  2 -1 -1 -4 -3 -3    0   0   0  11   0   0  56   0   0   0   0  22   0   0  10   0   0   0   0   0  0.82 0.07
  185 A    3  2 -1 -2 -2  0  1 -1 -1 -2 -2  0 -2 -3 -1  1  0 -3 -2  0   49  22   0   0   0   0  10   0   0   0   0   0   0   0   0  12   0   0   0   7  0.39 0.05
  186 S    0  0 -1 -2 -2 -1 -1 -2 -2 -1 -2  2 -1 -3  3  2  1 -3 -2  1    0   0   0   0   0   0   0   0   0   0   1  22   0   0  17  27  11   0   0  19  0.38 0.04
  187 S    1  0 -1 -2 -2 -1 -1 -2 -2  0  0  2 -1 -2 -1  2  0 -3 -2  1   14   0   0   0   0   0   0   0   0   0  11  22   0   0   0  29   0   0   0  19  0.21 0.03
  188 D   -1  2  0  3 -2  0  0 -1 -1 -1 -1  0 -1 -2  2 -1 -1 -2 -2  0    3  20   2  28   1   1   2   3   1   2   3   2   1   1  14   2   2   0   1  12  0.31 0.02
  189 T   -1 -2 -2 -2 -3 -2 -2  1 -2  0 -1 -2  3 -2  5 -1  2 -4 -3 -1    0   0   0   0   0   0   0  12   0   8   0   0  18   0  36   0  26   0   0   0  0.73 0.05
  190 Q   -1  2 -1 -1 -3  5  1 -2  0 -3 -2  1 -1 -3  3 -1 -1 -3 -2 -2    1   9   1   1   0  62   1   1   0   1   1   1   0   0  18   1   1   0   0   1  0.84 0.06
  191 E   -1 -1 -1  1 -5  1  6 -3 -1 -4 -4  0 -3 -4 -2 -1 -1 -4 -3 -3    0   0   0   0   0   0 100   0   0   0   0   0   0   0   0   0   0   0   0   0  1.31 0.10
  192 A    4 -2 -2 -2 -1 -1 -1 -1 -2 -2 -2 -1 -2 -3  2  1 -1 -4 -3 -1   88   0   0   0   0   0   0   0   0   0   0   0   0   0  12   0   0   0   0   0  0.77 0.08
  193 V    1 -3 -3 -4 -1 -3 -3 -3 -3  2  0 -3  0 -2 -3 -2 -1 -3 -2  4   12   0   0   0   0   0   0   0   0   0   0   0   0   0   0   0   0   0   0  88  0.60 0.07
  194 N   -2 -1  6  2 -4 -1 -1 -1  0 -4 -4 -1 -3 -4 -3  0 -1 -5 -3 -4    0   0  88  12   0   0   0   0   0   0   0   0   0   0   0   0   0   0   0   0  1.22 0.09
  195 R   -1  2 -1 -1 -4 -1  0  5 -2 -4 -4 -1 -3 -4 -3 -1 -2 -4 -4 -4    0  18   0   0   0   0  10  72   0   0   0   0   0   0   0   0   0   0   0   0  0.95 0.06
  196 H   -2 -1 -1 -2 -4  0 -1 -3  8 -2  1 -2 -1 -2 -3 -2 -2 -3  1 -3    0   0   0   0   0   0   0   0  82   0  18   0   0   0   0   0   0   0   0   0  1.15 0.10
  197 G    0 -2 -1 -1 -3 -1  0  5 -2 -3 -3 -1 -3 -3 -2 -1 -2 -3 -3 -3    1   1   1   1   0   1   8  76   0   1   2   1   0   1   1   1   1   0   1   1  0.91 0.05
  198 A    4 -1 -1 -2 -1 -1 -1  0 -2 -1 -2 -1 -1 -2 -1  1  1 -3 -2 -1   75   1   1   1   0   1   1   1   0   1   2   1   0   1   1   1   9   0   1   1  0.49 0.05
  199 M   -1 -2 -2 -3 -2 -1 -2 -3 -2  1  3 -2  4  0 -2 -2 -1 -2 -1  0    1   1   1   1   0   1   1   1   0   1  58   1  27   1   1   1   1   0   1   1  0.44 0.04
  200 E    0  0 -1  1 -3  1  5 -2 -1 -3 -3  1 -2 -3 -1  0 -1 -3 -2 -2   10   1   1   1   0   1  67   1   0   1   2   8   0   1   1   1   1   0   1   1  0.68 0.05
  201 V   -1 -3 -3 -4 -2 -2 -3  0 -3  2  0 -3  3 -1 -3 -2 -1 -3 -2  4    0   0   0   0   0   0   0   9   0   0   0   0  18   0   0   0   0   0   0  73  0.48 0.07
  202 K    1 -1  0  5 -3  0  2 -2 -2 -4 -4  1 -3 -4 -2  0 -1 -5 -3 -3   18   0   0  64   0   0   7   0   0   0   0  11   0   0   0   0   0   0   0   0  0.84 0.06
  203 T    1 -2 -1 -2 -2 -1 -1 -2 -2 -1 -1 -1  1 -2 -2  1  5 -4 -2 -1   12   0   0   0   0   0   0   0   0   0   0   0   8   0   0   0  80   0   0   0  0.72 0.08
  204 A    4 -2 -2 -3 -1 -1 -1 -1 -2 -1 -2 -1 -1 -3 -1  1  0 -3 -3  1   91   0   0   0   0   0   0   0   0   0   0   0   0   0   0   0   0   0   0   9  0.68 0.08
  205 L   -2 -3 -4 -5 -2 -3 -4 -4 -3  1  4 -3  1  0 -4 -3 -2  5 -1  0    0   0   0   0   0   0   0   0   0   0  85   0   0   0   0   0   0  15   0   0  0.82 0.07
  206 G    0  0 -1 -2 -4 -2 -2  5 -2 -5 -4 -1 -3 -4 -3  0 -2 -4 -4 -4    0   8   0   0   0   0   0  84   0   0   0   0   0   0   0   8   0   0   0   0  1.16 0.07
  207 N    0 -2  2  1 -3 -1  1  3 -1 -3 -3 -1 -2 -3 -2  3  1 -4 -3 -2    0   0  11   7   0   0   8  26   0   0   0   0   0   0   0  36  12   0   0   0  0.48 0.04
  208 L   -1 -3 -3 -3 -3 -2 -2 -4 -3 -1  2 -2  2 -2  6 -2 -2 -4 -3 -1    0   0   0   0   0   0   0   0   0   0  36   0   8   0  56   0   0   0   0   0  1.29 0.07
  209 G   -1 -2  0  3 -4  0  4  3 -1 -4 -4 -1 -3 -4 -2 -1 -2 -4 -4 -3    0   0   0  18   0   0  45  36   0   0   0   0   0   0   0   0   0   0   0   0  0.78 0.05
  210 V   -1 -3 -3 -4 -2 -1 -3  0 -3  1  2 -2  5 -1 -3 -2 -1 -2 -2  2    0   0   0   0   0   0   0   9   0   0  10   0  53   0   0   0   0   0   0  28  0.48 0.07
  211 S    0  0  0  3 -2 -1  0  0 -2 -1 -2 -1 -2 -3 -2  1  2 -4 -3  0    9   8   0  34   0   0   0   8   0   0   0   0   0   0   0  11  18   0   0  12  0.34 0.03
  212 V    1  2 -2 -3 -2  0 -1 -3 -2  1 -1  2 -1 -2 -2 -1 -1 -3 -2  3   12  18   0   0   0   0   0   0   0   0   0  25   0   0   0   0   0   0   0  45  0.31 0.04
  213 K   -1  2  2 -1 -4  0  0  2 -1 -4 -3  4 -2 -4 -2 -1 -1 -4 -3 -3    0   8  18   0   0   0   0  22   0   0   0  53   0   0   0   0   0   0   0   0  0.62 0.05
  214 K   -1  2  0 -1 -3  1  0 -2 -1 -3 -2  5 -2 -3 -1 -1 -1 -3 -2 -2    1   1   1   1   0   1   1   1   0   1   2  83   0   1   1   1   1   0   1   1  0.75 0.06
  215 R   -1  3  0 -1 -3  1  0 -2 -1 -3 -2  4 -2 -3 -1 -1 -1 -3 -2 -2    1  19   1   1   0   1   1   1   0   1   2  65   0   1   1   1   1   0   1   1  0.67 0.05
  216 K   -1  1  0 -1 -3  2  2 -2 -1 -3 -2  4 -1 -3 -1 -1 -1 -3 -2 -2    1   1   1   1   0  10  11   1   0   1   2  65   0   1   1   1   1   0   1   1  0.61 0.05
  217 R   -1  3  1  0 -3  2  1 -2  2 -3 -2  3 -1 -2 -1  0 -1 -3 -1 -2    1  19  10   1   0   9  10   1   8   1   2  31   0   1   1   1   1   0   1   1  0.43 0.02
  218 Y   -1  2 -1 -1 -3  2  0 -2  3 -2 -2  2 -1 -1  2 -1 -1 -1  2 -2    1  13   1   1   0  18   1   1  16   1   2  18   0   1  10   1   1   0  12   1  0.39 0.03
  219 F    0  0 -1 -1 -2  0  1 -2  3 -1 -1  2 -1  1  2 -1 -1 -2  0  0   10   1   1   1   0   1  10   1  17   1   2  21   0  12  10   1   1   0   1   9  0.22 0.02
  220 M   -1  0  1 -1 -2  2  1 -2 -1  0  1  1  3 -1 -1  0  0 -2 -2  0    1   1   9   1   0  10  10   1   0   1  11  13  20   1   1   9   1   0   1   9  0.14 0.02
  221 Q   -1  2 -1  1 -4  4  2 -3 -1 -2  0  2  0 -2 -2 -1 -1 -3 -2 -2    0   9   0   7   0  31  18   0   0   0  19  16   0   0   0   0   0   0   0   0  0.44 0.04
  222 E   -1  0 -1  0 -4  2  3 -3 -1 -2 -3  2 -2 -4  4 -1 -1 -4 -3 -1    0   0   0   0   0   8  40   0   0   0   0  19   0   0  26   0   0   0   0   8  0.77 0.05
  223 E   -1 -1 -1  0 -4  1  5  1 -1 -2 -3  0 -2 -4  2 -1 -1 -4 -3 -1    0   0   0   0   0   0  70  12   0   0   0   0   0   0   9   0   0   0   0   9  0.74 0.06
  224 M    2 -2 -3 -3 -2 -1 -2 -2 -3  0  1 -2  4 -1  3 -1 -1 -3 -2  1   25   0   0   0   0   0   0   0   0   0  10   0  37   0  16   0   0   0   0  12  0.43 0.05
  225 E   -1 -1 -1  1 -4  1  5 -3 -1 -3 -3  0 -2 -4 -2  0  2 -4 -3 -2    0   0   0   0   0   0  82   0   0   0   0   0   0   0   0   0  18   0   0   0  0.99 0.08
  226 A    3 -2 -2 -1 -2  0  2 -1 -2 -2 -1 -1 -1 -3  2  1  0 -4 -3 -1   52   0   0   0   0   0  18   0   0   0   9   0   0   0   9  12   0   0   0   0  0.42 0.04
  227 K   -1  0 -1 -1 -3  3  2 -3 -1 -1  0  2 -1 -3  2 -1  1 -3 -3  0    0   0   0   0   0  18  24   0   0   0   9  18   0   0  12   0  10   0   0   9  0.39 0.03
  228 T    2 -2 -2 -2 -1 -2 -2  0 -2  0 -1 -1 -1 -2 -2  0  3 -3 -2  2   31   0   0   0   0   0   0   7   0   0   0   0   0   0   0   0  36   0   0  26  0.35 0.04
  229 M    1 -2 -2 -3 -2 -1 -2 -2 -3  1  2 -2  3 -1 -2  0  2 -3 -2  2   18   0   0   0   0   0   0   0   0   0  24   0  18   0   0   0  22   0   0  18  0.28 0.03
  230 E   -1 -1 -1  1 -5  1  6 -3 -1 -4 -4  0 -3 -4 -2 -1 -1 -4 -3 -3    0   0   0   0   0   0 100   0   0   0   0   0   0   0   0   0   0   0   0   0  1.31 0.10
  231 P   -1 -3 -3 -3 -3 -2 -2 -3 -3 -1 -2 -2 -2 -4  7 -2 -2 -5 -4  1    0   0   0   0   0   0   0   0   0   0   0   0   0   0  82   0   0   0   0  18  2.09 0.09
  232 V    2 -2 -3 -3 -2 -2 -2 -2 -3  1  2 -2  2 -1 -2 -1  1 -3 -2  2   27   0   0   0   0   0   0   0   0   0  35   0   8   0   0   0   9   0   0  21  0.28 0.03
  233 A    4 -2 -2 -2 -2 -2 -2  3 -2 -2 -3 -1 -2 -3 -1  0 -1 -4 -3 -1   72   0   0   0   0   0   0  28   0   0   0   0   0   0   0   0   0   0   0   0  0.68 0.06
  234 E    1 -1 -1  0 -3  3  4 -2 -1 -1 -2  0 -1 -3 -2 -1 -1 -4 -3  1   12   0   0   0   0  18  54   0   0   0   0   0   0   0   0   0   0   0   0  16  0.59 0.05
  235 L   -2 -3 -3 -4 -2 -2 -3 -4 -3  1  4 -3  4  0 -3 -2  0 -2 -2  0    0   0   0   0   0   0   0   0   0   0  72   0  19   0   0   0   9   0   0   0  0.60 0.06
  236 P   -1 -1 -1 -1 -2  0  2 -2 -1 -1  1 -1  0 -2  5 -1 -1 -2 -2 -1    2   1   1   2   1   1  20   2   1   1  21   2   1   1  37   2   2   0   1   2  0.65 0.03
  237 V   -1 -2  1 -1 -2 -1  2 -3 -1  0 -1 -1 -1  3 -3 -1  2 -2  0  2    0   0  12   0   0   0  19   0   0   0   0   0   0  25   0   0  18   0   0  27  0.23 0.04
  238 P   -1 -3 -3 -3 -4 -2 -2 -3 -3 -2  0 -2 -1 -3  7 -2 -2 -4 -4 -2    0   0   0   0   0   0   0   0   0   0  18   0   0   0  82   0   0   0   0   0  2.08 0.09
  239 S    0 -2 -1 -2 -2 -1 -1 -2 -2 -2 -2 -1 -2 -3  5  3  0 -4 -3  0    0   0   0   0   0   0   0   0   0   0   0   0   0   0  36  51   0   0   0  12  0.91 0.06
  240 A    3 -2 -1 -2 -2 -1 -1  1 -2 -2 -2 -1 -2 -3  2  1  2 -4 -3 -1   52   0   0   0   0   0   0  10   0   0   0   0   0   0  12   9  17   0   0   0  0.52 0.04
  241 T    0 -2 -1 -2 -2 -1 -1  2 -2 -2 -3 -1 -2 -3  2  2  4 -4 -3 -2    0   0   0   0   0   0   0  18   0   0   0   0   0   0  12  25  45   0   0   0  0.58 0.05
  242 S    0  0  0 -1 -2  0 -1  0 -2 -2 -3  2 -2 -3 -2  2  3 -4 -2 -2    0   0   0   0   0   0   0   7   0   0   0  28   0   0   0  28  36   0   0   0  0.48 0.05
  243 S    0  1  0 -1 -3  0  0 -2 -1 -2 -2  4 -2 -3 -2  2  1 -4 -2  0    0   0   0   0   0   0   0   0   0   0   0  55   0   0   0  26   9   0   0  10  0.50 0.06
  244 K   -1  4 -1 -1 -4  1  1 -3 -1 -4 -3  4 -2 -4 -2 -1 -1 -4 -3 -3    0  35   0   0   0   0  10   0   0   0   0  56   0   0   0   0   0   0   0   0  0.86 0.06
  245 K   -1  3 -1 -2 -4  1  0 -3 -1 -3 -2  5  1 -3 -2 -1 -1 -4 -3 -2    0  18   0   0   0   0   0   0   0   0   0  73  10   0   0   0   0   0   0   0  0.80 0.07
  246 R   -1  4 -1 -2 -4  1  0 -3 -1 -2 -2  4 -2 -3 -2 -1 -1 -4 -3  0    0  35   0   0   0   0   0   0   0   0   0  55   0   0   0   0   0   0   0  10  0.76 0.06
  247 K   -1  3 -1 -2 -4  1  0 -2 -1 -3 -3  5 -2 -4  1 -1  0 -4 -3 -3    0  12   0   0   0   0   0   0   0   0   0  72   0   0   8   0   8   0   0   0  0.79 0.07
  248 K   -1  3 -1 -2 -4  3  0 -2 -1 -3 -3  3 -2 -4  3  0 -1 -4 -3 -3    0  21   0   0   0  18   0   0   0   0   0  36   0   0  18   8   0   0   0   0  0.72 0.05
  249 S   -1 -1 -1 -1 -3  0  1  0  3 -1  1  1  0 -2  2  1 -1 -3 -2 -1    0   0   0   0   0   0  10   8  12   0  27  16   0   0   9  18   0   0   0   0  0.19 0.03
  250 K   -1  1  0 -1 -3  3  1  1 -1 -3 -3  3 -2 -3 -2  1  1 -3 -3 -3    0   0   0   0   0  27   8  12   0   0   0  35   0   0   0   8  10   0   0   0  0.50 0.04
  251 G    0 -2 -1 -1 -3 -1  2  5 -2 -4 -4 -1 -3 -3 -2 -1 -2 -3 -3 -3    1   0   0   0   0   0  20  73   0   0   1   0   0   0   0   1   0   0   0   1  0.94 0.05
  252 T    3 -2 -1 -2 -1 -1 -1 -1 -2 -1 -1 -1  1 -2 -1  1  3 -3 -2 -1   54   0   0   0   0   0   0   0   0   0   0   0  10   0   0   0  36   0   0   0  0.50 0.06
  253 E   -1 -1 -1  1 -5  1  5 -3 -1 -4 -4  0 -3 -4  2 -1 -1 -4 -3 -3    0   0   0   0   0   0  90   0   0   0   0   0   0   0  10   0   0   0   0   0  1.18 0.09
  254 T   -1 -2 -1 -2 -2 -1  1 -3 -2  0 -1 -1  1 -2  2  0  4 -3 -2  1    0   0   0   0   0   0  10   0   0   0   0   0   9   0   9   0  55   0   0  18  0.44 0.05
  255 S    2 -2 -1  1 -2 -1  1  1 -2 -2 -1 -1 -1  1 -2  2  0 -3 -1 -1   33   0   0  10   0   0   9   9   0   0   8   0   0   9   0  22   0   0   0   0  0.24 0.02
  256 Q   -1  0  0  1 -4  3  3  2 -1 -2 -3  1 -2 -3 -2 -1 -1 -3 -3 -1    0   0   0   9   0  29  25  18   0   0   0  10   0   0   0   0   0   0   0   9  0.47 0.03
  257 V    0 -2 -3 -3 -2 -2 -2 -3 -3  0  2  0  0 -1  4 -1 -1 -3 -2  1    8   0   0   0   0   0   0   0   0   0  33   9   0   0  28   0   0   0   0  22  0.52 0.03
  258 E   -1 -1 -1  1 -4  1  5 -3 -1 -4 -4  0 -2 -4 -2 -1  1 -4 -3 -3    0   0   0   0   0   0  91   0   0   0   0   0   0   0   0   0   9   0   0   0  1.11 0.08
  259 H   -1 -1 -1 -1 -4  0  3  1  4 -2 -3 -1 -2 -3  4 -1 -2 -4 -2 -1    0   0   0   0   0   0  29  18  20   0   0   0   0   0  24   0   0   0   0   9  0.61 0.04
  260 T    1 -1 -2 -3 -2  1 -1 -2 -2  0  2  0  3 -1 -2 -1  1 -3 -2  0   15   0   0   0   0  10   0   0   0   0  36   9  17   0   0   0  12   0   0   0  0.23 0.03
  261 E   -1 -1 -1  1 -4  2  5 -3 -1 -3 -3  0 -2 -4 -2  0  1 -4 -3 -3    0   0   0   0   0   9  80   0   0   0   0   0   0   0   0   0  10   0   0   0  1.00 0.07
  262 P   -1 -2 -2 -2 -3 -1  0 -3 -2 -2 -1 -2 -2  1  6  0 -1 -3 -2 -2    0   0   0   0   0   0   9   0   0   0   9   0   0  10  63   9   0   0   0   0  1.40 0.06
  263 V    1  1 -1  2 -2  1 -1 -2 -2  1 -1 -1  1 -2 -2 -1 -1 -3 -2  2   18  10   0  15   0   9   0   0   0   0   0   0   9   0   0   0   0   0   0  40  0.19 0.03
  264 A    2 -2 -2 -3 -2 -2 -2  1 -3  1  1 -2  0 -2  2 -1 -1 -3 -2  1   29   0   0   0   0   0   0  15   0   9  18   0   0   0  10   0   0   0   0  18  0.25 0.02
  265 Q   -1  0  1 -1 -3  3  1 -2 -1 -2  0  3  0 -2 -2  0  1 -3 -2 -2    0   0   9   0   0  20  10   0   0   0  18  28   0   0   0   0  15   0   0   0  0.33 0.03
  266 T    1  3 -1 -1 -2  0  1 -2 -1  0 -2  0 -1 -3 -2  0  3 -4 -2 -1   18  25   0   0   0   0  10   0   0   9   0   0   0   0   0   0  38   0   0   0  0.35 0.04
  267 E   -1 -1 -1  1 -5  1  5 -3 -1 -4 -4  0 -3 -4  3 -1 -1 -4 -3 -3    0   0   0   0   0   0  82   0   0   0   0   0   0   0  18   0   0   0   0   0  1.14 0.07
  268 P   -1 -2 -2 -2 -4  2 -1 -3 -2 -4 -3 -1 -3 -4  7 -1 -2 -5 -4 -3    0   0   0   0   0  15   0   0   0   0   0   0   0   0  85   0   0   0   0   0  2.25 0.09
  269 P   -1 -3 -3 -3 -3 -2 -2 -4 -3 -1  2 -2  0 -2  6 -2 -2 -4 -3 -1    0   0   0   0   0   0   0   0   0   0  38   0   0   0  62   0   0   0   0   0  1.46 0.07
  270 E    1 -1 -1  2 -4  2  5 -2 -1 -3 -3  0 -2 -4 -2  0 -1 -4 -3 -2   18   0   0   9   0   9  65   0   0   0   0   0   0   0   0   0   0   0   0   0  0.80 0.05
  271 G   -1 -1 -1  2 -5  1  5  2 -1 -4 -4  0 -3 -4 -2 -1 -1 -4 -3 -3    0   0   0   9   0   0  71  20   0   0   0   0   0   0   0   0   0   0   0   0  0.88 0.06
  272 T   -1 -2 -1 -2 -2 -1 -1 -2 -2 -2 -2 -1 -1 -3  4  1  5 -4 -3 -1    0   0   0   0   0   0   0   0   0   0   0   0   0   0  25   0  75   0   0   0  0.96 0.07
  273 F   -1 -2 -2  2 -2 -1  1 -3 -2  1  0 -2  0  2 -3 -2 -1 -2  0  2    0   0   0  18   0   0  15   0   0   9   0   0   0  20   0   0   0   0   0  38  0.26 0.03
  274 L   -2 -3 -4 -5 -2 -3 -4 -5 -3  1  4 -3  2  0 -4 -3 -2 -3 -2  0    0   0   0   0   0   0   0   0   0   0 100   0   0   0   0   0   0   0   0   0  0.81 0.07
  275 F    0 -2 -1 -2  4 -2 -2 -2 -2 -1  0 -2 -1  1 -2  3  0 -3 -1 -1    0   0   0   0  18   0   0   0   0   0  15   0   0  12   0  55   0   0   0   0  0.38 0.05
  276 P    1 -2 -3 -3 -3 -2 -2 -3 -3 -3 -3 -2 -3 -4  7 -1 -2 -5 -4 -3   15   0   0   0   0   0   0   0   0   0   0   0   0   0  85   0   0   0   0   0  2.23 0.08
  277 T    0  1  0 -1 -2  0  2 -2 -1 -1 -2  0 -1 -2 -1  1  4 -3 -2 -1    1  11   1   1   0   1  16   1   0   1   2   1   0   1   1   1  58   0   1   1  0.45 0.04
  278 K   -1  2 -1 -1 -4  2  0 -2 -1 -3 -3  4 -2 -4  3 -1 -1 -4 -3 -3    0  10   0   0   0  15   0   0   0   0   0  57   0   0  18   0   0   0   0   0  0.82 0.05
  279 K   -1  1  0 -1 -3  0  0  1 -1 -3 -3  4 -2 -4 -2  1 -1 -4 -3 -3    0   0   0   0   0   0   0  15   0   0   0  67   0   0   0  18   0   0   0   0  0.64 0.06
  280 R   -2  5 -1 -2 -4  0 -1 -3 -1 -3 -3  1 -2 -3  3 -1 -2 -3 -3 -3    0  76   0   0   0   0   0   0   0   0   0   0   0   0  15   0   0   0   0   0  0.96 0.07
  281 K   -1  2  0 -1 -4  1  0 -2 -1 -3 -3  5 -2 -4 -2  1 -1 -4 -3 -3    0   0   0   0   0   0   0   0   0   0   0  85   0   0   0  15   0   0   0   0  0.85 0.07
  282 R    1  5 -1 -2 -3  0 -1 -2 -1 -3 -3  2 -2 -4 -2 -1 -1 -4 -3 -3   15  75   0   0   0   0   0   0   0   0   0  10   0   0   0   0   0   0   0   0  0.92 0.07
  283 Q   -1  1 -1 -1 -4  5  1 -3  2 -4 -3  2 -1 -4  3 -1 -1 -3 -2 -3    0   0   0   0   0  59   0   0   9   0   0  18   0   0  15   0   0   0   0   0  0.85 0.06
  284 K   -1  3 -1 -2 -4  1  0 -2 -1 -3 -3  5 -2 -4 -2 -1 -1 -4 -3 -3    0  18   0   0   0   0   0   0   0   0   0  82   0   0   0   0   0   0   0   0  0.97 0.07
  285 E   -1  0  0  2 -4  2  3  3 -1 -4 -4  2 -3 -4 -2 -1 -1 -4 -3 -3    0   0   0  18   0   8  31  28   0   0   0  15   0   0   0   0   0   0   0   0  0.59 0.03
  286 A    2 -1 -1 -2 -2 -1 -1 -2 -2 -2 -2  1 -2 -3  4  0  2 -4 -3 -1   29   0   0   0   0   0   0   0   0   0   0  15   0   0  27   0  28   0   0   0  0.67 0.04
  287 D   -1  2  0  2 -4  1  4  0 -1 -4 -4  2 -3 -4 -2 -1 -1 -4 -3 -3    0  18   0  12   0   0  45  10   0   0   0  15   0   0   0   0   0   0   0   0  0.63 0.04
  288 G   -1  2 -1 -1 -4  2  1  4 -1 -4 -4  0 -2 -4 -3 -1 -2 -4 -3 -3    0  15   0   0   0  18  10  57   0   0   0   0   0   0   0   0   0   0   0   0  0.75 0.05
  289 T    0 -2 -2 -3 -2  2 -1 -3 -2  0  0 -1  4 -1 -3 -1  1  4 -1  1    8   0   0   0   0  15   0   0   0   0   0   0  37   0   0   0  12  10   0  18  0.35 0.05
  290 E   -1  0 -1  0 -4  3  4 -3  0 -4 -3  3 -2 -4 -2 -1 -1 -4 -3 -3    0   0   0   0   0  18  58   0   0   0   0  24   0   0   0   0   0   0   0   0  0.87 0.06
  291 E    1 -2 -2 -1 -3 -1  2  1 -2 -3 -3 -1 -3 -4  6 -1 -1 -4 -3 -2   18   0   0   0   0   0  20  15   0   0   0   0   0   0  47   0   0   0   0   0  1.10 0.05
  292 V   -1 -2 -3 -2 -2 -1  0  0 -3  1  0 -2  2 -2  3 -2 -1 -3 -3  3    0   0   0   0   0   0   9  10   0   0   0   0  15   0  18   0   0   0   0  48  0.36 0.04
  293 D   -1 -1  0  3 -5  1  5 -3 -1 -4 -4  0 -3 -4 -2 -1 -1 -4 -3 -3    0   0   0  20   0   0  80   0   0   0   0   0   0   0   0   0   0   0   0   0  1.11 0.07
  294 G    1 -3 -1 -2 -3 -2 -3  6 -3 -4 -4 -2 -3 -4 -3 -1 -2 -4 -4 -4    9   0   0   0   0   0   0  91   0   0   0   0   0   0   0   0   0   0   0   0  1.32 0.07
  295 I   -1 -2 -2 -3 -2 -2 -2 -3 -3  2  0 -2  3 -1  3 -1  2 -3 -2  2    0   0   0   0   0   0   0   0   0  21   0   0  19   0  18   0  18   0   0  24  0.43 0.04
  296 V    0  0 -2 -2 -2 -1 -2  2 -2 -1 -1 -1  1 -3  4  0  2 -4 -3  0    9   9   0   0   0   0   0  18   0   0   0   0   8   0  25   0  19   0   0  12  0.46 0.03
  297 A    3 -2  2 -1 -2 -1 -1 -1 -2  0 -1 -1 -1 -2 -2  2  0 -3 -2  2   39   0  18   0   0   0   0   0   0   0   0   0   0   0   0  15   0   0   0  28  0.31 0.04
  298 D    0 -1  0  4 -4  1  4 -2 -1 -4 -4  0 -3 -4 -2 -1 -1 -4 -3 -3    9   0   0  38   0   0  53   0   0   0   0   0   0   0   0   0   0   0   0   0  0.91 0.06
  299 S    2 -2 -1 -2  4 -1 -1 -1 -2 -2 -2 -1 -2  1 -2  3  0 -3 -1 -1   28   0   0   0  15   0   0   0   0   0   0   0   0   9   0  48   0   0   0   0  0.46 0.05
  300 Q   -2  0 -1 -2 -3  5  0 -3  4 -1  1  0  0 -2 -2 -1 -1 -3 -1 -2    0   0   0   0   0  57   0   0  15   0  28   0   0   0   0   0   0   0   0   0  0.61 0.06
  301 P   -1 -2 -3 -3 -3  2 -1 -3 -2 -1  2 -1  0 -2  5 -2 -2 -3 -3 -1    0   0   0   0   0  15   0   0   0   0  38   0   0   0  47   0   0   0   0   0  1.02 0.05
  302 Q   -1  0 -1 -1 -4  6  1 -3  0 -4 -3  1 -1 -4  2 -1 -1 -3 -3 -3    0   0   0   0   0  90   0   0   0   0   0   0   0   0  10   0   0   0   0   0  1.16 0.09
  303 V   -1 -2 -3 -3 -2  2 -2 -4 -2  2  1 -2  0 -1 -3 -2 -1 -3 -2  4    0   0   0   0   0  15   0   0   0   9  10   0   0   0   0   0   0   0   0  65  0.42 0.05
  304 I   -1  0 -1 -1 -2  0 -1 -2 -1  1  0  3  2 -2 -1  0  2 -2 -2  0    1   1   1   1   0   1   1   1   0  13   2  39  16   1   1   1  18   0   1   1  0.24 0.03
  305 V   -1 -1 -2 -2 -2  2  1 -3 -2  1  0 -1  3 -2 -2 -1  1 -3 -2  3    0   0   0   0   0  18   9   0   0   0   0   0  15   0   0   0  10   0   0  49  0.30 0.04
  306 E   -1 -1 -1  1 -5  1  6 -3 -1 -4 -4  0 -3 -4 -2 -1 -1 -4 -3 -3    0   0   0   0   0   0 100   0   0   0   0   0   0   0   0   0   0   0   0   0  1.29 0.09
  307 A    1  1 -2 -2 -3  2 -1 -3 -2 -2 -1 -1 -1 -3  6 -1 -1 -4 -3 -2   12   9   0   0   0  18   0   0   0   0  10   0   0   0  51   0   0   0   0   0  1.10 0.05
  308 Q   -1  0 -1 -1 -4  6  1 -3  3 -3 -1  0  0 -3 -2 -1 -1 -3 -2 -2    0   0   0   0   0  83   0   0   8   0   9   0   0   0   0   0   0   0   0   0  0.96 0.09
  309 E   -1 -1 -1  1 -5  1  6 -3 -1 -4 -4  0 -3 -4 -2 -1 -1 -4 -3 -3    0   0   0   0   0   0 100   0   0   0   0   0   0   0   0   0   0   0   0   0  1.29 0.09
  310 E   -1 -1 -1  1 -5  1  6 -3 -1 -4 -4  0 -3 -4 -2 -1 -1 -4 -3 -3    0   0   0   0   0   0 100   0   0   0   0   0   0   0   0   0   0   0   0   0  1.29 0.09
  311 T    3 -1 -1 -2 -1 -1 -1 -1 -2 -2 -2 -1 -1 -2  3  1  2 -3 -2 -1   48   1   1   1   0   1   1   1   0   1   1   1   0   1  18   1  21   0   0   1  0.51 0.03
  312 I   -1 -3 -4 -4 -2 -3 -4 -4 -4  4  1 -3  1  1 -3 -3 -1 -3 -1  3    0   0   0   0   0   0   0   0   0  58   0   0   0   9   0   0   0   0   0  33  0.56 0.05
  313 L   -1 -3 -3 -3 -3 -2 -2  1 -3 -2  1 -2 -1 -3  6 -2 -2 -4 -3 -2    0   0   0   0   0   0   0  15   0   0  20   0   0   0  65   0   0   0   0   0  1.48 0.06
  314 L   -2 -3 -3 -4 -2 -2 -3 -4 -3  1  4 -3  2  0 -3 -2  1 -3 -2  0    0   0   0   0   0   0   0   0   0   0  85   0   0   0   0   0  15   0   0   0  0.61 0.06
  315 S    0 -1 -1 -1 -2  2  0 -2 -1 -3 -3  0 -2 -3  4  2  2 -4 -3 -2    0   0   0   0   0  20   0   0   0   0   0   0   0   0  28  29  23   0   0   0  0.73 0.03
  316 P   -1 -2 -3 -2 -4 -2 -2 -3 -3 -4 -3 -2 -3 -4  7 -1 -2 -5 -4 -3    0   0   0   0   0   0   0   0   0   0   0   0   0   0 100   0   0   0   0   0  2.73 0.06
  317 T    0  0  0 -1 -2  0 -1 -2 -1 -2 -2  2 -1 -3 -2  2  4 -4 -2 -1    0   0   0   0   0   0   0   0   0   0   0  23   0   0   0  20  57   0   0   0  0.55 0.03
  318 K   -1  1 -1 -1 -4  1  0 -2 -1 -3 -3  5 -2 -4  3 -1 -1 -4 -3 -3    0   0   0   0   0   0   0   0   0   0   0  80   0   0  20   0   0   0   0   0  0.92 0.04
  319 K   -1  3  0 -1 -4  1  0 -2 -1 -3 -3  5 -2 -4 -2 -1 -1 -4 -3 -3    0  23   0   0   0   0   0   0   0   0   0  77   0   0   0   0   0   0   0   0  0.89 0.04
  320 R   -2  6 -1 -2 -4  1  0 -3  0 -3 -3  3 -2 -4 -2 -1 -1 -4 -3 -3    0  80   0   0   0   0   0   0   0   0   0  20   0   0   0   0   0   0   0   0  1.05 0.04
  321 R   -1  4  0 -1 -4  1  0 -2 -1 -3 -3  5 -2 -4 -2 -1 -1 -4 -3 -3    0  32   0   0   0   0   0   0   0   0   0  68   0   0   0   0   0   0   0   0  0.88 0.04
  322 K   -1  2  0 -1 -4  1  0 -2 -1 -3 -3  5 -2 -4 -2 -1 -1 -4 -3 -3    0   0   0   0   0   0   0   0   0   0   0 100   0   0   0   0   0   0   0   0  0.97 0.05
  323 E   -1  0 -1  1 -4  3  5 -3  0 -4 -3  0 -2 -4 -2 -1 -1 -4 -3 -3    0   0   0   0   0  23  77   0   0   0   0   0   0   0   0   0   0   0   0   0  1.03 0.04
  324 K   -1  2  0 -1 -4  1  0 -2 -1 -3 -3  5 -2 -4 -2 -1 -1 -4 -3 -3    0   0   0   0   0   0   0   0   0   0   0 100   0   0   0   0   0   0   0   0  0.97 0.05
  325 R   -1  5 -1 -2 -4  0 -1  2 -1 -4 -3  2 -2 -4 -2 -1 -2 -3 -3 -3    0  80   0   0   0   0   0  20   0   0   0   0   0   0   0   0   0   0   0   0  0.88 0.02
  326 Q   -1  1  0 -1 -3  6  2 -2  1 -3 -3  1  0 -4 -2 -1 -1 -3 -2 -3    0   0   0   0   0 100   0   0   0   0   0   0   0   0   0   0   0   0   0   0  1.10 0.04
  327 N   -2 -1  6  1 -3  0 -1 -1  0 -2 -1 -1  2 -3 -3  0  0 -4 -2 -2    0   0  80   0   0   0   0   0   0   0   0   0  20   0   0   0   0   0   0   0  0.78 0.03
  328 L    1 -3 -3 -4 -2 -2 -3 -3 -3  1  3 -2  1  0 -2 -1 -1 -3 -2  2   20   0   0   0   0   0   0   0   0   0  53   0   0   0   0   0   0   0   0  27  0.35 0.01
  329 G    0 -2 -1 -2 -2 -1 -2  2 -2  1  0 -2  2 -2 -2  0  2 -3 -2  2    0   0   0   0   0   0   0  23   0   0   0   0  20   0   0   0  27   0   0  30  0.26 0.01
  330 M   -2 -2 -3 -4 -2 -1 -3 -4 -3  1  3 -2  6  0 -3 -2 -1 -2 -2  0    0   0   0   0   0   0   0   0   0   0  27   0  73   0   0   0   0   0   0   0  0.62 0.03
  331 E   -1 -1 -1  1 -5  2  5 -3  0 -4 -4  0 -2 -4 -2 -1 -1 -4 -3 -3    0   0   0   0   0   0 100   0   0   0   0   0   0   0   0   0   0   0   0   0  1.14 0.03
  332 A    3 -2 -2 -2 -2 -1 -1 -1 -2 -3 -3 -1 -2 -3  6  0 -1 -4 -3 -1   46   0   0   0   0   0   0   0   0   0   0   0   0   0  54   0   0   0   0   0  1.30 0.01
  333 E   -1 -1  0  3 -5  1  5 -2 -1 -4 -4  0 -3 -4 -2 -1 -1 -4 -3 -3    0   0   0  22   0   0  78   0   0   0   0   0   0   0   0   0   0   0   0   0  0.99 0.01
  334 M   -1 -2 -3 -3 -2 -1 -2 -3 -3  2  1 -2  4 -1  4 -2 -1 -3 -2  0    0   0   0   0   0   0   0   0   0  22   0   0  46   0  32   0   0   0   0   0  0.70 0.01
  335 G    0 -3 -1 -2 -4 -2 -3  6 -3 -5 -4 -2 -3 -4 -3 -1 -2 -4 -4 -4    0   0   0   0   0   0   0 100   0   0   0   0   0   0   0   0   0   0   0   0  1.36 0.01
  336 P   -1 -3 -3 -3 -3 -2 -2 -4 -3  0  3 -2  1 -1  5 -2 -2 -3 -2  0    0   0   0   0   0   0   0   0   0   0  57   0   0   0  43   0   0   0   0   0  0.96 0.00
  337 P   -1 -2 -3 -2 -4 -2 -2 -3 -2 -3 -3 -1 -3 -4  7 -1 -2 -5 -4 -3    0   0   0   0   0   0   0   0   0   0   0   0   0   0 100   0   0   0   0   0  2.65 0.01
  338 G    0 -3 -1 -2 -4 -2 -3  6 -3 -5 -4 -2 -3 -4 -3 -1 -2 -4 -4 -4    0   0   0   0   0   0   0 100   0   0   0   0   0   0   0   0   0   0   0   0  1.34 0.00
  339 V   -1 -2 -2 -1 -2  0  2 -3 -2  2  0 -1  0 -2 -2 -1 -1 -3 -2  3    0   0   0   0   0   0  31   0   0   0   0   0   0   0   0   0   0   0   0  69  0.34 0.00
  340 L   -1 -2 -2 -3 -2 -2 -2 -3 -3  1  3 -2  1  0 -3 -1  2 -3 -2  0    0   0   0   0   0   0   0   0   0   0  69   0   0   0   0   0  31   0   0   0  0.41 0.00
  341 M   -1 -2 -2 -3 -2 -1 -2 -3 -2  1  1 -1  5 -1 -2  0  2 -2 -2  0    0   0   0   0   0   0   0   0   0   0   0   0  69   0   0   0  31   0   0   0  0.42 0.00
  342 V   -1 -1 -1  0 -3  1  4 -3 -1  1 -1  0 -1 -2 -2 -1 -1 -3 -3  2    0   0   0   0   0   0  57   0   0   0   0   0   0   0   0   0   0   0   0  43  0.45 0.00
  343 T    0 -2 -1 -2 -2 -1 -1 -2 -2 -2 -2 -1 -1 -3  4  1  4 -4 -2 -1    0   0   0   0   0   0   0   0   0   0   0   0   0   0  31   0  69   0   0   0  0.90 0.00
  344 E   -1 -1 -1  1 -5  2  5 -3  0 -4 -4  0 -2 -4 -2  0 -1 -4 -3 -3    0   0   0   0   0   0 100   0   0   0   0   0   0   0   0   0   0   0   0   0  1.08 0.00
  345 H   -2 -1 -1 -3 -3 -1 -2 -3  5  0  3 -2  1  0 -3 -2 -2 -2  0 -1    0   0   0   0   0   0   0   0  43   0  57   0   0   0   0   0   0   0   0   0  0.47 0.00
  346 S    1 -1  0 -1 -2 -1 -1 -1 -2 -1  1 -1  0 -2 -2  4  1 -3 -2 -1    0   0   0   0   0   0   0   0   0   0  25   0   0   0   0  75   0   0   0   0  0.42 0.00
  347 E   -1 -1 -1  1 -5  2  5 -3  0 -4 -4  0 -2 -4 -2  0 -1 -4 -3 -3    0   0   0   0   0   0 100   0   0   0   0   0   0   0   0   0   0   0   0   0  1.08 0.00
  348 H   -2 -1  0 -2 -4  0 -1 -3  7 -4 -3 -1 -2 -2  4 -1 -2 -3  1 -3    0   0   0   0   0   0   0   0  75   0   0   0   0   0  25   0   0   0   0   0  1.09 0.00
  349 G    0 -3 -1 -2 -4 -2 -3  6 -3 -5 -4 -2 -3 -4 -3 -1 -2 -4 -4 -4    0   0   0   0   0   0   0 100   0   0   0   0   0   0   0   0   0   0   0   0  1.34 0.00
  350 L   -2 -3 -4 -4 -2 -2 -4 -4 -3  1  4 -3  2  0 -3 -3 -2 -2 -1  1    0   0   0   0   0   0   0   0   0   0 100   0   0   0   0   0   0   0   0   0  0.65 0.00
  351 Q   -1  1  0 -1 -3  6  2 -2  1 -3 -2  1  0 -3 -2  0 -1 -2 -2 -2    0   0   0   0   0 100   0   0   0   0   0   0   0   0   0   0   0   0   0   0  1.01 0.01
  352 A    3 -2 -2 -3 -1 -1 -1 -1 -2  0 -1 -1 -1 -2 -1  1  0 -3 -2  2   69   0   0   0   0   0   0   0   0   0   0   0   0   0   0   0   0   0   0  31  0.39 0.00
  353 E   -1 -1 -1  1 -5  2  5 -3  0 -4 -4  0 -2 -4 -2  0 -1 -4 -3 -3    0   0   0   0   0   0 100   0   0   0   0   0   0   0   0   0   0   0   0   0  1.08 0.00
  354 V    2 -2 -3 -3 -1 -2 -2 -2 -3  2  0 -2  0 -2 -2 -1  0 -3 -2  3   31   0   0   0   0   0   0   0   0   0   0   0   0   0   0   0   0   0   0  69  0.35 0.00
  355 A    4 -2 -2 -2 -1 -1 -1  0 -2 -2 -2 -1 -1 -3 -1  1  0 -3 -2  0  100   0   0   0   0   0   0   0   0   0   0   0   0   0   0   0   0   0   0   0  0.61 0.00
  356 L   -1 -2 -3 -3 -3 -2 -2 -3 -3  0  2 -2  0 -1  6 -2 -2 -3 -3 -1    0   0   0   0   0   0   0   0   0   0  43   0   0   0  57   0   0   0   0   0  1.24 0.00
  357 V    0 -3 -3 -4 -1 -2 -3 -4 -3  2  1 -3  1 -1 -3 -2  0 -3 -2  4    0   0   0   0   0   0   0   0   0   0   0   0   0   0   0   0   0   0   0 100  0.53 0.00
  358 S    1 -1  0 -1 -2  0  0 -1 -1 -3 -3 -1 -2 -3 -1  4  1 -4 -2 -2    0   0   0   0   0   0   0   0   0   0   0   0   0   0   0 100   0   0   0   0  0.74 0.00
  359 P   -1 -2 -3 -2 -4 -2 -2 -3 -2 -3 -3 -1 -3 -4  7 -1 -2 -5 -4 -3    0   0   0   0   0   0   0   0   0   0   0   0   0   0 100   0   0   0   0   0  2.65 0.01
  360 K   -1  2  0 -1 -4  1  0 -2 -1 -3 -3  5 -2 -3 -1 -1 -1 -4 -2 -3    0   0   0   0   0   0   0   0   0   0   0 100   0   0   0   0   0   0   0   0  0.83 0.00
  361 K   -1  2  0 -1 -4  1  0 -2 -1 -3 -3  5 -2 -3 -1 -1 -1 -4 -2 -3    0   0   0   0   0   0   0   0   0   0   0 100   0   0   0   0   0   0   0   0  0.83 0.00
  362 T    0 -1  0 -1 -1 -1 -1 -2 -2 -1 -2 -1 -1 -2 -2  1  5 -3 -2  0    0   0   0   0   0   0   0   0   0   0   0   0   0   0   0   0 100   0   0   0  0.73 0.00
  363 K   -1  2  0 -1 -4  1  0 -2 -1 -3 -3  5 -2 -3 -1 -1 -1 -4 -2 -3    0   0   0   0   0   0   0   0   0   0   0 100   0   0   0   0   0   0   0   0  0.83 0.00
  364 K   -1  2  0 -1 -4  1  0 -2 -1 -3 -3  5 -2 -3 -1 -1 -1 -4 -2 -3    0   0   0   0   0   0   0   0   0   0   0 100   0   0   0   0   0   0   0   0  0.83 0.00
  365 K   -1  2  0 -1 -4  1  0 -2 -1 -3 -3  5 -2 -3 -1 -1 -1 -4 -2 -3    0   0   0   0   0   0   0   0   0   0   0 100   0   0   0   0   0   0   0   0  0.83 0.00
  366 K   -1  2  0 -1 -4  1  0 -2 -1 -3 -3  5 -2 -3 -1 -1 -1 -4 -2 -3    0   0   0   0   0   0   0   0   0   0   0 100   0   0   0   0   0   0   0   0  0.83 0.00
  367 K    0  1  0 -1 -4  0 -1  4 -2 -4 -3  3 -2 -4 -2 -1 -1 -4 -3 -3    0   0   0   0   0   0   0  50   0   0   0  50   0   0   0   0   0   0   0   0  0.69 0.00
  368 K   -1  2  0 -1 -4  1  0 -2 -1 -3 -3  5 -2 -3 -1 -1 -1 -4 -2 -3    0   0   0   0   0   0   0   0   0   0   0 100   0   0   0   0   0   0   0   0  0.83 0.00
  369 K   -1  4  0 -1 -4  1  0 -2  0 -3 -3  4 -2 -3 -2 -1 -1 -4 -2 -3    0  50   0   0   0   0   0   0   0   0   0  50   0   0   0   0   0   0   0   0  0.83 0.00

                      K         Lambda
Standard Ungapped    0.1647     0.3264
Standard Gapped      0.1100     0.3190
PSI Ungapped         0.1647     0.3264
PSI Gapped           0.1100     0.3190
