
Last position-specific scoring matrix computed, weighted observed percentages rounded down, information per position, and relative weight of gapless real matches to pseudocounts
           A  R  N  D  C  Q  E  G  H  I  L  K  M  F  P  S  T  W  Y  V   A   R   N   D   C   Q   E   G   H   I   L   K   M   F   P   S   T   W   Y   V
    1 Q   -1  1  0 -1 -3  6  2 -2  1 -3 -2  1  0 -3 -2  0 -1 -2 -2 -2    0   0   0   0   0 100   0   0   0   0   0   0   0   0   0   0   0   0   0   0  1.00 0.00
    2 G    0 -3 -1 -2 -4 -2 -3  6 -3 -5 -4 -2 -4 -4 -3 -1 -2 -4 -4 -4    0   0   0   0   0   0   0 100   0   0   0   0   0   0   0   0   0   0   0   0  1.40 0.03
    3 Q   -1  1  0 -1 -4  6  1 -3  0 -3 -3  1 -1 -4  2 -1 -1 -3 -2 -3    0   0   0   0   0  89   0   0   0   0   0   0   0   0  11   0   0   0   0   0  1.01 0.03
    4 A    4 -2 -1 -2 -1 -1 -1  0 -2 -2 -2 -1 -2 -3 -1  2  0 -3 -2 -1   76   0   0   0   0   0   0   0   0   0   0   0   0   0   0  24   0   0   0   0  0.59 0.02
    5 S    1 -1  3  0 -2 -1 -1  0 -1 -2 -3 -1 -2 -3 -2  3  2 -4 -2 -2   16   0  28   0   0   0   0   6   0   0   0   0   0   0   0  28  22   0   0   0  0.48 0.03
    6 S    1 -1  0 -1 -2 -1 -1 -1 -1 -2 -3 -1 -2 -1 -2  4  2 -2  2 -2    6   0   0   0   0   0   0   0   0   0   0   0   0   0   0  68  12   0  15   0  0.57 0.05
    7 S    1 -1  0 -1 -2 -1 -1 -1 -1 -3 -3 -1 -2 -3 -2  5  2 -4 -2 -2    0   0   0   0   0   0   0   0   0   0   0   0   0   0   0  85  15   0   0   0  0.79 0.07
    8 H   -2 -2 -2 -3 -3 -1 -2 -4  5 -1  2 -2  0  0  4 -2 -2 -2  3 -1    0   0   0   0   0   0   0   0  27   0  32   0   0   0  27   0   0   0  15   0  0.64 0.04
    9 Q    1  0 -1 -1 -3  4  0 -2  0 -3 -3  0 -1 -3  3  2  0 -3 -3 -2   13   0   0   0   0  45   0   0   0   0   0   0   0   0  15  27   0   0   0   0  0.65 0.05
   10 V    1 -3 -3 -3 -2 -2 -2 -3 -3  2  0 -2  0 -2  2 -1  1 -3 -2  3   19   0   0   0   0   0   0   0   0  16   0   0   0   0  13   0   8   0   0  44  0.38 0.03
   11 A    3 -2 -2 -2 -2 -1 -1 -1 -2 -2 -3 -1 -2 -3  4  2  0 -4 -3 -1   55   0   0   0   0   0   0   0   0   0   0   0   0   0  26  19   0   0   0   0  0.78 0.06
   12 N   -1 -1  5  2 -3 -1 -1  2 -1 -3 -3 -1 -2 -3 -2  2  0 -3 -2 -3    1   1  51   8   0   1   1  14   0   1   1   1   0   0   1  18   1   0   0   1  0.60 0.05
   13 F    0 -3 -3 -3 -3 -2 -3 -3 -2 -1  0 -3  2  5  3 -1 -2 -1  1 -1    8   0   0   0   0   0   0   0   0   0   0   0  12  56  19   5   0   0   0   0  0.65 0.06
   14 N    1 -1  3  2 -2 -1 -1  1 -1 -3 -3 -1 -2 -3 -2  2  2 -4 -3 -2   12   0  27  13   0   0   0   9   0   0   0   0   0   0   0  21  18   0   0   0  0.46 0.04
   15 L   -1 -3 -3 -4 -2 -2 -3 -4 -3  2  3 -3  1  0 -3 -1 -1 -3 -2  2    5   0   0   0   0   0   0   0   0  18  55   0   0   0   0   5   0   0   0  14  0.43 0.05
   16 P    0 -2  0 -2 -4  0 -1 -1 -2 -4 -3 -1 -3 -4  7 -1 -2 -4 -4 -3    5   0   5   0   0   6   0   5   0   0   0   0   0   0  76   0   0   0   0   0  1.87 0.11
   17 A    1 -1 -1 -2 -2 -1 -1 -1 -1 -1  0 -1 -1  1  3  1  0 -1  3  0   20   1   1   1   1   1   2   2   1   1   8   2   1   9  16  11   2   0  15   6  0.24 0.02
   18 Y   -2 -3  0 -3 -4 -3 -3  1  0 -2 -2 -3 -2  3 -4 -1 -2  1  6 -3    0   0   5   0   0   0   0  13   0   0   0   0   0  14   0   4   0   0  63   0  0.92 0.11
   19 D    1 -1  2  2 -3  0  3 -2 -1 -3 -3  0 -3 -4 -2  2  0 -4 -3 -3   14   0  13  14   0   0  36   0   0   0   0   0   0   0   0  23   0   0   0   0  0.57 0.06
   20 Q   -1  0  2 -1 -3  5  0 -2  0 -3 -3  0 -1 -3  3  2 -1 -3 -3 -3    0   0  10   0   0  50   0   0   0   0   0   0   0   0  15  21   0   0   0   0  0.72 0.09
   21 G    1 -2  1 -1 -2  0 -1  3 -2 -3 -3 -1 -2 -3 -2  2  3 -4 -3 -2    9   0   7   0   0   4   0  27   0   0   0   0   0   0   0  24  29   0   0   0  0.49 0.06
   22 L   -2 -3 -4 -4 -2 -1 -3 -5 -3  2  4 -3  1  0 -4 -3 -2 -3 -2  2    0   0   0   0   0   4   0   0   0  18  68   0   0   0   0   0   0   0   0  10  0.60 0.07
   23 L   -1 -3 -3 -4 -2 -1 -3 -2  0  3  2 -3  1 -1 -3 -2 -1 -3 -2  3    0   0   0   0   0   5   0   4   4  34  18   0   0   0   0   0   0   0   0  35  0.38 0.05
   24 L   -3 -3 -4 -4 -3 -3 -4 -4  0  1  2 -4  0  6 -4 -3 -2 -1  2  0    0   0   0   0   0   0   0   0   4   4  18   0   0  65   0   0   0   0   0   8  0.79 0.09
   25 P   -1 -3 -3 -3 -4 -2 -2 -4 -3 -4 -4 -2 -3 -5  8 -2 -2 -5 -4 -3    0   0   0   0   0   0   0   0   0   0   0   0   0   0 100   0   0   0   0   0  2.87 0.16
   26 A    3 -2 -2 -2 -2 -2 -2  1 -2 -3 -3 -1 -2 -3  4  1  0 -4 -3 -2   50   0   0   0   0   0   0  13   0   0   0   0   0   0  27   4   6   0   0   0  0.76 0.07
   27 P    2 -2 -1 -2 -2 -1 -1  1 -2 -2 -2 -1 -2 -3  5  2  0 -3 -2 -2   24   1   1   1   0   1   1   9   0   1   1   1   0   1  36  19   1   0   1   1  0.77 0.05
   28 A    3 -2 -1 -2 -2 -1 -1  2 -2 -3 -3 -1 -2 -3 -2  3  0 -4 -3 -2   46   0   0   0   0   0   0  16   0   0   0   0   0   0   0  38   0   0   0   0  0.60 0.08
   29 V    1  3 -1 -2 -2  0 -1 -2 -1 -1 -1  0 -1 -2 -1  1  2 -3 -2  1   12  27   1   1   0   1   1   1   0   1   2   1   0   1   1  10  21   0   1  16  0.25 0.03
   30 E   -1  1 -1  0 -4  0  3  4 -2 -4 -4 -1 -3 -4 -3 -1 -2 -4 -4 -4    0   9   0   0   0   0  39  51   0   0   0   0   0   0   0   0   0   0   0   0  0.84 0.09
   31 H   -2  0 -1 -2 -4  5  0 -3  7 -4 -4  0 -2 -3 -3 -1 -2 -3  0 -4    0   0   0   0   0  43   0   0  57   0   0   0   0   0   0   0   0   0   0   0  1.28 0.15
   32 I   -1 -3 -3 -4 -2 -3 -3 -4 -3  4  0 -3  0 -1 -3 -1  2 -3 -2  3    0   0   0   0   0   0   0   0   0  54   0   0   0   0   0   0  21   0   0  25  0.55 0.08
   33 V   -1 -3 -4 -4 -2 -3 -3 -4 -4  2  0 -3  0 -2 -3 -3 -1 -4 -3  5    0   0   0   0   0   0   0   0   0   0   0   0   0   0   0   0   0   0   0 100  0.91 0.13
   34 V   -1 -3 -4 -4 -2 -3 -3 -4 -4  2  0 -3  0 -2 -3 -3 -1 -4 -3  5    0   0   0   0   0   0   0   0   0   0   0   0   0   0   0   0   0   0   0 100  0.91 0.13
   35 T    1  4 -1 -2 -3  0 -1 -2 -1 -2 -3  1 -2 -3 -2  0  3 -4 -3 -2   15  46   0   0   0   0   0   0   0   0   0   0   0   0   0   0  39   0   0   0  0.66 0.10
   36 A    4 -2 -1 -2 -2 -1 -1 -1 -2 -2 -3 -1 -2 -3 -1  3  0 -4 -3 -1   65   0   0   0   0   0   0   0   0   0   0   0   0   0   0  35   0   0   0   0  0.72 0.10
   37 A    5 -2 -2 -3 -2 -2 -2 -1 -2 -2 -2 -2 -2  0 -2  1 -1 -4 -2 -1   87   0   0   0   0   0   0   0   0   0   0   0   0   7   0   7   0   0   0   0  0.84 0.17
   38 D   -1 -2  1  5 -3 -1  1 -2 -2 -4 -4 -1 -3 -3 -2  2 -1 -4 -3 -3    1   0   5  52   0   0   7   1   0   0   1   0   0   0   0  29   0   0   0   1  0.83 0.12
   39 S    0 -1  1 -1 -2 -1 -1 -2 -2 -4 -4  0 -3 -4 -2  5  0 -4 -3 -3    0   0   7   0   0   0   0   0   0   0   0   7   0   0   0  87   0   0   0   0  0.98 0.19
   40 S    0  1 -1 -2 -2 -1 -2  0 -2 -2 -3 -1 -2 -3 -2  3  5 -4 -3 -2    0   9   0   0   0   0   0   7   0   0   0   0   0   0   0  25  59   0   0   0  0.72 0.15
   41 G    0  0 -1 -2 -3 -2 -2  5 -2 -4 -4 -2 -3 -4 -3  2  1 -4 -4 -3    4   7   0   0   0   0   0  62   0   0   0   0   0   0   0  20   8   0   0   0  0.88 0.12
   42 S    1 -2 -1 -2 -2 -1 -1  1 -2 -3 -3 -1 -2 -3 -2  5  0 -4 -3 -1    9   0   0   0   0   0   0  13   0   0   0   0   0   0   0  74   0   0   0   4  0.77 0.16
   43 A    2 -2 -2 -2 -2 -1  0  0 -3  0  2 -2  0 -2  0  0  1 -3 -3  1   34   0   0   0   0   0   8   6   0   0  27   0   0   0   4   3   7   0   0  12  0.23 0.09
   44 A    2  0 -2 -1 -3  2 -1  0  1 -1 -2 -1 -2 -3  4 -1  0 -4 -3 -1   23   4   0   2   0  13   0   7   4   6   0   0   0   0  29   0   7   0   0   5  0.56 0.12
   45 T    0  2 -1 -2 -3  1 -1  3 -2 -1 -3  0 -2 -3 -2  1  1 -4 -3 -1    4  20   0   0   0  10   2  30   0   5   0   0   0   0   0  11  15   0   0   2  0.39 0.10
   46 A    2 -2 -1 -1 -3  1  0  2 -2 -3 -3 -1 -2 -4  3  2  0 -4 -3 -2   17   0   0   0   0   6   7  20   0   0   0   0   0   0  18  29   3   0   0   0  0.57 0.11
   47 T    0 -2 -1 -2 -2 -1  0  1 -2 -1  0 -1  0 -3  2  3  1 -4 -3  0    3   0   0   0   0   0   5  10   0   0  10   0   4   0  11  42  10   0   0   6  0.36 0.10
   48 F   -1 -1 -2 -2 -2  0 -2  0 -2  0  2 -2  0  2 -3  2  0 -3 -1  0    0   4   0   0   0   5   0   7   0   0  28   0   0  12   0  34   0   0   0  10  0.22 0.10
   49 Q   -1  3 -1 -1 -4  2  1  2  3 -4 -3  0 -2 -4 -2  2 -1 -4 -2 -3    0  22   0   0   0  15  12  17  10   0   0   0   0   0   0  23   0   0   0   0  0.49 0.11
   50 S    2  1  2 -1 -2 -1 -1  1 -2 -3 -3 -1 -2 -3 -2  3  1 -4 -3 -2   24  10  11   0   0   0   0  10   0   0   0   0   0   0   0  39   6   0   0   0  0.49 0.12
   51 S    0 -2  1 -1 -3  0  0  1 -2 -3 -3 -1 -2 -3  3  3  2 -4 -3 -2    0   0   5   0   0   4   7  10   0   0   1   0   0   0  20  39  12   0   0   0  0.57 0.12
   52 Q   -1  1 -1 -1 -3  4  0  0  3 -3 -3  0 -2 -3 -2  3 -1 -3 -2 -3    0   7   0   0   0  36   0   7  11   0   0   0   0   0   0  34   0   0   0   0  0.61 0.16
   53 T    1 -1  3 -1 -2 -1 -1 -2  2 -2 -1 -1 -1 -3  1  2  2 -3 -2 -2   13   0  18   0   0   0   0   0   9   0   7   0   0   0   7  23  20   0   0   0  0.36 0.10
   54 L    0  0  0 -2 -2 -2 -2  1 -1 -1  1 -1  0  2 -3  1  0 -2  2  0    7   7   5   0   0   0   0  11   0   0  21   0   0  11   0  18   6   0   9   6  0.13 0.06
   55 T    1 -2 -1 -2 -2 -2 -2 -2 -2  1 -1 -2  1 -2  0  2  3 -4 -3  1   13   0   0   0   0   0   0   0   0   8   0   0   6   0   4  27  25   0   0  17  0.36 0.12
   56 H   -1  3 -1 -2 -4  2 -1 -3  6 -4 -4 -1 -3 -3 -3  2 -1  5  0 -4    0  19   0   0   0   9   0   0  38   0   0   0   0   0   0  24   0  10   0   0  0.85 0.20
   57 R    1  3 -1 -2 -3  0  1 -2  3 -3 -3  2 -2 -2 -2  1 -1 -3  2 -2   16  24   0   0   0   0   7   0  15   0   0  14   0   0   0  15   0   0   9   0  0.42 0.10
   58 S    1  2  2  2 -3  0  2 -2 -1 -3 -3  0 -2 -3 -2  1  2 -4 -3 -2   14  14  14  14   0   0  14   0   0   0   0   0   0   0   0  14  14   0   0   0  0.40 0.08
   59 N   -1  1  2 -1 -3 -1  0  0  0 -2 -3 -1 -2 -3 -2  1  4 -4 -3 -1    2   8  11   0   0   0   6   5   3   0   0   0   0   0   0  10  53   0   0   3  0.56 0.15
   60 V    0 -3 -3 -3 -2 -2 -2 -3 -3  3  2 -2  0  0  1  0 -1 -3 -2  2    4   0   0   0   0   0   3   0   0  37  17   0   0   3   7   9   0   0   0  16  0.31 0.08
   61 S   -1  0  2  0 -3  1 -1 -2  2 -3 -2  4 -2 -4 -2  3  0 -4 -2 -3    0   0   8   3   0   3   0   0   6   0   3  40   0   0   0  33   3   0   0   0  0.58 0.15
   62 L   -1 -3 -2 -1 -3 -2  0 -2  2  0  3 -2  0  1 -3  0 -1 -3 -1 -1    2   0   0   4   0   0   6   2  10   0  55   0   0   8   0  11   3   0   0   0  0.33 0.12
   63 L    1 -3 -3 -4  2 -2 -3 -3 -3  0  4 -2  1 -1 -1  0  0 -3 -2 -1   12   0   0   0   6   0   0   0   0   0  61   2   0   0   3  10   6   0   0   0  0.42 0.13
   64 E   -2  0  1  5 -5  1  3 -3 -2 -5 -5 -1 -4 -5 -3  0 -2 -5 -4 -4    0   6   6  53   0   4  25   0   0   0   0   0   0   0   0   6   0   0   0   0  1.02 0.17
   65 P    0  0 -1 -2 -3 -2 -2  2 -2 -2 -2 -1 -2 -3  1  1  4 -4 -3 -2    5   6   0   0   0   0   0  20   0   0   3   0   0   0   6  12  48   0   0   0  0.55 0.14
   66 Y   -2 -2 -3 -4 -4 -3 -3 -1  2 -3 -2 -3 -2  2  0  0 -2  0  7 -3    0   2   0   0   0   0   0   5   5   0   2   0   0   7   5   9   2   0  64   0  1.09 0.23
   67 Q   -2  1 -1  1 -5  6  0 -4  4 -4 -4  0 -2 -4 -3 -2 -1 -4 -3 -4    0   4   0   6   0  74   0   0  12   0   0   0   0   0   0   0   4   0   0   0  1.37 0.31
   68 K   -1  6 -2 -3 -5  0 -1  0  1 -4 -4  3 -3 -4 -3 -2 -2 -4 -3 -4    3  63   0   0   0   0   0   6   4   0   0  23   0   0   0   0   0   0   0   0  1.15 0.24
   69 C   -1 -4 -2 -4  9 -2 -4 -4 -1 -3 -3 -4 -3 -3 -4 -2 -2  1  1 -3    2   0   1   0  79   1   0   0   2   0   0   0   0   0   0   2   0   2   7   0  1.91 0.32
   70 G   -1 -4 -2 -1 -5 -3 -3  6 -4 -6 -5 -3 -5 -5 -4  0 -3 -5 -5 -5    0   0   0   3   0   0   0  92   0   0   0   0   0   0   0   5   0   0   0   0  1.77 0.31
   71 L   -2 -2 -3 -4 -3  3 -2 -4 -1  1  4 -2  1  1 -4 -3 -2 -3 -2  1    0   0   0   0   0  20   0   0   2   5  54   0   0   5   0   0   0   0   0  14  0.57 0.18
   72 K   -2  1 -2 -2 -5  0  1 -3 -2 -5 -4  6 -3 -5 -3 -2 -2 -5 -4 -4    0   0   0   0   0   0   5   0   0   0   0  95   0   0   0   0   0   0   0   0  1.64 0.37
   73 R   -3  7 -2 -4 -6 -1 -2 -4 -2 -5 -4  1 -3 -5 -4 -3 -3 -5 -4 -4    0 100   0   0   0   0   0   0   0   0   0   0   0   0   0   0   0   0   0   0  2.08 0.40
   74 K   -2  1 -2 -3 -5  0 -1 -3 -2 -4 -4  6 -3 -5 -3 -2  0 -5 -4 -4    0   0   0   0   0   0   0   0   0   0   0  95   0   0   0   0   5   0   0   0  1.61 0.37
   75 S    0 -2  0 -2  3  1 -1 -2  1 -2 -3  0 -1 -4 -3  4  1 -4 -3 -3    0   0   4   0  10   6   0   0   3   3   0   5   2   0   0  63   4   0   0   0  0.72 0.23
   76 E   -2 -2 -1  2  1  0  5 -3 -1 -4 -4  0 -3 -4 -2 -1 -2  3 -3 -3    1   0   0  12   4   0  70   1   0   0   1   2   0   0   0   1   1   5   0   1  1.09 0.24
   77 E   -2 -2 -1  2 -4  0  5 -3 -1 -3 -3 -1 -3 -4 -2  0 -2 -4 -3  0    1   0   0  12   0   0  68   1   0   0   1   1   0   0   0   5   1   0   0   8  1.00 0.23
   78 V   -1 -3 -3 -3  2 -2 -1 -3 -3  2  3 -2  1 -1  0 -2 -1 -3 -2  2    4   0   0   0   6   0   6   1   0  13  38   0   1   0   5   2   0   0   0  23  0.33 0.10
   79 E   -2 -1  0  5 -4  2  3 -2 -1 -4 -4  0 -3 -4 -2  1 -1 -4 -3 -3    1   0   2  42   0   9  29   1   0   0   1   3   0   0   0  10   0   0   0   0  0.87 0.18
   80 S   -1 -1  4 -1  1 -1  0  1 -1 -1 -3  0 -3 -4  0  3 -1 -4 -3 -3    0   2  30   0   4   0   5  13   0   5   0   3   0   0   3  33   0   0   0   0  0.50 0.16
   81 N    0  1  3 -1 -3  0 -1  2  1 -2 -3 -1 -2 -3  0  1  1 -4 -2 -1    4  11  19   0   0   2   0  19   6   0   1   0   0   0   5  16  10   0   0   6  0.32 0.10
   82 G    0  0 -1  1 -3 -2 -2  4 -2 -3 -3 -2  0 -3 -3  2 -1 -4 -3 -1    4   6   0  10   0   0   0  45   0   0   1   0   5   0   0  19   0   0   0   7  0.55 0.14
   83 S    2  0 -1  0 -2  0  0  0 -2 -1 -3 -1 -2 -3 -2  3  1 -4 -3 -1   15   6   0   6   0   5   4   6   0   4   0   0   0   0   0  43   6   0   0   4  0.40 0.14
   84 V   -2  0 -3 -4 -3 -2 -3  0 -3  0  0  0  4 -2 -3 -2  1 -3 -3  3    0   5   0   0   0   0   0   7   0   0   5   6  25   0   0   0  11   0   0  40  0.45 0.19
   85 Q   -1 -1  0  0 -4  6  0 -3  2 -4 -3  0 -2 -4  0  0  1 -4 -3 -3    4   0   4   4   0  58   0   0   7   0   0   0   0   0   5   7   9   0   0   0  0.87 0.24
   86 I   -2 -3  0 -1 -3 -3 -3  0 -3  5  0 -3  1 -1 -4 -3 -2 -3  1  2    0   0   5   5   0   0   0   8   0  61   0   0   3   0   0   0   0   0   6   7  0.54 0.19
   87 I   -1 -3 -3 -1 -2 -3 -3 -4  0  2  1 -3  0 -2  1 -1  1 -4 -2  3    4   0   0   3   0   0   0   0   4  13  18   0   0   0   6   3   8   0   0  41  0.37 0.13
   88 E   -1 -2 -1  3 -5  1  5 -1 -2 -4 -4 -1 -3 -5 -3 -1 -1 -5 -4 -2    3   0   0  14   0   5  67   4   0   0   0   0   0   0   0   0   3   0   0   4  1.05 0.25
   89 E    0 -2 -2  0  1  0  5  0  1 -4 -4 -1 -3 -4 -3  1  0 -5 -4 -3    4   0   0   0   4   0  64   9   3   0   0   0   0   0   0  10   5   0   0   0  0.89 0.24
   90 H    0 -1  1  0 -3  0 -2 -3  6 -1  2 -2 -1 -2 -3 -1  0 -3 -1 -1    6   1   6   4   0   4   0   0  35   0  29   0   0   0   0   4   5   0   0   5  0.47 0.17
   91 P   -1 -2 -1 -2 -3 -2 -2 -1 -2 -3 -2 -1 -2  0  5  3  1 -3  1 -2    0   0   0   0   0   0   0   4   0   0   3   4   0   4  31  37   8   0   6   0  0.75 0.18
   92 P    2 -2  0 -2 -3  1 -1 -1 -2 -1 -2 -1 -2 -3  5  0  1 -3 -3 -2   20   1   5   1   0   7   1   5   0   6   1   1   0   0  37   5   9   0   0   1  0.76 0.14
   93 L    2 -2  1 -2 -2 -1 -1 -1 -2 -1 -1 -1  1 -1  3  1  1 -3 -2  0   30   1   7   1   0   1   4   1   0   1   6   1   4   2  15   5  13   0   1   6  0.29 0.08
   94 M    0 -2 -1 -2 -2  0  0 -1 -2  1  1 -2  4 -1 -1  0  1 -3 -2  1    6   1   2   1   0   4   5   5   0   7   7   1  28   0   2   6  10   0   0  15  0.22 0.10
   95 L    0 -2 -1  1 -2  0 -1  0 -2  0  2 -1  0  0 -2  1  1 -2  0  0    5   1   1   8   0   3   3   8   0   5  29   1   0   3   1  11  11   0   5   5  0.09 0.05
   96 Q    1 -1  1  0 -3  4  1 -2  1 -3 -3  1 -1 -3  0  2  0 -3 -2 -2   10   0   6   3   0  28   5   0   3   0   1   7   2   0   4  25   5   0   0   0  0.45 0.13
   97 N    0 -1  4 -1 -3 -1 -1  0  2 -2 -2  0 -2 -3 -2  1  3 -4 -2 -2    6   0  33   1   0   0   3   6   6   0   3   3   0   0   0   8  26   0   0   2  0.48 0.14
   98 R   -1  2  3  1 -3  0  0  0  1 -2 -1  1 -2 -3  0  0  2 -3 -2 -2    4  17  20   6   0   2   4   5   3   1   5   5   0   0   4   4  15   0   0   1  0.27 0.08
   99 T    1 -2  2 -1 -2 -1  0  0 -2 -1 -1 -1  1 -3 -1  1  3 -3 -3  0   13   0  15   0   0   0   4   5   0   0   3   3   7   0   2   7  31   0   0   7  0.29 0.11
  100 V    2 -2  1  0 -2 -1 -1  2 -2  0 -1 -1 -1 -2 -2  0  1 -3 -2  1   23   0  10   4   0   0   1  19   0   8   5   3   0   0   0   5   8   0   0  11  0.19 0.07
  101 V    1 -2  1 -2 -2  0 -2  2 -2 -1  0 -2  1 -2  0  0  0 -3 -3  1   18   0   8   0   0   3   0  22   0   0  10   0   5   0   5   7   5   0   0  15  0.20 0.07
  102 G    1 -1  1 -2 -3  0 -2  4 -2 -3 -3 -2 -2 -4  1  1  2 -4 -3 -1   11   2   7   0   0   5   0  38   0   0   0   0   0   0   6   7  18   0   0   4  0.50 0.12
  103 A    2 -1  1  0 -2  0 -1  2  2 -1 -3  0 -2 -3  0  1  1 -4 -2 -1   27   0   7   4   0   3   0  15  10   3   0   5   0   0   3   9  10   0   0   5  0.25 0.09
  104 A    2 -1 -1  0 -2 -2 -2  2 -2 -2 -2  0  0 -3  0  1  1 -4 -3  0   26   3   0   4   0   0   0  23   0   0   0   5   4   0   4   8  14   0   0   9  0.31 0.09
  105 A    2 -2 -2 -2 -2  0 -1  2  0  0 -1 -2 -1 -3 -1  1  2 -4 -3  1   19   0   0   0   0   3   4  22   2   4   4   0   0   0   3   6  18   0   0  14  0.25 0.08
  106 T    1 -2 -1 -2 -2  0 -2  1 -2 -1  0 -2 -1 -3  1  0  4 -4 -3  1   16   0   2   0   0   3   0  10   0   0   9   0   0   0   7   3  39   0   0  10  0.37 0.12
  107 T    1 -2  0 -2 -2 -2 -2  2  0 -1 -3  0 -2 -3 -1  1  4 -4 -3  0   15   0   3   0   0   0   0  16   3   1   0   5   0   0   2   5  41   0   0   7  0.43 0.13
  108 T    2 -2  1 -1 -2  0  0 -1  0 -2 -3 -1 -2 -3  0  2  2 -4 -3  0   30   0  10   0   0   5   4   3   3   0   0   2   0   0   3  13  23   0   0   5  0.35 0.10
  109 T    1 -2  1 -2 -3  0 -1 -1  1 -2 -3  0 -2 -3  2  1  4 -4 -3 -1   13   0   7   0   0   4   0   3   5   0   0   4   0   0  12   5  46   0   0   1  0.56 0.14
  110 V    2 -2  1 -2 -2 -1 -2  1 -2  0 -2 -1 -1 -3  2  1  2 -4 -3  0   26   0  10   0   0   2   0  10   0  10   0   0   0   0   9  12  16   0   0   6  0.30 0.08
  111 T    1 -2 -1 -2 -3  1 -2  2 -2 -2 -3  0 -2 -3  0  1  4 -4 -3  0    8   0   0   0   0   7   0  18   0   0   0   4   0   0   3   6  49   0   0   6  0.53 0.13
  112 T    2 -1  0 -2 -2  1 -1  1  0 -3 -3  0 -2 -3  0  3  3  0 -3 -2   21   0   2   0   0   6   0   9   2   0   0   6   0   0   2  27  22   2   0   0  0.42 0.10
  113 K    0  0  1 -2 -3  1 -1  2 -2 -3 -2  4 -2 -4  0  0  0 -4 -3 -2    8   0   6   0   0   7   0  18   0   0   4  41   0   0   3   5   5   0   0   2  0.41 0.10
  114 S    1  1  3 -1 -1  1 -1  1 -1 -3 -3  0 -2 -3 -1  2  2 -4 -3 -2    9   7  19   0   2   8   0  12   0   0   0   2   0   0   2  18  20   0   0   0  0.38 0.07
  115 S    0 -1  1 -1 -3 -1 -2  3  1 -4 -4  0 -3 -4 -2  3  0 -4 -3 -3    2   2   7   0   0   0   0  32   4   0   0   5   0   0   0  47   2   0   0   0  0.65 0.11
  116 S    0 -1  2  2  1 -1 -1  2  0 -3 -3  0 -3 -3 -2  2  1 -4 -3 -3    3   0  13  13   5   0   0  20   2   0   0   7   0   0   0  29   9   0   0   0  0.41 0.06
  117 S    1 -2  0 -2  0 -1 -1  2 -2 -2 -2 -1 -2 -3  1  3  1 -4 -3 -1    6   0   2   0   2   2   0  18   0   0   4   0   0   0   6  50   6   0   0   4  0.44 0.08
  118 S    0  0  3  2 -3  0  0  1  1 -3 -3  0 -2 -3 -2  2  1 -4 -2 -3    2   5  27  13   0   4   0   8   4   0   0   2   0   0   0  23   9   0   0   0  0.43 0.06
  119 G    1 -1  2 -1 -2  1 -1  3 -1 -3 -2  1 -2 -3  0  2  0 -3 -2 -2    8   1  13   1   0   6   1  25   0   1   2   8   0   1   5  23   3   0   1   1  0.32 0.04
  120 E   -1 -1  0  3 -3  2  4 -2  0 -3 -3  0 -2 -3 -1  0 -1 -3 -2 -2    1   1   1  21   0   8  57   1   0   1   2   1   0   1   1   1   1   0   1   1  0.68 0.01
  121 G    0 -2 -1 -1 -3 -2 -2  5 -2 -3 -3 -2 -3 -3 -2 -1 -2 -3 -3 -3    1   1   1   1   0   1   1  84   0   1   2   1   0   1   1   1   1   0   1   1  0.99 0.01
  122 D   -2 -1  1  5 -3  0  2 -1 -1 -3 -3 -1 -3 -3 -1 -1 -1 -3 -3 -3    1   1   1  72   0   1  13   1   0   1   2   1   0   1   1   1   1   0   1   1  0.88 0.02
  123 Y   -2 -3 -3 -4 -3 -2 -3 -4  2 -2 -2 -3 -2  3 -4 -2 -2  2  7 -2    0   0   0   0   0   0   0   0   0   0   0   0   0   0   0   0   0   0 100   0  1.30 0.04
  124 Q   -1  1  1 -1 -4  6  1 -2  2 -3 -3  1 -1 -3 -2 -1 -1 -3 -2 -3    0   0   4   0   0  86   0   0   4   0   0   6   0   0   0   0   0   0   0   0  0.92 0.03
  125 L   -1 -3 -4 -4 -2 -3 -3 -4 -3  2  3 -3  2  0 -3 -2 -1 -3 -2  2    0   0   0   0   0   0   0   0   0   0  65   0   0   0   0   0   0   0   0  35  0.51 0.01
  126 V   -1 -3 -3 -4 -1 -3 -3 -4 -4  3  1 -3  1 -1 -3 -2 -1 -3 -2  4    0   0   0   0   0   0   0   0   0  10   5   0   0   0   0   0   0   0   0  85  0.52 0.02
  127 Q   -1  1  0 -1 -4  5  1 -2  0 -3 -3  3 -1 -4  1 -1 -1 -3 -2 -3    0   0   0   0   0  73   0   0   0   0   0  20   0   0   7   0   0   0   0   0  0.87 0.03
  128 H   -2 -1  1  0 -4  0  0 -3  8 -4 -3 -1 -3 -2 -3 -1 -2 -3  1 -4    0   0   6   5   0   0   0   0  89   0   0   0   0   0   0   0   0   0   0   0  1.16 0.04
  129 E   -1 -1 -1  1 -5  2  6 -3  0 -4 -4  0 -3 -4 -2 -1 -1 -4 -3 -3    0   0   0   0   0   0 100   0   0   0   0   0   0   0   0   0   0   0   0   0  1.16 0.04
  130 I   -1 -2 -3 -3 -2 -2 -1 -4 -3  3  1 -2  0 -1 -3 -2 -1 -3 -2  4    0   2   0   0   0   0   7   0   0  12   2   0   0   0   0   0   0   0   0  77  0.43 0.02
  131 L   -2 -3 -4 -5 -2 -3 -4 -4 -3  2  4 -3  2  0 -3 -3 -2 -2 -2  1    0   0   0   0   0   0   0   0   0  12  88   0   0   0   0   0   0   0   0   0  0.65 0.02
  132 C   -1 -3 -3 -4  8 -2 -4 -4 -1 -2 -2 -3 -2  0 -4 -2 -2 -1  4 -2    2   0   0   0  62   2   0   0   0   0   2   0   0   0   0   0   0   0  31   0  1.05 0.06
  133 S    1 -1  0 -1 -2 -1 -1 -1 -2 -3 -3 -1 -2 -3 -2  5  1 -4 -3 -2    0   0   0   0   0   0   0   0   0   0   0   0   0   0   0 100   0   0   0   0  0.94 0.07
  134 M    0 -2 -1 -3 -2  0 -1 -3 -2  0  1 -2  5  0 -1 -1  0 -2  1  1    8   0   4   0   0   4   4   0   0   1  11   0  44   0   2   3   2   0   8   8  0.26 0.04
  135 T    0  1  0 -1 -2  0 -1  0 -1 -2 -2  2 -2 -3 -2  2  3 -4 -1 -2    4   4   2   0   0   2   0   4   0   0   0  22   0   0   0  19  40   0   1   0  0.42 0.03
  136 N   -1 -1  5  0 -1  0 -1  0  3 -4 -4 -1 -3 -3 -3  1  0 -4 -2 -3    4   0  68   0   1   0   0   3   9   0   0   0   0   0   0   9   5   0   0   0  0.80 0.05
  137 S    0  1  0 -1 -2  3  1 -2  2 -3 -3  0 -1 -3 -2  2  2 -3 -2 -2    5  10   1   0   0  30   2   0   6   0   0   0   0   0   0  20  24   0   0   0  0.46 0.03
  138 Y   -3 -3 -3 -4 -4 -3 -4 -5  1 -2 -2 -3 -2  2 -4 -3 -3  2  7 -2    0   0   0   0   0   0   0   0   0   0   0   0   0   0   0   0   0   0 100   0  1.60 0.09
  139 E   -1 -1 -1  1 -5  2  6 -3 -1 -4 -4  1 -3 -4 -2 -1 -1 -4 -3 -3    0   0   0   0   0   2  93   0   0   0   0   5   0   0   0   0   0   0   0   0  1.19 0.07
  140 V   -1 -3 -4 -4 -2 -3 -3 -4 -4  2  0 -3  0 -2 -3 -2 -1 -3 -2  5    0   0   0   0   0   0   0   0   0   0   0   0   0   0   0   0   0   0   0 100  0.75 0.06
  141 L   -2 -3 -4 -5 -2 -3 -4 -5 -3  1  5 -3  2  0 -4 -3 -2 -3 -2  0    0   0   0   0   0   0   0   0   0   0 100   0   0   0   0   0   0   0   0   0  0.82 0.05
  142 E   -2 -1  0  3 -5  1  5 -3 -1 -4 -4  0 -3 -4 -2 -1 -1 -4 -4 -3    0   0   0  21   0   0  79   0   0   0   0   0   0   0   0   0   0   0   0   0  1.12 0.06
  143 F   -3 -4 -4 -4 -3 -4 -4 -4 -2 -1  0 -4 -1  7 -4 -3 -3  0  3 -2    0   0   0   0   0   0   0   0   0   0   0   0   0  96   0   0   0   0   4   0  1.26 0.07
  144 L   -2 -3 -4 -5 -2 -3 -4 -5 -3  1  5 -3  2  0 -4 -3 -2 -3 -2  0    0   0   0   0   0   0   0   0   0   0 100   0   0   0   0   0   0   0   0   0  0.82 0.05
  145 G    0 -3 -1 -2 -4 -3 -3  6 -3 -5 -5 -2 -4 -4 -3 -1 -2 -4 -4 -4    0   0   0   0   0   0   0 100   0   0   0   0   0   0   0   0   0   0   0   0  1.53 0.06
  146 R   -2  6 -1 -2 -4  1 -1 -3 -1 -4 -3  2 -2 -4 -2 -1 -2 -4 -3 -3    0  87   0   0   0   5   0   0   0   0   0   8   0   0   0   0   0   0   0   0  1.17 0.06
  147 G    0 -3 -1 -2 -4 -3 -3  6 -3 -5 -5 -2 -4 -4 -3 -1 -2 -4 -4 -4    0   0   0   0   0   0   0 100   0   0   0   0   0   0   0   0   0   0   0   0  1.53 0.06

                      K         Lambda
Standard Ungapped    0.1648     0.3329
Standard Gapped      0.1100     0.3190
PSI Ungapped         0.1648     0.3329
PSI Gapped           0.1100     0.3190
