
Last position-specific scoring matrix computed, weighted observed percentages rounded down, information per position, and relative weight of gapless real matches to pseudocounts
           A  R  N  D  C  Q  E  G  H  I  L  K  M  F  P  S  T  W  Y  V   A   R   N   D   C   Q   E   G   H   I   L   K   M   F   P   S   T   W   Y   V
    1 M   -2 -2 -3 -4 -2 -1 -3 -4 -3  1  3 -2  6  0 -3 -2 -1 -2 -2  0    0   0   0   0   0   0   0   0   0   0  32   0  68   0   0   0   0   0   0   0  0.59 0.02
    2 Q   -2  2  0  2 -4  5  1 -3  3 -4 -3  1 -1 -3 -2 -1 -1 -3 -2 -3    0  17   0  16   0  54   0   0  13   0   0   0   0   0   0   0   0   0   0   0  0.74 0.04
    3 R   -1  5  3 -1 -4  0 -1 -2  0 -4 -3  1 -2 -4 -2  1 -1 -4 -3 -3    0  63  21   0   0   0   0   0   0   0   0   0   0   0   0  16   0   0   0   0  0.77 0.04
    4 T   -1 -1 -1 -2 -2 -1 -1 -3 -1 -1  0  1 -1 -1 -2  0  4 -2  2 -1    0   0   0   0   0   0   0   0   0   0  11  17   0   0   0   0  58   0  14   0  0.43 0.05
    5 A    4 -2 -2 -2 -1 -1 -1 -1 -2 -1 -2 -1 -1 -3 -1  2  0 -4 -2  1   67   0   0   0   0   0   0   0   0   0   0   0   0   0   0  17   0   0   0  17  0.49 0.05
    6 F    1 -3 -3 -4 -2 -3 -3  1 -3  0  3 -3  1  3 -3 -2 -2 -2  0  0   15   0   0   0   0   0   0  11   0   0  52   0   0  22   0   0   0   0   0   0  0.35 0.05
    7 L   -2 -3 -3 -4  3 -3 -4 -4 -4  2  4 -3  1 -1 -4  0 -1 -3 -2  0    0   0   0   0  11   0   0   0   0  12  68   0   0   0   0   9   0   0   0   0  0.55 0.09
    8 T    2 -3 -3 -3 -2 -2 -3 -3 -3  1  2 -2  0  2 -2 -1  1 -2 -1  1   24   0   0   0   0   0   0   0   0  11  30   0   0  13   0   0  13   0   0  10  0.25 0.05
    9 C   -1  0 -3 -4  6 -2 -3 -4 -3  1  1 -2  0  1 -3  0 -1 -3 -2 -1    0   8   0   0  39   0   0   0   0   9  23   0   0   9   0  11   0   0   0   0  0.51 0.09
   10 L   -2 -3 -3 -4 -2 -2 -3 -4 -3  2  4 -3  3  0 -3 -2  1 -3 -2  1    0   0   0   0   0   0   0   0   0   6  65   0   8   0   0   0  12   0   0   9  0.56 0.08
   11 L   -2 -3 -4 -4 -2 -3 -4  0 -4  3  3 -3  1 -1 -4 -3 -2 -3 -2  2    0   0   0   0   0   0   0  12   0  22  54   0   0   0   0   0   0   0   0  11  0.47 0.07
   12 T   -1 -2 -1 -2  3  1 -2 -3 -2 -1  0 -2 -1  1 -3  1  4 -3 -2  0    0   0   0   0  11   8   0   0   0   0  10   0   0   7   0   9  47   0   0   8  0.39 0.10
   13 V    2 -3 -3 -4  3 -2 -3 -3 -2  2  0 -3  0 -1 -3 -1 -1 -2  2  3   30   0   0   0   8   0   0   0   0  13   7   0   0   0   0   0   0   0  10  30  0.31 0.08
   14 S    2 -2 -1 -2  2  1 -1 -2 -2 -1 -2 -1 -1  0 -2  3  1 -3 -2  0   18   0   0   0   7   9   0   0   0   0   0   0   0   5   0  41   9   0   0  10  0.36 0.09
   15 L   -2 -3 -3 -4 -2 -3 -3  0 -2  1  3 -3  1  0  0 -2  1 -2  2  1    0   0   0   0   0   0   0   9   0   0  49   0   0   0   5   0  10   0  11  16  0.31 0.08
   16 M    1  0 -3 -4 -2 -2 -3 -3 -2  2  0 -2  2  3 -3 -2 -2  5  0  0   19   8   0   0   0   0   0   0   0  20   5   0  11  26   0   0   0  12   0   0  0.38 0.09
   17 N   -2  1  2  0 -3 -2 -2  1 -2 -2  0 -2 -1  0 -3  0 -2  7  0 -2    0   9  17   6   0   0   0  11   0   0  17   0   0   5   0   9   0  27   0   0  0.55 0.09
   18 Q   -1  0  1 -1 -4  4  1  0 -1  0 -2  2 -1 -4  3 -1 -1 -4 -3 -2    0   0   8   0   0  37   7  10   0  12   0  12   0   0  15   0   0   0   0   0  0.51 0.10
   19 V    2 -3 -3 -3 -2 -2 -2  1 -3  1 -1 -2 -1 -2 -2 -1  1 -4 -3  3   30   0   0   0   0   0   0  12   0   0   0   0   0   0   0   0  11   0   0  48  0.41 0.11
   20 W   -2  1 -3 -4 -3 -2 -3 -4 -2 -2  0 -2 -1  4 -4  1 -2  7  1 -2    0   9   0   0   0   0   0   0   0   0  12   0   0  34   0  17   0  29   0   0  0.89 0.15
   21 G    2 -2 -1 -2 -2 -2 -2  2 -2 -2 -2 -2  2  1 -2  2  1 -3 -2 -2   28   0   0   0   0   0   0  20   0   0   0   0  12   9   0  25   6   0   0   0  0.38 0.10
   22 L   -1 -2 -3 -3 -2  0 -2 -4 -3  0  2  0  2 -1  0 -1  1  4 -2  1    0   0   0   0   0   6   0   0   0   0  34   6   8   0   5   3  15   7   0  17  0.30 0.10
   23 E    0 -2 -1  3 -4  2  4 -3 -1 -3 -3 -1 -2  1 -1 -1 -2 -3  2 -1    7   0   0  22   0  14  33   0   0   0   0   0   0   6   2   0   0   0  10   5  0.58 0.17
   24 T   -1 -2 -2 -2 -3 -2  1 -3 -3 -1 -1  0 -2 -3 -3  1  5 -5 -3  1    0   0   0   0   0   0  12   0   0   0   6   5   0   0   0   7  57   0   0  13  0.71 0.25
   25 V   -2 -4 -5 -5 -3 -4 -2 -5 -5  3  1 -4 -1 -2 -4 -3 -2 -4 -3  5    0   0   0   0   0   0   3   0   0  16  10   0   0   0   0   0   0   0   0  71  1.04 0.30
   26 T   -2 -2  2  0 -4 -1  4 -3 -2  0 -3  0 -2 -4 -3  1  3 -5 -4 -2    0   0  10   4   0   0  37   0   0   9   0   3   0   0   0   9  27   0   0   0  0.63 0.23
   27 G    3 -3 -3 -3 -2 -2 -2  1 -3 -1 -2 -1  1 -3 -3  1 -1 -4 -3  3   42   0   0   0   0   0   0  12   0   0   0   3   5   0   0  11   0   0   0  27  0.50 0.21
   28 K    0 -2 -2 -1 -4  1  4 -4  3 -2  1  0 -1  0 -3 -2 -2 -3  3 -1    6   0   0   0   0   4  38   0  11   0  16   4   0   3   0   0   0   0  12   6  0.48 0.19
   29 Y   -3 -3 -4 -5 -3 -3 -4 -5 -1  2  1  0  2  0 -4 -3 -2 -1  6  2    0   0   0   0   0   0   0   0   0  11  15   9   9   0   0   0   0   0  38  18  0.72 0.23
   30 G   -2 -5 -3 -1 -6 -5 -5  7 -5 -7 -7 -4 -6 -6 -5 -3 -4 -6 -6 -6    0   0   0   3   0   0   0  97   0   0   0   0   0   0   0   0   0   0   0   0  2.32 0.56
   31 D   -3 -1  0  4 -5  2  4 -2  1 -5 -2  0 -3 -5 -3  0 -2 -5 -4 -4    0   3   3  35   0  11  30   1   3   0   4   3   0   0   0   7   0   0   0   0  0.89 0.31
   32 T   -2  0 -1  0  1 -3 -3 -4 -3 -1 -2 -2 -1 -4  0  1  5 -5 -4 -1    0   6   1   6   4   0   0   0   0   2   2   0   1   0   4   8  61   0   0   3  0.91 0.38
   33 V    4 -4 -4 -5 -3 -3 -4 -3 -4  3  0 -3 -1 -3 -3 -2 -2 -5 -4  3   44   0   0   0   0   0   0   0   0  26   9   0   0   0   0   0   0   0   0  21  0.77 0.33
   34 E   -1  1  0  0 -3  2  3 -3  1  0  0  0  1 -3 -3 -1  1 -4 -3  1    3   6   4   4   0   8  24   0   3   6   7   3   5   0   0   2  11   0   0  12  0.25 0.15
   35 I   -3 -5 -5 -6 -3 -4 -5 -6 -5  5  3 -5  3 -2 -5 -4 -3 -4 -3  2    0   0   0   0   0   0   0   0   0  55  28   0   7   0   0   0   0   0   0  10  1.17 0.37
   36 P   -2 -3  2  0 -5 -1 -1 -4  0 -5 -3  0 -4 -5  6  1  0 -6 -4 -4    0   0  11   4   0   2   4   0   3   0   3   6   0   0  52  11   4   0   0   0  1.31 0.37
   37 C   -4 -7 -6 -7 10 -6 -8 -7 -7 -4 -5 -7 -5 -5 -7 -4 -4 -6 -6 -4    0   0   0   0 100   0   0   0   0   0   0   0   0   0   0   0   0   0   0   0  3.82 0.81
   38 N   -1  2  2  0 -4  1  0 -1  1 -1 -2  1 -1 -3  1  1  1 -4 -3 -2    0  16  15   3   0   6   6   3   4   3   4   7   2   0   6  15   8   0   0   0  0.29 0.14
   39 S    0 -2  1 -1 -3 -2 -2 -2  2 -1 -1 -2 -2  3  1  1  0 -2  3  0    7   0   7   3   0   0   0   2   6   2   6   0   0  18   8  14   4   0  15   6  0.27 0.15
   40 G    0  0 -1  2 -3 -2  0  3  0 -3 -3 -1 -3 -1 -3  2  2 -4 -3 -2    7   4   0  15   0   0   4  23   2   0   0   2   0   3   0  15  20   0   0   2  0.40 0.18
   41 L    0 -1 -1 -1 -2 -2 -2  0  2  1  1 -1  0  1 -1  0  0 -3  1  1   10   2   3   4   0   0   0   8   7   7  17   3   2   6   2   5   7   0   4  12  0.06 0.06
   42 V    0 -3  0  1 -3  0 -2 -3  1  0 -1 -2  0 -1  4  2  0 -4 -3  0    8   0   4   7   0   4   0   0   4   6   6   0   3   2  29  17   5   0   0   6  0.52 0.20
   43 S    0 -1 -1  2 -4  2  2  1  1 -4 -4  2 -3 -4  1  2 -1 -5 -3 -2    6   0   0  12   0   8  13  10   4   0   0  17   0   0   8  20   0   0   0   2  0.44 0.20
   44 D    0 -2  3  2 -4  0  1  1  1 -4 -2 -2 -3 -4  3  1 -2 -5 -3 -3    6   0  22  13   0   2   9  12   4   0   5   0   0   0  14  12   0   0   0   0  0.49 0.20
   45 V    1 -2 -2  0 -3  0 -1 -2 -2  0 -1  0 -2 -3  4  2  1 -4 -3  0   14   0   0   6   0   3   3   1   0   7   6   7   0   0  20  16   8   0   0   6  0.35 0.14
   46 G    0 -1  2  2 -3 -1 -1  2  1 -3 -3  0 -1 -3 -2  1  0 -4 -3 -1    7   3  13  12   0   0   2  21   4   0   1   7   2   0   0  15   6   0   0   6  0.30 0.13
   47 V    0 -2  1 -2 -3 -1 -1 -1  0  1  1 -2  1  2  0 -2 -1 -2  3  0    7   0  11   0   0   3   2   6   2   9  16   0   4  10   4   0   3   0  13   8  0.14 0.10
   48 T    1 -2 -2 -3 -3  1 -2 -3 -3  1  0 -1  3 -2 -1  1  2  4 -2  2   11   0   0   0   0   7   0   0   0   8   4   3  11   0   2  12  18   7   0  15  0.34 0.20
   49 F   -3 -3 -3 -4 -3 -1 -3 -5  1  2  0 -3  2  4 -4 -3  1  2  3  1    0   0   0   0   0   3   0   0   4  15   6   0   8  28   0   0   9   3  13   8  0.58 0.23
   50 V   -1 -4 -2 -4 -3 -3 -2 -1 -4  4  0 -3 -1 -3 -4 -2  2 -4 -3  4    4   0   2   0   0   0   2   5   0  27   7   0   0   0   0   0  18   0   0  35  0.59 0.27
   51 K   -1  1  0 -1 -5  3  3 -1  1 -1 -4  4 -3 -4 -3 -2 -2  1 -2 -4    2   4   4   2   0  18  22   4   4   4   0  32   0   0   0   0   0   2   1   0  0.67 0.28
   52 W   -6 -6 -7 -8 -6 -5 -2 -7 -5 -5 -2 -7 -4  1 -8 -6 -6 11 -1 -6    0   0   0   0   0   0   3   0   0   0   4   0   0   5   0   0   0  89   0   0  4.04 0.85
   53 K   -1  1  0 -2 -4 -1  1 -3  3 -3 -3  3 -3  4 -3  0 -1 -3  1 -1    4   6   5   0   0   0   8   0   8   0   0  27   0  22   0   8   2   0   5   4  0.45 0.23
   54 S    0 -1 -2 -3  1 -2 -2 -2 -2  1 -2  0  0  0 -3  2  2 -2  4  1    6   2   0   0   4   0   1   2   0   9   0   5   2   2   0  25  12   0  20  11  0.35 0.21
   55 D   -1 -1  1  4 -5 -1  3  1  0 -2 -4  1 -3 -4 -2 -1 -1  1 -4 -3    4   2   7  28   0   0  26  10   2   2   0   9   0   0   2   3   3   2   0   1  0.57 0.22
   56 K    0  2 -1 -3 -4  1  0 -2 -2 -1 -3  4  2 -1 -1 -2  1 -4 -1 -3    9  13   2   0   0   5   5   2   0   4   0  38   7   2   2   0   8   0   2   0  0.50 0.24
   57 D   -2  2  1  4 -4  2  2  0  0 -4 -4  0 -1 -4  1  0  1 -4 -1 -3    0  12   8  27   0   9  11   8   2   0   0   2   1   0   6   4   8   0   2   1  0.46 0.19
   58 G   -1 -2 -2 -2 -4  0  0  4 -3 -2 -4  1  0 -4  0  1  0  2 -4 -3    3   0   0   1   0   3   6  46   0   3   0   9   4   0   5  11   5   4   0   0  0.63 0.25
   59 S   -2  3  1  1 -4  0  1 -1  0 -3 -2  0 -3 -4  0  2  0 -4 -2 -1    0  25   8   9   0   2  11   3   2   0   4   3   0   0   3  19   5   0   1   4  0.37 0.18
   60 I   -2  1 -2  0 -3  0  0 -4 -3  3  1  1 -1 -2  0 -1  0 -4 -3  1    0  11   0   5   0   5   6   0   0  27  18   9   0   0   5   2   8   0   0   5  0.24 0.15
   61 L    0  1 -3 -4 -3 -1 -3 -4 -2  1  2  0  1  0 -3 -1 -1 -2  2  1    8  12   0   0   0   2   0   0   0   9  28   6   2   3   0   2   4   0  11  13  0.25 0.14
   62 V    0  2 -3 -4 -3 -1 -3 -4  1  2  0 -2 -1  2 -3 -1  0 -2  2  2    8  16   0   0   0   2   0   0   3  15  10   0   0  11   0   5   4   0   9  17  0.26 0.16
   63 K   -1  2 -2 -3 -3  0 -1 -3  1  1 -1  3  1  0 -3  0 -2 -3  2  1    4  12   0   0   0   3   2   0   4  12   2  22   4   5   0  10   0   0  12  10  0.27 0.17
   64 H    0  1  0  0 -3  2  1 -1  3 -2 -1  0 -2  0 -3  1 -1 -2  2  0    5   9   2   6   0  14   6   4   8   0   4   6   0   5   0  15   0   0   9   7  0.20 0.12
   65 T    0  0  0  0 -3  1 -1 -2 -1  0 -1  0  1  0  0  1  1  1  2  0    8   6   4   6   0   7   2   0   0   6   3   6   4   2   5  11  11   3  11   5  0.12 0.08
   66 G   -1  0  0  1 -3  1  0  2  0 -1 -1  0 -2 -3 -3  2  0 -4 -1 -1    2   5   5   7   0   7   3  22   2   6   6   7   0   0   0  19   3   0   2   4  0.21 0.12
   67 Q   -1  0 -1  1 -4  3  2 -2 -1 -3 -2  3 -1 -3  0 -1 -2 -3  1  0    2   1   2   7   0  21  15   3   0   0   2  22   2   0   3   4   0   0   8   7  0.39 0.19
   68 N   -1  0  3  3 -4  0  0  1  1 -4 -2  1 -3 -4 -3 -1 -1 -4 -3 -3    5   5  22  22   0   4   3  14   5   0   5  10   0   0   0   0   2   0   0   0  0.46 0.17
   69 A    0  0 -1 -2 -3  2  1  1  0  0 -1  1 -1 -3  0  1  1 -4 -3  0    3   4   0   0   0  12   7  13   3   5   4  12   0   0   4  12  11   0   0   9  0.18 0.10
   70 S    0 -1  0 -1 -3  1  1  0  0  0 -1  0  0 -3 -1  1  1 -3 -2  1    3   0   4   2   0   9  11   9   3   4   4   6   4   0   3  15  11   0   0  12  0.14 0.09
   71 S   -1 -1 -1 -1 -3  3  1 -3 -2  0 -2  0 -2  0 -2  3  1  1  0  0    2   0   0   2   0  19   8   0   0   5   0   6   0   6   0  28   9   2   4   8  0.32 0.18
   72 P    1 -2  0  1 -3 -1  0  1 -2  0 -2 -1 -2 -2  3  0  0  2  0  0   14   0   3  11   0   2   7  11   0   6   3   2   0   1  16   6   3   4   4   6  0.23 0.08
   73 T    0 -1  1  1 -2  2  1 -2 -1 -1 -1  0  1  1  0  0  1 -3 -2  1    9   1   6  11   0  11   7   1   0   1   1   6   5   7   3   6  10   0   0  14  0.14 0.08
   74 D   -1 -2  1  5 -4 -1  3  0 -2 -4 -4 -1 -3 -4 -1  0  0 -5 -4 -2    3   0   6  45   0   0  18   8   0   0   1   2   0   0   3   4   6   0   0   2  0.78 0.23
   75 G    0 -3 -1  1 -4 -2 -1  4  1 -3 -3 -1 -3 -4  2  1  0 -4 -3 -1    5   0   2   7   0   0   2  43   5   0   2   2   0   0  11  10   6   0   0   4  0.57 0.19
   76 N   -1  1  2  1 -3  1  2  0  1 -2 -2  1 -2 -2  3  0 -1 -3 -2 -2    1   9  11   7   0   7  18   6   5   2   3   6   0   2  13   5   3   0   0   1  0.33 0.11
   77 Y   -4 -5 -5 -6 -5 -5 -5 -6 -2  1  0 -5 -3  4 -6 -4 -2  2  7 -3    0   0   0   0   0   0   0   0   0   9   7   0   0  20   0   0   2   3  60   0  1.79 0.51
   78 K   -1  1 -2 -1 -5  0  1 -1 -2 -4 -4  5 -1 -2 -3  1  1 -5 -4 -3    2   5   0   2   0   3  11   5   0   0   0  47   2   2   0  10  10   0   0   2  0.69 0.31
   79 N   -1 -3  3  4 -5  0  1  3  1 -4 -5 -2 -4 -4 -4  0 -1 -5  0 -1    2   0  15  28   0   5   7  24   3   0   0   0   0   0   0   4   2   0   4   6  0.63 0.25
   80 R   -3  7 -1 -4 -6  0  1 -2 -3 -5 -2  0 -4 -5 -4 -1 -3 -6 -5 -3    0  73   3   0   0   2   8   3   0   0   4   2   0   0   0   5   0   0   0   2  1.50 0.50
   81 V    0 -3 -3 -4 -3  1 -2 -1  0  3  2 -3  1 -2 -4 -2  0 -4 -1  3    7   0   0   0   0  11   2   4   2  25  19   0   2   0   0   0   5   0   1  22  0.37 0.20
   82 S    0  0  1  0 -4 -2  0 -3 -3 -4 -4  0 -4 -5 -3  5  2 -6 -4 -2    3   6   6   4   0   0   5   0   0   0   0   4   0   0   0  59  11   0   0   2  0.92 0.39
   83 I   -3 -4 -5 -5 -3 -1 -4 -6 -5  4  2 -1  4 -2 -5 -4 -1 -4 -3  3    0   0   0   0   0   2   0   0   0  28  25   5  13   0   0   0   2   0   0  26  0.80 0.31
   84 K    1 -1  0  2 -3  1  1  1  1 -3 -2  1 -2 -1 -3  1  0 -4 -1 -2   12   1   4  11   0   5   8  13   5   0   3  13   0   3   0  13   6   0   2   2  0.22 0.12
   85 K    1  0 -1  1 -4  1  2  0 -2 -2 -4  2 -3 -4  1  2 -1 -5 -4 -3   12   5   1   9   0   5  18   7   0   4   0  13   0   0   6  20   0   0   0   0  0.38 0.19
   86 D   -2 -3  4  4 -6 -2  2  1  2 -5 -5 -2 -1 -5 -1 -1 -1 -6 -5 -5    1   0  25  31   0   0  17  11   5   0   0   0   2   0   3   1   4   0   0   0  0.92 0.36
   87 F   -1  0 -1 -3  2 -1 -3  0  0 -1  0 -1  0  3 -1  0 -1 -2  3  0    2   5   3   0   6   2   0   8   3   1   8   3   2  21   3  11   2   0  12   7  0.22 0.16
   88 G    1 -1 -1 -2 -3 -1 -2  1 -1 -2 -4 -1 -3 -1 -3  4  3 -5 -1 -1   10   3   1   1   0   2   0  10   1   2   0   3   0   2   0  37  20   0   2   5  0.53 0.29
   89 L   -4 -5 -6 -7 -5 -5 -6 -7 -6  0  6 -5  0  0 -6 -5 -2 -5 -4  0    0   0   0   0   0   0   0   0   0   3  86   0   1   4   0   0   3   0   0   3  1.62 0.55
   90 I    0  0  1  0 -3 -1 -1 -3 -1  1  0  0  0 -2 -3  1  2 -4 -2  2    6   5   7   7   0   2   1   0   1   9  11   4   2   0   0  11  17   0   1  16  0.18 0.14
   91 I   -3 -5 -6 -6 -4 -2 -5 -6 -5  6  2 -5 -1  1 -6 -5 -4 -5 -4  1    1   0   0   0   0   2   0   0   0  67  18   0   0   5   0   0   0   0   0   5  1.46 0.51
   92 T    0  1  2  0 -4  1 -2 -3 -1 -2 -2  0 -3 -3 -1  3  2 -4  1 -3    4   8  12   3   0   5   1   0   1   2   3   5   0   0   3  33  13   0   7   0  0.47 0.28
   93 Q   -1  1  3  3 -5  3  0 -2 -2 -5 -5  1 -4 -5  2  1 -2 -6 -4 -4    4   8  17  17   0  14   4   2   0   0   0  10   0   0  10  12   0   0   0   0  0.63 0.30
   94 V    1 -5 -5 -6 -4 -5 -5 -2 -5  2 -1 -5 -2 -4 -5 -2 -1 -5 -4  5   13   0   0   0   0   0   0   4   0  12   4   0   0   0   0   2   3   0   0  61  1.10 0.45
   95 S   -1  3 -2 -2 -4  2  0 -3  1 -2 -3  1  1 -4 -3  2  3 -5 -4 -2    3  18   0   1   0  12   6   1   3   2   1   6   5   0   0  20  20   0   0   1  0.52 0.30
   96 L   -3  1 -4 -5 -4 -3 -2 -5 -4  1  3 -3  0 -3  2  0 -3 -5 -4  2    0   9   0   0   0   0   3   0   0   9  42   0   2   0  12   8   0   0   0  15  0.61 0.31
   97 A    0 -1  0  1 -4  2  2  0  0 -4 -4  0 -2 -3 -3  3  1 -5 -4 -2    5   2   3   9   0  13  12   7   2   0   0   5   1   1   0  29   8   0   0   3  0.45 0.26
   98 D   -6 -5 -1  7 -8 -4  0 -5  1 -8 -8 -4 -7 -7 -6 -4 -5 -9 -7 -7    0   0   2  91   0   0   3   0   4   0   0   0   0   0   0   0   0   0   0   0  2.69 0.84
   99 Q    2 -3 -1  3 -5  3  4 -3 -1 -5 -5 -2 -4 -6 -4  1  0 -6 -5 -4   16   0   2  15   0  12  37   1   1   0   0   0   0   0   0  11   4   0   0   0  0.88 0.42
  100 K    0  4 -3 -4 -5 -1 -2  4 -3 -3 -1  2 -1 -3 -4 -2 -3 -5 -5 -2    9  26   0   0   0   1   2  34   0   1   6  13   2   1   0   1   0   0   0   3  0.72 0.35
  101 T   -1  2 -1  0 -4  0  3 -2  1 -1 -2  1  0 -3 -3  0  2 -4 -1  0    3  11   2   4   0   3  24   3   3   4   3   7   3   0   0   6  17   0   2   6  0.31 0.21
  102 F   -6 -6 -7 -7 -6 -6 -7 -7 -3 -2 -4 -6 -4  7 -7 -6 -5 -2  7 -5    0   0   0   0   0   0   0   0   0   2   0   0   0  55   0   0   0   0  43   0  2.55 0.79
  103 T   -2  0  0 -3 -4  3 -2 -4 -1  2  0 -1  0  0 -4  1  2  0  2  1    0   4   4   0   0  15   1   0   1  18   6   3   2   3   0  11  12   1   8  12  0.29 0.23
  104 C   -5 -8 -7 -8 10 -7 -9 -8 -8 -5 -6 -8 -6  1 -8 -6 -5 -7 -6 -5    0   0   0   0  94   0   0   0   0   0   0   0   0   6   0   0   0   0   0   0  4.04 1.06
  105 M   -1  2 -3 -2 -5  5  0 -2  0 -4 -1  0  3  0 -4 -1 -1  0 -4 -2    5  12   0   1   0  39   4   3   2   0   5   3  11   4   0   4   3   2   0   2  0.73 0.40
  106 V    0 -5 -5 -6 -4 -4 -3 -3 -5  1  1 -5 -2 -3 -5 -2 -1 -5 -4  6    6   0   0   0   0   0   1   2   0   5  12   0   0   0   0   3   4   0   0  66  1.18 0.49
  107 V   -1  0  0 -2 -3  0 -2  0  1 -1  0  1  1  0  0  1  1 -3 -1  1    3   4   3   1   0   4   0  10   3   2   7  10   5   3   3  12  13   0   2  13  0.10 0.11
  108 A    2  0  1 -1 -3  1 -1  2 -1 -2 -4 -2 -1 -4  0  1  2 -4 -1 -2   23   5   6   3   0   6   2  17   1   2   0   0   1   0   4  13  12   0   3   2  0.34 0.22
  109 A    1 -1 -2  0 -4 -1  0  3  2 -4 -3  0  1 -2  1  1  0 -5 -3 -2    9   4   0   5   0   2   5  30   7   0   2   4   5   2   6  14   4   0   0   1  0.37 0.21
  110 D    0  0  0  2 -4  1  2  1 -1 -1 -1  0 -2 -3  1  0  0 -4 -1 -1    5   5   3  11   0   6  13  12   1   3   7   4   0   0   8   8   6   0   3   3  0.18 0.11
  111 D   -1 -3  2  2 -4 -2  1  4  1 -4 -2  0 -3 -4  0  0  0 -5 -1 -2    2   0   9  15   0   0   8  32   3   0   4   5   0   0   4   5   8   0   2   3  0.47 0.24
  112 I    0 -2 -1 -3 -3  0  0 -1  0  2  0  0  0 -1 -1  1  1 -3  2  1    7   0   1   0   0   3   6   3   2  13   9   4   1   2   2  12   9   0   9  14  0.12 0.12
  113 L    1  1 -1  0 -3  1  0  2 -2 -1 -1  1 -1 -1 -1  0 -1  0 -1 -2   13  10   2   7   0   7   6  19   0   5   6   7   1   3   2   6   2   2   2   1  0.14 0.11
  114 E   -3 -1  0  0 -5 -1  5 -1  1 -5 -4  0 -4 -5 -2  2 -1 -6 -5 -3    0   2   4   3   0   0  51   4   4   0   2   5   0   0   1  19   3   0   0   1  0.95 0.44
  115 Y    1  1  2 -1 -4 -1 -1  2  2 -3 -4  0 -3 -2  0  2 -1 -3  2 -3   15   9  10   2   0   1   2  15   6   1   0   5   0   1   5  15   3   0  11   0  0.32 0.21
  116 P    0  3 -2 -2 -4 -1 -2 -2  1 -3 -2  1 -2 -1  4  1  0 -4  0 -2    9  17   0   1   0   1   0   2   4   0   4   9   1   3  23  11   6   0   4   3  0.47 0.24
  117 V    2 -4 -4 -4 -4 -3 -2 -4 -4  0 -2 -2  0 -4 -4 -1  4 -5 -4  4   19   0   0   0   0   0   2   0   0   5   1   1   3   0   0   3  35   0   0  31  0.84 0.40
  118 Q   -1  1  1  0 -4  3  2 -3  1 -1 -2  2 -1 -2 -3  0  2 -4  0 -1    2   6   6   5   0  14  12   0   3   5   2  14   1   2   0   6  13   0   4   5  0.28 0.18
  119 L   -3 -1 -5 -6 -4 -4 -5 -6 -5  2  4 -4 -1 -2 -1 -4 -2 -5 -4  3    0   3   0   0   0   0   0   0   0  12  57   0   0   0   3   0   2   0   0  23  1.04 0.40
  120 V   -1  2  0  0 -1  1 -1 -3  0 -1 -1  3 -2 -2 -3 -1  2 -4  0 -1    2  12   5   6   1   8   2   0   2   4   7  23   0   1   0   2  17   0   3   4  0.32 0.20
  121 I   -3 -5 -1 -6 -4 -5 -5 -6 -6  1 -2 -5 -2 -2 -5 -3 -1 -5 -4  6    0   0   4   0   0   0   0   0   0   6   0   0   0   2   0   2   3   0   0  82  1.68 0.59
  122 Y   -3 -2 -3 -4 -4  0 -3 -4  2  0  1 -2 -2  5 -4  0  0 -2  4  0    0   1   0   0   0   5   0   0   6   4  11   2   0  31   0   7   6   0  17   7  0.66 0.29
  123 K    0 -1 -1  1 -1  0  0 -1 -1  0 -1  3 -2 -1 -3  0 -1 -4  1  1    8   1   2   7   1   3   3   3   1   8   3  30   0   1   0   8   2   0   7  10  0.24 0.18
  124 T    2 -1 -3 -3 -3  0 -2 -3 -3  0 -1  1 -2 -3  4  1  0 -4  1  1   22   3   0   0   0   3   1   0   0   6   5  10   0   0  19   9   4   0   6  10  0.41 0.22
  125 P   -3 -5 -5 -5 -7  0 -1 -3 -5 -6 -6 -2 -6 -7  8 -4 -1 -8 -7 -2    1   0   0   0   0   5   3   2   0   0   0   2   0   0  81   0   3   0   0   3  2.55 0.74
  126 L    0 -1 -1  0 -4  2  4 -1 -2 -4 -1  0 -2 -4  1  2 -1 -5 -4 -2    7   3   1   5   0   9  30   3   0   0   7   6   1   0   7  15   3   0   0   3  0.43 0.24
  127 Q    1  1  0 -2 -4  2  0 -3 -1 -3 -2  3 -1 -2  3  1  0 -5 -3 -1   14   5   5   1   0   8   6   0   1   0   4  19   1   2  14   8   4   0   0   5  0.36 0.20
  128 P   -4 -5  0 -5 -6 -4 -4 -5 -5 -1 -3 -4 -5 -6  7 -3 -1 -7 -6  1    0   0   5   0   0   0   0   0   0   3   3   0   0   0  74   1   3   0   0  10  2.23 0.67
  129 Q   -1 -1 -1 -2 -4  2  3 -2  0 -1 -2  1  0 -1 -2  1  0 -4 -3  1    1   2   2   0   0  12  25   1   2   2   2  11   2   3   2  13   6   0   0  13  0.36 0.23
  130 I   -4 -2 -5 -6 -4 -5 -5 -6 -5  6  2 -2 -1 -3 -5 -2 -3 -5 -4  3    0   2   0   0   0   0   0   0   0  56  19   2   0   0   0   3   0   0   0  16  1.21 0.44
  131 A    0 -1 -1 -2 -1  2  1 -3 -1  1 -1  1  0 -2  0  1  1 -4 -3  1    6   1   2   0   1  10  11   1   1  12   4   9   2   1   3  16   9   0   0  12  0.19 0.16
  132 N    0  0  2  0 -4  2  0  2 -1 -2 -3  1 -1 -4  1  1  1 -5 -4 -3    4   5  13   4   0   9   4  16   1   2   2   9   2   0   8  10   9   0   0   1  0.31 0.17
  133 L    0  0  1 -2 -3 -1 -1  1 -2  1  0  1 -1 -1  1 -1  0 -4 -2  1    8   4   8   1   0   2   3  10   0  11   8  14   0   3   9   3   5   0   1  10  0.11 0.10
  134 T    1 -2  0  1 -4 -1  1  0  3 -3 -2 -1 -1 -2  1  2  2 -4 -1 -1   11   1   4   7   0   1   8   7  10   0   2   3   2   1   7  17  14   0   1   3  0.28 0.18
  135 T    0  1 -1  0 -3  0  1  0 -1 -2 -2  0 -1 -1  1  2  1 -1 -1 -2    9   6   1   4   0   3  10   8   1   2   4   6   1   3   6  19  10   1   3   2  0.16 0.11
  136 A    0 -1 -1 -2 -3 -1  0  2 -1  0  0 -2 -1  1  2  0  1 -4 -2  0    8   3   2   1   0   2   7  22   1   4   7   0   1   7  10   6   9   0   1   9  0.19 0.13
  137 M   -1 -3 -2 -3 -3 -2 -3 -1 -2  3  3 -3  1 -1 -4 -1 -2 -4 -3  2    4   1   2   1   0   1   1   5   1  24  31   0   2   2   0   4   0   0   0  18  0.45 0.22
  138 E   -1 -1  0  0 -4  1  4 -3 -2 -2 -1  0  1 -4 -2  2  1 -5 -4 -1    3   2   3   4   0   4  31   0   0   2   8   4   4   0   1  21  10   0   0   3  0.46 0.25
  139 I    1 -2  0 -3 -3 -2  2 -4 -3  2 -1 -2  0 -3  0 -1  2 -4 -3  3   12   1   5   0   0   0  15   0   0  16   2   0   1   0   4   2  14   0   0  28  0.38 0.23
  140 G    0 -1  1 -1  2 -1  1  4 -2 -4 -4 -2 -2 -5  0  1  0 -5 -4 -2    7   3   7   2   6   1  12  36   1   0   0   1   1   0   4  11   4   0   0   3  0.50 0.22
  141 K   -1 -1  1  3  1  1  2 -1 -2 -4 -3  2 -3 -5 -2  2  0 -5 -4 -3    1   1   5  18   4   6  18   4   0   0   2  16   0   0   1  17   6   0   0   1  0.48 0.23
  142 L   -1  1 -1  2 -3  0  0  0  0 -1  1 -1  1 -2  2  0  0 -4 -2 -1    2   9   1  13   0   3   3   6   2   3  18   2   4   1  12   8   8   0   1   4  0.16 0.10
  143 T    0 -1 -1 -1 -3  0  0 -3  1 -1  0  0  1 -3  0  2  2 -4 -2  1    4   2   2   2   0   5   7   0   5   2   7   6   3   0   3  17  18   0   1  16  0.22 0.16
  144 T    0 -1 -1 -2  2  1  1 -3 -1  0 -2  2 -1 -3  0  2  2 -4 -3  0    6   1   2   0   6   7  10   0   1   6   2  14   1   0   4  18  14   0   0   9  0.26 0.17
  145 L   -3 -4 -3 -2 -1 -3 -1 -5 -4  3  3 -4  0 -2 -2 -3  0 -4 -3  3    0   0   1   2   1   0   5   0   0  24  36   0   1   0   1   0   5   0   0  22  0.60 0.24
  146 A    3 -3 -2 -3 -3 -2 -2  3 -3 -1  0 -2 -2 -2 -2  0  2 -4 -3 -2   35   0   0   0   0   0   0  23   0   4   9   0   0   2   0   6  17   0   0   1  0.49 0.21
  147 Q   -1  0  0  1 -3  1  2 -2  0 -1 -1  0 -1  1  0  0  2 -3 -1 -1    1   6   5   8   0   7  14   1   1   2   6   4   0   8   5   8  17   0   1   3  0.18 0.09
  148 C   -4 -6 -5  1 10 -6 -6 -1 -6 -4 -5 -6 -5 -5 -6 -3 -2 -6 -6 -4    0   0   0   8  84   0   0   4   0   0   0   0   0   0   0   1   3   0   0   0  2.94 0.67
  149 H   -2 -1  1 -1  1  1  1 -3 -1  2 -1 -1  0 -3 -3  1  2 -4 -2  2    0   3   7   1   4   7  10   0   1  13   1   3   3   0   0   9  16   0   1  21  0.25 0.16
  150 T    1 -3 -2 -2  4 -3 -3 -1 -4 -3 -4 -3 -3 -4 -3  4  2 -5 -4  1   10   0   0   2  12   0   0   2   0   0   0   0   0   0   0  50  10   0   0  14  0.84 0.35
  151 E   -1  2  0  1 -4  0  1  0 -1 -2 -1  2  0 -3 -2  1  0  1 -1 -1    3  17   4   8   0   1   9   8   1   2   5  14   2   0   1  14   3   2   2   5  0.20 0.11
  152 G    0 -3  4  3  0 -2 -2  3 -3 -4 -1 -1  2 -4 -4 -1 -2 -5 -4 -3    8   0  25  17   3   0   1  27   0   0   5   2   8   0   0   3   0   0   0   0  0.62 0.25
  153 A    2 -3  1 -3 -4 -3 -3  4 -3 -4 -4 -2 -4 -4  0  2  1 -5 -4 -3   15   0   6   0   0   0   0  42   0   0   0   1   0   0   4  22   7   0   0   1  0.78 0.27
  154 N   -3 -2  3 -1 -5 -2 -3 -4  1 -3  0  2 -3  3  3 -2 -3 -2  4 -3    0   1  21   3   0   0   0   0   4   0   9  14   0  13  14   2   0   0  19   0  0.62 0.27
  155 P   -3 -5 -5 -5 -6 -5 -4  0 -5 -6 -6 -4 -6 -7  8 -4 -4 -8 -7 -6    0   0   0   0   0   0   0   8   0   0   0   0   0   0  92   0   0   0   0   0  3.06 0.68
  156 A    3  0 -2 -2 -3  0 -1  1  1 -1 -1  0 -1 -3  2  0 -2 -4 -2 -1   40   5   0   1   0   3   3   9   4   4   5   6   1   0  10   5   0   0   1   4  0.35 0.19
  157 A    4 -4 -3 -1 -4 -3 -3  0 -4 -1 -2 -3 -3 -4  5  0 -1 -5 -4 -2   43   0   0   3   0   0   0   6   0   4   3   0   0   0  31   7   3   0   0   1  0.95 0.33
  158 N   -1  0  4  0 -4  0  1 -3 -1 -2 -3  2 -3 -4 -2  1  1 -5 -4  0    3   4  30   3   0   3  11   0   1   1   0  13   0   0   1   9  11   0   0  10  0.48 0.22
  159 I   -4 -5 -6 -6 -4 -5 -5 -6 -4  6  1 -5 -1  1 -5 -5 -3  3  3  1    0   0   0   0   0   0   0   0   0  61  13   0   0   4   0   0   0   4  12   5  1.19 0.38
  160 T   -1  0 -1 -3 -4  0  1 -4 -3  1 -3  0  0 -4 -3  1  5 -5 -4 -1    1   5   2   0   0   4   9   0   0  10   0   5   2   0   0   9  49   0   0   4  0.68 0.30
  161 W   -6 -6 -7 -8 -7 -6 -7  0 -5 -6 -6 -7 -5 -3 -8 -6 -6 11  1 -6    0   0   0   0   0   0   0   8   0   0   0   0   0   0   0   0   0  88   4   0  4.12 0.84
  162 F   -4 -1 -4 -5 -4 -2 -4 -5  1  0  0 -3  1  5 -5 -2 -3  1  6 -1    0   4   0   0   0   2   0   0   4   4   7   1   4  34   0   2   0   1  32   3  1.04 0.32
  163 K   -3  3 -2  2 -5 -1 -2 -4 -3 -1 -2  5 -1 -4 -3 -3 -3 -5 -4 -2    0  18   0  13   0   0   0   0   0   4   2  56   2   0   0   0   0   0   0   3  1.06 0.37
  164 N   -3 -3  6  3 -5 -2 -1  2 -2 -5 -5 -2 -4 -5 -4  1 -2 -5 -1 -5    0   0  51  15   0   0   2  17   0   0   0   0   0   0   0  10   0   0   3   0  1.16 0.37
  165 K   -1  1  2  1 -4  0  1  2  1 -1  0  0 -2 -1 -1  0 -1 -4 -3 -1    2   7  12   7   0   3  10  18   3   2  10   6   0   2   2   5   3   0   0   6  0.16 0.12
  166 T    0  0  0  0  0  1  2  1  1 -1 -2  1  0  1 -3  0  2 -4 -2 -2    5   4   3   4   2   8  13  10   3   4   3   8   2   7   0   5  19   0   0   0  0.19 0.16
  167 P    0  0  1  0 -3  0  0 -1  1  1 -1 -1 -1 -2  3  1  0 -3 -2  0    6   4   9   4   0   5   7   5   4  11   6   1   0   1  15  12   5   0   0   5  0.20 0.09
  168 L   -1 -2 -3 -3 -2 -2 -2 -3 -1  2  1 -2  0  2  3 -2 -1 -1  3  1    1   1   1   1   0   1   1   1   0  15  16   1   0  15  15   1   1   0  15  15  0.31 0.05
  169 I   -2  0  0  0 -3  1  0 -3  1  1  1  0 -1 -2  1 -1  0 -1 -2  2    1   6   3   6   0   6   5   1   5   9  13   6   0   0   7   3   8   1   0  18  0.13 0.13
  170 A    1  0  0  0 -3  0  1  0  0 -1 -2  1  0 -2  4  0  0 -4 -3 -1   11   4   5   4   0   4   9   6   2   3   3   9   3   1  21   4   7   0   0   3  0.32 0.17
  171 D    0 -1  1  4 -4  1  2 -1 -2 -2 -3  1 -3 -4  0  1  0 -4 -4 -2    6   2   6  24   0   5  14   3   0   3   2   9   0   0   5  12   5   0   0   3  0.38 0.23
  172 G   -1 -1  1  2 -4  0  1  3 -1 -2 -2  1  0 -4  1  0  0 -4 -3 -2    2   2   6  12   0   4   9  28   1   2   3   9   3   0   6   4   4   0   0   3  0.33 0.20
  173 T   -1  1  2  1 -3  1  1  1 -2 -1 -3  1  0 -3  0  0  1 -4 -3 -1    4   7  12   8   0   6  10  11   0   4   1  10   4   0   5   4  10   0   0   4  0.21 0.15
  174 A    1  1  0  0 -1  1  2 -1  0 -1 -2  1 -2 -3  1  0  1 -4 -3  0   11   6   3   5   2   5  20   4   2   5   4   9   0   0   6   6   7   0   0   6  0.20 0.14
  175 I   -1 -3  0 -3 -3 -1 -1 -4 -3  3  0 -1  0  1 -2 -2  0 -3  1  4    3   0   7   0   0   2   5   0   0  20   5   4   1   5   2   2   4   0   6  34  0.42 0.29
  176 K    0  0  2  0 -3  1  1 -1  1  0 -2  2  0 -3 -3  1  0  0 -2  0    5   5  10   4   0   4  11   5   5   5   1  13   4   0   0  13   6   2   1   7  0.17 0.14
  177 I   -3 -4 -1 -2 -4 -1  0 -3 -3  4 -1 -2  1 -2 -4 -1 -1 -3  3  2    0   0   3   2   0   3   7   2   0  38   3   2   3   0   0   5   4   0  13  15  0.54 0.35
  178 T    0  0 -1 -1 -3  0 -1 -3  0  0  0  0  2 -1 -1  2  2 -3 -1  1    5   5   2   3   0   3   2   1   2   6   6   6   6   2   2  15  20   0   1  12  0.18 0.15
  179 N   -1 -1  2 -1 -3  1  1 -1 -1 -1 -1  2  0  0  0  1  1 -3  1 -1    4   2  13   1   0   5   9   3   1   2   5  15   2   4   5  10  12   0   6   3  0.18 0.14
  180 D   -1  0  0  1 -3  1  2 -2 -1 -1 -1  0  0 -3  0  1  1 -3 -2  0    3   5   4  10   0   6  15   1   1   4   6   4   3   1   4  15  10   0   1   6  0.19 0.12
  181 V   -1  0  0 -2 -1  0 -1 -3 -2  1  1  0  0 -2  1 -1  1 -3 -2  3    3   6   4   2   1   5   3   1   0   7  11   7   1   1   6   4   8   0   1  29  0.18 0.14
  182 A    0  0 -1  0 -2  0  0 -2  0 -1  0  0  1 -2  0  0  3  0 -1  0    9   5   1   4   0   4   5   1   3   3   8   6   4   1   3   6  26   2   2   8  0.18 0.14
  183 V    0  0  0 -2 -2 -1  0 -1  0  1  0  0  1 -2  0  0  1 -3  0  2    8   6   4   1   0   1   7   3   2   6   5   6   6   1   3   8  10   0   4  19  0.09 0.09
  184 D   -2  1  1  5 -4  1  2 -2  0 -3 -3  1 -3 -3 -2  0 -1 -4 -2 -3    1   6   4  39   0   4  14   1   3   1   3   9   0   1   1   6   3   0   1   1  0.64 0.24
  185 K   -1  1  0  1 -3  1  2  0 -1 -2 -2  2 -2 -3  3  0  0 -3 -2 -2    3   5   5   6   0   5  19   6   0   1   3  16   1   1  13   7   5   0   1   3  0.33 0.13
  186 A    1  0  0  0 -2  0  0  1 -2 -1 -2  0 -2 -1 -1  2  1 -3 -2  0   13   6   4   3   0   4   5  13   0   2   1   3   0   4   2  22   6   0   1  10  0.18 0.12
  187 T   -1  0  2 -1 -3 -1 -1  0 -2 -3 -3 -1 -1 -3 -2  3  4 -3 -1 -2    1   6   9   3   0   2   2   8   0   1   1   2   1   1   2  28  29   0   2   1  0.50 0.26
  188 G   -1  0  0 -1 -4  0 -2  5  0 -4 -4  1 -3 -2 -1  0 -1 -1 -3 -3    2   6   3   2   0   3   2  54   2   1   1   8   0   2   3   5   3   1   0   1  0.78 0.29
  189 L   -2 -1 -3 -4 -3 -1 -3 -3 -3  1  4 -1  1  1 -3 -2 -1 -3  1  0    2   2   1   1   0   2   1   2   0   9  50   4   3   7   1   2   4   0   4   5  0.47 0.22
  190 S   -2 -2  0 -2 -3 -1 -3 -3 -1  0 -2 -2 -2  4 -3  2  1  2  4 -2    2   1   3   2   0   2   1   1   1   5   2   2   1  21   1  22  10   3  20   1  0.54 0.27
  191 A    0 -1 -1 -1 -3 -2 -2  0 -3 -1 -2 -1 -2  0 -3  3  4 -4 -1 -2    4   3   2   2   0   0   1   6   0   4   2   3   0   4   1  25  39   0   2   1  0.59 0.31
  192 T    0 -2 -2  1 -2 -2 -1 -3 -3  1  0 -2  1 -2 -3  1  3 -3 -3  3    6   1   1   8   0   1   3   1   0   6   8   2   3   0   1  11  23   0   0  25  0.33 0.20
  193 T   -1  1 -1  1 -3  1  0 -1  1 -1 -2  1  0 -3 -2  1  2  1 -2 -1    3   9   1   9   0   6   6   5   3   3   2   9   2   0   1  14  21   2   0   5  0.23 0.15
  194 S   -1 -1  1  0 -4 -2 -1 -3 -3 -4 -4  0 -4 -4 -3  6 -1 -5 -4 -4    2   2   7   4   0   0   2   1   0   1   1   4   0   0   1  73   1   0   0   1  1.26 0.51
  195 K   -1  1 -2  0 -3  1  0 -2 -1  1 -2  1  0 -1 -3  1  3  0 -2  1    1   9   0   4   0   5   7   1   1   9   1  10   3   2   0   9  23   1   1  11  0.23 0.17
  196 L   -3 -3 -4 -5 -4 -3 -4 -5 -4  0  5  0  1 -1 -4 -4 -3 -4 -1  0    1   0   0   0   0   0   1   1   0   2  76   8   2   2   0   1   0   0   2   3  1.14 0.44
  197 E   -2  1  1  0 -3  2  1 -3  2 -2 -1  1  0  0 -2  0  1 -2  3 -1    1   8   6   3   0   9  10   1   5   0   5   8   3   5   1   8   9   0  15   3  0.22 0.15
  198 Y    0 -3 -3 -4 -3 -3 -3 -4 -1  0  2  0  3  3 -4 -2 -2 -2  5  0    7   0   0   0   0   0   1   1   1   5  24   7   9  13   0   3   0   0  23   4  0.53 0.26
  199 T    0  2  0 -2  2  2 -1 -3  1 -2 -2  2 -1 -3 -2  1  3 -4 -2 -1    5  12   2   1   6   9   0   0   5   1   2  14   1   1   1  13  22   0   1   3  0.35 0.22
  200 A    2 -3 -1 -3 -3 -2 -2 -3 -3 -1  0  0  0 -3  4  1  0 -4 -3  2   17   0   3   0   0   1   0   0   0   2   7   7   2   0  23   9   5   0   0  23  0.51 0.25
  201 V    1  0 -1 -1 -3  1  0 -2 -1  1 -2  1 -2 -3 -2  1  2 -4 -3  1   11   5   1   3   0   6   4   2   1   9   2  10   0   0   1  12  20   0   0  13  0.22 0.17
  202 K   -1  3 -2 -3 -5  1 -1 -4 -3 -4 -3  5  1 -4 -2  1 -1  0 -4 -3    2  13   0   0   0   6   1   0   0   0   2  50   3   0   1  13   3   2   0   2  0.89 0.39
  203 D    0  0  1  1 -4  1  4  0  0 -4 -4 -1 -3 -2 -1  1 -1 -4 -2 -3    6   4   8   9   0   4  34   7   3   0   0   2   0   1   2  13   3   0   1   1  0.49 0.24
  204 D   -3 -4  1  6 -6 -2  2 -1  3 -6 -6 -3 -5 -5 -4 -1 -3 -6  0 -5    2   0   5  64   0   0  11   4   7   0   0   0   0   0   0   3   0   0   3   0  1.48 0.51
  205 I    0  1  0  3 -4  0 -1 -3  4  0  0  2 -1 -3 -3 -2  0 -4 -2 -1    7   7   3  24   0   2   1   0  15   5   9  13   2   0   0   0   6   0   0   4  0.39 0.23
  206 N    0 -1  3  3 -4  0  0  3  2 -4 -5 -1 -4 -4 -3  1 -1 -5 -2 -3    5   2  14  18   0   4   4  26   6   0   0   3   0   0   0  11   3   0   1   2  0.52 0.23
  207 S    3 -2 -2 -1 -3  0  1  1 -1 -2 -2  0  0 -4  0  2  0 -4 -4 -1   27   0   0   2   0   4  11  13   1   2   2   4   3   0   3  19   3   0   0   5  0.34 0.20
  208 K   -1  1  0 -1 -4  1  3 -3  0 -1  0  2 -1 -2  0  0  0 -4 -1 -1    5   6   4   1   0   7  21   0   2   3   8  15   1   1   5   6   6   0   2   5  0.25 0.14
  209 F   -2 -5 -5 -6 -4 -4 -5 -6  1  1  0 -5 -2  6 -5 -4 -4 -1  6  0    2   0   0   0   0   0   0   0   3   7   5   0   0  43   0   0   0   0  32   7  1.36 0.41
  210 T   -1  0  0 -1 -3  0 -1 -3  2 -2 -2  0 -1  0 -2  1  3 -2  3 -2    3   4   4   3   0   3   3   1   7   2   1   6   2   4   1  13  28   0  15   1  0.37 0.18
  211 C   -3 -5 -4 -5 10 -4 -5 -5 -5 -3 -4 -5 -4 -4 -4 -3 -3 -4 -4 -3    1   1   0   1  90   0   1   1   0   1   1   1   0   0   1   1   1   0   0   1  3.10 0.63
  212 Q    0  2 -1 -2  1  2  1  0 -1 -1 -1  1  0 -3 -2  0  1 -3 -3 -1    9  17   0   1   4  12  12   6   0   5   4   5   3   0   1   8  10   0   0   3  0.22 0.11
  213 V    2 -3 -3 -3 -2 -2 -3 -3 -3  1  0 -2 -1  0 -2  0  0 -3 -2  4   25   1   1   1   0   1   1   1   0   5   5   1   0   4   1   7   4   0   0  43  0.49 0.22
  214 Q   -1  1  1  1 -3  2  1 -1  1 -1 -1  0  0 -2 -2  1  1 -3 -1 -1    2   8   8   7   0  12   9   2   5   2   3   5   4   0   1  16   7   0   2   5  0.20 0.10
  215 H   -2 -2  4  0 -3 -1  0 -1  4 -3 -3 -2 -3  1  0 -1  0 -2  4 -3    1   1  24   4   0   1   5   4  15   1   1   1   0   6   4   3   6   0  22   1  0.58 0.22
  216 I    0 -1 -1 -1 -2  0  0 -1  0  0  0  0  0  1  1  0  1  3  1  0    4   2   1   2   1   3   5   4   2   7  12   4   1   7   9   9   9   5   6   7  0.09 0.07
  217 K    2  0 -1 -2 -3  0  0  0 -1 -1  0  1  1 -1  1  0  0  0 -2 -1   20   5   1   0   0   4   6   8   1   2   9   9   6   2   8   5   5   1   1   4  0.14 0.13
  218 S   -1 -1  0  0 -4 -1  0  2  2 -2 -2 -1 -2 -1  2  1  0 -4 -1 -1    3   3   4   7   0   3   5  21   6   3   4   3   0   3  13  10   7   0   3   4  0.24 0.15
  219 A    0  1  0 -1 -4  0  0  3 -1 -1 -1  1 -2 -4  2  0  1 -4 -2 -2    5   9   3   3   0   3   4  23   2   3   5   8   0   0   9   6  12   0   1   2  0.26 0.18
  220 N    0  1  3  1 -4  1  0  1  2 -3 -3 -1 -1 -3 -3  1  1 -4 -3 -1    9   9  16   9   0   5   5  10   5   0   1   2   1   1   0   9  11   0   0   5  0.29 0.20
  221 M    0 -2 -3 -3 -3  2 -1 -4  0  1  2  0  3 -1  2 -1  0 -3  1  0    6   1   0   0   0  10   3   0   2   8  20   6  12   2   9   4   6   0   5   6  0.25 0.21
  222 D   -1  1  1  2 -4  1  2 -3  0  0 -2  1 -2 -3  0  0  1 -4 -1  0    3  10   7  11   0   4  17   0   3   6   3   8   0   0   4   7   9   0   2   6  0.23 0.16
  223 S    1 -3 -1 -3 -4  1  1 -3  1 -4 -3 -1  0 -5 -4  5  1 -6 -4 -1    9   0   2   0   0   7   9   0   4   0   2   2   2   0   0  53   6   0   0   4  0.85 0.46
  224 S    2 -1  0  2 -3  1  1 -2  1 -2 -3  0 -1 -4  2  1  1 -5 -3 -1   17   2   3  11   0   5  10   1   4   1   0   6   2   0   8  13  10   0   0   5  0.29 0.19
  225 P   -1  1 -1 -2 -4  0  0 -3 -3 -3 -2  1  0 -2  5  1  0 -5 -2 -1    4   7   2   2   0   4   7   1   0   0   4  10   2   1  32  13   5   0   1   4  0.63 0.29
  226 L    0 -1 -3 -2 -3 -1  0 -4  0  3  2 -1  1  2 -4 -3 -1 -4 -2  2    7   4   0   2   0   2   7   0   3  18  21   2   3   9   0   0   2   0   0  20  0.31 0.21
  227 V   -1 -1  2 -2 -3  1 -2 -2  1  0  0  0 -1 -1  0  1  2 -3  1  1    4   2  12   0   0   7   0   2   4   6   7   7   0   2   3   8  18   0   6  12  0.18 0.17
  228 F   -1 -3 -4 -4 -3 -3 -3 -4 -3  3  2 -2  1  3  1 -3  0 -3  0  2    3   0   0   0   0   0   0   1   0  21  18   3   3  16   8   1   5   0   3  16  0.45 0.20
  229 T   -2  1  3  1 -4  0  1 -2  0 -1 -2  0  1 -4  0  0  3 -4 -3 -2    0   8  18  10   0   3   9   2   3   3   3   3   5   0   4   7  21   0   0   3  0.34 0.20
  230 V   -3 -5 -5 -6 -4 -5 -5  1 -6  3  1 -5 -2 -4  3 -4 -3 -5 -5  5    0   0   0   0   0   0   0  10   0  19  13   0   0   0  15   0   0   0   0  44  0.99 0.35
  231 N   -1  0  1 -3 -4  1 -1  0  4 -1 -1  0  1  0  1 -1  2 -3  1 -3    3   4   6   0   0   6   4   8  15   4   4   5   4   5   8   3  15   0   6   0  0.26 0.15
  232 Y   -5 -5 -5 -2 -6 -5 -6 -7  2 -4 -4 -5 -4  1 -7 -5 -5 -1  9 -1    0   0   0   2   0   0   0   0   4   0   0   0   0   3   0   0   0   0  87   4  2.69 0.72
  233 P    0 -3 -2 -3 -4 -3 -3 -1 -2 -4 -4 -1 -4 -4  7  0 -3 -4 -2 -2    6   1   2   1   0   0   1   4   1   1   1   4   0   0  66   7   1   0   2   2  1.74 0.44
  234 S    0 -2 -2 -2 -4 -2 -2 -3 -3 -3 -2  2 -2 -2  4  1  4 -5 -4 -3    7   0   0   1   0   1   0   0   0   0   3  14   1   1  27  13  31   0   0   0  0.82 0.33
  235 E   -2  1 -2 -1 -4  0  4 -3 -2 -2 -2  2 -2 -1  1 -1  1 -4 -3  0    1   6   0   2   0   3  34   1   0   0   3  14   0   4   8   2  11   0   0  10  0.46 0.22
  236 T   -1  1  3 -1 -3  0  0 -1  2 -1 -2  1 -1 -2 -1  1  2 -4 -1  0    4   7  16   2   0   2   4   2   6   4   0  10   1   2   2  10  16   0   2   9  0.22 0.14
  237 V   -1 -3 -4 -4 -3 -3 -4 -4 -4  2  0  0  1 -3  0 -3  0 -4 -3  5    4   0   0   0   0   0   0   0   0  10   4   9   3   0   4   0   5   0   0  59  0.81 0.34
  238 S    0 -1  0  0 -3  1  1 -3 -2 -1 -2  1  0 -2 -3  4  2  0 -3 -1    4   1   3   5   0   5   9   0   0   4   2   7   3   1   0  39  13   1   0   2  0.43 0.24
  239 F   -1 -4 -4 -1 -3 -3 -3 -5 -4  2  2 -4  1  3 -2 -3 -2  1  0  3    3   0   0   4   0   0   2   0   0  14  22   0   3  15   2   0   0   2   2  31  0.51 0.22
  240 H   -1  1 -1 -1 -4  2  1 -1  2 -2 -2  1 -2 -1  0  2  0  4 -1  0    1   6   0   1   0  12  12   5   6   2   2   9   0   3   3  18   3   7   1   9  0.25 0.15
  241 V    0 -3 -3 -3 -3 -1 -2 -4 -4  3  1 -2  1 -2 -3  0  0 -4 -3  4    7   0   0   1   0   2   2   0   0  17  12   1   3   0   0   7   6   0   0  41  0.50 0.23
  242 L    0 -1 -1 -1 -3 -1  0 -2 -2  1  1 -1  0  0 -1  2  1  0  0  0    6   4   2   2   0   1   7   1   0  14  13   1   1   3   2  25   8   1   4   5  0.14 0.12
  243 P    0 -2  0 -3 -4 -3 -2  0 -4 -3 -4 -2 -4 -5  6  1 -1 -6 -5 -2    8   2   6   0   0   0   2   9   0   1   1   1   0   0  54  10   4   0   0   3  1.31 0.35
  244 D   -1  1  2  2 -4  1  2 -1 -2 -4 -4  2 -3 -4  0  2  0 -5 -3 -2    3   5  13  12   0   6  15   3   0   0   0  13   0   0   3  20   5   0   0   2  0.42 0.17
  245 G    0 -1  1  0 -2 -1  0  4 -3 -4 -4  0 -1 -3 -1  0 -1 -4 -4 -2    8   2   7   5   1   2   5  47   0   0   0   6   1   1   2   4   4   0   0   4  0.59 0.20
  246 P    0  1 -1 -1 -3 -1  1 -3 -1 -1  0  1  1 -3  4 -1 -1  1 -2  0    7   7   1   2   0   1  10   0   2   2   9  11   4   0  26   3   3   2   1   9  0.41 0.14
  247 V   -2 -4 -4 -4 -3 -3  0 -5 -4  5  1 -4 -1 -1 -2 -2 -1 -4 -3  3    0   0   0   0   0   0   7   0   0  46   8   0   0   3   1   2   3   0   0  29  0.76 0.28
  248 K   -1  3 -2 -3 -4  1 -1 -3 -2 -2 -1  4  2 -4  1 -1 -1 -4 -3  0    5  22   0   0   0   7   0   0   0   0   3  36   7   0   6   1   4   0   0   9  0.60 0.24
  249 E   -3 -3 -2  1 -7 -1  6 -4 -3 -6 -6 -2 -5 -6 -1  0 -3 -6 -5 -5    0   0   0   7   0   0  86   0   0   0   0   0   0   0   2   5   0   0   0   0  1.82 0.50
  250 G   -2 -3  0 -1 -6 -4 -2  6 -1 -6 -3 -4 -5 -5 -5 -2 -4 -6 -6 -5    0   1   3   3   0   0   3  83   2   0   3   0   0   0   0   2   0   0   0   0  1.67 0.44
  251 D   -1 -3  0  6 -5  1  1 -1 -3 -1 -5 -2 -4 -5 -4  1  0 -6 -5 -4    4   0   2  59   0   7   5   4   0   6   0   0   0   0   0   9   5   0   0   0  1.08 0.35
  252 N   -1 -1  3  2 -4  0  1 -3  0 -2 -4 -1 -3 -4 -1  3  2 -5 -2 -3    3   3  19  12   0   2   7   0   2   2   0   3   0   0   2  28  18   0   1   0  0.54 0.23
  253 V   -1 -4 -4 -5 -3  0 -4 -5 -4  2  1 -4 -1 -2 -4 -3  0 -4 -3  5    4   0   0   0   0   6   0   0   0   6  14   0   0   1   0   0   6   0   0  63  0.90 0.34
  254 T   -2  1  0  0 -4  0  1 -4 -1  1 -3  1 -1 -4 -3  0  4 -5 -4 -1    1   8   3   4   0   3  11   0   1  10   0   8   2   0   0   2  44   0   0   3  0.55 0.26
  255 L   -3 -5 -5 -6  1 -4 -5 -6 -5  2  5 -5  1  1 -5 -4 -3 -4 -3  2    0   0   0   0   3   0   0   0   0   9  68   0   2   6   0   0   0   0   0  12  1.05 0.33
  256 K   -1  3 -1  0 -4  1  0 -2  1 -1 -2  3 -2 -1 -3  1  2 -4 -3 -2    1  21   1   6   0   7   2   2   5   3   2  19   0   2   0  10  17   0   0   3  0.39 0.18
  257 C   -4 -7 -6 -7 10 -6 -7 -6 -7 -3 -1 -6 -4 -5 -6 -4 -4 -6 -6  0    0   0   0   0  87   0   0   0   0   0   6   0   0   0   0   0   0   0   0   8  3.02 0.66
  258 T   -1  2  0 -1 -3  1  1 -2  1 -1  0  0 -1 -2 -3  2  0 -1 -2  0    3  11   2   2   0   9  10   2   5   4   9   5   0   1   0  24   4   1   1   8  0.19 0.12
  259 A    3 -3 -1 -2  2 -2 -2  2 -3 -3 -3  0 -3 -2 -1  2  0 -4 -3  0   35   0   1   1   6   0   1  18   0   0   0   5   0   2   1  18   5   0   0   7  0.45 0.21
  260 D   -2 -2  2  6 -5 -2  1 -3  3 -5 -5  1 -4 -5 -2 -1 -2 -5 -2 -5    2   1   8  61   0   0   6   0   8   0   0   7   0   0   1   2   1   0   1   0  1.22 0.35
  261 G    3 -3 -2 -3 -4 -3 -3  5 -4 -4 -3 -3 -4 -4 -2  1 -2 -5 -4 -3   30   0   0   0   0   0   0  55   0   0   2   0   0   0   2   9   0   0   0   0  1.12 0.33
  262 N   -3 -1  7 -1 -5  0 -2 -3 -2  0 -4  0 -3 -2 -4  0 -2 -4  1 -4    0   2  67   0   0   4   0   0   0   8   0   5   0   1   0   4   1   0   5   0  1.30 0.41
  263 P   -2 -3 -3 -3 -4  1 -3 -4 -3 -4 -3 -3 -3 -4  7 -2 -2 -5 -4 -4    2   1   1   1   0   6   1   1   0   1   2   1   0   0  77   2   2   0   0   1  2.19 0.45
  264 P    0  0 -1 -3 -4  1  0 -2  0 -2 -3 -2 -3 -4  6  2 -2 -5 -4 -1    5   5   3   0   0   6   4   2   2   2   2   0   0   0  49  16   0   0   0   5  1.13 0.31
  265 P    0 -3  1  0 -4 -2  1 -3 -3 -2 -3 -1 -2 -4  6  0 -2 -5 -4  0    7   0   9   5   0   0  10   0   0   2   2   2   1   0  45   8   0   0   0   8  0.99 0.27
  266 S    0  0 -1  0 -2  0  1 -1  1  0  0 -1  0 -1  0  1  1 -2  1  1    6   4   1   5   0   3  10   3   4   2   7   3   2   1   4  13   8   0   6  18  0.09 0.07
  267 R   -1  0  0  1  1  1  1 -2 -1 -1 -1  1 -2  0 -1  1  1 -2  1 -1    2   4   5   7   4   7  12   1   0   3   5  12   0   4   2  13   9   0   7   3  0.14 0.09
  268 Y   -3 -2 -4 -4 -4 -2 -1 -5  0  3 -1 -2 -1  4 -5 -1 -2 -2  5  0    1   2   0   0   0   2   5   0   2  19   3   2   1  21   0   5   1   0  32   5  0.79 0.32
  269 N   -1  1  1 -1 -3 -1 -1 -3 -1  1  0  1 -1  0 -3  1  2  1 -2  0    3   8   9   3   0   2   2   0   1   9   9  11   0   5   0  13  15   2   1   5  0.15 0.12
  270 F   -2  0 -2  0 -3 -1  0  0 -2  0  0  0  1  1  1  0  0  4  1 -2    1   7   0   7   0   0   7   7   0   7   7   7   7   7   7   7   7   7   7   0  0.12 0.14
  271 Y   -2  0  0  0  0 -2  1  0  2 -1 -1  1  0  2 -3  0  0  5  2 -3    0   3   3   6   3   0  10   6   7   4   4  10   3  11   0   6   5  10   7   0  0.23 0.21
  272 I   -1  0 -1  0  0 -2 -1 -3  1  1  1  1  1  1  0 -2  0  1  1  0    2   6   2   5   3   0   3   0   5  11  17  10   6   6   4   0   5   2   6   5  0.11 0.14
  273 N   -3  0  3  1 -5  1  1 -2  1 -3 -2  3 -3 -1  0 -1  0 -4 -1  0    0   4  16  10   0   7   8   2   3   0   3  23   0   2   5   3   5   0   2   7  0.37 0.29
  274 G    0  0  2  1 -3  0  0  3 -2  0 -1  0  0 -3  0  0  0 -4 -3  0    4   4  10   7   0   4   7  27   0   6   4   4   3   0   4   4   5   0   0   6  0.23 0.17
  275 E    0  1  0  2 -4  2  3 -1  1 -2 -1  1  1 -3 -3  0  0 -4 -3  0    5   6   5  11   0   8  22   5   4   0   5   8   4   0   0   7   4   0   0   8  0.26 0.18
  276 K   -1  0 -1  0 -4  1  2 -1  2 -1 -2  0 -1 -1  2  1  1  0 -1  0    3   4   1   5   0   7  16   5   5   3   4   6   1   2   9   9   9   1   2   6  0.18 0.17
  277 K    0  0  0  1 -1  2  1 -1 -1 -1  0  0  1 -2  0  1  0 -4 -3  0    6   4   4  11   1   9  10   4   1   3  10   6   5   2   4   9   5   0   0   6  0.11 0.12
  278 T   -1 -1  0  0 -4 -1  0 -1 -1 -1  0  0 -1 -1  2  1  1  1  0 -1    3   3   5   6   0   2   5   5   2   3  12   4   1   3  10  14  11   2   3   5  0.11 0.13
  279 V   -1 -1  0  0 -3  0 -1  0 -3  1  0  0  0 -3 -1  0 -1  1 -1  3    3   3   5   4   0   4   2   8   0   8   8   6   2   0   3   7   4   2   2  28  0.17 0.20
  280 E    0  0  0  2 -4  1  2  1 -3 -4 -2 -1 -1 -2  0  1  0  1 -4 -1    9   4   3  14   0   7  15  13   0   0   4   1   2   2   4  11   5   2   0   4  0.26 0.24
  281 K    0 -1  2  1 -4  1  1  0  1 -3 -2  1 -3 -1  0  2  0 -4  1 -2    6   3  11   6   0   5  10   8   3   0   4   7   0   3   5  18   6   0   5   2  0.21 0.17
  282 S   -1 -2  1  0 -5 -1  1  4 -3 -3 -5 -1 -1 -5 -4  2  1 -5 -5 -3    3   1   8   6   0   2   9  33   0   1   0   3   1   0   0  19  10   0   0   2  0.61 0.36
  283 N   -1  1  3  3 -5  2  0  2 -1 -5 -5  0 -4 -5  0  0  0 -5 -5 -4    4   8  19  16   0  11   5  16   1   0   0   4   0   0   4   6   5   0   0   0  0.55 0.33
  284 I   -2 -1 -3 -2 -3 -1  0 -3 -3  2  1  0  1 -1 -4  1  2 -4 -2  2    2   2   0   1   0   3   6   1   0  12  13   6   5   2   0  10  17   0   1  19  0.29 0.24
  285 F   -3 -5 -5 -6 -4 -2 -5 -5  0 -1  4 -5  3  2 -5 -3 -4  2  4 -1    2   0   0   0   0   1   0   0   2   2  50   0   8   8   0   2   0   3  17   3  1.02 0.49
  286 I   -1 -1  1 -2 -3 -1  0 -2  0  2  0 -1  1 -1 -3  1  2 -4 -3  2    3   3   8   1   0   1   6   3   3  12   6   3   3   2   0  12  15   0   0  18  0.22 0.21
  287 L   -5 -5 -6 -7 -5 -5 -6 -7 -6  4  4 -3  1  3 -6 -5 -4 -5 -3 -1    0   0   0   0   0   0   0   0   0  29  50   2   3  13   0   0   0   0   0   2  1.32 0.59
  288 S   -1  1  1 -1 -4  0  2 -2  3 -2 -3  1 -2 -2  1  1  2 -1  0 -3    3   7   6   1   0   2  15   2   9   2   2   8   1   2   7  13  17   1   3   0  0.35 0.27
  289 N   -1  0  5  2 -5  0 -1 -1  1 -5 -4  1 -2 -5 -2  2 -2 -6 -2 -2    5   4  31  14   0   4   1   4   3   0   1   8   1   0   2  16   1   0   1   3  0.65 0.40
  290 V    0 -6 -6 -6 -4 -5 -2 -6 -6  4  0 -6 -1  0 -6 -5 -2 -6 -5  5    7   0   0   0   0   0   3   0   0  21   7   0   1   3   0   0   2   0   0  56  1.28 0.60
  291 T   -1  1  2 -2 -5  1 -1 -2 -1 -2 -4  2 -1 -3 -3  2  4 -6 -4 -3    3   8  12   1   0   6   3   2   1   2   1  12   1   1   1  18  26   0   0   1  0.54 0.38
  292 R   -4  6 -4 -1 -7 -1 -2 -5 -4 -3 -4  3 -5 -6  0  2 -4 -7 -6 -6    0  53   0   3   0   2   2   0   0   2   1  16   0   0   5  17   0   0   0   0  1.41 0.68
  293 Q    0 -2  2  1 -5  1  3 -2  2 -4 -2  0 -1 -2 -4  2  1 -5 -4 -3    6   1  10   8   0   5  23   2   5   0   4   5   2   1   0  20   7   0   0   2  0.46 0.32
  294 N   -1 -3  3  5 -6  1  0 -4  5 -6 -4 -3 -5 -5 -4  1 -3 -5  1 -5    5   0  12  35   0   7   3   0  19   0   1   0   0   0   0  10   1   0   5   0  1.06 0.49
  295 T    0 -2  2  0 -4 -2 -2 -1  1 -5 -5 -1 -1 -5 -4  5  2 -6 -2 -4    6   1  10   5   0   1   2   4   3   0   0   2   1   0   0  49  13   0   1   0  0.87 0.47
  296 G    0 -6 -4 -3 -6 -5 -2  7 -6 -7 -7 -5 -6 -7 -6 -4 -5 -7 -7 -6    8   0   0   1   0   0   2  87   0   0   0   0   0   0   0   0   0   0   0   0  2.24 0.78
  297 E   -1 -1 -1  0 -4  0  3 -2  0  0 -1 -2 -2 -4 -4 -1  3 -5 -4  1    4   3   2   4   0   4  28   3   3   7   6   1   0   0   0   3  22   0   0  10  0.43 0.30
  298 Y   -6 -6 -7 -8 -7 -6 -7 -8 -3  1 -5 -6 -5  0 -8 -3 -6 -2  9 -1    0   0   0   0   0   0   0   0   0   7   0   0   0   3   0   2   0   0  84   4  2.94 1.00
  299 K   -1  3 -3 -3 -5  0  1 -3  3 -1 -2  4  0 -3 -4 -1  0  0  3 -1    3  14   0   0   0   4   8   2   7   4   2  29   2   0   0   3   5   1  11   5  0.50 0.32
  300 C   -5 -8 -7 -2 10 -7 -8 -8 -8 -6 -6 -4 -6 -7 -8 -6 -2 -8 -7 -6    0   0   0   3  93   0   0   0   0   0   0   1   0   0   0   0   3   0   0   0  4.00 1.14
  301 S    0  2 -1 -2  2  3  3 -2  0 -1 -3  1 -2 -4 -3  2  1 -5 -4 -3    5  11   1   0   5  13  21   2   2   4   2   9   1   0   0  16   8   0   0   0  0.44 0.27
  302 L    3 -3 -3 -3 -3 -2 -3  0 -3  1  1 -1 -1 -3 -1  1  1 -4 -1  2   30   0   0   0   0   0   0   6   0   7  12   3   1   0   3  10   7   0   2  16  0.31 0.21
  303 V    1 -1 -2 -4 -3  1 -1 -3 -3  0  2 -2  1 -1 -1 -1  2  1 -2  2   12   4   1   0   0   6   3   1   0   4  24   0   3   2   2   3  16   2   1  15  0.24 0.20
  304 D   -3 -3  4  5 -5  0 -1 -2  1 -5 -5 -1 -4 -5 -4 -1  0 -5 -1 -5    2   0  26  45   0   3   3   2   3   0   0   3   0   0   0   4   6   0   2   0  1.17 0.46
  305 N   -2 -2  4  1  1 -1 -1 -1 -2 -2  0  1  0  1 -2  0  0 -4  1 -3    2   0  30   7   3   2   2   4   0   1   9   9   3   7   2   8   5   0   5   0  0.36 0.25
  306 E    0  0 -2  3 -5  0  4 -3  1 -4 -2 -1  0 -4  0 -1  0 -1 -1 -4    8   4   0  18   0   2  39   1   4   0   3   3   2   0   3   4   6   1   2   0  0.65 0.34
  307 I    0 -1 -1 -1 -3 -2  1  2 -3  2 -1  0  0 -1 -2  0  1 -4 -3  2    5   2   2   2   0   0  10  16   0  14   2   6   2   2   2   8   9   0   0  18  0.18 0.16
  308 L   -1  0 -1 -2 -3  0  0  1 -2  1  2 -1  3  0 -3 -1 -1 -3  0  0    2   4   3   1   0   4   6  13   0   7  25   2  11   3   0   5   3   0   3   6  0.17 0.15
  309 T   -1  0  0 -1 -3  0  2 -2 -1  0 -2  1 -1 -2 -3  2  3 -4 -1 -1    3   3   5   2   0   3  18   2   1   7   3   7   2   1   0  14  23   0   2   4  0.30 0.22
  310 A    3  1  0  0 -3  0  1  1 -2 -3 -2  0 -1 -3 -1  1  1 -4 -1 -2   28   9   3   5   0   4   9  11   0   0   2   6   1   0   1   8   7   0   2   2  0.27 0.19
  311 S   -1 -3  1 -1 -4 -1  1  0  0 -3 -3 -2 -4 -3 -2  4  2 -5 -2 -2    3   0   7   2   0   1  10   6   3   1   1   1   0   1   2  43  15   0   1   2  0.65 0.39
  312 K    0 -1 -1  0 -3  0  1 -1  0  1  0  2  0 -3  0  0  1 -4 -3  0    7   2   1   6   0   4   8   4   2   9   8  18   2   0   3   6  11   0   0   8  0.14 0.13
  313 N   -2 -3  4  2 -4  1  2 -3 -2 -1 -4 -1 -1 -3  0  2  1 -5 -1 -3    2   0  23  10   0   5  15   0   0   4   0   2   1   1   5  20   9   0   2   1  0.53 0.32
  314 I   -3 -2 -5 -5 -4 -4 -1 -6 -5  4  3 -4  2 -1 -3 -2 -3 -4 -3  3    0   2   0   0   0   0   6   0   0  31  33   0   4   1   1   3   0   0   0  18  0.79 0.37
  315 T   -2  0  1  1 -4  0  0 -4 -1 -2 -1 -2  1  2 -2  1  4 -4 -3  0    0   6   8   8   0   5   6   0   1   0   5   1   4   9   1   7  33   0   0   7  0.41 0.29
  316 V   -2 -5 -5 -6 -4 -5 -5 -6 -5  3  1 -5 -2 -2 -5 -1 -3 -5 -4  6    1   0   0   0   0   0   0   0   0  14  12   0   0   1   0   5   0   0   0  65  1.28 0.53
  317 E   -2 -2  5  1 -6  1  0 -3  6 -3 -5  2  1 -5 -4 -1 -2 -5 -3 -5    2   0  29   6   0   6   6   1  27   1   0  12   4   0   0   4   1   0   0   0  1.01 0.46
  318 Y   -2 -1  1 -2 -3 -1 -2 -3  3  1 -1  0 -1  2  2 -1  1  4  2  0    1   0   9   0   0   0   1   1   9  10   1  10   0   9  10   1  10   9   9  10  0.27 0.14
  319 L   -1  0 -3 -3 -3  1  0 -1  1  0  2 -2  2  0 -3 -1  0 -3 -2  1    4   4   0   0   0  10   8   5   4   5  30   0   9   4   0   4   4   0   0  10  0.20 0.16
  320 D   -2 -1  1  4 -4 -1  1 -3 -2  0 -2 -2  2 -2  3  1 -2 -3  2 -2    0   4   7  28   0   0   8   0   0   8   0   0   9   0  14  14   0   0   9   0  0.48 0.24
  321 V    0 -1 -1  0 -3 -1  0 -1 -3  2  0 -1  0 -3  2 -1  0 -4 -3  3    7   3   2   6   0   2   5   4   0  11   8   3   2   0  12   3   4   0   0  29  0.24 0.16
  322 I   -1 -3 -1 -3 -3  1 -2 -3 -1  2 -1 -1  2  0  2  2  0 -4 -3  2    2   0   2   0   0   9   0   0   2  16   3   2   7   4  12  18   5   0   0  17  0.32 0.23
  323 L   -1  1 -2 -3 -3 -1 -2 -2 -3  1  2  0  2  0 -1 -1  0 -3  0  2    1   8   1   0   0   1   2   4   0   7  27   7   6   3   3   3   4   0   3  19  0.21 0.16
  324 S    0 -1  1 -1 -3 -1  0 -1  0  0 -1  0 -2 -1  1  2  1 -4 -3  1    7   2   7   3   0   2   4   3   2   7   5   5   0   2   5  21   8   0   0  15  0.16 0.15
  325 T   -1  0 -1 -4 -5 -1 -2 -3 -4 -1 -2 -1  1 -5  6  1  2 -6 -5  0    3   5   2   0   0   2   2   1   0   3   2   3   4   0  42  10  14   0   0   7  0.96 0.43
  326 T    0  0  0  0 -4 -1  1 -2 -3 -4 -4  1 -1 -1  3  3  1 -5 -4 -1    4   6   3   5   0   1  11   2   0   0   0   9   2   3  18  24  10   0   0   3  0.47 0.28
  327 G    0  0  0  0 -4 -1  1  4 -1 -2 -2  0 -1 -2 -1  0 -2 -5 -4 -1    9   4   4   6   0   1  11  35   1   2   4   5   2   2   3   6   0   0   0   3  0.36 0.22
  328 K   -1  1  1  0  0  1  3 -3  0 -4 -3  2 -1 -4  3  1  0 -5 -4 -2    3   7   6   5   3   5  21   0   2   0   2  12   2   0  14  12   5   0   0   3  0.43 0.25
  329 V    0 -3 -3 -1 -3  0  0 -2 -3  2 -1 -3  0 -3  1  1  1 -4 -3  3    9   0   0   3   0   4   5   2   0  10   4   0   2   0   9  12   7   0   0  32  0.34 0.24
  330 F   -1 -1  0 -1 -3 -1  1 -3 -2  1  0 -1  1  2  0  0  0 -1  0  1    5   3   5   2   0   1  15   0   0   9  10   2   3  12   3   6   5   1   2  15  0.13 0.13
  331 K    0  2 -1 -1  1  0  0 -1 -2  0  1  1  0 -2  1  0 -1 -4 -3  0    6  13   2   3   3   4   5   4   0   6  13  12   2   0   7   7   2   0   0  10  0.12 0.10
  332 K   -1  0  0  1 -4  2  0 -1  1 -2 -2  2  0 -2  1  1  0 -4 -3 -1    3   3   4  11   0  12   5   4   4   2   4  18   3   1   8   9   4   0   0   6  0.25 0.18
  333 L    0 -1 -2 -2 -3  1  1 -2 -2  1  1 -1 -1  0 -1  0 -1 -1 -1  1    6   3   1   1   0   9  14   2   0  10  20   3   0   3   3   7   3   1   2  13  0.13 0.13
  334 G   -2 -2  0  0 -6 -4 -3  6 -4 -5 -3 -2  0 -5 -1 -1 -2 -6 -6 -5    0   2   4   6   0   0   1  70   0   0   3   2   3   0   3   5   2   0   0   0  1.31 0.50
  335 D   -1 -1  0  4 -5  2  4  0 -1 -4 -5  0 -4 -5 -1  0 -2 -6 -4 -1    3   3   2  28   0   9  28   6   1   0   0   5   0   0   2   6   0   0   0   7  0.66 0.33
  336 S    0 -2  2  3 -4 -1  1  1  0 -3 -3  0 -3 -4 -2  3  1 -5 -4 -2    5   0  11  17   0   1   6  10   3   2   1   6   0   0   1  25  11   0   0   1  0.44 0.25
  337 F   -2 -4 -4 -4 -3 -3 -2 -1  1  1  3 -2 -1  2 -4 -2  0 -4 -2  3    2   0   0   0   0   0   3   5   4   6  36   2   0   8   0   2   5   0   0  27  0.46 0.28
  338 E    0 -1  1  1 -4  1  2 -3 -1 -2 -2  0 -1 -4  0  0  3 -5 -4 -1    8   2   8   6   0   5  18   0   2   1   2   3   1   0   5   6  28   0   0   4  0.41 0.26
  339 T    2 -3 -5 -5  3 -4 -4 -4 -4  0  3 -4  1 -2 -4 -3  0  2 -3  2   21   1   0   0   8   0   0   0   0   1  39   0   2   0   0   0   5   3   0  20  0.64 0.34
  340 T   -1 -1  1 -1 -4  2 -1 -3 -3 -3 -1  0  0  0 -4  2  4 -5 -3 -3    2   2   7   3   0  10   2   1   0   0   5   4   2   4   0  19  39   0   0   0  0.61 0.37
  341 L   -2 -6 -6 -6  9 -5 -6 -6 -6 -3  2 -6  1 -1 -6 -1 -4 -5 -5 -1    3   0   0   0  57   0   0   0   0   0  27   0   3   2   0   5   0   0   0   3  1.90 0.64
  342 D   -2 -2  3  2 -4  1  1 -1 -1 -2 -4  0 -3 -5 -1  3  2 -5 -4 -2    0   0  17  14   0   5  11   3   1   2   0   6   0   0   3  24  13   0   0   2  0.52 0.30
  343 I    3 -3 -3 -4  6 -2 -3 -1 -4  1 -2 -1 -2 -4 -3  0  1 -5 -4  1   35   0   0   0  20   1   0   5   0   8   2   4   0   0   0   6   9   0   0   9  0.63 0.33
  344 K   -1 -1  3  2 -4  0  1 -3  2 -1  0  1 -2 -3 -3  2  0 -4 -3 -2    3   2  18  10   0   3  10   0   5   4  12   8   0   0   0  19   4   0   0   2  0.31 0.21
  345 A    3 -3 -1 -3 -1 -3 -3  2 -3 -4 -4 -3 -4 -5  1  4 -2 -5 -4 -1   27   0   2   0   1   0   0  17   0   0   0   0   0   0   8  38   0   0   0   5  0.77 0.40
  346 S    0 -1  1  0 -4  0 -2 -3  1 -4 -3 -1 -3 -1  2  5 -1 -5 -4 -2    6   2   7   6   0   3   0   0   3   0   2   2   0   2   9  54   0   0   0   3  0.77 0.42
  347 G    0  0 -1 -2 -4  0 -1  3 -3 -2  0  0 -2 -3  2 -1 -1 -4 -4  0    8   6   3   2   0   4   4  29   0   0  14   4   0   0  10   3   2   0   0  10  0.29 0.18
  348 K    0  0  3  0 -4  2  1 -3  1 -3 -3  2 -3 -4  3  0  0 -5 -4 -1    8   3  15   4   0   8  11   0   4   1   2  15   0   0  16   4   7   0   0   4  0.44 0.23
  349 T    1 -2 -1 -3 -4 -3 -3 -4  2 -1  0 -1 -2 -2  4 -1  4 -5 -1 -1   11   1   3   0   0   0   0   0   5   3   9   2   0   1  24   3  31   0   2   4  0.65 0.34
  350 E    0 -1 -1 -1 -4  1  3 -4  4 -3 -1  1 -2 -1 -3  0  2 -3  2 -2    5   2   1   2   0   4  24   0  12   0   6   8   0   2   0   5  17   0  10   2  0.42 0.27
  351 T   -1 -1  0 -3 -3 -1 -3 -4 -2  1  0 -1 -1  2  0  0  3  3  2  1    3   3   5   0   0   3   0   0   0   8   8   2   0   9   4   5  25   4   7  14  0.27 0.21
  352 F   -1 -2 -4 -5 -4  2 -3 -5  0 -1  0 -2 -2  3 -5  0  0  8  2 -1    4   2   0   0   0  13   0   0   3   3   9   2   0  12   0   7   5  28   6   5  0.88 0.40
  353 C   -4  1 -4 -6  1 -4 -5 -5  1 -1 -1 -1 -3  1 -5 -1  1  9  2 -2    0   8   0   0   3   0   0   0   3   3   7   3   0   5   0   5  10  43   7   2  1.47 0.54
  354 K   -2  2  0  0 -4  0  1 -1  1 -2 -2  3  0  0 -3 -2  0  3  2 -2    0  15   3   5   0   3   8   4   3   2   3  24   4   5   0   0   7   5   8   2  0.32 0.21
  355 K   -3  1  1  0 -5  0  2 -2  0 -4 -2  5 -3  0  0 -2 -2 -4  0 -2    0   4   6   6   0   2  11   3   2   0   5  46   0   5   4   0   0   0   4   2  0.61 0.34
  356 G    0 -2  1  3 -4  0  1  3 -2 -4 -4  2 -3 -4 -3  0  0 -4 -4 -3    5   0   7  20   0   4   7  27   0   0   1  14   0   0   0   8   6   0   0   0  0.52 0.24
  357 G   -1 -1  2  1 -4  0 -2  4  0 -4 -4  0 -1 -3 -4  1  0 -5 -4 -4    1   3  11   6   0   3   2  43   2   0   1   5   2   1   0  13   5   0   0   0  0.67 0.29
  358 E   -1  2  0  0  0  2  2  0  0 -1 -2  2  0 -2 -1 -1  1 -4 -3 -1    2  11   5   3   2  12  14   6   2   3   2  13   2   1   2   2  11   0   0   4  0.24 0.15
  359 K   -1  3  0 -1 -4  1  1 -3 -2 -1  0  3 -1 -3  0 -1  0 -4 -3  1    2  17   4   3   0   5  10   0   0   2  11  22   1   0   5   2   4   0   0  12  0.31 0.19
  360 L   -2 -2 -3 -3 -3  0 -2 -1 -3  1  2  0  3  0  0 -1  0  0 -1  1    1   0   0   0   0   3   1   4   0   9  28   6  10   4   5   3   8   1   1  13  0.24 0.16
  361 V    0 -1 -1 -1 -3 -2  1  0 -3  2  0 -1 -1 -2 -2  1  0 -4 -3  2    4   4   3   4   0   0  10   6   0  14   9   2   0   1   2  16   3   0   0  22  0.17 0.16
  362 G    0  0  2  1 -4 -2 -1  4 -3 -4 -4  1 -4 -2 -3  2 -1 -5 -4 -4    6   6   9   6   0   0   3  32   0   0   0  11   0   2   0  19   3   0   0   0  0.55 0.26
  363 P   -1  1  0 -1 -4  1  2  1  1 -2 -3 -1  0 -3  2  2  0 -4 -1 -2    0  10   4   1   0   6  13  14   3   2   2   0   3   0  12  18   7   0   2   2  0.32 0.20
  364 P    0 -1 -1 -2 -4  1  0  2  1 -3  0  0 -1 -3  5 -1  0 -4 -1 -3    6   2   3   2   0   6   5  15   4   0  10   4   1   0  30   4   6   0   3   0  0.53 0.24
  365 K   -1  1  2  0 -3  2  0 -1  1 -1 -1  2 -1 -3 -3  1  0 -4  0  0    2   9  10   4   0  13   2   3   4   1   8  14   1   0   0  11   5   0   3   8  0.20 0.13
  366 F   -3 -4  0 -4 -3 -4 -4 -5 -4  3  2 -4 -1  5 -5 -1  0 -3  0  0    0   0   5   0   0   0   0   0   0  20  26   0   0  31   0   3   8   0   1   5  0.71 0.29
  367 A    0 -2  1  1 -3  0  0 -3  1 -1  0 -1 -1  1 -2  2  2  1 -2 -1    4   1   8   7   0   3   3   0   4   2  10   3   1   9   1  20  17   2   0   4  0.20 0.15
  368 S   -1 -1  3  2 -4  1 -1 -2  0 -1 -2  1 -2 -4 -3  2  1  2 -3  0    1   1  17  12   0   7   0   1   3   3   2  10   0   0   0  22  10   3   0   7  0.37 0.20
  369 L    0 -2 -4 -5 -3 -3 -4 -2 -4  2  3 -4  1  1 -4 -3  0 -4 -2  3    6   1   0   0   0   0   0   3   0  10  40   0   2   7   0   0   7   0   0  23  0.54 0.23
  370 K   -1  1  1 -1 -4  1 -1 -1  4 -2 -3  2 -1 -3 -3  1  3 -4  0 -2    3   5   7   1   0   7   2   4  12   2   0  18   1   0   0   8  24   0   3   2  0.41 0.21
  371 Y   -3 -1 -2 -4 -4 -3 -2 -3  1 -1  0 -3 -2  3 -2  0 -1 -1  6  0    0   4   2   0   0   0   3   2   3   3  10   0   0  15   2   7   3   0  42   6  0.74 0.28
  372 T    1 -2 -1  2 -3  1  2 -2  0 -2 -3  0 -1 -2 -1  3  1 -4 -1 -1   16   0   0  10   0   5  16   0   2   3   0   5   2   1   1  27   7   0   2   3  0.36 0.17
  373 D   -1 -2  0  4 -4 -1  1  1  1 -4 -4 -1  0 -4 -2  0  2 -5 -4 -3    4   0   3  34   0   2  10  11   4   0   0   3   4   0   1   4  18   0   0   0  0.57 0.20
  374 S    3 -3  2  1 -3 -2 -1  0 -2 -3 -4 -2 -1 -4 -3  3  1 -5 -4 -2   27   0  14   8   0   0   2   6   0   0   0   0   2   0   0  32   6   0   0   2  0.57 0.22
  375 G   -2 -4 -3 -3 -5  1 -3  6 -3 -6 -5 -3 -4 -3 -5  0 -3 -4  3 -5    0   0   0   0   0   8   0  75   0   0   0   0   0   0   0   6   0   0  11   0  1.50 0.38
  376 V   -2  1  3  0 -3  0  0 -1 -1  1 -1  0 -1 -2 -3  0  1 -3  1  1    0   8  18   3   0   3   8   4   0  13   5   7   0   0   0   4   8   0   9  11  0.15 0.10
  377 Y   -4 -5 -5 -6  4 -5 -6 -6 -1 -4 -4 -5 -4  3 -6 -4 -4 -1  8 -4    0   0   0   0  11   0   0   0   0   0   0   0   0   8   0   0   0   0  80   0  2.38 0.53
  378 E   -1  0 -2 -1  3  0  2 -3 -2  0 -1  0  0 -2 -3  1  2  0  0  1    0   4   0   2   8   3  21   0   0   6   3   5   3   0   0  11  16   1   4  14  0.23 0.14
  379 C   -3 -5 -5 -5  9 -4  0 -5 -5 -3 -3 -5 -4 -4 -5 -3  1  1 -5 -2    0   0   0   0  73   0   8   0   0   0   2   0   0   0   0   0  11   2   0   3  2.19 0.49
  380 V    1  1 -2 -1 -3 -1  1 -3 -3  1  1 -1  1 -2 -3  0  0 -4 -3  2   13  10   0   2   0   0  13   0   0   5  14   3   5   0   0   4   7   0   0  26  0.21 0.13
  381 V    2 -2 -3 -4 -3 -3 -3 -1 -3  1  0 -2  0 -1  1 -2  0 -3  2  3   21   2   0   0   0   0   0   4   0   3  10   2   2   0   6   0   3   0  11  36  0.36 0.18
  382 T    0  2  3 -1 -3  0  0 -2 -2 -2 -3 -1 -1 -4 -3  3  3 -5 -3 -2    6  12  15   2   0   2   4   0   0   2   0   2   2   0   0  26  26   0   0   0  0.53 0.22
  383 M   -1  1  1 -2 -3 -1 -2 -4 -3  1  1 -1  3 -2 -4 -1 -1  0 -3  3    4  10   8   1   0   1   2   0   0   5  10   2  13   0   0   2   1   2   0  37  0.36 0.20
  384 L   -1 -1  0 -1 -4  1 -1  0  3 -1  0 -1 -2 -3  5 -1 -2 -5 -3 -1    5   2   4   2   0   6   4   9   9   3  13   2   0   0  33   1   1   0   0   6  0.59 0.22
  385 G    0 -2 -2 -1 -5 -3  0  6  0 -5 -3 -3 -4 -5 -4 -1 -1 -5 -5 -2    9   2   0   3   0   0   6  68   2   0   2   0   0   0   0   3   3   0   0   3  1.16 0.36
  386 L   -3 -2 -4 -4 -3 -3 -2 -1 -4  1  4 -3  2  2 -4 -3  1 -3 -1  0    0   2   0   0   0   0   2   6   0   7  50   0   5  10   0   0  11   0   2   4  0.52 0.24
  387 K   -1  1  0 -1 -4  1  2 -3 -1 -2 -3  3 -1 -4  1  0  1 -5 -3  0    4   6   4   1   0   6  16   0   1   2   1  27   2   0   7   8   9   0   0   6  0.38 0.18
  388 K    0  3 -1  1 -4  1  0 -2  0 -2 -3  3 -1 -2 -1  1  0 -4 -1 -2    7  18   1   8   0   6   5   2   2   1   0  24   2   2   2  11   5   0   3   2  0.37 0.19
  389 T   -1  3  1  0 -4  0  0 -3 -2 -1 -1  0  1 -4 -3  3  2 -5 -4 -2    2  17   7   3   0   4   6   0   0   4   4   5   4   0   0  30  12   0   0   1  0.41 0.24
  390 Q    0  2  0  1 -2  3  2 -1  0 -2 -4  2 -3 -2 -3  0 -1 -4 -1 -2    9   9   3   6   1  15  18   5   2   2   0  18   0   2   0   4   3   0   2   3  0.37 0.19
  391 T    0 -1  0  0 -3  0 -1 -3  1 -1 -2 -1 -3 -4  1  3  3 -5 -1 -3    6   3   3   4   0   3   2   0   4   4   3   2   0   0   7  33  22   0   2   0  0.48 0.27
  392 F    0 -4 -1 -4 -3 -3 -2 -4 -4  3  1 -3  1  3 -1 -2 -1 -3 -1  3    8   0   3   0   0   0   3   0   0  17  14   0   3  18   2   1   2   0   0  27  0.45 0.22
  393 D    0 -1  0  2 -3  1  1  0  3 -2 -2 -1 -2  0 -1  2  2 -4 -1 -1    5   3   4  12   0   7   9   6   9   2   2   2   0   4   1  15  15   0   1   3  0.24 0.15
  394 L   -1 -4 -5 -6 -3 -4 -5 -5 -5  2  3 -4  1 -2 -1 -3  0 -4 -4  4    3   0   0   0   0   0   0   0   0  12  40   0   3   0   4   0   6   0   0  33  0.81 0.33
  395 N    0  0  1  1 -3  1 -1 -2  0  1  0 -1  1  0 -3  1  1 -3  0  0    7   4   9   8   0  10   0   2   3   9   8   0   4   3   0  12  11   0   5   5  0.12 0.12
  396 V   -3 -5 -6 -6 -4 -5 -5 -6 -6  3  0 -5  1  0 -5 -4 -3 -5 -4  6    0   0   0   0   0   0   0   0   0  13   5   0   4   5   0   0   0   0   0  74  1.48 0.52
  397 H   -2  1  1 -2 -4  2  2 -4  2 -1 -1  3 -1  0 -3 -1 -1 -3  1 -1    0   5   8   0   0  12  16   0   6   4   7  21   1   4   0   2   3   0   6   4  0.35 0.21
  398 G    0 -4 -3  0 -4 -3 -2  5 -3 -2 -3 -3  0 -1 -4 -1 -3 -4  2 -1    7   0   0   5   0   0   2  58   0   2   2   0   3   2   0   4   0   0   9   5  0.91 0.33
  399 Q    1  0 -3 -1 -4  2 -1 -1 -3  0 -4  3 -3 -5  5  0 -1 -5 -4 -2   14   4   0   2   0   9   2   3   0   7   0  22   0   0  28   4   3   0   0   2  0.69 0.29
  400 P   -2 -6 -6 -6 -7 -5 -5 -3 -6 -7 -7 -5 -6 -7  8 -1 -5 -8 -7 -3    2   0   0   0   0   0   0   2   0   0   0   0   0   0  89   5   0   0   0   2  2.96 0.84
  401 L   -1  1 -2 -1 -4  3  2 -4  1  0  0  0  0 -3 -1  0 -1  1 -2  2    3   7   0   3   0  17  13   0   3   6   8   4   3   0   2   7   3   2   1  17  0.24 0.18
  402 I   -2 -4 -1 -3 -4 -4 -3 -5 -5  5  1 -2  3 -1 -1 -3  0 -5 -4  1    3   0   3   2   0   0   2   0   0  51  10   2   8   1   3   0   7   0   0   8  0.80 0.35
  403 K    0  2 -1  0 -4  1  1 -1  0 -1 -2  3 -1 -3  1 -1  1 -4 -2 -1    9  10   2   5   0   5   7   3   2   4   4  23   2   0   8   3   9   0   1   4  0.25 0.15
  404 S    0  0  1  0 -4  0  0 -1 -3 -3 -2  0  3 -2  2  2  1 -5 -3 -1    6   5   7   4   0   2   6   4   0   0   2   4  11   1   9  24   9   0   0   5  0.28 0.20
  405 L   -1 -2  0 -2 -3  0  0  0 -1  1  1  0  0 -3  2  1  0 -4 -3  1    1   0   5   1   0   3   5   7   1   7  21   5   1   0   9  12   7   0   0  13  0.15 0.13
  406 T    1  0  0  0 -3  0  1 -2 -2  0 -2  2  0 -3  0  2  2 -4 -3 -1   12   3   5   4   0   3   7   2   0   5   3  15   3   1   4  16  13   0   0   3  0.22 0.15
  407 K   -2  2  0  0 -4  0  1 -3  1 -1 -2  3 -1 -4  1 -1  0 -5 -3  1    1  11   4   5   0   3  10   1   5   4   3  23   1   0   5   3   7   0   0  14  0.30 0.19
  408 K   -1  0  0 -2  0  2  0 -1 -1  0 -1  2 -2 -3  0  0  2 -4 -1  0    1   2   5   0   2  12   6   5   1   6   6  17   0   0   4   8  17   0   2   6  0.21 0.17
  409 R   -1  2  0 -1 -3  0  1 -3  0  1 -1  0 -1 -1  0  0 -2 -3  0  1    3  16   4   3   0   2  14   1   2   9   6   5   1   3   5   8   0   0   5  13  0.14 0.12
  410 G    0 -1  0 -1 -3  0 -1  2 -2 -3 -2  1 -2 -3  0  0  2  1  0  0    8   2   5   2   0   4   3  18   0   0   3  12   0   0   5   7  16   2   4   8  0.21 0.15
  411 D   -1 -3  1  4 -5 -1  3 -4 -3 -1 -1  0 -3 -4 -2  0 -2 -6 -4  1    3   0   7  26   0   1  26   0   0   3   5   6   0   0   2   8   1   0   0  11  0.57 0.29
  412 G   -2 -1 -1 -1 -5  0  1  5 -4 -2 -2 -1 -2 -5 -5 -2 -1 -1 -5 -2    0   3   3   3   0   4   9  57   0   3   5   4   1   0   0   1   3   1   0   3  0.89 0.36
  413 T   -1 -1  0  1 -4  2  2  0 -1 -2 -1  1  0 -3 -3  2  1 -4 -1  0    2   2   2   9   0   9  16   6   1   0   5   7   3   0   0  17  12   0   2   8  0.26 0.18
  414 N   -2 -1  4  2 -4  0  0 -1  1 -3 -4 -1  0 -3 -1  1  2  0  2 -1    2   2  25  10   0   4   6   3   4   0   0   3   3   0   2  11  12   1   8   5  0.40 0.23
  415 K    0  0 -1 -1 -3 -1  0 -3 -1  1  0  3  1 -3 -3 -1  0 -4 -1  3    5   3   2   3   0   2   5   0   1   5   9  24   4   0   0   3   5   0   2  26  0.28 0.19
  416 I   -2  1  0 -1 -3 -1  0 -3 -1  1 -1 -2 -1 -2 -3  0  4 -4 -3  2    1  10   4   2   0   2   7   1   1   7   3   0   1   1   0   5  32   0   0  22  0.43 0.25
  417 L   -4 -5 -6 -6  0 -5 -6 -6 -5  3  5 -5 -1  1 -5 -5 -4 -4 -3  1    0   0   0   0   2   0   0   0   0  16  66   0   0   4   0   0   0   0   0  11  1.22 0.44
  418 S    0 -3 -1 -3 -4 -1  0 -4 -1  0 -3 -1  0 -2 -2  3  5 -5 -1 -1    7   0   2   0   0   2   6   0   1   6   0   2   2   1   2  23  41   0   2   3  0.69 0.37
  419 C   -5 -8 -7 -8 10 -7 -9 -7 -8 -5 -2 -8 -5 -6 -7 -5 -5 -7 -7 -5    0   0   0   0  96   0   0   0   0   0   4   0   0   0   0   0   0   0   0   0  4.02 1.00
  420 E   -1 -1 -1 -1 -4 -1  3 -4  4 -2 -4  0 -3 -1 -3  3  0 -4  0  0    3   2   2   2   0   1  28   0  11   1   0   5   0   2   0  23   6   0   4   6  0.54 0.30
  421 A    5 -4 -4 -4 -3 -3 -3 -3 -4 -3 -4 -1 -3  0 -4  1  1 -5 -4  2   56   0   0   0   0   0   0   0   0   0   0   4   0   4   0  11  10   0   0  15  0.94 0.45
  422 E   -2  2  2  2 -4  2  3 -3  0 -1 -1 -1 -2  0 -3  0  0 -4  1 -2    2  13   9  10   0   8  20   0   1   4   7   1   0   5   0   8   6   0   5   1  0.31 0.19
  423 G    2 -4 -3 -4 -4 -4 -4  5 -4 -5 -5 -3 -4 -5 -4  2 -1 -5 -5 -4   17   0   0   0   0   0   0  58   0   0   0   0   0   0   0  17   4   0   0   0  1.27 0.44
  424 S   -2 -1  2 -3 -4 -1 -2 -3  4  0 -1 -2 -1  3 -4  1 -1 -3  2  1    0   2  13   0   0   1   1   0  14   5   3   2   1  16   0  15   3   0   9  12  0.41 0.24
  425 P   -4 -5 -5 -5 -6 -4 -4 -5 -5 -6 -4 -4 -5 -6  8 -1 -2 -6 -6 -5    0   0   0   0   0   0   0   0   0   0   2   0   0   0  88   4   2   0   0   0  2.87 0.78
  426 K    0  2 -2 -1 -4  1  2 -3 -2 -2 -2  3 -2 -2  2  0  1 -4 -2 -3    9  10   0   3   0   6  12   0   0   1   5  26   0   1   9   4  10   0   2   0  0.41 0.22
  427 P    1 -5 -5 -5 -5 -4 -4 -5 -5 -4 -3 -4 -1 -5  7 -2 -4 -6 -5  0   10   0   0   0   0   0   0   0   0   0   2   0   2   0  73   2   0   0   0   8  2.18 0.64
  428 T    0  0  2  0 -3  1  1 -3  0 -3 -2  1 -3 -4 -3  3  3 -4 -3 -2    8   4  13   4   0   6   8   0   2   0   3   9   0   0   0  23  19   0   0   1  0.44 0.24
  429 V   -2 -4 -5 -5 -3 -4 -5 -5 -4  5  0 -4 -1  2 -4 -4 -1 -4  0  3    3   0   0   0   0   0   0   0   0  46   6   0   0  11   0   0   2   0   4  25  0.98 0.37
  430 Q   -1  1  0 -3 -3  2 -1 -3  1  1 -1 -1  2 -2 -3  2  3 -4 -2 -1    1   7   3   0   0   9   2   0   4  10   4   3   7   1   0  15  28   0   1   4  0.38 0.24
  431 W   -6 -6 -6 -7 -6 -5 -6 -6 -6 -6 -5 -6 -5 -3 -7 -6 -6 12 -2 -6    0   0   0   0   0   0   0   0   0   0   0   0   0   0   0   0   0  95   0   0  4.73 1.10
  432 I   -1 -1  2 -2 -3  0 -1 -2 -2  0 -1 -1  0 -1 -3  3  3 -3  1 -2    3   3  10   0   0   4   3   2   0   6   5   2   2   2   0  23  25   0   7   1  0.36 0.23
  433 T    0 -1 -2 -2 -3  0 -1 -3  1  1  0  2  0 -2  1  0  1  1 -1  1    7   0   0   2   0   2   2   1   3  11   7  19   2   1   6   5  13   2   2  14  0.18 0.15
  434 N   -1 -1  5  2 -4 -2 -2  0 -2 -4 -4 -1 -1 -4 -2  2  2 -5 -2 -2    5   2  35  10   0   0   0   6   0   0   1   2   2   0   2  18  13   0   1   3  0.67 0.31
  435 G   -1 -2  1  2 -4 -3  0  5 -3 -5 -5 -3 -4 -4 -2 -2 -2 -4 -4 -4    3   2   5  12   0   0   5  63   0   1   1   1   0   0   1   2   1   0   0   1  1.20 0.39
  436 T   -1 -1 -1 -1 -3  0  1  1  0 -2 -1  0 -1 -2 -1  1  3 -3  0 -1    3   2   2   3   0   4   9  11   3   1   5   7   2   1   2  11  27   0   4   4  0.24 0.15
  437 D    0  0  0  0 -3  0  2  0 -1 -1 -1  0 -2 -1  2  1  1 -3  0  0    4   4   3   4   0   4  16   7   0   2   5   7   0   3  11  11   8   0   4   7  0.16 0.08
  438 V   -1 -2  0 -3 -2 -1 -2 -1  1  2  1 -2  1 -2 -3  1  0 -3 -2  3    3   1   5   1   0   3   2   4   4  16  12   1   3   1   1  12   4   0   0  26  0.24 0.15
  439 K   -1  1  2 -1 -1  1  1 -2  1 -1 -1  1 -1 -2  1  0  0  2 -2 -1    3  10  11   1   1   6  11   1   4   5   7  11   0   1   7   7   6   4   1   4  0.19 0.10
  440 F   -1 -1  0 -1 -2  0 -1 -1  1  0  0 -1  1  0 -2  0  1  3  1  1    4   3   4   3   1   5   2   5   6   4   9   2   6   5   1   5  14   5   6  12  0.08 0.06
  441 Q   -2  1  1  1 -4  1  2  0  3 -3 -2  1 -1 -1 -1  0 -1 -3  0 -1    1   9   5   8   0   7  17   9   9   0   3   6   2   3   3   7   3   0   3   5  0.22 0.16
  442 E   -1  1  1  1 -4  2  4 -1 -2 -3 -4  1 -3 -4  0  0  0 -4 -4 -1    3   9   6   7   0   9  31   4   0   0   1   9   0   0   3   7   4   0   0   6  0.46 0.28
  443 S    0  0  2  1 -3  0  1  0  0 -3 -2  0  0 -3 -3  2  1  1 -3 -1    5   5  14   8   0   4   9   7   3   0   3   5   4   0   0  19   7   3   0   4  0.26 0.20
  444 E   -1  0  1  2 -4  2  2 -1  1 -2 -3  0 -3 -3  2  0  0 -4  0 -2    4   6   6  12   0  12  14   3   4   2   1   5   0   0  11   7   6   0   4   3  0.32 0.20
  445 H   -3  1  1 -1 -4  1  1 -2  5 -3 -2  0  1  0  1 -1  0  2  3 -3    0   7   7   2   0   6   9   2  17   0   4   5   5   3   6   3   7   4  12   0  0.37 0.27
  446 V    0 -2 -1 -2 -2  0 -1 -1 -1  2  0 -2  1  0  0 -1  1 -3  0  2    6   1   3   2   0   5   2   6   2  16   3   1   5   4   5   3  10   0   3  24  0.16 0.14
  447 N   -1 -1  4  1 -4  0  1 -1  0  0 -2 -1 -2 -3 -3  1  1 -4  0  0    3   2  32   5   0   4   8   4   2   6   3   2   0   0   0   8  11   0   3   6  0.39 0.24
  448 G    0 -1 -1  0 -4 -3 -3  4 -1 -3 -1 -3 -3 -1 -3  2  0 -4 -4 -1    4   3   2   5   0   0   0  41   2   0   6   0   0   2   0  22   6   0   0   5  0.60 0.29
  449 K   -1  3  1  0 -4  0  0  0  0 -3 -1  3 -2 -3  0  1  1 -4 -3 -1    4  19   7   4   0   3   5   6   2   0   6  19   0   0   3   8   8   0   0   4  0.29 0.17
  450 I    0  0 -3 -2 -3 -2 -3 -3 -3  2  2 -2  1  2 -3  0 -1  2  0  2    7   5   0   3   0   1   0   1   0  20  19   0   2   9   0   8   3   3   3  14  0.23 0.15
  451 T   -1 -2 -2 -3 -3 -1 -3 -4  2  0  0 -1  0  0 -3  2  4 -4  0  0    2   1   0   0   0   1   0   0   6   4  11   3   2   4   0  18  38   0   3   6  0.52 0.32
  452 Y    0 -1  0 -3 -3 -2 -1 -3  3 -1  1 -2 -2  1 -3  3 -1 -3  1  2    4   2   4   0   0   0   3   1   9   0  14   0   0   6   0  33   0   0   6  16  0.35 0.25
  453 Y   -2  0  2 -2 -3  0 -1 -3  2  1  1  2  1 -1 -2  0  1 -4 -1  0    0   3  12   0   0   5   3   0   7   8  14  18   4   3   1   7   9   0   1   6  0.19 0.17
  454 I   -1 -4 -4 -1 -3 -3 -4 -5 -1  4  1 -2  0 -2 -4 -1 -1 -4 -3  4    4   0   0   4   0   0   0   0   2  32  14   3   2   0   0   5   1   0   0  32  0.65 0.32
  455 T    0 -1  1 -2 -3 -1 -1 -2 -3  1  1  0 -2 -3 -3  1  4 -4 -3  0    5   3   7   1   0   2   4   2   0   7  13   6   0   0   0  11  33   0   0   5  0.35 0.24
  456 V    0 -2 -1 -4 -3 -1 -3 -1 -3  3  0 -3  0  0  0 -2  0 -4 -3  3   10   2   4   0   0   2   0   4   0  25   5   0   1   4   5   0   4   0   0  32  0.42 0.24
  457 S    0  0  1 -2 -3  0  1 -1  1 -2 -1  2 -1 -1 -1  2  1 -4 -3  0    7   4   8   0   0   2   7   3   5   0   7  16   1   3   3  17   9   0   0   9  0.19 0.15
  458 P    0 -1 -3  1  1 -1  0 -4 -3 -1 -2 -2 -3 -4  5  0  0 -4  0  0    8   4   0   8   4   2   4   0   0   4   3   2   0   0  37   6   6   0   4   8  0.71 0.29
  459 K   -1  1  1  0 -4 -1  2 -3 -2 -1  0  1  1 -3 -3  1  2 -4 -3 -2    2   9   9   4   0   0  17   0   0   3  13  11   4   0   0   9  16   0   0   2  0.29 0.21
  460 A    1 -2 -1  1 -3  0  1  0 -2 -1  1  0  0 -3 -3  2 -1 -4 -3  0   11   0   2   9   0   4  11   8   0   0  17   6   2   0   0  18   2   0   0   9  0.18 0.16
  461 N   -1  1  3  4 -4 -1  0  0  0 -1 -2  0  0 -4 -3  1 -1 -5 -4 -3    3  10  18  26   0   2   5   6   2   4   4   4   4   0   0  11   2   0   0   0  0.47 0.24
  462 V    0 -2 -1 -2 -3  0 -1  2 -2  1  1 -2  0 -1 -3  0 -1 -3  1  1    7   0   2   1   0   5   4  16   0  11  15   0   1   2   0   9   3   0   7  16  0.13 0.12
  463 T   -2 -3 -2  1 -4 -2  0  2 -3 -1 -3  1 -1 -4 -3  0  4 -4 -1  0    0   0   0   7   0   0   8  18   0   4   0   8   1   0   0   5  38   0   2   8  0.52 0.31
  464 V    1 -4 -4 -5  2 -4 -4 -4 -3  2  1 -4  0  0 -4 -3 -2 -2  4  4   14   0   0   0   5   0   0   0   0   9  11   0   2   2   0   0   0   0  21  33  0.67 0.33
  465 S    0 -1  2 -2 -3 -1  0 -1 -1  1 -1  0  1  1 -3  2  2 -3 -1  0    5   2  11   0   0   0   7   4   1  11   2   6   4   8   0  21  12   0   1   5  0.19 0.17
  466 C   -4 -7 -7 -8 10 -7 -8 -7 -8 -5 -5 -7 -5 -6  0 -5 -5 -7 -7 -5    0   0   0   0  95   0   0   0   0   0   0   0   0   0   5   0   0   0   0   0  3.84 1.02
  467 T   -2  0  4  0 -4 -2  2 -3 -1 -1 -1 -1 -2 -3 -4  0  4  0 -4 -1    1   6  24   4   0   0  13   0   1   3   5   3   1   1   0   6  29   1   0   4  0.53 0.32
  468 I    4 -4  0 -4 -3 -3 -3 -1 -4 -1 -3 -1 -3 -4 -4 -1 -2 -5 -4  4   52   0   5   0   0   0   0   3   0   1   0   4   0   0   0   3   0   0   0  31  0.93 0.47
  469 S    0  0  0 -2 -4  1  2 -3 -2 -2 -4 -1 -3 -3 -3  3  2  0  1 -1    4   5   3   0   0   7  14   0   0   2   0   2   0   0   0  34  17   2   6   4  0.53 0.33
  470 N   -5 -4  8 -2 -6 -3 -4 -4 -3 -6 -6 -3 -5 -7 -6 -1 -3 -7 -6 -1    0   0  91   0   0   0   0   0   0   0   0   0   0   0   0   4   0   0   0   5  2.54 0.86
  471 D   -1  1  0  2 -5  2  3 -1 -2 -2 -3  1 -1 -4  0  1  0 -5 -2 -3    2   7   2  15   0   9  27   5   0   2   1   9   1   0   4   9   4   0   2   1  0.44 0.23
  472 L   -2 -2 -4 -5  0 -1 -4 -5  3  0  3 -4  2  4 -5 -4 -3 -2  3  1    3   1   0   0   2   3   0   0   8   2  29   0   5  21   0   0   0   0  13  11  0.64 0.31
  473 G   -3 -2 -3 -2 -6 -4  0  6  1 -7 -7 -4 -6 -6 -5 -3 -5 -6 -6 -6    0   2   0   2   0   0   6  87   4   0   0   0   0   0   0   0   0   0   0   0  2.06 0.67
  474 S   -1  1 -1 -2  1  0  1 -3 -3  0 -3  1  1 -2  1  3  2  0 -3  0    2   8   1   0   4   2   9   0   0   5   0   7   6   1   5  28  11   2   0   7  0.30 0.22
  475 D    1 -3  0  5 -4 -1  1 -2 -3 -1 -4 -1 -4 -5  1  0  0 -6 -5 -2   13   0   4  46   0   2   8   2   0   4   0   3   0   0   5   4   5   0   0   3  0.76 0.34
  476 T    0 -2 -1 -1 -3  0  1 -2  0 -1 -2  0 -2 -2  0  3  2  2 -3  0    3   0   2   3   0   4   8   2   2   3   2   4   0   2   4  32  18   4   0   9  0.36 0.25
  477 R   -2  4  1 -3 -4  2 -1 -4  0 -2 -3  4 -1 -1 -3  0  0 -5 -3  0    2  24   8   0   0  10   2   0   2   2   2  28   2   3   0   6   4   0   0   7  0.56 0.29
  478 S    1  0  0  0 -3 -2  1 -3  2 -1 -2 -1 -3 -4 -3  3  2 -5 -3  0   10   4   3   4   0   0   9   0   6   4   3   2   0   0   0  35  15   0   0   6  0.44 0.28
  479 I   -3 -2 -5 -6 -4 -2 -5 -6 -4  4  2 -4 -1  5 -5 -4 -3 -3  0  2    0   2   0   0   0   2   0   0   0  27  17   0   0  32   0   0   0   0   2  17  0.88 0.34
  480 D   -2  0  3  3 -4  1  2 -3  0 -4 -3  0 -1 -4  0  2  0 -5 -4 -4    0   4  20  19   0   7  13   0   2   0   1   4   2   0   4  20   3   0   0   0  0.56 0.24
  481 V   -2 -4 -4 -2 -3 -4 -4 -5 -4  3  3 -4  0  0 -4 -4 -2 -4 -3  4    0   0   0   3   0   0   0   0   0  20  27   0   0   3   0   0   0   0   0  44  0.84 0.32
  482 S    0  0  0  1 -3  1  1 -2 -2 -3 -2  2 -2 -1 -2  2  1  1  0 -1    8   3   4   6   0   5  10   0   0   0   2  13   0   3   0  25   9   3   3   3  0.27 0.15
  483 S    2  1 -2 -2 -3  0 -2 -2 -2 -2 -1  0 -2 -2  1  3  0 -3  1  1   22   8   0   0   0   4   0   0   0   0   4   6   0   0   5  29   2   0   6  12  0.31 0.17
  484 L   -2 -2 -3 -3 -3  0 -2 -4 -1  2  2  0  3  1  1 -2 -2 -3 -2  1    1   0   0   0   0   4   0   0   2  20  29   9   9   7   7   0   0   0   0   9  0.33 0.15
  485 V   -1  0 -3 -3 -2 -2 -2 -3 -3  1  2 -2  0  2  2  0 -1 -3 -1  3    1   5   0   0   0   0   2   1   0   5  24   0   0  10  13   8   0   0   0  30  0.31 0.12
  486 E    0  0  0  1 -3  0  4 -2  0 -3 -3  0 -2  1  1  0 -1 -3 -1 -3    8   4   3   6   0   2  41   1   2   0   1   5   0  10   7   7   1   0   2   1  0.45 0.14
  487 D   -2 -1  1  3  2  1  2 -2  1 -3 -3  1 -3 -3  3 -1 -2 -4 -3 -3    1   0   8  27   8   6  12   1   4   0   1  10   0   0  16   3   1   0   0   1  0.56 0.14
  488 V   -1 -2 -2  2 -3  1  2 -3 -2  1 -2  0 -1 -3  2  0  0 -4 -3  3    0   0   0  12   0   6  19   0   0   6   0   5   0   0   9   7   3   0   0  32  0.32 0.14
  489 T   -1  1  1  0 -3 -1  0  0  0  1 -2 -1 -1 -1  1  1  2 -4 -2  1    1   8   6   6   0   0   7   6   2  10   0   0   0   3   6  13  17   0   0  13  0.14 0.08
  490 M    1  0 -2  0 -3 -1  1 -2 -2 -1  0  1  3  0  1  0 -1 -3 -2  0   11   6   0   6   0   0   9   2   0   0   8  13  14   6   7   8   0   0   0  10  0.13 0.09
  491 D   -2  0  0  5  0 -1  1 -3  1 -4 -2  1 -3 -1  0  1 -2 -4 -3 -3    0   6   0  49   2   0   6   0   4   0   4   8   0   4   3  12   0   0   0   0  0.68 0.19
  492 K   -2  2  0 -2 -4  0  1 -1  1  0 -3  4 -2 -3  1 -1 -2 -4 -3  0    0  14   4   0   0   2  11   6   4   6   0  35   0   0   6   2   0   0   0   8  0.39 0.14
  493 Q   -1  0  0  0 -3  3  2 -2 -1 -3 -3  1 -2 -3  4  2  1 -4 -3 -3    1   2   3   5   0  18  12   1   0   0   1   6   0   0  23  17   8   0   0   1  0.60 0.15
  494 D    0 -2  0  5 -4 -1  1  0 -2 -4 -4  0 -3 -4 -2  0  0 -4 -3 -3    6   1   0  57   0   0   7   6   0   1   1   6   0   0   1   4   7   0   0   1  0.84 0.20
  495 Q   -1  0  2  2 -3  2  0  0  2 -3 -2  2  1 -3 -1  1  0 -3 -2 -3    1   0  14  11   0   9   4   8   6   0   1  20   7   0   3  12   3   0   0   1  0.30 0.10
  496 S    0  0  1 -1 -2 -1  1  1 -1 -1 -1  0 -2 -1  2  2  1 -3 -2 -2    7   5  10   0   0   0   8   9   0   5   4   3   0   4   9  21  12   0   0   1  0.21 0.07
  497 E   -1 -1 -1  1 -3  2  5 -1 -1 -2  0 -1 -2 -3 -2  0 -1 -3 -3 -2    4   1   1   5   0  12  50   3   0   1  13   1   0   0   1   7   1   0   0   1  0.60 0.17
  498 D   -1  0  0  2 -3  1  1 -1 -1  0  0  2 -1 -2 -2 -1  1 -3 -2  0    1   1   4  14   0   7   6   4   0   5  10  22   0   1   1   1  13   0   1   9  0.17 0.07
  499 Y   -1 -1 -1 -1 -2 -1 -1  0 -1  1 -1 -1 -1  1 -2  0  1  3  2  2    2   4   1   4   0   1   3   8   0   8   2   1   0   5   1   9  14   5  10  24  0.12 0.07
  500 S    0  0  4 -1 -2 -1  0  0 -1 -2 -2  0 -2 -3  1  2  1 -3 -2 -1    3   5  27   1   0   1   3   5   0   1   1   5   0   1   8  24   8   0   0   7  0.36 0.11
  501 D   -2  0  0  5 -4  2  1 -2 -1 -3 -3  0 -3 -3  1  0 -1 -4 -3 -3    1   5   1  49   0  14   6   1   0   1   1   5   0   1   7   7   1   0   0   1  0.74 0.17
  502 Q    0  0 -1  0 -3  5  1  0 -1 -3 -3  1 -2 -3 -2  1  0 -3 -3 -3    8   3   0   6   0  49   5   7   0   1   1   4   0   0   1   9   4   0   0   1  0.64 0.19
  503 T    3 -1 -2 -2 -2 -2 -2  0 -2 -1 -1 -1 -1 -3  1  1  2 -3 -3  1   34   3   0   0   0   0   0   7   0   0   5   0   0   0   8  10  16   0   0  15  0.32 0.12
  504 A    1  1 -1 -2 -3 -1 -1  0 -2  0 -2  3  0 -3 -2  1 -1 -4 -3  0   10   7   0   0   0   0   0   7   0   9   1  36   4   0   0  13   0   0   0  10  0.30 0.13
  505 L   -2 -3 -4 -4 -2 -3 -4 -4 -4  3  4 -3  1 -1 -3 -3 -2 -3 -2  3    0   0   0   0   0   0   0   0   0  20  50   0   0   0   0   0   0   0   0  25  0.67 0.18
  506 A    1 -3 -3 -4 -2 -3 -3 -3 -3  5  0 -3  0 -1 -3 -2 -1 -3  0  3   14   0   0   0   0   0   1   1   0  53   1   0   0   0   0   1   1   0   5  21  0.59 0.19
  507 V    0 -4 -4 -5 -2 -3 -3 -4 -4  2  1 -3  3 -2  0 -2  0 -4 -3  4    6   0   0   0   0   0   0   0   0   6  13   0   9   0   4   0   4   0   0  58  0.64 0.21
  508 C    1 -4 -2 -3  6 -3 -4  4 -3 -3 -3 -3 -3 -3 -4  0 -2 -3  1 -1   10   0   0   0  28   0   0  45   0   0   0   0   0   0   0   5   0   0   6   6  0.88 0.22
  509 I    0 -4 -4 -5 -2 -4 -4 -5 -4  5  0 -4  0 -2 -4 -3  0 -4 -3  4    7   0   0   0   0   0   0   0   0  49   0   0   0   0   0   0   4   0   0  40  0.84 0.24
  510 V    0 -4 -4 -5 -2 -3 -4 -4 -4  4  0 -4  0 -2 -4 -3 -2 -3  1  4    8   0   0   0   0   0   0   0   0  33   0   0   0   0   0   0   0   0   5  54  0.79 0.23
  511 V   -1 -3 -3 -4  2 -3 -3 -4  2  2  0 -3  0 -2 -3  0 -1 -4 -2  4    0   0   0   0   6   0   0   0   7  11   7   0   0   0   0   9   0   0   0  60  0.57 0.18
  512 G   -1 -4 -2 -3  2 -3 -3  6 -3 -1 -4 -3 -3  0 -4  0 -2 -4 -3 -3    0   0   0   0   5   0   0  76   0   6   0   0   0   5   0   7   0   0   0   0  1.17 0.22
  513 L   -2 -4 -4  0 -3 -3 -3 -5 -4  2  4 -3  1 -1 -4 -3 -2 -3 -2  2    0   0   0   7   0   0   0   0   0   7  70   0   0   0   0   0   0   0   0  16  0.72 0.18
  514 M   -2 -3 -4 -4 -3 -3 -4 -5 -3  1  3 -3  2  0  3 -3 -2 -3  1  1    0   0   0   0   0   0   0   0   0   5  53   0   5   3  17   0   0   0   7  11  0.62 0.15
  515 L    0 -3 -4 -5 -2 -3 -4 -4 -4  2  4 -3  1  1 -4 -3 -2 -3 -2  2    7   0   0   0   0   0   0   0   0  14  55   0   0   5   0   0   0   0   0  20  0.60 0.15
  516 A    4 -3 -3 -3 -2 -2 -2 -2 -3 -1 -2 -2 -2  0  3  1 -1 -4 -3 -1   65   0   0   0   0   0   0   0   0   5   0   0   0   5  17   7   0   0   0   2  0.75 0.20
  517 A    4 -2 -2  0 -2 -2 -2 -2 -3 -1 -2 -2 -2 -3 -2  2  1 -4 -3  1   55   0   0   7   0   0   0   0   0   0   0   0   0   0   0  16   6   0   0  17  0.54 0.17
  518 L   -1 -3 -3 -4  2 -3 -3 -1 -4  2  3 -3  1 -1 -3 -2  0 -3 -2  2    5   0   0   0   7   0   0   7   0  15  40   0   3   0   0   0   7   0   0  17  0.36 0.10
  519 L   -1 -3 -3 -3 -2 -2 -3  0 -3  2  2 -3  1  2 -3 -2 -1 -2 -1  3    4   0   0   1   0   0   1   7   0  15  27   1   0  10   0   1   1   0   0  31  0.30 0.08
  520 I    2 -2 -2 -3 -2 -2 -2  1 -3  2  1 -2  0 -2 -2 -1  0 -3 -2  2   29   0   0   1   0   0   1  12   0  21  11   1   0   0   0   1   6   0   0  15  0.22 0.07
  521 G    1 -3 -2 -2 -3 -2 -2  5 -3 -2 -2 -2 -2  1 -2 -1  0 -3 -2  0   12   0   0   1   0   0   1  57   0   0   1   1   0  10   0   1   7   0   0   8  0.65 0.12
  522 L   -1 -3 -3 -4  2 -2 -3 -4 -3  2  3 -3  2 -1 -3 -2 -1 -3 -2  3    1   0   0   1   8   0   1   1   0   6  36   1   4   0   0   1   1   0   0  38  0.46 0.11
  523 A    2 -2 -2 -3 -1 -2 -2 -2 -2  2  2 -2  2 -1 -2 -1  0 -2 -2  2   28   1   1   1   0   1   1   1   0  14  20   1  10   1   1   1   4   0   1  14  0.22 0.06
  524 Y   -3  1 -3 -4 -4 -3 -3  0  0 -3 -3 -2 -3  1 -4 -2  0  0  7 -3    0   9   0   0   0   0   0   8   0   0   0   0   0   0   0   0   9   0  74   0  1.30 0.25
  525 W   -4 -3 -5 -6 -4 -3 -4 -5 -3  0 -2  0 -2  3 -5 -4 -4 10  1 -3    0   0   0   0   0   0   0   0   0   9   0   8   0  18   0   0   0  65   0   0  2.20 0.30
  526 L   -2 -4 -4 -5 -2 -3 -4 -5 -4  2  4 -4  2  3 -4 -3 -2 -2 -1  2    0   0   0   0   0   0   0   0   0  12  57   0   4  14   0   0   0   0   0  13  0.65 0.13
  527 Y   -3  1 -3 -4  1 -2 -3 -5  4 -3 -2 -2 -3  3 -4 -3 -3  0  7 -3    0   9   0   0   5   0   0   0  11   0   0   0   0   9   0   0   0   0  65   0  1.29 0.24
  528 M   -1 -1 -1  1 -2  0 -1 -2 -2  1  0  0  5 -1 -2  1  1 -2 -2  0    1   1   1  10   0   4   1   1   0   6   2   6  39   1   1  11   7   0   1   6  0.29 0.11
  529 K    0  1 -1 -2 -4  0 -1  1 -2 -4 -4  6 -3 -4 -2 -1 -2 -5 -4 -3    9   0   0   0   0   0   0   9   0   0   0  81   0   0   0   0   0   0   0   0  1.07 0.24
  530 K   -2  4 -1 -2 -5  0 -1 -3 -1 -4 -4  5 -3 -3 -3 -2 -2 -3  2 -4    0  22   0   0   0   0   0   0   0   0   0  69   0   0   0   0   0   0   9   0  1.08 0.22
  531 F    0 -2 -1 -2  3 -2 -2  2 -2 -2 -2 -2 -2  0  2  3  1 -3 -2 -1    1   0   0   0   9   0   0  20   0   0   1   0   0   6   9  41   5   0   0   7  0.40 0.11
  532 R   -2  3 -1 -2 -4  0 -1  0 -2 -3 -1  5 -2 -3 -2 -1 -2 -4 -3 -3    1  19   0   0   0   0   0   7   0   0   9  60   0   0   0   0   0   0   0   0  0.75 0.16
  533 Q   -1  1 -1 -1 -3  4  0 -3 -1  0  1  0  0 -2 -2  0  1 -3 -2 -1    0  10   0   3   0  36   0   0   0   8  22   2   0   0   0   5  10   0   0   0  0.35 0.10
  534 G    2  1 -1 -2 -3 -2 -2  4 -2 -3 -3 -1 -2 -3 -2  1 -1 -4 -3 -1   27  10   0   0   0   0   0  46   0   0   1   0   0   0   0   8   2   0   0   4  0.60 0.10
  535 S    1 -2  0 -2  5 -2 -2 -2 -2 -2  0 -2 -2 -3 -2  4  1 -4 -3 -2    8   0   3   0  20   0   0   0   0   0   9   0   0   0   0  54   6   0   0   0  0.61 0.15
  536 W   -1  1 -2 -2 -3 -2 -2  2 -2 -3 -2 -2 -2  1 -3  0 -2  8  0 -2    1  10   1   1   0   1   1  21   0   1   2   1   0  10   1   9   1  36   1   1  0.88 0.12
  537 K   -2  4 -1 -2 -5  0 -1 -3 -1 -4 -3  5 -2 -4 -2 -1 -2 -4 -3 -3    0  29   0   0   0   0   0   0   0   0   0  68   0   0   0   0   0   0   0   0  1.14 0.20
  538 T   -1 -2  2 -2 -2 -1 -1 -2  4 -2  0 -1 -1 -2 -2  2  4 -4 -2 -2    0   0  10   0   0   0   0   0  17   0   9   0   0   0   0  20  42   0   0   0  0.53 0.13
  539 G   -1 -2  1 -2 -4  1 -2  5 -2 -2 -3  1 -2 -4 -3 -1 -2 -4 -4  1    0   0   6   0   0   9   0  59   0   0   0   9   0   0   0   0   0   0   0  17  0.73 0.14
  540 E    1  0  1  1 -4  0  4 -2 -1 -3 -3  2 -2 -4  2 -1 -1 -4 -3 -3   14   0   8   5   0   0  40   0   0   0   1  20   0   0   9   0   0   0   0   0  0.57 0.11
  541 K   -1  1 -1 -2 -4  4  0 -3 -1 -3 -1  5 -1 -3 -2  0 -1 -4 -3 -3    0   0   0   0   0  29   0   0   0   0   9  53   0   0   0   4   0   0   0   0  0.75 0.16
  542 E   -2  1 -1  3 -5  0  5 -3 -1 -3 -4  0 -3 -4 -3 -1 -2 -5 -4  0    0   9   0  22   0   0  60   0   0   0   0   0   0   0   0   0   0   0   0   9  0.91 0.17
  543 D   -1 -1  2  2  0 -1 -1 -3 -2  2  1 -1  1 -2 -3  0  0 -4 -3  0    3   3  15  19   3   0   0   0   0  20  17   3   6   0   0   6   5   0   0   0  0.19 0.07
  544 G   -1 -3 -1 -2 -4 -2 -1  5  2 -4 -4 -2 -3 -4 -3 -1  2 -4 -3 -3    0   0   0   0   0   0   3  68   9   0   0   0   0   0   0   0  20   0   0   0  1.02 0.17
  545 S    1  3  3 -1 -3 -1 -1 -2 -1 -3 -3  0 -2 -3 -2  3  3 -4 -3 -2   13  20  17   0   0   0   0   0   0   0   0   0   0   0   0  28  23   0   0   0  0.52 0.12
  546 A    2 -2 -1 -2 -2  0 -1 -2 -2  0 -1 -1  0 -3  4  3  0 -4 -3 -1   17   0   0   0   0   2   0   0   0  10   2   0   4   0  22  42   0   0   0   0  0.59 0.11
  547 E   -2  0 -1  0 -5  2  6 -3 -1 -4 -4  3 -3 -5 -2 -1 -2 -5 -4 -3    0   0   0   0   0   4  77   0   0   0   0  19   0   0   0   0   0   0   0   0  1.18 0.18
  548 E    1 -1  0  2 -4  1  5 -2 -1 -4 -4  1 -3 -4 -2 -1 -1 -5 -4 -3   14   0   4   9   0   0  65   0   0   0   0   8   0   0   0   0   0   0   0   0  0.88 0.14
  549 S    1 -1  3 -1 -3  1 -1 -2  3  0 -1 -1 -1 -2 -2  2  0 -4 -2 -1   12   0  19   0   0   9   0   0  14  11   8   0   0   0   0  28   0   0   0   0  0.31 0.08
  550 K   -2  1 -1 -2 -4  1  1 -3 -2  0 -3  5 -2 -4 -2 -1 -2 -4 -3 -2    0   0   0   0   0   4   8   0   0  12   0  77   0   0   0   0   0   0   0   0  0.88 0.17
  551 K   -1  1 -1  2 -4  0  1 -3 -2 -4 -4  5 -3 -4  3 -1  0 -5 -3 -3    0   0   0  13   0   0   9   0   0   0   0  61   0   0  13   0   5   0   0   0  0.77 0.11
  552 L   -2 -2 -4 -4 -2 -2 -3 -4 -3  3  3  0  1 -1 -3 -3 -2 -3 -2  2    0   0   0   0   0   0   0   0   0  21  56   9   0   0   0   0   0   0   0  14  0.50 0.07
  553 E   -1 -1 -1  0 -4  1  5 -3  3 -2 -3  0 -2 -4  1 -1 -2 -4 -3  0    0   0   0   0   0   0  74   0   9   0   0   0   0   0   6   0   0   0   0  11  0.88 0.10
  554 E   -1  1 -1  1 -5  1  6 -3 -1 -4 -4  0 -3 -4 -2 -1 -1 -4 -3 -3    0   9   0   0   0   0  91   0   0   0   0   0   0   0   0   0   0   0   0   0  1.18 0.09
  555 N   -2 -1  6  1 -4  0  2 -1  0 -4 -4  0 -3 -4 -3  1 -1 -5 -3 -4    0   0  77   0   0   0  15   0   0   0   0   0   0   0   0   9   0   0   0   0  1.01 0.08
  556 Q    1  0  3  0 -1  2  0  0  0 -1 -1  0 -1 -1  0  0  0 -1 -1 -1   13   3  29   3   1  16   3   4   1   3   4   3   1   2   3   4   3   1   2   3  0.23 0.01
  557 S    0 -1  4  0 -3  0 -1 -1  3 -3 -4 -1 -3 -3 -2  4  0 -4 -2 -3    0   0  37   0   0   0   0   0  12   0   0   0   0   0   0  51   0   0   0   0  0.70 0.06
  558 Q   -2  0  0 -2 -4  4  0 -3  6 -4 -3  2 -2 -3 -2 -1 -2 -3  0 -3    0   0   0   0   0  29   0   0  50   0   0  21   0   0   0   0   0   0   0   0  0.91 0.07
  559 K   -1  3  0 -2 -4  1  0 -2  3 -4 -3  5 -2 -4 -2 -1 -1 -4 -2 -3    0  13   0   0   0   0   0   0  11   0   0  75   0   0   0   0   0   0   0   0  0.86 0.06
  560 A    3 -1 -1 -2 -2  2 -1 -1 -2 -1 -2 -1 -1 -3  1  2  0 -3 -2  1   44   0   0   0   0  13   0   0   0   0   0   0   0   0   7  16   0   0   0  19  0.35 0.03
  561 E   -2 -1  0  4 -5  1  5 -3 -1 -4 -4  0 -3 -4 -2 -1 -1 -5 -4 -3    0   0   0  33   0   0  67   0   0   0   0   0   0   0   0   0   0   0   0   0  1.08 0.06
  562 V   -1 -3 -4 -4 -2 -3 -3 -4 -4  2  0 -3  0 -1 -3 -2 -1 -3 -2  5    0   0   0   0   0   0   0   0   0   0   0   0   0   0   0   0   0   0   0 100  0.66 0.05

                      K         Lambda
Standard Ungapped    0.1749     0.3457
Standard Gapped      0.1100     0.3190
PSI Ungapped         0.1749     0.3457
PSI Gapped           0.1100     0.3190
