
Last position-specific scoring matrix computed, weighted observed percentages rounded down, information per position, and relative weight of gapless real matches to pseudocounts
           A  R  N  D  C  Q  E  G  H  I  L  K  M  F  P  S  T  W  Y  V   A   R   N   D   C   Q   E   G   H   I   L   K   M   F   P   S   T   W   Y   V
    1 G    0 -3 -1 -2 -3 -2 -2  6 -3 -5 -4 -2 -3 -4 -3 -1 -2 -4 -4 -4    0   0   0   0   0   0   0   0   0   0   0   0   0   0   0   0   0   0   0   0  0.00     0.00
    2 V    0 -3 -3 -4 -1 -2 -3 -4 -3  2  1 -3  1 -1 -3 -2  0 -3 -2  4    0   0   0   0   0   0   0   0   0   0   0   0   0   0   0   0   0   0   0 100  0.53 0.00
    3 H   -2 -1  5  1 -3  0 -1  1  4 -4 -4  0 -3 -3 -3  0 -1 -4 -1 -3    0   0  70   0   0   0   0   8  23   0   0   0   0   0   0   0   0   0   0   0  0.79 0.00
    4 M   -1 -2 -3 -4 -2 -1 -2 -4 -2  1  2 -2  6  0 -3 -2 -1 -2 -2  1    0   0   0   0   0   0   0   0   0   0  12   0  88   0   0   0   0   0   0   0  0.58 0.01
    5 Y   -2 -2 -3 -4 -3 -2 -3 -4  2 -2 -2 -2 -2  3 -4 -2 -2  2  7 -2    0   0   0   0   0   0   0   0   0   0   0   0   0   0   0   0   0   0 100   0  1.22 0.01
    6 D   -2 -2  1  6 -4 -1  1 -2 -1 -4 -4 -1 -4 -4 -2 -1 -1 -5 -4 -4    0   0   0 100   0   0   0   0   0   0   0   0   0   0   0   0   0   0   0   0  1.32 0.01
    7 T    0 -1  0 -1 -1 -1 -1 -2 -2 -1 -2 -1 -1 -2 -2  1  5 -3 -2  0    0   0   0   0   0   0   0   0   0   0   0   0   0   0   0   0 100   0   0   0  0.75 0.01
    8 V   -1 -3 -3 -4 -1 -2 -3 -4 -3  2  2 -3  1 -1 -3 -2 -1 -3 -2  4    0   0   0   0   0   0   0   0   0   0  26   0   0   0   0   0   0   0   0  74  0.47 0.01
    9 S   -2 -1  6  1 -3  0 -1 -1  0 -4 -4  0 -3 -4 -3  1  0 -4 -3 -3    0   0  91   0   0   0   0   0   0   0   0   0   0   0   0   9   0   0   0   0  1.06 0.04
   10 Q   -1  0  0 -1 -4  5  1 -3  5 -3 -3  1 -1 -3 -2 -1 -1 -3 -1 -3    0   0   0   0   0  69   0   0  31   0   0   0   0   0   0   0   0   0   0   0  0.92 0.04
   11 I    0 -2 -1 -2 -1 -1 -2 -2 -2  2  0 -2  0 -2 -2  2  2 -3 -2  2    0   0   0   0   0   0   0   0   0  20   0   0   0   0   0  35  19   0   0  26  0.30 0.02
   12 K   -1  1 -1 -2 -4  1  0 -2 -1 -4 -3  5 -2 -4  2 -1 -1 -4 -3 -3    0   0   0   0   0   0   0   0   0   0   0  89   0   0  11   0   0   0   0   0  1.01 0.10
   13 S    2 -1  3 -1 -2 -1 -1 -1 -1 -2 -3 -1 -2 -3 -2  3  2 -4 -2 -2   18   0  24   0   0   0   0   0   0   0   0   0   0   0   0  39  19   0   0   0  0.54 0.05
   14 P   -1 -3 -3 -4  4 -2 -3 -4 -3  0  2 -3  2 -1  4 -2 -2 -3 -3 -1    0   0   0   0  19   0   0   0   0   0  41   0  10   0  30   0   0   0   0   0  0.74 0.06
   15 F   -3 -4 -4 -4 -3 -4 -4 -4 -1 -1  0 -4 -1  6 -4 -3 -3  0  3 -2    0   0   0   0   0   0   0   0   0   0   0   0   0  91   0   0   0   0   9   0  1.27 0.11
   16 T    2 -1 -1 -1 -1 -1 -1 -1 -1  1 -1 -1 -1 -2 -1  3  2 -2 -2  0   18   1   1   1   0   1   1   1   0  16   2   1   0   1   1  36  12   0   1   5  0.25 0.03
   17 T    1 -1  0 -1 -1 -1 -1  0 -1 -1 -2 -1 -1 -2 -1  2  4 -3 -2 -1    8   1   4   1   0   1   1   5   0   1   2   1   0   1   1  18  51   0   1   1  0.43 0.04
   18 H    0 -1  3 -1 -3  0 -1 -2  6 -3 -3 -1 -2 -2 -2  2 -1 -3  0 -3   11   0  19   0   0   0   0   0  51   0   0   0   0   0   0  18   0   0   0   0  0.76 0.08
   19 V    0 -2  1 -2 -2 -2 -2 -1 -2  2  1 -2  0 -1 -2  0  1 -3 -2  2    9   0  11   0   0   0   0   3   0  19  11   0   0   0   0  10   7   0   0  30  0.19 0.03
   20 A    2 -2 -1  1 -2 -1 -1  1 -2  0 -1 -2  3 -2 -2  0  1 -3 -2  1   32   0   0  11   0   0   0   9   0   0   0   0  19   0   0   0  13   0   0  16  0.21 0.04
   21 P   -1 -3 -2  2 -4 -2 -1 -3 -3 -4 -4 -2 -3 -4  7 -1 -2 -5 -4 -3    0   0   0  19   0   0   0   0   0   0   0   0   0   0  81   0   0   0   0   0  2.17 0.10
   22 N    0 -2  2 -1 -2 -1 -1  1 -2  1 -2 -1 -1 -2 -2  3  2 -4 -2 -1    0   0  10   0   0   0   0  10   0  19   0   0   0   0   0  50  11   0   0   0  0.37 0.05
   23 T    2 -2 -2 -2  4 -2 -2 -2 -2 -2 -2 -2 -2 -3  2  0  3 -4 -3 -1   34   0   0   0  19   0   0   0   0   0   0   0   0   0  11   0  36   0   0   0  0.54 0.06
   24 S    3  0 -1 -2 -2  0 -1 -1 -2 -2 -2  2 -2 -3 -1  3  1 -4 -2 -1   40   0   0   0   0   0   0   0   0   0   0  19   0   0   0  30  11   0   0   0  0.47 0.05
   25 T    2 -2  2 -1 -2 -1 -1  1 -2 -2 -2 -1 -2 -3 -2  2  3 -4 -2 -1   18   0  11   0   0   0   0  10   0   0   0   0   0   0   0  19  41   0   0   0  0.47 0.05
   26 N   -2 -1  6  0 -4  0 -1 -1  4 -4 -4 -1 -3 -3 -3  0 -1 -4 -2 -4    0   0  81   0   0   0   0   0  19   0   0   0   0   0   0   0   0   0   0   0  1.17 0.10
   27 L   -2 -3 -4 -5 -2 -3 -4 -5 -3  1  4 -3  2  0 -4 -3 -2 -3 -2  0    0   0   0   0   0   0   0   0   0   0 100   0   0   0   0   0   0   0   0   0  0.86 0.09
   28 T   -1 -2  2  2 -2 -1 -1 -2 -2 -2 -2 -1 -2 -3 -2  1  5 -4 -3 -1    0   0  16  14   0   0   0   0   0   0   0   0   0   0   0   0  71   0   0   0  0.72 0.09
   29 M   -1 -3 -3 -4 -2 -2 -3 -4 -3  1  2 -3  4  2 -3 -2 -1 -2 -1  3    0   0   0   0   0   0   0   0   0   0  16   0  29  14   0   0   0   0   0  42  0.47 0.07
   30 S    0 -2 -1 -2  3 -1 -2 -2 -2 -2 -2 -1 -2 -3  2  2  4 -4 -3 -1    0   0   0   0  12   0   0   0   0   0   0   0   0   0  11  19  59   0   0   0  0.69 0.11
   31 F   -3 -3  1  1 -3 -2 -2 -3  3 -2 -1 -3 -1  6 -4 -2 -2 -1  2 -2    0   0  11  12   0   0   0   0  11   0   0   0   0  67   0   0   0   0   0   0  0.76 0.12
   32 S    0 -1  4  0 -2 -1 -1 -1 -1 -3 -3 -1 -2 -3 -2  4  2 -4 -3 -2    0   0  30   0   0   0   0   0   0   0   0   0   0   0   0  58  12   0   0   0  0.74 0.11
   33 N   -1 -1  5  0 -3 -1 -1 -1  3 -4 -4 -1 -3 -3 -2  3  0 -4 -2 -3    0   0  58   0   0   0   0   0  11   0   0   0   0   0   0  32   0   0   0   0  0.87 0.12
   34 Q   -2  0  2  2 -4  6  1 -3  0 -4 -3  0 -1 -4 -2 -1 -1 -3 -3 -3    0   0  12  11   0  78   0   0   0   0   0   0   0   0   0   0   0   0   0   0  1.08 0.15
   35 L   -2 -2 -3 -3 -2 -2 -3 -3  1  2  3 -2  1  0 -3 -2 -1 -1  2  0    1   1   1   1   0   0   1   1   7  11  61   1   0   0   1   1   1   0  11   1  0.40 0.06
   36 N   -1 -1  5  1 -3  0  1 -1  0 -3 -3  0 -2 -3 -2  1  1 -3 -2 -2    1   1  61   1   0   0  12   1   0   1   1   1   0   0   1  10   8   0   0   1  0.72 0.09
   37 T    2 -1  2 -1 -2  3  0 -1 -1 -2 -2  0 -1 -2 -1  1  2 -2 -2 -1   26   1  12   1   0  22   1   2   0   1   2   1   1   1   1   2  23   0   1   1  0.30 0.04
   38 V    1 -1 -1 -1 -1 -1 -1 -1 -1  1  0 -1  2 -1 -1  0  0 -1 -1  2   15   2   2   3   1   2   3   4   1   2   4   3  10   2   2   3   3   1   2  36  0.09 0.02
   39 H   -1  3  0 -2 -3  0 -1 -2  7 -3 -3  0 -2 -2 -2  1 -1 -3  0 -3    1  19   1   1   0   1   1   1  56   1   1   1   0   0   1  14   1   0   0   1  0.96 0.18
   40 N   -1 -1  5  0 -3  2 -1  1  0 -3 -3 -1 -2 -3 -2  1  1 -3 -2 -3    1   1  50   1   0  14   1   8   0   1   1   1   0   0   1   9  10   0   0   1  0.65 0.13
   41 Q    1  0 -1 -2 -4  5  0 -3 -1 -4 -3  3 -1 -4 -2 -1 -1 -4 -3 -3   13   0   0   0   0  61   0   0   0   0   0  26   0   0   0   0   0   0   0   0  0.99 0.21
   42 A    1 -1 -1 -2 -2 -1 -1  0  5 -1  0 -1 -1 -2  2 -1  1 -3 -1  1   15   0   0   0   0   0   0   8  26   0   9   3   0   0  12   0  10   0   0  13  0.30 0.09
   43 S    1  1 -1 -1 -2 -1  0  1 -2 -3 -3 -1 -2 -3  2  3  2 -3 -3 -2    8   9   0   0   0   0   7  14   0   0   1   0   0   0  13  32  13   0   0   0  0.43 0.08
   44 V    2 -1  0 -2 -2  2 -1 -2 -1  0  0 -1  0  1 -2  0  0 -1  2  0   25   1   6   1   0  15   1   1   0   7   9   1   0  10   1   1   6   0   9   7  0.13 0.05
   45 L   -1  0 -2 -3 -2 -1  0 -3 -2  1  3 -2  3  0 -2 -2 -1 -2  1  1    1   6   1   1   0   0   8   1   0   1  47   1  12   0   1   1   1   0   7  13  0.30 0.08
   46 A    3  2 -1 -2 -2 -1 -1 -1 -2 -2 -2  0 -2 -3  1  2  0 -3 -2 -1   49  16   1   1   0   1   1   1   0   1   1   1   0   0   7  16   4   0   0   1  0.45 0.11
   47 S    0 -2 -1 -2  2 -2 -2  0 -2 -2 -2 -2 -2  0  5  2  1 -3 -2 -2    4   0   0   0   7   0   1   8   0   0   1   0   0   7  32  27   8   0   0   1  0.68 0.12
   48 S    1 -1  1 -1 -2 -1 -1  0  2 -1 -2 -1  0 -2 -2  2  1 -3 -2  1   10   0  10   0   0   0   0   8   9   0   1   0   5   0   0  32   7   0   0  16  0.25 0.09
   49 S    2 -1 -1 -1 -2  1  1  1 -1 -2 -2 -1 -1 -2  2  2  1 -2 -2 -1   23   1   1   1   0   8   9  13   0   1   2   1   0   1   8  17  10   0   1   1  0.28 0.05
   50 T    1 -1  1  1 -2 -1 -1  1 -1 -2 -2  1  1 -2 -2  2  2 -3 -2 -2   13   1   9   7   0   1   1  14   0   1   1  12   6   0   1  17  15   0   0   1  0.24 0.07
   51 A    2 -1 -1 -2 -2  1 -1  1 -2 -1  0 -1 -1 -2 -2  1  1 -3 -2  1   25   1   1   1   0  10   1  13   0   1  13   1   0   0   1  11  10   0   0  13  0.18 0.07
   52 A    2 -2  0 -1 -2 -1 -1  1 -1 -2 -2 -1 -2 -1 -1  2  1 -2  2 -1   31   1   5   1   0   1   1  12   0   1   1   1   0   1   1  23   8   0  12   1  0.31 0.09
   53 A    1 -1  0 -2 -2  1 -1  1 -1 -1  0 -1 -1  0  2  0  0 -2 -1  0   21   1   5   1   0   9   1  12   0   1  10   1   0   7  12   5   7   0   0   7  0.18 0.05
   54 A    3  1 -1 -2  3  1 -1 -1 -2 -2 -2 -1 -2 -2  1  1 -1 -3 -2 -1   45   9   1   1  12   7   1   1   0   1   1   1   0   1   8   9   1   0   0   1  0.38 0.11
   55 T   -1 -1  0 -1 -2  2 -1 -2  2 -1  0 -1 -1 -2 -2  2  4 -3 -2 -1    1   1   4   1   0  12   1   1   7   1   9   1   0   0   1  16  44   0   0   1  0.42 0.13
   56 L    0  0 -2 -3  3 -1 -2 -3 -2  1  2 -2  2 -1 -2 -1 -1 -2 -2  1    8   7   1   1  12   1   1   1   0   5  33   1   8   1   1   1   1   0   1  17  0.22 0.07
   57 S    0  1  1 -1 -2 -1 -1 -1 -1 -2 -2  0 -2 -3  2  3  2 -3 -2 -2    1  12   7   1   0   1   1   1   0   1   1   1   0   1  13  40  16   0   1   1  0.48 0.12
   58 L    0 -2 -2 -2 -2  0 -2  0 -2  0  2 -1  2  0 -2  0  1 -2 -1  0   11   1   1   1   0   5   1   8   0   1  37   1   7   5   1   6  12   0   1   1  0.16 0.07
   59 A    3 -1  2 -1 -1 -1 -1 -1 -1 -2 -2 -1 -2 -2  2  2  0 -3 -2 -1   54   1  15   1   0   1   1   1   0   1   1   1   0   0   9  13   1   0   0   1  0.44 0.05
   60 N    1 -1  2 -1 -2 -1 -1  0 -1 -1 -1 -1 -1  3 -1  1  0  2  0 -1   14   2  21   2   1   1   2   5   1   2   3   2   1  24   2  10   2   5   1   2  0.17 0.02
   61 S    0 -1  0 -1 -2 -1 -1  0 -2 -3 -3 -1 -2 -3  4  3  2 -3 -2 -2    1   0   0   0   0   0   0   5   0   0   1   0   0   0  25  53  11   0   0   0  0.72 0.05
   62 D    0  0  2  3 -4  1  3 -2 -1 -3 -3  2 -2 -3 -2  0 -1 -4 -3 -3    5   0  11  26   0   0  29   0   0   0   1  23   0   0   0   0   0   0   0   0  0.57 0.03
   63 V   -1 -3 -4 -4 -2 -3 -3 -4 -4  3  1 -3  1 -1 -3 -2 -1 -3 -2  4    0   0   0   0   0   0   0   0   0  23  12   0   0   0   0   0   0   0   0  65  0.56 0.05
   64 S    0 -2 -1 -2 -2 -1 -1  1 -2 -3 -3 -1 -2 -3  4  3  2 -4 -3 -2    0   0   0   0   0   0   0  15   0   0   0   0   0   0  31  36  19   0   0   0  0.80 0.05
   65 L    0 -3 -3 -3 -2 -2 -3 -3 -3  2  3 -2  1 -1 -3 -1  1 -3 -2  2    9   0   0   0   0   0   0   0   0  10  46   0   0   0   0   0  15   0   0  21  0.34 0.03
   66 L   -2 -1 -3 -4 -2 -1 -2 -4 -3  1  4  1  1  0 -3 -2 -1 -3 -2  1    0   0   0   0   0   0   0   0   0   0  73  19   0   0   0   0   0   0   0   9  0.45 0.05
   67 N   -2  2  5  0 -4  0 -1 -2  5 -4 -4  0 -3 -3 -3  0 -1 -4 -1 -3    0  15  58   0   0   0   0   0  27   0   0   0   0   0   0   0   0   0   0   0  0.87 0.07
   68 Y   -1 -2  2 -2 -3 -1 -2 -3  1 -2 -2 -2 -2  1 -3  1  1  0  6 -2    0   0  19   0   0   0   0   0   0   0   0   0   0   0   0  15   9   0  58   0  0.70 0.07
   69 Q   -1  0 -1 -2 -3  5  1 -3  0 -2  1  0  0 -3  1 -1 -1 -3 -2 -2    0   0   0   0   0  76   0   0   0   0  19   0   0   0   5   0   0   0   0   0  0.79 0.08
   70 S    1 -1  0 -1 -2 -1 -1  2 -1 -2 -2 -1 -2 -2  3  2  0 -2 -2 -2    8   2   1   2   1   1   2  21   1   2   3   2   1   1  20  27   2   0   1   2  0.43 0.02
   71 A    4 -2 -1 -2 -1 -1 -1  2 -2 -2 -2 -1 -2 -2 -1  1  0 -3 -2 -1   69   1   1   1   0   1   1  18   0   1   1   1   0   0   1   1   3   0   0   1  0.50 0.05
   72 L   -2 -3 -4 -5 -2 -3 -4 -5 -3  2  4 -3  2  0 -4 -3 -2 -3 -2  0    0   0   0   0   0   0   0   0   0   6  94   0   0   0   0   0   0   0   0   0  0.78 0.07
   73 Y   -1  0 -1 -2 -3  2 -1 -3  2 -2 -2  2 -1  1 -3 -1  0  0  5 -1    0   0   0   0   0  13   0   0   6   0   0  19   0   0   0   3   9   0  43   7  0.48 0.06
   74 P   -1 -1  1 -1 -3  3  0 -2  4 -3 -3  0 -2 -3  4 -1  1 -3 -1 -3    3   0   6   0   0  32   0   0  19   0   0   0   0   0  30   0   9   0   0   0  0.83 0.06
   75 S    0  0  0 -1 -3  3  0  1 -1 -3 -3  2 -2 -3  2  2  0 -4 -3 -3    0   0   0   0   0  27   0  13   0   0   0  19   0   0  11  28   3   0   0   0  0.49 0.05
   76 S    3 -2 -1 -2 -2 -1 -1 -1 -2 -2 -2 -1 -2 -3  3  2  2 -4 -2 -1   43   0   0   0   0   0   0   0   0   0   0   0   0   0  13  22  22   0   0   0  0.55 0.05
   77 A    3 -2 -1 -2  3  1 -1 -1  2 -2 -1 -1 -1 -2 -2  0  2 -3 -2 -1   44   0   0   0  13   6   0   0  12   0   4   0   0   0   0   0  21   0   0   0  0.34 0.04
   78 A    2 -2 -2 -3 -2 -2 -2 -2 -2  2  1 -2  0  2 -2  1  0 -2 -1  0   29   0   0   0   0   0   0   0   0  21  20   0   0  13   0  16   0   0   0   0  0.20 0.03
   79 P   -1 -1  3 -1 -3  0 -1 -1  4 -3 -2 -1 -2 -2  4  1  0 -3 -1 -2    1   1  22   1   0   1   1   1  20   1   2   1   0   1  28  16   1   0   1   1  0.65 0.04
   80 V    0 -2 -2 -3 -1 -1 -2 -3 -1  2  1 -2  2  0 -2 -1 -1 -1  2  2    5   1   1   1   0   1   1   1   0  23   2   1  15   1   1   1   1   0  13  31  0.23 0.02
   81 P    1 -2 -2 -2 -2 -1 -1 -2 -2 -2 -2 -1 -2 -3  6 -1 -1 -3 -3 -2   18   1   1   1   0   1   1   1   0   1   1   1   0   1  66   1   3   0   1   1  1.52 0.06
   82 G    1 -1 -1 -1 -2 -1 -1  3 -2 -2 -2 -1 -2 -3  2  2  0 -3 -2 -2   15   1   1   1   0   1   1  32   0   1   1   1   0   1  13  28   1   0   1   1  0.49 0.03
   83 V    1 -2 -3 -3 -2  1 -2 -3 -2  1  1 -2  0 -1 -2 -1 -1 -3 -2  3   21   0   0   0   0  12   0   0   0   0  21   0   0   0   0   0   0   0   0  46  0.28 0.04
   84 A    2 -2 -1 -2 -2 -1 -1 -2  4  0  0 -1  2 -2 -2  0  1 -3 -1  1   29   0   0   0   0   0   0   0  23   0   4   0  12   0   0   0  12   0   0  19  0.27 0.04
   85 Q   -2  3  0 -1 -4  5  1 -3  5 -4 -3  1 -1 -3 -1 -1 -1 -3 -1 -3    0  21   0   0   0  54   0   0  23   0   0   0   0   0   2   0   0   0   0   0  0.86 0.08
   86 Q   -1  2 -1 -1 -4  5  1 -3  3 -4 -3  1 -1 -3  3 -1 -1 -3 -2 -3    0  14   0   0   0  62   0   0  10   0   0   0   0   0  14   0   0   0   0   0  0.89 0.08
   87 G    0  3  0 -2 -3  0 -1  3 -1 -3 -3  0 -2 -3 -2  2  0 -4 -3 -3    0  34   0   0   0   0   0  29   0   0   0   0   0   0   0  35   2   0   0   0  0.57 0.05
   88 V   -1 -1 -2 -3 -2 -1 -2 -4 -3  3  1  2  2 -1 -3 -2 -1 -3 -2  2    0   0   0   0   0   0   0   0   0  27  13  21  13   0   0   0   0   0   0  26  0.30 0.04
   89 S    1 -2 -1 -2 -3 -1 -1 -2 -2 -3 -3 -1 -3 -4  6  2  0 -4 -3 -2   13   0   0   0   0   0   0   0   0   0   0   0   0   0  57  30   0   0   0   0  1.42 0.07
   90 L   -1 -1 -2 -2 -2  1 -1 -3 -2  1  3 -1  1  0 -2 -2 -1 -2 -1  0    2   1   1   1   0  14   1   2   0   8  61   1   0   1   1   2   1   0   1   1  0.30 0.03
   91 Q   -1  0  0 -1 -3  5  1 -2  0 -2 -2  0 -1 -3  3 -1 -1 -2 -2 -2    2   1   1   1   0  66   1   2   0   1   2   1   0   1  14   2   1   0   1   1  0.76 0.06
   92 P    2 -2 -2 -2 -2 -1 -1 -2 -2 -2 -2 -1 -2 -3  5  0  3 -4 -3 -1   31   0   0   0   0   0   0   0   0   0   0   0   0   0  37   0  32   0   0   0  0.92 0.06
   93 G    1  2 -1 -2 -3 -1 -2  5 -2 -4 -4 -1 -3 -4 -3 -1 -2 -4 -4 -3   13  20   0   0   0   0   0  67   0   0   0   0   0   0   0   0   0   0   0   0  0.88 0.06
   94 T    0  1  0 -1 -2  0 -1  0  0 -2 -2  0 -1 -2  3  1  3 -2 -2 -1    6  14   4   1   0   1   1   6   2   1   2   1   0   1  18   7  32   0   1   1  0.38 0.02
   95 T    2 -1 -1 -1 -1 -1 -1  1 -1 -1 -2 -1 -1 -2  1  1  3 -2 -2 -1   26   1   1   1   0   1   1  13   0   1   2   1   0   1   6   3  38   0   1   1  0.32 0.03
   96 Q   -1  0  2  0 -3  5  1  1  0 -2 -2  0 -1 -3  0  0 -1 -2 -2 -2    2   1  14   1   0  56   1  10   0   1   2   1   0   1   4   2   1   0   1   1  0.54 0.05
   97 I    0 -2 -2 -2 -2 -2 -2 -2 -2  1  2 -2  1  3 -2 -1 -1 -1  0  0   15   1   1   1   0   1   1   2   0  16  28   1   0  25   1   2   1   0   1   1  0.20 0.02
   98 C    1 -4 -3 -3  8 -3 -4  2 -4 -2 -3 -3 -2 -3 -3 -1 -2 -4 -4 -2   13   0   0   0  66   0   0  21   0   0   0   0   0   0   0   0   0   0   0   0  1.03 0.08
   99 T    1 -2 -1 -1  4 -1  2 -1 -2 -2 -2 -1 -2 -3 -2  1  2 -4 -3 -1   19   0   0   0  21   0  21   2   0   0   0   0   0   0   0   8  28   0   0   0  0.40 0.04
  100 Q   -1  3  0 -1 -3  3  1 -2  4 -2 -2  1 -1 -2 -1 -1 -1 -2 -1 -2    2  27   1   1   0  30   5   2  22   1   2   1   0   1   1   2   1   0   1   1  0.52 0.04
  101 T    0  0  1 -1 -2  0 -1  0 -1 -2 -3  2 -2 -3  2  1  3 -4 -3 -2    2   0  10   0   0   0   0   6   0   0   0  21   0   0  13   8  39   0   0   0  0.46 0.04
  102 D   -2  0  0  5 -4  0  3 -2 -1 -4 -4  2 -3 -4 -2 -1 -1 -4 -3 -3    0   0   0  55   0   0  20   0   0   0   0  21   0   0   0   0   0   0   0   0  0.86 0.06
  103 P    0  2 -2 -2 -3 -1 -1 -2 -2 -3 -3  0 -2 -3  6  1 -1 -4 -3 -2    9  21   0   0   0   0   0   0   0   0   0   0   0   0  54  10   0   0   0   2  1.25 0.06
  104 F   -2 -4 -3 -4 -3 -3 -4  2 -2 -1 -1 -3 -1  6 -4 -2 -2 -1  2 -2    0   0   0   0   0   0   0  21   0   0   0   0   0  79   0   0   0   0   0   0  0.90 0.08
  105 Q   -1  0 -1 -1 -4  6  3 -3  0 -4 -3  1 -1 -4 -2 -1 -1 -3 -3 -3    0   0   0   0   0  79  21   0   0   0   0   0   0   0   0   0   0   0   0   0  1.11 0.10
  106 Q   -1  1 -1 -1 -4  6  1 -3  0 -4 -3  3 -1 -4 -2 -1 -1 -3 -3 -3    0   0   0   0   0  79   0   0   0   0   0  21   0   0   0   0   0   0   0   0  1.06 0.10
  107 T    2  2 -1 -2 -2 -1 -1 -2 -1 -2 -2  0 -1 -3 -2  2  3 -4 -2 -1   23  21   0   0   0   0   0   0   0   0   0   0   0   0   0  13  42   0   0   0  0.47 0.05
  108 F   -2 -3 -4 -5 -2 -3 -4 -4 -3  0  4 -3  1  2 -4 -3 -2  6  0  0    0   0   0   0   0   0   0   0   0   0  70   0   0   9   0   0   0  21   0   0  0.81 0.06
  109 I   -2  2 -3 -4  3 -2 -3 -4 -3  4  0 -1  0 -1 -3 -2 -1 -3 -2  1    0  21   0   0  13   0   0   0   0  66   0   0   0   0   0   0   0   0   0   0  0.44 0.06
  110 V   -1 -3 -4 -4 -2 -3 -3 -4 -4  3  2 -3  1 -1 -3 -2 -1 -3 -2  4    0   0   0   0   0   0   0   0   0  32  14   0   0   0   0   0   0   0   0  54  0.56 0.05
  111 C   -1 -3  1 -2  8 -2 -3 -3 -3 -2 -2 -3 -2 -3 -3 -1  2 -4 -3 -2    0   0  13   0  66   0   0   0   0   0   0   0   0   0   0   0  21   0   0   0  1.00 0.09
  112 P   -1 -2 -2 -2 -4 -2 -2 -3 -3 -4 -4 -2 -3 -4  7  1 -1 -5 -4 -3    0   0   0   0   0   0   0   0   0   0   0   0   0   0  87  13   0   0   0   0  2.31 0.10
  113 P   -1 -3 -2 -2 -4 -2 -2  2 -3 -4 -4 -2 -3 -4  7 -1 -2 -5 -4 -3    0   0   0   0   0   0   0  21   0   0   0   0   0   0  79   0   0   0   0   0  2.07 0.09
  114 A    2 -2 -1 -2 -2 -2 -2  2 -1 -2 -2 -1 -2 -1 -2  1  2 -1  3 -1   22   0   0   0   0   0   0  23   0   0   0   0   0   0   0   8  25   0  21   0  0.38 0.04
  115 F   -2 -3 -3 -4 -2 -2 -3 -4 -2  2  1 -3  2  4 -3 -2  2 -1  2  0    0   0   0   0   0   0   0   0   0  23   9   0   9  33   0   0  18   0   9   0  0.42 0.08
  116 Q   -1 -1 -1 -2 -3  5  0 -3 -1  1  0  0  0 -2  2  0 -1 -3 -2 -1    0   0   0   0   0  50   0   0   0  18  10   0   0   0  11  10   0   0   0   0  0.50 0.11
  117 T    0 -1  0  0 -2  2  2  3 -1 -2 -2  0 -1 -2 -1  1  1 -2 -2 -2    2   1   1   1   1  14  17  26   1   1   2   2   1   1   1  13  11   0   1   2  0.31 0.05
  118 G   -1 -2 -1  0 -3 -2 -2  4 -3  2 -1  0 -1 -2 -3 -1 -2 -3 -3 -1    1   0   0   5   0   0   0  51   0  29   1  10   0   0   0   0   0   0   0   0  0.54 0.12
  119 L   -2 -3 -3 -4 -3 -2 -3 -1  2  2  2 -3  0  1  2 -3 -2  4 -1  0    0   0   0   0   0   0   0   6   8  25  37   0   0   4  11   0   0   9   0   0  0.42 0.11
  120 Q   -1  1 -1 -2 -3  4  0 -3  1 -2 -2  0 -1 -3  3  0  2 -4 -2  0    0   9   0   0   0  34   0   0   5   0   0   0   0   0  16   6  18   0   0  12  0.54 0.13
  121 A    2 -1  3 -1  1 -1 -1 -1 -1 -2 -2  1 -2 -2  1  2  1 -3  1 -2   21   0  22   0   5   0   0   0   0   0   4   9   0   0   6  19   8   0   7   0  0.30 0.08
  122 T    1 -2  0 -2  4 -1 -2 -2  1 -2 -2 -2 -2  1  1  2  2 -3 -1 -2    9   0   5   0  16   0   0   0   6   0   0   0   0   9   6  26  23   0   0   0  0.39 0.11
  123 T    1 -2  3 -1  3 -1 -1  1  1 -3 -3 -1 -2 -3 -2  2  2 -4 -3 -2   13   0  21   0  12   0   0   9   4   0   0   0   0   0   0  23  19   0   0   0  0.43 0.10
  124 K   -1  1  2 -1 -4  1  0  1 -1 -3 -3  4 -2 -4 -2  1  1 -4 -3 -3    0   0  11   0   0   4   0  10   0   0   0  57   0   0   0   9   9   0   0   0  0.60 0.11
  125 H   -1 -2 -1 -2 -3 -1 -2 -3  5  1 -2 -2 -1 -2  4  0  1 -4 -1 -1    3   0   0   0   0   0   0   0  32  20   0   0   0   0  25   7  14   0   0   0  0.66 0.11
  126 S    1 -2 -1 -2  3  0 -1 -1 -2 -2 -2 -1 -2 -3  2  3  2 -4 -3 -1   12   0   0   0  10   3   0   1   0   0   0   0   0   0   9  47  12   0   0   5  0.48 0.09
  127 G    1 -2 -1 -2 -3 -2 -2  4 -2 -3 -3 -2 -3 -3 -2  2  2 -4 -3 -2   10   0   0   0   0   0   0  52   0   0   0   0   0   0   0  19  20   0   0   0  0.74 0.10
  128 F   -2 -3 -3 -4 -3 -2 -3 -4  0 -1  2 -3  0  3 -3 -2 -2  0  6 -1    1   0   0   0   0   0   1   1   0   0  31   1   0  14   0   1   1   0  48   1  0.74 0.11
  129 P    0 -2  0 -2 -3 -1 -1 -2 -2 -3 -2 -1 -2  1  5  2  0 -3 -2 -2    1   0   6   0   0   0   1   1   0   0   1   1   0  11  44  33   1   0   0   1  0.99 0.11
  130 V   -1 -2 -2 -3 -2 -2 -2  1 -2  2  0 -2  1 -1 -2 -2 -1 -2 -2  4    1   1   1   1   0   1   1  12   0   5   6   1   6   1   1   1   1   0   1  59  0.32 0.07
  131 R   -1  5 -1 -2  3  0 -1 -2 -1 -3 -2  1 -2 -3 -2 -1 -1 -3 -2 -2    1  72   1   1  11   1   1   1   0   1   2   1   0   1   1   1   1   0   1   1  0.88 0.12
  132 M    1 -1 -2 -2 -1 -1 -1 -2 -2  1  1 -1  5 -1 -1 -1 -1 -2 -1  2   13   1   1   2   1   1   2   2   1   1   3   2  44   1   1   2   2   0   1  20  0.32 0.08
  133 D   -1 -2  0  4 -3  0  3  2 -1 -2 -1 -1 -2 -3 -2 -1 -1 -3 -3 -2    1   1   0  33   0   0  30  19   0   1  12   1   0   0   1   1   1   0   0   1  0.51 0.07
  134 N   -1 -2  5  0  3 -1 -2 -2 -1 -2 -3 -1 -2 -2 -3  0  0 -3  2  0    5   0  61   0   9   0   0   0   0   0   0   0   0   0   0   2   3   0  11   9  0.67 0.13
  135 A    2 -2 -1 -2 -2 -2 -2 -1 -1  0 -2 -2 -1 -1  1  2  1 -2  3 -1   30   0   0   0   0   0   0   2   0  10   0   0   0   0   5  20  13   0  20   0  0.32 0.08
  136 V   -1 -3 -2 -3 -2 -2 -3 -3 -2  2  0 -3  0 -1 -3  0  1 -2  1  4    0   0   0   0   0   0   0   0   0   9   4   0   0   0   0  11  10   0   9  57  0.40 0.09
  137 P    0 -3 -3 -2 -4 -2  1 -3 -3  0 -3 -2 -3 -4  7 -2 -2 -5 -4 -2    5   0   0   0   0   0  10   0   0   9   0   0   0   0  76   0   0   0   0   0  1.93 0.17
  138 I   -2 -3 -3 -3 -2 -2  0 -4 -3  2  3 -3  2  3 -3 -2 -2 -2  0  1    0   0   0   0   0   0  10   0   0  16  38   0   8  20   0   0   0   0   0   8  0.39 0.07
  139 V   -1  1 -3 -4 -2 -2 -3 -4 -3  1  2 -2  0  1 -3 -2 -1 -3 -1  4    2  10   0   0   0   0   0   0   0   0  20   0   0   9   0   0   0   0   0  59  0.43 0.10
  140 P    0 -2 -1 -2  3  0 -2  2 -2 -2  0 -2 -1 -2  3  0  3 -3 -3 -1    3   0   0   0  11   6   0  19   0   0  10   0   0   0  16   0  32   0   0   0  0.40 0.08
  141 Q   -1  0 -1 -1 -3  5  3  1  0 -4 -3  0 -1 -4 -2  1 -1 -3 -3 -3    0   0   0   0   0  57  19  10   0   0   0   0   0   0   0  11   0   0   0   0  0.80 0.14
  142 A    2 -2  2 -1 -2 -1  1 -1  3 -2 -2 -1 -2  2 -2  0  0 -2  0 -2   36   0  19   0   0   0  10   0  11   0   0   0   0  19   0   0   2   0   0   0  0.32 0.09
  143 P   -1 -1 -2 -2 -3  3 -1 -2  0 -3 -2 -1 -2  1  6 -1 -2 -3 -1 -2    3   1   1   1   0  20   1   1   3   1   1   1   0  10  53   1   1   0   0   1  1.20 0.11
  144 A    2 -2  0  1 -2 -1 -1  1 -2 -2  0 -1 -1 -2  1  2  0 -3 -2 -1   35   0   3   9   0   0   0   9   0   0  12   0   0   0   5  24   3   0   0   0  0.30 0.06
  145 A    1 -2 -1  1 -2 -1 -1  1 -2  1 -1 -1 -1 -2  2  1  2 -3 -2  0   20   0   0  10   0   0   1  10   0  16   1   0   0   0  12   7  16   0   0   4  0.23 0.04
  146 Q   -1  0 -1 -2 -4  6  1 -3  0 -4 -3  0 -1 -4 -2  1 -1 -3 -3 -3    0   0   0   0   0  87   0   0   0   0   0   0   0   0   0  11   0   0   0   0  1.30 0.22
  147 P   -1 -2 -1  2 -3 -1  1 -3 -2 -3 -1 -1 -2 -3  6  0  0 -4 -3 -2    2   0   0  18   0   0   9   0   0   0   8   0   0   0  49   9   4   0   0   0  1.09 0.11
  148 L   -2 -2 -3 -3 -2  1 -2 -3 -2  1  4 -2  4  0 -3 -2 -1 -2 -2  0    1   1   0   1   0   8   1   1   0   1  65   1  18   0   1   1   1   0   0   1  0.53 0.09
  149 Q   -1 -1 -1 -2 -3  4  0 -3  2 -1  2  0  0 -1  0 -1 -1 -2 -1 -1    1   1   0   1   0  44   1   1   8   1  35   1   0   0   4   1   1   0   0   1  0.46 0.10
  150 I   -2 -3 -4 -4 -2  0 -3 -4 -3  4  2 -3  0  3 -4 -3 -2 -2  0  1    0   0   0   0   0   8   0   0   0  52  14   0   0  26   0   0   0   0   0   0  0.53 0.11
  151 Q   -1  2 -1 -2 -4  4  0  2  1 -3 -1  0 -1 -3  1 -1 -2 -3 -3 -3    0  18   0   0   0  33   0  26   4   0  11   0   0   0   8   0   0   0   0   0  0.48 0.09
  152 S    0  3 -2 -2 -4  1 -1 -3 -2 -4 -3  0 -3 -4  6  0 -1 -4 -3 -3    5  26   0   0   0   8   0   0   0   0   0   0   0   0  54   6   1   0   0   0  1.36 0.13
  153 G    0 -3 -1 -2 -3 -2 -2  5 -3 -3 -1 -2 -2 -3 -3  2 -1 -4 -4 -3    0   0   0   0   0   0   0  66   0   0   8   0   0   0   0  27   0   0   0   0  0.92 0.12
  154 V   -2 -3 -4 -4 -2 -2 -3 -4 -3  3  2 -3  3  2 -3 -3 -1 -2 -1  2    0   0   0   0   0   0   0   0   0  33  19   0  18  11   0   0   0   0   0  20  0.50 0.08
  155 L    1 -3 -3 -4 -2 -2 -3 -3 -3  1  3 -2  1 -1  1 -1  0 -3 -2  0   18   0   0   0   0   0   0   0   0  10  56   0   0   0   9   0   8   0   0   0  0.40 0.08
  156 T    1 -2 -1 -2 -2  1 -1 -2 -2 -1  0 -1 -1 -2 -2  1  4 -4 -2 -1   17   0   0   0   0   8   0   0   0   0  11   0   0   0   0   8  56   0   0   0  0.53 0.11
  157 Q   -1  0  3  0 -4  3  3 -2  4 -4 -3  0 -2 -3 -2  0 -1 -3 -1 -3    0   0  25   0   0  25  25   0  25   0   0   0   0   0   0   0   0   0   0   0  0.68 0.04
  158 G    1 -1  0 -1 -3  1 -1  4  4 -3 -3 -1 -2 -2 -2  0 -1 -3 -1 -2   13   1   0   1   0  11   1  44  23   1   1   1   0   0   1   1   1   0   0   1  0.53 0.03
  159 S    0  2  0 -1 -2  0  0  1 -1 -3 -2  2 -2 -3 -1  3  0 -3 -2 -2    1  13   1   1   0   0   1   8   0   1   1  15   0   0   1  54   1   0   0   1  0.45 0.05
  160 C   -1 -2 -1 -2  7 -1 -2 -2  3 -1 -1 -2 -1 -2 -2  1 -1 -2 -1  0    1   1   1   1  47   1   1   1  12   1   2   1   0   1   1  14   1   0   1  12  0.52 0.06
  161 T   -1 -1  1  2 -2 -1 -1 -2 -1  0 -1 -1 -1 -2  2  0  3 -3 -2  0    1   1   6  14   0   1   1   1   0  12   2   1   0   1  10   1  45   0   1   1  0.34 0.04
  162 P    1 -2 -2 -2 -2 -1 -1 -2 -1 -2 -2 -1 -2 -1  6 -1 -1 -2  2 -2   14   1   1   1   0   1   1   1   0   1   2   1   0   1  59   1   1   0  11   1  1.28 0.06
  163 L    1 -2 -2 -2 -1 -1 -2 -2 -2  1  3 -2  1  0 -2 -1  1 -2 -1  1   14   1   1   1   0   1   1   1   0   1  50   1   0   1   1   1  10   0   1  13  0.23 0.03
  164 M   -1 -2 -2 -3  3 -1 -2 -3 -2  1  1 -2  6 -1 -2 -2 -1 -2 -2  1    1   1   1   1  11   1   1   1   0   1   2   1  58   1   1   1   1   0   1  14  0.45 0.07
  165 V   -1 -1 -2 -2 -1  1 -1 -2 -1  1  0 -1  0 -1 -1 -1 -1  4 -1  3    2   2   1   2   1  10   2   2   1   2   3   2   1   1   2   2   2  11   1  52  0.26 0.04
  166 A    3 -2 -2 -2 -1 -1 -1  1 -2 -1  0 -1 -1 -2  2  0 -1 -2 -2 -1   50   1   1   1   0   1   1  10   0   1  14   1   0   1  12   1   1   0   1   1  0.33 0.04
  167 T    1 -1  1 -1 -2  1 -1 -1 -1 -1  0 -1  0 -2 -1  0  3 -2 -2 -1   18   1  10   1   0  12   1   1   0   1  14   1   0   1   1   1  33   0   1   1  0.22 0.03
  168 L   -1 -2 -3 -3  3 -2 -2 -3 -2  2  3 -2  1  0 -2 -2 -1 -2 -1  0    1   1   1   1  13   1   1   1   0  12  60   1   0   1   1   1   1   0   1   1  0.36 0.04
  169 H   -1  0  1 -1 -3  2  0 -2  5 -2  0  0 -1 -1 -2 -1 -1 -1  2 -2    1   1  10   1   0  17   1   1  33   1  14   7   0   0   1   1   1   0  11   1  0.40 0.05
  170 P    0 -2 -2 -2 -3 -2 -2 -2 -2 -3 -3 -2 -3 -3  7  1 -1 -4 -3 -3    5   0   0   0   0   0   0   1   0   0   1   0   0   0  77  12   0   0   0   1  1.93 0.11
  171 Q    0 -1 -1 -2 -3  4  0  1  3 -3 -3  0 -2 -3  3 -1  1 -3 -2 -3    5   0   0   0   0  37   0  12  15   0   0   0   0   0  20   0  11   0   0   0  0.64 0.07
  172 V    0 -2 -2 -2 -2 -2 -2  0 -2  0  0 -2 -1 -2  4  2  1 -4 -3  2    6   0   0   0   0   0   0   7   0   0  11   0   0   0  22  22   6   0   0  25  0.40 0.04
  173 A    3 -2  1 -2 -2  1 -1 -1  0 -2  0 -1 -1  0 -2  0 -1 -1  3 -1   46   0  11   0   0  12   0   0   0   0   9   0   0   0   0   0   0   0  22   0  0.33 0.07
  174 T    0 -2 -1 -1 -2 -1  0  3 -2 -2 -2 -1 -2 -3  2  2  2 -4 -3  0    0   0   0   0   0   0   9  26   0   0   0   0   0   0  11  22  19   0   0  12  0.39 0.04
  175 I    1 -2 -2 -3 -1 -2 -2 -2 -2  3  0 -2  1 -1 -2 -1 -1 -2 -2  3   13   1   1   1   0   1   1   1   0  33   2   1   5   1   1   1   1   0   1  36  0.29 0.04
  176 T    1  2  2  1 -2  0 -1 -1 -1 -2 -2  0 -2 -3  1  1  1 -3 -2 -2   23  23  12   9   0   0   0   1   0   0   1   0   0   0   6  11  11   0   0   0  0.32 0.03
  177 P    0 -1 -2 -2 -2  1 -1 -2 -2 -1 -1 -1  1 -3  5  1 -1 -3 -3  1    1   0   0   0   0  12   0   1   0   0   1   0   7   0  42  17   0   0   0  16  0.83 0.06
  178 Q   -1  0  0  2 -3  4  1 -2 -1 -1  0  0 -1 -2 -2  0 -1 -3 -2  0    1   0   0  16   0  40   7   1   0   0  11   0   0   0   0  10   0   0   0  11  0.38 0.05
  179 Y   -2 -2  1 -2 -3  1 -2 -3  0  0  0 -2 -1  1 -3  0  0  0  5 -1    0   0   9   0   0  11   0   0   0   9  10   0   0   0   0   5   7   0  48   0  0.48 0.07
  180 A    3 -2 -1 -2 -2 -1 -1 -1 -2 -1 -2 -1 -1  1  2  2  1 -3 -1  0   42   0   0   0   0   0   0   0   0   0   0   0   0   9   9  25   6   0   0   8  0.40 0.06
  181 V   -1 -3 -4 -4 -2 -3 -3 -4 -4  2  2 -3  1 -1  1 -2 -1 -3 -2  4    0   0   0   0   0   0   0   0   0   8  20   0   0   0   7   0   0   0   0  66  0.55 0.07
  182 P   -1 -3 -2  1 -4 -2 -2 -3 -3 -4 -4 -2 -3 -4  7  0 -2 -5 -4 -3    0   0   0   8   0   0   0   0   0   0   0   0   0   0  85   7   0   0   0   0  2.27 0.13
  183 F   -2 -3 -3 -4 -2 -2 -3 -4 -3  2  3 -3  2  2 -3 -2 -1 -2 -1  2    0   0   0   0   0   0   0   0   0  18  46   0   7   9   0   0   0   0   0  17  0.46 0.05
  184 T    1 -2 -2 -3 -2 -2 -2  0 -3  1  0 -2  1 -2 -2  0  2 -3 -2  3    9   0   0   0   0   0   0   8   0   0   0   0   8   0   0   7  18   0   0  48  0.27 0.05
  185 L   -1 -2 -2 -2 -2 -2 -2 -3 -2  0  2 -2  0 -1  2  1  4 -3 -2  0    0   0   0   0   0   0   0   0   0   0  38   0   0   0   9   8  45   0   0   0  0.45 0.07
  186 S    1  0  0 -1 -3  4  0  2 -1 -3 -3  0 -1 -3 -2  1  1 -3 -3 -2    9   0   2   0   0  48   0  22   0   0   0   0   0   0   0  12   8   0   0   0  0.58 0.08
  187 C    3 -1 -2 -3  5 -2 -2 -1 -2 -2 -2 -1 -2 -3  2  0  0 -4 -3 -1   59   5   0   0  23   0   0   0   0   0   0   0   0   0  10   0   3   0   0   0  0.62 0.08
  188 A    1 -2 -1 -2 -3 -1 -2  2  3 -4 -3 -2 -3 -3  5  0 -1 -4 -2 -3   17   0   0   0   0   0   0  24  16   0   0   0   0   0  38   5   0   0   0   0  0.95 0.07
  189 A    3 -2 -1 -2 -2  1 -1  2 -2 -2 -2 -1 -2 -3  1  1 -1 -4 -3  0   48   0   0   0   0   8   0  22   0   0   0   0   0   0   7   8   0   0   0   8  0.44 0.06
  190 G    1  0  0 -2 -2 -2 -2  3 -2  1 -1 -1 -1 -2 -2 -1 -1 -3 -3  1   22   8   7   0   0   0   0  33   0  22   0   0   0   0   0   0   0   0   0   7  0.29 0.04
  191 R   -1  3 -1 -2 -4  5  0 -1  0 -2 -3  1 -1 -4 -2  1 -1 -3 -3 -2    0  24   0   0   0  52   0   5   0   4   0   5   0   0   0  10   0   0   0   0  0.70 0.09
  192 P    1 -3 -3 -3 -3 -2 -2 -1 -3 -4 -3 -2 -3 -4  7  0 -2 -5 -4 -3   14   0   0   0   0   0   0   5   0   0   0   0   0   0  76   5   0   0   0   0  1.94 0.12
  193 A    1 -2 -2 -2 -2 -1  0  1 -2  0  2  0  0 -1 -2 -1  0 -3 -2  0   23   0   0   0   0   0   5  12   0   0  44   6   0   0   0   0   7   0   0   0  0.19 0.04
  194 L   -2  1 -2 -2 -3  4  0 -3  1 -1  2  0  0  1  1 -2 -2 -3 -1  0    0  10   0   0   0  37   0   0   4   0  31   0   0   7   7   0   0   0   0   4  0.36 0.06
  195 V    0 -2 -3 -4 -2  0 -2 -3  1  3  2 -2  1 -1 -3 -2 -1 -3 -2  2   10   0   0   0   0   6   0   0   5  46  17   0   0   0   0   0   0   0   0  15  0.34 0.05
  196 E   -1  3 -1 -1 -3  3  3 -2  0 -1 -2  2 -1 -3 -2 -1  0 -3 -2 -2    0  22   0   0   0  26  27   0   0   7   1   9   0   0   0   0   5   0   0   0  0.55 0.06
  197 Q   -1  1  1 -1 -3  3  0 -2  2 -3 -2  0 -1 -3  4 -1 -1 -3 -2 -2    4  10  11   0   0  27   1   1   6   0   5   0   0   0  32   1   0   0   0   1  0.74 0.05
  198 T    0 -2 -1 -1 -2 -1 -1  4  0 -3 -3 -1 -2 -3  2  1  2 -3 -2 -2    1   1   1   1   0   1   1  43   4   1   1   1   0   0  13   8  22   0   0   1  0.56 0.04
  199 A    2 -2 -2 -2 -2 -2 -2  1 -2  1  1 -2  0 -2  0  0  1 -3 -2  1   30   0   0   0   0   0   0  12   0   7  17   0   0   0   3   3  13   0   0  13  0.19 0.03
  200 A    1 -2 -2 -3  1 -2 -2  0 -3  1  2 -2  1 -1 -2 -1  1 -3 -2  1   18   0   0   0   4   0   0   8   0   7  39   0   3   0   0   0  13   0   0   8  0.22 0.03
  201 V    1 -2 -1 -3 -2 -2 -2 -2 -2  2  2 -2  1 -1 -2  0  0 -3 -2  2   21   0   4   0   0   0   0   0   0  15  26   0   5   0   0   8   3   0   0  18  0.22 0.02
  202 L   -1 -1  0 -2  0  3  0 -3 -1  0  2  0  1 -1 -2  0  1 -3 -2 -1    0   0   4   0   3  32   0   0   0   0  41   4   0   0   0   6  11   0   0   0  0.30 0.04
  203 Q   -1  2  0 -1 -3  6  1 -2  0 -3 -3  1 -1 -3 -2 -1 -1 -3 -2 -3    0  11   0   0   0  85   0   0   0   0   0   0   0   0   0   0   0   0   0   0  1.05 0.07
  204 A    3 -2 -1 -2 -1 -1 -1  1 -2 -2 -2 -1 -1 -3 -1  1  3 -3 -2 -1   56   0   0   0   0   0   0  11   0   0   0   0   0   0   0   0  34   0   0   0  0.51 0.04
  205 W   -4 -4 -5 -6 -4 -3 -4 -4 -3 -3 -3 -4 -2  0 -5 -4 -4 10  1 -3    0   0   0   0   0   0   0   0   0   0   0   0   0   0   0   0   0 100   0   0  3.08 0.12
  206 P    0 -2 -1 -2 -3 -1 -1 -2 -2 -3 -3 -1 -3 -4  6  3  0 -4 -3 -3    0   0   0   0   0   0   0   0   0   0   0   0   0   0  63  37   0   0   0   0  1.60 0.06
  207 G    2 -1  2 -1 -2 -1 -1  2 -1 -3 -3 -1 -2 -3 -2  2  1 -4 -3 -2   26   0  18   0   0   0   0  19   0   0   0   0   0   0   0  28   9   0   0   0  0.45 0.03
  208 G   -1  3  1 -1  0  1 -1  4 -1 -4 -4  0 -3 -4 -3 -1 -2 -4 -3 -3    0  24  11   0   3  10   0  52   0   0   0   0   0   0   0   0   0   0   0   0  0.67 0.04
  209 T    0  1 -1 -2 -2 -1 -1  0 -2 -2 -2 -1 -1 -3  0  1  4 -4 -2 -1    7  11   0   0   0   0   0   7   0   0   0   0   0   0   3   3  69   0   0   0  0.55 0.05
  210 Q   -1  1 -1 -1 -4  6  1 -3  0 -4 -3  1 -1 -4 -2 -1 -1 -3 -2 -3    0   0   0   0   0 100   0   0   0   0   0   0   0   0   0   0   0   0   0   0  1.27 0.09
  211 Q   -1  0 -1 -1 -3  6  1 -3  0 -2 -2  1 -1 -3 -2 -1 -1 -3 -2  0    0   0   0   0   0  89   0   0   0   0   0   0   0   0   0   0   0   0   0  11  1.00 0.08
  212 I   -2 -3 -4 -4 -2 -3 -4 -5 -4  4  2 -3  3 -1 -3 -3 -1 -3 -2  2    0   0   0   0   0   0   0   0   0  73  16   0  11   0   0   0   0   0   0   0  0.59 0.05
  213 L   -2 -3 -4 -5 -2 -3 -4 -4 -3  2  4 -3  2  0 -3 -3 -2 -2 -2  1    0   0   0   0   0   0   0   0   0   9  91   0   0   0   0   0   0   0   0   0  0.72 0.05
  214 L    0 -3 -3 -4 -2 -3 -3 -4 -3  3  2 -3  1 -1 -3 -2 -1 -3 -2  3    9   0   0   0   0   0   0   0   0  32  29   0   0   0   0   0   0   0   0  30  0.42 0.03
  215 P   -1 -3 -3 -2 -4 -2 -2 -3 -3 -4 -4 -2 -3 -4  7 -2 -2 -5 -4 -3    0   0   0   0   0   0   0   0   0   0   0   0   0   0 100   0   0   0   0   0  2.76 0.09
  216 S    1 -1  0 -1 -1 -1 -1 -1 -1 -2 -2 -1 -1 -2  4  2  1 -2 -2 -1   10   2   1   2   1   1   2   2   1   2   3   2   1   1  23  34   9   0   1   2  0.47 0.02
  217 A    3 -1 -1 -2 -1 -1 -1 -1 -1 -1 -2 -1 -1 -2 -1  2  2 -3 -2 -1   60   1   1   1   0   1   1   1   0   1   1   1   0   1   1   9  18   0   1   1  0.42 0.03
  218 W   -4 -4 -5 -6 -4 -3 -4 -4 -3 -3 -3 -4 -2  0 -5 -4 -4 10  1 -3    0   0   0   0   0   0   0   0   0   0   0   0   0   0   0   0   0 100   0   0  3.06 0.13
  219 Q   -1  1  0 -1 -4  6  1 -3  0 -4 -3  1 -1 -4 -2 -1 -1 -3 -2 -3    0   0   0   0   0 100   0   0   0   0   0   0   0   0   0   0   0   0   0   0  1.26 0.10
  220 Q   -1  1  0 -1 -4  6  1 -3  2 -4 -3  1 -1 -4 -2 -1 -1 -3 -2 -3    0   0   0   0   0  95   0   0   5   0   0   0   0   0   0   0   0   0   0   0  1.18 0.09
  221 L   -1 -3 -3 -4 -2 -2 -3 -4 -3  2  3 -3  3 -1 -3 -2 -1 -3 -2  3    0   0   0   0   0   0   0   0   0   0  38   0  18   0   0   0   0   0   0  44  0.49 0.04
  222 P    1 -1 -1 -2 -2  1 -1 -1 -1 -2 -2 -1 -1 -3  4  0  3 -3 -2 -1    9   0   0   1   0   9   1   3   0   1   1   1   0   0  32   1  40   0   0   1  0.72 0.04
  223 G    0 -2 -1 -2 -3 -2 -2  4 -2 -3 -3 -1 -2 -3  4  1  0 -3 -3 -2    3   0   0   1   0   0   1  46   0   1   1   1   0   0  26  13   5   0   0   1  0.79 0.03
  224 V   -1 -2 -3 -3 -1 -2 -2 -3 -3  2  1 -2  3 -1 -2 -2 -1 -2 -2  3    1   0   0   1   0   0   1   1   0   3   8   1  21   0   1   1   1   0   0  60  0.40 0.04
  225 A    4 -2 -1 -2 -1 -1 -1  1 -2 -2 -2 -1 -1 -2  1  1  1 -3 -2 -1   67   0   0   1   0   0   1   8   0   1   1   1   0   0   4   9   5   0   0   1  0.46 0.04
  226 L    0 -2 -1 -2 -2 -1 -2 -2 -2  2  0 -1  0 -2  3  0  2 -3 -2  0   10   1   3   1   0   0   1   1   0  24   9   1   0   0  21   1  27   0   0   1  0.37 0.02
  227 H    0 -1 -1 -2 -3  1 -1 -2  7 -3 -3 -1 -2 -2  3 -1 -2 -3  0 -3    6   1   1   1   0   6   1   1  60   1   1   1   0   0  16   3   1   0   0   1  1.01 0.14
  228 N    1 -1  3 -1 -2  0 -1  1 -1 -2 -3 -1 -2 -3  3  1  2 -3 -2 -2   11   0  22   0   0   3   1  13   0   0   1   1   0   0  14   7  26   0   0   1  0.43 0.06
  229 S    1 -1  0 -1 -2 -1 -1 -1 -2 -2 -2 -1 -2 -3  2  4  3 -3 -2 -2   12   0   0   0   0   0   1   1   0   0   1   1   0   0   9  51  21   0   0   1  0.59 0.09
  230 V    1 -2 -1 -2 -2 -1 -1  2  2  0 -1 -1  1 -2  0  1  0 -3 -2  2   16   1   1   1   0   1   1  18   8   1   1   1   6   0   5   9   6   0   0  25  0.17 0.04
  231 Q   -1  0 -1 -1 -3  5  0 -2  4 -3 -2  0 -1 -3  3 -1 -1 -2 -1 -2    4   1   1   1   0  50   1   1  17   1   2   1   0   1  15   1   1   0   1   1  0.74 0.10
  232 P    0 -1 -1 -1 -2  2  0 -2  3 -2 -2 -1 -2 -2  5 -1 -1 -2 -1 -2    9   1   1   1   0  15   1   2  15   1   2   1   0   1  35   2   3   0   1   1  0.70 0.07
  233 A    2 -1 -1 -1 -2  1 -1  0 -1 -1 -2 -1 -1 -2  3  1  1 -2 -2  0   27   1   1   1   0  11   1   4   0   1   2   1   0   1  15   9   9   0   1   6  0.27 0.04
  234 A    1  0  1 -1 -2 -1 -1 -2 -2 -1 -2 -1 -1 -3  2  1  3 -3 -2  0   18   6  11   0   0   0   0   0   0   0   0   0   0   0  11   9  31   0   0  11  0.35 0.06
  235 V   -1 -3 -3 -2 -2 -2 -3 -4 -3  2  3 -3  2 -1  0 -2  0 -3 -2  3    3   0   0   3   0   0   0   0   0   6  37   0   6   0   5   0   4   0   0  36  0.39 0.07
  236 I    1 -2 -1 -1  2 -2 -2 -2 -3  2 -1 -2  0 -2  0  0  3 -4 -2  1   15   0   2   2   6   0   0   0   0  29   0   0   0   0   5   3  29   0   0   8  0.28 0.07
  237 P    0 -1 -1  0 -3  1  1 -2  1 -4 -3 -1 -3 -4  5  3  0 -4 -3 -3    0   0   0   5   0   8  12   0   5   0   0   0   0   0  35  36   0   0   0   0  0.89 0.11
  238 E   -1 -1  0  4 -4  0  4 -2 -1 -3 -3 -1 -1 -4 -2  2  0 -4 -3 -3    0   0   0  29   0   0  40   0   0   0   0   0   3   0   0  21   6   0   0   0  0.74 0.11
  239 A    1  0 -1 -2 -2 -1 -1  0 -2 -3 -3 -1 -2 -3  4  2  2 -4 -3 -2   16   6   0   0   0   0   0   7   0   0   0   0   0   0  25  27  19   0   0   0  0.65 0.08
  240 M   -2 -3 -3 -2 -2 -2 -1 -4 -3  2  3 -3  4 -1 -3 -2 -1 -3 -2  2    0   0   0   3   0   0   3   0   0  12  33   0  23   0   0   0   3   0   0  23  0.47 0.11
  241 G    2 -2  0 -2 -2 -1  1  3 -2 -2 -3 -1 -1 -3 -2  1  0 -4 -3 -1   32   0   4   0   0   0  10  36   0   0   0   0   2   0   0   6   7   0   0   3  0.49 0.09
  242 S    2 -2  1  0 -3 -2 -2  3 -2 -3 -3 -1 -3 -3 -2  2  1 -4 -3 -2   17   0   7   4   0   0   0  37   0   0   0   0   0   0   0  22  12   0   0   0  0.57 0.10
  243 S    1 -2  1  0 -2 -1 -1  1 -2  0 -2 -1 -2 -3  2  2  3 -4 -3 -1    9   0   6   5   0   0   0  10   0  10   0   0   0   0   8  20  31   0   0   0  0.37 0.09
  244 Q   -2  0 -1 -2 -4  6  0 -3  2 -3 -3  0 -1 -4  3 -1 -2 -3 -3 -1    0   0   0   0   0  74   0   0   5   0   0   0   0   0  14   0   0   0   0   7  1.10 0.19
  245 Q   -1  3 -1 -2 -3  4  0 -3 -1 -3 -3  0 -2 -4  1  1  2 -4 -3 -2    0  26   0   0   0  35   0   0   0   0   0   0   0   0   8  15  17   0   0   0  0.64 0.12
  246 L    1 -2 -3 -3 -2 -1 -2 -1 -3  1  3 -2  2  0 -3  0  0 -3 -2  0   16   0   0   0   0   3   0   6   0   8  49   0   7   2   0   5   4   0   0   0  0.29 0.07
  247 A    2 -2 -1 -2 -2 -1 -1  2  2 -2 -3 -1 -2 -3 -2  2  2 -4 -2 -1   30   0   0   0   0   0   0  23   7   0   0   0   0   0   0  18  18   0   0   3  0.44 0.08
  248 D    2 -2  2  4 -3  1  1  0  0 -3 -3 -1 -3 -4 -2  1 -1 -4 -3 -3   24   0  12  37   0   7   3   5   3   0   0   0   0   0   0  11   0   0   0   0  0.54 0.08
  249 W    0 -4 -4 -5 -3 -3 -4 -4 -3 -2 -3 -4 -2 -1 -4 -3 -3 10  0  0   14   0   0   0   0   0   0   0   0   0   0   0   0   0   0   0   0  76   0  10  2.39 0.25
  250 R   -2  5 -1 -2 -4  2 -1  2 -1  0 -2  1 -2 -3 -3 -1 -2 -3 -3 -2    0  51   0   0   0  10   0  22   0  14   0   0   0   0   0   0   0   0   0   0  0.60 0.11
  251 N    1  0  2 -1 -2  0 -1  1  3 -2 -2  1 -2 -2 -1  1  1 -3 -1 -2   13   1  13   1   0   1   1  13  13   1   1  13   0   0   1  13  13   0   0   1  0.28 0.07
  252 A    1 -2 -1 -2 -2 -1 -1  2 -2  1  0 -1  2 -2  1  1  1 -2 -2  0   10   1   1   1   0   1   1  17   0  10   7   1   9   1   6  14  10   0   1   8  0.15 0.05
  253 H   -1  1 -1 -2 -2  2 -1 -2  4  1 -1 -1  2 -2  2 -1 -1 -2 -1  0    1   8   1   1   0  16   1   1  22  15   2   1  11   1  11   1   1   0   1   6  0.32 0.11
  254 S    1  1 -1 -2 -2 -1 -1 -1 -2 -3 -3 -1 -2 -3  3  3  1 -4 -3 -2   10  12   0   0   0   0   0   0   0   0   1   0   0   0  19  45   9   0   0   0  0.61 0.11
  255 H   -2 -1  0 -2  3  2 -1 -2  7 -3 -3 -1 -2 -2 -2 -1 -2  4  0 -3    1   1   5   1  10  10   1   1  54   1   1   1   0   1   1   1   1   9   0   1  0.84 0.15
  256 G   -1  0  0 -2 -4 -2 -2  5 -2 -4 -4 -1 -3 -4 -3  1 -1 -4 -4 -4    0   8   4   0   0   0   0  72   0   0   0   0   0   0   0  15   0   0   0   0  1.04 0.15
  257 N   -1 -1  4  0 -3  1 -1  0 -1 -3 -3 -1 -2 -4 -2  3  1 -4 -3 -3    0   0  41   0   0  10   0   7   0   0   0   0   0   0   0  32  10   0   0   0  0.66 0.13
  258 Q   -2 -1 -1 -2 -5  4  0 -3  8 -4 -4 -1 -2 -3 -3 -2 -2 -3  0 -4    0   0   0   0   0  32   0   0  68   0   0   0   0   0   0   0   0   0   0   0  1.50 0.24
  259 Y   -2 -2  1 -2  1 -2 -2 -3  3 -2 -2 -2 -2  3 -3 -2 -2  1  6 -2    1   0  11   0   4   0   1   1   7   0   1   0   0   9   0   1   0   0  61   1  0.94 0.15
  260 S   -1 -2  4  3  2 -1 -1  1  1 -4 -4 -1 -3 -4 -3  1  0 -4 -3 -3    0   0  41  17   8   0   0  10   5   0   0   0   0   0   0  15   3   0   0   0  0.62 0.11
  261 T    0 -2 -1  1 -3 -2 -1  2 -2 -2 -3 -2 -2 -3  3  2  1 -4 -3  0    4   0   0   8   0   0   0  22   0   0   0   0   0   0  17  32   6   0   0  10  0.48 0.08
  262 I   -1 -3 -3 -4 -2 -2 -3 -4 -3  3  1 -3  3  1 -3 -2 -1 -2 -1  4    0   0   0   0   0   0   0   0   0  28   1   0  11   7   0   0   0   0   0  48  0.52 0.10
  263 M    0 -1  1 -2 -2  1 -1 -2 -2  1  0  0  5 -2 -2  1  0 -3 -2  0    5   0   7   0   0  11   0   0   0  14   2   6  37   0   0  12   5   0   0   0  0.29 0.10
  264 Q    0  0 -1 -2 -4  6  1 -3  1 -4 -3  0 -1 -4  3 -1 -2 -3 -3 -3    5   0   0   0   0  78   0   0   2   0   0   0   0   0  15   0   0   0   0   0  1.22 0.21
  265 Q   -2  0  2 -1 -4  6  1 -3  2 -3 -1  0 -1 -3 -2  0 -1 -3 -2 -3    0   0  11   0   0  71   0   0   5   0   7   0   0   0   0   4   0   0   0   0  0.95 0.18
  266 P   -2 -3 -2  3 -4 -2  0 -3 -3 -4 -4 -2 -4 -5  7 -2 -2 -5 -4 -4    0   0   0  25   0   0   6   0   0   0   0   0   0   0  69   0   0   0   0   0  1.92 0.19
  267 S    1 -1  0 -1 -2  1  0 -1  3 -2 -2 -1 -1 -2  0  3  2 -2 -1 -1   14   1   1   1   0   6   1   2  16   1   2   1   0   1   3  33  12   0   1   1  0.34 0.06
  268 L    0 -2 -2 -3 -2  0 -2  0 -2  1  3 -2  1  1 -2 -1  0 -2 -1  0    9   0   0   0   0   7   0  11   0   7  49   0   0   6   0   0   6   0   0   2  0.22 0.06
  269 L   -2 -2 -3 -4 -2  1 -2 -4 -3  1  4 -2  1  0 -3 -2 -2 -2 -2  1    1   0   0   0   0   9   0   1   0   0  75   0   0   0   0   0   0   0   0  11  0.58 0.11
  270 T    1 -2 -1 -2 -2 -1 -1  2 -2 -2 -2 -1 -2 -3 -2  2  4 -3 -3 -1    8   0   0   0   0   0   0  24   0   0   1   0   0   0   0  18  45   0   0   0  0.55 0.10
  271 N   -1  1  4 -1  4 -1 -2  3  1 -4 -4 -1 -3 -4 -3  1 -1 -4 -3 -3    0  10  30   0  14   0   0  28   5   0   0   0   0   0   0  13   0   0   0   0  0.55 0.10
  272 H    0  0 -1 -2 -3  4  0 -2  6 -3 -3 -1 -2 -2  1 -1 -2 -3  0 -3    8   1   0   1   0  30   1   1  47   1   1   1   0   0   7   1   1   0   0   1  0.86 0.15
  273 V    0 -2 -2 -2 -2 -1 -2  0 -2  2  0 -2  3 -1 -2 -1  1 -2 -2  2    6   1   1   1   0   1   1   8   0  15   1   1  19   1   1   1  14   0   0  28  0.22 0.06
  274 T    1  1 -1 -1 -2  1 -1 -1 -1 -1 -1  0 -1 -2  1  1  3 -2 -2  0   10   8   1   1   0   8   1   2   1   1   2   1   1   1   6   4  43   0   1   7  0.32 0.06
  275 L    0 -2 -2 -3 -2 -2 -2 -3 -2  1  3 -2  2  0  1 -2 -1 -2 -2  0    7   1   1   1   0   1   1   1   0   1  63   1   8   1   8   1   1   0   1   1  0.41 0.08
  276 A    2 -1  2 -1 -2 -1 -1 -1 -1 -2 -2 -1 -2 -3  3  3  0 -3 -2 -2   30   1  11   1   0   1   1   1   0   1   1   1   0   1  18  30   1   0   0   1  0.53 0.08
  277 T    3 -2 -1 -2 -2  0 -1  0 -2 -2  0 -1 -1 -2  2  1  2 -3 -2 -1   40   0   0   0   0   5   0   5   0   0   9   0   0   0  11   5  21   0   0   0  0.37 0.08
  278 A    1 -2  0 -2 -2 -1 -1 -2  3 -1 -2 -1  0  0  4  0  2 -3 -1  0   16   0   4   0   0   0   0   0  14   0   0   0   4   5  24   4  22   0   0   7  0.48 0.09
  279 Q   -2  0 -1 -2 -4  6  1 -3  3 -4 -3  0 -1 -4 -2 -1  0 -3 -2 -3    0   0   0   0   0  84   0   0   7   0   0   0   0   0   0   2   7   0   0   0  1.27 0.23
  280 P   -1 -2  2 -2 -3  1 -1 -3 -1 -3 -3 -1 -3 -3  6  1  1 -3  1 -3    0   0  13   0   0   8   0   0   0   0   0   0   0   0  53  11   9   0   7   0  1.22 0.12
  281 L   -2 -2 -3 -4 -2 -2 -3 -4  4  2  3 -3  1 -1 -3 -3 -2 -3 -1  2    0   0   0   0   0   0   0   0  19  22  47   0   0   0   0   0   0   0   0  13  0.48 0.09
  282 N    0 -1  5  0 -3 -1 -1  1 -1 -4 -4 -1 -3 -4 -2  3  0 -4 -3 -3    0   0  48   0   0   0   0   8   0   0   0   0   0   0   0  44   0   0   0   0  0.82 0.13
  283 V    0  1 -2 -3 -2 -1 -2 -3 -2  2  0 -1  1 -2 -2  2  0 -3 -2  3    0  11   0   0   0   0   0   0   0  15   0   0   5   0   0  32   0   0   0  37  0.31 0.08
  284 G   -1 -3 -1 -2 -4 -3 -3  6 -3 -5 -5 -2 -4 -4  2 -1 -2 -4 -4 -4    0   0   0   0   0   0   0  90   0   0   0   0   0   0  10   0   0   0   0   0  1.44 0.14
  285 V    2 -2 -2 -3 -1 -2 -2 -2 -3  2  0 -2  0 -2 -2  0  2 -3 -2  2   34   0   0   0   0   0   0   0   0  27   0   0   0   0   0   0  17   0   0  22  0.35 0.07
  286 A    4 -2 -2 -2 -2  1 -1  1 -2 -2 -2 -1 -2 -3 -1  1  0 -4 -3 -1   68   0   0   0   0  10   0   8   0   0   0   0   0   0   0   9   5   0   0   0  0.57 0.10
  287 H   -2 -1  1 -2 -4  0 -1 -3  7 -2  0 -2 -2 -2 -3 -1  0 -3  0 -1    0   0   7   0   0   0   0   0  69   0  10   0   0   0   0   0   9   0   0   4  1.00 0.15
  288 V    1 -3 -3 -3 -2 -2 -2 -3 -3  2  0 -2  0 -2 -2 -1  1 -3 -2  4   11   0   0   0   0   0   0   1   0   0   1   0   0   0   0   0   9   0   0  75  0.50 0.10
  289 V   -1  1 -2 -3 -2 -1 -2 -3 -2  1  0 -1  3  1 -2  0  1 -2 -1  2    1  12   0   0   0   0   1   1   0   0   1   0  16  11   0   8  14   0   0  34  0.20 0.06
  290 R   -1  4 -1 -2 -3  0 -1 -2 -1 -3 -3  0 -2 -2 -2  2 -1  7 -1 -3    1  43   0   0   0   0   1   1   0   0   1   0   0   0   0  23   0  27   0   1  0.88 0.11
  291 Q    0  1 -1 -2 -3  4  0 -2 -1 -3 -3  0 -2 -4  4  1  1 -4 -3 -2    7   8   0   0   0  33   0   0   0   0   0   0   0   0  28  13  10   0   0   0  0.77 0.09
  292 Q   -2  2 -1 -2 -4  6  1 -3  0 -4 -3  0 -1 -4  3 -1 -2 -3 -3 -3    0  11   0   0   0  74   0   0   0   0   0   0   0   0  16   0   0   0   0   0  1.13 0.15
  293 Q   -1 -1  0 -1 -2  3  0 -2 -1  0 -2  0 -1 -2  5  0  0 -3 -2 -1    2   1   6   1   0  25   3   1   0  12   2   1   0   1  36   4   3   0   1   1  0.70 0.06
  294 S    2 -1 -1 -1 -1 -1 -1 -1 -1 -1 -1  0 -1 -2 -1  2  2 -2 -2  0   26   1   1   1   0   1   1   1   0   1   2   6   0   1   1  28  16   0   1  10  0.29 0.04
  295 S    1  0  0 -1 -2 -1 -1  2 -1 -2 -2  0 -1 -2 -1  2  1 -2 -2 -1   18   6   4   1   1   1   2  17   1   1   2   2   1   1   1  29  10   0   1   2  0.27 0.03
  296 S    1  0  1 -1 -1  0  0  1 -1 -1 -1  1 -1 -1 -1  1  1 -2 -1  0    9   2   8   2   1   2   3  14   1   2   4  11   1   2   2  18   8   1   1  10  0.12 0.01
  297 L    0  2  0 -1 -1  0  0 -1 -1  0  1  1  0 -1 -1  0  1 -1 -1  0    3  13   5   2   1   2   3   3   1   2  21  14   1   2   2   5  13   1   1   5  0.09 0.01
  298 P    0  1  2  0 -2  0  0 -1 -1 -2 -1  1 -1 -2  3  1  0 -2 -1 -1    3  12  12   2   1   2   3   3   1   2   4   7   1   2  19  18   3   1   1   3  0.32 0.02
  299 S    1 -1  2 -1 -2  0 -1 -1  0 -2 -2  1 -1 -2 -1  2  2 -3 -2 -1    9   1  13   1   0   1   1   1   2   1   2  10   0   1   1  29  22   0   1   3  0.31 0.04
  300 K    0  2 -1 -1 -3  0  0  1 -1 -3 -3  4 -2 -3 -2  0 -1 -3 -2 -2    9  11   0   0   0   0   1  12   0   0   1  58   0   0   0   5   0   0   0   1  0.56 0.09
  301 K   -1  4 -1 -1 -3  3  0 -2  0 -3 -3  4 -1 -3 -2 -1 -1 -3 -2 -3    1  28   0   1   0  22   1   1   0   0   1  42   0   0   0   1   1   0   0   1  0.73 0.09
  302 N   -1  2  4  0 -3  0 -1 -2  4 -4 -3  2 -2 -3 -2  2  0 -4 -1 -3    0  12  31   0   0   0   0   0  21   0   0  13   0   0   0  22   0   0   0   0  0.60 0.09
  303 K    0  2 -1 -2 -3  2  0 -2 -1 -2 -2  3 -1 -3 -2  1  1 -4 -2  0    9  12   0   0   0  12   0   0   0   0   0  36   0   0   0  12   8   0   0  10  0.40 0.06
  304 Q   -1  2 -1 -1 -3  3  1 -2  2 -2 -3  2 -2 -3 -2  1  1 -4 -2 -1    0  10   0   0   0  23  10   0   9   0   0  19   0   0   0  12  10   0   0   6  0.45 0.09
  305 S    1 -2 -1 -2  3  1 -1  2  3 -3 -3 -1 -2 -3  0  3  0 -4 -2 -3    7   0   0   0   9   9   0  16  11   0   0   0   0   0   4  44   0   0   0   0  0.47 0.11
  306 A    2  2 -1 -2  3  0 -1 -1  3 -2 -2  1 -2 -3 -2  1 -1 -3 -1 -2   27  20   0   0   9   0   1   1  13   0   1   8   0   0   0  16   1   0   0   1  0.35 0.09
  307 P   -1 -1 -1  1 -3  2 -1 -3  4  0 -1 -1 -1 -2  5  0 -1 -3 -1 -2    1   0   0   9   0  13   1   1  18   8   6   1   0   0  33   8   1   0   0   1  0.67 0.11
  308 V    1  0 -2 -2  2  1 -1 -2 -2  0  0 -1  1 -2 -2  0  1 -3 -2  2   18   5   0   0   8  10   1   1   0   0   7   1   7   0   0   6   9   0   0  25  0.15 0.06
  309 S   -1  3  2  2  2  1  0  1 -1 -3 -3  0 -2 -3 -2  1  0 -3 -3 -2    1  23  13  12   8   7   1   9   0   0   1   1   0   0   0  17   6   0   0   1  0.32 0.07
  310 S    1  1  3  1 -2 -1 -1 -1 -1 -3 -3 -1 -2 -3 -2  3  1 -3 -2 -2   11   8  19   8   0   0   1   1   0   0   1   1   0   0   0  41   7   0   0   1  0.46 0.10
  311 K   -1  3 -1 -2 -3  0 -1 -3 -1  0 -2  3 -1 -2 -2  0  1 -2  1  1    0  28   0   0   0   0   0   0   0   5   0  25   0   0   0   9   8   0   8  13  0.35 0.09
  312 S    2  1 -1 -2 -2 -1 -1 -1 -2 -3 -3 -1 -2 -3  1  4  0 -4 -3 -2   21  10   0   0   0   0   0   0   0   0   0   0   0   0   5  64   0   0   0   0  0.73 0.18
  313 S    2  2  1 -2 -2 -1 -1 -2 -2 -2 -2  0 -2 -3  1  2  1 -4 -3  0   20  21   7   0   0   0   0   0   0   0   0   0   0   0   8  23  12   0   0  10  0.36 0.09
  314 L   -2 -2 -3 -3  4 -2 -3 -3 -1 -1  2  0  0  1 -3 -2 -2 -1  4 -1    1   0   0   0  15   0   0   1   0   0  36  10   0   0   0   1   0   0  32   1  0.48 0.13
  315 E   -1 -1 -1  1 -3  1  4  1  3 -3 -3  1 -2 -3 -2 -1 -1 -3 -2 -3    1   1   1   8   0   1  49  10  12   1   1   9   0   1   1   1   1   0   1   1  0.58 0.11
  316 V    0 -2  1 -2 -2 -2 -2 -2 -2  2  0 -2  0 -2 -2  0  1 -3 -2  3    4   1  11   1   0   1   1   1   0   8   1   1   0   1   1   7   7   0   1  53  0.30 0.09
  317 L    1 -2  1 -1  3 -1 -1 -2 -2  0  0 -1  1 -2 -2  2  2 -3 -2  0   13   1  10   1   9   0   1   1   0   1  11   1   6   0   1  17  18   0   0   9  0.19 0.05
  318 P    0 -2 -1 -2 -3 -1 -1  1 -2 -3 -3 -1 -2  1  5  3  0 -3 -2 -2    1   1   0   1   0   0   1   9   0   1   1   1   0  10  36  37   1   0   0   1  0.83 0.12
  319 S    0 -2 -1 -1 -2 -1 -1 -2 -2  0 -2 -1 -2 -2  2  4  2 -3 -2 -1    1   1   0   1   0   0   1   1   0  10   1   1   0   0  11  59  13   0   0   1  0.57 0.13
  320 Q   -1  2 -1 -2 -3  5  0 -3  0 -2 -2  0 -1 -3  2 -1 -1 -3 -2  0    1  11   0   1   0  58   1   1   0   1   1   1   0   0  10   1   1   0   0  13  0.74 0.16
  321 V    2 -2 -2 -3  3 -2 -2 -2 -2  1  0 -2  2 -2 -2  0  1 -3 -2  3   22   1   0   1  11   0   1   1   0   1   1   1  10   0   1   1  13   0   0  36  0.27 0.08
  322 Y   -1 -2 -2 -2 -2 -1 -2 -3  3  1  1 -2  0  2  1 -2 -1 -1  3  1    1   1   1   1   0   1   1   1  12  15  14   1   0   8   9   1   1   0  21   9  0.25 0.03
  323 S    2 -1  0 -1 -2 -1 -1 -1 -2 -2 -1 -1 -1 -2 -1  4  1 -3 -2 -2   17   0   0   0   0   0   0   1   0   0   9   0   0   0   0  68   0   0   0   0  0.57 0.09
  324 L    1 -2 -1 -2 -1 -1 -1 -2 -2  1  2 -1  2 -1 -1  1  0 -2 -1  1    9   1   1   1   0   1   1   1   0   1  31   1   8   1   1  22   1   0   1  17  0.17 0.03
  325 V   -1 -1 -2 -2  2 -1 -2 -2 -2  1  0  0  0  0  1 -1 -1  5 -1  2    2   1   1   1   8   1   1   1   0  13   2   8   0   4   9   1   1  13   1  30  0.26 0.04
  326 G    0  0 -1 -1 -3  1  0  3  3 -2 -1 -1 -1  1 -2 -1 -1 -2 -1 -2    7   4   1   1   0   9   8  31  16   1   9   1   0   8   1   1   1   0   0   1  0.26 0.03
  327 S    0  1  2 -1 -2 -1 -1 -1 -1 -3 -3  0 -2 -3 -2  4  1 -3 -2 -2    0   9  12   0   0   0   0   0   0   0   1   0   0   0   0  66   8   0   0   0  0.63 0.09
  328 S    0 -1  2 -1 -2  1 -1 -1 -1 -2 -2 -1 -2  0 -2  4  2 -3 -2 -2    0   0  13   0   0   8   0   0   0   0   1   0   0   6   0  53  16   0   0   0  0.49 0.07
  329 P    0 -2 -2 -2 -3 -2 -2 -3 -2 -2 -2  0 -2  3  6 -1 -2 -3 -1 -2    8   0   0   0   0   0   0   0   0   0   1   9   0  21  58   0   0   0   0   0  1.31 0.09
  330 L    1  1 -1 -2 -2 -1 -1 -2 -2  0  1 -1  2 -1  1  1  0 -2 -2  0   18   9   1   1   0   1   1   1   0   1  26   1   8   1   8  14   1   0   1   5  0.15 0.02
  331 R    0  3 -1 -2  4  2 -1 -2  1 -1 -2  0 -1 -2 -2 -1 -1  4 -1  0   10  25   1   1  16  14   1   1   4   1   2   1   0   1   1   1   1   8   1   9  0.28 0.04
  332 T    1 -1  0 -1  2 -1 -1 -1 -1 -1 -2 -1 -1 -2 -1  2  3 -3 -2 -1    9   1   5   1   8   1   1   1   0   1   2   1   0   1   1  26  39   0   1   1  0.38 0.05
  333 T    1 -1  0 -1 -1 -1 -1  1 -1 -2 -2 -1 -1 -2 -1  3  3 -3 -2 -1    9   1   1   1   0   1   1   9   0   1   2   1   0   1   1  30  37   0   1   1  0.41 0.05
  334 S    0 -1  2 -1 -2  0 -1 -1  2 -2 -2 -1  1 -2 -1  3  1 -3 -1 -2    1   1  13   1   0   1   1   1   8   1   1   1   8   1   1  52   9   0   0   1  0.43 0.06
  335 S    1 -1  0  1 -2 -1 -1 -1 -2  1 -1 -1 -1 -2 -1  3  1 -3 -2  0    8   1   1  10   0   1   1   1   0  13   1   1   0   1   1  43   9   0   0   8  0.28 0.05
  336 Y   -1 -1 -1 -2 -3  3  0  0  4 -2 -2 -1 -1  1 -2  0  0 -1  4 -2    1   1   1   1   0  22   1  10  16   1   1   1   0   7   1   5   8   0  24   1  0.35 0.05
  337 N    0 -1  4  2  2 -1 -1 -1 -1 -2 -2 -1 -2 -2 -1  2  0 -3 -2 -2   10   1  41   9   8   1   1   1   0   1   2   1   0   1   1  17   1   0   1   1  0.43 0.05
  338 S    1 -1  0 -1 -1  0  0  1  2 -2 -2 -1 -1 -2 -1  3  2 -2 -1 -1   10   2   1   2   1   1   2  10   9   2   3   2   1   1   2  35  14   0   1   2  0.26 0.03
  339 L   -1 -2 -1 -2 -2 -1 -2 -2  2  0  2 -1  0 -1  1  1 -1  3 -1 -1    2   1   1   1   0   1   1   1   9   1  43   1   0   1   8  18   1   7   1   1  0.23 0.04
  340 V    0 -1 -1 -2 -2  1 -1  0 -1  0  0 -1  0  1 -1  0  2 -2 -1  1    9   1   1   1   0   9   1   9   0   1   9   1   0   9   1   1  23   0   1  22  0.11 0.03
  341 P    0 -1 -1  1 -2 -1 -1 -2  2 -2 -2 -1 -2 -2  4  1  2 -3 -2 -2    6   1   1   8   0   1   1   1   9   1   2   1   0   1  29  14  21   0   1   1  0.58 0.04
  342 V    0  1 -1 -1 -1 -1 -1 -2  2  0  0 -1  0 -1 -1  1  1 -2 -1  2    2  10   1   2   1   1   2   2   9   1   9   2   1   1   2  15   9   0   1  30  0.10 0.02
  343 Q   -1  1  1  0 -3  4  2  2  0 -3 -3  0 -1 -3  1  0 -1 -3 -2 -2    1   9   7   1   0  34  17  18   0   1   1   1   0   0   8   1   1   0   0   1  0.46 0.02
  344 D   -1  2  2  4 -4  0  3 -2 -1 -3 -3  0 -2 -3 -2 -1 -1 -4 -3 -3    1  19   9  38   0   0  27   1   0   0   1   1   0   0   1   1   1   0   0   1  0.65 0.02
  345 Q   -1  2 -1 -1 -3  5  1 -2  0 -3 -2  1 -1 -3  2 -1 -1 -3 -2 -2    1  15   0   0   0  65   1   1   0   0   1   1   0   0  12   1   1   0   0   1  0.80 0.04
  346 H   -1  4  0 -1 -3  2  0 -2  4 -3 -3  1 -2 -2 -2  1 -1 -3 -1 -2    1  37   0   0   0  15   1   1  20   0   1   1   0   0   0  21   1   0   0   1  0.52 0.03
  347 Q   -1  1  0 -1 -3  6  1 -3  0 -3 -3  1 -1 -3 -2 -1 -1 -3 -2 -3    0   6   0   0   0  90   0   0   0   0   0   0   0   0   0   0   0   0   0   0  1.10 0.07
  348 P    1 -2 -1 -2 -2  0 -1 -2 -2 -2 -2 -1 -2 -3  5  0  3 -4 -3 -1   16   0   0   0   0   5   0   0   0   0   0   0   0   0  43   0  33   0   0   0  0.99 0.04
  349 I   -2 -3 -3 -4 -2 -3 -3 -4 -3  4  1 -3  3 -1 -3 -2  0 -3 -2  2    0   0   0   0   0   0   0   0   0  78   0   0  16   0   0   0   5   0   0   0  0.58 0.05
  350 I   -1 -3 -3 -4 -2 -3 -3 -4 -4  4  1 -3  1 -1 -3 -2  0 -3 -2  3    0   0   0   0   0   0   0   0   0  50   0   0   0   0   0   0   6   0   0  44  0.54 0.04
  351 I   -2 -4 -4 -4 -2 -3 -4 -5 -4  5  1 -3  1 -1 -4 -3 -1 -3 -2  2    0   0   0   0   0   0   0   0   0  95   0   0   0   0   0   0   0   0   0   5  0.74 0.06
  352 P    0 -2 -1 -1 -3 -1  0 -2 -2 -3 -3 -1 -3 -4  6  3  0 -4 -3 -3    0   0   0   0   0   0   6   0   0   0   0   0   0   0  48  45   0   0   0   0  1.23 0.05
  353 D   -2 -2  1  6 -4 -1  1 -2 -2 -4 -5 -1 -4 -4 -2 -1 -2 -6 -4 -4    0   0   0 100   0   0   0   0   0   0   0   0   0   0   0   0   0   0   0   0  1.52 0.07
  354 T   -1 -2 -1 -2 -2 -1 -2 -2 -2 -1  1 -1  0 -2 -2  1  5 -3 -2  0    0   0   0   0   0   0   0   0   0   0  16   0   0   0   0   0  84   0   0   0  0.70 0.06
  355 P   -1 -3 -3 -3 -3 -2 -2 -3 -3 -2 -2 -2 -2 -4  7 -2 -2 -5 -4  1    0   0   0   0   0   0   0   0   0   0   0   0   0   0  84   0   0   0   0  16  2.12 0.07
  356 S    1 -1  0 -1 -2 -1 -1 -1 -1 -3 -3 -1 -2 -3 -1  5  1 -4 -2 -2    0   0   0   0   0   0   0   0   0   0   0   0   0   0   0 100   0   0   0   0  0.91 0.07
  357 P   -1 -3 -3 -3 -4 -2 -2 -3 -3 -4 -4 -2 -3 -4  7 -2 -2 -5 -4 -3    0   0   0   0   0   0   0   0   0   0   0   0   0   0 100   0   0   0   0   0  2.77 0.08
  358 P    3 -2 -1 -2 -2 -1 -1 -1 -2 -2 -2 -1 -1 -3  3  1  3 -4 -3 -1   48   0   0   0   0   0   0   0   0   0   0   0   0   0  16   0  36   0   0   0  0.61 0.04
  359 V    1 -3 -3 -4 -1 -2 -3 -3 -3  2  0 -3  0 -2 -2 -1 -1 -3 -2  4   16   0   0   0   0   0   0   0   0   0   0   0   0   0   0   0   0   0   0  84  0.53 0.05
  360 S    1 -1  0 -1 -2 -1 -1 -1 -1 -3 -3 -1 -2 -3 -1  5  1 -4 -2 -2    0   0   0   0   0   0   0   0   0   0   0   0   0   0   0 100   0   0   0   0  0.91 0.07
  361 V   -1 -3 -4 -4 -2 -3 -3 -4 -4  3  1 -3  1 -1 -3 -2 -1 -3 -2  4    0   0   0   0   0   0   0   0   0  35   0   0   0   0   0   0   0   0   0  65  0.61 0.04
  362 I   -2 -4 -4 -4 -2 -3 -4 -5 -4  5  1 -3  1 -1 -4 -3 -1 -3 -2  2    0   0   0   0   0   0   0   0   0 100   0   0   0   0   0   0   0   0   0   0  0.77 0.06
  363 T    0 -2  0 -2 -2 -1 -1 -2 -2 -1 -2 -1 -1 -3 -2  2  5 -4 -2 -1    0   0   0   0   0   0   0   0   0   0   0   0   0   0   0  16  84   0   0   0  0.82 0.06
  364 I   -2 -4 -4 -4 -2 -3 -4 -5 -4  5  1 -3  1 -1 -4 -3 -1 -3 -2  2    0   0   0   0   0   0   0   0   0 100   0   0   0   0   0   0   0   0   0   0  0.77 0.06
  365 R    0  2  0 -1 -2  0 -1 -1  4 -3 -3  0 -2 -2  1  3  0 -3 -1 -2    1  14   0   0   0   3   0   0  24   0   1   0   0   0   6  49   0   0   0   0  0.49 0.04
  366 S    1 -1  0 -1 -2 -1 -1 -1 -1 -3 -3 -1 -2 -3 -1  5  1 -4 -2 -2    0   0   0   0   0   0   0   0   0   0   0   0   0   0   0 100   0   0   0   0  0.91 0.07
  367 D   -2 -2  1  6 -4 -1  1 -2 -2 -4 -5 -1 -4 -4 -2 -1 -2 -6 -4 -4    0   0   0 100   0   0   0   0   0   0   0   0   0   0   0   0   0   0   0   0  1.52 0.07
  368 T    0 -1  0 -1 -2  0  2 -2 -1 -2 -2 -1 -1 -3 -2  3  4 -4 -2 -1    0   0   0   0   0   0  16   0   0   0   0   0   0   0   0  30  54   0   0   0  0.61 0.04
  369 D    1 -1  0  5 -3  0  3 -2 -1 -3 -3 -1 -3 -3 -2  0 -1 -4 -3 -3   17   0   0  52   0   0  26   0   0   0   1   0   0   0   0   0   0   0   0   0  0.77 0.04
  370 E   -1 -1  0  4 -4  1  4 -2 -1 -3 -3  0 -3 -4 -2 -1 -1 -4 -3 -3    0   0   0  33   0   0  59   0   0   0   1   0   0   0   0   0   3   0   0   0  0.90 0.04
  371 E   -1 -1 -1  1 -5  1  5  1 -1 -4 -4  0 -3 -4 -2 -1 -1 -4 -3 -3    0   0   0   4   0   0  80  16   0   0   0   0   0   0   0   0   0   0   0   0  0.94 0.05
  372 E    1 -1  0  4 -3  0  3  0 -1 -3 -3 -1 -3 -4 -2  0  0 -4 -3 -2   16   0   0  32   0   0  39   6   0   0   0   0   0   0   0   0   6   0   0   0  0.63 0.03
  373 D   -2 -1  0  4 -4  2  4 -2 -1 -4 -4  0 -2 -4  1 -1 -1 -4 -3 -3    0   0   0  38   0  16  39   0   0   0   0   0   0   0   6   0   0   0   0   0  0.86 0.04
  374 N    0  3  2  1 -3  3  0  0  2 -3 -3  1 -2 -3 -2  0  1 -3 -2 -2    6  27  14   6   0  21   0   9   6   0   0   0   0   0   0   3  10   0   0   0  0.40 0.02
  375 K   -1  2  0 -1 -4  2  0 -2  3 -3 -3  5 -2 -3 -2 -1 -1 -4 -1 -3    0   0   0   0   0   6   0   0  16   0   0  78   0   0   0   0   0   0   0   0  0.83 0.06
  376 Y    0 -1 -1 -2 -2 -1 -1 -2  4 -1 -1  0 -1  2 -2  1 -1 -1  3  0    5   1   1   1   0   1   1   1  19   1   1   7   0  14   1  17   1   0  17  12  0.22 0.02
  377 E    1  0 -1 -2 -2  2  0 -2  2 -1 -1  1  1 -2  1  1  0 -3 -2  1   16   0   0   0   0  14   2   0  11   0   0  14   6   0   5  13   0   0   0  18  0.20 0.02
  378 P    1 -2  2 -1 -3 -1 -1  2 -2 -3 -3 -1 -3 -4  6  0  0 -4 -3 -3   11   0  15   0   0   0   0  16   0   0   0   3   0   0  49   3   4   0   0   0  1.09 0.04
  379 N    1 -1  3  2 -2 -1  0 -1 -1 -2 -2  0 -2 -3  0  1  2 -3 -2 -2   19   1  24  18   0   1   1   1   0   1   1   3   0   0   4   8  17   0   0   1  0.36 0.03
  380 S    0  0 -1 -1  2 -1 -1  0 -2 -1 -1 -1  2 -2 -2  3  1 -3 -2 -1    1   6   1   1   9   1   1   8   0   1   1   1  18   0   1  45   5   0   0   1  0.29 0.04
  381 S    1 -1  1 -1  1 -1 -1 -1 -1 -2 -1 -1 -1 -2 -2  4  2 -3 -2 -1    4   0   5   0   5   0   0   0   0   0   6   0   0   0   0  58  15   0   0   3  0.45 0.05
  382 S    0 -2 -1 -1 -3 -1  2  3  1 -1 -1 -1 -1 -2  0  1 -1 -3 -2  0    1   0   0   0   0   0  18  31   5   0   8   0   0   0   3  20   0   0   0  11  0.27 0.03
  383 L    0  0  0  2 -2 -1 -1 -2 -2 -1  0 -1  0 -2  1  2  2 -3 -2 -1    6   6   0  18   0   0   1   1   0   0  17   1   3   0   6  20  16   0   0   3  0.19 0.02
  384 K   -1  1  1  0 -3  1  3 -2 -1 -3 -3  3 -2 -3 -1  1  0 -3 -2 -3    1   5   9   0   0   0  24   0   0   0   1  41   0   0   0  17   0   0   0   0  0.52 0.04
  385 A    2  0 -1 -2 -3  4  1 -2  4 -3 -2  0 -1 -2  0  0 -1 -3  1 -2   31   0   0   0   0  38   3   0  17   0   3   0   0   0   4   0   0   0   4   0  0.49 0.06
  386 R   -2  6 -1 -1 -4  1  2 -3 -1 -4 -3  2 -2 -4 -2 -1 -2 -4 -3 -3    0  78   0   0   0   0  18   0   0   0   0   4   0   0   0   0   0   0   0   0  1.07 0.08
  387 S    1  1  0 -1 -2  0 -1 -2 -1 -2 -3  3 -2 -3 -2  3  3 -4 -2 -2    6   3   0   0   0   0   0   0   0   0   0  32   0   0   0  34  26   0   0   0  0.50 0.05
  388 N   -2 -1  6  0 -4 -1 -1  2  0 -4 -4 -1 -3 -4 -3  0 -1 -4 -3 -4    0   0  82   0   0   0   0  18   0   0   0   0   0   0   0   0   0   0   0   0  1.13 0.09
  389 V   -1 -3 -4 -4  4 -3 -3 -4 -4  2  0 -3  0 -2 -3 -2 -1 -3 -2  4    0   0   0   0  18   0   0   0   0   0   0   0   0   0   0   0   0   0   0  82  0.68 0.08
  390 I   -1 -2 -3 -3 -2 -2 -3 -3 -3  5  1 -2  1 -1 -2 -2 -1 -2 -2  2    1   1   1   1   0   1   1   1   0  83   2   1   0   1   1   1   1   0   1   1  0.52 0.06
  391 S    1 -1  0 -1 -2 -1 -1 -1 -1 -2 -2 -1 -2 -2 -1  4  1 -3 -2 -2    1   1   1   1   0   1   1   1   0   1   2   1   0   1   1  83   1   0   1   1  0.68 0.06
  392 Y   -1 -3 -2 -3  7 -2 -3 -3 -1 -1 -1 -3 -2  1 -2 -1 -1 -1  3 -1    1   1   1   1  55   1   1   1   0   1   2   1   0   7   1   1   1   0  22   1  0.78 0.06
  393 V   -1 -3 -2  2 -2 -2 -2 -4 -3  2  0 -3  0  1 -3 -2 -1 -3 -2  4    0   0   0  18   0   0   0   0   0   0   5   0   0   7   0   0   0   0   0  71  0.42 0.06
  394 T   -1 -2 -1  0 -2 -1 -1 -2 -2 -2 -2 -1 -1 -3 -2  1  5 -4 -3 -1    0   0   0   7   0   0   0   0   0   0   0   0   0   0   0   0  93   0   0   0  0.94 0.10
  395 V   -1 -3 -4 -4 -2 -3 -3 -4 -4  2  0 -3  0 -1 -3 -2 -1 -3 -2  5    0   0   0   0   0   0   0   0   0   7   0   0   0   0   0   0   0   0   0  93  0.75 0.08
  396 N   -2 -1  3  2 -4  0  0  0  6 -4 -4  0 -3 -3 -3 -1 -2 -4  0 -4    0   0  17  18   0   0   0   6  51   0   0   8   0   0   0   0   0   0   0   0  0.80 0.07
  397 D   -1 -2  1  5 -3 -1  1 -1 -1 -3 -3 -1 -3 -3 -2  2 -1 -4 -3 -3    1   1   1  70   0   1   1   1   0   1   1   1   0   0   1  20   1   0   0   1  0.89 0.05
  398 S    1 -1  0 -1 -2 -1 -1 -1 -1 -2 -2 -1 -2 -2 -1  5  1 -3 -2 -2    1   1   1   1   0   1   1   1   0   1   1   1   0   0   1  89   1   0   0   1  0.74 0.06
  399 P   -1 -2 -2  1 -3  1 -1 -2 -2 -3 -3 -1 -2 -3  7 -1 -1 -4 -3 -2    1   1   1   9   0   9   1   1   0   1   1   1   0   0  72   1   1   0   0   1  1.73 0.05
  400 D   -2 -2  1  4 -4 -1  1 -2 -1 -2 -3 -1 -3 -1  3 -1 -2 -2  2 -3    0   0   8  46   0   0   7   0   0   4   0   0   0   0  19   0   0   0  15   0  0.73 0.04
  401 S    1 -1  0 -1 -2  0  1 -1 -1 -3 -3 -1 -2 -3 -2  5  1 -4 -2 -2    0   0   0   0   0   0   8   0   0   0   0   0   0   0   0  92   0   0   0   0  0.83 0.07
  402 D   -2 -2  3  6 -4 -1  1 -2 -1 -4 -5 -1 -4 -4 -3 -1 -1 -5 -4 -4    0   0  19  81   0   0   0   0   0   0   0   0   0   0   0   0   0   0   0   0  1.28 0.07
  403 S    1  1  0 -1  1  0 -1 -1 -1 -2 -2  0 -2 -2 -1  4  1 -3 -2 -2    2   9   1   1   4   1   1   1   0   1   2   1   0   1   1  70   1   0   1   1  0.49 0.04
  404 S    1 -1  0 -1 -1  0 -1 -1 -1 -2 -2 -1 -2 -2 -1  4  2 -3 -2 -1    2   1   1   1   0   1   1   1   0   1   2   1   0   1   1  74  10   0   1   1  0.57 0.04
  405 L    0 -1  1 -1 -2 -1 -1 -1  2 -1  1 -1  0 -1 -1  2  2 -2 -1 -1    2   1   6   1   0   1   1   2   9   1  22   1   0   1   1  25  23   0   1   1  0.20 0.01
  406 S    2  0  3 -1  2 -1 -1 -1 -1 -2 -2 -1 -2 -3 -2  2  2 -4 -2 -1   25   3  23   0   9   0   0   0   0   0   0   0   0   0   0  14  26   0   0   0  0.39 0.03
  407 S    1 -1  0 -1 -2 -1 -1 -1 -1 -3 -3 -1 -2 -3 -1  5  1 -4 -2 -2    0   0   0   0   0   0   0   0   0   0   0   0   0   0   0 100   0   0   0   0  0.90 0.07
  408 P   -1 -3 -2 -2 -4 -2 -2  2 -3 -4 -4 -2 -3 -4  7 -1 -2 -5 -4 -3    0   0   0   0   0   0   0  21   0   0   0   0   0   0  79   0   0   0   0   0  2.07 0.06
  409 H   -2 -2 -2 -3 -3 -1 -2 -4  5 -2  0 -2 -1  2 -3 -2 -2  1  6 -2    0   0   0   0   0   0   0   0  28   0  12   0   0   0   0   0   0   0  60   0  0.93 0.06
  410 S    1 -1  3  1 -2 -1 -1 -1 -1 -3 -3 -1 -2 -3  0  3  1 -4 -2 -2   14   0  21   4   0   0   0   0   0   0   0   0   0   0   3  49   8   0   0   0  0.52 0.03
  411 T    1 -2 -1 -2 -2 -1 -2 -2 -2  0  0 -2  0 -2  2  2  2 -3 -2  2    9   0   0   0   0   0   0   0   0   0  10   0   0   0  12  21  20   0   0  28  0.31 0.02
  412 D   -1  0  0  3 -3  3  2 -2 -1 -3 -3  1 -2 -3 -2  2  0 -4 -3 -3    0   0   0  24   0  18  20   0   0   0   0  12   0   0   0  26   0   0   0   0  0.56 0.03
  413 T    0  1 -1 -1 -2  2  0 -2  2 -2 -2  0 -1 -2  4  1  2 -3 -2 -2    1  13   1   1   0  12   1   1   7   1   1   1   0   1  26  11  21   0   0   1  0.54 0.02
  414 L   -1  2 -1 -2 -2 -1 -1 -2 -1  0  1  0  0  3 -2 -1 -1 -1  0 -1    2  26   1   1   0   1   2   2   1   1  27   1   1  26   1   2   1   0   1   2  0.20 0.01
  415 S    2 -2 -1 -2 -2 -1 -1  0 -2  0 -2 -1 -2 -3  3  3  1 -4 -3 -1   28   0   0   0   0   0   0   6   0   9   0   0   0   0  17  32   7   0   0   0  0.51 0.11
  416 A    1  1 -1 -1 -3  0  2  3  3 -4 -3 -1 -3 -3 -2 -1  0 -4 -2 -3   17  10   0   0   0   0  17  35  16   0   0   0   0   0   0   0   6   0   0   0  0.50 0.11
  417 L   -2  1  1 -2 -3  2 -1 -3  5 -1  1 -1  0 -2 -2 -1  0 -3 -1 -2    1   7  10   0   0  15   0   0  29   0  27   0   0   0   0   0   8   0   0   0  0.39 0.11
  418 R    0  4  2 -1 -3  1 -1 -2  3 -3 -3  0 -2 -3  1  1 -1 -3 -1 -2    5  36  12   1   0   4   1   1  13   1   1   1   0   0   6  16   1   0   0   1  0.47 0.09
  419 G   -1 -2  3 -1 -3 -1 -2  3  2 -3 -3 -1 -2 -2 -2  0  1 -2  2 -3    1   1  27   1   0   0   1  39   7   1   1   1   0   0   1   1   9   0  10   1  0.54 0.10
  420 N    0 -1  5  0 -3  1 -1 -2 -1 -3 -3 -1  2 -3 -3  1  1 -4 -3 -3    8   0  63   0   0   8   0   0   0   0   0   0   9   0   0   6   7   0   0   0  0.81 0.18
  421 S    2 -1  4  0 -3 -1 -1 -1 -1 -3 -3  1 -2 -3 -2  2  1 -4 -3 -2   23   0  44   0   0   0   0   0   0   0   0   8   0   0   0  17   8   0   0   0  0.62 0.14
  422 G    1 -2  1 -1 -3 -1 -2  4 -2 -3 -3 -1 -2 -3  1  1  1 -3 -3 -2    7   0  10   0   0   0   1  42   0   0   1   0   0   0   8  14  14   0   0   1  0.55 0.09
  423 T    0 -1  2 -1 -2 -1 -1 -2 -1 -2 -1  0 -1  1  1  2  1 -2  1 -2    1   0  18   0   0   0   1   1   0   0   7   8   0   8   7  32   8   0   6   1  0.28 0.08
  424 L    1 -2  1  2 -2 -1 -1 -2 -1 -1  1 -1 -1 -1 -2  1  0 -2  1  0   19   0  10  21   0   0   1   1   0   0  18   0   0   0   0   8   6   0  10   5  0.17 0.06
  425 L    0 -2 -2  1 -2  1 -1 -3 -2  0  2 -2  0  2 -3 -1  2 -2  1  0    6   0   0   9   0   9   0   0   0   0  31   0   0  15   0   0  20   0   5   3  0.21 0.08
  426 E   -2  0  2  3 -4  0  3 -2 -1 -4 -4  2 -3 -4 -2 -1  1 -4 -3 -3    0   0  14  22   0   0  35   0   0   0   0  19   0   0   0   0  10   0   0   0  0.68 0.09
  427 G    0  0  1 -2  3 -1 -2  3 -2 -2 -1  1 -2 -3 -2  1  1 -4 -3 -2    5   3   7   0  14   0   0  31   0   0   7  10   0   0   0  13  10   0   0   0  0.34 0.05
  428 P   -1  0 -1 -1 -3  0  2  0 -2 -3 -3  2 -2 -3  4  0  2 -4 -3 -2    1   0   0   0   0   0  15   6   0   0   1  22   0   0  29   7  17   0   0   0  0.66 0.07
  429 G   -1 -2 -1 -2 -3 -2 -2  4 -2  0  0 -2 -1 -2  3  0  1 -3 -3 -1    1   0   0   0   0   0   0  44   0   7  13   0   0   0  14   7  10   0   0   0  0.50 0.06
  430 R   -1  4  1 -1 -3  0  1  0 -1  0 -1  1 -1 -2 -2  0 -1 -3 -2  0    1  43   6   0   0   0  13   6   0  10   7   0   0   0   0   6   0   0   0   5  0.34 0.06
  431 P   -1 -2  0  0 -2 -2 -2  0 -2  0  1 -2  0 -2  3  0  0 -3 -2  2    1   0   6   7   0   0   0   7   0   0  21   0   0   0  17   7   4   0   0  27  0.24 0.04
  432 A    2 -2  1  1  2 -1  2 -2  3 -2 -2 -1 -2 -2 -2  0 -1 -3  1  0   33   0   7  10   6   0  16   0  12   0   0   0   0   0   0   0   0   0   7  10  0.26 0.06
  433 A    2 -2  2 -2  5 -2 -2 -1 -2 -2 -3 -2 -2 -2  1  1  1 -3  1 -2   22   0  15   0  26   0   0   3   0   0   0   0   0   0   6   7  14   0   7   0  0.41 0.08
  434 D   -2 -2  2  3 -3 -1  0 -2  3 -1 -2 -1 -2 -1 -2 -1  1 -2  2  0    0   0  14  29   0   0   0   0  16   0   1   0   0   0   0   0  12   0  10  14  0.39 0.07
  435 G    1 -2  2 -1  4 -2 -2  4 -2 -3 -3 -2 -3 -3 -2  0 -1 -3 -3 -2   15   0  17   0  16   0   0  42   0   0   1   0   0   0   0   7   0   0   0   0  0.58 0.07
  436 I    1 -1  2 -1 -2 -1 -1  0 -1 -1 -2 -1 -1 -2  3  1  2 -3 -2 -1   11   1  17   1   0   1   1   8   0   7   1   1   0   0  15  12  23   0   0   1  0.36 0.05
  437 G   -1 -2  4  0 -4 -1  1  4 -1 -4 -4 -1 -3 -4 -3  0 -1 -4 -4 -4    0   0  32   0   0   0  14  48   0   0   0   0   0   0   0   7   0   0   0   0  0.82 0.10
  438 T   -1 -2  3 -1 -3 -1 -1 -2 -2 -3 -3 -1 -2 -3  5  1  3 -4 -3 -2    0   0  26   0   0   0   0   0   0   0   0   0   0   0  32   7  36   0   0   0  0.94 0.11
  439 R   -2  6 -2 -3 -5  0 -1 -3 -1 -4 -2  1 -2 -4 -3 -2 -2 -4 -3 -3    0  96   0   0   0   0   0   0   0   0   4   0   0   0   0   0   0   0   0   0  1.47 0.18
  440 T   -1 -2 -1 -2 -2 -2 -2 -3 -2 -2 -2 -2 -2 -3 -2  1  6 -4 -3 -1    0   0   0   0   0   0   0   0   0   0   0   0   0   0   0   0 100   0   0   0  1.28 0.19
  441 I   -2 -4 -4 -5 -2 -4 -4 -5 -4  5  1 -4  0 -1 -4 -3 -1 -4 -2  3    0   0   0   0   0   0   0   0   0  86   0   0   0   0   0   0   0   0   0  14  0.94 0.15
  442 I   -2 -4 -4 -5 -2 -4 -4 -5 -4  5  1 -4  0 -1 -4 -3 -1 -4 -2  3    0   0   0   0   0   0   0   0   0  86   0   0   0   0   0   0   0   0   0  14  0.94 0.15
  443 V   -1 -3 -4 -4 -2 -3 -3 -4 -4  3  0 -3  0 -2 -3 -3 -1 -3 -2  5    0   0   0   0   0   0   0   0   0  24   0   0   0   0   0   0   0   0   0  76  0.83 0.13
  444 P   -2 -3 -3 -3 -4 -3 -2 -4 -3 -4 -4 -2 -4 -5  8 -2 -2 -6 -5 -4    0   0   0   0   0   0   0   0   0   0   0   0   0   0 100   0   0   0   0   0  2.93 0.21
  445 P   -2 -3 -3 -3 -4 -3 -2 -4 -3 -4 -4 -2 -4 -5  8 -2 -2 -6 -5 -4    0   0   0   0   0   0   0   0   0   0   0   0   0   0 100   0   0   0   0   0  2.93 0.21
  446 L   -2 -3 -4 -5 -2 -2 -4 -5 -4  1  4 -3  4  0 -4 -3 -2 -3 -2  0    0   0   0   0   0   0   0   0   0   0  83   0  17   0   0   0   0   0   0   0  0.89 0.13
  447 K   -2  3 -1 -2 -5  0  0 -3 -1 -4 -3  6 -2 -4 -2 -1 -2 -4 -3 -3    0  14   0   0   0   0   0   0   0   0   0  86   0   0   0   0   0   0   0   0  1.19 0.16
  448 T   -1 -2 -1 -2 -2 -2 -2 -3 -2 -1 -2 -2 -1 -3 -2  1  5 -4 -3  1    0   0   0   0   0   0   0   0   0   0   0   0   0   0   0   7  79   0   0  14  0.89 0.15
  449 Q   -2  0 -1 -2 -4  7  1 -3  0 -4 -3  0 -1 -4 -3 -1 -2 -3 -3 -3    0   0   0   0   0 100   0   0   0   0   0   0   0   0   0   0   0   0   0   0  1.64 0.22
  450 L    3 -2 -3 -3 -1 -2 -2 -2 -3  0  3 -2  1 -1 -2  0 -1 -3 -2  0   49   0   0   0   0   0   0   0   0   0  51   0   0   0   0   0   0   0   0   0  0.38 0.03
  451 G    0 -2  2 -1 -2 -1 -1  4 -2 -4 -3 -1 -3 -3 -2  3  0 -4 -3 -3    0   0  11   0   0   0   0  40   0   0   0   0   0   0   0  49   0   0   0   0  0.67 0.04
  452 D   -2 -1  0  5 -5  1  4 -2 -1 -4 -4  0 -3 -4 -2 -1 -1 -5 -4 -3    0   0   0  51   0   0  49   0   0   0   0   0   0   0   0   0   0   0   0   0  1.06 0.05
  453 C   -1 -4 -3 -4  7 -3 -4 -4 -4  1 -1 -3 -1 -2 -3 -2 -1 -3 -3  3    0   0   0   0  51   0   0   0   0   0   0   0   0   0   0   0   0   0   0  49  0.79 0.05
  454 T   -1 -2 -2 -3 -2 -2 -2 -3 -3  1  3 -2  1 -1 -3  0  3 -3 -2  0    0   0   0   0   0   0   0   0   0  11  49   0   0   0   0   0  40   0   0   0  0.41 0.03
  455 V   -1 -3 -3 -4 -2 -3 -3 -1 -4  2  0 -3  0 -2 -3 -2 -1 -3 -2  4    0   0   0   0   0   0   0   7   0   0   0   0   0   0   0   0   0   0   0  93  0.56 0.05
  456 A    3 -1 -2 -1 -2  0  2 -1 -1 -1 -2 -1 -1 -3 -1  1  0 -3 -2  0   62   0   0   0   0   0  28   0   0   0   0   0   0   0   0   0   0   0   0  11  0.42 0.01
  457 T    1 -2 -1 -2  5 -1 -2 -2 -2 -1 -2 -1 -1 -2 -2  1  4 -3 -2 -1   10   0   0   0  28   0   0   0   0   0   0   0   0   0   0   0  63   0   0   0  0.59 0.02
  458 Q   -1  1  0  3 -4  4  1 -2  0 -4 -3  1 -1 -4  2 -1 -1 -3 -3 -3    0   9   0  28   0  54   0   0   0   0   0   0   0   0  10   0   0   0   0   0  0.73 0.02
  459 A    3 -1 -1 -2 -1 -1 -1  0 -2 -2 -2 -1 -1 -3 -1  3  1 -3 -2 -1   62   0   0   0   0   0   0   0   0   0   0   0   0   0   0  28  11   0   0   0  0.53 0.01
  460 S    1 -1  0 -1 -2 -1 -1 -1 -2 -1  1 -1  0 -2 -2  4  1 -3 -2 -1    0   0   0   0   0   0   0   0   0   0  28   0   0   0   0  72   0   0   0   0  0.43 0.02
  461 G    0 -2 -1 -2 -3 -2 -2  5 -2 -4 -4 -2 -3 -4 -3  1 -1 -4 -4 -4    0   0   0   0   0   0   0  89   0   0   0   0   0   0   0  11   0   0   0   0  1.19 0.02
  462 L   -1 -2 -3 -3 -2 -2 -3 -3 -3  2  3 -2  2  0 -2 -2 -1 -2 -1  1    1   1   1   1   0   1   1   1   0  20  68   1   0   1   1   1   1   0   0   1  0.40 0.00
  463 L   -1 -2 -3 -3 -2 -2 -2 -3 -2  1  3 -2  2  0 -2 -2 -1 -2 -1  1    1   1   1   1   0   1   1   1   0   1  75   1   0   1   1   1   1   0   0  14  0.40 0.00
  464 S    1 -1  0 -1 -1  0  0 -1 -1 -2 -2  0 -2 -2 -1  4  1 -3 -2 -2    1   1   1   1   0   1   1   1   0   1   1   1   0   1   1  87   1   0   0   1  0.59 0.01
  465 S    1 -1  3  0 -2  0  0 -1 -1 -2 -2  0 -2 -2 -1  4  1 -3 -2 -2    1   1  20   1   0   1   1   1   0   1   1   1   0   1   1  68   1   0   0   1  0.52 0.00
  466 K   -1  2  0 -1 -4  1  0 -2 -1 -3 -3  5 -2 -3 -1 -1 -1 -4 -2 -3    0   0   0   0   0   0   0   0   0   0   0 100   0   0   0   0   0   0   0   0  0.85 0.01
  467 T    0 -1  0 -1 -1 -1 -1 -2 -2 -1 -2 -1 -1 -2 -2  2  5 -3 -2 -1    0   0   0   0   0   0   0   0   0   0   0   0   0   0   0  19  81   0   0   0  0.67 0.01
  468 K   -1  2  0 -1 -4  1  0 -2 -1 -3 -3  5 -2 -3 -1 -1 -1 -4 -2 -3    0   0   0   0   0   0   0   0   0   0   0 100   0   0   0   0   0   0   0   0  0.85 0.01
  469 P   -1 -2 -3 -2 -4 -2 -2 -3 -2 -3 -3 -1 -3 -4  7 -1 -2 -5 -4 -3    0   0   0   0   0   0   0   0   0   0   0   0   0   0 100   0   0   0   0   0  2.66 0.01
  470 V    0 -3 -3 -4 -1 -2 -3 -4 -3  2  1 -3  1 -1 -3 -2  0 -3 -2  4    0   0   0   0   0   0   0   0   0   0   0   0   0   0   0   0   0   0   0 100  0.53 0.01
  471 A    4 -2 -2 -2 -1 -1 -1  0 -2 -1 -1 -1 -1 -2 -1  1  0 -3 -2  1   85   0   0   0   0   0   0   0   0   0   0   0   0   0   0   0   0   0   0  15  0.49 0.01
  472 S    1 -1  0 -1 -2  0  0 -1 -1 -3 -3 -1 -2 -3 -1  4  1 -4 -2 -2    0   0   0   0   0   0   0   0   0   0   0   0   0   0   0 100   0   0   0   0  0.74 0.01
  473 V    0 -3 -3 -3 -1 -2 -3  1 -3  2  0 -3  0 -1 -3 -2 -1 -3 -2  4    0   0   0   0   0   0   0  15   0   0   0   0   0   0   0   0   0   0   0  85  0.39 0.01
  474 S    1 -1  0 -1 -2  0  0 -1 -1 -3 -3 -1 -2 -3 -1  4  1 -4 -2 -2    0   0   0   0   0   0   0   0   0   0   0   0   0   0   0 100   0   0   0   0  0.74 0.01
  475 G    0 -2 -1 -1 -3 -2 -2  5 -2 -4 -4 -2 -3 -4 -3  1 -1 -4 -4 -3    0   0   0   0   0   0   0  83   0   0   0   0   0   0   0  17   0   0   0   0  1.06 0.00
  476 Q   -1  3  0 -1 -3  5  1 -2  1 -3 -3  1 -1 -3 -2 -1 -1 -3 -2 -3    0  17   0   0   0  83   0   0   0   0   0   0   0   0   0   0   0   0   0   0  0.91 0.01
  477 S    1 -1  0 -1 -1 -1 -1 -1 -2  0 -2 -1 -1 -2 -1  4  1 -3 -2  1    0   0   0   0   0   0   0   0   0   0   0   0   0   0   0  77   0   0   0  23  0.46 0.00
  478 S    1 -1  0 -1 -2  0  0 -1 -1 -3 -3 -1 -2 -3 -1  4  1 -4 -2 -2    0   0   0   0   0   0   0   0   0   0   0   0   0   0   0 100   0   0   0   0  0.73 0.00
  479 G    0 -3 -1 -2 -4 -2 -2  6 -3 -5 -4 -2 -3 -4 -3 -1 -2 -4 -4 -4    0   0   0   0   0   0   0 100   0   0   0   0   0   0   0   0   0   0   0   0  1.34 0.00
  480 C   -1 -4 -3 -4  8 -3 -5 -4 -4 -1 -2 -4 -2 -3 -4 -2 -1 -3 -3 -1    0   0   0   0 100   0   0   0   0   0   0   0   0   0   0   0   0   0   0   0  1.32 0.01
  481 C   -1 -4 -3 -4  8 -3 -5 -4 -4 -1 -2 -4 -2 -3 -4 -1 -1 -3 -3 -1    0   0   0   0 100   0   0   0   0   0   0   0   0   0   0   0   0   0   0   0  1.29 0.00

                      K         Lambda
Standard Ungapped    0.1624     0.3294
Standard Gapped      0.1100     0.3190
PSI Ungapped         0.1624     0.3294
PSI Gapped           0.1100     0.3190
