
Last position-specific scoring matrix computed, weighted observed percentages rounded down, information per position, and relative weight of gapless real matches to pseudocounts
           A  R  N  D  C  Q  E  G  H  I  L  K  M  F  P  S  T  W  Y  V   A   R   N   D   C   Q   E   G   H   I   L   K   M   F   P   S   T   W   Y   V
    1 M   -3 -3 -4 -5 -3 -2 -4 -5 -4  0  3 -3  8 -1 -4 -3 -2 -3 -3 -1    0   0   0   0   0   0   0   0   0   0  23   0  77   0   0   0   0   0   0   0  1.40 0.27
    2 N    0 -2  6  2 -4 -1  2  0 -1 -5 -5 -1 -4 -5 -3  0  0 -5 -4 -4    9   0  53   8   0   0  16   6   0   0   0   0   0   0   0   6   3   0   0   0  0.92 0.24
    3 A    3 -1  1 -1 -3 -1  0  1  0 -2 -2 -1 -2 -3  1  1  2 -4 -1 -1   32   2   6   2   0   0   4  11   2   0   3   2   0   0   6   8  15   0   3   2  0.28 0.11
    4 M   -2 -2 -4 -5 -1 -3 -2 -5 -4 -1  1 -4  7  1 -5  1  1 -4 -1  0    1   2   0   0   1   0   3   0   0   1  14   0  45   6   0  11  11   0   2   4  1.02 0.46
    5 D   -2 -4  0  6 -6 -1  4 -1 -4 -6 -4 -3 -5 -1 -3 -1 -2 -7 -5 -4    3   0   4  48   0   2  26   4   0   0   2   0   0   3   1   4   2   0   0   1  1.17 0.48
    6 N   -2 -4  6  2 -6 -2  1 -1  0 -4 -2 -1 -5 -3 -4  1  0 -6 -1 -4    2   0  46   9   0   1  10   4   1   1   4   3   0   1   1   8   6   0   3   1  0.92 0.44
    7 M   -1 -3  1 -1 -4 -1 -1 -4 -3  2  0 -3  3  2 -2  0  1 -3  3  1    3   0   7   3   0   3   4   1   0  11   9   0  10  10   2   8   9   0  11   9  0.25 0.20
    8 T   -2 -5 -1  0 -5 -4 -2 -1 -5 -2 -3 -4 -4 -1 -3  3  6 -6  0 -4    1   0   3   5   0   0   2   4   0   2   3   0   0   3   1  24  50   0   3   0  1.09 0.57
    9 A    1 -3 -1  1 -1 -2  1  1 -2 -1 -1 -2  0  0 -2  1  1  0  2  0   11   0   2   8   1   1  12  10   0   3   5   1   2   3   1  13   9   1   9   8  0.15 0.16
   10 D   -3 -4  4  6 -6 -1  1 -2  0 -4 -3 -2 -3 -4 -1 -1  0 -7 -3 -3    1   0  17  44   0   2   9   3   2   1   3   1   1   1   2   5   5   0   1   2  1.01 0.48
   11 Y   -2 -4 -3 -3 -6 -3 -3 -3 -3 -2 -2 -2  0  2 -4 -1 -1  1  8 -3    3   1   1   2   0   1   2   2   0   2   4   2   2   7   1   6   3   2  58   1  1.55 0.64
   12 S    0 -3  0  2 -4 -2  0  0  0 -3 -1 -2 -3  0 -2  4  2 -4  0 -2    5   0   4  11   0   1   6   6   2   1   5   1   0   4   2  33  12   0   4   2  0.40 0.29
   13 P   -2 -3  1  1 -2 -2  0  0 -3 -1 -2 -3  0 -2  4  0  0 -3  3 -3    2   1   6   8   1   1   8   8   0   3   5   1   2   1  25   7   6   0  14   2  0.49 0.28
   14 D   -4 -3  2  6 -2 -3  2 -2 -1 -6 -5 -2 -5 -3 -4  1  0 -6  1 -4    0   1   8  45   1   0  16   4   1   0   1   1   0   1   1  10   4   0   4   1  1.05 0.50
   15 Y   -2 -5 -1 -2 -6 -2 -2 -3  1 -3  0 -3 -2  3 -4  0  0 -1  7 -3    2   0   4   2   0   2   2   2   3   1   8   1   1  12   1   6   6   1  43   2  1.05 0.50
   16 F   -1 -4  0 -1 -4 -2 -1  0  0 -1  0 -3  0  4  0  0 -1  1  5 -2    4   0   4   3   0   1   5   8   2   4   8   1   2  17   5   8   3   2  21   2  0.37 0.24
   17 D   -1 -3  2  5 -5  0  2 -1 -1 -5 -3 -3 -4 -2 -1  0  0 -5  1 -3    5   1  10  34   0   4  13   5   1   0   3   1   0   2   3   8   5   0   5   2  0.62 0.35
   18 D   -2 -4  3  4 -5 -2  1 -1  0 -2 -2 -2 -2 -2  0  0  0 -5  0 -2    2   0  16  30   0   1   8   6   2   2   3   2   1   2   4   8   5   0   4   3  0.55 0.33
   19 A    1 -3  2  0 -1  0  0  0 -1 -2 -1 -1 -2 -1  0  2  1 -2  1 -1   11   0   9   6   1   4   6   7   1   1   7   2   0   3   4  16   9   1   6   5  0.13 0.15
   20 V    0 -1  0  0  1 -1  0 -2 -1  0  0 -1  1  0  0  0  1 -1  0  2    6   2   4   4   4   2   7   3   1   6   6   2   4   5   4   8  11   1   4  16  0.07 0.09
   21 N   -3 -3  6  2 -4 -1  1 -1 -1 -3 -2 -2 -3 -2 -1  0  0 -3 -1 -4    2   1  41  11   0   2   8   5   1   1   4   2   1   2   4   8   6   0   2   1  0.80 0.45
   22 S    0 -2  2  1  0  0  1  0  0 -2 -2 -1 -2 -2 -1  3  0 -5  0 -2    7   1   9   6   2   3  10   6   2   3   4   3   1   1   3  27   5   0   3   2  0.26 0.22
   23 S    1 -3  1  0 -2 -1  0 -1 -2 -4 -2 -2 -2 -3 -1  4  3 -6 -2 -2    9   0   6   5   1   3   7   4   1   1   3   2   1   1   3  31  19   0   1   2  0.50 0.36
   24 M   -2 -1  0 -1  1  0  0 -1  1  0  1  0  2 -1  2  0  1 -2  0  1    1   3   5   3   5   3   5   4   3   5  12   4   6   3  10   5   8   0   4  10  0.09 0.09
   25 C   -3 -4 -2 -2  9 -2 -4 -4 -4 -2 -2 -3 -1 -3 -2 -1  0 -2 -4 -1    2   1   2   2  58   2   1   1   0   2   3   2   2   1   3   5   5   1   1   4  1.90 0.72
   26 E   -1 -1  1  2 -1  0  2 -1  1 -2 -3  0 -2 -3  2  1  0  1 -2 -2    3   3   7  14   2   4  17   4   4   2   2   5   1   1   9  10   6   2   1   2  0.29 0.21
   27 Y   -2 -1 -1  0 -1 -2 -1 -3  3  0 -1  0 -2  2  1 -2 -1  0  4  0    2   4   3   5   2   1   5   2   8   7   6   5   1  10   6   3   3   1  20   6  0.30 0.22
   28 D   -2 -1  1  4 -3  1  2 -1  1 -4 -2  0 -2 -2  1  1  0 -2 -2 -2    2   2   7  23   1   5  15   4   3   0   4   4   1   2   6  11   5   1   1   2  0.38 0.26
   29 E   -1  0  1  2 -5  1  3 -1  2 -2 -3 -1 -4 -2  0  1  0 -2 -3 -2    5   4   7  11   0   5  25   5   5   2   2   2   0   2   5   9   6   1   0   3  0.34 0.24
   30 W   -1  0 -2 -1 -2 -1 -2 -1  1 -1  0 -1 -1  2 -1  0 -1  6  2  0    4   5   2   4   1   3   3   4   3   4  11   3   1   8   3   7   4  16   8   7  0.32 0.19
   31 E   -1  1  0  2 -4  2  3 -1  1 -3 -1  1 -2 -2  0  1 -1 -2 -2 -1    2   7   3  12   0  10  19   4   3   1   6   7   0   2   5   9   4   1   1   5  0.25 0.19
   32 P    0 -1 -2 -1 -4  0 -1 -2  0  0  0 -1 -1  3  4 -1 -1  3  0 -1    6   4   1   3   0   4   3   3   2   5   7   4   1  17  20   5   3   4   3   4  0.32 0.21
   33 S    1 -1  1  0 -3  1  1 -1  0 -1 -1  1 -1  0 -2  2  1 -1 -1 -1    9   3   6   4   0   5   8   4   2   3   5   9   2   5   1  18   9   1   2   3  0.15 0.14
   34 Y    0  1 -1 -3 -3  0 -2 -1  4 -2 -1  0 -1  3 -3 -2  1  1  4 -1    7   8   2   0   1   5   1   4  11   2   5   6   1  12   1   2   9   2  18   3  0.36 0.25
   35 S    0 -1  0 -2 -3 -1 -2 -2  0  1 -1 -1  0 -2 -1  1  2  0  2  1    9   3   4   2   0   2   1   2   2  10   4   4   3   1   2  15  13   2   7  14  0.16 0.16
   36 L   -1 -4 -5 -6 -4 -4 -5 -5 -3  3  3 -5  1  4 -4 -3 -2 -3  0  2    5   1   0   0   0   0   0   1   1  17  32   0   3  18   1   1   2   0   3  16  0.73 0.36
   37 I   -2 -4 -5 -6 -4 -1 -4 -4 -2  4  3 -4  1  1 -4 -3 -3 -1  1  3    2   0   0   0   0   3   1   1   1  25  31   1   3   6   1   2   1   1   4  18  0.68 0.35
   38 P    0 -4 -5 -6 -2 -4 -4 -3 -6 -2 -3 -4 -2 -3  7  0 -1 -7 -4 -1    8   1   0   0   1   0   1   2   0   3   2   0   1   1  63   8   4   0   0   4  1.76 0.76
   39 V    1 -5 -4 -5  0 -4 -4 -3 -5  3  0 -3  0 -1  0 -1  1 -3 -2  4   13   0   1   0   2   0   1   2   0  17   9   1   2   3   4   4   7   0   1  33  0.56 0.35
   40 L   -2 -5 -6 -6 -1 -4 -5 -5 -3  3  3 -5  2  3 -5 -2 -1 -4  0  3    3   0   0   0   1   0   0   0   1  18  29   0   4  11   0   2   4   0   3  22  0.75 0.39
   41 Y   -4 -7 -2 -6 -4 -4 -7 -8  0 -2 -2 -7 -4  3 -6 -4 -5  0  9 -5    2   0   2   0   0   1   0   0   1   3   4   0   0  13   0   1   0   1  70   1  2.44 0.96
   42 M    1 -4 -4 -4  2 -4 -4  1 -4  2  1 -4  0  0 -5  3  1  2 -1  0   10   0   0   0   4   0   0  11   0  13  12   0   2   3   0  26   7   3   3   7  0.39 0.31
   43 L   -1 -6 -6 -7 -1 -4 -5 -5 -6  4  3 -5  1  1 -4 -3 -1 -3 -4  3    6   0   0   0   1   0   0   1   0  21  34   0   3   7   1   1   3   0   0  19  0.81 0.42
   44 I   -1 -6 -4 -4 -2 -4 -4 -6 -6  5  0 -6  0 -2 -5 -3  0 -6 -4  5    6   0   1   1   1   0   1   0   0  31   7   0   2   1   0   2   5   0   0  41  1.09 0.54
   45 F   -2 -7 -7 -8  5 -7 -7 -4 -6 -1 -1 -7 -1  8 -7 -1 -1 -2 -1 -2    3   0   0   0  12   0   0   1   0   3   5   0   2  62   0   4   4   0   1   2  1.90 0.79
   46 I   -1 -6 -6 -7  0 -5 -6 -4 -6  4  3 -6  0  1 -2 -3 -1 -5 -4  4    6   0   0   0   2   0   0   1   0  21  25   0   1   6   3   1   3   0   0  30  0.84 0.44
   47 L   -2 -6 -6 -7 -1 -5 -6 -5 -6  3  4 -6  0  1 -4 -4 -1 -1 -4  4    2   0   0   0   1   0   0   1   0  14  38   0   1   6   1   1   4   1   0  29  0.98 0.49
   48 G    0 -7 -3 -3 -3 -7 -7  7 -7 -9 -9 -6 -8 -8 -7  1 -4 -8 -8 -8    6   0   1   2   1   0   0  79   0   0   0   0   0   0   0  10   1   0   0   0  2.19 0.92
   49 L   -2 -6 -7 -7 -2 -6 -7 -5 -6  2  4 -6  1  2 -5 -3  0 -2 -3  2    3   0   0   0   1   0   0   1   0  10  49   0   3   9   0   2   5   0   0  17  1.00 0.52
   50 T    0 -5 -4 -6 -1 -5 -5 -2 -6  2  2 -5  0  0  4 -2  0 -3 -5  2    7   0   0   0   1   0   0   3   0  13  20   0   2   5  20   2   7   0   0  17  0.63 0.40
   51 G    1 -7 -5 -5 -3 -6 -2  6 -7 -4  0 -6 -3 -3 -7 -2 -2 -8 -8 -5   11   0   0   0   1   0   2  67   0   1   9   0   0   1   0   3   3   0   0   1  1.60 0.77
   52 N   -8 -7  8 -3 -9 -6 -6 -3  0 -9-10 -6 -8 -9 -8 -4 -6-10 -8 -3    0   0  93   1   0   0   0   2   2   0   0   0   0   0   0   1   0   0   0   2  3.30 1.41
   53 G    2 -2 -4 -5  2 -4 -5  4 -5  0  1 -4 -1 -2 -5  2  0 -6 -4  1   16   2   0   0   4   0   0  30   0   5  12   0   1   1   0  14   5   0   1   9  0.55 0.38
   54 V    0 -6 -6 -7 -1 -6 -6 -7 -6  1  4 -5  1  2 -4 -3 -1  1 -3  2    7   0   0   0   1   0   0   0   0   8  50   1   4   8   1   1   4   2   0  12  0.94 0.52
   55 V    2 -7 -3 -7 -3 -6 -6 -2 -7  0 -1 -6 -2 -3 -6 -2 -1 -7 -3  6   17   0   1   0   1   0   0   3   0   3   6   0   1   1   0   2   3   0   1  60  1.38 0.76
   56 I   -3 -7 -7 -7  0 -6 -3 -5 -7  5  4 -6  2  0 -7 -4 -4 -1 -3  2    2   0   0   0   2   0   2   1   0  31  35   0   5   3   0   1   1   1   1  15  1.14 0.60
   57 F   -1 -4 -7 -8  1 -6 -4 -4 -1 -1  1 -3 -1  3 -7 -4 -3  9  4  0    5   1   0   0   3   0   2   2   2   4  12   2   2  11   0   1   2  31  16   6  1.43 0.74
   58 T   -1 -3 -4 -5 -2 -3 -3 -2 -2  2  1 -3  1 -1 -5 -1  1 -1 -3  5    5   2   1   0   1   1   2   3   1  12  10   1   3   2   0   5  10   1   1  39  0.64 0.42
   59 V   -2 -6 -1 -6 -2 -4 -3 -5 -3  3  3 -4  2  3 -6 -2 -1 -5  1  3    3   0   3   0   1   1   1   1   1  18  26   1   4  13   0   2   3   0   4  18  0.70 0.43
   60 W   -1 -2 -5 -5  3 -2 -3  0 -2  1  2 -2  1  1 -5 -2  0  5  2  0    6   2   0   0   7   1   1   6   1   8  24   2   3   7   0   3   5   8   6   7  0.40 0.28
   61 R   -1  5 -2 -4  2  1 -4 -1  1 -2 -2  2 -1  2 -3  0 -2 -1 -1 -2    5  29   2   1   4   6   0   6   4   2   4  10   2   8   1   6   3   1   2   3  0.53 0.39
   62 A   -1  2  1 -3  2  1 -2 -1  3 -2 -2  1  0  1 -2  0  1  0  2 -2    5  11   6   1   4   6   1   5   7   2   4   9   2   7   2   6   7   1   9   3  0.21 0.21
   63 Q   -1  3 -1 -2 -3  2  0 -2  1 -1 -1  3  2 -2 -1 -1  0  1  0 -1    4  17   2   2   1   8   5   2   3   4   4  17   6   2   3   4   5   2   4   5  0.28 0.26
   64 S   -1  3 -1 -2 -1  1 -1  0  1 -3 -3  3  1 -2 -1  0  1  0 -3 -2    4  17   3   2   1   6   2   6   4   2   2  22   4   2   4   7   7   1   1   2  0.35 0.32
   65 K    0  2 -1 -2 -5  1 -1 -1  0 -1 -1  3  3 -2  1  0  0  0 -4 -1    6  11   2   1   0   5   3   4   3   4   7  22   9   1   6   7   5   2   0   3  0.27 0.27
   66 R   -2  4 -1 -2  0  0 -2 -1  1 -3 -1  3 -1 -2 -3 -1  0  4 -1 -2    3  26   3   2   2   3   2   4   3   2   5  20   2   1   1   5   5   7   2   2  0.51 0.40
   67 R   -2  1  2 -2 -1  0 -3 -1  2 -2 -3 -1  0 -4 -1  3  3 -1  0 -1    2   7  12   2   1   3   0   4   5   2   2   4   2   0   2  20  22   1   4   4  0.41 0.39
   68 A    1 -1 -1 -1  0 -1  0 -1  0  1 -1  0  1 -1  2  1  0 -4 -3  2   11   2   3   3   3   2   5   4   2   7   4   4   4   2  10  10   6   0   0  18  0.14 0.17
   69 A    1 -1  1 -3  1 -1 -3 -1  0  0  0 -1  1  0  0  1  3 -4  0  0   10   3   7   0   3   3   0   4   3   4   8   3   3   5   5  10  20   0   3   6  0.16 0.19
   70 D    0  0  0  0  2  1  0 -1  2  0 -1  0  1 -2  1  0  0 -3  1  0    6   6   5   6   5   5   6   6   5   6   6   6   5   0   6   6   6   0   5   6  0.05 0.08
   71 V   -3 -4 -4 -6 -1 -4 -6 -7 -4  5  1 -3  2  0 -6 -2  1 -1  1  4    1   1   1   0   1   0   0   0   0  32  13   2   5   3   0   2   8   1   4  26  0.85 0.43
   72 Y   -7 -7 -6 -8  1 -7 -6 -7 -4 -4  0 -7 -2  6 -7 -6 -6  5  7 -5    0   0   0   0   4   0   0   0   0   1  11   0   1  29   0   0   0   9  44   0  2.13 0.85
   73 I   -4 -4 -7 -8 -4 -5 -7 -8 -6  5  4 -6  4  2 -7 -4 -4 -5 -1  1    1   1   0   0   0   0   0   0   0  32  36   0  10   9   0   1   0   0   2   9  1.20 0.55
   74 G   -1 -4 -5 -6 -1 -2 -5 -3 -4  1  4 -4  2  3 -5 -2 -1 -2 -3  1    5   1   0   0   1   2   0   2   0   8  45   1   4  12   0   3   4   1   0  11  0.72 0.38
   75 N   -6 -6  8 -4 -4 -2 -5 -4  5 -7 -5 -5 -7 -6 -5  0 -4 -9 -5 -8    0   0  73   0   0   1   0   1  13   0   1   0   0   0   1   8   1   0   0   0  2.44 1.03
   76 L   -5 -8 -6 -9 -7 -5 -8 -9 -8 -2  6 -8  1 -3 -8 -7 -5 -7 -6 -3    1   0   0   0   0   0   0   0   0   1  93   0   2   0   0   0   1   0   0   1  2.33 0.95
   77 A    6 -5 -6 -7 -2 -6 -6 -3 -6 -3 -4 -5 -3 -7 -4  0 -1 -8 -7 -1   78   1   0   0   1   0   0   2   0   1   1   0   0   0   0   7   4   0   0   5  1.78 0.85
   78 L    0 -6 -7 -7  0 -6 -6 -4 -7  4  3 -6  1  0 -6 -3 -3 -4 -5  4    7   0   0   0   2   0   0   1   0  23  26   0   2   4   0   2   1   0   0  32  0.99 0.49
   79 A    6 -6 -6 -4 -1 -6 -6 -2 -7 -4 -5 -6 -4 -7 -6  3 -1 -8 -7 -3   65   0   0   1   2   0   0   2   0   1   1   0   0   0   0  24   4   0   0   1  1.69 0.85
   80 D   -8 -7 -2  8 -9 -5 -3 -6 -7 -9 -6 -7 -9 -6 -8 -4 -7-10 -5 -9    0   0   2  93   0   0   1   0   0   0   1   0   0   0   0   1   0   0   1   0  3.13 1.22
   81 L   -2 -7 -5 -6 -6 -5 -3 -4 -7  0  5 -6  0  4 -7 -4 -2 -6 -4 -1    3   0   0   0   0   0   2   1   0   5  64   0   2  14   0   1   3   0   0   3  1.36 0.64
   82 T   -1 -6 -6 -7  1 -3 -6 -4 -5  1  5 -6  2  0 -6 -2  0 -3 -5  0    6   0   0   0   3   1   0   2   0   8  56   0   5   3   0   3   5   0   0   6  1.01 0.51
   83 F   -3 -7 -7 -8  2 -4 -7 -6 -1 -1  2 -7  1  7 -7 -2 -4 -2  3  0    3   0   0   0   4   1   0   0   1   3  16   0   4  49   0   4   1   0   8   6  1.45 0.65
   84 V    0 -6 -4 -5  2 -5 -6 -5 -6  2  3 -6  1 -3 -6 -2  1 -6 -5  4    8   0   1   0   5   0   0   1   0  12  27   0   4   1   0   3  10   0   0  29  0.80 0.44
   85 V    0 -7 -5 -8  3 -6 -7 -5 -7  2  4 -6  1  2 -5 -1 -2 -6 -5  2    8   0   1   0   6   0   0   1   0  12  41   0   3   9   0   4   2   0   0  13  0.90 0.46
   86 T   -1 -6 -3 -6  4 -4 -6  0 -6 -1 -1 -5  0  2 -2  2  5  0 -5 -1    5   0   1   0   9   0   0   6   0   3   7   0   2   7   2  16  35   2   0   4  0.81 0.50
   87 L   -3 -4 -2 -8  2 -7 -8 -7 -7  2  5 -6  1  0 -8 -5 -5 -7 -6  1    2   1   2   0   4   0   0   0   0   9  65   0   3   3   0   1   0   0   0   8  1.47 0.67
   88 P   -5 -8 -8 -8 -3 -8 -7 -8 -8 -3 -5 -7 -4 -6  8 -3 -3-10 -9 -2    1   0   0   0   1   0   0   0   0   2   1   0   0   0  87   2   2   0   0   3  3.07 1.31
   89 L   -4 -7 -5 -7 -7 -4 -6 -6 -6  1  3 -7 -1  7  0 -4 -2 -5 -2 -1    1   0   1   0   0   1   1   1   0   7  23   0   2  51   5   1   2   0   1   4  1.60 0.71
   90 W   -4  1 -3 -5 -1  0 -2 -5 -3 -1  1 -1 -2  3 -2 -1  0  9  0 -2    1   7   2   0   1   4   2   1   1   4  13   3   1  12   3   4   6  29   2   3  1.08 0.53
   91 A    4 -3 -1 -2 -3 -4 -5 -2 -6  3 -1 -4  1 -2 -5 -1  1 -6 -6  1   36   1   3   3   0   1   0   3   0  19   5   1   3   1   0   5   8   0   0  10  0.68 0.42
   92 V    1 -2 -3 -1 -3 -3 -3 -5  2  2  0 -4  0 -1 -2  0  2 -3  1  3   13   2   1   3   0   1   1   0   5  12  10   1   2   3   1   6  12   0   4  22  0.37 0.26
   93 Y   -1 -4  1  0 -6  0 -1 -4  2 -1 -4 -1 -3  1 -3 -1 -1  0  7 -2    5   1   6   6   0   5   5   1   4   3   2   4   1   5   2   6   5   1  38   2  0.91 0.49
   94 T    1 -2  0 -2 -5 -1 -1 -4  3  1  0 -2 -1  0 -4  0  2 -1  4  0   11   2   5   2   0   2   3   1   8   8   8   2   2   4   1   6  13   1  17   5  0.35 0.26
   95 A    4 -3 -3 -3 -3 -2 -3 -3  0  0  1 -3  0  1 -5  1  0  0  1  1   35   1   1   1   0   1   2   1   3   4  13   1   2   5   0   9   4   1   5   8  0.46 0.33
   96 L   -1  0  1 -1 -3  1 -2 -3  1  0  2 -1  3  0  0 -1 -1  0 -1  0    5   6   6   3   1   7   2   2   3   4  24   4   8   4   4   5   2   1   2   6  0.18 0.15
   97 G   -1 -1  1  2 -5 -1 -1  4  2 -4 -2  0 -1 -3  0  0 -1  0 -1 -3    5   4   7  13   0   2   4  29   6   1   5   5   2   1   4   6   3   1   2   2  0.41 0.25
   98 Y   -2 -1  2  1 -2  0 -1  0  3 -2 -2  0  0  2 -1  0  0  0  3 -1    3   3   9   8   1   4   4   7   7   2   4   5   2  10   3   7   5   2  10   4  0.18 0.12
   99 H   -2  0  2  0 -3  2  2 -1  6 -3 -3  0 -2  0 -1  0  0 -2  0 -3    2   4  10   6   1   9  11   4  20   1   2   4   1   4   3   7   6   1   3   2  0.47 0.28
  100 W   -4 -5 -4-10  0 -4 -6 -9 -8 -8 -6 -9 -7 -3-10 -9 -9 12 -1 -8    2   1   1   0   2   1   1   0   0   0   1   0   0   1   0   0   0  88   2   0  4.70 1.58
  101 P   -3 -1 -3 -2 -3 -3 -2 -4 -2  2 -1 -2 -1 -3  5  0 -1 -3  0  2    1   3   1   3   0   1   2   1   1  14   5   2   1   1  37   7   3   0   4  12  0.82 0.45
  102 F   -5 -7 -7 -6 -7 -5 -2 -8 -1 -3  0 -4 -1  8 -5 -5 -4  1  2 -4    1   0   0   1   0   0   3   0   1   1  10   1   1  68   1   1   1   2   6   1  2.12 0.85
  103 G   -4 -4 -1 -4 -8 -4 -5  7 -3 -1 -8 -4 -7 -8 -3 -2 -5 -2 -8 -7    1   1   3   1   0   1   1  81   1   4   0   1   0   0   1   3   1   1   0   0  2.14 0.88
  104 V   -1  0  2  2 -5  1  2 -1  0 -2 -1 -1 -2 -2 -1  1  1  0  1 -2    5   4   9  12   0   5  15   4   2   2   6   4   1   1   3   9  10   2   6   2  0.22 0.19
  105 A    2 -4 -3 -4  2 -4 -3 -1 -3  1  0 -5 -1  4 -2 -2  0  1 -1  2   20   1   1   1   4   0   1   4   1   6   8   0   1  22   2   2   6   2   1  17  0.49 0.31
  106 L    0 -1 -7 -8 -3 -5 -6 -4 -6 -1  4 -6  7  2 -3 -3 -2  2 -1  0    8   3   0   0   1   0   0   2   0   3  34   0  27   7   2   1   2   3   2   5  1.04 0.54
  107 C   -7-10-10-11 11-10-11-10-10 -8 -8-10 -8  0-10 -8 -8  1 -2 -8    0   0   0   0  93   0   0   0   0   0   0   0   0   3   0   0   0   2   2   0  4.55 1.48
  108 K   -6  3 -4 -5 -4 -1 -4 -6 -2  0 -5  7  1 -4 -3 -3 -2 -3 -3 -4    0  15   0   0   0   3   1   0   1   5   1  63   3   1   2   1   2   0   1   1  1.67 0.79
  109 I    0 -6 -6 -1 -1 -5 -6 -4 -6  4  3 -6  1  2 -6 -3 -1 -1  0  2    7   0   0   3   1   0   0   1   0  22  29   0   3  10   0   2   3   1   3  15  0.72 0.38
  110 S   -1 -4  0 -3  1 -2 -3 -3 -2  2  0 -1  0  0 -3  1  2 -2  0  3    3   0   4   1   3   1   1   1   1  11   8   4   2   3   1  11  12   1   3  27  0.36 0.28
  111 S   -1  1  2 -2 -2  0 -1  1  2 -2 -1 -1  1 -1  0  2  1 -2  0 -1    4   7  10   1   1   4   4  10   5   2   5   2   4   3   5  19   7   1   4   4  0.17 0.18
  112 Y    1 -4 -2 -4  0 -4 -4  1 -3 -1 -1 -4  0  4 -3  1  1  1  4 -1   13   0   1   0   2   0   0  10   0   4   6   0   3  19   1   9   9   2  15   5  0.43 0.31
  113 V    0 -4 -3 -5  1 -2 -4 -3 -4  2  3 -4  3  1 -4 -1 -1  0 -3  2    8   0   1   0   3   2   0   2   0  15  29   0   8   6   0   4   4   1   0  15  0.47 0.29
  114 V   -2 -2 -1  1 -1  0 -2 -3 -1  1  0 -1  1  4 -2 -1  1 -1  3  0    2   2   2   8   1   5   2   2   2  11   7   4   3  20   1   3   9   1   9   5  0.23 0.20
  115 L   -1 -2  0 -1 -1 -1 -1 -1  2  0 -1 -1  0  1 -3  1  0  0  4  0    4   2   5   3   2   2   3   6   6   6   5   3   2   6   1  10   5   1  21   6  0.23 0.20
  116 L   -1 -5 -2 -6  0 -4 -5 -2 -2  3  2 -5  4  0 -5 -2  0  0 -1  3    4   0   2   0   2   0   0   4   1  18  19   0  12   3   0   2   5   1   2  24  0.56 0.35
  117 N   -1 -3  5  0  2 -3 -3  0  1 -4 -2 -3  1  0 -4  1  1 -5  0 -1    4   0  35   4   5   0   0   6   4   0   4   0   4   5   0  11  10   0   4   4  0.56 0.36
  118 M    0  0 -3 -3  2  1 -2  0 -2  0  0  0  2  1  1  0  0  4  1  0    6   6   0   0   6   6   0   6   0   6   6   6   6   6   6   6   6   6   6   6  0.13 0.15
  119 Y   -3 -4 -4 -6 -1 -3 -5 -3  1 -3 -1 -5 -3  5 -6 -2 -3  0  7 -3    1   0   1   0   2   1   0   2   3   1   4   0   0  24   0   3   1   0  55   1  1.63 0.57
  120 A    3 -2 -2 -3  4 -3 -3  0 -4 -2 -3 -3 -2 -3 -3  3  2 -5 -4  0   27   2   1   0  12   0   0   7   0   2   1   0   0   1   0  24  12   0   0   8  0.53 0.30
  121 S   -1 -4 -1 -2  1 -3 -1  1 -4 -5 -5 -2 -5 -5 -4  6  0 -6 -3 -5    1   0   1   1   3   0   4  12   0   0   0   2   0   0   0  72   3   0   1   0  1.28 0.55
  122 V   -1 -5 -5 -4  0 -4 -5 -4 -5  5  0 -4  2 -2 -5 -1  0 -5 -4  4    4   0   0   1   2   0   0   1   0  43   2   0   6   1   0   5   4   0   0  31  0.87 0.38
  123 F   -2 -5 -2 -6  0 -4 -5 -4 -1 -1  2 -5  0  6 -5 -3 -3 -1  3 -2    4   0   2   0   2   0   0   1   1   2  22   0   2  48   0   1   1   1  12   1  1.08 0.41
  124 C   -2 -4 -3 -5  1 -3 -5 -5 -3  0  2 -4  0  6 -5 -2  2 -3 -1 -2    2   0   1   0   3   1   0   0   1   6  23   0   1  43   0   2  16   0   0   1  0.91 0.39
  125 L   -4 -3 -6 -6 -4 -4 -6 -6 -5  3  5 -5  3 -1 -3 -4 -3 -5 -4  1    0   1   0   0   0   0   0   0   0  16  66   0   7   1   1   1   1   0   0   6  1.17 0.43
  126 T    2 -4 -2 -4  0 -3 -3 -2 -4  0 -2 -3  2 -2 -4  1  5 -5 -4  2   15   0   1   0   2   0   0   3   0   4   1   1   5   2   0   7  47   0   0  13  0.76 0.38
  127 C    2 -5 -3 -5  7 -4 -4 -2 -5 -1  1 -4  0 -1 -4 -1  0 -1 -2  1   21   0   1   0  32   0   1   2   0   2  16   0   2   3   0   2   5   1   1  12  0.77 0.33
  128 L   -4 -5 -6 -6 -4 -4 -5 -6 -5  5  2 -5  6 -1 -6 -3 -2 -5 -4  1    0   0   0   0   0   0   0   0   0  44  20   0  26   1   0   1   1   0   0   6  1.27 0.47
  129 S    0 -4  0 -3  1 -3 -3 -2 -4 -3 -5 -3 -2 -5 -4  6  1 -6 -5 -4    7   0   4   0   3   0   0   2   0   1   0   0   1   0   0  76   6   0   0   0  1.44 0.59
  130 L   -1 -4 -5 -5 -1 -3 -5 -4 -5  3  2 -4  2  2 -5 -3 -2 -4 -2  4    6   0   0   0   1   1   0   1   0  19  22   0   5   9   0   1   1   0   0  33  0.66 0.28
  131 D   -3 -3  0  7 -6 -1  1 -3  0 -4 -5 -3 -3 -3 -5 -2 -2 -7 -3 -3    2   1   3  73   0   3   6   1   2   1   1   0   1   1   0   1   2   0   1   2  1.64 0.55
  132 R   -5  8 -4 -5 -2 -1 -4 -6 -1 -6 -6  0 -1 -6 -5 -3 -3 -6 -3 -6    0  90   0   0   1   1   0   0   1   0   0   2   1   0   0   1   1   0   1   0  2.36 0.75
  133 Y   -4 -5 -5 -7  4 -5 -6 -5  0 -4 -2 -3 -2  3 -6 -4 -5  1  8 -3    1   0   0   0  10   0   0   1   1   0   3   2   1  10   0   1   0   1  69   1  2.10 0.65
  134 M   -1 -1 -2 -5  1 -1 -4 -5  0  2  3 -2  2  0 -4 -2  0  3  0  1    3   4   2   0   4   2   0   0   3  11  38   2   5   4   0   2   5   5   2   8  0.43 0.26
  135 A    3 -1 -1 -2  1 -1 -2 -1  1 -1 -1 -2  0 -1 -3  1  1 -4 -1  1   33   2   2   2   3   2   2   3   4   2   7   2   2   3   0  10   7   0   2  11  0.27 0.24
  136 I   -1 -5 -1 -6  1 -5 -5 -2 -5  5  1 -5  1  0 -5 -4  0 -5 -4  3    4   0   3   0   3   0   0   3   0  35  12   0   4   4   0   0   6   0   0  25  0.79 0.41
  137 V    1 -2 -2 -5  3 -4 -4 -3 -1  1  0 -2  1 -1 -4 -1  0  1 -1  4   13   2   2   0   7   0   0   2   2   6   6   2   4   3   0   3   6   2   2  40  0.50 0.34
  138 H   -2  1  0 -2  0  1 -2 -3  7 -5 -2  1 -1  0 -3 -1 -2  3  3 -3    4   8   5   2   2   6   1   1  30   0   4   8   1   3   1   4   2   4  10   2  0.75 0.44
  139 S    1 -1 -2 -5 -2 -2 -4 -2  0 -5 -4 -3 -2 -3  6  1  0 -6 -2 -2   13   4   1   0   1   1   0   3   2   0   2   1   1   1  50   9   5   0   1   3  1.24 0.61
  140 L   -1 -1 -2 -3 -1 -1 -3 -2  0  1  2 -2  3  2 -1 -2  0  1 -1  2    5   4   1   2   1   3   0   3   3   7  21   1   8   9   2   2   5   2   1  17  0.22 0.20
  141 T    0  3 -1 -1 -1  0 -1 -2  0 -2 -2  2 -1  0 -1  1  0  6 -2 -2    7  15   3   4   1   4   4   3   2   3   4  13   1   3   2   9   5  13   1   3  0.34 0.25
  142 S    2 -1 -1 -2  2 -2 -2 -2  1 -2 -2 -1  1 -1  0  3  0  1  0 -2   20   3   2   2   4   2   2   2   3   2   3   3   3   3   5  29   5   2   3   3  0.38 0.33
  143 T   -1  3 -1 -3 -1  3 -3 -1  3 -2  0  1  2 -1 -2  0  0  1 -1 -3    5  16   3   1   2  13   1   5   8   2   9   7   5   3   2   7   5   2   2   1  0.28 0.25
  144 Q   -3  4  3 -2 -1  3 -2 -1  2 -3 -3  2  0 -2 -2  1 -1  1 -2 -3    2  22  12   2   1  11   2   4   4   1   3  11   2   2   2   9   4   2   1   2  0.47 0.35
  145 L   -1  1 -1 -4  1 -2 -4 -3  4  1  2  0  1  1 -2 -1 -1  3  2  0    4   8   3   1   3   2   1   2   9   7  18   5   4   5   2   6   3   5   7   5  0.28 0.21
  146 R   -4  7 -3 -4  0  0 -4 -2  1 -4 -5  1 -3 -4 -2 -2 -3  0 -2 -3    1  57   1   1   2   5   1   3   3   1   1   9   1   1   2   3   2   2   2   2  1.49 0.81
  147 T   -3  3  1 -4 -2 -1 -5 -2 -2 -6 -3  2 -3 -3 -2  1  5 -2 -1 -4    2  13   7   1   1   3   1   4   1   1   3  10   1   1   2  12  33   1   2   2  0.82 0.54
  148 R   -2  4 -3 -6 -1 -1 -2 -3  0  0 -1  2  0 -3  2 -1 -1 -1 -3  1    4  25   1   0   1   3   2   2   2   4   6  12   2   1  11   6   4   1   1  10  0.48 0.35
  149 G    0  4 -1 -3  1 -1 -3  1  1 -2 -1  1 -2 -1 -2  1  0  2 -1 -2    7  23   3   2   3   2   2  10   3   2   5  10   1   3   2   9   7   2   2   3  0.36 0.26
  150 H   -1  0  0  0  2  0  0 -1  2  0 -1  0  2  1  0 -1  0  3  1 -1    5   5   5   5   5   5   5   5   5   5   5   5   5   5   5   5   5   5   5   5  0.09 0.08
  151 M    3  1 -1 -2  1 -1 -2 -1  0  0 -1 -2  1 -1 -1 -1  0  2  0  0   24   7   3   3   3   3   3   5   3   6   5   3   4   3   3   5   7   3   3   8  0.21 0.18
  152 R   -1  3 -1 -5  1  0 -2 -1  1  1  0  1  1  0 -1 -1 -1  3  1  0    6  14   3   0   3   3   3   4   4   9   9  10   3   3   3   4   3   3   5   6  0.19 0.14
  153 A    1  0 -3 -4 -1 -2 -4  0 -2  2  1 -1  1  0 -1 -1 -1  2  0  1   15   4   1   0   2   1   0   7   1  14  15   4   4   4   3   3   3   3   3  12  0.19 0.18
  154 S    1 -1 -2 -3  0 -2 -4 -1 -2  3  0 -1  0 -1 -3  0  1  1 -2  3   13   3   1   1   2   2   0   4   1  16   8   5   2   2   1   8   9   2   1  20  0.25 0.22
  155 L    0 -3  0 -5  7 -5 -4 -4 -5  2  1 -5  0 -2 -5  1 -1  1 -1  1    6   2   4   0  25   0   1   1   0  11  16   0   2   2   0  13   3   2   2   9  0.75 0.42
  156 T    2 -4 -4 -5  2 -2 -4  0 -4  2  1 -3  0  0 -2 -1  0 -1 -2  2   18   0   0   0   5   2   0   9   0  12  16   1   2   5   1   4   7   1   1  16  0.32 0.24
  157 A    3 -3 -3 -5  4 -2 -4  1 -2  1  1 -4  0  0 -4  0  0 -5 -4  2   23   1   1   0   9   1   0  13   1   6  11   0   2   5   0   6   6   0   0  14  0.39 0.29
  158 I    0 -3  1 -3  2 -2 -2  0 -2  0  0 -2  2  1  1  0  0  4 -1  0    8   0   7   0   7   0   0   8   0   8   8   0   7   7   8   8   8   7   0   8  0.16 0.13
  159 W   -1 -4 -4 -5 -4 -3 -4  0 -3  0 -1 -4 -2  1 -4 -1 -3 10  2  0    6   0   0   0   0   0   1   6   0   6   7   1   0   6   0   6   1  48   5   6  1.54 0.44
  160 L    1 -3 -3 -4  1 -3 -3  0 -3  2  2 -3  2  0 -3 -1  0  5 -2  1   13   0   0   0   4   0   0   7   0  13  20   0   7   4   0   4   4  10   0  13  0.28 0.15
  161 L    0 -3 -3 -4  1 -3 -3 -2 -3  2  2 -3  1  1 -1 -1 -1  4 -2  2   11   0   0   0   4   0   0   2   0  10  31   0   4   5   2   3   4   6   0  16  0.31 0.17
  162 S    3 -3 -1 -3  1 -2 -1  0 -3  0 -1 -2  0 -2 -2  2  0  2 -3  1   28   0   2   0   3   0   2   6   0   5   6   0   3   2   0  24   4   3   0  12  0.29 0.20
  163 G    1 -3 -1 -3  1 -3 -3  1 -3  1  2 -3  0  2 -3  0  0  1 -1  1   14   0   2   0   3   0   1  12   0   9  25   0   2  10   0   5   4   2   1   9  0.20 0.17
  164 V    1 -4 -4 -5  0 -2 -3 -2 -4  2  3 -4  1  0 -3 -2  0 -1 -3  2   14   0   0   0   2   1   1   4   0  12  35   0   2   4   1   2   5   1   0  17  0.41 0.27
  165 L    1 -3 -2 -4  1 -1 -2 -1 -2  1  3 -3  1  1 -2  0 -1 -1 -1  1   13   0   2   0   3   3   2   4   1   8  31   0   4   7   2   5   3   1   1  10  0.22 0.18
  166 A    2 -2  0 -2  2 -1 -2  0  0  0 -1 -2  1 -3 -2  3  2 -1 -2  0   19   1   3   1   5   1   1   6   3   4   6   1   3   1   1  24  12   1   1   6  0.26 0.23
  167 A    1 -3 -2 -4  0 -1 -3 -2 -3  2  2 -3  1 -1 -4  1  1 -2 -2  1   13   1   2   0   2   2   1   2   0  13  28   0   4   2   0  12   7   1   1  10  0.28 0.22
  168 P    0 -2  0 -3  2  1 -2  0  2  0  0  0  1  1  1  0  0  3 -2  0    6   0   6   0   6   6   0   6   6   6   6   6   6   6   6   6   6   6   0   6  0.10 0.14
  169 T    0 -1 -1  0 -1  0  0 -2  0  0  0 -1  0  1  1  0  0  0  0  0    7   2   3   6   2   4   6   3   3   8   9   3   3   8   8   5   7   2   4   7  0.04 0.05
  170 L    0 -4 -2 -4  0 -1 -2 -2  0  1  2 -3  2  3  1 -1  0  2  0  0    9   0   2   0   2   2   3   2   2   9  24   0   6  12   6   3   5   3   3   6  0.26 0.23
  171 L   -1 -2 -2 -3  0 -1 -4 -2 -1  2  2 -3  1  1 -2 -1 -1  1  2  2    6   2   1   2   2   3   0   3   2  14  22   1   4   7   2   5   4   2   6  12  0.26 0.21
  172 F   -1 -3 -2 -3 -1 -2 -3 -4  0  0  0 -3  1  6 -6 -2 -2  2  4 -1    5   1   2   1   1   2   2   2   2   5  10   2   3  36   0   3   3   2  14   4  0.85 0.49
  173 R    0  3  0 -1 -1  1  0 -1  2 -1 -1  0 -1  0 -1  1 -1 -1  1 -1    8  18   4   3   2   6   5   4   6   3   5   6   2   3   2   9   3   1   5   5  0.16 0.15
  174 T   -1  0  1  1  0  1  1  0  0 -2 -2  0  0 -2 -1  1  2 -1 -1 -1    5   5   6   7   2   8  10   7   3   2   4   6   2   1   2   8  15   1   2   4  0.14 0.15
  175 T   -1 -2 -1 -3 -2 -1  0 -1  1 -1 -1 -1 -1 -3  0  1  4 -1 -3  1    5   2   4   1   1   3   7   5   3   3   7   4   1   1   4  10  27   1   1   9  0.38 0.30
  176 V    0  0 -1 -1 -1 -1 -1 -2  0  1  0  0  1  0 -2 -1  0 -3  1  3    6   4   2   3   1   3   3   2   3   9   9   5   4   5   2   5   7   0   4  22  0.16 0.14
  177 Y   -2  0  0 -2 -2  1  0 -3  4 -1 -2  0  0  1 -1 -1  1  1  4 -1    3   5   4   3   1   6   5   2   8   3   5   6   2   6   4   6   8   2  16   5  0.33 0.20
  178 D   -2  0  1  3 -1  0  2 -1  0  0 -1  1 -2 -2  0 -1 -1 -2  0 -1    3   5   7  18   1   4  11   4   2   6   7   7   1   2   5   5   3   1   3   5  0.21 0.16
  179 V   -1 -1  0 -1  1  0  0 -1  1  0 -1  0  1  0  1 -1  0  2  1  1    5   4   4   4   3   4   6   4   4   6   7   4   4   4   7   5   6   3   5  11  0.06 0.06
  180 E   -1  1  1  1  1  1  2 -1  2 -1 -2  0  0  0  0 -1 -1  2  0 -2    4   6   6   8   3   6  13   5   5   3   4   6   3   4   5   5   4   3   4   3  0.13 0.13
  181 T   -1  0  1  0  1  0  0  1  1 -1 -1  0  0 -1  0  0  0  1  0 -1    5   4   6   6   3   4   6  10   4   4   7   6   3   3   5   9   6   3   3   5  0.04 0.04
  182 N   -1  0  0  0  2  0  0 -1  2  0 -1  0  2  1  0 -1  0  3  1 -1    5   5   5   5   5   5   5   5   5   5   5   5   5   5   5   5   5   5   5   5  0.09 0.08
  183 R   -2  3  0  0  1  1  0 -1  2 -1 -2  1  0  0 -1 -1  0  2  0  0    3  15   5   5   3   5   7   4   5   4   4   8   3   4   3   4   5   3   4   6  0.16 0.13
  184 T   -3 -1  0 -2  0 -1 -1 -1  1  1 -1 -1  0 -1 -1  0  4  0  1  0    2   3   4   2   2   3   5   5   4   7   6   4   2   3   4   7  24   2   4   7  0.27 0.23
  185 S   -1  0  0  0  2  0  0 -1  2  0 -1  0  2  1  0 -1  0  3  1 -1    5   5   5   5   5   5   5   5   5   5   5   5   5   5   5   5   5   5   5   5  0.09 0.08
  186 C   -3 -1 -1 -1  8 -1 -2 -2 -7 -1 -2 -2  1  0 -2 -2  0  2  0 -2    3   3   3   4  37   3   3   4   0   3   4   3   3   4   3   4   5   2   4   3  1.12 0.61
  187 A   -1  0  0  0  2  0  0 -1  2  0 -1  0  2  0  0 -1  0  3  1 -1    5   5   5   5   5   5   5   5   5   5   5   5   5   5   5   5   5   5   5   5  0.04 0.08
  188 M   -2 -1  0 -1  2  0  1 -3  0  0  1 -1  3  0 -1 -1 -1  1  1  0    4   3   4   4   5   4  10   2   3   6  14   3   8   5   4   4   4   2   5   7  0.12 0.12
  189 D   -2  0  2  4  1  0  0 -2  2 -2 -2 -1  0 -1 -1 -1  0  0  0 -1    4   4   9  22   3   4   6   3   4   2   5   4   2   3   3   5   6   1   3   5  0.30 0.23
  190 F   -3  0 -2 -2  1 -2 -1 -3  0 -2 -1 -2  0  5 -2 -3 -1  4  5 -2    2   4   2   3   3   2   4   3   3   3   7   2   2  21   3   2   4   6  20   4  0.73 0.41
  191 N   -1 -1  3  1  1  0  0  0  1 -1 -2 -1 -1 -2  2  1  0  0  0 -2    4   3  13   7   3   4   6   8   4   3   4   3   2   2  10  11   6   1   3   3  0.19 0.15
  192 L   -1 -1 -1  0  1  0  0 -1  0  1  2 -1  1  1  0 -1  0  2  1  0    5   3   3   4   4   3   6   4   3   7  18   5   3   5   5   5   5   3   4   7  0.06 0.04
  193 V   -1  0  0  0  2  0  0 -1  2  0 -1  0  2  1  0 -1  0  3  1 -1    5   5   5   5   5   5   5   5   5   5   5   5   5   5   5   5   5   5   5   5  0.09 0.08
  194 V   -1 -1 -1  0  1 -1 -1 -1 -1  1  0 -1  0  0  1 -1  0  2  0  2    6   3   3   5   4   2   5   4   2   7   7   4   2   4   7   5   7   3   3  16  0.09 0.07
  195 S    0 -1  0  1  1 -1  0 -1  1 -2 -2 -1 -1 -1  1  3  0  1  0 -2    7   4   5   7   3   2   6   5   3   2   5   4   2   2   8  20   6   2   3   3  0.18 0.18
  196 Q   -2  1  1  1 -1  3  1 -1  3 -2 -3  0  1 -1  0  1 -1  3  0 -2    3   6   6   6   1  11   8   4   6   3   3   7   3   3   6   9   3   4   3   3  0.19 0.20
  197 P   -1 -1  0  0  1  0  0 -2  1 -2 -2 -1  1 -1  4 -1  0  2  0 -1    4   3   4   6   2   4   6   3   4   3   4   5   3   3  20   5   7   3   3   4  0.23 0.24
  198 G    0 -1  1  0  0  0  0  1  1 -1 -1 -1  1  0  0  0 -1  2  1 -1    6   4   7   6   3   3   7  13   4   4   5   4   3   4   5   7   4   3   5   4  0.08 0.07
  199 Q   -1  0  0  0  2  0  0 -1  2  0 -1  0  2  1  0 -1  0  3  1 -1    5   5   5   5   5   5   5   5   5   5   5   5   5   5   5   5   5   5   5   5  0.09 0.08
  200 E   -1  0  0  0  2  0  0 -1  2  0 -1  0  2  1  0 -1  0  3  1 -1    5   5   5   5   5   5   5   5   5   5   5   5   5   5   5   5   5   5   5   5  0.09 0.08
  201 T    0  0  0  0  1  0 -1 -1  1  0 -1  1  1  0 -1  1  1  2  0  0    6   5   4   5   3   5   4   4   3   5   6   9   3   4   4   9  11   3   3   5  0.06 0.06
  202 Y   -1 -1  0 -2  0  0 -2 -2  2  0 -1  0  1  3 -2 -1 -1  3  4 -1    5   4   5   3   2   4   3   3   5   4   7   5   3  10   3   5   4   4  15   5  0.27 0.19
  203 W   -2  0 -2 -3 -1 -1 -2 -2  1 -1 -1 -1  1  2 -3 -2 -2  9  3 -1    4   5   2   2   1   3   3   3   3   3   6   4   3   7   2   3   3  30   8   4  1.14 0.61
  204 I   -2  1 -2 -2 -2 -1 -1 -3  0  2  2  1  2  1 -1 -1  0  0  0  1    4   7   2   3   1   3   4   2   3  10  17   9   5   5   3   4   5   1   3   9  0.14 0.10
  205 A    1  0 -1 -3  0 -1 -2 -1  1  1  1  0  1  0  0 -1  0  0  1  1   13   5   3   1   2   3   2   5   3   7  12   6   3   4   5   5   7   1   4   9  0.07 0.06
  206 G    1 -2  0 -2 -1 -2 -3  2  0  0  0 -1  0  2 -2 -1  0  2  1  1   14   2   4   3   1   2   2  14   2   6   8   4   2   8   2   5   5   3   5  10  0.14 0.10
  207 L   -4 -1 -2 -3  0 -2 -3 -4  2  1  3 -3  4  3 -3 -2  0  0  3  0    2   3   2   1   2   2   2   2   4   7  23   1  10  11   1   3   6   1   9   6  0.53 0.31
  208 S    0  1  2 -2  0  1 -2 -2  1  0 -1 -1 -1  2 -2  2  0 -6  0  0    8   7  10   2   2   7   2   4   3   5   5   3   2   8   2  14   7   0   4   7  0.18 0.17
  209 I   -3 -4 -3 -4  0 -3 -4 -3 -2  4  3 -3  1  2 -4 -3 -1  0  1  2    2   1   1   1   2   1   1   2   1  22  26   2   3   7   1   2   3   2   5  13  0.67 0.36
  210 S    0 -2 -2 -5  2  1 -1 -1 -1  1  1 -2  1  2 -2  1  1  0  2  0    8   2   2   0   4   6   3   5   1   7  12   2   4   8   2   9   8   1   8   7  0.17 0.13
  211 S   -1  2 -1 -2  1  2 -1 -3  0  0  0  0  2  0 -2  1  1  0  0 -1    5   9   2   2   3   8   4   2   2   6  10   7   5   3   2  11  10   1   3   5  0.14 0.13
  212 T   -1 -3  2 -3  1  0 -2 -2  1  1  1 -3  1  3 -3 -1  2 -5 -2  1    4   1  10   1   3   4   2   3   4   8  12   1   3  15   1   4  15   0   1   9  0.31 0.26
  213 A    0  0  0 -2  2  0 -2 -1  2  0 -1  0  1  0  1  0  0 -3  1  0    6   6   5   0   5   5   0   6   5   6   6   6   5   5   6   6   6   0   5   6  0.02 0.11
  214 L   -1 -2 -2 -4  0 -3 -4 -3 -3  2  3 -3  1  3 -1 -2 -1 -3  0  1    4   2   2   0   2   0   0   2   0  11  30   0   4  17   3   3   3   0   2  12  0.40 0.25
  215 G    0 -2 -1 -3  2 -1 -2  5 -1 -2 -1 -3  0  1 -4  0 -1 -4  0 -2    6   2   2   0   5   3   2  47   2   2   5   0   3   6   0   5   4   0   3   2  0.62 0.34
  216 F   -5 -5 -5 -6  1 -5 -6 -6 -4 -1  0 -5  0  7 -6 -2 -2  2  4 -1    0   0   0   0   3   0   0   0   0   3   8   0   2  56   0   3   3   2  15   3  1.53 0.63
  217 L    0 -3 -4 -5  2 -4 -4 -2 -4  2  3 -4  0  2 -3 -2 -2 -1  0  2    7   1   0   0   6   0   0   4   0  12  32   0   1  12   1   1   2   1   3  16  0.43 0.27
  218 I   -1 -4 -3 -5  0 -4 -5 -3 -4  4  2 -4  1  2 -3 -3 -2 -1  0  3    3   0   1   0   2   0   0   2   0  27  25   0   2   8   1   1   1   1   4  19  0.57 0.31
  219 P   -2 -5 -5 -5 -1 -5 -5 -1 -5 -2 -2 -4 -5 -3  7 -2 -2  0 -2 -3    3   0   0   0   1   0   0   4   0   3   4   0   0   1  74   2   2   1   1   1  2.14 0.82
  220 L   -2 -2 -5 -5  1 -3 -5 -3 -4  0  4 -3  2  4 -3 -1 -2  0  0  1    1   2   0   0   4   1   0   1   0   3  41   1   4  20   1   5   1   1   2  11  0.61 0.36
  221 L    0 -4 -3 -3  2 -3 -3 -1 -2  2  2 -3  0  1  0  0  0 -1  0  2    8   0   1   1   5   0   0   5   1  10  26   0   2   7   4   6   5   1   3  15  0.23 0.18
  222 A    0 -3 -4 -5 -1 -3 -4 -3 -2  4  1 -4  0  0 -2 -1  0 -4  0  3    9   1   0   0   1   0   0   1   1  28  11   0   2   3   2   4   5   0   3  29  0.49 0.30
  223 M   -2 -2 -3 -5  0 -3 -4 -5 -4  5  1 -1  5 -1 -3 -2  1 -4 -3  1    2   3   1   0   2   1   0   0   0  38  13   3  17   2   1   1   7   0   0   9  0.70 0.40
  224 M    0  0  1 -2  2 -1 -2  0  2  0  0  0  1  1 -2  0  0 -3 -1  0    7   7   7   0   6   0   0   7   6   7   7   7   6   6   0   7   7   0   0   7  0.03 0.11
  225 V   -1  0 -3 -3  1 -2 -1 -1  0  1  1 -2  1  2 -1 -1  0  2  1  2    5   5   0   0   4   0   3   4   3  10  10   0   3  11   3   4   5   3   6  18  0.13 0.14
  226 C    0 -1  0 -4  8 -3 -4 -2  0 -1 -1 -2  0  0 -4  0 -1  2 -1 -1    7   4   4   0  38   0   0   3   2   3   6   2   2   5   0   9   4   3   2   3  0.80 0.43
  227 Y   -2  0 -1 -4  0 -2 -4 -1  1 -2 -1 -4 -1  1 -5  0 -1  3  7 -1    2   5   3   0   2   2   0   4   2   2   4   0   2   3   0   7   3   4  49   4  1.02 0.55
  228 G    0  0  0 -2  2  0 -1  1  0  0  0 -1  0  0 -2  1  0  1  0  0    8   4   4   0   6   4   2  13   2   6   9   2   2   5   2  11   7   3   2   8  0.05 0.08
  229 F   -2  0 -1 -2  1 -1 -2 -2  3  1  2  0  1  3 -2 -2 -1  5  0 -1    3   5   3   3   3   3   3   3   7   7  17   5   4  13   3   3   4   7   3   3  0.33 0.20
  230 I   -2 -1 -1 -7  1 -1 -7 -2  1  5  0 -2  4 -1 -7 -2 -1  2  0  1    3   3   3   0   3   3   0   3   3  32   7   3   8   3   0   3   4   3   3   9  0.69 0.39
  231 G    0  0 -1 -3  0 -1 -3  1  0  2  0 -1  2 -1 -1  0  0  2  0  0    8   5   3   0   2   2   1  12   3  13   9   3   6   2   2   8   5   3   3   7  0.06 0.12
  232 C   -1  2 -2 -3  5  0 -3 -2  0  1  1  0  0  0 -1 -1 -1  2  0  0    6  11   2   2  13   4   1   3   3   7  12   5   2   3   3   3   4   3   3   7  0.18 0.19
  233 T    0  2 -1 -3  1 -1 -1 -2  2 -1 -1  2  0 -1 -4  0  2 -1 -1  0    6  12   2   1   3   3   3   3   5   4   7  12   3   2   0   6  13   1   2   7  0.14 0.20
  234 V   -1  0  0  0 -3  0  0 -1  1  0 -1  0  1  0  0  0  0  3  1 -1    5   5   5   5   0   5   5   5   5   5   5   5   5   5   5   5   5   5   5   5  0.03 0.09
  235 T    0  1 -2 -2  1  0 -2 -2  0  0 -1  1  0  0 -1  0  2  2  0  0    8   8   2   3   3   4   2   4   2   6   7   8   3   4   3   8  12   3   3   7  0.06 0.10
  236 R   -1  0  0  0  2  0  0 -1  2  0 -1  0  2  1  0 -1  0  3  1 -1    5   5   5   5   5   5   5   5   5   5   5   5   5   5   5   5   5   5   5   5  0.09 0.08
  237 H   -1  2  0 -1  1  1 -1 -1  4 -1 -1  1  1 -1  1  0 -1  2  0 -1    5   9   5   3   3   7   4   5   9   3   5   9   4   3   6   7   4   3   3   4  0.17 0.15
  238 F   -1  1 -1 -1  1  0 -1 -1  0  1  1  0  1  1 -1  0  0  1  1  0    6   7   2   3   3   4   4   5   2   7  16   5   4   7   3   6   4   2   4   6  0.05 0.04
  239 N   -1  2  3 -1 -1  1 -1  0  2 -2 -2  0  1 -2  0  1  0 -6 -1 -1    6  11  12   3   2   6   4   8   4   3   3   5   3   2   4  10   6   0   2   4  0.19 0.17
  240 S    1  1  0 -1  0  1 -2  1  0 -1 -2  0  0 -3  1  2  1  0 -5 -1   10   9   5   4   2   6   2  11   3   3   4   6   2   1   6  14   7   1   0   4  0.17 0.17
  241 L    0  1 -1 -1  0  0 -1  0  0  0  1 -1  2  0 -1  0  0  0 -1  0    8   7   3   3   2   4   4   7   3   5  17   4   5   4   3   7   5   1   2   7  0.05 0.05
  242 R   -1  4  0 -2 -1  1 -2  0  1 -2 -3  2 -1 -2 -1  1  0 -1 -2 -2    6  22   4   2   1   7   3   7   3   2   3  11   2   2   3  11   5   1   1   3  0.34 0.30
  243 K    0  2  0 -2 -1  0  0  0  1 -2 -2  3 -1 -2 -1  1  0 -1 -2 -1    9  11   5   2   2   4   5   6   3   2   4  17   1   2   3  10   7   1   1   4  0.20 0.21
  244 E    0  2  0 -2 -2  2  2 -1  2 -2 -2  1 -1 -2 -1  1  0  0 -3 -2    7  10   4   2   1   9  11   5   4   3   4   9   2   2   3  12   6   1   1   3  0.20 0.22
  245 D   -1  1  1  1 -2  1  0  1  0 -1 -2  1  0 -2 -1  1  0  0 -3 -1    5   8   8   8   1   5   6  10   3   3   4   9   2   2   4   9   5   1   1   4  0.10 0.12
  246 Q   -1  0  0  0  2  0  0 -1  2  0 -1  0  2  0  0 -1  0  3  1 -1    5   5   5   5   5   5   5   5   5   5   5   5   5   5   5   5   5   5   5   5  0.04 0.08
  247 R   -1  4  1 -2  0  2 -1 -2  2 -2 -3  2  0 -2 -1 -1  0  1 -2 -2    5  22   5   2   2   9   5   3   4   2   3  12   2   2   3   5   5   2   2   3  0.40 0.32
  248 K   -1  3 -1 -2  0 -1 -1 -3  1 -2 -3  4 -1 -2 -2  1 -2  1 -1 -3    5  15   3   3   2   3   5   2   3   2   3  28   2   2   2   9   3   2   3   2  0.53 0.40
  249 R   -2  4 -1 -1  0  1 -2 -1  4 -3 -3  3  0 -2 -3  0 -1  0 -2 -2    4  23   3   3   2   6   3   6   8   2   3  14   2   2   2   7   4   1   2   3  0.49 0.36
  250 R   -3  5 -2 -3 -1 -1 -3 -4  1 -3 -4  5 -2 -8 -3 -2 -3  2 -2 -3    3  30   2   2   1   3   2   2   3   2   2  34   1   0   2   3   2   3   2   2  1.20 0.72
  251 L    3 -2 -3 -3  0 -6 -6 -4  0  1  0 -4  0  0  0  1  0 -1  1  2   24   2   1   1   2   0   0   1   2   8  10   1   2   3   5  10   6   1   5  15  0.42 0.29
  252 L   -1 -2 -2 -6  0 -3 -3 -3 -1  3  2 -3  1  2 -5 -2  2 -1 -1  2    6   2   2   0   2   1   2   2   1  14  21   1   4   8   0   3  13   1   2  12  0.40 0.27
  253 K   -1  5 -2 -6 -1 -1 -5 -4 -1 -2 -1  5  0 -2 -3 -3 -2  1 -2 -2    4  30   2   0   2   2   0   2   2   2   6  31   2   2   1   1   3   2   1   4  0.98 0.60
  254 I   -2 -7 -3 -7 -6 -6 -7 -5 -7  3  3 -3  5 -2 -7 -2  2 -7 -6  2    4   0   1   0   0   0   0   1   0  16  28   2  17   2   0   4  11   0   0  15  0.99 0.56
  255 I   -2 -6 -4 -7 -5 -4 -7 -4 -7  5  1 -4  2 -2 -7 -3 -1 -1 -6  4    4   0   1   0   0   1   0   1   0  35  12   1   5   1   0   2   4   1   0  31  1.16 0.60
  256 T    0 -3 -5 -5  1 -3 -5 -3 -2  2  2 -4  1  2 -4 -1  2 -1 -1  2    9   2   0   0   3   1   0   2   1  13  21   1   2   9   1   4  12   1   2  16  0.43 0.30
  257 T    3 -3 -5 -4  0 -4 -5 -2 -3  2  1 -4  1 -2 -5  0  1  0 -5  3   25   2   0   1   2   0   0   2   1  12  14   1   3   2   0   8   8   1   0  18  0.49 0.35
  258 L   -2 -6 -3 -6 -1 -5 -6 -4 -2  3  1 -6  1  0 -6 -3 -1 -5  1  5    3   0   1   0   1   0   0   1   1  17  14   0   4   3   0   2   3   0   4  43  0.98 0.52
  259 V   -1 -6 -6 -6 -1 -4 -4 -5 -6  3  2 -6  1 -1 -6 -3 -1 -2 -5  5    5   0   0   0   1   1   1   1   0  18  15   0   4   2   0   1   3   1   0  45  1.09 0.54
  260 V    2 -5 -5 -6 -1 -3 -5 -1 -6  2  3 -5  0  0 -5 -2  0 -6 -5  3   16   0   0   0   1   1   0   6   0  12  24   0   2   4   0   3   6   0   0  26  0.64 0.39
  261 V    2 -5 -3 -6 -1 -4 -5 -3 -6  2  1 -5  1 -1 -5  0  1 -6 -5  4   18   0   1   0   1   1   0   1   0  12  13   0   4   2   0   7   8   0   0  31  0.67 0.41
  262 F   -5 -5 -8 -8 -2 -8 -8 -6 -6 -5 -3 -8 -5  9 -4 -4 -5 -5  2 -3    1   1   0   0   1   0   0   1   0   0   2   0   0  85   1   1   1   0   5   2  2.95 1.14
  263 A    1 -5 -5 -6  0 -5 -5 -2 -5  1  2 -5  0  5 -5 -2  0 -2 -1  2   14   0   0   0   2   0   0   3   0   8  20   0   1  24   0   2   6   1   2  16  0.63 0.36
  264 A   -1 -5 -6 -6  0 -5 -5 -2 -6  4  3 -5  0  1 -4 -2 -2 -5 -4  3    5   0   0   0   2   0   0   3   0  22  29   0   2   6   1   2   1   0   0  25  0.79 0.41
  265 C   -2 -8 -7 -5 10 -7 -8 -4 -4 -3 -3 -7 -6  2 -7  1 -3 -7 -6 -4    3   0   0   1  70   0   0   1   0   1   3   0   0   7   0  11   1   0   0   1  2.84 1.03
  266 W   -6 -5 -8 -9 -3 -1 -8 -8 -3 -6 -4 -8 -6  5 -9 -7 -7 11  1 -3    1   1   0   0   1   4   0   0   1   0   1   0   0  25   0   0   0  61   4   2  3.30 1.16
  267 M    1 -5 -5 -6 -2 -4 -5 -1 -5  0  4 -5  2  2 -5 -2  2 -5 -4  1   10   0   0   0   1   0   0   5   0   4  39   0   5   8   0   3  16   0   0   9  0.65 0.39
  268 P   -5 -6 -7 -6 -7 -6 -6 -7 -7 -7 -4 -6 -7 -2  8 -6 -6 -8 -7 -7    0   0   0   0   0   0   0   0   0   0   2   0   0   2  94   0   0   0   0   0  3.37 1.18
  269 F   -4 -3  0 -6 -4 -3 -6 -6  2 -1 -2 -5 -3  5 -5 -1 -3 -1  7 -3    1   1   5   0   0   1   0   0   5   3   4   0   0  25   0   5   2   0  46   1  1.58 0.66
  270 H   -4 -2  4 -4 -3  1 -4 -6  9 -5 -6 -4 -5 -2 -6 -3 -2  1  1 -3    1   1  23   0   1   7   0   0  50   1   1   0   0   1   0   2   3   2   5   2  1.92 0.79
  271 V    0 -5 -5 -6  0 -5 -4 -4 -5  4  2 -5  0 -1 -1 -3 -1 -5 -4  4    6   0   0   0   2   0   1   1   0  29  17   0   1   2   4   1   4   0   0  30  0.78 0.39
  272 V    0 -3 -1 -4 -1 -2 -3 -3 -2  2  2 -4  2  2 -4  0  0 -1  0  3    6   1   3   1   1   1   1   1   1  13  17   0   5  10   0   6   7   1   3  23  0.35 0.23
  273 K   -1  2  2 -2 -2  2 -2 -2  0  0  1  0  0 -1 -3  0  1 -2 -1  0    3  12  11   1   1  11   1   3   3   6  18   6   3   2   1   5   7   0   2   5  0.16 0.16
  274 T   -1 -4 -1 -4 -2 -3 -4 -3 -4  2  3 -4  1  3 -2 -2  1 -2 -1  1    6   0   3   0   1   0   1   2   0  13  29   0   4  14   1   3  11   0   1   9  0.43 0.26
  275 M   -2 -3 -4 -5 -1 -2 -4 -4 -2  3  3 -3  2  1 -3 -3 -2  4  0  2    3   1   1   0   1   2   1   1   1  16  31   1   6   5   1   1   2   6   3  16  0.57 0.29
  276 D   -1  1  1  2 -4  0  0 -1  3 -2 -1  0 -2  0 -3  0 -1 -1  2 -2    5   8   8  15   0   4   6   5   9   2   8   6   1   4   1   6   3   1   7   2  0.18 0.13
  277 A    1 -2 -2 -2 -2 -2 -1 -2  0  1  1 -2  1  0 -3  0  2  0  1  1   15   1   1   2   1   1   3   2   2   8  17   2   4   4   1   8  14   1   5   8  0.16 0.14
  278 L   -1 -3 -3 -4 -2 -3 -3 -3 -1  2  3 -3  1  2 -3 -2 -1  0  0  1    6   2   1   1   1   1   1   2   1  14  36   2   3  10   1   3   3   1   3   9  0.46 0.25
  279 S    0  0  1  0 -1  1 -1  0  2  0 -1  0  0 -1 -1  1  1  0  0  0    8   4   6   5   1   6   2   7   7   6   6   4   3   2   2  13   7   1   3   7  0.07 0.08
  280 Y   -2  2 -2 -1 -3 -1 -1 -2  2  0  0  1  0  1 -2 -1 -1  3  4 -1    3  11   2   4   0   3   4   3   5   4   9   8   2   7   2   4   4   4  16   5  0.22 0.16
  281 L   -1 -1 -2 -3 -2 -1 -2 -2  0  1  3 -2  2  2 -1  0  0  0  1  0    4   3   2   2   1   3   2   2   2   7  29   2   4  11   3   7   4   1   5   6  0.23 0.17
  282 N   -1  0  3  2 -2  0  0  1  2 -1 -2  0 -2 -2  0  0  0  0  0 -2    3   5  14  11   1   4   6  12   5   3   4   5   1   2   4   7   5   1   4   3  0.19 0.14
  283 L    0 -1 -2 -2 -3  0 -1 -1  0  1  2 -1  1  1  0 -1 -1  0  0  1    6   3   2   2   0   3   4   4   3   9  20   5   4   6   5   5   4   1   3  12  0.09 0.08
  284 A    0 -1 -1 -1 -2  0  0  0  0  1  0  0  0  0  0  1  1  0 -1  1    9   3   3   3   1   3   4   6   3  10  10   4   2   5   5   9   9   2   2   9  0.03 0.04
  285 P   -1 -1  0  0 -4  1  0 -2  1 -1 -2  0 -1 -1  5 -1  0 -1 -1 -1    5   4   5   4   0   6   5   3   3   4   5   4   2   3  29   5   6   1   2   4  0.44 0.25
  286 D   -1  0  1  3 -2  0  1 -1  0 -3 -2  0 -2  0 -1  1  1  1 -1 -3    4   6   8  19   1   3  10   4   3   2   4   5   1   4   4  11   8   2   2   2  0.24 0.18
  287 S    0 -2  1  1 -1 -1  0  0  1 -3 -3 -1 -1 -2  0  4  1 -1 -1 -2    6   2   7   7   1   3   5   6   3   2   3   3   1   1   5  30  10   1   2   3  0.33 0.25
  288 C   -1 -2  0 -2  9  0 -1 -2 -2 -2 -1 -2 -3 -1 -1 -1 -2 -1 -2 -2    5   2   4   3  42   4   4   3   1   3   6   3   1   2   3   6   3   1   2   3  1.18 0.49
  289 T    1  0  0  0 -2  0  1  0  1 -2 -2 -1 -1 -1  0  1  2  0  0 -1   10   4   3   5   1   5   9   8   3   2   4   4   2   3   4  11  13   2   4   4  0.11 0.10
  290 F   -1 -1 -2 -1 -3  0 -2 -3  1 -1  1 -2  1  4 -3 -1  0  4  3  0    6   3   1   3   1   4   3   2   3   3  15   2   3  18   1   5   7   6   8   6  0.33 0.20
  291 L   -1  0 -1 -1 -3  0  1 -2  0  0  1  0  0  0 -2  0 -1  1  1  0    5   5   2   3   0   5  10   4   2   7  14   4   3   5   2   9   4   2   6   8  0.07 0.07
  292 N    0  1  3  0 -4  1  0 -1  2 -1 -2  1 -2 -1 -2  0  0 -2  1 -2    6   8  16   5   0   7   5   4   6   3   5   9   1   2   2   8   5   1   4   3  0.22 0.17
  293 L    1  0 -1 -2 -2  0 -2 -2  0  1  1 -1  0  1 -3  0 -1  1  0  1   10   6   2   3   1   5   2   3   2   9  17   3   2   7   1   6   4   3   3  11  0.11 0.10
  294 L   -2 -2 -4 -5 -4 -1 -4 -5  0  3  3 -2  1  2 -6 -3 -1  1  1  2    4   2   1   1   0   3   1   1   2  15  32   2   3   7   0   2   4   2   5  13  0.57 0.30
  295 L   -1  0  0  2 -2  0 -1 -2  1  1  0  0  1  1 -3 -1  0 -2  2  0    6   6   4  15   1   4   2   3   4   7  11   4   3   7   1   3   5   1   8   6  0.14 0.12
  296 L    0 -1 -2 -4 -2 -2 -3 -3 -1  3  2  0  1  1 -3 -2  0  2  2  1    7   3   2   1   1   2   2   3   1  16  17   6   4   5   1   2   6   2   8  11  0.27 0.17
  297 A    4 -3 -4 -4  0 -3 -3  2 -2  0 -2 -4 -1  0 -3  1 -1  1  0  1   32   1   1   1   2   1   1  13   1   6   4   1   2   4   2  10   4   2   3   9  0.46 0.29
  298 H   -2  0  0 -2 -3 -1 -2 -3  4  1  1 -2  2  2 -4 -1 -1 -1  4  0    3   5   6   3   1   2   2   2  11   8  13   3   5   8   1   4   3   1  15   5  0.37 0.21
  299 P   -1  0 -1 -1 -4  3 -1 -3  2  0 -2  0  0 -1  4  0  0 -2  1  0    4   4   3   3   0  12   3   2   6   5   4   5   3   3  19   7   6   1   4   6  0.33 0.22
  300 Y   -1 -3 -3 -4 -2 -3 -4 -4 -3  4  1 -4 -1  3 -3 -2 -2  1  1  3    5   1   1   1   1   1   1   2   1  21  14   1   1  11   1   3   3   2   5  24  0.61 0.28
  301 A    2 -4 -4 -5  3 -4 -4 -1 -4 -2 -3 -4 -2 -1 -4  3  5 -1 -4 -1   18   1   1   1   5   0   1   4   0   2   3   1   1   2   1  20  31   1   1   5  0.81 0.47
  302 T   -1  0 -1 -3 -1  1  1 -2  0  1  1 -1  1  0 -3  0  2 -2 -1  1    3   6   2   1   1   6  10   2   2   6  15   3   4   4   1   7  13   0   2  10  0.15 0.14
  303 C    2 -5 -3 -6  8 -6 -6 -1 -5  0 -2 -6 -1 -1 -1  1  0  1  0 -1   15   1   1   0  32   0   0   6   0   4   5   0   1   2   3  12   7   2   3   5  1.06 0.52
  304 L   -6 -8 -6-10 -2 -8 -9 -9 -9  2  6 -8  2  2 -9 -6 -5 -4 -7  0    1   0   0   0   1   0   0   0   0  11  67   0   4   8   0   1   1   0   0   5  1.77 0.80
  305 A    5 -6 -5 -7  0 -5 -6  1 -7 -5 -6 -6  0 -4 -4  3  0 -8 -6 -1   51   0   0   0   2   0   0  11   0   0   1   0   2   1   1  19   6   0   0   5  1.27 0.72
  306 Y   -2 -6 -2 -7  2 -7 -7 -5  1 -3 -1 -6  1  5 -6  1  0 -2  6 -4    4   0   2   0   3   0   0   1   3   1   5   0   3  25   0  12   5   0  32   1  1.34 0.67
  307 V    2 -6 -6 -6  0 -6 -6 -4 -6  1  3 -6  2  3 -6  2  1 -6 -5  1   17   0   0   0   2   0   0   1   0   9  24   0   4  11   0  14   7   0   0  10  0.65 0.41
  308 N   -7 -3  8 -6 -6 -5 -7 -5  6 -7 -9 -7 -9 -9 -9  1 -6 -5 -2 -9    0   2  66   0   0   0   0   1  19   0   0   0   0   0   0   9   0   0   2   0  2.61 1.18
  309 S   -2 -7 -3 -7  7 -7 -6 -3 -8 -5 -8 -7 -5 -4 -5  6 -2 -9 -8 -3    3   0   1   0  23   0   0   2   0   1   0   0   0   1   1  62   2   0   0   2  2.13 1.02
  310 C    0 -9 -9-10 10 -9 -9 -5 -9 -3 -4 -9  1 -2 -9 -1 -4 -9 -5 -1    7   0   0   0  72   0   0   1   0   2   2   0   3   2   0   4   1   0   0   5  3.16 1.20
  311 L   -1 -7 -8 -8 -1 -7 -8 -8 -4  3  4 -7  1  2 -7 -5 -4 -7 -1  2    6   0   0   0   2   0   0   0   0  16  45   0   3   7   0   0   1   0   2  16  1.17 0.57
  312 N   -8 -7  8  4-10 -7 -7 -8 -2 -8-10 -5 -9-10 -9 -4 -4-11 -9-10    0   0  75  20   0   0   0   0   1   0   0   0   0   0   0   1   1   0   0   0  2.90 1.26
  313 P   -6 -9-10 -9-11 -9 -9-10 -3-11 -6 -9-10-11  8 -8 -9-12-11-10    0   0   0   0   0   0   0   0   1   0   1   0   0   0  98   0   0   0   0   0  3.83 1.58
  314 L   -4 -4 -8 -9 -4 -7 -8 -8 -7  5  2 -7  0  4 -5 -7 -6 -6 -3  3    2   1   0   0   0   0   0   0   0  32  22   0   2  19   1   0   0   0   0  22  1.40 0.63
  315 L   -3 -8 -8 -9 -7 -7 -8 -9 -8  4  5 -8  1  0 -6 -7 -6 -7 -6  2    2   0   0   0   0   0   0   0   0  25  54   0   3   4   0   0   0   0   0  11  1.58 0.69
  316 Y   -8 -4 -7-10 -9 -6 -9-10 -4 -8 -3 -9 -8 -1-10 -6 -8 -3 10 -7    0   1   0   0   0   0   0   0   0   0   2   0   0   2   0   1   0   0  92   0  3.83 1.43
  317 A    3 -6 -2 -6  3 -3 -5 -1 -3 -1 -2 -5 -4  2 -6 -1  0 -3  4  2   28   0   2   0   7   1   0   6   0   4   4   0   0   9   0   4   6   0  13  15  0.64 0.39
  318 F   -5 -5 -9 -9  1 -6 -9 -5 -2 -1  1 -8 -2  8 -3 -5 -4  2  2 -2    1   1   0   0   3   0   0   1   1   4  12   0   1  62   2   1   1   3   5   2  2.01 0.84
  319 F    1 -5 -6 -6 -1 -4 -6 -3 -6  2  2 -5  4  2 -6 -1 -1 -6 -3  4   10   0   0   0   1   1   0   2   0  11  23   0  11   7   0   4   3   0   1  26  0.77 0.41
  320 D   -1  0  2  1  0 -3 -5  5 -2 -7 -7 -3 -7 -6 -3  3 -1 -8 -6 -6    4   5   8   9   2   1   0  39   1   0   0   1   0   0   1  25   3   0   0   0  1.01 0.55
  321 L   -1  2  0  2 -6  2  3 -1  0 -4 -2  2 -3 -3 -1 -1 -2 -6 -3  0    4  12   4  10   0   9  17   4   2   1   4  15   0   1   3   5   2   0   1   7  0.36 0.26
  322 R   -2  3  4  1 -7  0  1 -1  3 -7 -6  3 -3 -5 -5  0 -2 -7 -2 -5    3  14  21   7   0   3   8   4   6   0   0  19   1   0   0   7   3   0   1   1  0.73 0.43
  323 F   -5 -9 -6 -8 -1 -5 -7 -8 -7 -3 -2 -7 -2  9-10 -6 -8 -6  3 -4    1   0   0   0   2   1   0   0   0   2   3   0   1  81   0   0   0   0   8   1  2.97 1.14
  324 R   -6  7 -4 -7 -9  3 -4 -8 -2 -6 -7  3 -6 -9 -8 -5 -5 -5 -8 -8    0  70   1   0   0  11   1   0   1   0   0  14   0   0   0   1   0   0   0   0  2.39 1.04
  325 S   -1  2  1  0 -1  2  2  0  1 -5 -4  3 -3 -4 -3  0 -1 -4 -4 -4    5  12   8   6   1   9  12   6   3   0   2  23   1   1   1   8   3   0   0   1  0.49 0.32
  326 Q    0  3  1  0  0  2  1 -3  4 -5 -5  3 -1 -4 -4 -1 -1  0  0 -4    8  17   5   4   2  10   8   2  10   0   0  19   1   1   0   4   3   1   3   1  0.56 0.35
  327 C    0 -2 -5 -4  5 -3 -5 -5 -5  1  3 -3  0  4 -2 -3 -3 -2 -2  2    8   3   0   1  13   1   0   0   0   7  26   2   2  16   2   1   1   0   1  15  0.65 0.33
  328 L   -1  2 -2 -3  0  0 -3 -4 -1  1  3  0  2  0 -3 -1 -2  2 -3 -1    4  11   2   1   2   5   1   1   2   7  33   7   5   4   1   6   2   3   0   4  0.34 0.23
  329 C    0  3 -1 -3  5  1 -1 -2  1 -2 -3  1 -4 -3 -1  1 -1 -1 -2 -1    9  16   2   1  16   7   3   3   3   3   3  10   0   1   3  11   3   1   1   5  0.40 0.26
  330 L   -1 -1 -4 -5  0 -2 -4 -3 -4  2  4 -1  2  1 -1 -2 -1 -2 -2  1    5   4   1   0   2   2   1   2   0  10  41   4   5   5   3   3   3   1   1   7  0.49 0.27
  331 L   -1  0 -4 -5  1 -2 -3 -3 -1  0  4 -2  1  2 -1 -1 -2 -4 -1  0    5   4   0   1   3   2   1   2   1   4  44   2   2  10   3   5   2   0   2   5  0.51 0.28
  332 N   -1  3  2 -1  4  0 -2  1  2 -3 -3  1 -1 -3 -2  1  0 -1 -2 -2    4  15   9   3   9   4   2   9   6   1   2  11   2   1   2  11   5   1   1   3  0.31 0.21
  333 L   -2  1 -3 -2  5 -1 -3 -1 -1  0  2 -1  0  1 -4 -1 -1  2 -1  0    3   9   1   3  14   3   1   4   1   4  25   4   2   7   1   3   2   3   2   8  0.31 0.21
  334 K   -1  4  0 -2  0  1  1 -2 -2 -2 -3  3 -1 -1  0 -1 -1 -1 -4 -2    5  23   3   1   3   6   8   4   1   2   2  22   2   3   5   4   3   1   0   3  0.46 0.30
  335 K    0  4 -1  0 -2  0 -1  0 -1 -3 -2  4 -2 -2  0  0 -1 -6 -2 -2    6  21   3   5   1   4   3   6   1   1   3  25   1   2   4   5   4   0   1   3  0.43 0.28
  336 A    2  1 -1 -1  2  0 -1  0 -1 -1 -1  0 -1 -1  1  1 -1 -2 -1  0   21   8   3   3   5   4   2   8   1   3   5   5   1   2   6  11   3   1   2   7  0.13 0.13
  337 L   -1  1 -3 -3  2 -1 -2 -1 -4  1  3 -1  2  2 -1 -1 -1  0 -3  1    4   8   1   1   5   2   2   4   0   6  30   2   5   8   3   5   3   1   0   8  0.25 0.18
  338 H   -2  1 -1 -1  0  1  1 -1  5 -3 -1  0 -3  0  1  1 -2 -5  0 -3    1   9   2   4   3   6   8   5  18   2   7   4   0   4   8  13   2   0   4   2  0.36 0.26
  339 A    1  1 -2 -1  1  0  1  1  0 -3 -1  0 -1 -2  2  1  0 -1 -4 -1   12   8   1   2   3   4   8  13   2   1   6   4   2   1  11  13   4   1   0   5  0.20 0.17
  340 S    0  0 -1  1 -1  1  1  0 -1 -2 -3 -1 -1 -5 -1  4  1 -6 -5 -2    8   6   2   7   1   6   7   6   1   3   2   4   1   0   3  32   8   0   0   3  0.38 0.29
  341 P   -1  0 -2 -1 -1  0  0  0 -2 -1 -1  0  0 -2  5  1  0 -2 -3 -1    4   6   1   3   2   4   6   7   1   4   5   6   2   2  29   9   7   1   1   4  0.44 0.27
  342 A    2  0 -2 -1  0  0 -1  1  1 -2 -3 -1 -1 -1  0  2  1 -5 -2  0   17   6   1   3   2   3   3  12   3   2   1   2   2   3   5  18   9   0   1   6  0.22 0.19
  343 S    1  0 -1 -2 -2  1  0 -1  0 -2 -2 -1 -1 -3 -1  4  1 -6 -2 -1   13   6   2   2   1   5   5   4   3   2   4   2   1   1   3  34   9   0   1   3  0.41 0.31
  344 S    1  1 -1  0 -1  0  0 -1 -4 -5 -3  0 -3 -1 -1  4  2 -6 -3 -2   10   9   3   5   1   5   5   4   0   0   2   6   0   2   3  31  12   0   1   2  0.43 0.32
  345 L   -1  0 -1 -1 -2  0 -2 -2 -2  1  2  0  2  1 -2  1  0 -1  0  1    3   6   2   3   1   4   0   3   1   6  22   7   8   6   2  10   5   1   3   9  0.13 0.13
  346 S    0  0  0 -1 -3  0 -1 -1 -1 -3 -3 -1 -1 -4  0  5  1 -6 -3 -2    5   5   4   4   1   3   3   4   1   1   2   3   2   1   4  44   9   0   1   2  0.61 0.42
  347 S    0  1  1 -3 -3  1  0 -2 -2 -3 -4 -1 -3 -2 -2  4  2 -6 -1 -2    7   6   5   1   0   5   6   2   1   2   1   3   0   2   2  38  13   0   3   2  0.55 0.38
  348 Q   -1  2  0 -2 -1  3  1 -1  0 -3 -3  1  0 -5 -1  1  1 -2 -2 -3    5  14   4   2   1  18   8   5   3   1   2   7   3   0   3  11   9   0   1   2  0.34 0.26
  349 K   -1  2  1 -1 -3  1  1  0  0 -5 -2  3 -2 -3  1  1  0 -2 -1 -3    3  12   6   3   1   4   7   6   2   0   3  23   1   1   6  13   5   0   2   2  0.35 0.25
  350 T   -2  1  1  0 -2 -1 -1  0 -1 -3 -2 -1 -1 -5 -2  3  4 -6 -4 -2    2   7   5   4   1   2   3   7   1   1   4   3   1   0   2  22  31   0   0   3  0.51 0.36
  351 E   -1  1  2  0 -2  1  3 -2  2 -4 -3  1 -1 -2 -2  1  0 -2 -3 -4    5   9  10   4   1   7  24   3   6   1   2   6   1   2   2  10   4   1   1   1  0.38 0.26
  352 A    1  0  0 -2  0  0  0  1 -3 -2 -1 -1 -2 -1 -3  3  1 -5 -1 -1   11   5   4   1   2   4   5  10   0   2   6   2   1   2   1  31   7   0   2   4  0.30 0.25
  353 Q   -2  3 -1 -1 -5  3  1 -1  3 -3 -3  1 -4 -2 -3  2  0 -5  0 -2    1  15   3   3   0  17   8   4   7   1   2   8   0   1   1  17   6   0   4   2  0.45 0.31
  354 S   -1  0  0 -2 -5  0 -1 -1 -4 -4 -4 -1 -5 -6 -2  5  2 -7 -5 -1    3   5   5   2   0   3   4   5   0   1   2   3   0   0   2  49  14   0   0   4  0.82 0.49
  355 L   -2  0 -4 -4 -4 -1 -1 -5 -4  1  3 -1  3 -1 -4  1  1 -4 -3  2    1   7   0   0   0   3   3   0   0   8  32   3   7   3   0  11   9   0   0  14  0.40 0.26
  356 A    2  0 -1 -3 -4 -1  0 -1 -1 -3 -2  0 -3 -4  2  3  1 -5 -4  0   21   5   1   0   0   2   6   4   1   0   3   6   0   0   9  25   9   0   0   8  0.40 0.26
  357 T    0 -1 -3 -1  0  0 -1 -4 -4 -4 -3 -3 -3 -5 -4  3  5 -6 -5 -2    7   2   0   3   2   5   3   0   0   0   3   0   0   0   0  24  49   0   0   2  0.98 0.47
  358 K   -1  3  2  0 -5 -1  1 -2  1 -5 -5  5 -4 -5 -3  0 -2 -6 -4 -4    4  19  11   5   0   0   7   2   4   0   0  40   0   0   0   7   0   0   0   0  0.79 0.31
  359 V   -2 -4 -5 -5 -2 -4 -4 -5 -5  3  0 -4  0 -2 -4 -3 -2 -4 -3  5    0   0   0   0   0   0   0   0   0  16   5   0   0   0   0   0   0   0   0  79  1.03 0.25

                      K         Lambda
Standard Ungapped    0.1804     0.3555
Standard Gapped      0.1100     0.3190
PSI Ungapped         0.1804     0.3555
PSI Gapped           0.1100     0.3190
