
Last position-specific scoring matrix computed, weighted observed percentages rounded down, information per position, and relative weight of gapless real matches to pseudocounts
           A  R  N  D  C  Q  E  G  H  I  L  K  M  F  P  S  T  W  Y  V   A   R   N   D   C   Q   E   G   H   I   L   K   M   F   P   S   T   W   Y   V
    1 M   -1 -2 -2 -3 -2 -1 -2 -3 -2  1  2 -2  6 -1 -3 -1  2 -2 -2  0    0   0   0   0   0   0   0   0   0   0   0   0  82   0   0   0  18   0   0   0  0.61 0.05
    2 R   -1  3 -1  0 -4  1  3  2 -1 -4 -3  2 -2 -4 -2 -1 -1 -4 -3 -3    0  29   0   0   0   0  33  21   0   0   0  18   0   0   0   0   0   0   0   0  0.57 0.02
    3 S    0  3  0 -1 -2  0 -1 -1 -1 -3 -3  0 -2 -3 -2  4  2 -4 -2 -2    0  28   0   0   0   0   0   0   0   0   0   0   0   0   0  57  15   0   0   0  0.58 0.03
    4 C    1  1 -2 -3  7 -2 -3 -3 -3 -2 -2 -1 -2 -3 -3  1 -1 -4 -3 -2   13  14   0   0  59   0   0   0   0   0   0   0   0   0   0  15   0   0   0   0  0.80 0.06
    5 R   -1  5 -1 -2 -3  0 -1 -3 -1 -2 -2  1 -2 -3  1  2  1 -4 -3  0    0  55   0   0   0   0   0   0   0   0   0   0   0   0   5  19   8   0   0  12  0.57 0.06
    6 R   -2  6 -1 -2 -4  0 -1  2 -1 -4 -3  2 -2 -4 -3 -1 -2 -4 -3 -3    0  75   0   0   0   0   0  17   0   0   0   8   0   0   0   0   0   0   0   0  0.98 0.08
    7 L   -1 -3 -2 -3  4 -2 -3 -3 -3  2  2 -3  2 -1 -3  0  1 -3 -2  0    0   0   0   0  18   0   0   0   0  17  32   0  11   0   0  11  11   0   0   0  0.33 0.04
    8 D   -2  2  1  2 -4  0  1 -1  4 -3 -1  1 -2 -2 -3 -1 -2  3 -1 -3    0  16   5  16   0   0  11   5  18   0  11  13   0   0   0   0   0   6   0   0  0.33 0.04
    9 Q   -1  3  0  1 -4  4  1  1 -1 -4 -3  1 -2 -4 -2  1 -1 -4 -3 -3    0  29   0  11   0  30   7  11   0   0   0   0   0   0   0  11   0   0   0   0  0.55 0.06
   10 L    0 -3 -2 -3 -2 -2 -2 -3 -2  1  1 -2  0  1  3 -1  2 -2  2  0   11   0   0   0   0   0   0   0   0  11  22   0   0   6  20   0  19   0  11   0  0.36 0.04
   11 Q    0  3 -1 -2 -3  2 -1 -2 -1 -1  1  2  0 -2 -2  0 -1 -3 -2  0   11  26   0   0   0  16   0   0   0   0  23  11   0   0   0   6   0   0   0   7  0.28 0.04
   12 A    1  1 -1  1  2 -1 -1 -2 -2  0  1 -1  0  0 -2  1  1 -3 -2  0   22  10   0  11   6   0   0   0   0   5  17   0   0   7   0   8   9   0   0   5  0.10 0.02
   13 G    1 -1 -1 -2  2 -1 -2  2 -2 -1  0  0 -1 -2  2  1  1 -3 -2 -1   10   1   0   1   7   0   1  23   0   1  18   7   0   0  10   9  11   0   0   1  0.20 0.02
   14 L   -1 -3 -4 -5 -2 -3 -4 -4 -3  1  3 -3  2  3 -4 -3 -2 -2  0  2    4   0   0   0   0   0   0   0   0   4  38   0   8  20   0   0   0   0   0  27  0.48 0.09
   15 C    1 -3 -3 -4  6 -3 -3 -3 -3  2  0 -1 -1 -2  2  0  0 -4 -3  1   14   0   0   0  30   0   0   0   0  20   7   3   0   0  10   5   4   0   0   6  0.45 0.11
   16 L   -2 -3 -4 -5 -3 -3 -4 -5 -4  2  4 -3  3  0 -4 -3 -1 -3 -2  2    0   0   0   0   0   0   0   0   0  10  63   0   7   3   0   0   3   0   0  13  0.70 0.15
   17 L    0 -3 -4 -4 -2 -3 -2 -1 -4  2  3 -3  1  0 -3 -2 -2 -3 -2  3    7   0   0   0   0   0   2   5   0   9  44   0   0   4   0   0   0   0   0  30  0.44 0.12
   18 L    0 -3 -3 -4 -2 -3 -3 -3 -3  1  3 -3  1  1 -3  1  0 -3 -1  1   10   0   0   0   0   0   0   0   0   6  52   0   0   8   0  12   5   0   0   7  0.39 0.11
   19 A    1 -2 -2 -3  2 -2 -1  1 -2  0  1 -1  1  2 -3  0  0 -2 -1  1   12   0   0   0   7   0   5  11   0   0  15   2   5  16   0   8   3   0   0  15  0.11 0.06
   20 S    2 -2 -2 -1 -2 -2 -2  0  1  1  1 -2 -1  0  0  2  0 -3 -2  0   24   0   0   2   0   0   0   5   5   9  17   0   0   5   5  20   4   0   0   3  0.17 0.08
   21 L    0 -3 -3 -4  4 -3 -3 -3 -3  1  3 -3  0  1 -3  1 -1 -3 -2  0    8   0   0   0  12   0   0   0   0   5  50   0   0   6   0  15   0   0   0   2  0.40 0.13
   22 Q    1  1 -1 -2 -3  2  1 -1  4 -1 -1 -1  0  1 -2  0  0 -2  1 -1   13   8   0   0   0  16   7   4  16   2   5   0   2   9   0   5   4   0   4   1  0.22 0.09
   23 L    0  0 -3 -3  0 -1 -1 -3  0  1  3 -2  1  0 -3 -2 -1 -3 -1  1   12   5   0   0   2   3   3   0   3   7  44   0   2   4   0   0   0   0   2  10  0.26 0.09
   24 V    1  1 -2 -3  2 -2 -3  1 -1  0  0 -2  0 -1 -1 -1  0 -3 -2  2   15  10   0   0   5   0   0  14   1   3  12   0   1   3   3   0   8   0   0  23  0.14 0.09
   25 S    2 -1  0  0 -1  0 -1 -1  0 -3 -3  1 -2 -3  2  3  0 -4 -1 -1   20   2   4   4   1   4   0   1   3   0   1   7   0   0  12  30   4   0   2   4  0.38 0.12
   26 W    1  1 -1 -3 -1  0 -1  1 -2 -1 -2 -1 -1 -1 -3  0  2  6  1  0   12  11   3   0   1   3   2  11   0   2   2   2   1   3   0   3  15  19   4   7  0.37 0.12
   27 T    3 -2  1 -1 -2  1  0 -1 -2 -2 -2 -1 -2 -1 -1  1  2 -4 -3  0   32   0   6   1   0   9   6   3   0   0   0   0   0   2   2   8  21   0   0   7  0.32 0.14
   28 L    0  0  0  0 -2  1  0  0  0  1  1 -1  0  0 -2  0 -1 -2 -1  0    8   7   3   6   0   9   4  10   2  13  18   2   1   4   1   5   1   0   1   4  0.04 0.03
   29 A    4  0 -2 -3 -3 -1 -2  1 -3 -3 -3  0 -3 -4  3  1  0 -4 -3 -2   51   5   0   0   0   2   0   9   0   0   0   5   0   0  14   8   2   0   0   1  0.63 0.20
   30 A    4 -2 -2 -1 -3  0 -2  0 -3 -2 -1 -1 -2 -3  3  1  0 -4 -3 -2   49   1   0   2   0   5   0   4   0   1   5   3   0   0  15   8   6   0   0   1  0.56 0.20
   31 E   -1 -2  2  4 -4  1  4  0 -2 -4 -4  0 -3 -4 -1 -1 -2 -5 -3 -3    5   0   9  25   0   7  37   6   0   0   0   4   0   0   2   2   1   0   1   2  0.70 0.20
   32 P    0 -3 -1  1 -4 -2  0 -1 -3 -1 -2 -2 -3 -4  6  0 -2 -5 -4 -1    7   0   3   8   0   0   7   4   0   4   5   0   0   0  51   5   1   0   0   4  1.12 0.24
   33 V    0 -4 -5 -5 -3 -4 -4 -5 -5  2  0 -4  0  1 -4 -3  0 -4 -3  5    9   0   0   0   0   0   0   0   0   5   5   0   1   6   0   0   4   0   0  70  0.96 0.33
   34 D   -4 -4 -1  7 -6 -3 -1 -1 -4 -6 -7 -3 -6 -6 -4 -1 -3 -7 -6 -6    0   0   0  93   0   0   0   4   0   0   0   0   0   0   0   3   0   0   0   0  2.24 0.52
   35 V   -2 -4 -5 -6 -3 -4 -5 -6 -5  3  3 -4  1 -2 -4 -4 -2 -4 -3  4    0   0   0   0   0   0   0   0   0  15  32   0   3   0   0   0   0   0   0  49  0.96 0.29
   36 L   -3 -4 -5 -6 -4 -4 -5 -6 -5  2  5 -1  1  0 -5 -4 -3 -4 -3  0    0   0   0   0   0   0   0   0   0  15  76   4   3   2   0   0   0   0   0   1  1.14 0.35
   37 E   -2  3 -2  0 -5  3  3 -4 -2 -5 -4  3 -3 -2 -3  0 -2 -5 -4 -4    0  18   0   5   0  19  24   0   0   0   0  26   0   2   0   5   1   0   0   0  0.83 0.28
   38 A    3  1 -3 -3 -3 -1  0 -1 -3  0 -1 -2 -1 -3 -3  1  0 -4 -3  2   41   8   0   0   0   2   6   3   0   3   5   0   1   0   0  11   2   0   0  18  0.38 0.20
   39 W   -2 -2 -4 -4 -3  0 -3 -5 -3  0  4 -3  1  2 -4 -1  1 -1 -2  1    0   2   0   0   0   5   0   0   0   0  52   0   2  12   0   4  12   1   0  10  0.57 0.24
   40 G    0  0  1  2 -5  1  1  4 -3 -5 -5 -1 -4 -5 -4 -1 -3 -5 -5 -4    5   6   6  16   0   6  12  47   0   0   0   2   0   0   0   1   0   0   0   0  0.82 0.25
   41 V   -2 -4 -5 -5 -3 -3 -4 -5 -4  2  3 -4  4  4 -4 -3 -2 -2  1  2    2   0   0   0   0   0   0   0   0   9  29   0  15  23   0   0   0   0   3  19  0.71 0.24
   42 H   -2  1  1  0  1  2 -1 -3  5 -4 -2 -1 -3 -3  3  2 -2  1 -1 -2    0  10   6   4   4  13   1   0  19   0   3   2   0   0  14  18   0   2   1   2  0.50 0.21
   43 R   -2  0  3  1 -4  1  3  0 -2 -4 -4  1 -3 -4 -3  1  0  4 -3 -3    1   3  17   6   0   5  27   8   0   0   0   6   0   0   0  11   7   8   0   1  0.53 0.20
   44 D   -1 -2  2  0 -3  1  1  1 -2 -2  2 -2 -1 -2 -3  2  1 -4 -2 -2    1   0  11   5   0   7  10  14   0   0  26   0   0   0   0  16   8   0   1   0  0.24 0.15
   45 Q   -1  1 -1  0 -4  1  0 -4  0 -3 -1  2  2 -4  5 -2 -2 -5 -4 -3    3   8   2   5   0   8   3   0   3   0   7  13   8   0  40   0   0   0   0   0  0.91 0.26
   46 A    2 -2 -1  2 -3  1  3 -3 -2 -1 -1 -1 -2  0 -1  0 -1 -4 -1  0   23   0   2  10   0   5  27   0   0   2   5   0   0   5   2   7   0   0   2   9  0.32 0.16
   47 G   -2 -5 -3 -4 -5 -4 -4  6 -5 -6 -6 -4 -5 -6 -5  0 -1 -6 -6 -6    0   0   0   0   0   0   0  92   0   0   0   0   0   0   0   5   4   0   0   0  2.04 0.48
   48 V   -2 -5 -5 -5 -3 -4 -4  0 -5  3  0 -4 -1 -2 -5 -1 -2 -5 -4  5    0   0   0   0   0   0   0   7   0  17   6   0   0   1   0   4   0   0   0  64  0.97 0.35
   49 A    1  1 -1 -2 -3 -1  0  0 -2 -1 -3  0 -3 -4  2  3  2 -5 -4 -2    8  10   1   0   0   1   5   6   0   5   0   5   0   0  11  34  13   0   0   1  0.46 0.21
   50 E    0  3 -1 -1 -4  1  2 -1 -2 -1 -1  3 -1 -4 -1 -1 -1 -4 -3 -2    6  24   1   3   0   5  12   4   0   3   7  24   1   0   2   2   1   0   0   3  0.40 0.17
   51 G    1 -3 -2  1  0 -2  1  0 -3  0 -2 -2 -2 -3  0  0  3 -4 -3  2   11   0   0   7   2   0   9   8   0   6   0   0   0   0   5   5  28   0   0  17  0.29 0.16
   52 P    2 -2 -2 -1 -3 -1  1 -3 -3 -1 -3 -1 -3 -4  5  0  2 -5 -4 -2   20   1   0   3   0   2   8   0   0   4   0   2   0   0  36   6  18   0   0   0  0.85 0.26
   53 G   -2 -4 -2 -3 -4  0 -3  6 -4 -5 -5 -3 -4 -5 -4 -2 -3 -4 -5 -4    1   0   0   1   0   4   1  87   0   0   1   1   0   0   0   1   1   0   0   1  1.81 0.42
   54 F   -1  2 -2 -4 -3 -3 -3 -4 -3  2  1 -1  2  5 -4 -2 -2 -2  0  0    5  12   2   0   0   0   0   0   0  12  10   4   7  40   0   2   0   0   0   4  0.58 0.24
   55 C   -3 -6 -6 -7 10 -6 -7 -6 -6 -1 -4 -6 -4 -5  1 -4 -1 -6 -6 -4    0   0   0   0  85   0   0   0   0   4   0   0   0   0   6   0   4   0   0   0  2.91 0.65
   56 P    1 -3  0  0 -4  1  0 -3 -3 -2 -3 -2 -3 -4  5  0  3 -5 -4 -2   10   0   4   4   0   6   7   0   0   3   2   0   0   0  39   4  21   0   0   1  0.92 0.29
   57 L   -1  1  1 -2 -3  2 -1  0  0 -2 -1  0  0  0 -1  2  0 -3  0 -1    2   9   9   0   0  14   1   8   2   2   4   2   2   6   3  21   5   0   4   5  0.19 0.12
   58 R   -3  6  0  0 -4  1 -1 -2 -2 -4 -4  0 -3 -4 -3  0 -2 -4 -1 -1    1  63   4   5   0   4   3   3   0   0   1   1   0   0   0   6   1   0   3   5  1.05 0.33
   59 I    0  1 -1 -2  1  0 -1 -2 -1  1 -1  1 -1 -2  2  1  1 -3 -1  0    9   8   2   1   5   3   3   2   1  13   3   8   1   1  12   9   9   0   2   7  0.14 0.07
   60 P   -1  1  0  0 -3  0  2  0 -2 -2 -3  0 -2 -3  4  2  0 -4 -3 -1    3   7   5   3   0   1  15   6   0   1   1   5   0   1  20  18   6   0   0   7  0.40 0.13
   61 Q   -1  0  1  1 -4  1  3  0  1 -2 -3  1 -2 -1 -1  1 -1 -3 -1 -3    1   4   9   6   0   3  29   7   4   2   1   8   0   3   3  14   2   0   2   1  0.34 0.14
   62 G    0 -2  0  0 -3  0  0  3 -2 -3 -3  0 -3 -3  3  1  1 -4 -3 -2    5   1   2   6   0   3   7  27   0   1   1   5   0   0  15  15   9   0   0   2  0.43 0.14
   63 D   -2 -1  1  6 -4 -1  0 -3 -2 -4 -4 -2 -4  1 -1 -1 -1 -4 -1 -4    2   2   4  65   0   2   2   1   0   0   1   0   0   7   3   2   3   0   2   0  1.14 0.32
   64 R   -1  2 -2 -3 -3  0 -2 -3  0  0  0  0  0 -1  3  0  1  1 -2  1    1  12   0   0   0   3   0   0   3   4  12   3   2   3  18   9  10   2   0  17  0.30 0.13
   65 A    6 -4 -3 -1 -3 -3 -3  0 -4 -2 -4 -3 -1 -4 -3  0 -2 -5 -4 -2   85   0   0   3   0   0   0   4   0   2   0   0   2   0   0   2   0   0   0   0  1.30 0.44
   66 F   -4 -5 -5 -6 -5 -4 -5 -6 -1 -1  1 -5 -2  5 -5 -4 -4  3  7 -3    0   0   0   0   0   0   0   0   0   3  12   0   0  24   0   0   0   4  55   0  1.68 0.46
   67 R   -3  6 -1 -1 -5 -1  0 -3  2  0 -4  1 -3 -4 -4  1 -1 -5 -3 -3    0  53   2   4   0   0   4   1   6   8   0   7   0   0   0  12   3   0   0   0  0.89 0.33
   68 V   -3 -4 -5 -6 -3 -4 -5 -6 -4  4  2 -4  1  2 -5 -4 -3 -3  1  3    0   0   0   0   0   0   0   0   0  31  23   0   2   9   0   0   0   0   4  29  0.84 0.30
   69 G   -1 -1  2  1 -4 -2  0  3  1 -4 -3  0 -1 -4 -3  2  2 -4 -3 -3    3   2  12   8   0   0   5  24   4   0   1   4   2   0   0  16  16   0   0   0  0.44 0.20
   70 K   -1  2  0 -2 -5  3  3 -2 -2 -4 -3  4 -3 -5 -1 -1 -2 -5 -4 -4    5  10   4   0   0  16  19   2   0   0   3  35   0   0   3   3   0   0   0   0  0.73 0.29
   71 S    0  1  1  3 -4  1  1 -1  0 -2 -3  1 -3 -2 -1  0  1 -3  2 -3    8   9   8  17   0   5   9   3   1   3   1   8   0   0   2   5  12   0  10   0  0.28 0.15
   72 S    5 -3 -1 -1 -3  0 -2 -2 -3 -1 -3 -3 -1 -3 -3  2  1 -5 -4 -2   58   0   2   3   0   3   2   1   0   3   1   0   1   1   0  16  10   0   0   0  0.83 0.37
   73 L   -2 -1  2 -1 -4  3 -1 -1  0 -1  0  0  0 -3 -2  0  3 -4 -3  0    1   2  11   3   0  21   2   4   3   4  12   5   2   0   1   4  22   0   0   5  0.31 0.20
   74 L   -3 -4 -4 -5 -3 -3 -1 -5 -4  2  4 -4  0  1 -1 -2 -1 -4 -3  1    0   0   0   0   0   0   4   0   0  12  61   0   0   4   3   3   2   0   0   9  0.78 0.30
   75 S   -1 -1  0 -2 -4  1 -1  1  2 -2 -4 -1 -1 -4 -3  4  3 -5 -1 -3    2   2   3   0   0   5   3   9   6   2   0   3   2   0   0  39  18   0   3   1  0.55 0.28
   76 V    2  0 -4 -4 -3  0 -3 -4 -1  3  1 -3  0 -3 -3 -2  0 -4 -3  2   27   6   0   0   0   4   0   0   2  19  14   0   1   0   0   0   7   0   0  21  0.42 0.23
   77 P   -1 -4 -1 -4 -6 -2 -2 -5 -5 -5  0 -4 -4 -5  7 -1 -2 -7 -6 -4    4   0   3   0   0   2   3   0   0   0  11   0   0   0  71   4   2   0   0   0  1.99 0.55
   78 T    1 -4 -3 -4 -4 -3 -4 -4 -4 -1 -1 -3  0 -4 -4  1  6 -6 -4 -3   10   0   0   0   0   0   0   0   0   4   5   0   2   0   0   7  72   0   0   0  1.39 0.52
   79 W    1  3  0 -3 -4  0 -1  0 -1  0 -2  2  0 -3 -3  0  0  1 -1 -1   13  22   3   0   0   4   3   7   1   9   1  17   2   0   0   8   4   3   2   2  0.29 0.17
   80 Q   -1 -2  0  1 -5  5  2  0  2 -3 -3  0 -3 -4 -4  0  0 -5 -2 -3    3   0   3   7   0  40  13   8   6   1   2   5   0   0   0   6   4   0   1   1  0.68 0.31
   81 L    1 -4 -2 -5 -3 -4 -4 -4 -4  1  4 -4  2  1 -4 -2 -3 -4 -3  2   13   0   2   0   0   0   0   0   0   7  49   0   6   6   0   1   0   0   0  13  0.66 0.28
   82 F   -5 -6 -6 -7 -5 -6 -6 -7 -4  1  0 -6 -3  8 -7 -5 -5 -2  3 -3    0   0   0   0   0   0   0   0   0   6   7   0   0  79   0   0   0   0   8   0  2.16 0.60
   83 P    0  1 -1 -2 -3  1 -1  0  2 -1  0  1 -1 -1  2  0 -1 -2  2  0    9   9   0   0   0   9   1   9   9   0   9   9   0   0   9   9   0   0   9   9  0.16 0.11
   84 D    1  1  0  4 -3  0  1  0  0 -3 -3  0 -2 -3 -1  0  0 -3  0 -2   15   8   3  29   0   3   9   8   2   1   1   3   0   1   3   4   5   0   4   2  0.33 0.10
   85 G    0 -2 -1 -1 -2 -1 -1  4 -2 -2 -2 -2 -2  0  0  1 -1 -2 -2 -2    7   1   1   4   0   3   3  46   1   1   3   1   1   6   5  11   2   0   1   3  0.47 0.11
   86 H    0  1 -1 -1 -2  1  0  0  1 -1  0  0 -1  0  1  1  1 -2 -1 -1    7  10   1   3   1  10   3   6   4   3   9   4   1   5   7   9  12   0   1   5  0.10 0.03
   87 F   -2 -3 -3 -3 -3 -2 -1 -1 -2  0  1 -3  1  6 -3 -2 -2 -1  1 -1    1   1   1   1   0   1   5   6   0   6   9   1   4  58   1   1   1   0   0   3  0.67 0.15
   88 P    0 -2 -2 -2 -3  0  0 -1 -2 -3 -3 -1 -2 -3  6  0  0 -3 -1 -2    8   1   1   1   0   5   4   5   0   1   2   1   0   1  54   5   7   0   3   1  1.17 0.15
   89 E   -1  1 -1  2 -3  1  4 -2  1 -1 -2  0 -1 -3 -1 -1  0 -3 -1 -1    2   8   1  15   0   4  38   1   3   3   3   3   1   1   2   1   8   0   2   3  0.42 0.09
   90 N   -2 -2  2  4 -4  0  3  1 -1 -4 -4 -1 -3 -4 -2  0 -2 -4 -3 -3    1   0  10  36   0   0  30  15   0   0   1   1   0   0   0   3   1   0   0   1  0.75 0.14
   91 F   -3 -4 -5 -5 -4 -4 -5 -5 -3 -1  2 -4  4  7 -5 -4 -3 -1  2 -2    0   0   0   0   0   0   0   0   0   0  15   0  14  67   0   0   0   0   3   0  1.24 0.25
   92 S    1 -2 -1 -2 -3 -2 -2  2 -2 -4 -4 -2 -3 -4 -2  5  1 -5 -3 -3   10   0   0   0   0   0   0  14   0   0   0   0   0   0   0  71   5   0   0   0  0.92 0.23
   93 V   -2 -4 -3  1 -3 -3 -3 -5 -4  4  2 -3  0  0 -4 -3 -2 -4 -2  3    0   0   0  14   0   0   0   0   0  40  17   0   0   3   0   0   0   0   0  25  0.53 0.15
   94 L   -2 -3 -4 -4 -2 -3 -4 -4 -4  2  3 -3  4  0 -4 -1 -1 -3 -2  2    0   0   0   0   0   0   0   0   0  11  45   0  16   3   0   5   3   0   0  18  0.55 0.14
   95 L    1 -3 -3 -4  1 -2 -3 -3 -3  2  2 -3  2  1 -3  0  1 -3 -1  2   15   0   0   0   4   0   0   0   0  10  19   0  11   9   0   3  13   0   0  15  0.26 0.11
   96 T    0 -1 -1 -2 -2  0  0 -2  0 -1 -1  0 -1 -2 -2  1  4 -3 -2  1    3   3   0   0   0   3   5   1   2   0   6   5   0   0   0  10  45   0   0  14  0.39 0.16
   97 L    0 -3 -3 -3 -2 -2 -3 -3 -3  2  3 -3  1  1 -3 -1 -1 -2 -1  2    7   0   0   0   0   0   1   1   0  13  35   1   3   9   0   5   1   0   0  24  0.34 0.11
   98 R   -2  5 -1 -2  2  0  0 -3 -1 -3 -3  3 -2 -4 -2  0 -2 -4 -3 -3    1  53   0   0   6   0   4   1   0   0   1  25   0   0   0   5   1   0   0   1  0.90 0.23
   99 A    1 -1 -1 -2 -2 -1 -1  0 -2 -2 -1  0  0 -2  4  2  1 -2  1 -2   18   1   1   1   0   1   1   6   0   1   6   7   3   0  21  19   7   0   8   1  0.39 0.11
  100 Q   -1  2  1  0 -4  3  1 -3  1 -1 -2  2 -2 -3 -2  1 -1  2 -1 -1    3  11   7   5   0  15   7   0   4   4   2  19   0   0   1  12   2   3   1   4  0.32 0.15
  101 P   -1  2  0 -1 -4  2  0  0  0 -2  0  2 -2 -3  3  0 -1 -4 -2 -2    4  10   5   2   0  11   3   6   3   2   9  20   0   0  14   6   3   0   1   1  0.31 0.13
  102 A    1  0  1  1 -4  0 -1  4 -2 -2 -4  0 -3 -4 -2  1  0 -4 -2 -2   11   5   6   7   0   3   3  40   0   2   0   4   0   0   1   9   4   0   1   3  0.47 0.17
  103 N   -1 -1  3  0 -4  0  2 -1  0 -1 -1 -1 -2 -3 -1  2  1 -4 -2 -1    1   2  19   4   0   3  20   3   2   5   6   1   0   0   1  18   9   0   1   5  0.31 0.17
  104 Q   -2  1  1  2 -5  5  1 -2  2 -2 -4  1 -2 -4 -2  0 -1 -5 -3  0    0   8   6  11   0  36   8   3   6   3   0   5   0   0   1   4   3   0   0   7  0.58 0.25
  105 S    2 -1  1 -1 -2  0 -2  2 -3 -3 -4 -2 -3 -1 -3  3  1 -5 -3 -2   24   2   7   3   1   4   0  17   0   0   0   0   0   3   0  31   7   0   0   2  0.49 0.23
  106 V   -1 -1 -2 -3 -4 -2 -1 -4 -2 -1 -2  1 -1  5  2  1  0 -2  2  1    2   2   1   0   0   0   3   0   0   1   0   9   2  32   9  12   5   0   8  14  0.45 0.23
  107 L   -3 -4 -5 -6 -3 -4 -5 -6 -5  1  5 -4  0  1 -5 -4 -3 -4 -2  2    0   0   0   0   0   0   0   0   0   6  73   0   0   6   0   0   0   0   0  15  1.04 0.30
  108 L   -3 -4 -5 -5 -3 -4 -5 -3 -4  0  3 -4  0  5 -5 -3  0  3  0  1    0   0   0   0   0   0   0   2   0   4  32   0   0  42   0   0   6   4   0  10  0.83 0.26
  109 S    1  0  0 -1 -3 -2 -1 -2 -2 -2 -2 -2  2 -4 -3  4  3 -5 -3 -1   10   6   4   3   0   0   2   0   0   0   1   0   6   0   0  37  28   0   0   3  0.57 0.24
  110 I   -2 -4 -5 -5 -3 -4 -4 -5 -4  4  2 -4  3  1 -4 -4 -2 -4 -2  4    0   0   0   0   0   0   0   0   0  34  15   0   8   6   0   0   0   0   0  36  0.83 0.25
  111 Y   -3  0 -1 -4 -4 -3 -3 -4 -1  0  1 -1 -2  0 -4  0  0  3  6 -2    0   6   3   0   0   0   0   0   0   5  14   3   0   1   0  10   6   4  48   0  0.83 0.28
  112 D   -2 -3  3  4  0 -2  0  0  1 -4 -5 -2 -4 -5  1  3 -1 -5 -4 -3    0   0  17  33   2   0   2   5   3   0   0   0   0   0   6  28   0   0   0   2  0.74 0.25
  113 E    0 -1  0  3 -4  2  4 -1  2 -1 -3 -1 -3 -4  1  0 -1 -5 -3 -1    9   2   2  17   0   8  32   3   7   4   2   1   0   0   6   3   1   0   0   3  0.46 0.16
  114 K    0  2  1  1 -3  3  0 -2  1 -2 -2  1  0 -3 -3  2  0 -4 -1 -2    7  14   7   7   0  19   3   1   3   1   3   6   4   0   0  17   5   0   2   0  0.32 0.13
  115 G   -1 -1  0 -1 -4 -3 -3  5  2 -5 -5 -2 -4 -5 -4  1  0 -5 -4 -4    3   3   4   3   0   0   0  63   8   0   0   2   0   0   0  10   5   0   0   0  1.06 0.28
  116 V   -1  1 -2  1 -3  1  1 -2  3  2 -2 -1 -1 -2 -3 -2  0  1  0  1    2   7   0  10   0   8  10   2  11  18   0   2   0   0   0   0   7   3   4  16  0.22 0.13
  117 R   -2  2 -2 -1 -4  4  3 -3 -1  0  0  0  0 -3  0 -1  0 -4 -3  0    0  11   0   1   0  25  21   0   0   9   8   4   1   0   3   3   6   0   0   7  0.40 0.17
  118 Q   -3  0 -2 -3 -5  7  0 -4  0 -1  0  0 -2 -4 -4 -2 -2 -4 -4 -1    0   2   0   0   0  71   2   0   2   5   8   4   0   0   0   1   2   0   0   3  1.31 0.41
  119 L   -1 -4 -5 -6 -3 -4 -5 -5 -4  1  4 -4  3  3 -5 -4 -3 -3 -2  0    4   0   0   0   0   0   0   0   0   4  65   0   7  16   0   0   0   0   0   4  0.92 0.27
  120 G    1  0 -2 -3 -4  2 -2  5 -3 -3 -4 -2 -1 -4 -3  1 -2 -5 -4 -2   11   6   0   0   0  14   0  53   0   2   0   0   2   0   0   9   0   0   0   2  0.82 0.25
  121 L   -3 -4 -5 -5 -3 -4 -5 -5 -4  4  3 -4  2  1 -4 -4 -2 -3 -2  3    0   0   0   0   0   0   0   0   0  27  40   0   4   6   0   0   0   0   0  22  0.79 0.23
  122 A    0  3 -1 -1 -4  2  3 -1 -2 -3 -3  1 -1 -4 -3  2  1 -4 -3 -2    4  20   0   0   0   9  25   4   0   0   0   4   2   0   0  21   8   0   0   3  0.51 0.19
  123 L    0 -4 -4 -5 -3 -3 -4 -4 -3  2  3 -4  1  2 -4 -3 -1 -3  0  3    8   0   0   0   0   0   0   0   0  11  39   0   3   8   0   0   2   0   4  26  0.54 0.18
  124 G    0 -2  2 -2 -4 -2 -3  5  1 -4 -2 -2 -3 -4 -3  0 -2 -4 -4 -4    7   2  10   0   0   0   0  63   3   0   5   0   0   0   0   6   0   0   0   0  0.97 0.25
  125 P    0  2  1 -1 -5 -2  1 -1 -2 -5 -4  0 -4 -4  5 -2 -2 -1  1 -4    6  17   6   3   0   0  10   4   0   0   0   5   0   0  40   1   1   1   5   0  0.95 0.27
  126 A    1 -1  0  1 -3 -1  0  1 -2  0 -2  0  0 -3  0  1  0 -4 -3  1   15   3   5  11   0   0   5  10   0   5   0   6   3   0   3  12   5   0   0  17  0.16 0.09
  127 L   -2 -2 -4 -4 -3 -3 -3 -4 -3  2  1 -1  1  3  1 -2  0 -2  1  2    0   2   0   0   0   0   0   0   0  19  16   5   4  16   8   2   4   0   6  17  0.35 0.15
  128 G    0  0 -2 -2 -3  0  0  1 -1  0  0 -1  0  0 -3  0  2 -3 -2  1    6   7   0   1   0   2   7  14   2   7  10   3   1   6   0   6  18   0   0  12  0.10 0.08
  129 L   -1 -3 -4 -5 -3 -1 -2 -5 -2 -1  3 -1  1  5 -4 -3 -2 -2  3  0    4   0   0   0   0   2   2   0   0   0  33   4   3  32   0   0   2   0  12   7  0.66 0.24
  130 L   -2 -2 -3 -1 -4 -1  1 -4  1  1  1 -2  1  1  1 -1 -2 -2  3  1    0   2   0   4   0   1  12   0   4   9  19   0   4   5   8   5   1   0  16  11  0.26 0.17
  131 G   -1 -3 -1  3 -1 -1 -1  4  1 -4 -4 -3 -4 -2 -4  0  1 -3  4 -4    3   0   2  17   2   2   3  34   3   0   0   0   0   0   0   6   9   0  19   0  0.65 0.28
  132 D   -1 -1  2  3 -4  2  3  0  1 -4 -3 -1 -3 -4  0  0  1 -5 -1 -3    4   2   9  17   0  11  22   6   4   0   2   0   0   0   4   5  13   0   2   0  0.47 0.22
  133 S    0  1  1  3 -4  3  2  0  2 -4 -4  0 -3 -4 -2  1  0 -5 -3 -4    8   6   6  17   0  15  12   8   5   0   0   4   0   0   1  11   7   0   0   0  0.43 0.19
  134 F   -1  1  0  0 -4  2 -1  2  2 -2 -1 -1  0  1 -1  0  1 -3  0 -2    3   8   4   4   0  12   0  20   7   2   5   2   3   8   2   7  10   0   2   2  0.18 0.13
  135 R    0  4 -1 -1 -4  1  1 -2  1 -3 -2  2 -3 -3 -1  0  0 -4  1 -1    6  31   2   3   0   7   7   1   4   0   2  11   0   0   2   7   7   0   6   4  0.42 0.20
  136 P   -1 -1 -3 -1 -4  0  0  0  3 -2 -3  0 -3 -4  5  0  1 -5 -4 -4    4   2   0   3   0   5   5   8   7   2   3   6   0   0  39   8   8   0   0   0  0.83 0.34
  137 L    0 -1 -2 -1 -3  0  0 -2 -2  1  1 -1 -1  1  1 -1  0 -2  2  1    9   4   0   3   0   3   7   3   0   9  18   4   0   8   6   2   6   0   8   9  0.09 0.10
  138 P    0 -4 -1 -1 -5  0  1 -4 -3 -4 -4 -3 -4  3  6 -1  0 -4  1 -1    7   0   3   3   0   4  11   0   0   0   0   0   0  13  42   2   5   0   4   5  1.01 0.42
  139 K   -1  2 -1 -1 -4  3  1  0 -1 -3 -2  1 -2  4 -2 -1 -2  1 -1 -3    4  14   3   3   0  15  11   6   1   0   3   8   0  22   1   2   2   2   0   0  0.36 0.25
  140 Q   -1  1  1  2 -4  2  2  0 -2 -3 -2  1 -1 -1  2  0 -1 -4 -3 -3    2   6   6  10   0  14  12   8   0   0   4  10   1   4  12   9   3   0   0   0  0.33 0.18
  141 V    1 -2 -1  0 -3 -1 -2 -4  0  2  0 -3 -1  1 -1 -1  0 -3  0  3   11   2   3   6   0   2   2   0   3  13   7   0   0   6   2   5   4   0   4  31  0.22 0.16
  142 N    0 -1  5  2 -5  0 -2  0 -2 -4 -5  0 -4 -5  1  2 -2 -6 -4 -1    6   3  36  12   0   3   0   6   0   0   0   6   0   0   8  15   0   0   0   5  0.69 0.32
  143 I    0 -4 -4  0 -3 -3 -3 -4 -4  3  2 -4  3  2 -4 -3  0 -4 -2  2    7   0   0   8   0   0   0   0   0  17  26   0  12   8   0   0   6   0   0  15  0.47 0.22
  144 M    2 -3  1 -1  1  0 -2 -1  1  1  1 -2  1  0 -3  0  0 -4 -2  0   21   0   8   4   4   4   0   5   5  10  16   0   5   4   0   6   4   0   0   4  0.13 0.12
  145 D   -3 -3  2  6 -5 -2  0 -3 -2 -5 -5 -2 -4 -5 -3  0  2 -6 -5 -4    0   0   8  68   0   0   3   0   0   0   0   0   0   0   0   5  17   0   0   0  1.30 0.24
  146 G   -1 -3  1 -2 -4 -2 -2  5  3 -5 -3 -3 -4 -4 -4  0  0 -5 -3 -4    0   0   6   0   0   0   2  70   9   0   2   0   0   0   0   5   5   0   0   0  1.14 0.21
  147 R   -2  4  0  0 -4  2  0 -1  1 -4 -3  4 -2 -2 -2 -1 -1 -4 -2 -3    0  30   3   3   0   7   4   3   5   0   0  40   0   3   0   0   4   0   0   0  0.67 0.11
  148 W   -4 -4 -5 -6 -4 -3 -5 -5 -3 -4 -3 -5 -2 -1 -6 -4 -4 11  1 -4    0   0   0   0   0   0   0   0   0   0   0   0   0   0   0   0   0 100   0   0  3.30 0.17
  149 H    0  1  2 -1 -4  0 -1 -2  7 -4 -4 -1 -3 -2 -3  0 -1 -3  0 -3    9   7  12   0   0   0   0   0  64   0   0   0   0   0   0   7   0   0   0   0  0.93 0.09
  150 R   -2  5 -1 -2 -4  1 -1 -3  2 -3 -3  2 -2 -2 -3  0 -1 -2  2 -3    0  58   0   0   0   7   0   0   6   0   0   7   0   0   0  10   0   0  12   0  0.72 0.06
  151 V   -2 -3 -4 -5 -2 -3 -4 -4 -3  2  2 -3  1  3 -4 -3 -1 -2  0  3    0   0   0   0   0   0   0   0   0  16  21   0   3  25   0   0   0   0   0  36  0.49 0.07
  152 A    4 -2 -2 -1 -2 -2 -1  1 -2 -2 -1 -1  0 -3 -1  1  0 -4 -3 -1   75   0   0   3   0   0   0   6   0   0   4   0   3   0   0   6   4   0   0   0  0.59 0.11
  153 V   -2 -3 -4 -5 -2 -3 -4 -4 -3  3  2 -3  1  2 -4 -3 -1  1  1  3    0   0   0   0   0   0   0   0   0  21  30   0   2  13   0   0   0   2   5  27  0.44 0.06
  154 S    1 -2 -1 -1 -2 -1  0  1 -2 -1 -2 -1 -2 -3 -2  4  0 -4 -3  0    8   0   0   0   0   0   7   9   0   6   0   0   0   0   0  64   0   0   0   7  0.52 0.10
  155 I   -1 -3 -4 -5 -2 -3 -3 -5 -4  3  1 -3  2 -1 -3 -3 -1 -3 -2  4    0   0   0   0   0   0   0   0   0  22   8   0   5   0   0   0   0   0   0  65  0.66 0.10
  156 S   -1  2 -1  0 -4  3  2 -3  2 -3 -3  3 -2 -2 -2  1 -1 -4 -1 -3    1   9   1   5   0  15  16   0   6   1   1  27   0   2   0  14   0   0   2   0  0.50 0.14
  157 G   -1  1  0  0 -4 -1 -2  5 -2 -4 -2  2 -3 -4 -1 -1 -1 -5 -4 -4    2  10   3   4   0   1   0  51   0   0   4  17   0   0   2   2   2   0   0   0  0.71 0.16
  158 N   -2  2  2  3 -5  2  3 -1 -1 -4 -4  3 -3 -4 -2  0 -1 -5 -4 -4    1  12   9  20   0   7  20   4   0   0   0  21   0   0   1   3   2   0   0   0  0.58 0.13
  159 K    1  1  2 -1 -3  1  1 -1 -1 -2 -2  0  0 -3 -2  3  2  1 -3 -1    9   8  10   0   0   5  11   2   0   1   1   5   4   0   0  27  15   2   0   2  0.32 0.11
  160 V    0 -4 -5 -5 -3 -4 -4 -5 -5  2  1 -4  0 -2 -4 -3 -2 -4 -3  5    8   0   0   0   0   0   0   0   0   4  12   0   0   0   0   0   0   0   0  76  0.97 0.25
  161 T    0 -2 -2 -2 -3  1  0 -3 -3  0 -3  0 -2 -4 -3  1  5 -5 -3 -2    3   0   0   0   0   5   6   0   0   7   0   4   0   0   0  10  66   0   0   0  0.88 0.25
  162 L   -2 -4 -4 -5 -3 -3 -4 -5 -4  1  4 -4  3  2 -4  0 -2 -3 -2  1    0   0   0   0   0   0   0   0   0   7  58   0   9   9   0   8   0   0   0   9  0.70 0.21
  163 V   -2 -1 -1 -4 -3 -3 -4 -5  0  3  2 -3  0  1 -4 -2 -2  2  2  2    0   3   3   0   0   0   0   0   3  25  29   0   0   5   0   3   0   3   9  16  0.42 0.15
  164 V    0 -2  2 -2 -3 -2 -2 -3  1  1  1 -1  1  0 -3 -1  0 -3  2  2    8   0  17   0   0   0   0   0   4   5  14   2   3   4   0   3   7   0   8  26  0.22 0.12
  165 D   -1  2  2  6 -5 -2  1  1 -2 -5 -5 -2 -4 -5 -3 -2 -3 -6 -5 -5    5  12   8  60   0   0   5   9   0   0   0   0   0   0   0   0   0   0   0   0  1.13 0.28
  166 C   -2 -5 -4 -5  9 -5 -6  1 -4 -3 -3 -5 -3 -3 -5 -3 -3 -4  1 -1    0   0   0   0  76   0   0  12   0   0   0   0   0   0   0   0   0   0   7   5  1.87 0.34
  167 E   -1  0  0  0 -4  1  3  1  2 -1 -2  2 -1 -4 -3 -1  1 -4 -3 -3    2   4   3   4   0   7  23  13   7   4   3  17   2   0   0   2   8   0   0   0  0.34 0.13
  168 P    0  1 -1  0 -3  1  0 -2  1 -2 -2  2 -2 -3  3  0  1 -4  0  0    5   6   1   6   0   9   3   2   4   1   4  19   0   0  13   4   8   0   4  10  0.27 0.13
  169 Q   -1  1  1 -2 -5  4  1 -1  2 -3 -2  3  0 -4 -2 -1 -1  2 -3 -3    4   6   6   0   0  30  10   4   5   2   3  18   2   0   2   2   2   4   0   1  0.56 0.25
  170 P    0  1 -2 -1 -3  0  1 -2 -1  0 -1  1 -1 -3  2  1  2 -4 -2  0    7   9   0   3   0   2  11   1   2   7   4   9   1   0  12  10  15   0   1   6  0.24 0.14
  171 P   -1  0  0  0 -4  2  1 -4 -1 -3  0  0 -2 -4  4  1  2  0 -4 -2    2   5   4   5   0  10   8   0   1   0  10   4   0   0  25   8  14   2   0   2  0.51 0.24
  172 T    0  1 -1 -2 -3 -1 -2 -2 -2 -1  1  1  0 -1 -1  0  2  1  0  1    7   7   2   2   0   1   1   1   0   2  18  10   3   2   3   7  19   3   3  10  0.14 0.13
  173 F   -2  2 -1 -2 -4 -2 -1 -4  1 -2  2 -1 -1  4  1 -1 -1  0  1 -1    3  12   3   2   0   0   3   0   3   0  27   3   0  21   6   4   4   1   4   3  0.31 0.21
  174 G   -1  4  1 -3 -4  0 -2  2  1 -2 -1 -1 -2 -4 -2  1  1 -4 -3 -3    4  28   9   0   0   3   1  17   4   2   8   1   1   0   2  11   8   0   0   1  0.39 0.22
  175 Q   -2  4  0  0 -5  1  1 -3  3 -4 -2  1  0 -4  0  1 -2 -5 -2 -4    1  33   4   5   0   6   8   0   8   0   3   7   3   0   5  14   1   0   1   0  0.59 0.29
  176 G    1  1  2  2 -4 -1 -1  3 -2 -3 -2 -1 -3 -4 -1  1  0 -5 -4 -1   10  10  11  12   0   2   3  23   1   0   4   2   0   0   2  11   4   0   0   6  0.32 0.17
  177 P   -1  0  0  1 -4  1  0 -1  2 -4 -1 -1 -3 -4  5  0 -1 -5 -4 -3    4   4   4   8   0   5   4   4   6   0   9   3   0   0  36   6   4   0   0   1  0.70 0.27
  178 R    1  2  0  1 -3  1  0 -2  0 -1 -2  1 -1 -3  1  1  1 -2 -3 -2   14  14   3   7   0   8   5   1   2   3   2   9   1   0   8   9  11   1   0   2  0.25 0.14
  179 F   -1 -2  0 -2 -3 -1  0 -2 -1  1  0 -2  0  3 -3 -1  1 -2  2  2    2   1   5   2   0   2   7   3   1   9   8   2   3  19   1   4   8   0   7  16  0.19 0.13
  180 I   -2 -4 -4 -4 -3 -2 -2 -2 -1  4  2 -3  1  0  1 -3 -1 -4 -3  3    0   0   0   0   0   2   3   3   1  30  18   1   4   3   7   0   4   0   0  23  0.51 0.24
  181 S    0 -1  2  4 -4 -2  0 -2 -3 -4 -5 -2 -4 -5  0  4  0 -5 -4 -2    5   3  10  30   0   0   3   2   0   0   0   0   0   0   4  35   4   0   0   3  0.79 0.35
  182 T   -3 -2 -1  1 -4 -3 -3 -2 -1  0 -1 -3 -3 -4 -1  1  5 -6 -4  0    0   1   3   9   0   0   0   3   2   5   6   0   0   0   3   8  54   0   0   7  0.85 0.42
  183 A    2 -1  3  3 -4 -1  2  1  1 -5 -4  0 -4 -5 -3  1 -1 -5 -4 -4   17   2  15  17   0   2  14  11   3   0   1   6   0   0   0  10   3   0   0   0  0.49 0.24
  184 G   -3 -1 -4 -5 -6 -5 -5  7 -5 -2 -2 -5  0 -6 -6 -4 -5 -6 -7 -6    0   4   0   0   0   0   0  87   0   3   5   0   3   0   0   0   0   0   0   0  2.04 0.63
  185 L   -1 -2 -5 -4 -4 -4 -5 -3 -5  5  3 -4  2 -2 -5 -2 -1 -5 -4  2    4   3   0   1   0   0   0   3   0  40  29   0   5   0   0   3   2   0   0  12  0.78 0.33
  186 T   -2 -4 -4 -5 -4 -4 -4 -2 -4  3  1 -4  3  2 -4 -1  4 -4 -3  1    1   0   0   0   0   0   0   3   0  19  15   0   8  12   0   4  30   0   0   9  0.63 0.32
  187 V   -1 -5 -5 -6 -4 -4 -5 -6 -5  2  1 -5  3  0 -5 -2 -2 -4  1  5    3   0   0   0   0   0   0   0   0  13  15   0   9   3   0   3   2   0   5  48  0.89 0.37
  188 M   -3 -4 -4 -5 -4 -4 -5  1 -4  2  2 -4  0  5 -5 -4 -1 -3 -1  1    0   0   0   0   0   0   0  12   0  15  19   0   2  34   0   0   3   0   0  12  0.76 0.32
  189 G   -1 -5  0 -4 -6 -5 -5  6 -5 -7 -3 -5 -6 -6 -6 -1 -4 -7 -7 -6    3   0   4   0   0   0   0  86   0   0   3   0   0   0   0   4   0   0   0   0  2.07 0.63
  190 T    2  2  0 -3 -3  2 -1 -2 -2  0 -2  0 -2 -1 -1 -1  3 -4 -1  0   21  11   4   0   0  14   1   3   0   6   2   3   0   3   2   1  22   0   2   5  0.33 0.24
  191 Q   -3  4 -3 -1 -5  4  0 -1 -1 -2  0 -1  3 -4 -4 -3 -3 -5 -1 -1    0  32   0   3   0  25   5   6   1   2  11   0   9   0   0   0   0   0   2   5  0.76 0.38
  192 D   -1 -1 -1  2 -3 -1  1 -2 -3  2  2 -1  0  0 -3 -2 -2 -4 -1  0    5   4   3  16   0   1   9   2   0  19  26   3   2   5   0   2   0   0   1   2  0.24 0.17
  193 T   -1 -4 -2 -4 -4 -3 -2 -2  0 -1  3 -3  0 -3  2  2  2 -5 -3 -1    4   0   1   0   0   0   1   3   2   2  38   0   2   0   9  18  18   0   0   3  0.47 0.28
  194 R   -3  2  0  5 -5  0  1  0 -1 -5 -5  0 -4  2  0 -1 -3 -5 -3 -3    0  15   3  36   0   2  10   8   2   0   0   6   0  10   4   3   0   0   0   2  0.66 0.30
  195 E    0 -3 -2  3 -5 -1  5  1 -3 -5 -2 -2  1 -5 -4 -1 -1 -5 -1 -4    7   0   1  15   0   0  49  10   0   0   5   1   4   0   0   4   3   0   2   0  0.84 0.38
  196 E   -1 -1 -1  2 -5  1  4 -1 -2 -1 -4  1 -3 -5  0 -1  1 -5 -4  0    5   2   1  10   0   6  34   6   0   3   0  10   0   0   3   1   9   0   0   8  0.49 0.26
  197 S   -1  0 -3 -3 -3  1 -2 -2 -2  0 -1 -2 -2  1  2  1  0 -3  2  3    3   5   0   0   0   9   1   3   0   2   2   0   0   7  10  14   4   0   8  32  0.33 0.23
  198 F   -6 -6 -7 -7 -6 -6 -7 -7 -4 -4 -3 -6 -4  8 -7 -6 -5  2  4 -3    0   0   0   0   0   0   0   0   0   0   0   0   0  81   0   0   0   3  14   2  2.57 0.74
  199 E   -2  0 -1 -1 -5  2  5 -4 -3 -4 -2  0 -3 -2 -4  0  1 -5 -4 -1    2   4   2   1   0   9  53   0   0   0   5   4   0   2   0   5   8   0   0   6  0.87 0.39
  200 G   -3 -6 -4 -5 -6 -5 -5  7 -5 -7 -7 -5 -6 -2 -6 -3 -2 -6 -6 -6    0   0   0   0   0   0   0  95   0   0   0   0   0   2   0   0   2   0   0   0  2.40 0.67
  201 D    1 -4 -1  6 -5 -2  1 -3 -3 -4 -4 -3 -4 -5 -4  1 -1 -6 -5 -1   15   0   0  55   0   1   9   1   0   0   1   0   0   0   0  11   2   0   0   4  1.11 0.39
  202 I   -2 -5 -6 -6 -4 -5 -5 -6 -6  6  3 -5 -1 -2 -5 -4 -3 -5 -4  2    3   0   0   0   0   0   0   0   0  56  30   0   0   0   0   0   0   0   0  11  1.24 0.41
  203 Q   -4  1 -3 -3  3  7  2 -5  1 -5 -5 -2  0 -6 -4 -3 -3 -5 -5 -3    0   8   0   0   8  63  14   0   4   0   0   0   2   0   0   0   0   0   0   2  1.59 0.55
  204 E   -3 -2 -3  2 -6  7  2 -5 -1 -4 -1 -2  1 -5 -4 -2 -3  2 -4 -2    0   0   0  11   0  60  12   0   1   0   6   0   4   0   0   2   1   3   0   2  1.32 0.50
  205 L   -4 -5 -6 -7 -4 -5 -6 -6 -5 -1  5 -5  3  2 -6 -5 -4 -4 -3  0    0   0   0   0   0   0   0   0   0   0  80   0   7   7   0   0   0   0   0   5  1.45 0.47
  206 L   -1 -1 -3 -1 -3  1 -2 -3  0  1  3  0  1  2 -4 -1 -2 -3  0  1    5   3   0   5   0   7   0   2   2   7  38   5   3   9   0   3   1   0   2   7  0.25 0.16
  207 L   -2 -5 -5 -6 -4 -5 -5 -4 -5  5  2 -5 -1  3 -5 -4 -3 -4 -2  2    3   0   0   0   0   0   0   2   0  53  16   0   0  12   0   0   0   0   0  14  1.03 0.36
  208 I    1 -2 -3  0 -3 -3 -3 -4  2  2  0 -3  2 -2 -3  0  0 -3  2  3   15   2   0   5   0   0   0   0   6  14   5   0   7   0   0   7   5   0   9  25  0.31 0.19
  209 P    1 -3  1  1  0 -1 -2  1 -3 -4 -3 -3 -2 -5  5  2 -1 -6 -5 -4    9   0   6   7   3   2   1  11   0   0   2   0   1   0  40  16   3   0   0   0  0.95 0.32
  210 D   -2 -3  2  6 -5 -2  0 -2 -3 -5 -5 -1 -5 -6 -4  1  1 -7 -5 -2    2   0   8  60   0   1   2   2   0   0   0   3   0   0   0   9   9   0   0   3  1.23 0.41
  211 P    0 -2 -5 -5 -6 -4 -1 -5  1 -5 -6 -4 -5 -6  7 -2 -2 -7 -6 -2    8   2   0   0   0   0   3   0   4   0   0   0   0   0  78   2   2   0   0   2  2.34 0.61
  212 Q    0  2  0  3 -5  4  1 -1 -2 -5 -4  1 -2 -5 -3  1  0 -5 -4 -4    9  12   2  23   0  23   8   5   0   0   0   6   1   0   0   9   4   0   0   0  0.60 0.26
  213 A    5 -1 -4 -3 -3 -3 -2  0 -4 -1 -2 -3 -3 -4 -3 -1  0 -5 -4  0   72   3   0   1   0   0   2   4   0   3   3   0   0   0   0   1   4   0   0   6  1.03 0.42
  214 A    6 -4 -4 -5 -4 -4 -4 -1 -4 -4 -5 -3 -4 -5  1 -1 -3 -6 -5 -3   89   0   0   0   0   0   0   3   0   0   0   0   0   0   6   2   0   0   0   0  1.67 0.56
  215 F    0  0 -1 -2 -5  1  0 -2  2 -3 -3 -2 -3  3 -4 -1 -3 -1  6 -2    8   5   2   2   0   9   8   3   4   0   0   1   0  11   0   5   0   0  40   2  0.76 0.31
  216 Q   -3  2  1  4 -6  3  4 -3  2 -5 -5 -1 -4 -5 -4 -1 -2 -5 -4 -3    0  10   5  25   0  16  32   1   6   0   0   0   0   0   0   2   2   0   0   1  0.93 0.33
  217 A    0 -3 -3 -4 -4  2 -1 -5  5  0 -1 -3  3  1 -4 -1 -3 -2  5  0    7   0   0   0   0  11   3   0  18   4   3   0   9   3   0   3   0   0  31   7  0.77 0.32
  218 C   -4 -7 -2 -7 10 -6 -7 -6 -7 -5 -5 -7 -5 -6 -2 -2 -4 -6 -6 -4    0   0   3   0  92   0   0   0   0   0   0   0   0   0   2   3   0   0   0   0  3.40 0.76
  219 E    0  0 -1  1  2  2  4 -3  0 -1 -3 -1 -3 -4 -3  1  2 -5 -4 -1    7   3   1   7   5  13  31   0   2   3   0   1   0   0   0   8  14   0   0   5  0.47 0.22
  220 S   -1  1  0  0 -4  1 -1 -3  5 -3 -1 -2 -2 -1 -1  0  0 -3  3 -1    4  10   5   7   0   5   2   1  25   0   6   0   0   2   2   8   6   0  13   5  0.42 0.21
  221 Y   -4 -4 -4 -2 -5 -3 -1 -5  3 -1  0 -1 -3  3 -3 -4 -4  2  7 -1    0   0   0   3   0   0   4   0   9   3   7   5   0  13   1   0   0   3  48   4  1.13 0.37
  222 L    1  0  0 -1  1  0 -1 -3 -2  0  1  0  2 -2  0  2  0 -4 -3  0   13   4   3   3   4   5   3   0   0   7  14   5  10   0   4  18   5   0   0   3  0.15 0.12
  223 P   -3 -4 -4 -1 -6  0 -2 -5 -4 -5 -3  0 -5 -6  7 -3 -1 -7 -6 -5    0   0   0   4   0   4   2   0   0   0   3   7   0   0  75   1   4   0   0   0  2.17 0.54
  224 G    0  0  1  5 -4  2  0  0 -2 -2 -4 -2 -2 -4  0 -1 -1 -5 -1 -3    8   4   7  42   0  12   2   9   0   2   1   0   1   0   4   2   3   0   3   1  0.63 0.25
  225 C   -2 -6 -5 -6 10 -5 -6 -6 -6 -4 -5 -6 -4 -5 -6 -2 -1 -6 -6 -4    3   0   0   0  89   0   0   0   0   0   0   0   0   0   0   3   4   0   0   0  3.16 0.69
  226 E   -2  1  0  5 -5  0  3  0  0 -3 -4 -1 -4 -4 -3  0  0 -5 -4 -4    2  10   3  37   0   1  20   7   2   2   0   2   0   0   0   8   5   0   0   0  0.68 0.22
  227 T    1 -2  0 -1 -3  1  0  1  0 -2 -1 -1 -2 -3 -2  3  2 -3  0 -2    8   0   2   2   0   6   7  12   1   0   8   0   0   0   0  33  15   0   3   2  0.33 0.14
  228 L    1 -2  0 -2 -2  0 -2 -2 -2 -1  1 -2  1  2  3  0  0 -2  0  0   11   0   5   0   0   4   0   1   0   0  21   0   4  13  18  10   5   0   3   4  0.28 0.08
  229 D   -2  0  0  5 -4  1  1  1  2 -4 -3 -1 -3 -1  0  0 -2 -4  0 -4    1   5   0  44   0   8   5  13   6   0   2   0   0   4   4   4   0   0   4   0  0.55 0.14
  230 S    1 -2  0 -2 -3  1 -1 -2 -2 -3 -2  0 -2 -3  3  3  3 -4 -3 -2    9   0   4   0   0   6   2   0   0   0   4   4   0   0  14  33  21   0   0   0  0.52 0.14
  231 T    0  0 -1  0 -2  1  0 -2 -1 -2 -2  0 -1  1  2  2  2 -3  0  0    6   5   0   4   0   8   3   1   0   0   1   5   0   8  11  18  21   0   3   6  0.25 0.07
  232 T    1  2 -1 -2 -2  2 -1 -1 -1 -1 -1  0 -1 -2  1  1  2 -3 -2  0   10  15   0   0   0  14   1   2   0   0   7   1   0   0   6  12  23   0   0   6  0.27 0.07
  233 T    0 -2 -1 -1 -2 -1  0 -2  1 -1  0 -1  1  0  2  2  2 -3 -1  0    5   1   1   1   0   1   7   1   5   1   9   1   5   6  12  25  15   0   0   6  0.24 0.06
  234 G    0  0  0  0 -3  4  0  4 -1 -3 -3  0 -2 -3 -2 -1 -1 -3 -3 -2    7   2   3   4   0  33   1  37   0   0   1   5   0   0   0   1   2   0   0   2  0.57 0.11
  235 A    3 -2 -1  2 -2  0 -1 -1  1  0 -2 -1 -2 -3  0  1  1 -4 -3  0   45   0   0  17   0   4   0   0   4   6   0   0   0   0   2   9   8   0   0   4  0.36 0.10
  236 P    1 -2 -2 -2 -3  1  0 -3 -2 -3 -3 -2 -3 -4  6  0 -2 -5 -4 -1   12   0   0   0   0   6   8   0   0   0   0   0   0   0  57   8   0   0   0   7  1.35 0.16
  237 K   -1  0  2 -1 -3  4  1 -3 -1  0 -2  2 -1 -1 -2  0  1 -3 -2  0    0   0  11   0   0  32   7   0   0   8   0  19   0   4   0   3   9   0   0   8  0.40 0.10
  238 D    1 -2 -1  2 -2  0  0  0 -1 -2 -2 -1 -2 -2  3  0  0 -2  1  0   13   1   1  19   0   5   4   8   0   1   1   1   0   0  16   5   8   0   9   9  0.28 0.05
  239 D   -2 -2  2  5 -4  2  1  1 -2 -1 -4 -1 -3 -4  0 -1 -2 -5 -4 -3    0   0   8  53   0  13   4  13   0   7   0   0   0   0   3   0   0   0   0   0  0.77 0.13
  240 E   -1 -1 -1  2 -4  2  5 -2 -1 -4 -3  0 -2 -4 -2  1  0 -4 -3 -3    1   0   0   9   0   9  64   1   0   0   1   0   0   0   0   9   4   0   0   1  0.87 0.12
  241 P   -1 -1 -2 -2 -4  3 -1 -3 -1 -4 -3  0 -2 -3  6 -1  1 -3  1 -3    0   0   0   0   0  24   0   0   0   0   0   4   0   0  55   0  10   0   7   0  1.35 0.12
  242 E    0 -1 -1  0 -4  3  4 -3 -1 -2 -3  0 -2 -3  2  0 -1 -4 -1  0    6   0   0   0   0  15  52   0   0   0   0   0   0   0  10   5   0   0   3   9  0.65 0.09
  243 T    0  0 -1 -1 -2  2  1 -2 -1 -1 -2  0 -1 -2 -2  2  3 -3  0 -1    5   6   0   0   0  15   7   0   0   5   0   3   0   0   0  13  40   0   6   0  0.38 0.07
  244 P   -1 -2  0  1 -4  0 -1 -3 -2 -4 -4 -2 -3 -4  7  0  2 -5 -4 -3    0   0   3  10   0   5   0   0   0   0   0   0   0   0  62   4  16   0   0   0  1.51 0.11
  245 A    2  0 -1  2 -3  1  2 -2 -1 -3 -3 -1 -2 -4  4  1  0 -4 -3 -2   22   4   0  13   0   6  20   0   0   0   0   0   0   0  24   8   4   0   0   0  0.60 0.04
  246 P   -1 -1 -2 -2 -4  2  2 -3 -2 -3 -3  1 -2 -4  6 -1 -2 -4 -4 -1    0   0   0   0   0  13  13   0   0   0   0   8   0   0  58   0   0   0   0   8  1.37 0.08
  247 R    1  5 -1 -2 -3  2  0 -2 -1 -3 -3  3 -2 -3 -2  0 -1 -4 -3 -2   21  50   0   0   0  14   0   0   0   0   0  15   0   0   0   0   0   0   0   0  0.65 0.03
  248 R   -1  3  0  2 -4  3  1 -2  0 -3 -3  3 -2 -4 -2  1 -1 -4 -3 -3    0  29   0  15   0  20   0   0   0   0   0  21   0   0   0  15   0   0   0   0  0.56 0.03
  249 R   -1  6 -1 -2 -4  1 -1 -3 -1 -3 -3  2 -2 -3 -2 -1  2 -4 -3 -2    0  81   0   0   0   0   0   0   0   0   0   0   0   0   0   0  19   0   0   0  0.90 0.03
  250 K   -1  5 -1 -2 -4  1  0 -3  0 -3 -3  4 -2 -4 -2 -1 -1 -4 -3 -3    0  67   0   0   0   0   0   0   0   0   0  33   0   0   0   0   0   0   0   0  0.91 0.01
  251 G    0 -3 -1 -2 -4 -2 -2  5 -3 -4 -4 -2 -3 -4  5 -1 -2 -4 -4 -4    0   0   0   0   0   0   0  67   0   0   0   0   0   0  33   0   0   0   0   0  1.24 0.01
  252 K   -1  2  0  0 -4  1  3 -2 -1 -3 -3  4 -2 -4 -2 -1 -1 -4 -3 -3    0   0   0   0   0   0  33   0   0   0   0  67   0   0   0   0   0   0   0   0  0.74 0.01
  253 K   -1  1  4  0 -4  1  0 -2  0 -3 -3  4 -2 -4 -2  0 -1 -4 -3 -3    0   0  33   0   0   0   0   0   0   0   0  67   0   0   0   0   0   0   0   0  0.70 0.01
  254 K   -2  1  1  5 -4  0  1 -2 -1 -4 -4  4 -3 -4 -2 -1 -1 -5 -3 -3    0   0   0  50   0   0   0   0   0   0   0  50   0   0   0   0   0   0   0   0  0.75 0.00
  255 K   -1  2  0 -1 -4  1  0 -2 -1 -3 -3  5 -2 -4 -1 -1 -1 -4 -3 -3    0   0   0   0   0   0   0   0   0   0   0 100   0   0   0   0   0   0   0   0  0.84 0.00
  256 K   -1  5  0 -2 -4  1  0 -2 -1 -3 -3  4 -2 -4 -2 -1 -1 -4 -3 -3    0  50   0   0   0   0   0   0   0   0   0  50   0   0   0   0   0   0   0   0  0.84 0.00

                      K         Lambda
Standard Ungapped    0.1779     0.3393
Standard Gapped      0.1100     0.3190
PSI Ungapped         0.1779     0.3393
PSI Gapped           0.1100     0.3190
