
Last position-specific scoring matrix computed, weighted observed percentages rounded down, information per position, and relative weight of gapless real matches to pseudocounts
           A  R  N  D  C  Q  E  G  H  I  L  K  M  F  P  S  T  W  Y  V   A   R   N   D   C   Q   E   G   H   I   L   K   M   F   P   S   T   W   Y   V
    1 M   -1 -2 -3 -4 -2  0 -2 -4 -2  1  2 -2  6  0 -3 -2 -1 -2 -2  1    0   0   0   0   0   0   0   0   0   0   0   0   0   0   0   0   0   0   0   0  0.00     0.00
    2 S    1 -1  0 -1 -2  0  0 -1 -1 -3 -3 -1 -2 -3 -1  5  1 -4 -2 -2    0   0   0   0   0   0   0   0   0   0   0   0   0   0   0   0   0   0   0   0  0.00     0.00
    3 C   -1 -4 -3 -4  9 -3 -5 -4 -4 -2 -2 -4 -2 -3 -4 -2 -1 -3 -3 -1    0   0   0   0   0   0   0   0   0   0   0   0   0   0   0   0   0   0   0   0  0.00     0.00
    4 V    0 -3 -3 -4 -1 -3 -3 -4 -3  3  1 -3  1 -1 -3 -2  0 -3 -2  4    0   0   0   0   0   0   0   0   0   0   0   0   0   0   0   0   0   0   0   0  0.00     0.00
    5 T    0 -1  0 -1 -1 -1 -1 -2 -2 -1 -2 -1 -1 -2 -2  1  5 -4 -2  0    0   0   0   0   0   0   0   0   0   0   0   0   0   0   0   0   0   0   0   0  0.00     0.00
    6 P   -1 -2 -3 -2 -4 -2 -2 -3 -2 -4 -3 -1 -3 -4  8 -1 -2 -5 -4 -3    0   0   0   0   0   0   0   0   0   0   0   0   0   0   0   0   0   0   0   0  0.00     0.00
    7 A    4 -2 -2 -2 -1 -1 -1  0 -2 -2 -2 -1 -1 -3 -1  1  0 -3 -2  0    0   0   0   0   0   0   0   0   0   0   0   0   0   0   0   0   0   0   0   0  0.00     0.00
    8 L   -2 -3 -4 -5 -2 -3 -4 -4 -3  1  4 -3  2  0 -3 -3 -2 -2 -2  1    0   0   0   0   0   0   0   0   0   0   0   0   0   0   0   0   0   0   0   0  0.00     0.00
    9 P   -1 -2 -3 -2 -4 -2 -2 -3 -2 -4 -3 -1 -3 -4  8 -1 -2 -5 -4 -3    0   0   0   0   0   0   0   0   0   0   0   0   0   0   0   0   0   0   0   0  0.00     0.00
   10 P   -1 -2 -3 -2 -4 -2 -2 -3 -2 -4 -3 -1 -3 -4  8 -1 -2 -5 -4 -3    0   0   0   0   0   0   0   0   0   0   0   0   0   0   0   0   0   0   0   0  0.00     0.00
   11 S    1 -1  0 -1 -2  0  0 -1 -1 -3 -3 -1 -2 -3 -1  5  1 -4 -2 -2    0   0   0   0   0   0   0   0   0   0   0   0   0   0   0   0   0   0   0   0  0.00     0.00
   12 L   -2 -3 -4 -5 -2 -3 -4 -4 -3  1  4 -3  2  0 -3 -3 -2 -2 -2  1    0   0   0   0   0   0   0   0   0   0   0   0   0   0   0   0   0   0   0   0  0.00     0.00
   13 F   -3 -4 -4 -4 -3 -4 -4 -4 -2  0  0 -4  0  6 -4 -3 -2  0  3 -1    0   0   0   0   0   0   0   0   0   0   0   0   0   0   0   0   0   0   0   0  0.00     0.00
   14 T    0 -1  0 -1 -1 -1 -1 -2 -2 -1 -2 -1 -1 -2 -2  1  5 -4 -2  0    0   0   0   0   0   0   0   0   0   0   0   0   0   0   0   0   0   0   0   0  0.00     0.00
   15 N   -2 -1  6  1 -3  0 -1 -1  0 -4 -4  0 -3 -4 -3  0  0 -4 -3 -3    0   0   0   0   0   0   0   0   0   0   0   0   0   0   0   0   0   0   0   0  0.00     0.00
   16 G    0 -3 -1 -2 -4 -2 -3  6 -3 -5 -4 -2 -4 -4 -3 -1 -2 -4 -4 -4    0   0   0   0   0   0   0   0   0   0   0   0   0   0   0   0   0   0   0   0  0.00     0.00
   17 Y   -2 -2 -3 -4 -3 -2 -3 -4  2 -2 -2 -3 -2  3 -4 -2 -2  2  7 -2    0   0   0   0   0   0   0   0   0   0   0   0   0   0   0   0   0   0   0   0  0.00     0.00
   18 L   -2 -3 -4 -5 -2 -3 -4 -4 -3  1  4 -3  2  0 -3 -3 -2 -2 -2  1    0   0   0   0   0   0   0   0   0   0   0   0   0   0   0   0   0   0   0   0  0.00     0.00
   19 S    1 -1  0 -1 -2  0  0 -1 -1 -3 -3 -1 -2 -3 -1  5  1 -4 -2 -2    0   0   0   0   0   0   0   0   0   0   0   0   0   0   0 100   0   0   0   0  0.73 0.00
   20 S    1 -2  0 -1 -2 -1 -1  4 -2 -4 -4 -1 -3 -3 -2  3  0 -4 -3 -3    0   0   0   0   0   0   0  50   0   0   0   0   0   0   0  50   0   0   0   0  0.72 0.00
   21 P    0 -2 -1 -1 -2 -1 -1 -2 -2 -3 -3 -1 -2 -3  6  3  0 -4 -3 -2    0   0   0   0   0   0   0   0   0   0   0   0   0   0  50  50   0   0   0   0  1.23 0.00
   22 Q   -1  0  0 -1 -4  4  0  4  0 -4 -3  0 -2 -4 -2 -1 -1 -3 -3 -3    0   0   0   0   0  50   0  50   0   0   0   0   0   0   0   0   0   0   0   0  0.75 0.00
   23 N   -1 -1  5  0 -3  0 -1 -1  5 -4 -4 -1 -3 -3 -2  2  0 -4 -1 -3    0   0  48   0   0   0   0   0  25   0   0   0   0   0   0  27   0   0   0   0  0.68 0.02
   24 I   -1 -3 -3 -4 -2 -2 -3  2 -3  3  2 -3  3 -1 -3 -2 -1 -3 -2  1    0   0   0   0   0   0   0  21   0  41  19   0  20   0   0   0   0   0   0   0  0.33 0.02
   25 S    2 -1  0 -1 -2 -1 -1 -1 -2 -2 -3 -1 -2 -3 -1  4  3 -4 -2 -2   18   0   0   0   0   0   0   0   0   0   0   0   0   0   0  64  18   0   0   0  0.63 0.04
   26 M   -2 -2 -3 -4 -3 -1 -3 -4 -3  2  2  0  7 -1 -3 -3 -2 -3 -2  0    0   0   0   0   0   0   0   0   0   9  11  10  70   0   0   0   0   0   0   0  0.81 0.13
   27 T   -1 -2  3  2 -3 -1 -1  1 -1 -3 -3 -1 -2 -3 -2  2  3 -4 -3 -2    0   0  25   9   0   0   0   9   0   0   0   0   0   0   0  20  36   0   0   0  0.55 0.07
   28 N    1  1  3  2  2 -1  1 -1 -1 -3 -3 -1 -3 -4 -2  2  0 -4 -3 -3   16   8  22  16   7   0   6   0   0   0   0   0   0   0   0  25   0   0   0   0  0.44 0.07
   29 L    0  0 -2  0 -3  0 -1 -3  2  0  2  0  2  1  1 -2 -1 -3 -1  1    6   5   0   7   0   5   0   0   9   0  22   6  12   8   6   0   0   0   0  14  0.13 0.05
   30 N    0 -1  5  2 -4 -1  1 -2  2 -4 -4  1 -3 -4 -3  1  1 -5 -3 -3    5   0  47   8   0   0   8   0   5   0   0   8   0   0   0  13   7   0   0   0  0.71 0.14
   31 S    1 -1  2  0 -3  0  0 -2 -2 -3 -4  1 -3 -4  2  3  2 -5 -3 -3    7   0  13   4   0   3   3   0   0   0   0   8   0   0   9  39  16   0   0   0  0.55 0.15
   32 S    1  1  2  2 -3 -1 -1  0 -2 -4 -4  0 -3  0  0  3 -1 -4 -3 -3   12   7   9  14   0   0   0   7   0   0   0   5   0   6   4  38   0   0   0   0  0.42 0.14
   33 V    1 -1 -3 -1  1 -3 -3 -2 -3  3  1 -3  0 -2 -3 -1 -1 -3  0  2   16   3   0   5   4   0   0   3   0  27  14   0   0   0   0   3   0   0   3  22  0.27 0.11
   34 K    0  3 -2 -1 -4 -1  0 -3 -2 -3 -1  3 -2 -3  2  0  0 -4  0 -2    6  19   0   3   0   0   5   0   0   0   8  31   0   0  12   4   5   0   5   3  0.44 0.14
   35 V    0 -1  0 -3  2 -1 -2 -2 -2  1  0 -1  0  0  1  0  0 -3 -2  2    9   2   5   0   7   3   0   2   0  10   9   3   3   6   7   6   7   0   0  20  0.11 0.06
   36 S    1 -1 -1 -1 -3  0  0  1  0 -2 -3  0 -3 -4  0  3  2 -4 -3 -2   12   2   0   2   0   4   5  14   2   3   0   4   0   0   4  36  12   0   0   0  0.42 0.16
   37 D    0 -1  2  3 -4  0  3  0 -2 -3 -3  0 -3 -4  0  0  0 -5 -4 -1    9   2  13  23   0   2  19   6   0   0   2   6   0   0   3   3   5   0   0   6  0.41 0.16
   38 S    1 -2 -1  0 -3  0  0  1  0 -1 -2 -1  0 -3  1  3  0 -4 -1 -1   11   0   2   5   0   4   5   9   2   3   1   2   3   0   8  34   4   0   2   5  0.31 0.16
   39 G    0  0  0  0 -4 -1 -2  4 -1 -1 -3 -1 -3 -4  1  1 -1 -4 -4 -1    6   5   4   5   0   2   1  43   1   5   1   4   0   0   6   9   2   0   0   4  0.51 0.19
   40 A    1  1 -1 -2 -1  0 -1  0 -1 -1  0  1 -1  1  1  1  1 -3 -2 -1   18   8   1   1   1   3   1   5   2   3  13  10   0   7   7   9   8   0   0   2  0.12 0.09
   41 Y   -1  1 -2 -4 -1  0 -3 -3  4 -1 -1 -1  0  3 -3 -2  0  1  4  0    5   9   1   0   1   4   0   1  14   3   5   4   2  13   1   1   8   2  19   7  0.43 0.22
   42 K   -5  7  1 -5 -5 -1 -4 -6 -1 -7 -7  3 -6 -7 -3 -3 -3 -7 -2 -7    0  65   7   0   0   2   0   0   1   0   0  18   0   0   1   2   1   0   1   0  1.95 0.74
   43 W   -6 -3 -7 -8 -7 -7 -7 -8 -4  2  1 -5 -2  3 -8 -7 -5  4  7  0    0   1   0   0   0   0   0   0   0  12  14   0   1  12   0   0   0   6  48   6  1.79 0.68
   44 R    0  4 -5 -5 -2 -1 -1 -4 -4 -4  0  5 -3  1 -6 -4 -4 -7 -5 -2    9  24   0   0   1   2   4   1   0   1   8  41   0   6   0   0   0   0   0   2  1.08 0.55
   45 L    0 -7 -8 -8  1 -5 -7 -6 -7  3  5 -7  4  1 -7 -5 -5 -6 -3  0    7   0   0   0   4   0   0   0   0  17  51   0  11   5   0   0   0   0   1   4  1.28 0.56
   46 V   -1  0 -2  0 -2 -2 -1 -1 -2  2  0  0 -2 -4 -5 -1  3 -1 -1  2    4   6   1   5   1   1   4   5   1  11   8   7   0   0   0   3  24   1   2  15  0.30 0.25
   47 I   -5 -8 -8 -9  0 -7 -8 -9 -8  6  3 -8 -1  1 -8 -6 -4 -7 -3  4    0   0   0   0   2   0   0   0   0  40  24   0   1   5   0   0   1   0   1  26  1.54 0.64
   48 A    4 -3 -4 -4 -2  2  3  0 -4 -7 -6 -4 -3 -5 -6  3 -3 -3 -7 -5   35   1   0   0   1  10  21   6   0   0   0   0   1   0   0  21   1   0   0   0  1.07 0.61
   49 Y   -7 -7 -7 -8 -8 -7 -8 -8 -5 -7 -7 -7 -7  1 -8 -7 -7  0  9 -7    0   0   0   0   0   0   0   0   0   0   0   0   0   4   0   0   0   1  91   0  3.82 1.33
   50 D   -5 -3  1  7 -1 -2 -2 -6  1 -3 -1 -1 -3 -3 -8 -4 -7-10 -5 -3    1   1   5  68   2   1   2   0   3   2   6   3   1   1   0   1   0   0   0   2  1.87 0.81
   51 G   -7 -9 -7 -8-10 -9 -9  7 -9-11-11 -9-10 -1-10 -7 -9-10-10-10    0   0   0   0   0   0   0  97   0   0   0   0   0   3   0   0   0   0   0   0  3.19 1.22
   52 T    0 -1 -3 -3 -4 -3 -4 -1 -3 -2 -6 -2 -4 -3 -7  3  6 -1 -3 -5    7   4   1   1   0   1   1   4   1   2   0   2   0   1   0  24  47   1   1   0  1.22 0.70
   53 R    1  3  3  2 -2 -1 -1 -1  2 -5 -4  1 -2 -2  0 -1 -3 -4 -2 -4   13  17  15  12   1   2   4   5   4   0   2   9   1   2   5   5   1   0   1   1  0.45 0.31
   54 F   -9 -9-10-10 -3 -9-10-10 -3 -7 -4 -9 -7  7-10 -9 -9  2  7 -6    0   0   0   0   1   0   0   0   1   0   1   0   0  47   0   0   0   3  47   1  3.08 1.19
   55 A    0  0  1 -3  3  1 -4 -4  6 -4 -2 -1 -4  2 -6  2 -4 -2  2 -3    9   5   6   2   7   6   1   1  19   1   4   4   0   8   0  18   0   1   6   2  0.65 0.41
   56 G   -4 -4 -7 -8-10 -9 -9  7 -9-11-11 -8-10-10 -9 -7 -8-10-10-10    2   1   0   0   0   0   0  97   0   0   0   0   0   0   0   0   0   0   0   0  3.17 1.26
   57 W   -9-10-10-11-10 -9-10-10 -9 -4 -3-10  0  5-11 -1 -9 11  1 -4    0   0   0   0   0   0   0   0   0   1   2   0   2  24   0   5   0  59   5   2  3.46 1.37
   58 Q    2 -4 -5 -8 -9  8 -3 -5 -6 -5 -9 -4 -4-10 -8 -4 -4 -9 -9 -6   14   1   1   0   0  78   1   1   0   1   0   1   0   0   0   1   1   0   0   1  2.76 1.34
   59 Y   -1  4 -3 -2 -4 -2 -1 -4 -1  2 -1  3  0 -2 -2 -1 -1 -1 -1  0    5  21   1   2   0   1   3   1   2  13   6  18   3   2   2   5   4   1   2   7  0.43 0.31
   60 Q   -4 -6 -2 -5-10  8 -4 -6 -2 -6 -3 -3 -7-10 -2 -4 -4 -9 -9 -6    1   0   2   1   0  85   1   1   1   0   3   1   0   0   2   1   1   0   0   0  2.95 1.42
   61 E   -1  0  1  1 -3 -1  0 -1  0 -4 -4  3 -4 -7  5 -2 -1 -8 -5 -3    5   4   7   7   0   3   6   5   2   1   2  16   0   0  34   3   4   0   0   2  0.82 0.51
   62 S   -2 -1  5  2 -4 -1 -1  2  2 -5 -5  1 -4 -7 -3  1  0 -3 -3 -5    2   3  25  12   0   3   4  18   4   1   1   8   0   0   1   9   5   0   1   1  0.68 0.44
   63 P    1  0 -1  0 -2  1  0  2  0 -1  0  1 -1 -2  1 -1 -1 -5 -2  0   11   4   2   5   1   6   4  16   3   3  11   9   1   1   7   3   4   0   1   8  0.12 0.13
   64 P   -2  4  1 -1 -1 -1  0 -3  0  0 -2  2 -2 -3  4 -2 -2 -3 -3 -1    3  22   7   3   1   2   5   2   2   6   5  10   1   1  18   3   2   0   1   4  0.50 0.35
   65 T   -2 -3 -2 -7 -3 -6 -7 -1 -3 -7 -7 -3 -7 -8 -7  3  7 -9 -8 -3    4   2   2   0   1   0   0   4   1   0   0   2   0   0   0  18  65   0   0   2  1.93 1.00
   66 I   -5 -8 -8 -9 -7 -8 -8 -4 -9  5 -2 -8 -5 -3 -8 -3 -3 -8 -7  6    1   0   0   0   0   0   0   1   0  30   4   0   0   1   0   2   2   0   0  58  2.02 0.92
   67 Q   -2 -1 -1 -2 -1  8  2 -6 -2 -6 -5 -3 -4 -5 -8 -4 -7 -9 -8 -3    3   3   2   2   1  66  14   1   1   0   1   2   0   1   0   1   0   0   0   2  2.13 1.12
   68 S   -1 -1 -1  0 -3  2  1  5 -2 -6 -4 -2 -4 -5 -6  1  1 -7 -2 -5    5   3   3   6   1   8  11  40   1   0   1   2   0   1   0   8   8   0   1   0  0.79 0.49
   69 M    0 -2 -4 -2  1 -1  4 -6  0  1 -3  1 -1 -3 -8 -2  1 -9 -2  3    8   2   1   2   3   3  24   1   2   7   3   8   1   1   0   3   9   0   2  20  0.60 0.39
   70 L   -4 -9-10-10 -9 -3 -4-10-10  4  5 -9  0  0-10 -3 -5 -9 -9  1    2   0   0   0   0   1   1   0   0  20  56   0   2   3   0   2   1   0   0  10  1.63 0.77
   71 E   -3 -3  0 -2 -4  1  6 -2 -4 -1 -4 -4 -3 -1 -9 -3 -2 -3 -3 -4    2   2   4   2   0   6  60   3   1   4   2   1   1   3   0   3   3   1   1   1  1.50 0.84
   72 K    0  2  0  2 -2  1  3 -1  0 -5 -6  4 -8 -3 -5 -1 -1 -9 -4 -5    8  10   4  11   1   5  16   5   3   1   1  24   0   1   1   4   4   0   1   1  0.66 0.43
   73 A    6 -3 -4 -9  1 -8 -5 -3 -3  0 -2 -3 -3 -3 -8 -2  0 -1 -3  1   59   1   1   0   3   0   1   3   1   4   4   2   1   1   0   4   5   1   1   8  1.35 0.73
   74 L   -3 -7 -7 -7  1 -4 -2 -5 -3  2  5 -4  0  0 -7 -4 -4 -1 -4 -1    3   0   0   0   3   1   3   1   1  10  60   2   2   4   0   2   1   1   1   4  1.34 0.62
   75 I    1  1  0 -1  0  0  1 -1  0 -1 -1  1  0  1 -2  1  0 -1  0 -1   10   8   4   3   2   5   8   4   2   4   7   7   2   7   2  11   7   1   3   4  0.08 0.07
   76 Q    0  3 -1 -1 -1  2 -1 -1  0 -2 -1  3 -1 -2 -2 -1  0 -1 -1 -1    6  16   3   4   1   8   4   5   2   3   6  18   1   2   2   4   6   1   2   4  0.29 0.19
   77 I   -1 -2 -4 -4  0 -4 -2 -3 -4  5  2 -4  2  0 -4 -3 -1  1 -2  2    6   3   1   1   2   1   3   2   0  27  18   1   5   4   1   3   3   2   2  15  0.66 0.30
   78 T   -1 -1  0 -2  1  0 -1  0  0 -3  1 -1 -1  1 -3  2  3 -1 -1 -2    5   3   4   2   3   4   4   6   2   2  12   4   1   7   2  15  18   1   2   3  0.25 0.21
   79 E    0  1  0  1 -2  1  2  1  0 -1 -1  2 -1 -2 -1  0 -1  0 -2 -1    6   8   4   6   1   6  12  10   2   4   6  11   1   2   4   6   4   1   1   4  0.12 0.10
   80 L   -1 -1 -1 -2  1 -1 -1 -1 -1  2  3 -2  2  2 -1 -2  0  0  0  0    5   3   3   3   3   3   4   5   2   9  25   3   4   7   3   3   5   1   3   7  0.21 0.10
   81 G    0 -1  1  0  1 -1 -1  2  1 -1 -1 -1  0  1  0 -1  0  2  0 -1    7   3   7   5   4   3   4  18   3   3   6   4   3   6   4   5   5   3   3   4  0.12 0.09
   82 R   -1  0  0  0  2  0  0 -1  2  0 -1  0  2  0  0 -1  0  3  1 -1    5   5   5   5   5   5   5   5   5   5   5   5   5   5   5   5   5   5   5   5  0.09 0.08
   83 K   -1  1  1  0 -1  2  3  0  2 -3 -3  2 -2 -3 -1 -1  0 -2 -3 -2    4   6   6   4   1   9  25   6   5   1   2  12   1   1   3   4   5   1   1   3  0.38 0.25
   84 E   -1  0  0  2 -2  2  2 -3  1 -3 -4  0 -2 -2  3  0  0 -5 -2 -2    5   5   4  13   1   8  15   2   3   1   1   7   1   2  16   6   6   0   1   2  0.39 0.24
   85 L   -1 -5 -3 -4  0 -3 -4 -3 -3  3  1 -3  0  1 -1 -2  0 -1 -2  4    4   0   1   1   2   1   1   2   1  20  13   1   2   5   3   2   5   1   1  34  0.60 0.29
   86 Q   -1  2  0  1 -1  1  2 -2  2 -2 -2  2 -1 -2  0  0  0  0 -1 -1    3  14   5   6   1   5  18   2   5   2   3  12   1   1   4   4   6   1   2   4  0.26 0.16
   87 L   -2 -2 -5 -5  0 -2 -4 -5 -4  4  2 -2  1  1 -2 -3  0  0 -1  3    2   2   0   0   2   1   0   0   0  23  21   2   2   6   2   1   6   1   2  26  0.57 0.25
   88 I   -1 -1 -1 -2 -1 -1 -2 -3  0  4  0 -2  0  0 -4 -1  1  0  1  2    4   2   4   1   1   3   2   1   3  30   5   2   2   5   0   4  10   1   5  15  0.31 0.18
   89 G    0 -1 -1 -3  2 -2 -3  5 -1 -2 -3 -2 -1 -1 -2  1 -1 -4 -1 -2    8   3   1   0   6   1   0  50   1   2   2   2   1   2   2  12   2   0   2   3  0.62 0.20
   90 A    3 -2 -2 -3  4  0 -2  0 -2 -2 -3 -2 -2 -3 -2  2  0  2 -3 -1   43   0   0   0  14   4   0   6   0   0   0   0   0   0   0  20   4   4   0   5  0.44 0.12
   91 G    1 -2 -1  0  1 -2 -2  3 -2 -2 -3 -2 -2 -3 -2  2  1 -4 -3  0    8   0   0   4   4   0   0  32   0   0   0   0   0   0   0  26  11   0   0  11  0.38 0.10
   92 R   -2  6 -1 -3 -4  0 -1 -3 -1 -2  0  2  1 -3 -3  1 -2 -4 -3 -3    0  64   0   0   0   0   0   0   0   0  11   8   7   0   0  11   0   0   0   0  0.82 0.18
   93 T   -1 -3 -2 -3 -3 -2 -3 -3 -3 -2  0 -2 -2 -3  2  0  6 -5 -3 -2    0   0   0   0   0   0   0   0   0   0   9   0   0   0  11   0  80   0   0   0  1.16 0.28
   94 D   -3 -3  0  6 -5 -1  2 -3 -3 -3 -4 -2 -4 -5 -3 -2 -2 -6 -5  0    0   0   0  75   0   0  14   0   0   0   0   0   0   0   0   0   0   0   0  11  1.41 0.26
   95 A    3  0 -2 -3 -2 -1 -1 -1 -2  1 -2  1 -2 -3  0  1  1 -4 -3  0   46   4   0   0   0   1   1   2   0  11   0  10   0   0   2   9   9   0   0   5  0.36 0.12
   96 G   -1 -3 -1 -2 -5 -2 -3  6 -2 -5 -4 -2 -3 -3 -4 -1 -2 -5 -3 -5    1   1   1   1   0   1   1  86   1   0   1   2   1   1   0   1   1   0   1   0  1.45 0.24
   97 V    1 -2 -2 -2 -1 -1 -2 -2 -2  2  0 -2  2 -1 -2 -1  1 -2 -2  3   10   1   1   1   0   1   1   1   0   9   2   1   9   1   1   1  10   0   1  49  0.24 0.04
   98 H    0 -1  3  0 -2  0  0 -1  4 -2 -2 -1 -1 -2 -1  2  2 -3 -1 -2    2   1  21   1   0   1   1   1  20   1   2   1   0   1   1  21  21   0   1   1  0.36 0.03
   99 A    1  2 -1 -2  4 -1 -1  1 -2 -1 -2 -1 -1 -2 -2  1  0 -3 -2  1   15  15   1   1  15   1   1  15   0   1   1   1   0   1   1  15   1   0   0  15  0.19 0.05
  100 W   -1  2  1 -1  0  0  0 -3  0  0  1  1  0 -1 -3  0  0  4  0 -1    5  11   7   2   2   3   6   1   3   4  16   7   2   3   0   7   7   7   3   4  0.13 0.12
  101 G    1  0  1  0  0  1  1  4  0 -4 -2 -1 -1 -2 -3  0 -2 -4 -1 -2   12   5   6   4   2   6   8  34   2   1   3   3   2   2   1   4   2   0   2   2  0.38 0.22
  102 Q   -1  0  1 -3 -5  5  0 -1  1 -4 -1  0  3  0 -4 -1  0 -4  2 -4    4   4   5   0   0  37   4   4   4   0   5   4   7   5   0   4   5   0   7   0  0.63 0.44
  103 V    0  0 -2 -3  2 -1  0 -1  2  0  0  0  1  1  1  0  0  3  1  0    6   6   0   0   6   0   6   6   6   6   6   6   6   6   6   6   6   6   6   6  0.09 0.12
  104 A    2 -1 -1 -3  3  0 -1 -1 -3  1  0 -2  1  1 -3  0  0 -4 -3  2   25   4   4   0   7   4   4   4   0   7   6   0   4   7   0   5   4   0   0  16  0.22 0.22
  105 H   -1  0  0  0  2  0  0 -1  2  0 -1  0  1  0 -3  0  0  3  1  0    5   5   5   5   5   5   5   5   5   5   5   5   5   5   0   5   5   5   5   5  0.06 0.09
  106 F   -1 -5 -5 -1  2 -4 -1 -2 -4  1  1 -1  1  5 -5 -4 -1  3  1  1    5   0   0   4   4   0   5   4   0   8  12   4   4  30   0   0   4   4   4   8  0.57 0.34
  107 V   -1  1 -1  3 -1 -1  1 -3  1  1 -1  0 -1  0 -3 -2 -1  1  0  1    5   7   3  19   1   3   9   2   3   8   7   5   2   3   2   3   4   2   3   9  0.22 0.15
  108 T   -1 -3 -3 -1  2 -1 -3 -3 -1  1  1 -3  0  0 -2  1  4  0 -2  0    5   1   2   3   4   3   2   3   2   7  14   2   2   4   2  10  25   1   2   7  0.39 0.27
  109 P    0  0  0  2 -1 -1  1 -1  0 -1 -3  0 -2 -3  4  0  0 -1 -2 -2    7   6   4  12   1   3   9   5   2   4   3   6   1   1  19   7   5   1   1   2  0.31 0.26
  110 F   -1  0  0  0  2  0  0 -1  2  0 -1  0  2  0  0 -1  0  3  1 -1    5   5   5   5   5   5   5   5   5   5   5   5   5   5   5   5   5   5   5   5  0.09 0.08
  111 N   -1  1  1  1  1  1  1 -1  1 -1 -2  0  0 -1  0  0  0  2  0 -2    5   7   8   9   3   5   8   4   4   3   3   7   3   3   6   7   6   3   3   3  0.12 0.12
  112 Y   -1  1 -1 -1  0 -1 -1 -1  2  1  0 -1  1  1  0 -1 -2  4  1  0    5   9   3   4   2   3   4   4   5  10  10   4   4   6   5   4   2   5   5   5  0.13 0.10
  113 T    0  0 -1  0  0 -1  0 -2  0  2  0  0  1 -1  2  0  1  1 -2  0    6   6   3   6   2   2   6   3   2  11   8   5   3   3   9   7   8   2   1   6  0.08 0.08
  114 S    0  0  0  0  2  0  0 -1  1  0 -1  0 -2  0  0  0  0  3  1 -1    5   5   5   5   5   5   5   5   5   5   5   5   0   5   5   5   5   5   5   5  0.06 0.07
  115 L    0  0 -1 -1  1  0  0 -2  0  1  1 -1  1  0  1 -1 -1  2  0  0    7   5   3   4   4   3   6   4   3   7  15   4   4   4   8   3   4   3   4   7  0.06 0.05
  116 D   -1  0  1  2 -6  1  2 -1  1 -1 -2  0  0 -1  0 -1 -1  2  0 -1    5   6   7  12   0   5  14   5   3   3   4   6   3   3   5   5   4   3   3   4  0.18 0.16
  117 S    0  2  0 -1  0  0  1 -1  0  0 -1  2  0 -2 -1  1  0  2 -1 -1    8  11   5   4   2   4   8   4   2   5   5  11   2   2   3  10   5   3   2   4  0.11 0.11
  118 F   -2 -2 -1 -2  1 -1 -6 -2  1  2  2 -2  2  3 -1 -2 -2  5  1 -1    4   3   3   3   3   3   0   3   3  11  18   3   4  13   3   3   3   9   5   4  0.45 0.27
  119 H   -1  1 -1 -1  1  2 -1 -2  5  0 -1  1  1 -1  1 -2 -1  2  0  0    6   7   3   4   3   8   3   3  12   6   5   7   3   3   7   3   4   3   3   6  0.23 0.18
  120 A    1  3  0  0 -5 -1 -1 -1  0 -2 -1  2  1  0 -2  0 -1 -1  2 -2   11  15   4   5   0   3   3   5   2   2   6  12   3   5   2   6   4   1   8   2  0.19 0.19
  121 A    4  0 -3 -1 -1 -2 -3  2  2  0 -1  0 -1 -3 -2  0 -3 -1  1 -1   29   5   1   3   1   2   2  13   5   5   6   6   1   1   2   6   2   1   4   4  0.37 0.26
  122 L   -1 -3 -1 -7  1 -6 -7 -2 -1  2  4 -6  2  0 -7 -3 -2  2 -1  0    5   2   3   0   3   0   0   3   1  11  48   0   5   4   0   2   2   2   2   6  0.87 0.48
  123 N   -3  0  7 -1 -1 -1 -2 -4 -1 -3 -5 -3 -1 -2 -3  0 -3-12 -2 -3    2   6  56   4   1   3   3   2   1   1   1   2   2   2   2   6   2   0   2   2  1.57 0.85
  124 G    1  2 -1 -2 -1  1 -1  1  3 -3 -4  0 -1 -2 -1  2  0  0 -1 -3   14  12   4   3   1   5   4  13   6   1   2   6   1   2   3  13   6   1   2   2  0.28 0.23
  125 L   -2  0  1 -3 -1  0 -3 -4  3  1  2 -1  3  2 -3 -3 -3  0  3 -1    4   6   6   2   1   4   2   2   7   7  21   5   6   7   1   2   2   2   9   4  0.37 0.22
  126 L   -2 -2 -2 -3  0 -8 -8 -2 -8 -1  5 -1  0 -2 -8 -3 -2 -8 -8 -2    3   3   2   2   2   0   0   3   0   3  64   5   2   2   0   2   3   0   0   3  1.35 0.67
  127 P   -1 -2 -2 -2 -1 -1 -2 -2  0 -6 -4  1 -5  0  6 -1 -2  0  0 -3    4   2   2   3   1   3   2   3   2   0   2   9   0   4  47   5   3   2   3   2  1.08 0.59
  128 K    0  1  0  1 -1  0  0  0  2 -3 -3  1 -1 -2  3  0 -1  0 -1 -3    7   9   5   8   1   3   6   7   7   1   2   9   2   1  15   8   3   1   2   2  0.26 0.20
  129 D   -2 -2  0  5 -1 -1  1 -1  3 -6 -3 -1 -5 -2 -1  0 -2  0  1 -3    4   2   4  41   1   2   7   4   8   0   3   4   0   2   3   6   2   2   4   2  0.78 0.47
  130 I   -2 -7 -7 -8  1 -7 -7 -8 -7  6  0 -7  1 -1 -2 -2 -2  3 -5  3    3   0   0   0   3   0   0   0   0  50   9   0   3   2   3   3   2   4   0  18  1.33 0.65
  131 R    0  2  0 -1  0  0 -1 -2  0 -1  0  1  0  0 -4  0 -1  3  0  1    7  16   4   3   3   3   3   3   3   3   9   8   3   3   0   7   3   4   3  11  0.12 0.12
  132 V    0 -5 -6 -6  3 -5 -6 -6 -6  4  0 -1  2  1  0 -1  0 -6 -5  4    7   0   0   0   7   0   0   0   0  23   9   5   5   5   5   5   5   0   0  27  0.70 0.37
  133 R   -2  2 -1 -2  0  0 -2 -2  2  0  1  1  0  0 -2  0  0  2  0 -1    3  14   3   2   2   3   2   4   5   5  16  11   2   3   2   7   5   4   3   4  0.15 0.14
  134 E    1  1  1  2 -1  1  1  0  0 -2 -2  1 -3 -2 -2  1 -1  3 -2 -1   10   7   6  10   2   5  11   6   3   2   3   8   0   1   1  13   3   4   1   4  0.20 0.18
  135 L    1 -1 -1 -4  1 -3 -3 -1  0  2  0 -1  1  0 -1  0 -1  3  0  2   15   3   3   0   4   0   0   4   3  12   9   3   4   4   3   7   3   5   3  14  0.18 0.19
  136 S   -1  0  0  0  2  0  0 -1  2  0 -1  0  1  0 -3  0  0  3  1  0    5   5   5   5   5   5   5   5   5   5   5   5   5   5   0   5   5   5   5   5  0.06 0.09
  137 A    0  1 -1 -1  1  1  2 -2  1  0 -2  0  0  0  2 -1 -1  2  0 -1    8   7   3   4   3   5  16   3   3   5   5   5   3   4  10   4   3   3   3   4  0.17 0.16
  138 A    2 -1 -2 -2  0 -2 -1 -2 -6  0 -2 -2  2 -2 -1 -2 -1 -6 -5  5   16   3   2   2   2   2   3   3   0   4   2   2   5   2   3   3   4   0   0  40  0.62 0.45
  139 V    0 -1 -1  2  0  0  0 -2  1 -2 -3  0 -1 -1  4  1  0 -6 -1  0    7   3   3  10   3   3   5   3   3   2   2   7   2   3  21  10   6   0   2   6  0.33 0.25
  140 P    0 -1  0  2 -1  0  2 -1  0 -2 -1 -1 -1 -2  2  0  0  0 -1 -1    6   3   5  13   2   4  13   5   2   2   5   4   2   2  11   7   6   2   3   5  0.18 0.14
  141 E   -1  0  1  3  1  0  1  0  1 -2 -2  2 -3 -4  0 -1 -1  2 -1 -2    4   4   8  16   3   3  10   7   3   3   5  15   0   0   4   4   4   3   3   3  0.21 0.16
  142 F    0 -2 -2 -3 -2  1 -2 -3 -2  1  0 -2  2  2  1 -1  1  4  2  1    9   0   0   0   0   9   1   1   0   9   9   0   9   9   9   1   9   8   9   9  0.24 0.14
  143 H   -1 -1  1  0  1  0 -1 -5  7 -4 -2 -1 -4 -1  1 -1 -1 -5  0 -2    5   3   7   5   3   4   3   0  40   0   3   3   0   3   7   4   4   0   3   3  0.85 0.43
  144 A    4 -5 -5 -5  2 -4 -4 -4 -5  0 -2 -4 -4 -5  4  1  0 -6 -5  1   44   0   0   0   4   0   0   0   0   4   3   0   0   0  21   8   5   0   0  11  0.99 0.54
  145 R   -3  7 -3 -3 -1 -1 -3 -3  0  1 -3  0 -1 -6 -6 -3  0 -7 -5 -2    1  66   1   1   1   2   1   2   2   7   2   2   2   0   0   1   5   0   0   3  1.47 0.69
  146 F   -2  0 -2 -3 -1  0 -3 -2  1  0  0  0 -1  5 -5 -2 -3  1  4 -3    2   6   2   1   1   4   1   4   3   4   8   6   1  33   0   2   1   2  18   0  0.71 0.38
  147 S    0  0  2  3  2  1 -1 -2  3 -4 -2 -1 -1 -2 -1  3 -1  0 -3 -2    6   6  10  17   4   5   1   2   7   0   3   2   1   1   2  25   2   2   0   2  0.39 0.29
  148 A    5 -3  0 -3  2 -3 -3 -3 -2 -1 -3 -2 -2 -5  0  1  0 -6 -5  1   50   1   4   1   6   0   1   1   1   2   1   2   1   0   4   8   4   0   0  12  0.73 0.45
  149 S   -2  2 -2 -1  2  0 -2 -4  1  1  0  3 -1 -2 -4 -1  1 -2 -1  1    2  10   1   3   5   3   2   0   4   9   8  22   1   1   0   3  11   1   2  12  0.26 0.23
  150 S    0  2 -1 -1 -2  0  1  1  0 -2 -3  0 -1 -1 -4  3  0  3  1 -3    6  11   1   3   1   4   8  13   2   2   2   5   2   2   0  23   4   4   5   1  0.27 0.24
  151 K   -3  5 -4 -5  0 -3 -4 -6 -4 -2 -6  6 -5 -6 -5 -4 -3 -7 -2 -6    2  39   0   0   2   0   0   0   0   2   0  50   0   0   0   0   2   0   1   0  1.80 0.78
  152 V   -2  1 -3 -3 -1  0  1 -4  1  1 -2  0 -1 -3 -4  0  4  0 -2  1    2   9   1   1   1   3  11   1   4   9   4   4   1   1   0   4  30   1   1  11  0.43 0.29
  153 Y   -6 -6 -6 -7  1 -1 -7 -7 -3 -6 -6 -6 -6 -2 -7 -6 -6  3  9 -6    0   0   0   0   3   3   0   0   0   0   0   0   0   0   0   0   0   4  87   0  3.30 1.08
  154 R   -2  4 -2 -2 -1  1  2 -4  2  0 -1  0 -2 -3 -4 -1 -1 -2 -1  0    2  30   1   2   2   6  16   1   6   5   7   3   1   1   0   5   4   0   2   7  0.48 0.29
  155 Y   -2 -6 -6 -7 -1 -6 -6 -7  0 -5 -2 -6 -5  0 -6 -6 -6 -3  9 -5    4   0   0   0   1   0   0   0   2   0   4   0   0   3   0   0   0   0  82   0  2.90 0.96
  156 Q   -2  3 -2 -3  2  0 -2 -3  3  0  0  1 -2  1 -3 -1  0 -1  3  0    3  22   1   1   4   3   2   1   8   6   8   7   1   6   1   3   7   1  11   6  0.33 0.21
  157 I   -3 -4 -5 -5 -2 -4 -5 -2 -5  5  2 -2  0  1 -5 -4 -2 -2 -1  2    2   0   0   0   1   0   1   4   0  45  17   3   2   6   0   1   2   1   2  13  0.90 0.38
  158 Y   -1 -1  0 -1  0  0 -1 -3  2 -1  0  0 -1  1 -2  1  0  4  3 -1    5   3   3   4   2   4   3   2   7   3  11   5   1   7   2  10   5   7  12   3  0.20 0.14
  159 N   -1  1  4 -1  0  0 -2  0  0 -1 -1 -1 -2 -1 -2 -1  2  0 -1 -2    4   7  26   3   2   4   2   7   3   4   6   3   1   3   2   4  13   1   2   3  0.30 0.22
  160 D    0  2  1  1 -1  0  0  2  1 -3 -4  0 -1 -2 -2  1 -1 -1 -1 -3    7  12   6   8   1   4   6  17   3   1   2   5   1   2   2  12   4   1   2   2  0.28 0.23
  161 T    1  2 -1 -1  0 -1  1  0  0 -2 -3  2 -2 -2  3  0  0 -1 -2 -3   11  11   3   4   2   2   8   6   2   2   3  10   1   2  15   6   7   1   2   2  0.28 0.25
  162 F    0  0 -1 -1 -1 -1  0 -2  1  0  0 -1 -1  2 -1 -1 -1  0  2  2    6   6   3   3   1   3   6   3   4   5   8   4   1   9   4   5   4   1   8  14  0.11 0.09
  163 M    0  2  0 -2  2  1 -2 -2  0  0  0  0  1  0  2 -2 -1  1 -1  0    6  13   4   2   4   6   3   3   2   6   9   5   3   5  12   3   4   2   2   7  0.17 0.14
  164 D   -3 -1  2  3  0 -1 -2 -2  1 -1 -2 -2  0  0  2  2 -1  0  0 -2    2   3  10  18   2   2   3   4   3   3   5   3   2   4  10  15   3   1   3   4  0.33 0.27
  165 P    0  0  0 -1  1 -6  0 -1  1  0 -2 -2  1 -1  5 -1 -1 -7 -7  0    9   4   4   3   3   0   7   4   3   5   5   3   4   3  27   4   4   0   0   6  0.48 0.35
  166 F   -1  0  0  0  2  0  0 -1  2  0 -1  0  2  0  0 -1  0  3  1 -1    5   5   5   5   5   5   5   5   5   5   5   5   5   5   5   5   5   5   5   5  0.09 0.08
  167 Q   -1  2 -1  0  1  2  1 -2  2 -1  0  0  2  0 -1 -1  0  3  1 -2    5  10   3   4   3   8   9   4   4   4  10   5   5   4   3   4   5   4   5   3  0.14 0.13
  168 R    0  5  0 -1  0  0 -1 -2  2 -2 -2  0  0 -2 -2 -1 -2  1  0 -2    8  29   5   4   2   4   4   4   4   2   5   6   2   2   2   6   3   2   3   3  0.44 0.32
  169 H   -1  3  2  1 -7  0  0  0  3 -2 -3  0  0 -1  0 -1 -2  1  0 -3    6  14  11   8   0   4   5   8   6   3   3   6   2   3   5   4   3   2   4   2  0.26 0.21
  170 W   -3  1 -1 -2  0  0 -3 -2  2 -2 -1 -1  0  2 -2 -2 -1  4  6 -3    2   9   3   3   2   4   2   3   4   3   5   3   2   9   3   4   5   7  25   2  0.67 0.41
  171 A    2 -1 -3 -3  3 -2 -2 -2  1 -1 -1 -2  1 -1 -1  1  1  0  0  2   19   4   2   2   6   2   2   3   3   3   5   2   3   3   3  11   7   1   3  15  0.30 0.23
  172 Y   -1 -7 -3 -3  0 -2 -2 -2  1 -3  0 -4 -1  1 -3 -2  1  8  4  0    5   0   2   2   2   2   3   3   3   2   8   1   2   6   2   4   8  26  14   6  1.09 0.60
  173 H   -2  0  0 -3  0  2 -1 -3  7 -2 -2 -2 -2  2 -2 -4 -2  6  2 -3    4   5   5   2   2   8   4   2  24   2   4   2   1   8   3   2   2  11   7   3  0.92 0.53
  174 C   -3 -1 -2 -3  4 -3 -2 -4  0  2  0 -4  0  2 -2 -3 -2  2  3  3    2   3   2   2   7   1   3   2   2  13   9   1   2   8   3   2   3   3   9  22  0.52 0.29
  175 A    0  2  0 -1 -1 -1 -1 -1  3 -2 -4  1 -3  0  4  0 -1  1  2 -3    7  11   4   4   1   3   3   5   6   2   2   8   1   3  19   7   3   2   6   2  0.36 0.30
  176 Y   -2  2 -2 -1 -2  1  0  0  3 -2 -2  1 -2  1 -1 -1 -1  1  4 -2    4  13   2   4   1   7   7   6   6   2   4   8   1   5   4   4   4   2  13   3  0.30 0.23
  177 K   -1  1  1  1 -1  0 -1 -2  0 -2 -2  2  0 -2  4 -1 -1  0 -1 -2    4   7   6   7   2   3   3   3   3   2   4  13   2   2  24   5   3   2   3   3  0.40 0.30
  178 L   -1 -1 -4 -1  1 -3 -1 -2 -3  1  3 -3  1  1  0 -1 -1  2  0  1    5   3   0   3   3   0   3   3   0  10  31   0   3   6   6   3   3   3   3   9  0.25 0.21
  179 N   -2 -1  2  5  1  0  0 -1  1 -2 -4 -1  0 -1 -1  1 -1 -5 -1 -2    3   3  11  33   3   3   4   3   3   3   0   3   3   3   3   9   4   0   3   3  0.48 0.34
  180 A   -1 -1 -3  0 -1 -1  0 -1  0  1  2 -1  1  1  0 -2 -1  2 -1  1    5   2   0   5   2   2   5   4   2  11  21   3   3   5   4   2   3   3   2  13  0.10 0.14
  181 S    0 -1  0  2  0  0  3  0  1 -2 -3  0 -1 -2  0  0  0 -5 -1 -1    9   3   4  14   3   4  20   6   4   2   2   5   1   2   4   5   6   0   2   4  0.25 0.23
  182 K    2  2 -1 -2 -2 -1 -1 -3 -2 -1  1  3 -1 -3 -2 -1 -2 -5 -3 -1   19  12   3   2   1   2   4   1   1   3  16  22   1   1   2   4   1   0   1   4  0.35 0.31
  183 M   -1 -5 -5 -6  2  0 -5 -5 -5  1  2 -5  7  1 -5 -4  0  3 -4  1    6   0   0   0   5   5   0   1   0   7  18   0  32   6   0   1   5   5   0   8  1.05 0.48
  184 R    0  2  1 -1  0  2  0 -1  1 -1 -2  1  0 -1 -1  0  0 -4  0 -1    9  12   7   3   3  11   7   4   3   4   3   8   3   3   3   4   5   0   3   3  0.14 0.12
  185 E    1  0 -1  2 -1  1  4 -3  2 -3 -3  2  1 -2 -2 -1 -1  0 -2 -3   10   5   2   9   2   6  27   2   4   2   2  10   4   2   2   4   3   1   1   2  0.43 0.32
  186 A    5 -5 -2 -3  2 -2 -1 -1 -1  0 -2 -3  0 -2 -5 -1 -2 -6 -2 -2   52   0   2   2   4   2   5   5   2   6   4   2   2   2   0   5   2   0   2   2  0.83 0.50
  187 A    4 -3 -3 -6  3 -5 -5 -2 -5  0  2 -3  0 -2 -5  1 -1 -1 -5 -1   42   1   1   0   6   0   0   3   0   5  18   2   2   1   0  11   3   1   0   5  0.74 0.46
  188 N    1  1  0  1 -2  3  1 -1  0 -4 -2  2 -2 -5 -1  1 -1 -6 -5 -3   12   8   4   8   1  12   9   5   2   1   3  16   1   0   3  10   3   0   0   1  0.33 0.26
  189 L    0 -1 -2 -2  1 -1 -1 -2  2  0  2 -1  1  1 -2 -1 -1 -1  2  0    9   4   1   2   3   3   3   2   5   6  23   4   5   5   1   4   4   1   9   7  0.15 0.14
  190 F   -1-10-10-11  3-10-10-11-10  2  4-10  3  4-10 -1  0 -9  2  0    5   0   0   0   5   0   0   0   0  11  34   0   7  17   0   5   5   0   6   6  1.13 0.46
  191 V   -1 -1 -1 -2  1 -1  0 -3  1  2  2 -1  1 -1 -1 -2  0  2 -1  2    4   3   3   3   3   3   7   3   3  13  18   4   3   3   3   3   5   2   2  13  0.20 0.10
  192 G   -2 -1  0 -1 -6 -1 -1  6  0 -2 -3 -2 -5 -5 -2 -2 -2 -5 -1 -5    3   3   4   2   0   3   4  60   2   2   3   3   0   0   2   3   2   0   2   0  1.06 0.50
  193 K   -3  1 -1 -1 -1  0  2 -6  2 -2 -1  1 -1 -1 -3 -1  2  1  3  0    2   9   2   3   2   3  12   0   6   2   6   8   2   3   1   4  16   2  12   6  0.34 0.26
  194 H   -3  0  1 -3 -2 -1  0 -4  8 -2 -3  1 -2 -1 -5 -2  0 -1 -1 -4    1   5   6   1   1   3   5   1  46   3   2   9   1   2   0   3   7   1   1   1  1.29 0.58
  195 D   -3 -5  2  7  0 -2 -1 -5 -1 -4 -6 -3 -6 -2 -5 -1  0 -7 -3 -6    2   0   8  68   2   1   2   0   1   1   0   1   0   2   0   3   5   0   1   0  1.76 0.72
  196 F   -6 -6 -6 -6  2 -6 -1 -7 -5 -4 -1 -6 -4  8 -6 -6 -5  1  3 -2    0   0   0   0   4   0   4   0   0   0   4   0   0  71   0   0   0   2   8   2  2.29 0.83
  197 S    2  2  0 -3 -2  1  0 -2  1 -3 -3  1 -2 -1 -4  2  2 -2 -2 -3   18  13   5   1   1   5   5   3   3   1   2   9   1   3   0  15  13   1   1   1  0.38 0.28
  198 A    3 -3  1 -3  2 -3 -3  0 -1 -4 -1 -2 -2 -1  0  4 -1 -6 -2 -3   25   1   7   1   5   1   1   8   2   1   5   2   1   2   4  29   3   0   1   1  0.57 0.37
  199 F   -7 -8 -8 -8 -1 -8 -8 -8 -6  0 -1 -8 -1  8 -8 -7 -7  3  1 -3    0   0   0   0   1   0   0   0   0   4   7   0   2  74   0   0   0   5   5   1  2.63 0.95
  200 A    1  2 -3 -3  6  0 -2 -1 -2 -3 -4 -2  0 -3 -4  3  0 -5 -2 -2   13  12   1   1  21   4   2   4   1   1   1   2   3   1   1  22   6   0   1   2  0.68 0.37
  201 N    0  1  2 -1 -1 -2 -2  0  0 -3 -3  3  1 -3 -1  2  0 -2 -2 -2    9   8  10   2   1   1   1   8   2   2   2  23   4   1   3  15   5   1   1   2  0.37 0.25
  202 A    2 -1 -1 -2  2 -1 -1 -1 -1 -1 -1  0  1 -2  1  2  1 -4 -2  1   17   3   2   1   4   2   3   5   1   2   6   5   4   1   6  18   7   0   2   9  0.19 0.17
  203 T   -1 -1  1  0 -2 -1 -1  2  1 -3 -2  2 -2 -3  0  1  1 -2 -2 -1    5   3   8   6   1   2   3  17   3   1   3  13   1   1   5  11  10   1   2   4  0.22 0.17
  204 R   -1  3 -1 -1  2 -1  0 -1  0 -2 -2  2 -1 -2  0  1  1 -1 -3 -2    4  17   2   3   5   2   5   4   2   2   3  15   1   2   5  13   9   1   1   3  0.29 0.21
  205 E   -1 -1  0  2 -3  2  3  0  1 -4 -3  1 -1 -3  1  0 -1 -3 -2 -3    4   3   3  12   1   8  22   7   3   1   3  10   1   1   6   7   3   0   1   2  0.37 0.27
  206 D   -1  0  1  3  1 -1  1  1  0 -3 -3  1 -2 -3 -1  1  0 -4 -2  0    5   6   7  18   3   2   7   9   2   1   2   9   1   1   3  10   5   0   2   6  0.23 0.17
  207 G    0  0  1 -1 -1  0  0  2 -1 -2 -2  1 -1 -2 -1  1  1 -3  1 -1    8   5   6   4   1   4   4  16   1   2   4  11   1   1   3  10   8   0   5   5  0.13 0.10
  208 V    0  0 -1 -1 -1 -1 -1  0  1  1  0  0  0 -1 -1  0  2 -3  0  2    8   4   2   3   1   2   4   6   4   7   7   7   2   2   3   5  16   0   3  15  0.10 0.11
  209 P   -1  2  0 -1 -2 -1  0 -2  0  0 -2  3 -1 -1  2 -1  2 -4  0 -1    4   9   5   3   1   2   7   2   2   5   3  17   2   2  10   5  12   0   3   5  0.24 0.20
  210 D   -3  1  4  2 -1 -2  0 -2  1 -2 -4 -1 -4 -2 -5  2  2 -5 -2 -2    2   9  17  12   1   2   7   3   4   2   2   3   0   2   0  17  12   0   1   3  0.50 0.36
  211 P   -1  1 -1 -2  3 -2 -1 -3  1 -1 -3  0 -3  0  3  0  4 -3  0 -3    4   7   3   2   7   2   4   2   3   3   2   5   1   4  14   6  25   0   3   2  0.48 0.36
  212 L   -4  1 -1 -3  1 -3 -2 -5  0  3  1 -2  1 -1 -5 -3  0  1 -1  4    2   7   3   2   3   1   3   1   2  14  13   3   3   3   1   3   6   2   2  25  0.49 0.29
  213 K   -2  6 -3 -2  3 -1 -1 -4 -1  0 -3  2  0 -3 -5 -2 -2  0 -2 -1    3  41   1   3   5   3   4   2   2   5   3  10   3   1   1   3   3   1   1   5  0.96 0.59
  214 T   -3  0  1 -2 -1 -2  1 -5  1 -1 -3 -1 -2 -1 -4  0  5 -8  1  0    2   5   6   3   2   2   8   1   3   4   3   5   1   3   1   7  34   0   4   6  0.63 0.47
  215 I   -3 -3 -9 -4  0 -3 -2 -5  0  5  1 -4  1 -1 -4 -4 -2  1 -1  3    3   2   0   1   2   1   3   1   2  36  13   1   3   3   1   2   3   2   2  17  0.94 0.51
  216 S    0  1  0  0  0  0  0 -4  2 -2 -2 -2  1  1 -3  1  1  2  3 -3    8   9   4   5   2   5   7   1   4   3   4   3   3   7   2  11   8   3  10   2  0.24 0.21
  217 R    0  4 -1  0 -1  0  1 -3  3 -3 -3  1 -2  0 -2  1 -1  0  0 -3    8  19   3   6   1   5  10   2   6   2   3   8   1   3   2   9   4   2   3   2  0.32 0.27
  218 F    1 -3 -3 -3  2 -2 -3 -3  0  3  0 -2  0  3 -3 -1 -2  4  0  1   14   2   2   1   4   2   2   2   3  15  11   3   2  11   2   4   3   6   3   9  0.41 0.25
  219 D   -2  1  1  3 -1  0  3 -2  1 -2 -4  0 -2 -2  0  0 -1  2 -1 -3    3   7   5  19   1   4  16   4   3   3   2   7   1   2   4   7   4   3   2   2  0.37 0.30
  220 V   -1 -2 -3 -2  1 -2 -2 -3 -1  3  1 -2  0  1 -2 -2 -1  4 -1  3    5   2   2   2   3   2   3   2   2  17  12   3   2   5   2   3   4   7   2  19  0.42 0.25
  221 I   -1  1  0 -1  0  0  1 -2  1  1  0  0 -1  0 -1  0  1  0  1  0    5   7   4   3   2   3  10   3   3  10   7   6   1   5   3   5   8   1   6   8  0.08 0.08
  222 Q   -1  3 -2  0 -2  2  2 -2  0 -2 -4  2 -3 -3  1 -2  0  0 -1 -1    5  18   2   5   1  10  15   3   2   2   2  10   1   2   7   3   6   2   2   4  0.39 0.34
  223 M   -1  1  1  1  0  1  2 -2  1 -1 -1  1  1 -2 -1 -1  0  0  0 -2    5   8   6   9   2   6  12   3   4   3   6   8   4   2   3   5   6   2   4   3  0.13 0.13
  224 G   -1 -1  1  1 -1 -1  0  4  0 -3 -4  1 -1 -3 -1  0 -3  0 -2 -3    5   4   6   7   1   3   6  34   2   1   2   7   1   1   3   7   2   1   2   2  0.51 0.37
  225 S    0  0  2  2 -1  0  1  2  1 -3 -4 -1 -2 -1  0  1 -1  0 -1 -3    7   4   9  13   1   3   8  13   3   1   1   4   1   3   6  11   4   1   2   2  0.26 0.23
  226 L   -3  0 -1 -2  1 -1  0 -2  0  1  1 -1  1  2 -1 -2  0  2  2  0    2   6   3   3   3   3   7   4   3   9  15   3   4   8   3   3   6   3   7   6  0.16 0.11
  227 L   -3 -3 -3 -4  1 -2 -4 -4 -1  4  2 -4  1  2 -3 -4 -2  4  1  2    2   1   1   1   3   2   1   2   2  20  21   1   3   9   2   1   3   6   5  14  0.65 0.37
  228 Q   -1  0  0  0  2  0  0 -1  2  0 -1  0  1  0 -3  0  0  3  1  0    5   5   5   5   5   5   5   5   5   5   5   5   5   5   0   5   5   5   5   5  0.06 0.09
  229 L    1 -5 -3 -5  0 -3 -5 -4 -4  4  1 -5  1  4 -2 -3 -2  0  0  2   11   0   1   0   2   1   0   1   0  25  13   0   2  21   2   1   1   1   3  12  0.64 0.34
  230 E   -2  2 -1  2 -2  1  3 -2  2 -1 -3  0 -2 -2 -4 -1  1  1  0 -2    2  13   3  13   1   4  19   3   5   4   2   5   1   2   0   5  11   2   3   3  0.31 0.23
  231 V   -2 -5 -5 -5 -1 -1 -3 -6 -5  4  0 -5  0  4 -5 -3 -2 -4  0  3    3   0   0   0   2   3   2   0   0  30   6   0   2  22   0   2   2   0   3  22  0.89 0.43
  232 E    0  2 -1 -1  1  1  2 -2  0 -1 -2  1 -1 -2 -3  0  2 -1  0  0    8  11   2   3   3   7  15   3   2   3   2   7   1   1   0   8  14   1   3   6  0.20 0.18
  233 G    3 -3 -3 -4  2 -3 -3  4 -4  0 -1  0 -3  1 -3  1 -2 -4 -3 -3   24   0   0   0   6   0   1  32   0   6   6   6   0   6   0   9   0   0   0   1  0.56 0.29
  234 S   -1  1  3  2 -4  1  0 -1  1 -1 -2  1  0 -3  2  0  0 -4  0 -1    4   7  15  12   0   5   4   3   3   3   4  10   3   0   9   8   4   0   3   3  0.23 0.14
  235 G    1  0  0 -1 -3 -2 -2  4  1 -2 -3 -2 -3 -1 -3  2  0 -4 -3 -3   12   6   3   4   0   0   0  36   4   3   1   0   0   3   0  20   5   0   0   0  0.50 0.25
  236 F    1 -4 -4 -4 -4 -4 -1 -4 -3 -2 -1 -4 -2  7 -4 -3 -3 -2  3 -3   13   0   0   0   0   0   5   1   0   0   5   0   0  63   0   1   0   0   8   1  1.31 0.41
  237 L   -2 -2 -4 -4  2 -3 -4 -3 -3  1  4 -2  2  0 -4 -2 -2 -3 -1  0    2   2   0   0   5   0   1   2   0   5  63   2   5   2   0   2   2   0   2   3  0.69 0.28
  238 Y   -3  3 -1 -4 -4  0 -3 -4  4 -2 -2  0 -1 -1 -2 -2 -2  6  5 -4    1  22   2   0   0   3   1   1  13   2   2   5   1   2   2   2   2  13  26   1  0.94 0.34
  239 R   -2  2  3 -2 -4  1 -1 -1  5 -4 -3  2 -1 -1 -3  0 -1 -3  2 -3    2  10  21   0   0   4   2   5  17   0   2  13   1   2   0   7   2   0  10   1  0.53 0.25
  240 Q   -3 -3 -4 -4 -4  4 -1 -4 -3 -2  0 -3  8 -3 -4 -2 -2 -4 -4 -2    1   0   0   1   0  19   3   1   0   0   3   1  64   0   0   2   2   0   0   2  1.69 0.57
  241 V   -1 -3 -2 -4  0 -3 -2 -4 -4  2  0 -3  1 -2  2 -2 -1 -4 -3  5    5   0   2   1   2   0   2   1   0  14   3   1   2   0   9   1   2   0   0  53  0.63 0.28
  242 R   -1  7 -2 -3 -4 -1 -2 -4 -2 -4 -1  1 -3 -4  0 -2 -3 -4 -4 -4    5  74   0   1   0   0   1   1   0   1   5   4   0   0   5   1   1   0   0   1  1.42 0.46
  243 N   -1  0  2 -2 -1 -1 -2 -1  0  2  0  0  1 -1  0  0  0 -3  0  0    4   4  15   1   2   2   1   5   2  17  11   6   6   2   5   5   6   0   4   3  0.08 0.09
  244 M   -1 -3 -3 -4  0 -3 -3 -4 -3  4  2 -3  4  0 -3 -2 -1  1 -2  1    4   0   0   1   2   0   1   1   0  36  22   1  17   2   1   3   3   2   0   4  0.57 0.25
  245 V    1 -3 -1 -3  0 -2 -3 -2 -3  2  0 -3  3  1 -3 -1  1 -3 -2  4   10   0   3   1   2   0   1   2   0   9   3   1   9   6   1   3   7   0   0  43  0.39 0.21
  246 A    0  0 -1 -2 -4  0 -1  5 -1 -3 -4 -2 -2 -2 -3 -1 -2  1 -1 -4    8   5   1   2   0   5   4  56   1   1   1   2   1   2   0   3   2   2   3   1  0.82 0.31
  247 L    2 -2 -1 -2  0 -1 -2 -2 -1  0  0 -2  0 -1 -3  1  4 -1  0  0   16   2   2   1   2   1   2   2   1   4  10   0   1   3   0  11  29   1   4   6  0.31 0.22
  248 L   -1 -1 -4 -1  1 -1 -3 -3 -4  1  4 -3  3 -1 -4 -2 -2 -4 -3  1    5   4   0   4   3   2   1   2   0   8  51   0   7   2   0   2   1   0   0   8  0.58 0.29
  249 I   -2 -3 -3 -3 -2 -3 -2 -4 -2  3  3 -3  2  0 -5 -3 -1  1 -2  3    2   1   1   1   1   1   2   1   1  16  37   1   4   3   0   1   2   2   1  22  0.58 0.30
  250 Q    0 -1 -1  2 -2  3  3 -3  2 -3 -1  1  0 -2 -3 -1 -2 -1 -1 -3   10   3   2  11   1  15  23   1   5   1   7   9   3   1   1   4   1   1   2   1  0.43 0.29
  251 I    0 -4 -4 -6  1 -5 -5 -4 -5  4 -1 -4  0 -2 -5 -2 -2 -5 -1  5    6   1   1   0   3   0   0   1   0  26   4   1   2   1   0   3   2   0   2  46  0.98 0.47
  252 G    1 -4 -2 -4 -1 -3 -3  6 -3 -5 -4 -5 -2 -6 -6 -1 -4  0 -2 -4   11   1   2   1   1   1   1  70   1   1   2   0   1   0   0   3   1   2   1   1  1.54 0.64
  253 K    0  4  0 -1 -2  1  1 -2 -1 -2  0  2  0 -3 -4  0  0 -1 -2 -3    6  26   4   3   1   6   8   3   1   2  12  11   2   1   0   6   6   1   1   1  0.34 0.25
  254 E   -2 -2  1 -2 -3  2  0  5  0 -5 -5  0 -3 -6 -5 -3 -4 -1 -1 -6    2   2   6   2   1  10   7  55   3   1   1   6   1   0   0   1   0   1   2   0  1.11 0.53
  255 A    1  3 -1 -2 -3  0  0 -1  0 -3 -2  4 -2 -3 -3  0  0 -2 -1 -2   12  16   3   1   1   4   6   5   2   1   3  29   1   1   1   5   4   1   2   2  0.44 0.30
  256 L   -2  2 -2 -3  2 -1 -1 -3 -1  2  2  0  3  0 -4 -2 -2  2 -1  0    2  14   1   1   4   2   4   1   1  14  23   5   7   4   0   2   2   3   2   6  0.32 0.22
  257 D   -1 -2  0  3 -3  0  1 -1 -2 -5 -4  0 -3 -5  4  2  1 -1 -5 -3    4   2   4  16   1   4   9   4   1   0   1   5   1   0  21  17  11   1   0   1  0.58 0.36
  258 S    1 -1 -2 -3 -2 -1  0 -2 -3  0  0 -1 -1 -3  5  0 -1 -1 -2  1   11   3   2   1   1   3   7   3   0   6   9   3   1   1  28   7   3   1   1   9  0.46 0.29
  259 D    0 -1  1  4  0  0  4 -1 -1 -2 -5  0 -3 -4 -3  1 -1 -3 -3 -3    8   2   5  21   2   3  27   5   2   2   1   4   1   0   1  10   4   0   1   1  0.57 0.36
  260 I   -1  0 -2  2  0  0  2 -3 -1  2 -1 -2  0 -1 -3  0  0  5  0 -1    4   4   1  13   2   4  13   2   2  12   5   2   2   3   1   7   5  10   3   3  0.28 0.22
  261 V   -2 -4 -4 -5 -2 -3 -3 -5 -5  4  2 -3  3  2 -3 -4 -2 -2 -2  3    3   1   1   1   1   1   2   1   0  28  17   1   6  10   1   1   1   0   1  24  0.81 0.41
  262 P    1  2 -1  0 -4  1  1 -2 -1 -2 -2  2 -2 -4  2 -1  0 -6 -3 -1   10  11   2   6   0   6  11   3   1   2   5  15   1   1  12   5   4   0   1   5  0.30 0.23
  263 M    0  2 -1  1 -2  2  3 -2  0 -4 -1  2  1 -2 -3 -1 -1  0 -2 -2    9  11   3   8   1   8  20   3   2   1   6  10   4   1   1   5   2   2   1   2  0.32 0.25
  264 I    0 -3 -5 -4 -3 -2 -4 -7 -4  5  3 -4  2  0 -6 -4 -3  0 -2  1   10   1   0   1   0   2   1   0   0  36  24   1   5   3   0   1   1   1   1  10  0.90 0.46
  265 L   -4 -2 -4 -4 -3 -3 -4 -7 -3  2  5 -4  0  2 -7 -5 -4 -2 -3 -2    1   2   1   1   0   1   1   0   1  10  64   1   1   8   0   1   1   1   1   2  1.30 0.63
  266 E    2  0  0  2 -4  1  4 -3  0 -4 -2  1 -3 -3 -4  0 -1 -6 -2 -3   17   4   5  10   0   5  29   2   2   1   4   7   0   1   1   6   3   0   1   1  0.53 0.36
  267 T    2 -1  0 -2 -2  0 -1  1 -1 -3 -2  0 -1 -4 -1  3  1 -3 -3 -2   19   3   4   2   1   3   4  12   1   1   3   7   1   1   3  21  10   0   1   2  0.32 0.27
  268 K   -1  4 -2 -2  1  1  1  1 -1 -4 -3  4 -2 -5  0 -3 -3 -4 -4 -4    4  20   2   2   3   6   8   9   1   1   3  31   1   0   5   2   1   0   0   1  0.70 0.45
  269 D   -3 -3  2  6 -2  0  1 -2 -2 -3 -3  0 -2 -3 -2  0 -2 -2 -3 -3    2   1  10  44   1   4   7   4   1   2   2   5   1   1   3   7   2   1   1   2  0.90 0.49
  270 R   -3  7 -1 -3 -3  0 -2 -2 -1 -3 -3  0 -2 -5 -1 -2 -3 -5 -3 -4    3  60   3   1   1   4   3   3   2   1   3   6   1   0   3   3   1   0   1   1  1.42 0.66
  271 R   -1  4  0 -1 -2  1  1 -2  0 -3 -2  3 -1 -3 -1  1  0 -2 -3 -2    4  21   4   3   1   6   8   4   2   2   4  17   1   1   4  10   6   1   1   2  0.37 0.22
  272 V    0  0  0 -1 -1  0  1  0 -1  0  0  0  0 -1  1  0  0 -2 -1  0   10   6   4   3   2   4   9   6   1   6  10   6   3   3   7   6   4   0   1   9  0.05 0.03
  273 L    2  0 -1 -1  0 -1 -1 -1 -1  0  2  0  0  0  0  0 -1 -1 -1  0   19   4   3   4   2   3   3   4   2   6  21   5   1   3   4   5   4   1   1   5  0.09 0.09
  274 A    3  0 -1 -2  0 -1 -2  3 -1 -2 -2  0 -2 -2  1  0 -1 -2 -1 -1   26   4   3   2   2   2   3  20   1   2   4   5   1   2   8   5   3   1   2   4  0.30 0.20
  275 K    0  1 -1  0 -4  0  1  1  0 -3 -2  4 -2 -3  1 -1 -1 -4 -2 -3    9   6   3   5   0   4   8  11   2   2   3  26   1   1   8   4   4   0   1   2  0.34 0.22
  276 Y   -1  0 -1 -1 -2  0 -1  0  2  0 -1  0 -1  2  1  0 -1  1  3  0    6   5   3   4   1   4   4   7   5   5   6   6   2   9   6   5   4   2  12   6  0.10 0.07
  277 T    1 -1  0 -2  0 -1 -1 -1  0 -1 -1  0 -1 -1  1  1  3 -2 -1  0   14   4   4   2   2   3   4   5   2   2   5   6   1   2   6   8  20   1   2   7  0.18 0.14
  278 S    2 -1 -1 -1 -1 -1 -1  2  0 -1 -2  0 -1 -1  0  2  2 -3 -2 -1   17   3   3   2   1   2   3  14   2   3   4   4   1   2   4  14  13   0   2   5  0.20 0.14
  279 L    1 -1 -2 -2 -2 -1 -1 -1 -1  1  1 -1  2  1  1 -1 -1 -2  0  2   12   3   2   2   1   2   4   5   1   8  16   4   6   6   6   2   4   0   3  14  0.12 0.09
  280 P   -1 -2 -2 -4 -1 -1 -4 -3 -4 -2 -1 -1 -2 -4  6 -2  3 -3 -3 -1    5   2   2   1   1   3   1   2   0   3   5   4   1   1  44   3  17   0   1   4  1.11 0.57
  281 A    6 -5 -4 -6 -3 -4 -4 -3 -6 -2 -4 -5 -3 -3 -3 -2 -1 -6 -6 -1   76   0   1   0   1   1   1   2   0   2   2   0   1   1   1   2   3   0   0   4  1.76 0.87
  282 S    1 -2 -2 -1  1 -2 -2 -3 -2 -3 -3  0 -3 -4  6  1 -2 -4 -2 -3   11   2   2   4   3   2   3   3   1   1   2   5   1   1  44   9   2   0   2   2  1.03 0.51
  283 P    3 -4 -4 -3 -4 -3 -2 -1 -4 -4 -3 -3 -4 -4  6 -1 -3 -4 -4 -3   21   1   1   2   0   1   2   4   0   1   3   1   1   1  52   4   1   0   1   2  1.48 0.63
  284 H   -2  0  1 -1  2  4  1 -3  6 -5 -4  1 -3 -3 -4 -2 -3  0  0 -4    3   6   8   4   4  18  10   2  23   1   2   8   0   1   1   3   1   1   3   1  0.80 0.45
  285 G   -2 -8 -4 -7 -9 -8 -8  7 -8-10-10 -8 -9 -9 -2 -6 -8 -9 -9 -9    4   0   1   0   0   0   0  93   0   0   0   0   0   0   2   0   0   0   0   0  2.88 1.18
  286 L   -8 -9-10-11 -8 -8-10-10 -9 -4  7 -9 -4 -6 -9 -9 -8 -8 -7 -5    0   0   0   0   0   0   0   0   0   0 100   0   0   0   0   0   0   0   0   0  2.88 1.20
  287 C   -4 -5 -6 -8  6 -7 -6 -8 -2  0 -4 -6 -2  4 -8 -2  2 -3  6  1    1   1   0   0  15   0   0   0   1   4   1   0   1  17   0   3  11   0  32  10  1.48 0.70
  288 L   -7 -8 -9-10 -8 -8 -9-10 -9 -4  6 -8  0  2 -9 -6 -7 -8 -6 -4    0   0   0   0   0   0   0   0   0   0  90   0   2   7   0   1   0   0   0   1  2.44 1.03
  289 V   -1 -1 -2 -2 -2 -1  2 -5  0  0 -1  1  2 -2 -5 -1  1  5  1  2    5   2   2   2   1   2  15   0   2   6   5   8   6   1   0   5   7   9   4  16  0.35 0.27
  290 S   -1  3  1  1 -2  0  3 -1  2 -7 -6  3 -4 -5 -5  1 -1 -1 -3 -6    4  16   6   8   1   4  19   5   4   0   0  18   0   0   0   9   3   1   1   0  0.62 0.40
  291 V   -2 -8 -5 -9  0 -8 -8 -9 -9  4 -3 -8 -2 -4 -5 -5 -6 -8 -7  7    3   0   1   0   2   0   0   0   0  19   1   0   1   0   1   1   0   0   0  72  2.17 0.93
  292 K   -1  0  1  1 -2 -1  2  0  0 -1 -1  2 -2  1 -4 -1 -1  1  2 -2    4   5   6   9   1   2  14   7   2   4   5  13   0   6   0   5   4   2   9   3  0.19 0.17
  293 Y   -6 -9 -9-10-10 -9 -9-10 -3 -8 -5 -9 -8  2-10 -8 -8 -2  9 -8    0   0   0   0   0   0   0   0   1   0   1   0   0   6   0   0   0   0  91   0  3.86 1.44
  294 K   -2  0  1  2 -4 -1  2 -1 -2 -5 -5  2 -5 -3  5 -2 -3 -6 -2 -6    3   4   7  14   0   2  14   6   1   1   1  11   0   1  32   3   1   0   1   0  0.87 0.46
  295 E   -1 -1  0  3 -6  1  5 -1 -3 -3 -4  0 -3 -6  1 -1 -3 -3 -4 -4    5   3   4  17   0   6  37   4   0   1   2   6   0   0   6   5   1   0   1   1  0.75 0.41
  296 D   -2 -4  2  5 -6 -1  3 -1 -2 -3 -3 -2 -5 -5 -2 -1 -2 -3 -3 -4    4   0  10  37   0   2  25   5   1   2   2   2   0   0   2   4   2   0   1   1  0.91 0.44
  297 H   -1  0  1  1 -4  0  1 -3  4  0 -1  0 -1  0  0 -1 -1  0  2 -1    4   5   7   7   0   4  12   1  15   6   7   6   2   3   4   3   2   1   8   3  0.21 0.15
  298 L   -4 -2 -5 -5 -4 -3 -2 -4 -1  1  4 -3  2  4 -2 -4 -1  3  0 -1    0   2   0   0   0   1   3   1   2   6  41   1   5  21   2   0   5   5   3   3  0.70 0.33
  299 K   -1  2  1  2 -5  2  2 -1 -1 -4 -2  3 -3 -3  1 -1 -2  0 -4 -3    6  10   6  12   0   8  17   4   1   0   4  20   0   1   7   2   0   1   0   1  0.42 0.22
  300 L   -2 -2 -2  0 -3 -2 -1 -2 -1  2  3 -2  1  1  0 -2 -1  3 -2  0    2   1   2   5   0   1   3   3   1  11  39   1   3   8   5   1   2   5   0   6  0.31 0.18
  301 P   -2 -4 -3 -1 -6 -3  1 -2 -4 -3 -5 -1 -5 -2  7 -3 -4  0 -2 -3    2   0   1   3   0   0  10   3   0   1   0   3   0   2  68   0   0   1   1   1  1.88 0.55
  302 L    0 -2 -3 -1 -3 -2  0 -4 -3  2  2 -1  0  0  1 -1  0 -4 -2  2    6   2   0   3   0   0   6   0   0  16  26   3   0   4   8   3   7   0   0  17  0.25 0.13
  303 D   -1 -1  3  5 -5 -1  1  1 -2 -4 -3 -1 -3 -2 -1 -1 -1  1 -4 -3    4   3  14  43   0   2   7  10   0   0   3   2   0   2   3   2   2   2   0   2  0.64 0.22
  304 C    0  0  0 -1  4  0 -1  0 -2 -1 -2  0 -2 -2  2  1  0 -3  0  0    7   6   5   2  13   4   3   8   0   4   3   3   0   0  10  15   6   0   4   7  0.16 0.07
  305 P    0 -3 -1 -1  1 -3 -3 -2 -3 -4 -4  0 -4 -4  7 -1 -3 -5 -1 -4    5   0   3   4   4   0   0   3   0   0   0   6   0   0  66   4   0   0   3   0  1.69 0.33
  306 V    1 -3 -3 -4 -2 -2 -3 -3 -3  2  0 -1  0  0  2 -1 -1  3 -2  3   19   0   0   0   0   0   0   0   0  15   8   3   0   4  10   3   2   5   0  30  0.33 0.12
  307 T    1  0 -1 -2 -3 -1  1  2 -2  0 -2 -1 -2 -3  1  1  3 -4 -3  0   17   6   0   0   0   0   9  17   0   8   0   0   0   0   6   5  29   0   0   4  0.30 0.10
  308 S    1  1  0 -2 -3  1 -1  0 -2 -4 -3  0 -3 -3  0  4  0  3 -3 -3   13   7   2   0   0   6   0   6   0   0   0   5   0   0   4  52   0   5   0   0  0.54 0.15
  309 S    1 -3  1  0 -2 -2 -2 -2 -2 -1  0 -2 -1  4 -3  2 -1 -2  0  0   15   0   6   7   0   0   0   0   0   0   7   0   0  28   0  25   0   0   0  12  0.27 0.10
  310 G    1 -2 -1 -2 -4 -2 -3  6 -3 -5 -5  0 -4 -4 -3  0 -2 -4 -4 -4    8   0   0   0   0   0   0  77   0   0   0   7   0   0   0   8   0   0   0   0  1.18 0.15
  311 R    0  6 -1 -2 -4  0  1 -3 -1 -4 -3  2 -2 -4 -2 -1 -2 -4 -3 -3   11  66   0   0   0   0  12   0   0   0   0  10   0   0   0   0   0   0   0   0  0.92 0.11
  312 H   -2  0  0 -2 -4  4  0 -3  6 -1 -1  0 -1 -2 -3 -1  1 -3  0 -2    0   0   0   0   0  30   0   0  47   4   6   0   0   0   0   0  12   0   0   0  0.68 0.07
  313 H   -2  1  4 -1 -4  1 -1 -2  7 -4 -4 -1 -3 -3 -3 -1 -2 -3  0 -4    0   6  30   0   0   5   0   0  58   0   0   0   0   0   0   0   0   0   0   0  0.97 0.08
  314 T    0 -1  0 -1 -2  2  0  2  2 -2 -3 -1 -1 -3 -2  2  3 -3 -2 -2    0   0   0   0   0  18   0  17  10   0   0   0   0   0   0  17  38   0   0   0  0.42 0.03
  315 I   -1 -3 -3 -4 -2 -3 -3 -4 -3  4  2 -3  1 -1 -3 -2  1 -3 -2  3    0   0   0   0   0   0   0   0   0  50  15   0   0   0   0   0  17   0   0  18  0.41 0.03
  316 T    0  0  0 -1 -2 -1 -1 -2 -2 -2 -1 -1 -1 -2 -2  4  3 -4 -2 -1    0   7   0   0   0   0   0   0   0   0   8   0   0   0   0  56  30   0   0   0  0.51 0.04
  317 K   -1  3 -1 -2 -4  1  0 -3  3 -3 -3  5 -2 -2 -2 -1 -1 -2  2 -3    0  13   0   0   0   0   0   0   9   0   0  66   0   0   0   0   0   0  12   0  0.65 0.03
  318 C   -1 -4 -4 -4  8 -3 -4 -4 -4  0 -1 -4 -1  1 -4 -2 -1 -3 -2  1    0   0   0   0  69   0   0   0   0   0   0   0   0   9   0   0   0   0   0  22  0.92 0.04
  319 K   -1  2  0 -1 -4  1  3 -2 -1 -4 -3  5 -2 -4 -2 -1 -1 -4 -3 -3    0   0   0   0   0   0  22   0   0   0   0  78   0   0   0   0   0   0   0   0  0.82 0.04
  320 L   -1 -2 -3 -3 -2  2 -1 -4 -2  1  3 -1  1 -1 -3 -2 -1 -3 -2  2    0   0   0   0   0  22   0   0   0   0  49   0   0   0   0   0   0   0   0  29  0.35 0.02
  321 P   -1 -2 -2 -2 -3  1 -1 -3 -2 -2 -1 -1 -2 -3  7 -1  1 -4 -3 -2    0   0   0   0   0  10   0   0   0   0   8   0   0   0  69   0  14   0   0   0  1.59 0.03
  322 F   -3 -3 -4 -4 -3 -3 -4 -4 -1  0  1 -3  0  6 -4 -3 -2  0  4 -1    0   0   0   0   0   0   0   0   0   0   9   0   0  78   0   0   0   0  13   0  0.87 0.02
  323 Y   -2 -3 -3 -4 -3 -2 -3 -4  1 -2 -1 -3 -2  4 -4 -2 -2  2  7 -2    0   0   0   0   0   0   0   0   0   0   0   0   0  15   0   0   0   0  85   0  1.14 0.02

                      K         Lambda
Standard Ungapped    0.1772     0.3451
Standard Gapped      0.1100     0.3190
PSI Ungapped         0.1772     0.3451
PSI Gapped           0.1100     0.3190
