
Last position-specific scoring matrix computed, weighted observed percentages rounded down, information per position, and relative weight of gapless real matches to pseudocounts
           A  R  N  D  C  Q  E  G  H  I  L  K  M  F  P  S  T  W  Y  V   A   R   N   D   C   Q   E   G   H   I   L   K   M   F   P   S   T   W   Y   V
    1 M   -2 -2 -3 -4 -2 -1 -3 -4 -3  1  3 -2  5  0 -3 -2 -1 -2 -2  1    0   0   0   0   0   0   0   0   0   0  39   0  61   0   0   0   0   0   0   0  0.55 0.01
    2 V   -1 -3 -4 -4 -2 -3 -4 -5 -4  4  1 -3  1 -1 -3 -3 -1 -3 -2  3    0   0   0   0   0   0   0   0   0  69   0   0   0   0   0   0   0   0   0  31  0.52 0.01
    3 A    5 -2 -2 -2 -1 -1 -1  0 -2 -2 -2 -1 -1 -3 -1  1  0 -3 -2  0  100   0   0   0   0   0   0   0   0   0   0   0   0   0   0   0   0   0   0   0  0.62 0.01
    4 Y    0 -2 -1 -2 -3 -1 -2 -2  1 -2 -2 -2 -2  2 -3  2  0  1  6 -2    0   0   0   0   0   0   0   0   0   0   0   0   0   0   0  39   0   0  61   0  0.66 0.01
    5 V   -1 -3 -4 -4 -2 -3 -4 -5 -4  4  1 -3  1 -1 -3 -3 -1 -3 -2  3    0   0   0   0   0   0   0   0   0  69   0   0   0   0   0   0   0   0   0  31  0.52 0.01
    6 F   -3 -3 -3 -4 -3 -3 -4 -4  1 -1 -1 -3 -1  5 -4 -3 -2  1  6 -2    0   0   0   0   0   0   0   0   0   0   0   0   0  47   0   0   0   0  53   0  0.99 0.02
    7 L   -1 -2 -2 -3 -2 -2 -2 -3 -3  1  4 -2  1  0 -3  1 -1 -3 -2  0    0   0   0   0   0   0   0   0   0   0  73   0   0   0   0  27   0   0   0   0  0.39 0.01
    8 F    3 -2 -3 -3 -2 -2 -2 -2 -2  0  2 -2  0  3 -2  0 -1 -2  0  0   50   0   0   0   0   0   0   0   0   0  27   0   0  23   0   0   0   0   0   0  0.29 0.01
    9 L   -2 -3 -4 -5 -2 -3 -4 -5 -3  1  4 -3  2  0 -4 -3 -2 -2 -2  0    0   0   0   0   0   0   0   0   0   0 100   0   0   0   0   0   0   0   0   0  0.69 0.02
   10 F   -2 -3 -4 -4 -2 -3 -4 -4 -3  2  2 -3  1  5 -4 -3 -2 -1  1  1    0   0   0   0   0   0   0   0   0  26  27   0   0  47   0   0   0   0   0   0  0.53 0.01
   11 V   -1 -3 -2 -3 -2 -2 -3 -3 -3  1  0 -2  0  3 -3 -1  2 -2  0  3    0   0   0   0   0   0   0   0   0   0   0   0   0  26   0   0  24   0   0  50  0.33 0.01
   12 T   -1 -3 -3 -3 -2 -3 -3 -4 -3  4  1 -3  1 -1 -3 -1  2 -3 -2  2    0   0   0   0   0   0   0   0   0  77   0   0   0   0   0   0  23   0   0   0  0.43 0.02
   13 A    3 -2 -2 -3 -2 -2 -2  3 -3  0 -1 -2 -1 -2 -2  0 -1 -3 -3  2   47   0   0   0   0   0   0  26   0   0   0   0   0   0   0   0   0   0   0  27  0.37 0.01
   14 A    4 -2 -1 -2 -1 -1 -1  0 -2 -2 -2 -1 -2 -3 -1  3  0 -4 -2 -1   74   0   0   0   0   0   0   0   0   0   0   0   0   0   0  26   0   0   0   0  0.57 0.01
   15 L   -2 -3 -4 -4 -2 -2 -3 -4 -3  3  3 -3  3  0 -3 -3 -1 -3 -2  2    0   0   0   0   0   0   0   0   0  25  44   0  16   0   0   0   0   0   0  16  0.47 0.01
   16 V   -1 -3 -4 -4 -2 -3 -3 -4 -3  3  1 -3  1  3 -3 -2 -1 -2  0  3    0   0   0   0   0   0   0   0   0  31   0   0   0  25   0   0   0   0   0  44  0.43 0.01
   17 L   -2 -3 -4 -4 -2 -3 -4 -4 -3  2  3 -3  1  4 -4 -3 -2 -1  1  1    0   0   0   0   0   0   0   0   0  25  44   0   0  31   0   0   0   0   0   0  0.49 0.01
   18 I   -1 -3 -4 -4 -2 -3 -4 -5 -4  4  2 -3  1  0 -3 -3 -1 -3 -2  3    0   0   0   0   0   0   0   0   0  50  25   0   0   0   0   0   0   0   0  25  0.49 0.01
   19 I   -1 -3 -3 -3 -2 -3 -3  2 -3  2  0 -3  0  3 -3 -2 -1 -2  0  2    0   0   0   0   0   0   0  25   0  19   0   0   0  25   0   0   0   0   0  31  0.29 0.01
   20 R   -1  3  4  0 -4  0 -1  3 -1 -4 -4  3 -3 -4 -2  0 -1 -4 -3 -3    0  19  31   0   0   0   0  25   0   0   0  25   0   0   0   0   0   0   0   0  0.55 0.01
   21 S    1 -1  3  0 -2  0 -1 -1 -1 -3 -3 -1 -2 -3 -2  4  1 -4 -2 -2    0   0  25   0   0   0   0   0   0   0   0   0   0   0   0  75   0   0   0   0  0.67 0.02
   22 H   -1 -1  0 -2 -3  0 -1  2  6 -3 -3 -1 -2 -2 -2  0  2 -3  0 -2    0   0   0   0   0   0   0  25  50   0   0   0   0   0   0   0  25   0   0   0  0.60 0.02
   23 Y   -1 -3 -3 -4 -3 -2 -3 -4  0  0 -1 -2 -1  1  4 -2 -2  0  5  1    0   0   0   0   0   0   0   0   0   0   0   0   0   0  25   0   0   0  50  25  0.74 0.01
   24 R   -1  4 -1 -2 -3  0 -1 -2 -1  1 -1  1 -1 -2 -2  2  0 -4 -2  0    0  50   0   0   0   0   0   0   0  25   0   0   0   0   0  25   0   0   0   0  0.41 0.01
   25 W    1 -3 -3 -4 -3 -2 -3 -3 -1 -2 -2 -3 -2  1 -3 -1 -2  9  4 -2   25   0   0   0   0   0   0   0   0   0   0   0   0   0   0   0   0  50  25   0  1.26 0.02
   26 T    0 -2 -1 -2 -2 -2 -2 -3 -2  0 -1 -1 -1 -2  4  0  4 -4 -3  2    0   0   0   0   0   0   0   0   0   0   0   0   0   0  25   0  50   0   0  25  0.62 0.01
   27 Y   -2 -3 -2 -3 -4 -2 -3  2  1 -2 -2 -3 -2  2 -4 -2 -2  1  7 -3    0   0   0   0   0   0   0  25   0   0   0   0   0   0   0   0   0   0  75   0  0.90 0.02
   28 F   -2 -3 -4 -4 -3 -3 -3 -4 -2  0  2 -3  0  5  4 -2 -2 -1  1 -1    0   0   0   0   0   0   0   0   0   0  25   0   0  50  25   0   0   0   0   0  0.70 0.01
   29 F    1 -3 -3 -4 -2 -3 -3 -3 -2  1  0 -3  0  5 -3 -2 -2 -1  2  0   19   0   0   0   0   0   0   0   0  19   0   0   0  62   0   0   0   0   0   0  0.52 0.03
   30 A    3 -2 -1 -2 -1 -1 -1 -1 -2  0 -1 -1 -1 -2 -1  2  2 -4 -2  1   39   0   0   0   0   0   0   0   0   0   0   0   0   0   0  19  23   0   0  19  0.36 0.01
   31 S    3 -2 -2 -3 -1 -2 -2 -2 -3  3  0 -2  0 -2 -2  1  0 -3 -2  1   42   0   0   0   0   0   0   0   0  43   0   0   0   0   0  15   0   0   0   0  0.29 0.02
   32 A    2 -2 -2 -3  4 -2 -2 -2 -3 -1  1 -2  0 -2 -2  0  2 -3 -2  0   34   0   0   0  19   0   0   0   0   0  23   0   0   0   0   0  24   0   0   0  0.30 0.02
   33 L   -2 -2 -3 -3 -2  2 -1 -4 -2  1  2 -1  1  3 -3 -2 -1 -2  0  1    0   0   0   0   0  23   0   0   0   0  39   0   0  19   0   0   0   0   0  19  0.29 0.02
   34 F   -3 -4 -4 -4 -3 -3 -4 -4 -1 -1  0 -4 -1  6 -4 -3 -2  1  4 -2    0   0   0   0   0   0   0   0   0   0   0   0   0  81   0   0   0   0  19   0  1.02 0.04
   35 V    1 -2 -2 -2 -2 -2 -2  2 -3  1 -1 -2 -1 -2 -2  0  2 -3 -3  1   19   0   0   0   0   0   0  23   0  19   0   0   0   0   0   0  24   0   0  15  0.25 0.01
   36 F   -2 -4 -4 -4 -2 -3 -4 -4 -2  2  1 -4  0  5 -4 -3 -2 -1  2  2    0   0   0   0   0   0   0   0   0  23   0   0   0  59   0   0   0   0   0  19  0.59 0.02
   37 L   -2 -3 -3 -4 -2 -2 -3 -4 -3  2  3 -3  2  0 -3 -1  2 -3 -2  1    0   0   0   0   0   0   0   0   0  19  62   0   0   0   0   0  19   0   0   0  0.43 0.02
   38 A    0 -3 -3 -4 -2 -3 -3 -3 -2  0  0 -3  0  6 -3 -2 -2 -1  2  1   15   0   0   0   0   0   0   0   0   0   0   0   0  66   0   0   0   0   0  19  0.56 0.03
   39 G   -1 -3 -1 -2 -3 -3 -3  5 -3 -2  1 -2 -1 -2 -3 -1 -2 -4 -3 -2    0   0   0   0   0   0   0  77   0   0  23   0   0   0   0   0   0   0   0   0  0.87 0.02
   40 G    3 -2 -2 -2 -2 -2 -2  4 -2 -2 -2 -2 -2  2 -2  0 -1 -2 -1 -2   41   0   0   0   0   0   0  39   0   0   0   0   0  19   0   0   0   0   0   0  0.49 0.02
   41 M   -2 -3 -3 -4 -2 -1 -3 -4 -3  1  2 -2  6  3 -3 -3 -1 -2 -1  0    0   0   0   0   0   0   0   0   0   0  15   0  70  15   0   0   0   0   0   0  0.65 0.06
   42 L   -2 -3 -4 -5 -3 -3 -4 -4 -1  0  3 -3  1  4 -4 -3 -2  0  3  0    0   0   0   0   0   0   0   0   0   0  51   0   0  33   0   0   0   0  15   0  0.60 0.03
   43 M    3 -2 -2 -3 -2 -1 -2 -2 -2  0  1 -2  4 -1 -2  0  1 -3 -2  0   38   0   0   0   0   0   0   0   0   0  15   0  31   0   0   0  15   0   0   0  0.32 0.03
   44 L   -2 -3 -4 -5 -2 -3 -4 -5 -4  3  4 -3  2  0 -3 -3 -1 -3 -2  2    0   0   0   0   0   0   0   0   0  20  60   0   0   0   0   0   0   0   0  20  0.54 0.03
   45 T    1 -1  0 -1 -2 -1 -1 -1 -2 -2 -3 -1 -2 -3 -2  4  4 -4 -2 -2    0   0   0   0   0   0   0   0   0   0   0   0   0   0   0  62  38   0   0   0  0.73 0.06
   46 A    2 -3 -1 -2 -3 -2 -2  5 -3 -4 -4 -2 -3 -4 -2  1 -1 -4 -4 -3   23   0   0   0   0   0   0  69   0   0   0   0   0   0   0   8   0   0   0   0  0.93 0.05
   47 Q   -2  5 -1 -2 -4  5  0 -3  0 -4 -3  2 -1 -4 -2 -1 -2 -3 -3 -3    0  57   0   0   0  43   0   0   0   0   0   0   0   0   0   0   0   0   0   0  0.99 0.07
   48 W    0 -4 -4 -5 -3 -3 -4 -3 -3 -3 -3 -4 -2 -1 -4 -3 -3 11  1 -3   13   0   0   0   0   0   0   0   0   0   0   0   0   0   0   0   0  87   0   0  2.50 0.11
   49 Q   -1 -1 -2 -2 -2  3 -1 -3 -1  0  2 -1  1 -1 -3  1 -1 -3 -2  1    0   0   0   0   0  27   0   0   0   0  42   0   0   0   0  15   0   0   0  15  0.29 0.04
   50 R   -2  4 -2 -3 -4 -1 -2 -4 -1 -2 -2  0 -2  4 -4 -2 -2  6  3 -3    0  43   0   0   0   0   0   0   0   0   0   0   0  26   0   0   0  15  15   0  0.74 0.05
   51 A    4 -2 -1 -2 -1 -1 -1 -1 -2 -2 -3 -1 -2 -3 -1  3  0 -4 -3 -1   56   0   0   0   0   0   0   0   0   0   0   0   0   0   0  44   0   0   0   0  0.64 0.05
   52 L    1 -3 -4 -4 -2 -2 -3 -3 -3  1  3 -3  1 -1 -3 -2 -1 -3 -2  3   13   0   0   0   0   0   0   0   0   0  56   0   0   0   0   0   0   0   0  32  0.43 0.04
   53 N    1 -1  4  0 -2 -1 -1 -1 -1  0 -2 -1 -2 -3 -2  2  0 -4 -3 -1   15   0  43   0   0   0   0   0   0  13   0   0   0   0   0  28   0   0   0   0  0.47 0.04
   54 F   -3 -4 -4 -5 -2 -4 -4 -5 -3  3  1 -4  0  6 -4 -3 -2 -1  1  1    0   0   0   0   0   0   0   0   0  41   0   0   0  59   0   0   0   0   0   0  0.72 0.06
   55 A    4 -2 -1 -2 -1 -1 -1 -1 -2 -2 -2 -1 -2 -3 -1  3  2 -4 -3 -1   57   0   0   0   0   0   0   0   0   0   0   0   0   0   0  30  13   0   0   0  0.57 0.05
   56 S    2 -1  0 -1 -2 -1 -1 -1 -2 -3 -3 -1 -2 -3 -1  4  2 -4 -2 -2   15   0   0   0   0   0   0   0   0   0   0   0   0   0   0  69  15   0   0   0  0.68 0.05
   57 V    1 -2 -2 -3 -2 -2 -2 -3 -3  1  2 -2  1 -1 -2  0  3 -3 -2  2   15   0   0   0   0   0   0   0   0   0  29   0   0   0   0   0  29   0   0  27  0.30 0.03
   58 W    0 -3 -4 -4 -2 -3 -3 -3 -3  0  3 -3  1  2 -3 -2 -2  5  0  0   15   0   0   0   0   0   0   0   0   0  59   0   0  15   0   0   0  10   0   0  0.47 0.04
   59 F    2 -3 -3 -4 -2 -2 -3 -2 -2  0  1 -3  0  4 -3 -1 -1 -1  1  1   31   0   0   0   0   0   0   0   0   0  16   0   0  40   0   0   0   0   0  13  0.36 0.04
   60 V   -1 -3 -4 -4 -2 -3 -4 -5 -4  4  2 -3  1 -1 -3 -3 -1 -3 -2  4    0   0   0   0   0   0   0   0   0  40  15   0   0   0   0   0   0   0   0  46  0.55 0.04
   61 V   -1 -3 -4 -4  5 -3 -4 -4 -3  2  1 -3  0  2 -4 -2 -1 -2 -1  3    0   0   0   0  20   0   0   0   0  12  15   0   0  15   0   0   0   0   0  38  0.41 0.03
   62 L   -2 -3 -4 -4 -2 -3 -4 -4 -3  2  3 -3  1  2 -3 -3 -1 -2 -1  3    0   0   0   0   0   0   0   0   0  12  38   0   0  15   0   0   0   0   0  35  0.45 0.03
   63 I   -2 -1 -2 -3 -3  2 -2 -4  0  0 -1  1  3  1 -3 -2 -2  6  5 -1    0   0   0   0   0  13   0   0   0  10   0  12  16   0   0   0   0  15  35   0  0.54 0.05
   64 L    1 -3 -3 -4 -2 -2 -3  1 -1  0  2 -2  2  2 -3 -1 -2 -1  3 -1   15   0   0   0   0   0   0  15   0   0  26   0  12  13   0   0   0   0  20   0  0.27 0.03
   65 F   -2 -3 -4 -5 -2 -3 -4 -5 -3  3  1 -3  3  4 -4 -3 -2 -1  1  1    0   0   0   0   0   0   0   0   0  47   0   0  15  38   0   0   0   0   0   0  0.56 0.05
   66 H   -1 -1  3 -1 -3 -1 -1  3  5 -4 -4 -1 -3 -3 -3  2 -1 -4 -1 -3    0   0  25   0   0   0   0  29  26   0   0   0   0   0   0  20   0   0   0   0  0.60 0.04
   67 R   -2  3  3  0 -4  3  3 -2  0 -4 -3  1 -2 -4 -2 -1 -1 -4 -3 -3    0  26  20   0   0  25  29   0   0   0   0   0   0   0   0   0   0   0   0   0  0.69 0.04
   68 L   -2 -3 -4 -5 -2 -3 -4 -5 -3  1  4 -3  2  2 -4 -3 -2 -2 -1  0    0   0   0   0   0   0   0   0   0   0  86   0   0  14   0   0   0   0   0   0  0.72 0.06
   69 K   -1  1 -1 -2 -4  1  0 -2 -1 -3 -3  5 -2 -4 -2  0  2 -4 -3 -3    0   0   0   0   0   0   0   0   0   0   0  82   0   0   0   0  18   0   0   0  0.83 0.08
   70 I   -2 -3 -4 -4 -2 -3 -4 -4 -2  3  1 -3  0  3 -4 -3 -1 -1  3  3    0   0   0   0   0   0   0   0   0  24  14   0   0  14   0   0   0   0  18  31  0.42 0.03
   71 H   -2  2 -1 -2 -4  0 -1 -3  8 -2 -3 -1 -2 -2 -3 -2 -2 -3  1  0    0  14   0   0   0   0   0   0  73   0   0   0   0   0   0   0   0   0   0  14  1.01 0.09
   72 Y   -3 -3 -3 -5 -4 -3 -4 -5  1 -2 -2 -3 -2  2 -4 -3 -3  2  8 -3    0   0   0   0   0   0   0   0   0   0   0   0   0   0   0   0   0   0 100   0  1.62 0.11
   73 Y   -3 -3 -3 -4 -4 -3 -4 -5  1 -2 -1 -3 -2  5 -4 -3 -3  1  7 -2    0   0   0   0   0   0   0   0   0   0   0   0   0  27   0   0   0   0  73   0  1.29 0.09
   74 K   -2  1  0  2 -4  0  0 -3 -1 -4 -3  5 -2 -2 -2 -1 -1 -2  2 -3    0   0   0  14   0   0   0   0   0   0   0  73   0   0   0   0   0   0  14   0  0.71 0.07
   75 Q   -1  0  2  3 -4  3  2 -2 -1 -3 -3  2 -2 -4 -2  0  1 -4 -3 -3    0   0  14  20   0  24  10   0   0   0   0  18   0   0   0   0  14   0   0   0  0.54 0.04
   76 P   -1  3 -1 -2 -4  3  0 -3  3 -4 -3  0 -2 -4  6 -1 -2 -4 -2 -3    0  27   0   0   0  20   0   0  10   0   0   0   0   0  42   0   0   0   0   0  1.11 0.06
   77 L   -2 -3 -4 -5 -2 -3 -4 -5 -4  1  5 -3  2  0 -4 -3 -2 -3 -2  0    0   0   0   0   0   0   0   0   0   0 100   0   0   0   0   0   0   0   0   0  0.84 0.07
   78 L    0 -3 -4 -4 -2 -2 -3 -3 -3  2  3 -3  3  3 -3 -2 -2 -2  0  0   13   0   0   0   0   0   0   0   0  12  31   0  18  26   0   0   0   0   0   0  0.39 0.04
   79 I   -1 -3 -3 -3 -2 -3 -3 -3 -2  2  1 -3  0  4 -3  1 -1 -2  1  1    0   0   0   0   0   0   0   0   0  22  13   0   0  36   0  17   0   0   0  12  0.36 0.04
   80 S    1 -2 -1 -2 -2 -1 -1 -1 -2 -2  0 -1 -1 -2  2  4  2 -4 -3 -1   12   0   0   0   0   0   0   0   0   0  13   0   0   0   9  57   9   0   0   0  0.50 0.06
   81 D   -3 -3  1  7 -5 -1  1 -2 -2 -5 -5 -2 -4 -5 -3 -1 -2 -6 -5 -5    0   0   0 100   0   0   0   0   0   0   0   0   0   0   0   0   0   0   0   0  1.62 0.11
   82 F   -3 -4 -4 -5 -3 -4 -4 -5 -3  2  0 -4  0  6 -4 -3 -2  5  2  0    0   0   0   0   0   0   0   0   0  27   0   0   0  61   0   0   0  12   0   0  0.88 0.08
   83 L   -1 -2  1  1 -3 -2 -2 -3 -1 -1  1 -2  0  3 -3  2 -1 -1  2 -1    0   0   9   9   0   0   0   0   0   0  25   0   0  23   0  25   0   0   9   0  0.24 0.04
   84 L   -2 -3 -4 -5 -3 -3 -4 -5 -3  1  4 -3  1  4 -4 -3 -2 -2  0  0    0   0   0   0   0   0   0   0   0   0  75   0   0  25   0   0   0   0   0   0  0.71 0.07
   85 I    1 -3 -3 -4 -2 -2 -3 -3 -3  2  1 -3  3  2 -3 -1 -1 -2  0  2   18   0   0   0   0   0   0   0   0   8  13   0  18  17   0   0   0   0   0  26  0.29 0.04
   86 A    2 -3 -2 -3 -2 -2 -2  1 -2 -1 -1 -2 -1  3 -2  0  2 -2  0  1   26   0   0   0   0   0   0  13   0   0   0   0   0  26   0   0  21   0   0  14  0.26 0.04
   87 D   -2 -2  1  6 -5  0  3 -2 -2 -5 -5 -1 -4 -5 -2 -1 -2 -6 -4 -4    0   0   0  75   0   0  25   0   0   0   0   0   0   0   0   0   0   0   0   0  1.28 0.09
   88 W   -1 -2 -2 -2 -3 -2 -2  1 -3 -3 -3 -2 -2 -2  5  1  2  7 -1 -2    0   0   0   0   0   0   0  13   0   0   0   0   0   0  30   9  26  22   0   0  0.92 0.06
   89 R    3  3 -1 -1 -2  0  2 -1 -1 -3 -3  0 -2 -3 -2  2  0 -4 -3 -2   34  22   0   0   0   0  17   0   0   0   0   0   0   0   0  27   0   0   0   0  0.46 0.05
   90 N   -2 -1  7  1 -4 -1 -1 -1  0 -4 -5 -1 -3 -4 -3  0 -1 -5 -3 -4    0   0 100   0   0   0   0   0   0   0   0   0   0   0   0   0   0   0   0   0  1.44 0.12
   91 W    0 -3 -4 -5 -3 -3 -4 -4 -3 -2  1 -4 -1 -1 -4 -2  0 10  1 -2    9   0   0   0   0   0   0   0   0   0  18   0   0   0   0   0   9  64   0   0  1.66 0.11
   92 E    1 -2 -1 -1 -3 -1  2  4 -2 -3 -4 -1 -3 -4 -2  1  1 -4 -3 -3    9   0   0   0   0   0  22  44   0   0   0   0   0   0   0  13  12   0   0   0  0.58 0.04
   93 T   -1 -3 -2 -3 -2 -2 -2 -3 -3  3  0 -2  0 -2 -3  0  4 -4 -2  1    0   0   0   0   0   0   0   0   0  42   0   0   0   0   0   0  58   0   0   0  0.57 0.08
   94 L   -2 -3 -4 -5 -2 -3 -4 -5 -4  3  4 -3  1  0 -4 -3 -1 -3 -2  3    0   0   0   0   0   0   0   0   0  17  58   0   0   0   0   0   0   0   0  25  0.57 0.05
   95 F   -1  1 -2 -3 -3 -2 -3  3 -3  1  2 -2  0  1 -3 -2 -2 -3 -2  0    0  12   0   0   0   0   0  31   0  14  35   0   0   8   0   0   0   0   0   0  0.28 0.04
   96 H   -2  2  0 -1 -5  2  2 -3  7 -4 -4  0 -2 -3 -3 -1 -2 -3  0 -4    0  13   0   0   0  12  17   0  58   0   0   0   0   0   0   0   0   0   0   0  0.97 0.09
   97 Y   -3 -3 -3 -5 -4 -3 -4 -5  1 -2 -2 -3 -2  2 -4 -3 -3  1  8 -3    0   0   0   0   0   0   0   0   0   0   0   0   0   0   0   0   0   0 100   0  1.69 0.13
   98 K   -2  0 -2 -2 -4 -1 -1 -3 -2 -4 -3  3 -3 -3  6 -2 -2  6 -2 -3    0   0   0   0   0   0   0   0   0   0   0  39   0   0  43   0   0  18   0   0  1.28 0.08
   99 E   -1  3 -1  0 -4  0  3  1 -1 -3 -1  0 -2 -3 -2  1 -1 -4 -3 -3    0  25   0   0   0   0  35  14   0   0   9   0   0   0   0  18   0   0   0   0  0.41 0.05
  100 A    3 -2 -3 -3 -2 -2 -2 -2 -3  1  2 -2  0 -1 -2  0 -1 -3 -2  0   58   0   0   0   0   0   0   0   0  12  30   0   0   0   0   0   0   0   0   0  0.38 0.06
  101 V   -1 -2 -2 -3 -3  1 -2  3 -1  1  1 -2  0 -1 -3 -2 -2 -2  2  0    0   0   0   0   0  13   0  36   0  17  14   0   0   0   0   0   0   0  12   8  0.28 0.04
  102 I   -2 -3 -3 -4 -2 -3 -3 -4 -3  2  1 -3  0  4 -4 -2  1  5  1  2    0   0   0   0   0   0   0   0   0  17   9   0   0  31   0   0  12  13   0  18  0.46 0.04
  103 G    3 -2 -2 -3 -2 -2 -2  2 -3  1 -1 -2 -1 -3 -2  0  1 -4 -3  0   49   0   0   0   0   0   0  22   0  17   0   0   0   0   0   0  12   0   0   0  0.38 0.05
  104 M   -2 -3 -4 -5 -2 -3 -4 -5 -4  3  3 -3  2 -1 -3 -3 -1 -3 -2  3    0   0   0   0   0   0   0   0   0  26  34   0   8   0   0   0   0   0   0  31  0.51 0.04
  105 A    3 -3 -3 -4 -2 -2 -3 -2 -3  2  2 -2  0  1 -2 -1 -1 -3 -1  1   42   0   0   0   0   0   0   0   0  23  26   0   0   9   0   0   0   0   0   0  0.29 0.04
  106 G    1 -3 -2 -2 -3 -2 -3  5 -3 -2  0 -2 -1 -3 -3 -1 -2 -4 -3 -2   18   0   0   0   0   0   0  65   0   0  17   0   0   0   0   0   0   0   0   0  0.76 0.06
  107 L   -2 -3 -4 -5 -2 -2 -3 -4 -2  1  3 -3  4  0 -4 -3 -2 -1  3  1    0   0   0   0   0   0   0   0   0   0  52   0  18   0   0   0   0   0  17  13  0.52 0.05
  108 L   -2 -3 -4 -5 -2 -3 -4 -5 -4  3  3 -3  1  0 -4 -3 -1 -3 -2  2    0   0   0   0   0   0   0   0   0  26  53   0   0   0   0   0   0   0   0  22  0.57 0.05
  109 A    3 -3 -3 -4 -2 -2 -2 -2 -3  1  2 -2  1 -1 -2 -1 -1 -3 -2  1   43   0   0   0   0   0   0   0   0   9  38   0   0   0   0   0   0   0   0   9  0.34 0.05
  110 L   -2 -3 -4 -5  3 -3 -4 -5 -4  2  4 -3  1  0 -4 -3 -2 -3 -2  2    0   0   0   0  13   0   0   0   0   9  61   0   0   0   0   0   0   0   0  17  0.54 0.05
  111 A    0 -3 -4 -5 -2 -3 -4 -4 -4  3  4 -3  1  0 -3 -2 -1 -3 -2  2    8   0   0   0   0   0   0   0   0  21  62   0   0   0   0   0   0   0   0   9  0.51 0.05
  112 A    1 -3 -3 -4 -2 -3 -3  1 -3  3  1 -3  0 -1 -3 -1 -1 -3 -2  2   17   0   0   0   0   0   0  14   0  27  17   0   0   0   0   0   0   0   0  25  0.27 0.03
  113 Y   -2 -2  2  1 -3 -2 -2 -3 -1 -1  1 -2 -1  3 -3 -1  0 -1  4 -1    0   0  18  12   0   0   0   0   0   0  22   0   0  17   0   0   9   0  22   0  0.32 0.04
  114 A    2 -2 -2 -2 -2 -2 -2  4 -3 -1 -2 -2  1 -3 -2  0  1 -4 -3  0   34   0   0   0   0   0   0  38   0   0   0   0   9   0   0   0   9   0   0   9  0.46 0.05
  115 V   -1 -3 -3 -3 -2 -3 -3 -4 -3  4  0 -3  0 -1 -3  0  1 -3 -2  3    0   0   0   0   0   0   0   0   0  40   0   0   0   0   0   9  12   0   0  38  0.42 0.05
  116 F   -2 -3 -3 -4 -2 -3 -3 -4  3  2  1 -3  0  4 -4 -3 -2 -1  1  1    0   0   0   0   0   0   0   0  13  27  12   0   0  39   0   0   0   0   0   9  0.47 0.05
  117 G    3 -2 -1 -2 -2 -2 -2  3 -2 -3 -3 -1 -2 -3 -2  1  1 -4 -3 -2   52   0   0   0   0   0   0  31   0   0   0   0   0   0   0   9   9   0   0   0  0.58 0.05
  118 W   -3  1 -3 -4 -3 -2 -3 -4 -1 -2 -2 -2 -2  3 -4 -2  1  9  4 -3    0  13   0   0   0   0   0   0   0   0   0   0   0  14   0   0  12  44  17   0  1.22 0.08
  119 S   -2  4  2 -2 -4  0 -1 -3  2 -2  0  1 -1 -3  2  0 -1 -4 -2 -2    0  44  14   0   0   0   0   0   9   0  13   0   0   0  12   8   0   0   0   0  0.51 0.05
  120 G    2  1  0  3 -2 -1  0  1 -2 -3 -2 -1 -2  1 -2  0 -1 -3 -2 -2   31  13   0  31   0   0   1   9   0   0   1   1   0  10   0   1   1   0   0   1  0.31 0.04
  121 A    2  1 -1 -2 -2 -1 -1 -1 -2 -1 -2  0 -1 -2 -1  2  2 -3 -2  1   25  13   0   0   0   0   1   1   0   0   1   1   0   0   0  22  18   0   0  16  0.27 0.03
  122 D    1  2  0  1 -3  2  2 -2 -1 -3 -3  3 -2 -3 -1  0 -1 -3 -2 -2   13  13   0   9   0   9  14   1   0   0   1  36   0   0   0   1   1   0   0   1  0.46 0.03
  123 S    0  4 -1 -2 -3  0 -1  2 -1 -3 -3  2 -2 -3 -2  2 -1 -3 -3 -3    1  39   0   0   0   0   1  22   0   0   1  10   0   0   0  22   1   0   0   1  0.51 0.04
  124 L   -1 -2 -3 -3 -2 -2 -2 -3 -3  1  3  0  2 -1  2  0 -1 -3 -2  1    0   0   0   0   0   0   0   0   0   0  43   9   9   0  13   9   0   0   0  17  0.32 0.04
  125 D    1  1 -1  1 -2 -1 -1  1 -2 -2 -1 -1 -2 -3  2  2  1 -4 -3 -2   13   9   0   8   0   0   0  14   0   0   9   0   0   0  12  26   9   0   0   0  0.31 0.03
  126 V    0  1 -2 -3 -2 -1 -2 -3  3  2 -1 -1  0 -2  2 -1  1 -3 -2  2    9  12   0   0   0   0   0   0  13  17   0   0   0   0   9   0   9   0   0  31  0.23 0.03
  127 P   -1 -1 -1 -2 -3 -1 -1  1 -2 -2  0  1 -1 -2  4  2 -1  4 -2 -2    0   0   0   0   0   0   0  13   0   0  14  17   0   0  26  22   0   9   0   0  0.52 0.04
  128 W   -2 -4 -4 -4  3 -3 -4  1 -3 -1  2 -4  0  3 -4 -3 -3  8  1 -1    0   0   0   0   9   0   0  14   0   0  31   0   0  17   0   0   0  30   0   0  0.74 0.06
  129 R   -2  5  2 -2 -4  0 -1 -3 -1 -1 -3  1 -2 -3 -3  0 -1 -4 -3 -2    0  68  14   0   0   0   0   0   0   9   0   0   0   0   0   9   0   0   0   0  0.77 0.08
  130 W    0 -3 -3 -3 -2 -2 -3  0 -3  3  0 -3  0 -1 -3  1 -1  6 -1  2    9   0   0   0   0   0   0   9   0  39   0   0   0   0   0  14   0  17   0  13  0.38 0.05
  131 A    1  1 -2 -3 -2 -2 -2  1 -3  3  1 -1  0 -2 -3  0 -1 -3 -2  1   17  13   0   0   0   0   0  12   0  40   9   0   0   0   0   9   0   0   0   0  0.17 0.04
  132 G    2 -2 -1 -2 -2 -2 -2  4 -2 -3 -3 -2 -3 -4 -2  2 -1 -4 -3 -2   25   0   0   0   0   0   0  49   0   0   0   0   0   0   0  26   0   0   0   0  0.73 0.05
  133 A    3  0 -3 -3 -2 -1 -2 -2 -2  2  1 -1  2 -2 -2  0 -1 -3 -2  1   47   9   0   0   0   0   0   0   0  17   9   0   9   0   0   0   0   0   0   9  0.27 0.04
  134 V   -1 -3 -4 -4  3 -3 -4 -4 -3  2  2 -3  2  3 -4 -3 -1 -2 -1  2    0   0   0   0  13   0   0   0   0   9  23   0   9  17   0   0   0   0   0  29  0.38 0.04
  135 L   -2 -3 -3 -4 -2 -3 -4  1 -4  1  4 -3  1 -1 -4 -2 -2 -3 -2  2    0   0   0   0   0   0   0  17   0   0  65   0   0   0   0   0   0   0   0  18  0.45 0.05
  136 F   -1 -2 -2 -3 -2 -2 -2  0 -2  1  2 -2  2  3 -2 -2 -1 -1  0  1    2   1   1   1   0   1   1  11   0   1  32   1  10  23   1   2   1   0   1  10  0.20 0.02
  137 A    2 -2 -2 -3 -2 -2 -2  0 -3  2  1 -2  0 -2 -2  1  0 -3 -2  2   21   0   0   0   0   0   0   9   0  14  13   0   0   0   0  18   0   0   0  26  0.21 0.03
  138 A    1 -3 -3 -3  4 -3 -3  2 -3  1  1 -3  0 -2 -3 -1 -1 -3 -3  2   17   0   0   0  17   0   0  22   0   9  12   0   0   0   0   0   0   0   0  22  0.27 0.03
  139 A    2 -2 -1 -2 -2 -2 -2  2 -2 -1  1 -2 -1 -2 -2  3  0 -3 -3 -1   17   0   0   0   0   0   0  22   0   0  26   0   0   0   0  35   0   0   0   0  0.33 0.04
  140 F    0 -3 -4 -4 -2 -3 -4 -4 -3  2  2 -3  2  4 -4 -2 -2  5  1  0    9   0   0   0   0   0   0   0   0  17  22   0   9  31   0   0   0  13   0   0  0.49 0.05
  141 V    0 -2 -2 -3 -2 -2 -2 -3 -2  1  1 -2  0  2 -3  2  1 -2 -1  2    0   0   0   0   0   0   0   0   0   9   9   0   0  17   0  26   9   0   0  30  0.24 0.04
  142 S    1 -2 -1 -2 -2 -1 -1  1 -2 -1  0 -1 -1 -2 -2  3  1 -4 -2  0    9   0   0   0   0   0   0  12   0   0  14   0   0   0   0  47   9   0   0   9  0.33 0.04
  143 M    0 -2  2 -2 -2 -1 -2 -3  2  1  1 -2  3  2 -3 -1 -1 -2  0  1   12   0  17   0   0   0   0   0   9   9   9   0  22  13   0   0   0   0   0   9  0.18 0.04
  144 R    1  0 -2 -3  5 -2 -2  0 -2 -1  0 -2 -1 -2 -2  0 -1  5 -1 -1   13   9   0   0  26   0   1   9   0   0  13   1   0   0   0  10   1  14   0   1  0.34 0.04
  145 H   -2 -2 -2 -3 -3 -1 -2 -4  5  2 -1 -2 -1 -1 -3 -2  1  5  2  1    0   0   0   0   0   0   0   0  31  17   0   0   0   0   0   0  12  13   9  18  0.47 0.06
  146 F    2 -3 -3 -4 -2 -2 -3 -3 -1  0  2 -2  0  4 -3 -1  0 -1  3 -1   25   0   0   0   0   0   0   0   0   0  26   0   0  26   0   0   9   0  14   0  0.33 0.04
  147 S   -1 -1  2 -1 -2  1 -1  0 -1  1  0  1  0 -2 -2  2  1 -4 -2  0    0   0  13   0   0   9   0   9   0  17  12   9   0   0   0  22   9   0   0   0  0.15 0.03
  148 K    0  4  1 -2 -3  0 -1 -2 -1 -2 -2  3 -2 -2 -2 -1 -1 -3  1  0    9  42   9   0   0   0   0   0   0   0   0  22   0   0   0   0   0   0   9   9  0.48 0.05
  149 H   -2  0  2  1 -4  4  2 -3  6 -4 -4  0 -2 -3 -2 -1 -1 -3 -1 -3    0   0  14   9   0  35   9   0  33   0   0   0   0   0   0   0   0   0   0   0  0.77 0.07
  150 P   -1  0 -1 -2 -3  0 -1 -2  5 -3 -2  3 -2 -2  4 -1 -1  4  0 -2    1   1   1   1   0   1   1   1  25   1   2  27   0   1  23   1   1   9   1   1  0.63 0.04
  151 G    1 -1 -1 -1 -2 -1 -1  1  3 -2 -1 -1 -1  2 -1  1 -1  4  1 -1   11   2   1   2   1   1   2  10  13   2   3   2   1  18   2  16   2  10   1   2  0.20 0.02
  152 A    2 -1 -1 -1 -1  1  0 -1 -1  1 -1 -1  0 -1 -1  1  1 -2 -1  0   24   2   1   2   1  11   2   2   1  19   3   2   1   1   2  11  14   0   1   2  0.14 0.02
  153 V    1 -1 -2 -2 -1 -1 -1 -2 -2  0  0 -1  3 -1 -1 -1  1  5 -1  2   12   2   1   2   1   1   2   2   1   2   3   2  18   1   2   2  11  13   1  24  0.21 0.02
  154 K   -2  0  0  0 -5  3  4 -3  6 -4 -4  1 -2 -3 -2 -1 -2 -4 -1 -3    0   0   0   0   0  14  39   0  39   0   0   8   0   0   0   0   0   0   0   0  0.86 0.08
  155 T   -1 -1  4  1 -2 -1 -1 -2 -1  0 -1  1 -1 -2 -2 -1  1 -3 -2  2    1   0  30   9   0   0   1   1   0   0   1   9   0   0   0   1   9   0   0  36  0.27 0.04
  156 W   -4 -4 -5 -6 -4 -3 -5 -5 -3 -4 -3 -5 -2 -1 -6 -5 -4 11  1 -4    0   0   0   0   0   0   0   0   0   0   0   0   0   0   0   0   0 100   0   0  3.28 0.17
  157 L    1 -2 -2 -2 -2 -1  0 -2 -2  0  3 -1  1 -1 -2  0 -1 -2 -2  0   19   1   1   1   0   1  10   1   0   1  53   1   0   0   1  10   1   0   0   1  0.23 0.03
  158 D   -1  0  0  4 -4  2  2  0 -1 -3 -3  2 -2 -4 -2  0  2 -4 -3 -3    0   0   0  34   0   9  13   9   0   0   0  17   0   0   0   0  18   0   0   0  0.52 0.04
  159 S    0 -1  0  2 -2 -1 -1 -2 -2 -1 -2  1 -1 -3 -2  2  4 -4 -3  1    0   0   0  12   0   0   0   0   0   0   0   9   0   0   0  22  44   0   0  13  0.43 0.05
  160 L    0 -3 -4 -4 -2 -3 -4 -4 -3  0  3 -3  1  4 -3 -2 -2 -2  0  0   12   0   0   0   0   0   0   0   0   0  58   0   0  30   0   0   0   0   0   0  0.52 0.06
  161 P   -1  1  2 -2 -4 -1 -2 -3 -2 -4 -4 -1 -3 -4  7 -1 -2 -5 -4 -3    0  13  12   0   0   0   0   0   0   0   0   0   0   0  75   0   0   0   0   0  1.92 0.09
  162 D   -1 -2  0  4  3 -1  2  3 -2 -4 -4  0 -3 -4 -3 -1 -2 -5 -4 -3    0   0   0  34  12   0  17  27   0   0   0   9   0   0   0   0   0   0   0   0  0.59 0.05
  163 D   -1 -1  2  4 -2  0  1 -1  0 -2 -2  0 -1 -2 -1  0  0 -2 -1 -1    4   3  15  37   1   2   3   4   1   3   5   3   1   2   3   4   3   1   2   3  0.33 0.01
  164 G    3 -3 -2 -2 -3 -2 -2  5 -3 -3 -3 -2 -3 -4 -2  0 -1 -4 -4 -2   42   0   0   0   0   0   0  58   0   0   0   0   0   0   0   0   0   0   0   0  0.88 0.07
  165 R   -1  4  0  2 -3  0  0 -2 -1 -3 -3  2 -2 -4 -2  1  2 -4 -3 -2    0  40   0  13   0   0   0   0   0   0   0  17   0   0   0  12  18   0   0   0  0.56 0.05
  166 D   -1 -2  2  3  3 -1  2  3 -2 -4 -4 -1 -3 -4 -3 -1 -2 -4 -4 -3    0   0  12  22  13   0  17  36   0   0   0   0   0   0   0   0   0   0   0   0  0.59 0.05
  167 V   -1 -3 -2 -3 -2 -3 -3  1 -3  2  0 -3  0 -2 -3 -1  2 -4 -2  4    0   0   0   0   0   0   0  13   0  17   0   0   0   0   0   0  18   0   0  52  0.37 0.05
  168 F   -2 -3  2 -2 -2 -2 -3 -3 -2  1  2 -3  0  3 -3 -2 -1 -2  0  3    0   0  17   0   0   0   0   0   0   0  22   0   0  22   0   0   0   0   0  40  0.32 0.05
  169 L   -1 -2 -2 -3 -2 -2 -2 -3 -3  0  3 -2  3 -1 -3  2  2 -3 -2  0    0   0   0   0   0   0   0   0   0   0  46   0  15   0   0  25  15   0   0   0  0.37 0.06
  170 N   -2  1  6  0 -4  0 -1 -2  0 -4 -4  1 -3 -4 -3  0 -1 -5 -3 -4    0  10  80   0   0   0   0   0   0   0   0  10   0   0   0   0   0   0   0   0  1.13 0.12
  171 L   -2 -3 -4 -5 -3 -3 -4 -5 -2  2  4 -3  1  1 -4 -3 -2 -1  3  0    0   0   0   0   0   0   0   0   0  10  72   0   0   0   0   0   0   0  18   0  0.66 0.08
  172 P    2 -3 -3 -4  3 -2 -3 -3 -3  1  0 -2  0 -2  4 -1 -1 -4 -3  2   21   0   0   0  10   0   0   0   0   8  10   0   0   0  20   0   0   0   0  31  0.44 0.05
  173 M   -2 -3 -3 -4 -3 -2 -3  0 -3  0  3 -3  6  2 -4 -3 -2 -2 -1  0    0   0   0   0   0   0   0  10   0   0  25   0  55  10   0   0   0   0   0   0  0.61 0.10
  174 S    1 -2  0 -1 -2 -1 -1 -1 -2 -2 -3 -1 -2 -3 -2  5  1 -4 -3  0    0   0   0   0   0   0   0   0   0   0   0   0   0   0   0  90   0   0   0  10  0.84 0.12
  175 C    1 -3 -3 -4  5 -2 -3  1 -3  2  2 -3  2 -1 -3 -1 -1 -3 -3  0   14   0   0   0  20   0   0  15   0  18  23   0  10   0   0   0   0   0   0   0  0.29 0.04
  176 R   -1  4 -1 -2 -3  2 -1 -3 -1  0 -2  1 -1 -2 -3  1 -1 -3  1  1    0  38   0   0   0  16   0   0   0   8   0   0   0   0   0  17   0   0   8  14  0.38 0.06
  177 A    1  1  3  2 -3  2  1  1 -1 -1 -3  0 -2 -3 -2  0 -1 -4 -3 -2   17   8  18  16   0  14   6  13   0   8   0   0   0   0   0   0   0   0   0   0  0.30 0.04
  178 V    1 -3 -2  1  4 -2 -2 -3 -2  1  1 -2  2 -1 -3 -1  0 -2  1  1   13   0   0  12  16   0   0   0   0  13   8   0  12   0   0   0   7   0   8  12  0.18 0.04
  179 F    0 -2 -2 -2 -3 -2  0  0 -2 -1 -1 -1 -1  5 -3  1 -1 -2  1  0    6   0   0   0   0   0   7   6   0   0   0   5   0  50   0  18   0   0   0   7  0.41 0.09
  180 F   -3 -4 -4 -5 -3 -3 -4 -5  0  2 -1 -4 -1  5 -4 -3 -2  0  6  1    0   0   0   0   0   0   0   0   0  14   0   0   0  33   0   0   0   0  42  10  0.89 0.11
  181 Q    1  0 -1  1 -3  3  3 -2  2 -3 -3  2 -2 -2 -2  0 -1 -2  2 -3   14   0   0   6   0  16  23   0   6   0   0  17   0   0   0   7   0   0  10   0  0.40 0.06
  182 V    2 -2 -2 -2 -2 -1  1 -2 -1  0 -1 -1 -1 -2  3  0 -1 -2  1  2   29   0   0   0   0   0  15   1   0   0   1   1   0   0  13   6   1   0   7  24  0.27 0.05
  183 P   -1 -3 -3 -3 -4 -2 -2 -4 -3 -4 -4 -2 -4 -5  8  0 -2 -6 -5 -4    0   0   0   0   0   0   0   0   0   0   0   0   0   0  93   7   0   0   0   0  2.63 0.19
  184 V   -1  1  1 -2 -2 -1 -2 -2  1  0  0 -1 -1  0 -2 -1  1 -1  3  2    1   9  12   1   0   1   1   1   5   1   8   1   0   1   1   1  12   0  17  28  0.16 0.05
  185 F    0 -3 -3 -3 -3 -2 -3  0  2 -2 -1 -3 -1  6 -3 -2 -2  4  2 -2    8   1   1   1   0   1   1   9   7   1   1   1   0  60   1   1   1   8   0   1  0.70 0.11
  186 E    0 -2  1  4 -4  0  4 -2 -1 -3 -4 -1 -3 -4 -2  1 -1 -5 -4 -2    8   0   5  33   0   0  42   0   0   0   0   0   0   0   0   9   0   0   0   4  0.77 0.12
  187 G   -1 -2 -1  1 -4  1  0  5 -2 -5 -5  1 -3 -4 -3 -1 -1 -4 -4 -4    0   0   0  10   0   6   5  65   0   0   0  10   0   0   0   0   5   0   0   0  0.90 0.12
  188 D   -2  1  3  4 -4 -1  2 -2 -1 -4 -4 -1 -3 -2 -3  1 -1 -3  2 -4    0  10  21  30   0   0  12   0   0   0   0   0   0   0   0  14   0   0  12   0  0.58 0.10
  189 G    1 -2 -1 -2 -3  0 -2 -1 -1 -2  0 -2 -1  1  1  3  1  4  3 -2    9   0   0   0   0   5   0   3   0   0  10   0   0   4   6  33   7   6  17   0  0.32 0.08
  190 E   -1 -1 -1  2 -4  3  3  0 -1 -2 -3  0 -2 -4  2  1  0 -4 -3 -3    0   0   0  12   0  21  33   6   0   4   0   0   0   0  10   9   6   0   0   0  0.55 0.09
  191 A    2  0  1 -2 -3 -1  1 -2 -1 -3 -3 -1 -2  1  1  0  1 -1  4 -2   27   5  11   0   0   0  12   0   0   0   0   0   0   5   6   0  11   0  23   0  0.31 0.08
  192 F   -2  1 -3 -4 -3 -3 -3 -4 -2  1 -1 -2 -1  6 -4 -3  0 -1  1  2    0  11   0   0   0   0   0   0   0   5   0   0   0  55   0   0   6   0   0  22  0.68 0.13
  193 A    2 -1 -2 -2 -2  1  2 -2 -2  1  0  0 -1 -2 -2  0 -1 -4 -3  1   31   0   0   0   0   7  19   0   0  11  10   4   0   0   0   5   0   0   0  12  0.23 0.06
  194 R    1  2 -1  1 -3  2  2 -2 -1 -3 -3  1 -2 -4  2  0  2 -4 -3 -2   15  14   0   9   0  13  14   0   0   0   0   8   0   0   9   0  16   0   0   0  0.42 0.07
  195 Q    0  1 -1 -1 -3  3  2  0 -1 -2 -1  3 -1 -3 -2  1  1 -4 -3 -1   10   4   0   0   0  16  17   6   0   0   5  23   0   0   0   7   8   0   0   3  0.34 0.07
  196 M    2 -3 -3 -4 -2 -2 -3 -3 -3  0  2 -2  5 -1  2  0 -1 -3 -3  1   21   0   0   0   0   0   0   0   0   0  24   0  31   0   9   7   0   0   0   7  0.43 0.11
  197 P    1 -1  0 -1 -2  0  2  0  1 -2 -3 -1 -2 -3  3  1  1 -3 -2 -2   13   1   5   1   0   1  20   7   4   1   1   1   0   1  19  13  11   0   1   1  0.41 0.05
  198 S    2  1  2 -1 -2 -1  0  0 -2 -2 -2  0  0 -3 -2  3  1 -4 -3  0   21   8  13   0   0   0   5   5   0   0   0   4   4   0   0  29   4   0   0   7  0.31 0.08
  199 E   -1  2  0  1 -3  3  1 -3 -1 -2 -1  1 -1  2 -2  1  0 -3 -1 -2    0  12   3   7   0  18  11   0   0   3   4   7   0  14   0  18   3   0   0   0  0.29 0.08
  200 T    1 -2  1 -2 -2 -2 -2 -2 -2  0 -1 -2 -1 -2  0  2  4 -3  1  1    8   0   6   0   0   0   0   0   0   4   5   0   0   0   4  17  36   0   7  12  0.35 0.10
  201 R    0  2  1  1 -3 -1 -1 -2  1 -1  0  1 -1 -3  1  2 -1 -4 -2  0    4  18   5   8   0   0   0   0   5   5   9  10   0   0   6  23   0   0   0   7  0.22 0.07
  202 P    0 -1  0  1 -4 -2 -2  0  0 -4 -4 -2 -3 -4  6  0  1 -5 -4 -3    7   3   5  11   0   0   0   6   3   0   0   0   0   0  50   5  11   0   0   0  1.15 0.18
  203 C    1 -2  1  0  5  0 -1 -1 -2 -2 -1 -2 -2 -2  2 -1 -2 -3  2  0   15   0  10   6  22   5   3   4   0   0   4   0   0   0  10   0   0   0  11   8  0.29 0.10
  204 G    1  0  2 -1 -3 -1  0  3 -2 -2  0  1 -1 -3 -2 -1  0 -4 -3 -2   13   4  15   0   0   0   6  26   0   0  14  12   0   0   0   0   7   0   0   0  0.27 0.08
  205 M    1 -1 -1  1 -2  0  0 -2  2 -1  0  0  0  0  0  1  1 -3 -1  0   15   1   0  11   0   3   6   1  10   1   8   6   2   5   4  12   8   0   0   7  0.12 0.05
  206 S    2  1  0 -2 -2  1 -1 -2 -2 -3 -3 -1 -2 -3  0  3  3 -4 -3 -2   16   9   3   0   0   6   0   0   0   0   1   0   0   0   4  37  22   0   0   0  0.52 0.16
  207 D    0  0  2  3 -3  1  3  0 -1 -3 -3 -1 -2 -3  0  1  0 -4 -3 -3    9   6   9  16   0   5  24   7   0   0   1   1   0   0   4  10   6   0   0   1  0.38 0.09
  208 E    0  1  1  0 -3  2  2 -2 -1 -1 -1  1  0 -3 -2  1  1 -3 -2 -1    7   7   9   5   0   9  13   1   0   2   8  11   4   0   0  13   7   0   0   2  0.21 0.06
  209 K   -2  2 -2 -3 -4 -1 -2 -4  0 -2  1  5 -2 -2  1 -2 -2 -3  1 -3    0  11   0   0   0   0   0   0   2   0  20  50   0   0   7   0   0   0   7   0  0.67 0.23
  210 P   -1 -5 -5 -5 -6 -4 -4 -5 -5 -5 -5 -4 -5 -6  8 -3 -4 -7 -6 -2    3   0   0   0   0   0   0   0   0   0   0   0   0   0  93   0   0   0   0   4  2.97 0.53
  211 D   -2 -3  4  6 -5 -2 -1 -3 -3 -6 -6  0 -5 -6 -4 -2 -1 -7 -5 -5    3   0  27  59   0   0   0   0   0   0   0   7   0   0   0   0   3   0   0   0  1.43 0.35
  212 I   -3 -5 -5 -5 -3 -4 -5 -6 -5  5  0 -4 -1 -2 -5 -3  0 -5 -3  4    0   0   0   0   0   0   0   0   0  56   4   0   0   0   0   0   7   0   0  32  1.10 0.30
  213 V   -3 -5 -5 -6 -3 -4 -5 -6 -5  5  0 -5 -1  2 -5 -4 -2 -4 -2  4    0   0   0   0   0   0   0   0   0  40   4   0   0  10   0   0   0   0   0  46  1.03 0.29
  214 V    1 -4 -4 -5 -3 -2 -4 -4 -4  2  1 -4  2  1 -4 -3 -2 -4 -2  4   13   0   0   0   0   2   0   0   0  11  11   0   8   7   0   0   0   0   0  48  0.62 0.22
  215 T   -2 -4 -4 -5 -3 -4 -4 -5 -4  4  2 -4  0  2 -4 -3  2  4 -2  3    0   0   0   0   0   0   0   0   0  33  15   0   0   9   0   0  14   7   0  23  0.64 0.21
  216 L   -3 -4 -5 -6 -4 -1 -4 -6 -4  0  4 -4  7 -2 -5 -4 -3 -4 -3  1    0   0   0   0   0   3   0   0   0   0  53   0  37   0   0   0   0   0   0   7  1.22 0.34
  217 M    0 -2  3  1 -4  4  1 -3  1 -4 -3 -1  2 -4 -3  3 -1 -5 -3 -3    8   0  21   5   0  27   6   0   2   0   0   0   7   0   0  24   0   0   0   0  0.66 0.24
  218 E   -3 -3 -3 -1 -7  0  7 -5 -2 -6 -6 -2 -4 -6 -4  0 -3 -6 -5 -5    0   0   0   0   0   0  93   0   0   0   0   0   0   0   0   7   0   0   0   0  1.96 0.48
  219 S    1 -3 -2 -3 -4 -2  0 -3 -3 -5 -5 -2 -4 -5 -3  6 -1 -6 -4 -4    9   0   0   0   0   0   7   0   0   0   0   0   0   0   0  84   0   0   0   0  1.43 0.42
  220 T   -2 -3 -2 -3 -4  2 -2 -4  1 -2  0 -2 -2  4 -4  0  4 -2  3 -2    0   0   0   0   0  14   0   0   4   0   7   0   0  24   0   7  34   0  11   0  0.65 0.25
  221 L    1 -4 -4 -4 -3 -3 -4 -2 -3 -1  1 -3  1  5 -4  0  0  5  0  1   12   0   0   0   0   0   0   2   0   0  17   0   3  32   0   6   5  10   0  13  0.52 0.19
  222 D   -1 -4  3  7 -6 -3 -1 -3 -3 -6 -6 -3 -5 -6 -4 -2 -3 -7 -6 -5    7   0  16  77   0   0   0   0   0   0   0   0   0   0   0   0   0   0   0   0  1.80 0.41
  223 P   -3 -4 -4  0 -4 -3 -3 -4 -4 -3  1 -3 -2 -4  7 -3 -3 -5 -4 -1    0   0   0   7   0   0   0   0   0   0  19   0   0   0  66   0   0   0   0   5  1.74 0.35
  224 H    1  4  0 -2 -3  2 -1 -1  3 -3 -1  0  0 -3 -2  1  1 -3 -2 -2   10  27   4   0   0  10   1   4   9   0   5   3   3   0   0  12   9   0   0   1  0.36 0.13
  225 C    0  1 -2 -2 -1  2  0 -2 -2  1  0  0 -1 -2  0  0 -1 -3  0  2    6  11   0   0   1  14   3   3   0  13  10   5   0   0   4   8   0   0   4  18  0.13 0.08
  226 F   -3 -1 -4 -5 -3 -3 -4 -5 -2  1  3 -3  1  4 -4 -3 -2  2  3  2    0   4   0   0   0   0   0   0   0   5  32   0   3  23   0   0   0   2  12  15  0.58 0.18
  227 D    2 -1  1  3 -3  1  1  1 -2 -4 -4 -1 -3 -4  2  1  0 -5 -4 -3   22   2   7  20   0   6   8  12   0   0   0   2   0   0  10   7   4   0   0   0  0.44 0.14
  228 F    0 -2 -2  0 -3  1  0  1 -2 -1 -1 -1  0  4 -3 -1 -1 -2  1  0   10   0   0   6   0   7   7  13   0   2   3   3   2  27   0   3   3   0   5   9  0.20 0.11
  229 A    0 -2 -3 -4  5 -2 -3 -4  1  0  0  1 -1  1  3  0 -1 -3  1  1    6   0   0   0  17   0   0   0   4   3  13  11   0   6  14   5   2   0   4  14  0.31 0.13
  230 A    1 -1  1  1 -3  2  0  1 -2 -2  0  0 -1 -3  1  1  1 -3 -3 -1   11   0   9   7   0  12   3  10   0   0  12   5   0   0   5   7  13   0   0   3  0.17 0.08
  231 A    1 -2  1 -1 -2  0 -2  1 -2  0  0 -2 -1  1  0  1  1 -3 -1  0   10   0   6   4   0   6   0  14   0   4   9   0   0  11   4  11  10   0   0  11  0.10 0.06
  232 K    0  1  2  2 -3 -1  1  1  0 -3 -3  1 -2 -3  1  2  0 -4 -3 -3    6  10  11  11   0   0   7  12   2   0   2   6   0   0   8  18   6   0   0   0  0.30 0.09
  233 I    0 -2 -1 -2 -3 -1  2 -3 -2  2  2  0  0 -1 -2 -1  0  1  0  0    9   0   3   1   0   0  18   1   0  15  25   7   0   0   0   4   5   2   4   6  0.15 0.09
  234 P   -1 -2  0  3  4  0  0 -1 -3 -4 -4  0 -3 -4  5 -1 -2 -5 -4 -3    5   0   5  19  11   4   7   4   0   0   1   4   0   0  34   3   0   0   0   0  0.84 0.21
  235 D    0  1 -2  1 -3  0  0 -1  1  0 -2 -1 -2  1  3  0 -1 -3  0  0    6  10   0  11   0   4   5   4   5   8   0   0   0  10  18   6   3   0   3   6  0.25 0.10
  236 L    0 -2 -3 -4 -3 -3 -3 -4 -3  0  3 -3  2  1 -3 -1  0 -2  2  1    8   2   0   0   0   0   0   0   0   0  46   0   5   7   0   5   7   0   9  10  0.41 0.16
  237 K    0  2 -1  1 -4  0 -1 -1 -2 -3 -3  1  1 -1  4  2 -1 -4 -3 -3    6  14   0   9   0   4   0   3   0   0   0   8   6   3  24  19   2   0   0   0  0.51 0.17
  238 M    1 -1  2 -3 -3 -2 -3 -3  1 -1  1 -2  5  2 -1 -1 -2 -3  2 -2   12   4  15   0   0   0   0   0   3   0  12   0  30   8   3   4   0   0   7   0  0.44 0.21
  239 F   -4 -5 -5 -6 -4 -5 -5 -6 -3 -1  0 -2  1  7 -1 -4 -4 -2  3 -3    0   0   0   0   0   0   0   0   0   3   8   4   4  70   4   0   0   0   9   0  1.51 0.39
  240 G    0  2 -1  2 -4  1  2  0  2 -2 -2  1 -2 -3 -2  0 -1 -4 -1 -1    8  11   0  16   0   3  20   8   5   3   4  10   0   0   0   5   0   0   3   4  0.27 0.11
  241 R   -1  3  0  0 -4  1  0 -3  0 -4 -4  2 -3 -4  3  1  0 -4  0 -3    5  25   5   5   0   4   6   0   2   0   0  13   0   0  18  10   4   0   4   0  0.56 0.17
  242 Q   -2  1  1  1  0  2 -1  2  1 -2  1 -1  1 -2 -3 -1 -1 -3  0 -2    0   8   7  10   3  12   0  21   4   0  20   0   4   0   0   2   2   0   5   0  0.22 0.14
  243 E    1  1  1  0 -4  3  2  0 -1 -4 -4  1 -3 -4  2  1  0 -5 -4 -3   10   7   7   4   0  16  18   5   0   0   0   5   0   0   9  14   5   0   0   0  0.44 0.15
  244 D   -1  1  2  3 -4  2  2  0  3 -4 -4  0  0 -4 -1  0 -2 -5 -3 -4    5  10  13  21   0  12  12   5   8   0   0   4   4   0   2   4   0   0   0   0  0.47 0.16
  245 T   -1 -2  2  0 -3 -2 -1  0 -2 -2 -1  0 -2  0 -3  2  4 -4 -3  0    0   0  11   4   0   0   3   7   0   0   5   5   0   4   0  17  34   0   0   8  0.38 0.18
  246 V    0  1  0 -3 -3 -1 -2  1  0  1 -1  1 -1  0  0 -1  0  2  1  1    7  11   4   0   0   0   0  11   3   9   2   8   0   5   4   2   5   3   5  19  0.08 0.07
  247 F    2 -2 -2 -1 -2  1 -1 -2  1  0  0  0  1  2  0  0  1 -3 -1  0   29   0   0   2   0   6   3   0   4   5   7   6   6  10   3   5   7   0   0   4  0.17 0.11
  248 S    0  0 -1 -2 -3  1 -1  2  3 -1 -3  2  0 -1 -3  1  0 -3  0  0    6   2   0   0   0   8   0  16  11   4   0  17   2   3   0  14   4   0   3   8  0.24 0.13
  249 S   -1 -3  0 -3 -4 -3 -3  6  1 -5 -5 -3 -4 -5 -4  2  0 -5 -4 -4    0   0   3   0   0   0   0  69   4   0   0   0   0   0   0  17   5   0   0   0  1.30 0.32
  250 P   -1 -2 -2 -3 -4  0 -1 -3  1 -2  1  1  1 -3  5  1 -1 -4  1 -2    3   0   0   0   0   5   3   0   3   0  15   9   4   0  37  10   3   0   6   0  0.72 0.20
  251 L    0 -4 -4 -5 -3 -3 -4 -4 -4  2  4 -3  4 -1 -4 -3  0 -3 -3  0    8   0   0   0   0   0   0   0   0  12  51   0  18   0   0   0   5   0   0   4  0.73 0.23
  252 R    0  4  0 -2 -4  1  0 -3  1 -2  0  0 -1  0 -3 -2 -2 -3  2  0    8  36   5   0   0   7   5   0   3   0  13   0   0   4   0   0   0   0   9   7  0.38 0.17
  253 V   -2 -4 -4 -4 -3 -3 -4 -4 -4  0 -2 -4 -1 -3 -4  1  1 -5 -4  6    0   0   0   0   0   0   0   0   0   0   0   0   0   0   0  12   7   0   0  77  1.12 0.36
  254 H   -2 -2  0 -2 -4  1  1 -3  6 -5 -4 -2 -3 -4  4  2 -2 -5 -2 -4    0   0   4   0   0   8   8   0  31   0   0   0   0   0  25  22   0   0   0   0  1.05 0.30
  255 T    2 -3 -3 -4  2 -3 -3 -4 -4  0 -2 -3 -2 -4 -3 -1  5 -5 -4  3   18   0   0   0   5   0   0   0   0   5   0   0   0   0   0   0  49   0   0  23  0.83 0.31
  256 F   -4 -5 -5 -6 -5 -4 -5 -6  1  0 -1 -2 -2  7 -6 -4 -4  5  5 -3    0   0   0   0   0   0   0   0   3   4   3   3   0  60   0   0   0   8  19   0  1.56 0.38
  257 G    0 -5 -3 -4 -5 -4 -4  7 -5 -6 -6 -4 -5 -6 -5 -2 -4 -6 -6 -6    6   0   0   0   0   0   0  94   0   0   0   0   0   0   0   0   0   0   0   0  2.09 0.41
  258 G    1 -4 -3 -4 -5 -4 -4  6 -4 -6 -6 -4 -5 -5 -4 -2 -4  2 -5 -5   14   0   0   0   0   0   0  83   0   0   0   0   0   0   0   0   0   3   0   0  1.76 0.37
  259 A    0  0  2 -2 -4  0 -1  5 -2 -5 -5  1 -4 -4 -3  0 -2 -4  0 -4    7   5  10   0   0   5   4  51   0   0   0   8   0   0   0   6   0   0   4   0  0.75 0.20
  260 T   -2 -4 -3 -4 -4 -3 -3 -4 -4 -3 -4 -3 -3 -5 -4 -1  7 -6 -4 -3    0   0   0   0   0   0   0   0   0   0   0   0   0   0   0   0 100   0   0   0  2.11 0.52
  261 W    2 -4 -4 -5  2 -4 -4 -4 -4 -3 -3 -4  2  0 -1  1 -3  9 -1  0   18   0   0   0   5   0   0   0   0   0   0   0   7   4   3  10   0  46   0   7  1.56 0.36
  262 K   -1  2  4 -2 -4  1 -2 -3 -2  0  0  2 -2 -3 -3 -1  0 -5 -3  0    5  14  33   0   0   5   0   0   0   7  13  13   0   0   0   0   4   0   0   5  0.44 0.18
  263 S    0 -3 -2 -3 -3 -2 -2 -3 -3 -3 -4 -2 -3 -4 -3  5  4 -5 -4 -1    6   0   0   0   0   0   0   0   0   0   0   0   0   0   0  56  36   0   0   3  1.15 0.35
  264 E   -3 -3  1 -1 -7  0  7 -5 -2 -6 -6 -2 -5 -6 -4 -3 -3 -6 -5 -5    0   0   7   0   0   0  93   0   0   0   0   0   0   0   0   0   0   0   0   0  2.02 0.47
  265 F   -4 -5 -5 -6 -5 -5 -6 -6 -3 -2  0 -5 -2  8 -6 -2 -4  3  3 -3    0   0   0   0   0   0   0   0   0   0   6   0   0  80   0   3   0   3   7   0  1.88 0.41
  266 A    3 -2 -2 -1 -4 -1  5 -3 -2 -4 -4 -2 -3 -5 -3  2  0 -5 -4 -3   31   0   0   0   0   0  47   0   0   0   0   0   0   0   0  16   6   0   0   0  0.93 0.29
  267 F    1 -4 -5 -5 -3 -4 -4 -5 -4  1  2 -4 -1  5 -4 -3 -3 -3  0  3   11   0   0   0   0   0   0   0   0   4  17   0   0  42   0   0   0   0   0  27  0.82 0.25
  268 L   -3 -4 -5 -6 -4 -1 -5 -6 -5  1  5 -4  5 -2 -5 -4 -3 -4 -3 -1    0   0   0   0   0   2   0   0   0   4  72   0  21   0   0   0   0   0   0   0  1.27 0.33
  269 A    0 -3 -2 -3 -3 -3 -3 -4 -4 -1 -3 -3 -3 -4 -4  1  6 -6 -4 -2    7   0   0   0   0   0   0   0   0   4   0   0   0   0   0   8  81   0   0   0  1.48 0.41
  270 G   -2 -5 -3 -4 -6 -4 -5  7 -5 -7 -6 -4 -6 -6 -5 -1 -4 -6 -6 -6    0   0   0   0   0   0   0  97   0   0   0   0   0   0   0   3   0   0   0   0  2.19 0.43
  271 V   -2 -2 -3 -3 -2 -2 -2 -3 -3  1  3 -2  3 -1 -2 -2  1 -2 -2  2    2   1   1   1   0   1   1   1   0   5  42   1  10   1   1   1   9   0   1  20  0.41 0.13
  272 P   -1  0  2  1 -3 -1  0 -2 -2 -3 -3 -1 -3 -3  4  2  1 -4 -3 -1    3   4  13  10   0   0   6   1   0   1   1   1   0   0  24  21   8   0   0   5  0.56 0.15
  273 S    1 -2  2 -1 -3  0 -2 -1  3 -3 -3 -2  0 -3  1  3  0 -4  0  0    8   0  10   2   0   2   0   3  10   0   0   0   3   0   8  38   4   0   4   7  0.42 0.17
  274 T   -1  1  1  2 -3 -1  0 -3  2 -2 -2  0  1 -3 -3  2  2 -4 -3 -1    3   9   6  13   0   0   5   0   7   0   3   4   7   0   0  18  19   0   0   5  0.31 0.14
  275 D    2 -2  0  4 -4  1  0 -3  3 -2 -1 -2 -2 -3 -3 -1 -1  4  1 -2   23   0   3  29   0   8   2   0   9   2   6   0   0   0   0   2   3   7   5   2  0.43 0.17
  276 F   -4 -5 -5 -6 -5  0 -5 -6 -4 -2  1 -5 -2  8 -6 -5 -4 -2  0 -1    0   0   0   0   0   5   0   0   0   0  13   0   0  79   0   0   0   0   0   3  1.77 0.41
  277 G   -1 -4  0 -3 -4 -3 -1  5 -4 -3  1 -3 -2 -4 -1 -1  0 -5 -4 -3    2   0   5   0   0   0   4  59   0   0  18   0   0   0   3   3   5   0   0   0  0.85 0.24
  278 A    1 -1  1  0 -3 -2 -1 -1 -2 -2 -3 -2 -2  0  4  0  0  4  2  0   14   3   7   5   0   0   4   3   0   0   0   0   0   3  27   4   5   7   9   7  0.50 0.14
  279 L    1  1  1  0 -3  1 -1 -1  2 -2  0  0  0 -1  0  1  1 -3  0 -1   18   8   7   5   0   7   0   3   6   0  12   2   1   3   4   8   8   0   3   4  0.10 0.06
  280 A    1  1  0 -3 -4 -2 -2  4 -3 -4 -4  1  0 -4  0  2 -2 -5 -4 -3   13   8   3   0   0   0   0  39   0   0   0  12   3   0   5  17   0   0   0   0  0.62 0.19
  281 S    2 -1  0 -2 -3 -2 -1 -2 -2 -3 -1 -2  0  2  1  3  1 -3  2 -2   18   2   5   0   0   0   2   0   0   0   4   0   2  11   7  30   7   0  10   0  0.37 0.17
  282 G   -1 -1  2 -3 -3 -2 -3  1 -1  0 -2 -2 -2  2  1  0  0 -2  4  0    4   3  13   0   0   0   0  11   0   8   2   0   0  10   8   4   8   0  23   6  0.31 0.14
  283 V    1 -4 -4 -4 -3 -3 -3 -4 -3  1 -1 -3 -2 -2  5 -1  0 -3  2  3   14   0   0   0   0   0   0   0   0   5   3   0   0   0  28   3   7   0  11  28  0.69 0.21
  284 F   -1 -3  0 -4 -4 -3 -3 -4  1 -2 -2 -3 -2  4  3 -1  1 -1  5 -1    5   0   5   0   0   0   0   0   4   0   0   0   0  27  15   2   9   0  26   4  0.74 0.22
  285 Y   -3  0 -1 -1 -5  3 -2 -4  2 -1 -3 -1 -3  2 -4 -1  0 -1  6 -3    0   4   2   3   0  20   0   0   3   3   0   3   0   9   0   4   5   0  41   0  0.83 0.26
  286 S    0  0  3 -2 -3  2 -1 -3  0 -2 -1  0  1 -1 -3  2  2 -4 -3  0    4   3  16   0   0  13   0   0   2   0   5   4   6   3   0  23  12   0   0   7  0.31 0.15
  287 V    0 -3 -4 -4 -3 -3 -3 -1 -2  1  2 -1  1  2 -4 -2 -2 -2  4  3   10   0   0   0   0   0   0   5   0   5  20   5   3   9   0   0   0   0  17  26  0.35 0.15
  288 V    2 -1 -1  0 -2  0 -1 -1 -2  1 -1 -2 -1  0 -3  0  0 -3  1  2   23   3   3   5   0   3   3   3   0  12   3   0   0   5   0   4   4   0   7  22  0.15 0.10
  289 P   -2  2 -1  1 -4 -2  0 -1 -3 -1 -1  1 -3 -4  5 -1  0 -5 -4 -1    0  12   2  10   0   0   4   5   0   3   5  10   0   0  34   3   7   0   0   5  0.66 0.17
  290 H   -2  4  1  0 -5  0  1 -2  6 -5 -4  2 -3 -1 -3  0 -2 -4 -2 -4    0  24   8   3   0   2   7   2  26   0   0  15   0   4   0   8   0   0   0   0  0.72 0.22
  291 L   -2 -2  1 -3 -3 -2 -1 -2 -3  2  1 -1  1 -1  1 -1  1 -4 -3  2    0   0   8   0   0   0   5   3   0  12  14   5   5   2   7   3  12   0   0  25  0.21 0.11
  292 Q    0  2  1  0 -3  2  0 -3  2 -1  0 -1  1 -3  0  1  1 -4 -2  0    6  13   7   5   0  15   3   0   6   3   8   0   4   0   3   9  11   0   0   6  0.19 0.09
  293 T    1  0 -1  1 -3 -1 -1  0  2 -1 -2  0  0 -1  2  1  1  3 -1 -2   13   6   1  11   0   0   2   5   7   3   3   4   3   2  12   8  12   5   2   0  0.20 0.08
  294 G    2 -3  1 -2 -3 -2 -2  2 -3 -4 -4 -2 -3 -4 -3  4  1 -5 -4 -3   21   0   6   0   0   0   0  15   0   0   0   0   0   0   0  48   9   0   0   0  0.77 0.26
  295 F   -3 -4 -5 -6 -4 -4 -5 -6 -4  1  5 -4  2  3 -5 -4 -3 -3  1  0    0   0   0   0   0   0   0   0   0   3  73   0   5  12   0   0   0   0   4   2  1.08 0.28
  296 V    2 -3 -3 -4 -3  0 -3 -2 -3  0 -2 -3 -2  1  5 -2  0 -4 -3  2   19   0   0   0   0   5   0   3   0   4   0   0   0   9  31   0   7   0   0  21  0.69 0.21
  297 R    0  2  0  0 -4  2  0 -1  2 -4 -3  3 -2 -3 -3  1  0 -4 -1 -3    9  14   3   5   0   9   3   2   6   0   2  25   0   0   0  15   4   0   3   0  0.40 0.14
  298 N   -1 -1  2 -2 -3  3  0 -3  1 -1  1 -1  1  0 -3  0  0  1  2  0    2   2  16   0   0  18   5   0   3   2  16   0   4   2   0   4   6   2   9   8  0.22 0.12
  299 L   -3 -4 -5 -6 -3 -4 -5 -6 -4  0  5 -4  3  3 -5 -4 -3 -3 -2 -1    0   0   0   0   0   0   0   0   0   0  76   0   9  15   0   0   0   0   0   0  1.10 0.25
  300 R    0  4  0 -2 -4  1  0 -3 -2 -4 -3  5 -3 -4 -3  1  0 -5 -3 -3    5  23   3   0   0   4   4   0   0   0   2  45   0   0   0   8   6   0   0   0  0.75 0.19
  301 E    3  2  1  3 -3 -1  1 -2 -2 -4 -4 -1 -3 -4 -2  2 -1 -5 -4 -3   39  14   7  18   0   0  10   0   0   0   0   0   0   0   0  13   0   0   0   0  0.54 0.17
  302 H    1 -1  2  0  1  2  1 -3  2 -1  1  0  0 -1 -3 -1 -1 -3  0 -2   14   2  14   6   5  10   8   0   8   3  16   6   2   2   0   0   0   0   5   0  0.15 0.08
  303 G   -2 -4 -2 -3 -5 -4 -4  7 -4 -6 -6 -4 -5 -5 -4  0 -3 -5 -6 -5    0   0   0   0   0   0   0  94   0   0   0   0   0   0   0   6   0   0   0   0  1.94 0.33
  304 Y   -4 -5 -5 -6 -5 -4 -5 -6  0 -4 -4 -5 -4  1 -6 -4 -4  0  9 -4    0   0   0   0   0   0   0   0   0   0   0   0   0   0   0   0   0   0 100   0  2.71 0.47
  305 F   -1  4 -2 -2 -4  0  1 -1  3 -3 -2  0 -2  1 -3  0 -1 -2  3 -3    4  32   0   0   0   3   9   6   9   0   3   3   0   5   0   8   3   0  17   0  0.44 0.14
  306 C   -1  0  0 -3  5 -2 -3 -3 -3 -2 -3 -2 -2 -4 -3  1  5 -5 -4  0    3   6   3   0  15   0   0   0   0   0   0   0   0   0   0   5  62   0   0   6  0.94 0.26
  307 V   -1 -3 -1 -4 -3 -3 -3 -4 -4  3 -1 -1 -1 -2 -4 -2  2  3 -1  4    2   0   4   0   0   0   0   0   0  17   0   3   0   0   0   0  13   6   2  52  0.61 0.19
  308 A    5 -3 -3 -4  0 -3 -3 -1 -3 -1 -1 -3 -2  0 -2  1 -1 -4 -3  2   62   0   0   0   2   0   0   3   0   0   2   0   0   4   0   6   0   0   0  20  0.67 0.22
  309 L   -2 -4 -5 -5 -3 -3 -4 -5 -4  3  3 -4  4  1 -4 -3 -2 -3 -2  2    0   0   0   0   0   0   0   0   0  24  38   0  16   6   0   0   0   0   0  17  0.72 0.17
  310 S   -3 -2  1 -3 -4 -1 -2 -4  7 -3 -3 -3  2  1 -4  0  1 -3  4 -3    0   0   6   0   0   0   0   0  48   0   0   0   9   6   0   5  11   0  14   0  1.08 0.27
  311 P   -3 -4 -4 -4 -5 -4 -3  0 -4 -5 -5 -3  1 -6  8 -3 -3 -6 -6 -4    0   0   0   0   0   0   0   7   0   0   0   0   4   0  89   0   0   0   0   0  2.69 0.40
  312 F   -3 -3 -1 -4 -3 -3 -3 -4  2 -1  0 -3  1  5 -4 -2  1 -1  5  0    0   0   4   0   0   0   0   0   6   0   6   0   5  31   0   0  13   0  27   6  0.71 0.19
  313 T   -1 -1  3  0 -3  0  0  0  3 -1 -2  0 -1  0  0  1  1 -3  2 -1    0   1  21   5   0   4   3   6   9   3   0   4   2   5   5   9   9   0   9   6  0.21 0.08
  314 K    1  0  0 -1 -4 -1  0  2 -2 -4 -4  3 -3  0  2  1 -1 -4 -3 -3   12   2   4   2   0   0   3  19   0   0   0  29   0   5  12  11   0   0   0   0  0.44 0.13
  315 G    0  1 -1  2 -3 -1 -1  2 -2 -3 -3  1 -3 -1 -3  2  1  3  1 -3    4   7   0  14   0   0   0  19   0   0   0  11   0   3   0  18  12   6   7   0  0.34 0.11
  316 N    0 -4  2 -2 -4 -3 -4  2 -2 -3 -2 -4  3  6 -5 -3 -3 -2  3 -3    9   0  10   2   0   0   0  16   0   0   0   0  11  42   0   0   0   0  10   0  0.78 0.29
  317 Y   -4 -5 -5 -6 -5 -4 -5 -6 -2 -1 -1 -5  2  4 -6 -4 -4  7  7  0    0   0   0   0   0   0   0   0   0   3   5   0   8  15   0   0   0  16  47   7  1.46 0.39
  318 N   -3 -1  7  1 -5 -2 -2  1  1 -6 -6 -2 -5 -5 -4  1 -2 -6 -4 -5    0   3  69   7   0   0   0  10   4   0   0   0   0   0   0   8   0   0   0   0  1.46 0.42
  319 A    3  5 -3 -3 -4 -1  0  0 -2 -4 -4  0 -3 -4 -3 -1 -2 -4  0 -1   29  47   0   0   0   0   7   7   0   0   0   0   0   0   0   2   0   0   4   4  0.80 0.31
  320 K    0  2  2  2 -4  0  0  2 -2 -4 -4  0 -3 -1 -1 -1 -1 -3  1 -4    6  16  10  16   0   4   6  23   0   0   0   4   0   3   3   0   3   0   7   0  0.37 0.15
  321 A    1  2  3  0 -4 -1  1 -1  2 -3 -3  2 -3 -4  0  0 -1 -4 -1 -1   15  13  18   3   0   0   8   4   7   0   0  16   0   0   3   3   2   0   2   6  0.33 0.15
  322 A    4 -4 -4 -2 -3 -3 -3 -3 -4  1 -2 -3 -2  1 -3 -1  0 -4 -3  3   48   0   0   3   0   0   0   0   0   5   0   0   0   7   0   0   5   0   0  33  0.68 0.29
  323 Y   -5 -5 -5 -6 -5 -5 -6 -6 -1 -3 -1 -5 -3  3 -6 -5 -4 -1  8 -4    0   0   0   0   0   0   0   0   0   0   7   0   0  12   0   0   0   0  82   0  2.32 0.55
  324 D    0  2  0  1 -4  0  1 -1  0 -4 -4  2 -3 -4  4  0  1 -5 -4 -3    9  12   4   7   0   3   8   3   2   0   0  16   0   0  23   4  10   0   0   0  0.55 0.17
  325 H    1 -2  0  1 -3  0  0 -1  3 -2  1  0  1 -2 -3  1  1 -3  0 -2   14   0   3  10   0   3   4   2  11   0  20   7   5   0   0   9   8   0   4   0  0.17 0.12
  326 F   -3 -4 -5 -6 -4 -3 -5 -6 -3  1  3 -4  5  2 -5 -4 -3 -2  4 -1    0   0   0   0   0   0   0   0   0   6  36   0  26  10   0   0   0   0  22   0  1.00 0.32
  327 G   -2 -4 -3 -4 -6  1 -4  7 -4 -7 -6 -4 -5 -6 -5 -3 -4 -6 -6 -6    0   0   0   0   0   6   0  94   0   0   0   0   0   0   0   0   0   0   0   0  2.10 0.49
  328 F   -2 -5 -5 -6 -4 -5 -6 -6 -4  1 -1 -5  1  7 -6 -4 -4 -2  0  1    3   0   0   0   0   0   0   0   0   9   3   0   3  73   0   0   0   0   0   9  1.58 0.43
  329 N   -3 -3  1  6 -6  2  3 -4 -3 -6 -6 -2 -5 -6 -4 -1 -1 -6 -5 -5    0   0   5  66   0   8  16   0   0   0   0   0   0   0   0   2   3   0   0   0  1.49 0.40
  330 L    1  3 -1  1 -4  1  2 -3  1 -3 -1  2 -2 -3 -2  0  0 -4 -3 -3   13  19   0   9   0   7  18   0   5   0   8  10   0   0   0   3   7   0   0   0  0.36 0.15
  331 M   -3 -4 -4 -5 -3 -4 -4 -5 -3  2  0 -4  3  6 -5 -4 -1 -2  3  1    0   0   0   0   0   0   0   0   0  15   3   0   9  48   0   0   3   0   8  12  0.97 0.30
  332 F   -3 -3 -4 -5 -3 -1 -4 -5  2  3  2 -4 -1  4 -4 -3 -3 -1  5  1    0   0   0   0   0   3   0   0   5  19  22   0   0  18   0   0   0   0  24   6  0.67 0.22
  333 Q    0 -2 -1  4 -4  2  1  1  1 -4 -4 -2 -3  0 -3  1  2 -4 -3 -3    6   0   0  28   0  13   7  11   4   0   0   0   0   5   0  12  13   0   0   0  0.47 0.19
  334 P    1 -1 -2 -3 -3 -2 -1  0 -3  2  1 -1  0  0  3  1 -1 -3  0 -1   11   3   0   0   0   0   3   8   0  17  15   3   2   3  17  12   0   0   3   0  0.25 0.12
  335 Q   -2  2  1  2 -4  3  3 -3 -1 -2 -3  1 -2 -1 -3 -1  0 -4  0 -3    0  16   6  14   0  13  22   0   0   3   0   9   0   3   0   2   5   0   4   0  0.47 0.17
  336 D    0 -3  0  6 -5  0  2 -3 -3 -5 -3 -2 -4 -1 -4 -1 -3 -6 -5 -5    8   0   3  65   0   2  14   0   0   0   3   0   0   3   0   3   0   0   0   0  1.27 0.36
  337 L   -3 -3 -4 -4 -3 -1 -2 -4 -3  1  3 -3  1  5 -4 -3 -1 -2  2  0    0   0   0   0   0   3   4   0   0   9  30   0   4  38   0   0   3   0   4   3  0.67 0.22
  338 G    1 -1  1  1 -3  0 -1  4  1 -2 -3 -2 -3 -4 -1  1 -1 -4 -3 -2   14   3   5  10   0   3   3  35   5   3   1   0   0   0   3  11   0   0   0   3  0.42 0.15
  339 Y   -1 -2  1  0 -3  0  1 -1  1 -1  1  0 -1  1  0 -1 -1 -2  3 -1    4   0   7   5   0   3  12   6   3   0  18   8   0   6   4   1   4   0  16   3  0.13 0.09
  340 P    0 -2 -2  0 -3  0  0 -2 -2 -2 -2  0 -2  1  5 -1  0 -2  2 -2    7   1   1   5   0   4   6   2   1   1   2   5   1   6  38   4   6   0   8   2  0.72 0.16
  341 A    0 -1 -1  2 -2 -1  1  2 -1 -2 -2  1 -2  0  0  1  0 -2 -2  0    9   1   1  12   1   1   7  16   1   1   2  14   1   5   4  10   4   0   1   8  0.14 0.06
  342 P   -1  1  1  1 -2  0  0 -1  1 -1 -1  1 -1 -2  3  0  0 -2  0 -1    3   6   7   8   1   4   2   5   4   4   8  12   1   1  18   4   4   0   4   2  0.24 0.06
  343 M   -1 -1  0 -1 -2 -1 -1 -2 -1  2  2 -1  1  1 -2 -1  0 -1  2  1    4   4   5   3   0   1   4   2   1  15  21   1   2   8   1   2   6   0   9  10  0.10 0.05
  344 G    0  2 -1  0 -3  1  0  3 -2 -2 -2  0 -2 -3  3  0 -1 -3 -3 -1    6  14   1   4   0   7   5  24   0   1   5   4   0   1  14   4   1   0   1   7  0.29 0.09
  345 K   -1  2  1  2 -3  0  1  2 -1 -3 -3  3 -2 -3  0  0 -1 -3 -3 -3    1  13   6  13   0   1   8  16   0   1   2  23   0   1   4   8   1   0   1   1  0.36 0.12
  346 N   -1  1  3  3  0 -1  1  1 -1 -1 -2 -1 -2 -3 -2  0  0 -3 -2 -1    4   8  18  22   3   1   7  10   1   5   2   1   1   1   1   5   5   0   1   4  0.27 0.09
  347 L   -1  0 -1  0 -2 -1  1  0 -2  0  2  0  1  0  0 -1 -1  2 -1  0    2   4   1   5   1   1  12   8   1   4  25   5   3   4   4   5   2   3   1   8  0.06 0.04
  348 W   -3 -3 -3 -1  0  0 -1 -3 -2 -1 -2 -3  0  1 -3 -3 -3  9  3 -1    2   1   1   4   3   4   4   2   0   4   2   1   3   4   1   2   1  47  10   4  1.42 0.29
  349 H   -2  0 -2  1  1 -1  1 -4  5 -3 -3  0 -3  1 -3 -2 -2  2  5 -3    3   4   0  11   3   0   8   0  21   0   1   7   0   4   0   0   2   3  32   0  0.73 0.25
  350 I    0 -3 -3 -1  1 -3 -2 -4 -3  4  1 -3  1  0 -3 -1  1 -3  0  1    6   0   0   3   3   0   3   0   0  46   8   0   3   4   0   5   9   0   3   5  0.38 0.18
  351 S    1  0 -1  0 -3 -2 -2 -1 -3 -3 -3  0 -3 -4  1  4  2 -5 -3 -1   12   6   0   4   0   0   0   3   0   0   0   3   0   0   5  49  12   0   0   3  0.62 0.25
  352 S   -1 -3 -1  6 -4 -2  0 -3 -3 -1 -2 -2 -3 -4 -3  1  2 -5 -4 -1    3   0   0  59   0   0   3   0   0   3   3   0   0   0   0   9  14   0   0   4  1.02 0.31
  353 E    2  1  0  1 -3  0  3 -2 -2 -1 -3  1 -2 -3  0  1  0 -4 -1 -2   26   6   3   6   0   3  24   0   0   6   0   6   0   0   3  11   3   0   3   0  0.35 0.17
  354 E    1 -2  0  4 -5  1  4 -3 -2 -5 -4  0 -3 -1  0  0 -2 -5 -4 -4   13   0   3  26   0   6  34   0   0   0   0   4   0   3   5   5   0   0   0   0  0.72 0.24
  355 M   -1  0 -1 -3  0 -2 -1 -3 -3  1  2 -2  4 -1 -3  0 -1 -3  0  2    4   8   3   0   2   0   4   0   0   4  28   0  18   0   0   9   0   0   3  16  0.28 0.15
  356 M    0 -3 -3 -4  1 -2 -3 -1  0  0  2 -3  3  1 -3 -1  0 -2  3  1    7   0   0   0   3   0   0   5   3   0  27   0  13   6   0   3   6   0  13  12  0.28 0.14
  357 Q    1  1 -1  4 -4  2  2  0  0 -3 -3  1  0 -4 -2  0 -2 -4 -3 -3   13   6   0  31   0   9  10   7   2   0   1  12   3   0   0   4   1   0   0   1  0.46 0.16
  358 Y    0 -1 -2 -2  1  1  1 -3  1 -1 -2  0 -2  2 -2 -1  0 -1  5 -1   10   1   1   1   5   6   9   1   3   4   2   8   0  10   1   1   5   0  29   3  0.34 0.14
  359 A    3 -2 -2  0 -2 -2 -1 -2 -2  2  0 -1 -1  1 -2 -1  0 -3 -2  2   32   1   1   5   0   1   4   1   0  16   4   4   0   7   1   1   4   0   1  16  0.20 0.11
  360 R    0  4 -2 -2 -4 -1  0 -2 -2  0 -2  4 -2 -3 -3 -2 -2 -4 -3  0    8  26   0   0   0   0   6   3   0   9   3  35   0   0   0   1   0   0   0   6  0.55 0.21
  361 M    0  0 -2 -1 -3  2  2 -3 -2  1  1  0  1 -2 -2 -1 -1 -3 -3  0    9   5   0   3   0  14  16   1   0  14  16   6   5   0   0   3   0   0   0   5  0.20 0.11
  362 I   -1 -3 -4 -4 -3 -3 -4 -5 -3  4  1  0  1  0 -4 -3 -1 -3  1  2    3   0   0   0   0   0   0   0   0  45  12   9   3   3   0   0   3   0   6  15  0.55 0.22
  363 L   -1 -1 -3 -1 -3  0 -1 -4 -2  0  3 -1  2 -1 -3 -1 -2 -2  3  0    3   4   0   3   0   6   4   1   0   4  45   3   6   0   0   3   0   0  14   3  0.34 0.16
  364 E    0  0  0  3 -4  1  5 -3  1 -1 -1  0 -2 -4 -3 -1 -2 -4 -3 -3    9   3   3  16   0   3  45   0   3   5   6   2   0   0   0   2   0   0   0   0  0.63 0.22
  365 K   -1  3 -1  0 -3  0  0 -1  1 -1 -2  3 -2 -1 -2  0 -1 -2  2 -1    4  20   1   4   0   3   6   5   4   4   2  22   1   1   1   6   1   0  10   5  0.26 0.10
  366 R   -1  2 -1  0 -3  1  2 -2  1 -1  0  1 -1 -1 -1 -1  0 -2  1 -1    2  17   1   4   1   7  18   2   4   3  12  10   1   1   2   2   4   0   7   2  0.21 0.07
  367 H   -1  1  1 -1 -3  0  1 -1  6 -3 -3  1 -2 -2  0  0 -1 -2  1 -2    4   9   7   1   0   1  10   5  30   1   2   7   1   1   3   8   1   0   6   2  0.47 0.15
  368 P    1  2  0  1 -2  0  0 -1 -1 -2 -2  1 -1 -2  3  1  1 -2 -2 -1   14  12   4   8   1   2   5   3   1   2   3  10   1   1  13   9   9   0   1   2  0.23 0.05
  369 D    0  0  2  3 -2  0  2 -1 -1 -2 -1  1 -2 -2 -1 -1 -1 -3 -2 -2   11   5  14  23   1   1  14   2   1   2   6  10   1   1   2   2   2   0   1   2  0.32 0.10
  370 L    0  1 -1  0 -1  0 -1  0 -1  0  2  1  0 -1 -1  0 -1 -1 -1 -1    7  10   2   6   1   2   3   7   1   3  27   9   1   2   3   6   3   1   2   3  0.06 0.03
  371 E   -1  0  0  1 -2  1  2  0  1 -2 -2  1 -1 -2  1  1  1 -2 -1 -2    3   2   2   8   1   6  21   6   4   2   4   9   1   2   8   9   8   1   1   3  0.22 0.05
  372 N    0  0  3  2 -2  1  0 -1  1 -2 -2  1 -2 -2 -1  1  0 -2 -2 -2    8   5  17  16   1   4   4   3   3   2   3  10   1   1   2  11   4   0   1   2  0.24 0.07
  373 V    1  0  1  1 -2  0  0  0  1 -1 -1  0 -1 -2  1  0  2 -2 -1  0   10   5   7   8   1   2   5   9   4   2   4   5   1   2   7   5  15   1   1   7  0.12 0.04
  374 R   -1  1  1  4 -3 -1  0  1 -2 -3 -3  0 -2 -3  1  0  0 -3 -3 -3    5  11   7  29   0   1   5  12   0   1   2   5   0   1   7   5   7   0   1   1  0.38 0.12
  375 Q   -1  2  0 -2 -4  5  3 -3 -1 -4 -4  3 -2 -4 -3 -1 -1 -4 -3 -3    3   9   3   0   0  36  19   1   0   0   1  19   0   0   0   4   3   0   0   1  0.83 0.28
  376 P   -3 -4 -5 -1 -6 -1 -4 -5 -5 -6 -6 -1 -5 -6  8 -4 -4 -7 -6 -5    0   0   0   3   0   3   0   0   0   0   0   3   0   0  89   0   0   0   0   0  2.84 0.62
  377 M   -1 -1 -4 -4 -3 -1 -1 -5 -3  1  3 -2  2  3 -4 -3 -2 -3 -1  1    3   3   0   0   0   3   5   0   0   8  40   2   7  17   0   0   0   0   0  11  0.47 0.20
  378 F   -5 -6 -6 -7 -5 -6 -6 -7 -4 -3 -1 -6 -3  8 -7 -5 -5 -2  3 -4    0   0   0   0   0   0   0   0   0   0   4   0   0  88   0   0   0   0   8   0  2.42 0.59
  379 V   -1 -4 -5 -6 -3 -4 -5 -5 -4  4  3 -4  3  0 -5 -4 -2 -4  0  3    4   0   0   0   0   0   0   0   0  35  29   0   9   3   0   0   0   0   3  18  0.78 0.26
  380 Y   -1 -4 -4 -5 -5 -4 -2 -5  3 -2 -1 -4  3  6 -5 -4 -4 -1  6 -1    5   0   0   0   0   0   3   0   7   0   3   0   8  40   0   0   0   0  31   3  1.24 0.38
  381 V    2 -3  2 -1 -3 -2 -3 -3 -3  1 -1 -3  4 -1 -3  0  0 -4 -3  2   26   0  15   3   0   0   0   0   0   8   3   0  17   3   0   6   3   0   0  17  0.39 0.22
  382 L   -3 -4 -4 -5 -3  0 -4 -5 -4  2  3 -4  2 -2 -4 -3  1 -4 -3  3    0   0   0   0   0   6   0   0   0  11  41   0   5   0   0   0   9   0   0  28  0.70 0.26
  383 T   -2 -4 -3 -4 -4 -3 -3 -4 -4 -3 -2 -3 -3 -5 -4  2  7 -6 -4 -3    0   0   0   0   0   0   0   0   0   0   4   0   0   0   0  16  79   0   0   0  1.65 0.53
  384 M   -4 -5 -5 -6 -4 -4 -5 -6 -5  5  1 -5  7 -3 -5 -4 -3 -4 -4  2    0   0   0   0   0   0   0   0   0  36   7   0  47   0   0   0   0   0   0  10  1.51 0.46
  385 K   -1  0  1  0 -5  4  2 -4  3 -4 -3  0  0  3 -4 -1 -2 -3  2 -4    3   3   8   4   0  31  12   0   8   0   0   4   3  14   0   3   0   0   8   0  0.61 0.26
  386 E   -3 -3  6 -1 -6  2  4 -1 -2 -6 -6 -2 -4 -6  1 -2 -1 -6 -5 -5    0   0  54   0   0   7  27   3   0   0   0   0   0   0   6   0   3   0   0   0  1.31 0.43
  387 H   -5 -3 -3 -5 -7 -2 -3 -6 10 -7 -6 -4 -5 -5 -6 -4 -5 -6 -1 -7    0   0   0   0   0   0   0   0 100   0   0   0   0   0   0   0   0   0   0   0  3.57 0.81
  388 G    1 -4 -3 -4 -4 -4 -4  5 -4 -4 -4 -3  0 -5 -4  2 -2 -5 -5 -1   10   0   0   0   0   0   0  62   0   0   0   0   3   0   0  18   0   0   0   6  1.19 0.36
  389 P   -3 -5 -4 -1 -6 -4 -1  0 -5 -6 -6 -4 -5 -6  8 -1 -4 -7 -6 -5    0   0   0   3   0   0   5   8   0   0   0   0   0   0  80   5   0   0   0   0  2.41 0.56
  390 Y   -5 -4 -4 -6 -6 -4 -5 -6  5 -4 -1 -5 -4  0 -6 -5 -5 -1  8 -5    0   0   0   0   0   0   0   0  18   0   6   0   0   0   0   0   0   0  76   0  2.40 0.61
  391 R   -1  0  2  3 -4  1  1  0  2 -3 -3  0  1 -4  1  0  0 -4 -3 -2    2   6  11  22   0   4   8   9   6   0   0   2   5   0   5   8   6   0   0   3  0.32 0.13
  392 T   -1  2 -2 -2 -3 -1  2 -1  0 -2  1  1  0 -1 -3  0  2 -4 -2 -1    4  12   0   0   0   0  18   6   3   0  15  11   3   2   0   4  14   0   0   5  0.19 0.12
  393 D   -1  0  0  3 -4 -1  2  1  2 -3 -3  1 -3 -3  1  0 -1 -4 -1 -2    4   5   3  22   0   0  12  11   6   0   3  11   0   0   8   7   3   0   3   3  0.33 0.14
  394 T    0 -1 -2 -3  2 -2 -1 -1  3 -2 -1 -2  2  0  1  1  3  2  2 -2    7   3   0   0   6   0   2   3  11   0   3   0   8   5   6  11  22   3   8   0  0.29 0.18
  395 D    1  0 -1  2 -4  2  2 -1 -2 -3 -2  1 -2 -3  2  0 -2 -4 -1 -1   13   3   0  13   0  12  17   3   0   0   3   9   0   0  11   5   0   0   3   6  0.34 0.15
  396 N    0 -1  3  1 -3 -1  1 -2  0 -1 -1  1 -2 -3  2  0 -1 -4 -3  0    6   3  24   9   0   0   9   1   2   3   6   8   0   0  12   6   0   0   0   9  0.32 0.14
  397 V    0 -2  1  1 -2 -1  0 -1 -2  0  0  0  1  1  0 -1  1 -3 -2  1    7   1   9  10   0   0   5   5   0   6   6   6   4   7   4   1  11   0   0  16  0.08 0.07
  398 F   -1  0 -2 -1 -3 -2  1  0 -1  1 -1 -2 -2  2 -1  0 -1 -1  4 -1    5   7   0   3   0   0  11   9   0   9   5   0   0  12   3   6   2   0  22   3  0.23 0.14
  399 D    0 -1  1  1 -3  1  1  1  0 -3 -2  1 -2  0  0  1  0 -3  0 -2    8   0   6   9   0   8  11  11   2   0   4  11   0   4   3  11   6   0   3   3  0.17 0.08
  400 L    0 -1 -3 -1 -3 -1  0 -3 -3  2  3 -2  0 -2 -3  0  1 -3 -3  2    8   3   0   3   0   3   6   0   0  11  34   0   0   0   0   6   9   0   0  14  0.26 0.14
  401 D    0 -1 -1  3 -4  2  1 -1 -2 -3 -3  0 -2  0  2  0  0 -4 -3  0    8   3   0  21   0  14  10   4   0   0   0   5   0   5  10   7   5   0   0   9  0.34 0.16
  402 A    1  0 -1 -1 -3  1  0  2  0  0 -1  1  0 -3  0  0  0 -4 -3  0   11   6   2   2   0   5   3  18   3   8   6  11   3   0   3   6   7   0   0   7  0.12 0.07
  403 P   -1  0 -2  0 -4  0 -1 -2  0  0 -2  1 -2  0  4  0  0 -3  1 -1    4   6   0   7   0   3   3   3   2   6   3   9   0   4  26   8   5   0   7   5  0.38 0.14
  404 D    0  0  1  3 -3 -1  1 -1  1 -1 -2  1 -1 -2  1  0  0 -3  1  0    6   5   6  18   0   0  12   3   3   5   2   7   2   0   6   7   7   0   6   6  0.19 0.09
  405 L   -2  0 -1  0 -3 -1 -1 -1 -2  0  2  0  1  1  0 -1  0 -2  2 -1    0   5   3   5   0   2   4   6   0   6  26   8   2   8   4   2   8   0   9   2  0.09 0.08
  406 N   -1 -2  3  2 -4 -1  1  2 -2 -4 -4  0 -3 -4  1  2  0 -4 -1 -4    0   0  19  13   0   0   7  14   0   0   0   6   0   0   8  23   5   0   3   0  0.50 0.20
  407 A    3 -2 -2  2 -3  0  0  0 -3 -3 -1  2  0 -4  1  1 -2 -5 -4 -3   29   0   0  15   0   3   5   5   0   0   9  14   2   0   8  10   0   0   0   0  0.34 0.18
  408 K   -1  0  1  2 -4  3  2 -2 -2 -4 -4  2 -3 -3 -3  2  0  3  0 -3    3   3   5  11   0  17  13   2   0   0   0  19   0   0   0  16   3   5   3   0  0.48 0.20
  409 T    1 -1  2  1  1  1  0  0 -1 -2  0 -1 -1  0 -3  1  0 -3  0 -2   12   2  12   6   4   8   5   6   0   0  14   0   0   3   0  15   6   0   5   0  0.15 0.11
  410 V    1  0  0  0 -2  0  0 -1 -1 -1  0  0 -1 -1  0  0  1  2  1  0   19   4   5   5   0   4   6   4   0   3  10   6   0   1   3   7   9   3   5   5  0.08 0.05
  411 S    1  0  1  0 -3  1  1  2 -2 -2 -1  0 -2 -3 -2  2  1 -3 -3 -2   12   3   6   6   0   6   7  15   0   1   9   4   0   1   1  19   9   0   0   1  0.22 0.09
  412 A    2  0  1  1 -3  0  1 -2 -2  0 -1  2 -2 -3 -2  1  0 -4 -3  0   20   3   8   8   0   3   9   1   0   5   4  19   0   0   0   8   3   0   0   7  0.22 0.11
  413 L    0 -3 -3 -3 -2 -2 -3 -3 -3  1  4 -3  1  2 -3 -2 -2 -2 -1  1   11   1   1   1   0   1   1   1   0   9  48   1   3  12   1   1   1   0   0   7  0.45 0.16
  414 N    0 -1  5  0 -4  0  2 -1 -2 -4 -4  0 -3 -5 -3  3  1 -5 -4 -4    8   2  38   2   0   4  12   2   0   0   0   2   0   0   0  23   7   0   0   0  0.73 0.27
  415 D    0 -1  2  5 -5  2  2 -3  3 -4 -4 -1 -3 -1 -3  0 -1 -5 -3 -2    6   2  10  36   0   8  17   0   9   0   0   0   0   3   0   4   2   0   0   3  0.69 0.23
  416 Y   -5 -5 -5 -6 -6 -4 -1 -7 -1 -4 -4 -5 -4  2 -6 -5 -4 -1  9 -4    0   0   0   0   0   0   5   0   0   0   0   0   0   4   0   0   0   0  91   0  2.61 0.62
  417 I    0 -4 -4 -5 -3 -3 -4 -4 -3  2  3 -4  2 -1 -4 -2  0 -3  1  2    7   0   0   0   0   0   0   0   0  14  43   0   6   0   0   3   4   0   6  17  0.54 0.20
  418 G   -1  2  4  0 -4  1  3 -1  1 -4 -4  0 -3 -4 -3  1 -1  3 -1 -4    5  14  23   3   0   7  20   4   2   0   0   4   0   0   0   8   2   6   2   0  0.50 0.19
  419 R   -3  5 -1 -3  0 -1 -2 -1  2 -3  1  2  0 -4 -4 -2 -3 -5 -3 -1    0  46   3   0   3   0   0   4   7   0  14  14   2   0   0   2   0   0   0   5  0.69 0.27
  420 I   -1 -3 -4 -4 -3  0 -3 -4 -3  3  3 -3  2 -1 -4 -1  0 -3  1  2    4   0   0   0   0   6   0   0   0  28  30   0   5   0   0   5   6   0   5  11  0.44 0.18
  421 A    1  2  0 -1 -3  0  0 -2  3  1 -1  3 -1 -3 -3 -1 -2 -4 -2  1   14  12   3   2   0   3   4   2   9  11   5  22   0   0   0   0   0   0   0  14  0.24 0.15
  422 D    1  1  2  2 -4  1  2 -2  0 -2 -3  1 -1 -3 -3  0  0 -4 -1 -1   12   6  11  16   0   6  14   0   2   2   0  10   2   0   0   4   6   0   2   6  0.30 0.12
  423 L    2 -3 -2 -3 -3 -2 -3 -3 -3 -2  2 -3  1  1 -3  4  1 -4 -3 -2   16   0   0   0   0   0   0   0   0   0  30   0   2   6   0  41   6   0   0   0  0.57 0.27
  424 D   -1 -1  2  6 -5 -2  1 -3 -3 -6 -6 -2 -5 -6 -4  1 -3 -7 -5 -5    6   3   9  67   0   0   5   0   0   0   0   0   0   0   0   9   0   0   0   0  1.41 0.39
  425 K    0  3  0  2 -4 -1  0  0 -2 -3 -3  3 -3  0 -1 -1  0 -4 -3 -1   11  20   2  15   0   0   6   6   0   0   0  22   0   5   2   0   6   0   0   6  0.35 0.16
  426 A    5 -3 -3  0 -3  1  0 -1 -3 -3 -3 -2  2 -4 -3  0 -2 -5 -4 -2   67   0   0   6   0   8   5   3   0   0   0   0   7   0   0   5   0   0   0   0  0.87 0.34
  427 V    0 -4 -4 -4 -3 -3 -4 -4 -4  2  3 -3  2  2 -4 -1  1 -3 -2  2    7   0   0   0   0   0   0   0   0  13  36   0   6   9   0   3  11   0   0  15  0.46 0.18
  428 E    1  1  0  0 -4  3  3  1  0 -3 -2  2  0  0 -3 -1 -2 -4 -3 -3   12   4   3   4   0  14  21  10   2   0   4  17   2   5   0   2   0   0   0   0  0.35 0.16
  429 S   -1  1  0  2 -3  1  1  0 -1 -2 -1  0  1 -2 -3  0  0  2  1 -1    5  12   4  17   0   6   8   7   0   0   8   2   5   0   0   5   8   3   8   3  0.17 0.10
  430 F   -1 -4 -4 -5 -3 -3 -4 -5 -4  1  4 -1  1  4 -4 -3  0 -3 -1  0    4   0   0   0   0   0   0   0   0   4  49   5   3  28   0   0   6   0   0   3  0.74 0.26
  431 D   -2  2  1  1 -3  0  1 -2 -2  0  0  0 -1  0 -3 -1  0 -4 -2  1    0  14   7  11   0   3  13   3   0   6  11   5   0   5   0   2   7   0   0  13  0.15 0.10
  432 R    0  3  2  2 -4  1  1 -1  2 -4 -4  2 -3 -4 -3  1  0 -5 -3 -3    7  18   9  15   0   7   5   2   6   0   0  12   0   0   0  14   4   0   0   0  0.46 0.16
  433 Y    0  1 -3 -4 -4  0  0 -4 -1 -3 -1 -2  0  4 -4 -1 -1 -1  6 -3   10   8   0   0   0   5   5   0   0   0   5   0   2  18   0   3   2   0  41   0  0.81 0.29
  434 L   -3 -4 -4 -4 -3 -1 -1 -5 -3  1  3 -3  3  3 -4 -3  0 -3 -1  1    0   0   0   0   0   3   5   0   0   4  43   0  10  16   0   0   5   0   0  13  0.58 0.22
  435 H    0  1 -1  1 -3  3  2 -3  2 -1  0  1 -1 -1 -3  1  1 -4 -2 -2    9   9   0   7   0  19  11   0   6   3  12   6   0   3   0   8   7   0   0   0  0.26 0.13
  436 E    0  0  2  2 -4  4  1  0 -1 -4 -4  1 -3 -4  0  0 -1 -5 -4 -2    9   2  14  12   0  24   8   6   0   0   0  11   0   0   5   5   2   0   0   3  0.46 0.18
  437 R    0  3 -2 -1  1  0 -2 -1 -2  1  0  0 -1 -3 -3  1  1 -4 -3  0    5  26   0   3   4   3   0   5   0   9  10   3   0   0   0  14  11   0   0   8  0.23 0.14
  438 G   -1  0  2  2 -4  2  1  3 -2 -4 -4  2 -3 -5  1 -1  0 -5 -4 -4    3   2   9  14   0  11   9  23   0   0   0  14   0   0   8   3   5   0   0   0  0.48 0.17
  439 K   -1  5 -2 -1 -5  2  2 -4 -2 -5 -5  4 -3 -5 -3 -2 -3 -5 -4 -4    5  42   0   2   0   8  17   0   0   0   0  27   0   0   0   0   0   0   0   0  1.05 0.32
  440 P   -3 -1 -3  1 -5 -3 -3  0 -4 -5 -5  0 -4 -6  7 -3 -3 -6 -5 -2    0   3   0   9   0   0   0   8   0   0   0   6   0   0  71   0   0   0   0   3  1.93 0.36
  441 F    2 -3 -2 -3 -3 -2 -2 -3 -2 -2 -2 -2 -2  2 -3  2  4 -3  1  0   23   0   0   0   0   0   0   0   0   0   2   0   0  12   0  14  36   0   6   7  0.53 0.20
  442 V   -1 -4 -5 -5 -3 -3 -2 -5 -4  3  1 -4  4 -2 -4 -3 -2 -4 -3  5    2   0   0   0   0   0   2   0   0  15  11   0  14   0   0   0   0   0   0  56  0.85 0.25
  443 F   -3 -4 -5 -5 -3 -4 -5 -5 -4  3  3 -4  0  4 -5 -4 -2  2 -1  3    0   0   0   0   0   0   0   0   0  21  34   0   0  21   0   0   0   3   0  21  0.73 0.20
  444 G    1 -4 -4 -4  2 -3 -4  0 -4  1  2 -3  2 -2 -3 -2 -2 -4 -3  3   17   0   0   0   5   0   0   8   0   7  26   0   6   0   0   0   0   0   0  31  0.41 0.15
  445 Y   -3 -4 -4 -4 -4 -3  0 -5  3 -2 -1 -4  1  5 -5 -4 -3  6  5  0    0   0   0   0   0   0   8   0   8   0   3   0   4  30   0   0   0  12  29   6  1.04 0.26
  446 F   -2 -5 -5 -6 -4 -5 -5 -6 -3 -2 -1 -5 -2  7 -6 -4 -4 -1  4 -3    3   0   0   0   0   0   0   0   0   0   3   0   0  77   0   0   0   0  17   0  1.88 0.40
  447 G   -2 -5 -3 -4 -6 -4 -5  7 -5 -7 -6 -4 -5 -6 -5 -3 -4 -6 -6 -6    0   0   0   0   0   0   0 100   0   0   0   0   0   0   0   0   0   0   0   0  2.25 0.42
  448 D   -4 -4 -1  8 -6 -3 -1 -4 -4 -6 -7 -3 -6 -6 -4 -3 -3 -8 -6 -6    0   0   0 100   0   0   0   0   0   0   0   0   0   0   0   0   0   0   0   0  2.45 0.48
  449 H   -4 -3 -2 -4 -7 -2 -3 -5 10 -6 -6 -3 -5 -4 -5 -4 -4 -5 -1 -6    0   0   0   0   0   0   0   0 100   0   0   0   0   0   0   0   0   0   0   0  3.18 0.59
  450 Q   -3 -1 -2 -2 -5  7  1 -4  2 -4 -4  1  1 -4 -3 -2 -2 -4 -3 -2    0   0   0   0   0  77   3   0   5   0   0   6   4   0   0   0   0   0   0   4  1.51 0.37
  451 V    1 -2 -3 -3 -3 -2 -2 -3 -3 -2  0 -2 -2 -3  6 -1 -2 -3 -3  0   13   1   1   1   0   1   1   1   0   1  12   1   0   1  55   1   1   0   1   8  1.21 0.17
  452 P    1 -2 -2 -1 -3 -2 -2  0 -2 -1 -1 -2 -2 -2  5  2 -1 -2  2 -2   14   1   0   4   0   0   1   5   0   5   5   1   0   0  32  18   1   0  12   1  0.62 0.13
  453 F   -1 -3 -3 -4 -3 -3 -3 -3 -2  2  1 -3  1  6 -3 -1 -2 -1  2 -1    7   1   0   1   0   0   1   1   0  17   8   1   5  50   1   3   1   0   4   1  0.67 0.16
  454 E   -2 -1  1  3 -4  3  4 -3 -1 -2 -2 -1 -2 -4  0 -1 -2 -4 -3 -3    1   0   7  21   0  14  40   1   0   4   5   0   0   0   4   1   0   0   0   0  0.67 0.15
  455 G    0 -2  2  0 -4  1  1  4 -2 -5 -4  0 -3 -4 -3  0 -2  3 -3 -4    4   0  14   4   0   5  13  43   0   0   0   8   0   0   0   4   0   6   0   0  0.63 0.12
  456 V    1 -3 -3  1 -3  0 -2 -3 -3  2  1 -3  1 -2  0 -2 -2  5 -2  2   14   0   0  12   0   4   0   0   0  13  18   0   5   0   4   0   0  11   0  19  0.29 0.11
  457 S    1 -2  2 -2 -3  0 -2  0  1  0  0 -2 -1 -2  2  1  0 -3  1 -1   18   0  17   0   0   4   0   8   6   9   8   0   0   0   9  11   5   0   6   0  0.19 0.08
  458 V   -2  1  0  0 -4 -2  0  1 -3 -1  1  0 -1 -3  4 -2  0 -4 -3 -1    0   8   4   4   0   0   6  15   0   5  19   4   0   0  28   0   5   0   0   3  0.44 0.11
  459 R   -2  3  2 -2 -4  1 -1 -1  2 -3 -2  1 -2  0  3  0 -2 -3  1 -3    0  26  12   0   0   4   0   4   6   0   4   9   0   4  18   7   0   0   6   0  0.47 0.13
  460 K   -2  2 -2 -2 -4  2  0 -4 -1  0 -1  3 -2 -1 -3 -2  0 -2  4 -2    0  12   0   0   0  11   5   0   0   8   4  30   0   0   0   0   6   0  22   0  0.48 0.16
  461 K   -1  2 -2 -2 -3  0  1  1 -2 -1  0  1  1  1  2 -1  2 -3 -2 -2    0  17   0   0   0   4   8  11   0   5   8   8   6   8   9   0  17   0   0   0  0.19 0.09
  462 W    0  0  0 -1 -3 -1  1  1  2 -2 -1  0  1 -1  0  0  0  2  3 -2    8   5   5   0   0   0  12  11   6   0   4   4   9   0   4   9   4   3  14   0  0.14 0.07
  463 D   -2  0 -1  4 -4  1  0 -1 -2 -4 -4  1 -3 -4  4  1  1 -5 -4 -4    0   6   0  33   0   9   0   4   0   0   0   8   0   0  20  13   8   0   0   0  0.68 0.16
  464 Y   -2  0 -2 -1 -3  0  0 -2  1  0  2 -2  0  1 -1 -1  0 -1  4 -1    0   5   0   4   0   3   6   4   4   4  28   0   0   4   3   6   5   0  24   0  0.23 0.11
  465 A    2 -1 -1 -2 -2 -1  0  0  2  0 -2  1  1 -3  3  1  0 -3 -2  0   20   0   0   0   0   0   5   6   8   5   1   9   6   0  13  13   4   0   0   9  0.24 0.08
  466 Q   -2 -1  2  3 -4  4  1 -1  2 -4 -4  0 -3 -4  2  1 -1 -5 -3 -4    0   0  14  19   0  24   8   4   6   0   0   4   0   0   9  12   0   0   0   0  0.59 0.15
  467 P    1 -1 -3 -3 -4 -3 -3 -4 -3 -3 -1 -2 -3 -4  7 -1  2 -5 -4 -3   13   4   0   0   0   0   0   0   0   0   5   0   0   0  60   0  18   0   0   0  1.54 0.26
  468 D    1 -1  2  4 -3  0  1 -2 -2 -2 -1  1  0  0 -3  1 -1 -4 -3 -1   12   0  14  27   0   5   6   0   0   0   8   9   3   4   0   8   0   0   0   3  0.32 0.10
  469 Y   -3 -1  0 -4 -4 -2 -3 -5  4 -2  0 -3  1  4 -5 -3 -3  0  6 -3    0   4   4   0   0   0   0   0  15   0   9   0   5  22   0   0   0   0  41   0  0.96 0.22
  470 V   -2  0 -3 -4 -2  0 -3 -4 -3  2  2 -2  0  2 -3 -2  1 -3 -1  2    0   8   0   0   0   5   0   0   0  19  24   0   0  10   0   0  14   0   0  20  0.33 0.11
  471 T    0 -3 -2 -3 -3 -2 -2 -3 -3 -2 -3 -2 -2 -4 -3  1  6 -5 -3 -2    5   0   0   0   0   0   0   0   0   0   0   0   0   0   0   4  91   0   0   0  1.40 0.30
  472 Q   -2 -1  0 -2 -5  5  1  2 -1 -4 -4 -1 -2 -1 -4 -2 -2  5  4 -4    0   0   5   0   0  39   6  16   0   0   0   0   0   0   0   0   0  11  22   0  0.81 0.20
  473 F   -4 -4 -5 -5 -4 -4 -5 -5 -1 -2 -2 -4 -2  7 -5 -4 -4  0  6 -3    0   0   0   0   0   0   0   0   0   0   0   0   0  59   0   0   0   0  41   0  1.70 0.28
  474 A    1  0 -1 -2 -3  3  0 -3 -1 -2 -2 -1  3 -2 -2  2  0 -3  2  0   10   5   0   0   0  21   6   0   0   0   0   0  13   0   0  26   4   0  10   6  0.33 0.13
  475 V   -2 -4 -4 -5 -2 -3 -4 -5 -4  1  3 -3  2  2 -4 -3  0 -3 -1  4    0   0   0   0   0   0   0   0   0   0  34   0   6  12   0   0   6   0   0  43  0.58 0.15
  476 R   -2  5 -1 -2 -5  0  0 -3  3 -4 -3  3 -2  2 -3  0 -2 -3  1 -3    0  39   0   0   0   0   5   0   9   0   0  23   0  12   0   6   0   0   6   0  0.68 0.16
  477 S    1 -2 -1  2 -3 -2 -1  3 -2 -3 -4 -2 -3 -4 -3  3  3 -5 -4 -3    6   0   0  16   0   0   0  24   0   0   0   0   0   0   0  33  20   0   0   0  0.61 0.15
  478 N   -3 -2  6 -1 -4 -2 -2 -2 -1 -4 -2 -2 -3  0 -4  1 -1 -3  2 -4    0   0  71   0   0   0   0   0   0   0   5   0   0   5   0  10   0   0   9   0  1.13 0.25
  479 I   -1 -2 -2 -3  2  0  0  1 -1  0  0 -1 -1  3 -3 -1  0 -1  3  0    5   0   0   0   6   6   6  14   0   3  11   4   0  20   0   0   8   0  12   5  0.16 0.07
  480 A    2  2  2 -1 -3 -1  1  1 -2 -4 -4  0 -3 -4  4  0  0 -4 -3 -3   20  19  12   0   0   0  10  11   0   0   0   0   0   0  19   4   5   0   0   0  0.50 0.11
  481 G    0  1  0 -2 -3 -1 -2  2 -2  1 -1 -1  2 -3  3  1  1 -4 -3  0    4  12   6   0   0   0   0  17   0  12   0   0   9   0  16  12   8   0   0   5  0.28 0.08
  482 G    0  0  1  0 -3  2 -1 -1  1  0 -1  0 -2 -3  4  0  0 -4 -3 -2    5   4   6   5   0  14   0   4   6   8   5   6   0   0  27   6   4   0   0   0  0.47 0.08
  483 F    0  1 -1  2 -3  1  0 -2 -2 -2 -1  0 -2  2  3  1  0 -3 -1 -2   10  10   0  14   0   6   5   0   0   0   5   6   0  18  13  10   4   0   0   0  0.27 0.07
  484 V    0  1 -2 -3 -3 -1  0 -3 -2  1  1  0  2 -2  3  0 -1 -4 -3  2    6  10   0   0   0   0   5   0   0   4  15   8   8   0  18   6   0   0   0  21  0.30 0.07
  485 Q    1  1 -2 -2 -3  2  0 -3 -1 -1 -3  1 -2 -3  4  0  2 -3  0 -2   13   6   0   0   0  12   6   0   0   6   0  12   0   0  20   4  15   0   5   0  0.43 0.09
  486 R   -1  1 -1  3 -4  2  1 -3 -2 -2 -2 -1  1 -3  2  0  0  3 -3 -1    5  10   0  22   0  15   8   0   0   0   0   0   6   0  13   4   6   6   0   6  0.40 0.09
  487 Q    0  0 -2  0 -3  1 -1  0 -1 -1  1 -1 -1 -1  2 -1  1 -2  2  0    6   6   0   6   0  12   0   9   0   0  16   0   0   0  11   0  11   0  14  11  0.15 0.07
  488 N   -1  3  0  0 -4 -1  1  0 -2 -4 -4  1 -3 -4  4  1 -2 -5 -4 -4    0  28   4   6   0   0  10   8   0   0   0   4   0   0  28  13   0   0   0   0  0.74 0.12
  489 F    1 -1 -3 -3 -2 -2  1 -3 -3  1  2 -2  0  2 -3 -1  0 -3 -1  1   16   4   0   0   0   0  12   0   0   9  33   0   0  12   0   0   5   0   0  10  0.22 0.08
  490 L   -2 -3 -3 -4 -3 -2 -3 -1 -3  1  3 -3  5 -1 -3  0  1 -3 -3  1    0   0   0   0   0   0   0   6   0   4  37   0  27   0   0   6  13   0   0   6  0.48 0.13
  491 D   -3 -3  0  7 -6 -2  2 -3 -3 -6 -6 -2 -5 -5 -3 -2 -3 -7 -5 -5    0   0   0  88   0   0  12   0   0   0   0   0   0   0   0   0   0   0   0   0  1.81 0.27
  492 L   -2 -4 -5 -5 -2 -4 -4 -5 -4  5  3 -4  1 -1 -4 -3 -2 -4 -3  2    0   0   0   0   0   0   0   0   0  52  35   0   0   0   0   0   0   0   0  14  0.81 0.16
  493 A    4 -3 -2 -3 -2 -2 -2  2 -3 -2 -2 -2 -2 -3 -2  0 -1 -4 -3  1   59   0   0   0   0   0   0  20   0   0   0   0   0   0   0   4   0   0   0  16  0.65 0.16
  494 F   -4 -4 -5 -5 -4 -4 -5 -5 -2 -1  2 -4 -1  7 -5 -4 -3 -1  3 -2    0   0   0   0   0   0   0   0   0   0  17   0   0  74   0   0   0   0  10   0  1.39 0.23
  495 A    0 -3  1 -4 -3 -3 -4 -4 -3  0  5 -3  1 -1 -4 -3 -2 -3 -3  0    8   0  12   0   0   0   0   0   0   0  76   0   0   0   0   0   0   0   0   4  0.71 0.17
  496 G   -1 -3 -2 -3 -4 -3 -3  4 -3 -4 -4 -2 -4 -5  5  0  1 -5 -4 -4    0   0   0   0   0   0   0  44   0   0   0   0   0   0  36   8  12   0   0   0  1.19 0.17
  497 G    2 -3 -1 -2 -3 -2 -2  5 -3 -4 -4 -2 -3 -4 -3  3 -1 -5 -4 -3   14   0   0   0   0   0   0  50   0   0   0   0   0   0   0  36   0   0   0   0  0.94 0.17
  498 V   -1 -3 -3 -4 -2 -2 -3 -4 -3  1  3 -3  4 -1 -3  0  2 -3 -2  2    0   0   0   0   0   0   0   0   0   4  36   0  16   0   0   8  17   0   0  18  0.45 0.12
  499 L   -2 -4 -5 -5 -3 -3 -4 -5 -4  1  4 -4  1 -1 -4 -3 -2 -3 -3  3    0   0   0   0   0   0   0   0   0   0  69   0   0   0   0   0   0   0   0  31  0.87 0.18
  500 M    1 -3 -4 -5 -2 -3 -4 -4 -4  2  4 -3  3 -1 -3 -2 -2 -3 -2  1   16   0   0   0   0   0   0   0   0   8  54   0  12   0   0   0   0   0   0  11  0.57 0.13
  501 E   -2 -2  1  3 -6  2  5 -3 -1 -5 -5 -1 -3 -5 -3 -1 -2 -5 -4 -4    0   0   8  19   0   6  67   0   0   0   0   0   0   0   0   0   0   0   0   0  1.21 0.21
  502 A    2  1 -2 -3 -2  1 -2 -2  1  0  2 -1  0 -2 -2  0  0 -3 -2  1   27  10   0   0   0   8   0   0   4   0  28   0   0   0   0   5   5   0   0  13  0.22 0.09
  503 A    5 -3 -3 -3 -2 -2 -2 -1 -3 -2 -2 -2  3 -3 -2  1 -1 -4 -3 -1   83   0   0   0   0   0   0   0   0   0   0   0  12   0   0   5   0   0   0   0  0.98 0.23
  504 G    0 -2  2 -2 -4  2  0  5 -2 -5 -5 -2 -3 -5 -3 -1 -2 -4 -4 -4    6   0  13   0   0  16   5  60   0   0   0   0   0   0   0   0   0   0   0   0  0.97 0.17
  505 L   -1 -4 -4 -5 -2 -3 -4 -5 -4  3  4 -4  1 -1 -4 -3 -2 -3 -2  2    6   0   0   0   0   0   0   0   0  22  58   0   0   0   0   0   0   0   0  14  0.68 0.14
  506 E   -1  1  0 -1 -3  0  1 -2  1 -3 -3  3 -2 -3  5  0 -1 -3 -2 -3    1   6   5   1   0   1   9   1   5   1   1  25   0   1  35   5   1   0   0   1  0.80 0.11
  507 A    1 -2 -2 -2 -2 -2 -2 -2 -2  0  1 -2  0 -2  3  0  1 -3 -2  1   19   1   1   1   0   1   1   1   0   1  19   1   0   1  17   1  14   0   1  18  0.31 0.06
  508 K   -1  1  1  1 -3  0  2  1  1 -3 -3  1 -2 -3  1  2  0 -4 -2 -3    0  10   6   6   0   0  13  12   5   0   1   9   0   0   6  25   5   0   0   0  0.33 0.07
  509 D   -2 -3  2  5 -5 -2  1 -3 -2 -4 -4 -2 -4 -5  5 -2 -2 -5 -4 -4    0   0  11  48   0   0   6   0   0   0   0   0   0   0  32   0   0   0   0   0  1.24 0.18
  510 G    0  0  0 -1 -2  0  1 -1  1 -1  0  1  1 -2  2 -1  0 -3 -2  0   11   6   6   1   0   1  15   5   6   1   8   7   8   1  10   1   6   0   1   7  0.14 0.03
  511 F   -4 -4 -4 -5 -4 -4 -5 -5  1 -2 -1 -4 -2  7 -5 -4 -4  6  4 -3    0   0   0   0   0   0   0   0   5   0   0   0   0  63   0   0   0  17  15   0  1.54 0.24
  512 M   -2 -2 -3 -3 -2 -2 -3 -3 -1 -1  1 -2  4  4 -3 -2 -2  0  4 -1    2   1   1   1   0   1   1   1   0   1  14   1  18  30   1   1   1   0  22   1  0.55 0.11
  513 R    1  2 -1  2 -3  2  3 -2 -1 -3 -3  1 -2 -3 -2  0  1 -4 -3 -2   17  16   0  11   0  13  21   0   0   0   1   8   0   0   0   0  10   0   0   0  0.43 0.09
  514 A    5 -3 -2 -3 -2 -2 -2  0 -3 -3 -3 -2 -3 -4  1  2 -1 -4 -3 -2   76   0   0   0   0   0   0   5   0   0   0   0   0   0   6  13   0   0   0   0  0.89 0.20
  515 N   -3 -2  6 -1 -4 -2 -2 -3 -2  1  1 -2 -1 -3 -4  0 -1 -5 -3 -2    0   0  62   0   0   0   0   0   0  12  22   0   0   0   0   4   0   0   0   0  0.85 0.20
  516 M    1 -3 -2 -3 -2 -2 -2 -3 -2  2  0 -2  3 -1 -3  2  1 -2  2  1   13   0   0   0   0   0   0   0   0  23   6   0  12   0   0  20   9   0  12   6  0.27 0.10
  517 A    3  0 -1  1 -3 -1  2  0 -2 -2  0  0 -1 -3 -2  1 -1 -4 -3  0   38   6   0   8   0   0  18   4   0   0  10   4   0   0   0   6   0   0   0   6  0.28 0.09
  518 M    1 -3 -4 -5 -3 -2 -4 -4 -4  0  3 -3  7 -1 -4 -3 -2 -3 -3 -1   12   0   0   0   0   0   0   0   0   0  33   0  54   0   0   0   0   0   0   0  1.00 0.23
  519 R   -2  7 -2 -3  3  0 -2 -4 -2 -4 -4  2 -3 -5 -3  0 -2 -5 -4 -4    0  80   0   0   8   0   0   0   0   0   0   6   0   0   0   6   0   0   0   0  1.39 0.24
  520 G   -2  2 -1  2 -5  0  2 -1  4 -4 -4  3 -3 -4 -3 -1  0 -5 -2 -4    0   9   0  14   0   0  19   4  17   0   0  31   0   0   0   0   6   0   0   0  0.61 0.13
  521 L    1  3 -3 -4 -3 -2 -3 -4  1  1  4 -1  0 -1 -3 -2 -2 -3 -2 -1   13  20   0   0   0   0   0   0   6   6  56   0   0   0   0   0   0   0   0   0  0.47 0.14
  522 C   -2 -5 -4 -5 10 -5 -6 -5 -5 -3 -4 -5 -3 -4 -5  0 -3 -5 -5 -3    0   0   0   0  92   0   0   0   0   0   0   0   0   0   0   8   0   0   0   0  2.48 0.34
  523 G    1  1  1  3 -3  1  0  1 -1 -3 -3  2 -2 -3 -2  1 -1 -3 -3 -2   16   6   6  23   0   4   1  11   0   1   1  18   0   0   1   9   1   0   0   1  0.34 0.07
  524 G   -1 -4 -2 -3 -5 -4 -4  7 -4 -6 -6 -3 -5 -5 -4 -2 -3 -5 -5 -5    0   0   0   0   0   0   0 100   0   0   0   0   0   0   0   0   0   0   0   0  1.96 0.26
  525 G    0  4 -2 -2 -4  0  0  0 -2 -2  0  2  1 -3 -3 -1  0 -4 -3 -2   11  37   0   0   0   0   4  10   0   0  12  17   5   0   0   0   5   0   0   0  0.43 0.11
  526 L   -3 -4 -4 -5 -3 -3 -4 -5 -2  0  4 -4  1  2 -4 -3 -2 -1  4  1    0   0   0   0   0   0   0   0   0   0  60   0   0   6   0   0   0   0  22  12  0.75 0.16
  527 E   -1 -2  3  4 -4  0  3 -3  2 -3 -1 -1 -2 -4 -3 -1 -2 -5 -3 -3    6   0  17  31   0   0  29   0   8   0  10   0   0   0   0   0   0   0   0   0  0.66 0.14
  528 D   -1 -2  0  6 -5  2  2 -3 -2 -5 -5 -1 -4 -5 -3 -1  0 -5 -4 -4    6   0   0  62   0  12  14   0   0   0   0   0   0   0   0   0   6   0   0   0  1.11 0.19
  529 C   -2 -5 -4 -5 10 -5 -6 -5 -5 -3 -4 -5 -3 -4 -5  0 -3 -5 -5 -3    0   0   0   0  92   0   0   0   0   0   0   0   0   0   0   8   0   0   0   0  2.48 0.34
  530 P    2 -1 -1 -1 -4  1  2  1  2 -4 -4  0 -3 -4  4  1 -1 -4 -3 -3   19   0   0   0   0   6  20  10   8   0   0   6   0   0  24   8   0   0   0   0  0.60 0.11
  531 N   -3 -2  2  6 -5  2  0  0 -2 -3 -4 -2 -3 -5 -3 -2 -2 -5 -4  0    0   0  10  63   0  11   0   6   0   0   0   0   0   0   0   0   0   0   0  10  1.03 0.19
  532 W    0  2 -1 -2 -4  0 -1  1  1 -1 -3  3 -2 -3  3 -1  0  2 -2 -2    5  13   0   0   0   4   0  12   5   8   0  25   0   0  16   0   8   4   0   0  0.40 0.09
  533 E    2  0  2 -1 -3  3  2  0 -1 -3 -3  0 -2 -4  0  1  1 -4 -3 -2   22   5  12   0   0  17  18   4   0   0   0   4   0   0   4   6   9   0   0   0  0.39 0.09
  534 L   -3 -3 -4 -5 -3 -3 -4 -5 -4  1  4  0  1  1 -4 -3 -2  3 -2  1    0   0   0   0   0   0   0   0   0   5  70   8   0   6   0   0   0   6   0   6  0.69 0.15
  535 V    0  1 -3 -4 -2 -2 -3 -4 -3  2  2 -2  0 -1 -3 -2  0 -3 -2  3    5  12   0   0   0   0   0   0   0   6  33   0   0   0   0   0   6   0   0  37  0.40 0.11
  536 G    0 -1  2  4 -4 -1  2  1 -2 -4 -4  1 -3 -4 -2 -1  0 -5 -4 -3   10   0  14  36   0   0  12   9   0   0   0  13   0   0   0   0   6   0   0   0  0.59 0.10
  537 N    2 -2  2  0 -3 -1 -1  0 -2 -4 -4 -1 -3 -4 -2  5  0 -5 -3 -3   13   0   8   4   0   0   0   5   0   0   0   0   0   0   0  69   0   0   0   0  0.80 0.17
  538 Y   -4 -4 -4 -5 -5 -4 -4 -5  0 -3 -3 -4 -3  3 -5 -4 -3  1  8 -3    0   0   0   0   0   0   0   0   0   0   0   0   0   6   0   0   0   0  94   0  2.11 0.29
  539 R   -2  4 -1 -3 -5  0 -1 -3  3 -3  0  4 -2 -3 -3 -2 -2 -4 -2 -3    0  35   0   0   0   0   0   0  10   0  13  41   0   0   0   0   0   0   0   0  0.79 0.15
  540 N    1 -2  3  2 -3 -1 -1  0  4 -3 -3 -1 -3 -3 -2  2  2 -4 -2 -3   11   0  15  11   0   0   0   5  19   0   0   0   0   0   0  20  19   0   0   0  0.48 0.10
  541 Y   -3  0 -3  0 -4 -2 -3 -4  4 -3 -3 -3 -3  1 -4 -3  0  5  7 -3    0   5   0   6   0   0   0   0  11   0   0   0   0   0   0   0   7  11  60   0  1.20 0.20
  542 L   -2 -3 -4 -5 -2 -3 -4 -5 -4  3  3 -3  1 -1 -4 -2  1 -3 -2  2    0   0   0   0   0   0   0   0   0  29  44   0   0   0   0   0  11   0   0  16  0.58 0.11
  543 Y   -3 -4 -4 -5 -4 -4 -4 -5  0  0  0 -4 -1  5 -5 -3 -3  4  6 -2    0   0   0   0   0   0   0   0   0   5   8   0   0  31   0   0   0   8  48   0  1.18 0.17
  544 D   -2  1  2  3 -4  2  2  2  2 -4 -4  0 -3 -4 -3 -1 -2 -4 -3 -4    0   9  14  21   0  11  18  21   6   0   0   0   0   0   0   0   0   0   0   0  0.55 0.07
  545 V   -2  3 -1  1 -3  1  1 -3  0 -1 -2  0 -2 -1 -3 -1  1 -2  3  0    0  25   0  12   0   9   8   0   0   0   0   0   0   0   0   0  13   0  18  15  0.30 0.06
  546 L   -3 -3 -5 -5 -3 -3 -4 -5 -4  1  5 -4  2  0 -4 -3 -2 -3 -2  0    0   0   0   0   0   0   0   0   0   0 100   0   0   0   0   0   0   0   0   0  0.97 0.12
  547 K    1  0  3 -1 -4  0 -1  0  5 -4 -4  3 -3 -3 -2 -1 -1 -4 -1 -3   13   0  21   0   0   0   0   8  24   0   0  35   0   0   0   0   0   0   0   0  0.54 0.08
  548 I    1 -3 -3 -3 -2 -2 -2 -3 -3  3  0 -2  0 -2 -2  1  0 -3 -2  3   19   0   0   0   0   0   0   0   0  25   0   0   0   0   0  11   0   0   0  45  0.36 0.05
  549 A    5 -2 -2 -3 -1 -2 -2 -1 -2 -1  0 -1 -1 -2 -1  1 -1 -4 -3 -1   84   0   0   0   0   0   0   0   0   0  16   0   0   0   0   0   0   0   0   0  0.59 0.07
  550 R   -2  5  3 -1 -4  1 -1 -2  0 -4 -3  2 -2 -4 -3 -1 -1 -4 -3 -3    0  75  25   0   0   0   0   0   0   0   0   0   0   0   0   0   0   0   0   0  0.90 0.03

                      K         Lambda
Standard Ungapped    0.1834     0.3516
Standard Gapped      0.1100     0.3190
PSI Ungapped         0.1834     0.3516
PSI Gapped           0.1100     0.3190
