
Last position-specific scoring matrix computed, weighted observed percentages rounded down, information per position, and relative weight of gapless real matches to pseudocounts
           A  R  N  D  C  Q  E  G  H  I  L  K  M  F  P  S  T  W  Y  V   A   R   N   D   C   Q   E   G   H   I   L   K   M   F   P   S   T   W   Y   V
    1 S    1 -1  0 -1 -2  0 -1 -1 -1 -3 -3 -1 -2 -3 -1  5  1 -4 -2 -2    0   0   0   0   0   0   0   0   0   0   0   0   0   0   0 100   0   0   0   0  0.75 0.01
    2 K   -1  4  2  0 -4  0  2  1 -1 -4 -3  2 -2 -4 -2 -1 -1 -4 -3 -3    0  38  18   0   0   0  18  15   0   0   0  11   0   0   0   0   0   0   0   0  0.57 0.03
    3 Q   -2  3 -1 -1 -4  6  1 -3  0 -4 -3  1 -1 -4 -2 -1 -2 -3 -3 -3    0  15   0   0   0  82   3   0   0   0   0   0   0   0   0   0   0   0   0   0  1.27 0.15
    4 A    0 -3 -3 -3 -4 -2 -2 -3 -3 -3 -1 -2 -2 -4  7  0 -2 -5 -4 -3    7   0   0   0   0   0   0   0   0   0   8   0   0   0  79   5   0   0   0   0  2.02 0.13
    5 K   -2  2 -1 -2 -4  5  0 -3  0 -4 -3  4 -2 -4 -2 -1 -2 -4 -3 -3    0  12   0   0   0  48   0   0   2   0   0  38   0   0   0   0   0   0   0   0  0.97 0.13
    6 V    3 -2 -3 -3 -2 -2 -1 -2 -3  1  0 -2  1 -2 -2  0  1 -3 -2  3   39   0   0   0   0   0   4   0   0   4   2   0   4   0   0   0   6   0   0  40  0.37 0.08
    7 V   -1 -3 -4 -4 -2 -3 -3 -4 -4  2  3 -3  1 -1 -3 -3 -1 -3 -2  4    0   0   0   0   0   0   0   0   0   0  34   0   1   0   0   0   2   0   0  62  0.65 0.10
    8 R   -1  5 -2 -3 -4  0 -1 -3  0 -3 -2  0 -2 -4  5 -1 -2 -4 -3 -2    3  51   0   0   0   3   0   0   2   0   4   0   0   0  31   3   0   0   0   3  0.99 0.11
    9 V   -1 -3 -4 -4 -2 -3 -3 -4 -4  2  1 -3  0 -2 -3 -2 -1 -3 -2  5    3   0   0   0   0   0   0   0   0   7   5   0   0   0   0   0   0   0   0  85  0.80 0.12
   10 P    0  0 -1  3 -4 -1  1  1 -2 -4 -4 -1 -3 -4  5 -1 -1 -5 -4 -3   11   8   0  21   0   0   9  12   0   0   0   2   0   0  37   0   2   0   0   0  0.85 0.07
   11 G    0 -3 -1 -2 -4 -3 -3  6 -3 -5 -5 -2 -4 -4 -3  0 -2 -4 -4 -4    7   0   0   0   0   0   0  88   0   0   0   0   0   0   0   5   0   0   0   0  1.41 0.12
   12 H   -1  0  1  4 -4  0  1  1  5 -4 -4  0 -3 -3 -3  0 -2 -4  0 -4    3   4   3  31   0   1  10  12  27   0   0   2   0   0   0   3   0   0   3   0  0.58 0.07
   13 E   -1  0 -1  0 -3  3  4 -2 -1 -3 -2  1 -2 -1 -2  2 -1 -3 -2 -3    0   2   0   1   0  18  40   0   0   0   3   4   0   5   0  28   0   0   0   0  0.59 0.08
   14 D   -1  3  2  4 -4  0  0 -2  1 -4 -4  0 -3 -4 -2  1  0 -4 -3 -3    2  33  11  32   0   0   1   0   4   0   0   0   0   0   0  10   6   0   0   0  0.61 0.08
   15 Q    0  0 -1  0 -3  2  3  1 -1 -3 -2  1  1 -3 -2  0  2 -4 -3 -2    3   4   0   2   0  11  36  13   0   0   0   6   6   0   0   0  21   0   0   0  0.44 0.07
   16 V    0 -3 -4 -4 -2 -3 -3 -4 -4  2  0 -3  1 -2 -3 -2 -1 -3 -2  5    4   0   0   0   0   0   0   0   0   7   0   0   3   0   0   0   0   0   0  86  0.74 0.10
   17 T   -1 -2 -1 -2 -2 -2 -2 -3 -2  0 -1 -2 -1 -2 -2  1  5 -4 -3  0    0   0   0   0   0   0   0   0   0   5   4   0   0   0   0   5  82   0   0   4  0.83 0.11
   18 I   -1 -3 -4 -4 -2 -3 -3 -4 -4  4  1 -3  0 -1 -3 -3 -1 -3 -2  4    0   0   0   0   0   0   0   0   0  41   2   0   0   0   0   0   0   0   0  56  0.71 0.08
   19 S    1 -1 -1 -1 -2 -1  0  0 -2 -3 -3 -1 -2 -3  3  4  1 -4 -3 -2    4   1   0   0   0   0   7   5   0   0   0   0   0   0  19  61   2   0   0   2  0.71 0.08
   20 G   -1 -3  2  1 -4 -2 -1  5  0 -5 -5 -2 -4 -4 -3 -1 -2 -4 -4 -4    0   0  11  11   0   0   3  72   3   0   0   0   0   0   0   0   0   0   0   0  1.05 0.08
   21 L   -2 -3 -4 -5 -2 -3 -4 -5 -4  1  5 -3  2  0 -4 -3 -2 -3 -2  0    0   0   0   0   0   0   0   0   0   0 100   0   0   0   0   0   0   0   0   0  0.95 0.10
   22 E    0 -1 -1  1 -3  2  5 -2 -1 -2 -2  0 -2 -3 -2  1  0 -4 -3  0    4   0   0   2   0   6  61   0   0   0   2   0   0   0   0  13   4   0   0   8  0.66 0.07
   23 P   -1 -3 -3 -3 -4 -2 -2 -4 -3 -4 -4 -2 -3 -5  8 -2 -2 -5 -4 -3    0   0   0   0   0   0   0   0   0   0   0   0   0   0 100   0   0   0   0   0  2.88 0.15
   24 D    0 -1  1  4 -3 -1  0  1 -2 -4 -4 -1 -3 -4 -2  3  0 -5 -3 -3    2   2   4  45   0   0   2  11   0   0   0   0   0   0   0  34   0   0   0   0  0.70 0.07
   25 H   -2  3  0 -2 -4  0 -1 -3  7 -4 -4  0 -3 -3 -3 -1 -1 -3  0 -4    0  28   1   0   0   0   0   0  64   0   0   2   0   0   0   0   4   0   0   0  1.18 0.12
   26 K   -2  3 -1 -2 -4  0  0 -3  1 -4 -3  5 -2 -3  1 -1 -1 -4 -1 -3    0  22   0   0   0   0   0   0   4   0   0  66   0   0   6   0   0   0   2   0  0.86 0.09
   27 Y   -3 -3 -3 -5 -4 -3 -4 -5  1 -2 -2 -3 -2  2 -4 -3 -3  1  8 -3    0   0   0   0   0   0   0   0   0   0   0   0   0   0   0   0   0   0 100   0  1.84 0.16
   28 K   -1  3 -1 -2 -4  1  1 -3 -1 -4 -3  5 -2 -4 -2 -1 -1 -4 -3 -3    0  10   0   0   0   0   4   0   0   0   0  85   0   0   0   0   0   0   0   0  1.07 0.11
   29 M   -2 -3 -4 -4 -3 -2 -4 -4 -2  0  1 -3  5  5 -4 -3 -2 -1  1  0    0   0   0   0   0   0   0   0   0   0   7   0  38  48   0   0   0   0   0   6  0.78 0.10
   30 N   -2 -1  6  0 -3 -1 -1 -2  3 -2  0 -1 -2  0 -3  0  0 -4 -2 -3    0   0  67   0   0   0   0   0  11   0  13   0   0   4   0   0   5   0   0   0  0.78 0.10
   31 L   -2 -3 -4 -5 -2 -3 -4 -5 -4  1  5 -3  2  0 -4 -3 -2 -3 -2  0    0   0   0   0   0   0   0   0   0   0 100   0   0   0   0   0   0   0   0   0  0.95 0.10
   32 Y   -3 -3 -3 -4 -4 -3 -4 -5  2 -2 -2 -3 -2  2 -4 -3 -3  1  8 -3    0   0   0   0   0   0   0   0   2   0   0   0   0   2   0   0   0   0  96   0  1.74 0.15
   33 G   -1 -3 -1 -2 -4 -3 -3  6 -3 -5 -5 -3 -4 -4 -3 -1 -2 -4 -5 -4    0   0   0   0   0   0   0 100   0   0   0   0   0   0   0   0   0   0   0   0  1.65 0.12
   34 I   -2 -3 -4 -4 -2 -3 -4 -4 -3  3  2 -3  1  4 -4 -3 -2 -1  1  1    0   0   0   0   0   0   0   0   0  26  24   0   2  37   0   0   0   0   0  10  0.56 0.06
   35 Y   -1  0 -1 -3 -4 -1 -2 -3  6 -3 -2 -2 -2  0 -3  0  0  6  2 -3    2   6   0   0   0   0   0   0  48   0   2   0   0   4   0   7   5  20   6   0  0.92 0.10
   36 S   -1 -1  0  2 -4  0  1  4 -2 -4 -4 -1 -3 -4 -3  0 -2 -4 -4 -4    0   2   4  14   0   4  12  57   0   0   0   0   0   0   0   7   0   0   0   0  0.77 0.06
   37 G   -1  2 -1 -2 -4  1 -1  5 -1 -4 -4  0 -3 -4  0 -1 -2 -4 -3 -4    0  19   0   0   0  11   0  61   1   0   0   4   0   0   4   0   0   0   0   0  0.83 0.07
   38 Q   -1  2 -1 -1 -4  5  1 -3  0 -4 -3  4 -1 -4 -2 -1 -1 -3 -3 -3    0   7   0   0   0  49   2   0   2   0   0  39   0   0   0   0   2   0   0   0  0.89 0.10
   39 R   -2  6 -1 -3 -5  0 -1 -3 -1 -4 -3  1 -3 -4 -3 -2 -2 -4 -3 -3    0 100   0   0   0   0   0   0   0   0   0   0   0   0   0   0   0   0   0   0  1.53 0.14
   40 V   -1 -3 -3 -4 -2  0 -2 -4 -3  1  3 -2  2  0 -3 -2 -1 -3 -2  3    0   0   0   0   0   5   2   0   0   0  39   0   8   1   0   0   0   0   0  45  0.46 0.06
   41 G   -1 -3 -1 -2 -4 -3 -3  6 -3 -5 -5 -3 -4 -4 -3 -1 -2 -4 -5 -4    0   0   0   0   0   0   0 100   0   0   0   0   0   0   0   0   0   0   0   0  1.65 0.12
   42 P   -1 -3 -3 -3 -4 -2 -2 -2 -3 -4 -2 -2 -3 -4  7 -2 -2 -5 -4 -3    0   0   0   0   0   0   0   2   0   0   4   0   0   0  93   0   0   0   0   0  2.56 0.14
   43 V    0 -3 -3 -4 -2 -3 -3 -4 -4  3  1 -3  1 -1 -3 -1 -1 -3 -2  4    7   0   0   0   0   0   0   0   0  29   4   0   2   0   0   2   0   0   0  56  0.54 0.07
   44 S    1 -2  0  0 -2 -1 -1 -1 -2 -3 -2 -1 -2 -3 -2  5  1 -4 -3 -2    3   0   0   4   0   0   0   0   0   0   2   0   0   0   0  91   0   0   0   0  0.91 0.12
   45 A    3 -2 -2 -2 -2 -1 -2 -1 -2  0 -1 -1 -1 -2  0  0  3 -4 -2  2   46   0   0   0   0   0   0   0   0   2   0   3   0   0   3   0  27   0   0  19  0.41 0.07
   46 V   -1 -2  1  3 -2  0  0 -3 -1  2  0 -2  0  0 -3 -1  1 -3 -2  2    0   0   6  23   0   3   4   0   2  15   8   0   0   3   0   0  12   0   0  25  0.21 0.04
   47 G    2 -3 -1 -2 -3 -2 -2  5 -3 -2 -3 -2 -3 -3 -2  0  0 -4 -4 -1   25   0   0   0   0   0   0  64   0   0   0   0   0   0   0   0   4   0   0   7  0.86 0.08
   48 V   -1 -3 -3 -4 -2 -2 -3 -4 -3  2  0 -2  2 -2 -3 -2  1 -3 -2  4    0   0   0   0   0   0   0   0   0  10   3   3   7   0   0   0  11   0   0  67  0.54 0.08
   49 T   -1 -2 -1 -2 -2 -2 -2 -3 -2 -2 -2 -2 -1 -3 -2  1  6 -4 -3 -1    0   0   0   0   0   0   0   0   0   0   0   0   0   0   0   0 100   0   0   0  1.21 0.15
   50 A    4 -2 -2 -1 -2 -1  0  0 -2 -2 -2 -1 -2 -3 -1  1  2 -4 -3  0   70   0   0   4   0   0   3   3   0   0   0   0   0   0   0   1  14   0   0   5  0.54 0.08
   51 A    3 -1 -2 -2 -1 -1 -1 -1 -2 -2 -3 -1 -2 -3  4  1  0 -4 -3 -1   52   2   0   0   1   2   2   0   0   2   0   0   0   0  28   7   3   0   0   1  0.77 0.08
   52 E    0  0 -1  0 -4  2  4 -2 -1 -3 -3  1  0 -3  2 -1 -1  2 -3 -2    9   3   0   3   0  10  47   2   0   0   0   6   4   0   9   0   0   4   0   3  0.57 0.07
   53 E   -1 -1 -1  2 -5  2  5 -3 -1 -4 -4  1 -3 -4  0  0 -1 -4 -3 -2    0   0   0   8   0   4  74   0   0   0   0   5   0   0   2   3   0   0   0   3  1.01 0.11
   54 E   -2 -1 -1  2 -4  1  5 -3 -1 -3 -3  0 -1 -4 -1 -1  0 -4 -3 -1    0   0   0   8   0   2  76   0   0   0   0   0   3   0   2   0   5   0   0   4  0.98 0.11
   55 P    0 -2 -1 -1 -3 -1  1 -3 -2 -1 -1 -1 -2 -3  5  0  3 -4 -3 -1    3   0   0   0   0   0  15   0   0   3   5   1   0   0  34   2  35   0   0   0  0.78 0.08
   56 P   -1 -3 -3 -3 -4 -2 -2 -1 -3 -4 -3 -2 -3 -4  7 -1 -1 -5 -4 -3    2   0   0   0   0   0   0   4   0   0   1   0   0   0  88   4   2   0   0   0  2.40 0.16
   57 S    2 -1 -1  0 -2 -1  0 -1 -2 -2 -1 -1 -2 -1  0  3  1 -4 -2 -1   15   2   0   3   0   0   6   1   0   0   4   0   0   2   4  50   7   0   0   5  0.40 0.07
   58 P   -1  0 -3 -3 -4 -2 -2 -3 -3 -3 -2 -2 -3 -4  7 -1 -2 -5 -4 -3    1   5   0   0   0   0   0   0   0   0   5   0   0   0  84   3   1   0   0   0  2.23 0.15
   59 T    0  0 -1 -2 -2 -1 -1 -2 -2 -2 -2 -1 -1 -3  1  1  5 -4 -3 -1    7   6   0   0   0   0   2   0   0   0   2   0   0   0   6   0  77   0   0   0  0.78 0.11
   60 V    1 -1 -2 -1 -3  0  3 -3  2  0  1  0 -1 -2 -2 -1  1 -3 -2  1   15   0   0   0   0   0  33   0   7   0  18   3   0   0   0   0  10   0   0  15  0.25 0.05
   61 P   -1 -3 -3 -2 -4 -2  0 -3 -3 -4 -4 -2 -3 -5  7 -2 -2 -5 -4 -3    0   0   0   0   0   0   7   0   0   0   0   0   0   0  93   0   0   0   0   0  2.59 0.12
   62 S    2 -2  0 -1 -2 -1 -1 -1 -2 -3 -3 -1 -2 -3  2  4  1 -4 -3 -2   15   0   0   0   0   0   0   0   0   0   0   0   0   0  11  70   5   0   0   0  0.72 0.06
   63 V   -1 -2 -1 -2 -2 -2 -2 -3 -2  1  0 -2  0 -2 -2  0  4 -3 -2  2    0   0   0   0   0   0   0   0   0   4   9   0   3   0   0   0  66   0   0  19  0.53 0.05

                      K         Lambda
Standard Ungapped    0.1685     0.3263
Standard Gapped      0.1100     0.3190
PSI Ungapped         0.1685     0.3263
PSI Gapped           0.1100     0.3190
