
Last position-specific scoring matrix computed, weighted observed percentages rounded down, information per position, and relative weight of gapless real matches to pseudocounts
           A  R  N  D  C  Q  E  G  H  I  L  K  M  F  P  S  T  W  Y  V   A   R   N   D   C   Q   E   G   H   I   L   K   M   F   P   S   T   W   Y   V
    1 K   -1  2  0 -1 -4  1  0 -2 -1 -3 -3  5 -2 -3 -1 -1 -1 -4 -2 -3    0   0   0   0   0   0   0   0   0   0   0   0   0   0   0   0   0   0   0   0  0.00     0.00
    2 E   -1 -1 -1  1 -5  2  5 -3  0 -4 -4  0 -2 -4 -1  0 -1 -4 -3 -3    0   0   0   0   0   0   0   0   0   0   0   0   0   0   0   0   0   0   0   0  0.00     0.00
    3 I   -2 -3 -4 -4 -1 -3 -4 -5 -4  4  1 -3  1  0 -3 -3 -1 -3 -2  3    0   0   0   0   0   0   0   0   0   0   0   0   0   0   0   0   0   0   0   0  0.00     0.00
    4 R   -2  6 -1 -2 -4  1 -1 -3  0 -3 -3  2 -2 -3 -2 -1 -1 -3 -2 -3    0   0   0   0   0   0   0   0   0   0   0   0   0   0   0   0   0   0   0   0  0.00     0.00
    5 R   -2  6 -1 -2 -4  1 -1 -3  0 -3 -3  2 -2 -3 -2 -1 -1 -3 -2 -3    0   0   0   0   0   0   0   0   0   0   0   0   0   0   0   0   0   0   0   0  0.00     0.00
    6 T    0 -1  0 -1 -1 -1 -1 -2 -2 -1 -2 -1 -1 -2 -2  1  5 -3 -2  0    0   0   0   0   0   0   0   0   0   0   0   0   0   0   0   0   0   0   0   0  0.00     0.00
    7 S    1 -1  0 -1 -2  0  0 -1 -1 -3 -3 -1 -2 -3 -1  4  1 -4 -2 -2    0   0   0   0   0   0   0   0   0   0   0   0   0   0   0   0   0   0   0   0  0.00     0.00
    8 C   -1 -4 -3 -4  8 -3 -5 -4 -4 -2 -2 -4 -2 -3 -4 -2 -1 -3 -3 -1    0   0   0   0 100   0   0   0   0   0   0   0   0   0   0   0   0   0   0   0  1.31 0.01
    9 N   -1 -1  4  1 -4  1  4 -2  0 -4 -4  0 -3 -4 -2  0 -1 -4 -3 -3    0   0  50   0   0   0  50   0   0   0   0   0   0   0   0   0   0   0   0   0  0.79 0.00
   10 N   -2  0  4  0 -4  0  0 -2  6 -4 -4  0 -3 -2 -2  0 -1 -3  0 -3    0   0  50   0   0   0   0   0  50   0   0   0   0   0   0   0   0   0   0   0  0.83 0.00
   11 H   -2 -1  1  4 -4  0  0 -2  7 -4 -4 -1 -3 -2 -2 -1 -2 -3  1 -4    0   0   0  34   0   0   0   0  66   0   0   0   0   0   0   0   0   0   0   0  0.92 0.02
   12 M   -1 -3 -3 -4 -2 -2 -3 -4 -3  2  3 -3  4  0 -3 -2 -1 -2 -2  2    0   0   0   0   0   0   0   0   0   0  45   0  28   0   0   0   0   0   0  27  0.47 0.01
   13 E    0 -1 -1  0 -3  1  4 -2  0 -3 -3  0 -2 -1 -2  2  0 -1  3 -2    0   0   0   0   0   0  50   0   0   0   0   0   0   0   0  27   0   0  23   0  0.55 0.02
   14 R   -2  3 -2 -3 -3  0 -1 -3 -1  0  2  3  1 -1 -2 -2 -1 -3 -2 -1    0  28   0   0   0   0   0   0   0   0  45  27   0   0   0   0   0   0   0   0  0.38 0.01
   15 R   -1  3  0  3 -4  0  0 -2 -1 -4 -3  3 -2 -4  4 -1 -1 -4 -3 -3    0  28   0  23   0   0   0   0   0   0   0  27   0   0  23   0   0   0   0   0  0.75 0.01
   16 Q   -1  1  0  0 -4  5  3 -2  0 -3 -3  3 -1 -4 -2 -1 -1 -3 -2 -3    0   0   0   0   0  55  23   0   0   0   0  23   0   0   0   0   0   0   0   0  0.80 0.02
   17 R   -2  5  0 -2 -4  1  0 -3  4 -3 -3  3 -2 -3 -2 -1 -1 -3 -1 -3    0  50   0   0   0   0   0   0  23   0   0  27   0   0   0   0   0   0   0   0  0.77 0.02
   18 Q   -1  3 -1 -2 -3  3  0 -2 -1 -1 -1  1  3 -2 -2  2  0 -3 -2 -1    0  23   0   0   0  28   0   0   0   0   0   0  27   0   0  23   0   0   0   0  0.38 0.02
   19 A    3  0  3 -1 -2  0 -1 -1 -1 -2 -3  2 -2 -3 -1  1  0 -4 -2 -1   55   0  23   0   0   0   0   0   0   0   0  23   0   0   0   0   0   0   0   0  0.42 0.02
   20 R   -1  3 -1 -2 -4  3  0 -3 -1 -3 -3  3 -2 -4  4 -1 -1 -4 -3 -3    0  28   0   0   0  23   0   0   0   0   0  23   0   0  27   0   0   0   0   0  0.85 0.01
   21 D   -1 -2  3  4 -3 -1  0 -2 -1 -1 -2 -1 -2 -3 -2  1  0 -4 -3  1    0   0  17  42   0   0   0   0   0   0   0   0   0   0   0  17   0   0   0  24  0.47 0.02
   22 I   -1 -3  1 -3  3 -2 -3 -3 -3  3  1 -2  4 -1 -3 -2 -1 -3 -2  2    0   0  12   0  13   0   0   0   0  32   0   0  27   0   0   0   0   0   0  16  0.32 0.03
   23 S    1 -1  0 -1 -2 -1 -1 -1 -2 -2 -3 -1 -2 -3 -2  4  3 -4 -2 -2    0   0   0   0   0   0   0   0   0   0   0   0   0   0   0  74  26   0   0   0  0.75 0.06
   24 A    3 -2 -1 -2 -2 -1 -1 -1 -2 -2  0 -1 -1 -2 -1  4  0 -4 -2 -1   35   0   0   0   0   0   0   0   0   0  12   0   0   0   0  52   0   0   0   0  0.50 0.05
   25 P   -1 -2 -2  1 -3 -2 -1 -3 -3 -2 -3 -2 -2 -4  6  0 -1 -5 -4  0    0   0   0  12   0   0   0   0   0   0   0   0   0   0  63  11   0   0   0  14  1.45 0.06
   26 Y   -2 -3 -3 -3 -3 -2 -3  0  2  1  0 -3 -1  3  1 -2 -2  0  4  1    0   0   0   0   0   0   0   8  10  12   7   0   0  14   9   0   0   0  30  11  0.37 0.04
   27 R    2  4 -1 -1 -2  0  1  0 -1 -3 -2  1 -2 -3 -1  1 -1 -3 -2 -2   25  42   1   1   0   0   8   8   0   1   1   1   0   0   1  10   1   0   0   1  0.43 0.04
   28 S    0 -1  0 -1 -2 -1 -1  0 -2 -3 -3 -1 -2 -3  1  5  1 -4 -2 -2    1   0   0   0   0   0   1   6   0   0   1   1   0   0   7  79   1   0   0   1  0.77 0.10
   29 V    1 -2  0 -2 -2 -1  0 -3 -2  1  0 -2  1  0  1  0 -1 -3  0  2   12   0   7   0   0   0   9   0   0   7   4   0   8   5   7   5   0   0   4  31  0.16 0.04
   30 C   -1 -1 -2 -3  7 -2 -3 -3 -3 -1 -2 -2 -2 -3  1  2  1 -4 -3  0    0   5   0   0  39   0   0   0   0   0   0   0   0   0   9  24  13   0   0  11  0.68 0.11
   31 P    0 -3 -3 -3 -4 -2 -1 -1 -3 -4 -3 -2  1  0  7 -2 -2 -5 -3 -3    9   0   0   0   0   0   5   5   0   0   0   0   6   5  72   0   0   0   0   0  1.83 0.19
   32 Y   -1 -2  0 -2  1  1  1 -1  2  0 -1 -1  0  0  0 -1  1 -1  4 -1    2   0   4   0   5   9   9   4   7   8   5   0   3   0   5   0  12   0  25   2  0.22 0.07
   33 S    0 -1 -1 -2 -3 -1  1 -1  0 -2 -1  0 -2 -1  1  3  2 -4 -2 -1    5   3   0   0   0   0   8   4   2   0   6   3   0   4   5  43  13   0   0   3  0.36 0.10
   34 S   -1  1  1  0  0  1 -1 -1 -1 -2 -3  1 -2 -3 -1  2  2 -4  0 -1    0   6   8   6   2   5   0   2   0   0   0  13   0   0   2  27  20   0   4   4  0.32 0.09
   35 T    0 -1 -1 -2 -3 -1  0  0 -2 -2 -1 -1 -2 -1  0  2  4 -4 -2  0    5   2   0   0   0   0   5   8   0   0   4   3   0   3   4  18  43   0   0   5  0.42 0.11
   36 M   -1 -1 -2 -3  1 -1 -2 -2 -3  1  1 -1  4  0  0 -1  1 -3 -2  1    2   2   0   0   4   2   2   3   0  10  15   2  26   4   5   4  12   0   0   6  0.23 0.08
   37 E   -1 -1 -1 -1  0  3  3  0  0 -3 -2  1 -1 -1  2  1 -1 -3 -2 -1    2   0   2   0   3  22  23   7   2   0   2   6   2   3   9  10   2   0   0   4  0.35 0.08
   38 R   -1  4  0 -2 -3  0 -1 -2  2 -1 -2  3  1 -1  0  0 -1 -3  1 -1    2  29   5   0   0   2   2   2   6   3   2  21   4   2   3   5   1   0   8   3  0.38 0.11
   39 G    1 -1  1  0 -1  0  2  3 -1 -2 -2 -1  1 -2  0  0 -1 -3 -2 -2   12   1   8   5   2   4  15  25   0   1   2   3   6   1   3   6   3   0   1   3  0.24 0.06
   40 D   -1  0  2  3 -3  0  2  0  1 -3 -2  0 -2 -3 -1  0  0 -4 -1 -3    4   5  15  24   0   3  15   5   4   1   5   4   0   0   2   8   4   0   2   1  0.38 0.09
   41 R   -3  7 -1 -4 -6 -1 -2 -3 -2 -4 -5  3 -4 -3 -2 -2 -3 -5 -4 -5    0  75   2   0   0   1   0   2   0   1   0  14   0   1   2   2   0   0   0   0  1.68 0.37
   42 Q   -3  3 -2 -3 -6  2 -1 -4 -3 -5 -5  6 -4 -5 -4 -2 -3 -6 -3 -5    1  16   0   0   0   7   1   0   0   0   0  74   0   0   0   1   0   0   1   0  1.66 0.39
   43 T    1  1 -1 -2 -3 -2 -2 -2 -3  1  0  0  0 -1 -3  2  1 -4 -3  1   14   7   1   2   0   0   0   1   0   9   9   4   3   3   0  23  11   0   0  14  0.22 0.11
   44 R   -1  4  3 -2 -4 -1 -2 -3 -1 -1  0  1  2 -2 -3  1  1 -4 -3 -2    3  28  20   0   0   0   0   0   1   3   8   7   7   1   0  11   8   0   0   2  0.48 0.18
   45 K   -3  2 -3 -4 -6 -1 -2 -4 -3 -6 -5  7 -4 -6 -4 -3 -3 -6 -5 -5    0  11   0   0   0   0   0   0   0   0   0  89   0   0   0   0   0   0   0   0  2.05 0.45
   46 P   -3 -5 -5 -5 -6 -4 -4  1  2 -6 -6 -4 -5 -6  7 -3 -4 -7 -6 -5    0   0   0   0   0   0   0  10   5   0   0   0   0   0  84   1   0   0   0   0  2.70 0.49
   47 L   -3 -4 -5 -6 -3 -2 -5 -6 -5  3  4 -4  4 -1 -5 -4 -3 -4 -3  1    1   0   0   0   0   1   0   0   0  21  55   0  12   1   0   0   0   0   0   9  1.04 0.27
   48 V   -3 -5 -5 -6 -4 -4 -5 -6 -5  3  2 -4  7 -3 -5 -4 -2 -4 -4  3    0   0   0   0   0   0   0   0   0  19  18   0  43   0   0   0   1   0   0  19  1.36 0.35
   49 E   -4 -3 -4 -2 -8 -1  7 -5 -3 -7 -6 -2 -5 -7 -4 -3 -4 -7 -6 -6    0   0   0   0   0   0 100   0   0   0   0   0   0   0   0   0   0   0   0   0  2.56 0.56
   50 K   -4  4 -3 -4 -7 -1 -2 -5 -3 -6 -5  6 -4 -6 -4 -3 -4 -6 -5 -5    0  23   0   0   0   0   0   0   0   0   0  77   0   0   0   0   0   0   0   0  2.01 0.47
   51 R   -4  6 -3 -4 -6  0 -3 -5 -3 -5 -3  5  1 -6 -4 -3 -4 -6 -5 -5    0  52   0   0   0   3   0   0   0   0   2  38   5   0   0   0   0   0   0   0  1.65 0.44
   52 R   -5  8 -4 -6 -8 -3 -4 -6 -4 -7 -6 -1 -5 -7 -6 -5 -5 -7 -6 -6    0 100   0   0   0   0   0   0   0   0   0   0   0   0   0   0   0   0   0   0  3.00 0.72
   53 R   -5  7 -4 -5 -7 -3 -4 -6 -4 -5 -5 -1 -5 -6 -6 -4 -5 -7 -6  1    0  89   0   0   0   0   0   0   0   0   0   0   0   0   0   0   0   0   0  11  2.49 0.64
   54 A    5 -4 -1  2 -2 -2  1  1 -4 -5 -5 -3 -4 -5 -4 -2 -3 -6 -5 -4   60   0   2  15   1   1   8  12   0   0   0   0   0   0   0   0   0   0   0   0  1.09 0.38
   55 R   -5  8 -4 -6 -8 -3 -4 -6 -4 -7 -6 -1 -5 -7 -6 -5 -5 -7 -6 -6    0 100   0   0   0   0   0   0   0   0   0   0   0   0   0   0   0   0   0   0  3.00 0.72
   56 I   -5 -6 -6 -6 -5 -5  1 -7 -6  7 -2 -5  1 -2 -6 -5 -4 -6 -5 -1    0   0   0   0   0   0  11   0   0  84   0   0   4   1   0   0   0   0   0   0  2.00 0.54
   57 N   -5 -4  8  2 -7 -4 -4 -4 -3 -7 -7 -4 -6 -7 -6 -3 -4 -8 -6 -7    0   0  89  11   0   0   0   0   0   0   0   0   0   0   0   0   0   0   0   0  2.73 0.67
   58 E    0  1  2  0 -1  2  3 -3  1 -4 -3  1 -3 -2 -3  0 -2 -4  0 -3    7   9  14   5   2  11  25   1   4   0   2   9   0   1   0   6   1   0   3   1  0.47 0.20
   59 S   -1 -5 -2  2  7 -4 -4 -4 -5 -5 -4 -4 -5 -5 -5  5 -2 -6 -2 -5    2   0   1  11  33   0   0   0   0   0   1   0   0   0   0  51   0   0   2   0  1.62 0.48
   60 L   -4 -6 -6 -7 -5 -5 -6  1 -6  0  6 -5 -1 -3 -6 -5 -4 -5 -4 -2    0   0   0   0   0   0   0  11   0   4  85   0   0   0   0   0   0   0   0   0  1.61 0.46
   61 Q    0 -2  3  3 -5  0  2 -2 -2 -4 -3 -2 -2 -2 -4  1  0  5 -3 -3    7   2  15  21   0   4  13   3   1   0   1   1   1   1   0  13   6  11   0   1  0.59 0.23
   62 E   -3 -2 -3  0 -7  5  6 -5 -2 -4 -4 -1 -3 -6 -4 -3 -4 -6 -5 -4    1   1   0   4   0  32  57   0   1   1   1   1   1   0   0   0   0   0   0   1  1.68 0.50
   63 L   -4 -5 -6 -7 -5 -5 -6 -7 -6  0  6 -5  1 -3 -6 -5  1 -5 -4 -2    0   0   0   0   0   0   0   0   0   2  84   0   3   0   0   0  11   0   0   0  1.65 0.47
   64 R   -4  5 -3 -4 -7  0 -3 -5 -4 -6 -6  6 -5 -6 -5 -4 -4 -7 -5 -6    0  34   0   0   0   2   0   0   0   0   0  63   0   0   0   0   0   0   0   0  2.01 0.54
   65 G    0  1  1  1 -2 -1  0  2 -1 -2 -1 -1  0 -3 -3  1  2 -4 -3 -1    8   9   5   7   1   1   4  21   1   2   5   2   3   1   0  12  15   0   0   3  0.23 0.12
   66 I   -3 -4 -4 -4 -3 -3 -4 -4 -4  2  5 -4  3  0 -4 -3 -1 -3 -1  0    1   1   0   1   0   0   1   1   0  10  65   1   6   2   1   1   3   0   1   5  0.98 0.28
   67 L   -3 -3 -3 -2 -3 -3 -3 -4 -4  3  3 -2  3 -1 -4 -3 -2 -3 -3  3    1   1   1   3   0   0   1   1   0  25  32   2   9   2   1   1   1   0   0  21  0.68 0.21
   68 S    2  0 -1 -2 -3  0 -1 -1  0  0  0  2  0 -2  0  1  0 -4 -3  0   17   5   2   2   0   3   2   4   2   5   9  15   3   1   5  13   5   0   0   8  0.16 0.18
   69 D   -1 -1  1  5 -1  0  3 -1 -4 -6 -6  0 -5 -2  0 -2 -2 -6 -5 -5    4   2   7  38   2   4  22   6   0   0   0   5   0   2   4   3   2   0   0   0  0.93 0.54
   70 N    0 -1  3  0  1 -1 -1  1  0 -2 -4  1  0 -1  1  1  0 -4  0 -2    6   2  15   6   4   2   3  11   3   3   0   8   3   2   7  14   6   0   3   2  0.23 0.23
   71 E    0 -1  0  1 -1  1  3 -1  0 -1 -2  0 -3 -4  0  2  0 -5 -1 -1    9   3   4   6   2   6  21   4   2   4   4   5   0   0   4  15   5   0   2   3  0.25 0.24
   72 F   -1  2  1  0  1  0  0  0  1 -1  0  1 -2  1  0  0 -1 -3 -1 -1    4  16   7   4   3   5   4   7   4   3  10   6   0   7   4   6   2   0   2   5  0.10 0.12
   73 Q    0  0  0  0  2  1  0 -3  2  0 -1  0  1  0  1  0  0 -3  1  0    6   6   5   6   5   5   6   0   5   6   6   6   5   5   6   6   6   0   5   6  0.07 0.09
   74 T    1 -1  1 -2 -1 -1 -2 -1  4 -2  0 -1  0 -3  0  3  1 -4 -2 -1   11   2   7   1   1   1   0   3  15   0  12   4   2   0   3  28   7   0   0   3  0.33 0.17
   75 K   -3  1 -2  3 -6 -1  2 -4 -3 -6 -5  6 -4 -6 -4 -3 -3 -6 -5 -5    0   6   0  16   0   0  14   0   0   0   0  64   0   0   0   0   0   0   0   0  1.47 0.40
   76 I   -2 -2 -5 -6 -3 -4 -5 -5 -5  1  4 -4  4  0 -2 -4 -3  1 -3  3    2   2   0   0   0   0   0   0   0   3  46   0  13   3   2   0   0   2   0  27  0.85 0.27
   77 E   -3 -3 -3  1 -6 -1  6 -5  4 -6 -6 -2 -5 -6 -4  1 -3 -6 -4 -5    0   0   0   5   0   0  70   0  14   0   0   0   0   0   0  12   0   0   0   0  1.64 0.44
   78 N   -3 -1  2 -3 -6 -2 -2 -4  4 -5 -5  6 -4 -5 -4 -2  2 -6 -4 -5    0   0  11   0   0   0   0   0  12   0   0  63   0   0   0   0  14   0   0   0  1.43 0.42
   79 A    5 -2 -2 -2 -1 -1 -1 -1 -2 -2 -2 -1 -2 -3 -1  1  0 -4 -3 -1   92   0   0   0   0   0   0   0   0   0   0   0   0   0   0   8   0   0   0   0  0.77 0.08
   80 E   -2 -2  0  5 -4  0  3 -3 -2 -1 -2 -1 -2 -3 -2 -1 -1 -5 -3  1    0   0   0  50   0   0  25   0   0   0   0   0   0   0   0   0   0   0   0  25  0.72 0.08
   81 V   -2 -3 -4 -5 -2 -3 -4 -5 -4  4  2 -3  1 -1 -4 -3 -1 -3 -2  3    0   0   0   0   0   0   0   0   0  60  25   0   0   0   0   0   0   0   0  15  0.64 0.07
   82 L   -2 -3 -4 -5  5 -3 -4 -5 -4  1  4 -4  1 -1 -4 -3 -2 -3 -2  0    0   0   0   0  25   0   0   0   0   0  75   0   0   0   0   0   0   0   0   0  0.78 0.09
   83 D   -1 -1 -1  1 -5  2  5 -3 -1 -4 -4  0 -3 -4  4 -1 -2 -4 -4 -3    0   0   0   6   0   8  61   0   0   0   0   0   0   0  25   0   0   0   0   0  1.09 0.09
   84 L   -2 -2 -3 -4 -1 -1 -3 -4 -1  1  2 -2  4  3 -3 -2 -2 -2  0  0    2   2   0   0   2   2   0   0   2   3  26   2  33  26   0   0   0   0   0   2  0.45 0.07
   85 T    3 -2 -1 -2 -2 -1 -1 -2 -2 -2 -2 -1 -1 -3 -2  1  5 -4 -3 -1   33   0   0   0   0   0   0   0   0   0   0   0   0   0   0   6  61   0   0   0  0.69 0.09
   86 V   -1 -2 -2 -3 -1 -2 -2 -3 -2  1  2 -2  1  0 -2 -2 -1 -2 -1  2    0   0   0   0   0   0   0   0   0   0  33   0   0   0   0   0   0   0   0  33  0.09 0.00
   87 K   -1  3  1  0 -4  2  1 -3  0 -2 -3  4 -2 -4 -2 -1 -1 -4 -3 -3    3  18   5   5   0  10   7   0   2   2   2  32   0   0   0   3   2   0   0   0  0.50 0.23
   88 R   -3  2 -2 -3 -5  0 -2 -4  8 -4 -3 -1 -3  1 -4 -3 -2 -3  4 -4    0  11   0   0   0   4   0   0  52   0   2   2   0   6   0   0   2   0  18   0  1.45 0.45
   89 V   -1 -3 -2 -4 -3 -3 -4 -3 -3  1  4 -3  2  0 -4 -3 -2 -3  0  1    6   0   2   0   0   0   0   2   0   3  59   0   6   2   0   0   0   0   4  12  0.66 0.26
   90 E    0  2  0 -1 -3  4  1 -2  1 -3 -1  2 -2 -3 -2 -1 -1 -3 -2 -2    8  15   3   2   0  32   8   1   4   1   5  14   0   1   1   1   2   0   1   1  0.54 0.21
   91 R    0  3  3  0 -4  2  0  0  0 -3 -3  2 -1 -4  1  0 -1 -4 -3 -2    7  20  16   5   0   9   4   7   2   0   1  11   3   0   6   6   3   0   0   1  0.36 0.15
   92 I   -1 -2 -3 -4 -2 -1 -3 -3 -1  2  3 -2  2  0 -3 -1  0  0  0  2    4   2   0   0   0   2   0   2   2  16  36   2   4   3   0   5   4   1   3  13  0.31 0.15
   93 L    0  1  1 -2 -3  1  0 -2  2  0  0  1  1 -2  1  0  0 -3 -2  0    7   7   7   0   0   7   7   0   7   7   7   7   7   0   7   7   7   0   0   7  0.14 0.12
   94 R    0  5  0 -1  1  1 -1 -2  2 -1 -2  1  0 -4 -3  0 -1 -4 -3 -1    7  36   3   3   3   7   3   3   5   3   2   9   2   0   0   5   3   0   0   3  0.52 0.34
   95 N    0  0  1  0  2  1  0  0  2 -2 -1  0  1 -2  1  0  0 -3  1 -1    6   6   6   6   6   6   6   6   6   0   6   6   6   0   6   6   6   0   6   6  0.08 0.11
   96 R    0  0  1  0 -3  1  0  0  2  0 -1  0  1  0  1  0  0 -3 -2 -2    6   6   6   6   0   6   6   6   6   6   6   6   6   6   6   6   6   0   0   0  0.09 0.10
   97 T   -1  0  0  0  2  0 -2 -1  1  0 -1  0  1  0  0  0  0  3  1  0    5   5   5   5   5   5   0   5   5   5   5   5   5   5   5   5   5   5   5   5  0.07 0.10
   98 A    2  0  0 -2 -3  1 -1 -1  1 -1  0  0  0 -1  0  1  0 -4 -2 -1   21   4   5   1   0   9   3   4   4   2  12   6   2   2   5   9   7   0   1   4  0.16 0.18
   99 E    1 -1  1  0 -1  1  1  0  0 -1  0 -1  0 -1  0  1  0 -3 -2  0   13   3   7   5   2   7   8   8   3   3   9   3   2   4   4  11   3   0   0   6  0.08 0.10
  100 A    2  0  0 -1 -3  1 -1  2 -3  0 -2 -2  0 -1  1  1 -1 -4 -1  0   21   4   5   3   0   6   2  16   0   5   3   2   2   3   6  11   2   0   3   6  0.21 0.22
  101 D    0 -1  1  1 -1  0  0  0  0 -1  0  0  1  0  1  1  0 -3  0 -1    6   2   7   8   1   5   4   8   2   4   9   5   5   3   9  10   4   0   4   5  0.07 0.08
  102 R    1  1  0  1 -3  1  0 -1  1 -1 -2  0 -1 -2  2  1  0 -4 -3 -1   13   9   4   7   0   7   6   3   4   3   4   5   1   2  10  12   6   0   0   3  0.19 0.16
  103 L    0 -1  0  0 -1 -1 -1 -3  0  0  1 -1  1 -1  1  0  1  0 -1  1    6   3   3   5   1   2   4   1   2   5  17   3   5   2   6   9   8   2   2  13  0.08 0.10
  104 Q    0  0  1  3 -4  2  1 -1  2 -2 -3  0  0 -4  1  0  0 -4 -2 -1    9   4   7  21   0  10   7   5   5   2   2   4   2   0   7   5   5   0   2   4  0.31 0.25
  105 R    0  2 -1  0  0  1  0 -2  0 -2 -1  0  0 -1  4  1  0 -4 -3 -2    7  11   3   4   2   7   5   3   2   2   5   6   2   2  21  10   4   0   0   3  0.32 0.25
  106 E    0 -1  1  1 -4  1  2 -1  0 -2 -1  0 -1 -1  1  1  0 -4 -1 -1    6   2   8   9   0   5  17   4   2   2   6   5   2   3   8  11   6   0   2   4  0.19 0.17
  107 A    3 -3 -1  0 -3 -1 -1  0 -3 -1 -1 -1  0 -1  0  1 -1 -4  0  1   30   0   2   4   0   3   4   5   0   3   5   3   2   3   5   9   3   0   4  13  0.24 0.25
  108 S    1  0 -1 -1  0  0  0 -2 -1  1  1 -1  3 -1  0  1  0 -3  0  0   12   4   3   2   3   5   4   2   1   9  12   2   9   2   4  12   5   0   3   6  0.10 0.11
  109 E    0 -1  1  4 -2  1  3  0  0 -3 -4 -1 -1 -4 -1  0  0 -5 -3 -3    7   3   6  25   1   7  20   7   2   1   1   2   2   0   3   6   4   0   1   2  0.49 0.27
  110 R   -3  4 -1  0 -5  1  0 -2  1 -3 -3  4 -3  0 -4  0 -2 -4  2 -3    1  22   2   6   0   5   6   3   3   1   2  27   0   3   0   6   2   0   8   1  0.61 0.33
  111 F   -6 -1 -6 -7 -6 -6 -6 -7  2 -5 -3 -6  0  6 -7 -6 -6  1  7 -5    0   4   0   0   0   0   0   0   5   0   2   0   2  41   0   0   0   2  42   0  2.26 0.83
  112 A    1  4 -1 -3 -1  2 -1 -2  1 -1 -2  1 -1 -3 -4  1 -1  0 -1 -3   13  29   3   1   1  10   2   2   3   3   4   9   1   1   0  11   2   1   2   1  0.49 0.31
  113 A    4 -4 -1 -1 -4  0  0 -2 -4 -1 -2 -4 -2 -3 -4  2  0 -6 -5  0   49   0   2   3   0   5   5   2   0   4   4   0   1   1   0  13   4   0   0   6  0.72 0.43
  114 G   -5 -7 -5 -6 -8 -7 -7  7 -7 -9 -9 -6 -8 -8 -7 -1 -6 -8 -9 -8    0   0   0   0   0   0   0  96   0   0   0   0   0   0   0   4   0   0   0   0  2.90 1.02
  115 Y   -6 -6 -6 -7 -6 -6 -7 -7 -3 -4 -4 -6 -4  6 -7 -6 -5  6  7 -5    0   0   0   0   0   0   0   0   0   0   0   0   0  45   0   0   0  12  44   0  2.46 0.66
  116 I    0  2  1 -1  0  0 -1  2  0  0 -1  0  0 -1 -3  1  1 -3  0 -1    6  13   6   2   2   4   3  16   3   9   3   3   3   2   0  10  10   0   5   3  0.12 0.10
  117 Q    0  1  1  1 -4  1  1 -3  2 -3 -3  1  2 -2 -3  0  1  4  2 -3    8   8   8   8   0   8   8   0   8   0   0   8   8   0   0   8   8   8   8   0  0.31 0.20
  118 C    0 -6 -6 -6 10 -6 -7  0 -6 -4 -5 -6 -5 -5 -6 -4 -4 -6 -6 -4    9   0   0   0  84   0   0   7   0   0   0   0   0   0   0   0   0   0   0   0  2.99 0.70
  119 M    3 -1 -3 -4 -3 -2 -3 -3 -3  1  2 -1  3  0 -3  0  0 -4 -3  1   30   3   0   0   0   0   0   0   0   8  23   3  12   4   0   4   4   0   0   9  0.40 0.26
  120 H    1  1  3  0 -4  0  0 -1  3 -2 -2  1  0 -3 -3  1  0 -4 -1 -2   13  10  22   3   0   3   4   4  10   2   2   6   3   0   0   7   7   0   2   2  0.30 0.19
  121 E   -1  1  0  0 -6  1  5 -2  1 -5 -5  0  0 -5 -4 -1 -1 -5 -4 -4    3   7   3   3   0   5  59   3   4   0   0   3   3   0   0   3   3   0   0   0  1.03 0.45
  122 V    0 -5 -1 -5 -4 -4 -5 -5 -5  1  1 -4  0 -3 -5 -3  1 -5 -4  5    7   0   3   0   0   0   0   0   0   6  12   0   2   0   0   0   7   0   0  62  1.02 0.47
  123 H    1 -1  1 -1  0  1 -1  0  3 -2 -1 -1  0 -3 -3  3  1 -4 -1 -1   15   2   6   2   2   6   3   8   8   2   4   1   3   0   0  26   7   0   1   2  0.28 0.20
  124 T   -1  5  1 -1 -1  2 -1 -2  2 -4 -2  1 -1 -4 -4 -1  1 -5 -3 -2    4  39   6   2   1   8   1   2   7   0   4   8   1   0   0   4  10   0   0   2  0.64 0.33
  125 F   -3 -5 -3 -6  1 -5 -5 -6 -3 -1  0 -5 -1  6 -3 -3 -3 -2  5  0    2   0   1   0   3   0   0   0   0   3   7   0   1  45   2   1   1   0  27   6  1.34 0.50
  126 V   -1 -4 -5 -5 -4 -2 -4 -5 -4  1  4 -4  3  0 -4 -4 -1 -4 -3  1    4   0   0   0   0   2   0   0   0   7  60   0   9   4   0   0   3   0   0   8  0.93 0.37
  127 S    1 -1  1  0 -1 -1  0  0  0 -1 -1 -1  1 -3  1  3  1 -4 -3 -1   10   2   6   6   1   1   5   6   2   3   7   2   5   0   8  26   7   0   0   2  0.23 0.16
  128 S    2  0  1 -2 -1  0  0 -1  0 -2 -3  0 -3 -3 -2  3  3 -4 -2 -3   15   6   8   0   1   4   5   3   2   2   1   4   0   0   1  25  20   0   1   0  0.42 0.25
  129 C    0 -2 -1 -2  5 -1 -3 -2 -3  1  1 -1  1 -1 -2  0  0  0 -1  1    7   2   2   1  19   2   1   2   0   8  15   3   4   1   1   9   4   2   2  14  0.27 0.17
  130 P   -2  1  0  3 -4  0  2 -1  0 -4 -4  0 -4 -4  5 -1 -2 -5 -4 -4    2   8   4  19   0   4  15   4   2   0   1   4   0   0  30   4   2   0   0   1  0.81 0.33
  131 G    0 -2  1  1 -2 -2 -1  4 -2 -3 -4 -2 -4 -5 -2  0 -2  1 -4  0    6   2   8   8   1   1   3  46   1   1   0   2   0   0   1   7   2   2   0   7  0.67 0.32
  132 I   -1 -3 -2 -3 -2 -2 -2 -5 -4  3  3 -3  3  0 -3 -2 -1 -4 -2  3    4   1   2   2   1   2   2   0   0  15  27   1   9   3   1   2   2   0   1  27  0.52 0.28
  133 D   -3 -1  2  5 -5  0  2 -2 -1 -2 -3 -1 -4 -5 -2  0  0 -6 -5 -4    0   2  10  46   0   2  13   3   2   3   2   2   0   0   2   7   4   0   0   0  0.91 0.42
  134 A    1 -2 -1  0 -3  0  1  0  1 -1 -2  0 -1 -3  3  0  0 -4 -3  0   14   1   1   4   0   4   9   7   3   2   4   7   2   0  19   7   6   0   0  10  0.31 0.18
  135 S    1 -1  1  2 -4  1  1  0  2 -3 -3 -1 -2 -4  0  1  2 -5 -3 -1   12   1   6  13   0   7   9   8   6   0   2   1   1   0   5  11  13   0   0   5  0.28 0.19
  136 L   -1 -2 -5 -3 -3 -3 -4 -5 -2  2  3 -4  2  2 -4 -3 -1 -4 -3  3    6   2   0   1   0   1   0   0   1   9  32   0   5   8   0   1   4   0   0  29  0.64 0.33
  137 A    0  5 -1 -4 -5  0 -3  1 -3 -4 -2  3  0 -5 -4  0 -1 -5 -5 -3    9  36   3   0   0   2   0  11   0   0   3  21   3   0   0   8   3   0   0   1  0.75 0.40
  138 A    2  1 -1 -1 -2  2 -1  0 -1 -2  0  0 -1 -2 -1  1  2 -4 -2 -1   23   8   1   3   1   9   3   6   1   1   9   3   1   1   3  11  13   0   1   2  0.22 0.19
  139 E   -4  5  0  0 -1  2  1 -1  2 -6 -5  1 -4 -6 -3 -2 -2 -6 -4 -5    0  47   5   6   1   8  11   5   6   0   0   8   0   0   1   1   2   0   0   0  1.05 0.48
  140 L   -3 -5 -6 -6 -4 -5 -5 -6 -1  1  5 -5  2 -1 -5 -5 -2 -5 -4  0    2   0   0   0   0   0   0   0   2   6  75   0   6   1   0   0   2   0   0   5  1.36 0.55
  141 L   -2 -2 -5 -5  1 -1 -3 -3 -2  2  4 -3  4 -1 -5 -2 -2 -4 -3  1    1   2   0   0   3   3   1   1   1   9  49   1  13   2   0   4   1   0   0   8  0.72 0.36
  142 N    0  2  4  0 -4  1  0  0  1 -4 -5  0 -4 -5 -4  2  1 -5 -4 -4    7  10  28   3   0   8   4   6   3   1   0   6   0   0   0  15  10   0   0   0  0.58 0.32
  143 H   -3 -1 -3 -1 -8 -1 -4 -6  9 -7 -7 -4 -6 -3 -6 -5 -5 -6  2 -7    2   3   0   3   0   3   0   0  83   0   0   0   0   1   0   0   0   0   5   0  3.06 0.99
  144 L   -5 -6 -6 -7 -5 -2 -6 -3 -6  0  6 -6  0  0 -6 -5 -4 -5 -4 -2    0   0   0   0   0   2   0   3   0   3  88   0   1   3   0   0   0   0   0   1  1.71 0.65
  145 L    2 -2 -1 -3 -3  1 -2  0 -3  0  2 -2  2 -1 -3  1  0 -4 -3  0   22   0   2   0   0   9   0   5   0   5  26   0   6   1   0  13   6   0   0   4  0.25 0.17
  146 E   -1  1  2  1 -4  2  3 -1  1 -4 -4  1 -3 -4 -3  2  1 -5 -3 -3    2   7  13   6   0  11  21   3   3   0   0  10   0   0   0  15   9   0   0   0  0.49 0.20
  147 S    0  0  1 -3  5 -2 -2 -3  1 -3 -3  0 -3 -2 -3  3  1 -3  2 -1    6   6   7   0  17   0   0   0   3   0   0   6   0   0   0  33   8   0  11   3  0.53 0.26
  148 M   -2 -3 -4 -5 -3  0 -4 -2 -4  0  3 -3  6  0 -4 -1 -2 -3 -3  2    0   0   0   0   0   5   0   3   0   1  35   0  32   3   0   6   0   0   0  15  0.76 0.31
  149 P   -2  1 -3 -3 -4  1 -2  0 -3 -4 -4 -2 -3 -5  7 -2 -1 -5 -4 -4    0   7   0   0   0   7   0   7   0   0   0   0   0   0  73   0   3   0   0   0  1.95 0.31
  150 L   -1  0 -2 -3 -2  1 -2 -3 -2  1  3 -2  2 -1  0 -2  0 -3 -2  2    4   5   0   0   0   9   0   0   0   0  43   0   4   0   5   0   9   0   0  19  0.28 0.09
  151 S    0  1  1 -1 -2  0 -1 -2 -1 -1 -2 -1 -1  0 -2  3  2 -3 -2  0    5   8   7   1   0   5   1   1   0   2   1   1   0   6   1  38  18   0   0   6  0.33 0.09
  152 E    0  0  3  1 -3  2  2  0 -1 -3 -3  0 -2 -3  1  1  0 -4 -3 -2    5   4  20   6   0  13  20   7   0   0   1   0   0   0   6  10   6   0   0   0  0.40 0.07
  153 G    1 -1 -1 -1 -3 -1  0  3  2 -4 -4  1 -3 -4  1  1 -1 -4 -3 -3   16   0   1   1   0   0   7  37   9   0   0  11   0   0   6  11   0   0   0   0  0.48 0.09
  154 S    1 -1  1  1 -2 -1  0  0  0 -3 -3 -1 -2 -3  1  3  3 -4 -3 -2    9   2   5   8   0   0   6   7   2   0   0   0   0   0   6  28  27   0   0   0  0.41 0.09
  155 L   -1 -2 -2 -3  3  0 -2 -3  0  1  2 -2  0  2 -3  1 -1 -2 -1  1    0   0   0   0  10   8   0   0   3   6  31   0   0  16   0  16   0   0   0   9  0.23 0.06
  156 Q    0  2 -1 -2 -3  3  0 -2  2 -3 -2  2 -2 -3  2  2 -1 -4 -2 -2    5  14   0   0   0  20   0   0   8   0   5  12   0   0  12  24   0   0   0   0  0.46 0.08
  157 D   -1 -2  0  5 -3  1  0 -2 -2 -2 -3 -1 -2 -4 -3  0  1 -5 -3  1    3   0   0  56   0   8   0   0   0   0   0   0   0   0   0   6  12   0   0  15  0.71 0.12
  158 L    0 -3  1 -2 -2 -2 -3  0 -3  2  3 -2  1 -1  0 -1 -1 -3 -2  0   11   0  12   0   0   0   0   8   0  18  43   0   0   0   4   4   0   0   0   0  0.23 0.07
  159 V    0 -2 -2 -3 -2 -2 -2 -3  2  2  2 -2  1 -1  1  0  0 -3 -2  2    4   0   0   0   0   0   0   0   9  12  25   0   2   0   8   7   5   0   0  27  0.27 0.06
  160 M    0 -1 -2 -3  1 -1 -2  1  2  1  1  0  2 -1 -3 -1  0 -2  1  0    6   0   0   0   4   0   0  13   9  10  19   9  11   0   0   2   5   0   8   2  0.10 0.04
  161 D    1 -2  2  4 -3 -1  0 -2 -2 -3 -3 -1 -2 -3 -2  1  3 -4 -3 -2   10   0   8  37   0   0   0   0   0   0   0   0   0   0   0  11  34   0   0   0  0.63 0.09
  162 V    1 -1 -1 -2 -2  3  0 -2 -1 -1 -1 -1 -1 -1  2  2  0 -3 -2  0   15   0   0   0   0  25   0   0   0   0   6   0   0   3  10  28   0   0   0  13  0.34 0.07
  163 L   -1 -2 -2 -2 -2 -2 -2 -2 -2  1  3 -2  1 -1 -2  1  2 -2 -2  0    1   1   1   1   0   1   1   3   0   4  48   1   3   1   1  11  21   0   0   3  0.27 0.05
  164 L    1 -2 -2 -3 -2 -2 -2  1 -2 -1  1 -2  0 -2  2  1  1  3 -2 -1   19   0   0   0   0   0   0  15   0   0  28   0   0   0  10   9  10   6   0   2  0.24 0.04
  165 D    1 -2  0  3 -3 -1  1  1 -2 -3 -3 -1 -2 -3  1  2  1 -4 -3 -2   17   0   0  29   0   0   5  10   0   0   0   0   0   0   6  20  10   0   0   0  0.44 0.06
  166 S    2 -1 -1 -2 -2 -1 -2 -2 -2  0  0 -1 -1 -2  4  2  0 -4 -3 -1   18   2   0   0   0   0   0   0   0  10   8   0   0   0  27  32   2   0   0   0  0.57 0.07
  167 P   -1 -2  0 -2 -4 -2 -2 -3 -3 -4 -3 -2 -3 -4  7 -1  0 -5 -4 -3    3   0   4   0   0   0   0   0   0   0   0   0   0   0  85   0   5   0   0   0  2.23 0.13
  168 S    1  0  0 -1 -2 -1  0  0 -2 -2 -3 -1 -2 -3  4  2  1 -4 -3 -1   16   4   5   0   0   0   7   8   0   0   0   0   0   0  26  16  14   0   0   3  0.53 0.04
  169 S    1 -1  0  1  0  2  0  0 -1 -2 -1  1 -1 -3 -2  2  0 -3 -3 -1   18   0   0  11   2  12   0   7   0   0   6  14   0   0   0  26   0   0   0   2  0.25 0.04
  170 E    0  0 -1  0 -3  2  1  0  3 -2 -2 -1  1 -3  3  0  1 -3 -2 -2    3   3   0   3   0  12  12   8  13   0   0   0   7   0  19   6  13   0   0   0  0.40 0.05
  171 E    0  3 -1 -1 -3  2  2  1 -1 -3 -3  0 -2 -2  2 -1  0 -3  1 -2   10  27   0   0   0  12  14  10   0   0   0   0   0   0  13   0   5   0   7   0  0.40 0.06
  172 G    0  1 -1 -2  0  1 -1  1 -1 -3 -3 -1 -2 -1  2  1  0  3  2 -2    6  10   0   0   3  12   0  13   0   0   0   0   0   0  13  18   7   6  11   0  0.31 0.05
  173 C    0 -2 -1 -2  4 -2 -2 -1 -2 -1  0 -2 -1  2 -2  3  1 -2 -1 -1    3   0   0   0  14   0   0   3   0   0  15   0   0  13   0  35  12   0   0   0  0.28 0.06
  174 G    0  0  1 -1 -2  0  1  3 -1 -2 -2 -1 -2 -2  1  1  0 -3 -2 -1    2   4   7   1   0   1  15  27   1   1   2   1   1   1   8  18   1   0   1   9  0.26 0.03
  175 L   -2 -3 -3 -4 -2 -3 -3 -4 -3  0  2 -3  0  4 -1 -1 -2  5  0  1    0   0   0   0   0   0   0   0   0   0  38   0   0  26   3   6   0  12   0  12  0.47 0.07
  176 G    1  2 -1 -2 -3 -1  0  1  3 -3 -2  0 -2 -3  2  2 -1 -3 -2 -2   18  14   0   0   0   0   3  13  12   0   3   0   0   0  13  22   0   0   0   0  0.36 0.05
  177 V    2 -2  0 -2 -2 -1  0 -2 -2 -1 -1 -1 -1 -3  3  2  0 -4 -3  1   24   0   5   0   0   0   7   0   0   0   3   0   0   0  18  20   0   0   0  21  0.37 0.06
  178 L    0 -1 -1  1 -2 -1 -1  1 -2  1  0 -1 -1 -2  2  2  0 -3 -2  0    8   3   0  12   0   0   0  11   0  14   9   0   0   0   9  25   0   0   0   8  0.17 0.04
  179 G    1 -2 -1 -1 -3  0  1  3  3 -3 -3 -1 -2 -3  2  0  0 -4 -2 -3   10   0   0   0   0   3  12  34  13   0   0   0   0   0  13   4   8   0   0   0  0.49 0.06
  180 S    1  2 -1 -2 -2 -1 -1  0 -2 -2 -2  0 -2 -3 -2  3  3 -3 -2 -2   14  14   0   0   0   0   0   3   0   0   0   0   0   0   0  37  26   0   0   0  0.45 0.08
  181 S    2 -2 -1 -2 -2 -1 -1 -1 -2 -3 -3 -1 -2 -3  4  4  0 -4 -3 -2   19   0   0   0   0   0   0   0   0   0   0   0   0   0  26  52   0   0   0   0  0.84 0.10
  182 S    0 -2  0 -1 -2 -1 -1  2 -2 -3 -3 -1 -2 -3  0  4  1 -4 -3 -1    0   0   0   0   0   0   0  22   0   0   0   0   0   0   3  61   8   0   0   4  0.62 0.10
  183 E   -1 -2 -1  3 -4  0  3 -3 -2 -2  0 -1 -2 -3  3  1 -1 -4 -3 -2    0   0   0  27   0   0  29   0   0   0  15   0   0   0  16  13   0   0   0   0  0.58 0.08
  184 D   -2 -1  0  4  4 -1  2 -3 -2 -4 -4  1 -3 -4  2 -1 -2 -5 -4 -3    0   0   0  44  15   0  16   0   0   0   0  11   0   0  13   0   0   0   0   0  0.78 0.09
  185 S    1 -2 -1 -2 -2  1 -1 -2 -2  1  1 -1  0 -2  2  2  2 -3 -2  0   13   0   0   0   0   9   0   0   0  13  17   0   0   0  11  18  19   0   0   0  0.27 0.05
  186 C   -1 -4 -3 -4  8 -3 -4  1 -4 -2  0 -3 -2 -3 -4  1 -1 -4 -3 -2    0   0   0   0  59   0   0  15   0   0  13   0   0   0   0  13   0   0   0   0  0.96 0.13
  187 S    0 -2  3 -1 -2 -1 -1 -1 -2 -3 -4 -1 -3 -4 -2  5  1 -4 -3 -3    0   0  15   0   0   0   0   0   0   0   0   0   0   0   0  85   0   0   0   0  0.97 0.15
  188 D   -3 -3  0  6 -4 -2  0 -3 -2 -4 -3 -2 -3  2 -3 -2 -2 -4 -2 -4    0   0   0  83   0   0   0   0   0   0   0   0   0  17   0   0   0   0   0   0  1.25 0.13
  189 M   -1  2 -2 -3 -2 -1 -2 -3 -2  0  2 -1  1 -1  2  1 -1 -3 -2  1    0  17   0   0   0   0   0   0   0   0  31   0   4   0  12  21   0   0   0  16  0.27 0.05
  190 E   -2 -2 -1  4 -4  0  3 -3 -2 -3 -2 -1  2 -3  3 -1 -2 -4 -3 -3    0   0   0  34   0   0  33   0   0   0   0   0  16   0  17   0   0   0   0   0  0.77 0.08
  191 E   -1 -2 -1  3 -4  1  5 -3 -1 -2 -3 -1 -2 -4 -2 -1 -1 -4 -3  1    0   0   0  21   0   0  62   0   0   0   0   0   0   0   0   0   0   0   0  17  0.80 0.10
  192 S    3 -2 -1  2 -2 -1 -1 -1 -2 -2 -2 -1 -2 -3 -2  2  3 -4 -3 -1   36   0   0  17   0   0   0   0   0   0   0   0   0   0   0  15  29   0   0   3  0.46 0.07
  193 E   -1  2  0  3 -3  2  3 -2 -1 -3 -3  0 -2 -3  1  0  1 -3 -3 -2    1  18   0  18   0  10  29   1   0   0   1   1   0   0   5   1  14   0   0   1  0.50 0.06
  194 G    3 -2 -1 -2 -2 -1  0  3 -2 -2 -1 -1 -2 -3 -2  1  0 -3 -3 -2   37   0   0   0   0   0   5  33   0   0   5   1   0   0   0   8   6   0   0   1  0.44 0.06
  195 E    0  2 -1  0 -4  0  4 -2 -1 -4 -4  0 -3 -4  4  1 -1 -4 -3 -3    8  14   0   0   0   0  42   0   0   0   0   0   0   0  23  13   0   0   0   0  0.77 0.10
  196 K    1  0 -1  2 -4  1  2 -2  1 -3 -2  0 -2 -4  5 -1 -2 -4 -3 -3   13   4   0  14   0   8  14   0   6   0   3   4   0   0  35   0   0   0   0   0  0.77 0.08
  197 A    1 -2  1 -1 -2 -1  0  2 -1 -1 -1 -1 -1 -1 -2  2  0 -2  2  0   12   0   8   0   0   0   9  17   0   0   4   0   0   0   0  20   4   0  14  13  0.19 0.04
  198 G    0  0 -1 -1 -3  2  1  4 -1 -3 -3 -1 -2 -4 -2  2  1 -4 -3 -3    0   6   0   0   0  15   9  38   0   0   0   0   0   0   0  18  14   0   0   0  0.53 0.08
  199 I    0  0 -2 -3 -2  0 -2 -3 -2  1  2  1  1 -1  1 -1  1 -3 -2  0    8   4   0   0   0   4   0   0   0  10  41  14   0   0   6   0  14   0   0   0  0.23 0.05
  200 D    0 -2  0  3 -3 -1  0 -1 -1 -3 -3 -1 -2 -1 -2  2  2 -2  2 -2    8   0   0  31   0   0   4   4   0   0   1   0   0   0   0  21  15   0  14   0  0.41 0.07
  201 S    1 -2 -1 -2 -2  1 -1  2 -2 -2  0 -1 -1 -3 -2  3  1 -4 -3 -2   14   0   0   0   0   9   0  18   0   0  13   0   0   0   0  35  11   0   0   0  0.34 0.07
  202 V    0 -2 -2 -2 -1 -2 -2 -1 -2  2  0 -2  0 -1 -2  0  1 -3 -2  3    5   1   1   1   0   1   1   4   0  14   5   1   0   1   1  11   9   0   0  45  0.25 0.05
  203 Q    0  2 -1 -1 -2  3  2 -2 -1 -2 -1  0 -1 -2  3  0 -1 -2 -2 -2   11  18   1   1   0  19  14   2   1   1   5   1   1   1  18   2   1   0   1   2  0.42 0.04
  204 D    2 -1  0  3 -2  1  0  0 -1 -2 -2 -1  0 -2 -1  1  2 -3 -2 -1   22   1   1  21   0  10   1   5   0   1   1   1   4   1   1  15  14   0   0   1  0.29 0.04
  205 N    2  0  1  3 -2 -1  0 -1  2 -2 -2 -1 -2 -2  1  0 -1 -3 -2  0   34   4   5  24   0   1   1   1  10   1   1   1   0   1   5   1   1   0   0   9  0.29 0.05
  206 G    1 -2 -1 -2 -2  0  0  3 -2 -1  1 -1  0 -1 -2  1 -1 -2 -2 -1   13   1   1   1   0   4   6  27   0   1  28   1   0   1   1  12   1   0   1   1  0.21 0.04
  207 R   -1  2 -1  0 -2  0 -1  1 -1 -2  0  0 -1 -1  2  0 -1 -1  2 -2    2  20   1   7   0   4   1  14   0   1  10   1   0   1  10   8   1   0  14   1  0.19 0.03
  208 T    0 -1 -1 -1 -2  2  1 -2 -1 -1 -1 -1 -1 -2  0  2  2 -3 -2  0    1   1   1   1   0  14  10   1   0   1   7   1   0   1   5  31  15   0   0   9  0.28 0.05
  209 P    0 -1 -2 -3  0  0 -2 -3  2 -3  0 -2 -2 -3  6 -1 -2 -4 -3 -2    6   3   0   0   3   4   0   0   8   0  13   0   0   0  59   4   0   0   0   0  1.33 0.12
  210 E    2 -2 -1 -2 -2 -1  0  1 -2 -2 -3 -1 -2 -3  2  2  3 -4 -3 -2   17   0   0   0   0   0   4  10   0   0   0   0   0   0  10  23  36   0   0   0  0.51 0.08
  211 I    0 -3 -2 -3  1 -2 -2 -3 -3  2  1 -2  0 -1  2  0  1 -3 -2  2    8   0   0   0   4   0   0   0   0  18  20   0   0   0  10   8  13   0   0  19  0.26 0.04
  212 Q    3 -2 -2 -2  3  0 -2  0 -2 -2 -1 -2 -2 -3  4  1 -1 -4 -3  0   38   0   0   0   9   4   0   4   0   0   4   0   0   0  21  14   0   0   0   6  0.52 0.07
  213 P   -1  1 -1 -1 -3  1  1  0  1  0 -1 -1 -1 -3  3  1  1 -4 -2 -1    0   7   0   0   0  10  14   8   4   9   6   0   0   0  14  14  14   0   0   0  0.26 0.04
  214 P    1 -3 -3 -3 -3 -2 -2 -3 -3  1 -1 -2  1 -3  6 -1  0 -4 -3  0   14   0   0   0   0   0   0   0   0  10   4   0   5   0  51   0   6   0   0   8  1.09 0.10
  215 A    2 -1 -1 -2 -2 -1 -1  1 -2 -2 -1  1 -2 -3 -2  3  1 -4 -2 -2   22   0   0   0   0   0   0   7   0   0   6  10   0   0   0  45   8   0   0   0  0.42 0.08
  216 S    0  1 -1 -1 -3  2  2  2  1 -4 -3  1 -2 -2 -2  2 -1 -3  1 -3    0   6   0   0   0  11  14  24   4   0   0   7   0   0   0  28   0   0   6   0  0.40 0.06
  217 T    0 -1  0 -1  3 -1 -1  0 -2 -2 -2  1 -2 -3 -2  3  3 -3 -2 -2    1   0   0   1   9   0   1   5   0   0   1  14   0   0   0  40  25   0   0   1  0.44 0.08
  218 M   -2 -3 -4 -5 -2 -2 -3 -4 -4  2  1 -3  6 -1 -3 -3 -1 -3 -2  4    0   0   0   0   0   0   0   0   0  10   0   0  45   0   0   0   0   0   0  45  0.77 0.14
  219 W   -4 -5 -5 -7 -4 -4 -5 -5 -4 -4 -3 -5 -3 -1 -6 -5 -5 11  1 -4    0   0   0   0   0   0   0   0   0   0   0   0   0   0   0   0   0 100   0   0  3.64 0.29
  220 R   -2  7 -2 -3 -5  0 -1 -4 -1 -4 -4  1 -3 -4 -3 -2 -2 -4 -3 -4    0 100   0   0   0   0   0   0   0   0   0   0   0   0   0   0   0   0   0   0  1.65 0.20
  221 P   -2 -3 -3 -3 -5 -3 -2 -4 -3 -4 -4 -2 -4 -5  8 -2 -3 -6 -5 -4    0   0   0   0   0   0   0   0   0   0   0   0   0   0 100   0   0   0   0   0  2.94 0.22
  222 W   -4 -5 -5 -7 -4 -4 -5 -5 -4 -4 -3 -5 -3 -1 -6 -5 -5 11  1 -4    0   0   0   0   0   0   0   0   0   0   0   0   0   0   0   0   0 100   0   0  3.64 0.29

                      K         Lambda
Standard Ungapped    0.1724     0.3356
Standard Gapped      0.1100     0.3190
PSI Ungapped         0.1724     0.3356
PSI Gapped           0.1100     0.3190
