
Last position-specific scoring matrix computed, weighted observed percentages rounded down, information per position, and relative weight of gapless real matches to pseudocounts
           A  R  N  D  C  Q  E  G  H  I  L  K  M  F  P  S  T  W  Y  V   A   R   N   D   C   Q   E   G   H   I   L   K   M   F   P   S   T   W   Y   V
    1 M   -1 -2 -3 -4 -2  0 -2 -4 -2  1  2 -2  6  0 -3 -2 -1 -2 -2  1    0   0   0   0   0   0   0   0   0   0   0   0 100   0   0   0   0   0   0   0  0.57 0.00
    2 L   -2 -3 -4 -5 -2 -3 -4 -4 -3  1  4 -3  2  0 -3 -3 -2 -2 -2  1    0   0   0   0   0   0   0   0   0   0 100   0   0   0   0   0   0   0   0   0  0.65 0.00
    3 L   -2 -3 -4 -5 -2 -3 -4 -4 -3  1  4 -3  2  0 -3 -3 -2 -2 -2  1    0   0   0   0   0   0   0   0   0   0 100   0   0   0   0   0   0   0   0   0  0.66 0.01
    4 W   -3 -4 -4 -6 -3 -3 -4 -4 -3 -3 -2 -4 -2  0 -5 -4 -4 11  2 -3    0   0   0   0   0   0   0   0   0   0   0   0   0   0   0   0   0 100   0   0  2.66 0.01
    5 M   -2 -2 -3 -4 -2 -1 -3 -4 -3  1  3 -2  6  0 -3 -2 -1 -2 -2  0    0   0   0   0   0   0   0   0   0   0  26   0  74   0   0   0   0   0   0   0  0.59 0.02
    6 V   -1 -3 -3 -4 -2 -2 -3 -4 -3  2  0 -2  0 -2  4 -2 -1 -3 -2  4    0   0   0   0   0   0   0   0   0   0   0   0   0   0  26   0   0   0   0  74  0.64 0.01
    7 L   -2 -1 -3 -3 -2  2 -1 -4 -2  1  4 -1  2  0 -3 -2 -1 -2 -2  0    0   0   0   0   0  24   0   0   0   0  76   0   0   0   0   0   0   0   0   0  0.44 0.01
    8 L   -2 -3 -4 -4 -2 -2 -3 -4 -3  1  4 -3  4  0 -3 -3 -1 -2 -2  1    0   0   0   0   0   0   0   0   0   0  74   0  26   0   0   0   0   0   0   0  0.59 0.01
    9 L   -2 -3 -4 -5 -2 -2 -3 -4 -3  1  4 -3  4  0 -3 -3 -2 -2 -2  0    0   0   0   0   0   0   0   0   0   0  81   0  19   0   0   0   0   0   0   0  0.62 0.02
   10 C    0 -3 -2 -3  8 -3 -3 -3 -4 -2 -2 -3 -2 -3 -3  1 -1 -4 -3 -2    0   0   0   0  81   0   0   0   0   0   0   0   0   0   0  19   0   0   0   0  1.08 0.03
   11 E   -1 -2 -1  0 -3  0  3  2 -1 -1 -2 -1 -1  2 -2 -1 -1 -2 -1  0    0   0   0   0   0   0  43  22   0   0   0   0   0  19   0   0   0   0   0  16  0.31 0.01
   12 S    2 -2 -1 -2 -2 -1 -1 -2 -2  0 -1 -1 -1 -2  1  2  3 -4 -2  0   20   0   0   0   0   0   0   0   0  13   0   0   0   0   7  26  35   0   0   0  0.39 0.02
   13 M   -1  0 -3 -4  3 -1 -3 -4 -3  2  2 -2  6 -1 -3 -2  0 -2 -2  0    0   5   0   0  10   0   0   0   0  12   6   0  59   0   0   0   8   0   0   0  0.45 0.05
   14 A    2 -2 -2 -3 -1 -2 -2 -2 -3  2  0 -2  0 -2 -2  2  1 -3 -2  3   18   0   0   0   0   0   0   0   0   7   0   0   0   0   0  22   8   0   0  45  0.29 0.02
   15 E   -1  0 -1 -1 -4  6  3  0  0 -4 -4  1 -2 -4 -3 -1 -2 -4 -3 -3    3   0   0   0   0  67  18   8   0   0   0   4   0   0   0   0   0   0   0   0  1.05 0.18
   16 A    1 -3 -3 -3 -2 -2  0 -4 -3  2  1 -3  0 -2 -3 -2 -1 -4 -3  4   14   0   0   0   0   0   7   0   0   5   8   0   0   0   0   0   0   0   0  66  0.52 0.12
   17 Q   -2  0 -2 -2 -5  7  2 -4 -1 -4 -4  1 -2 -4 -3 -2 -2  1 -3 -1    0   0   0   0   0  79   8   0   0   0   0   5   0   0   0   0   0   2   0   6  1.36 0.29
   18 E   -2 -2 -2  1 -6  2  6 -4 -1 -5 -5 -1 -3 -5 -3 -2 -2 -5 -4 -4    0   0   0   3   0   6  91   0   0   0   0   0   0   0   0   0   0   0   0   0  1.60 0.30
   19 Q   -1 -3 -4 -5  0 -2 -4 -4 -4  0  4 -3  1 -1  3 -3 -2 -4 -3 -1    6   0   0   0   3   2   0   0   0   0  72   0   0   0  17   0   0   0   0   0  0.79 0.19
   20 F   -4 -5 -5 -5 -4 -5 -5 -5 -3 -2 -1 -5 -2  8  0 -4 -4 -1  1 -3    0   0   0   0   0   0   0   0   0   0   0   0   0  95   5   0   0   0   0   0  1.92 0.36
   21 P   -1 -1 -3 -3 -4  0 -2 -3 -3 -3 -2  0 -3 -4  7  0  1 -5 -4 -1    2   2   0   0   0   5   0   0   0   0   3   8   0   0  59   8   8   0   0   5  1.40 0.22
   22 N    0  3  2 -1 -4 -1 -2 -3 -1 -3 -2 -1 -2 -4  5  0  2 -5 -3 -2    4  22  11   3   0   0   0   0   1   0   4   0   0   0  30   7  16   0   0   2  0.69 0.16
   23 P   -2 -4 -4 -4 -5 -3 -3 -5  1 -5 -5 -3 -4 -6  8 -3 -3 -6 -5 -4    0   0   0   0   0   0   0   0   4   0   0   0   0   0  96   0   0   0   0   0  2.95 0.42
   24 E   -1 -3 -3 -1 -3  1  2 -4 -3  1 -1 -2 -1 -3 -3 -1 -1 -4 -3  4    0   0   0   3   0   7  21   0   0   3   2   0   0   0   0   4   0   0   0  59  0.57 0.21
   25 L   -3 -4 -5 -6 -3 -4 -5 -6 -4  1  5 -4  1 -1 -5 -4 -3 -4 -3  0    0   0   0   0   0   0   0   0   0   5  91   0   0   0   0   0   0   0   0   4  1.16 0.27
   26 T   -1  3 -1 -2 -3  1  1 -3  0 -1 -2  2 -2 -3 -2  3  2 -4 -3 -2    0  22   0   0   0   4   7   0   2   5   4  12   0   0   0  30  15   0   0   0  0.43 0.14
   27 E    4 -1 -2 -2 -2  0  1 -2 -2 -1 -2 -1 -2 -3 -2  2  2 -4 -3  0   47   2   0   0   0   3   9   0   0   2   0   0   0   0   0  14  12   0   0   9  0.47 0.17
   28 F    0  0 -1 -3 -2 -2 -2 -3  1  0  0 -1 -1  2 -3  2  2 -3 -1  1    7   7   3   0   0   0   0   0   4   2  10   2   0  15   0  18  16   0   0  17  0.18 0.10
   29 T   -1 -2  0 -1 -4  2 -2 -3 -1 -3 -1 -2 -2 -4  6  2  1 -5 -4 -3    0   0   5   3   0  12   0   0   1   0   9   0   0   0  46  16   8   0   0   0  1.04 0.21
   30 N    0 -2  1 -2 -3 -2 -2 -2 -2 -4 -4 -2 -3 -1  2  5  0 -5 -3 -3    4   0   8   0   0   0   0   0   0   0   0   0   0   3  11  72   3   0   0   0  0.97 0.28
   31 S    0 -2  2 -2 -3  2  0 -2  1 -1 -3  0 -2 -1  4  2  1 -4 -3 -2    7   0  10   0   0  11   3   0   3   5   0   3   0   3  19  24  11   0   0   0  0.47 0.15
   32 E   -1 -2 -2 -1 -6  0  6 -4 -2 -5 -2  0 -3 -5  1 -1 -3 -6 -5 -4    3   0   0   0   0   0  80   0   0   0   5   3   0   0   7   2   0   0   0   0  1.39 0.40
   33 T   -2 -3  1 -2 -4 -3 -1  5 -3 -3 -2 -3 -3 -4  3 -1  2 -5 -4 -3    0   0   6   0   0   0   5  50   0   2   4   0   0   0  18   0  15   0   0   0  0.87 0.25
   34 M   -1  2  0  0 -1  1  2  0  1 -1  0  0  1 -3  1  1  0 -4 -2 -2    0  12   2   4   1   5  15   7   5   5   9   4   5   0   5  14   5   0   0   0  0.15 0.08
   35 D   -1 -2  0  2 -5  1  4 -1 -2 -4 -1  1 -3 -4  4 -1 -2 -5 -4 -3    2   0   4  11   0   4  37   5   0   0   6   8   0   0  19   2   0   0   0   0  0.68 0.21
   36 V   -2 -4 -4 -5 -3 -3 -4 -3 -4  2  2 -4  3  0 -4 -3 -1 -4 -3  5    0   0   0   0   0   0   0   2   0   4  23   0   8   4   0   0   3   0   0  56  0.75 0.27
   37 I   -1 -3  1 -3 -3 -3 -3  0 -3  2 -1 -3 -1 -3 -1  0  4 -4 -3  2    3   0   7   0   0   0   0   7   0  15   2   0   0   0   3   4  37   0   0  23  0.47 0.22
   38 L   -2 -4 -5 -6 -4  0 -4 -5  0  0  5 -4  0 -1 -5 -4 -3 -4 -3  0    3   0   0   0   0   4   0   0   3   0  87   0   0   0   0   0   0   0   0   3  1.15 0.37
   39 K   -2  4  0 -3 -4 -1 -1 -3  0  0 -3  2 -2 -4 -3  1  3 -5 -3 -2    0  34   4   0   0   0   3   0   2  10   0  15   0   0   0   8  26   0   0   0  0.63 0.26
   40 C   -1 -6 -6 -6 10 -5 -7 -6 -6 -1 -2 -6 -4 -4 -6 -4 -3 -5 -5 -1    3   0   0   0  87   0   0   0   0   3   2   0   0   0   0   0   0   0   0   5  2.72 0.60
   41 T   -2 -2 -2  0 -4  4  3 -3  0 -4 -4 -1 -3 -4 -1  2  3 -5 -4 -2    0   0   0   3   0  29  18   0   2   0   0   0   0   0   2  16  27   0   0   2  0.77 0.34
   42 I    0 -3 -3 -4  1 -3 -3 -4  0  1  2 -3  0 -1 -4 -1  4 -4 -3  2    6   0   0   0   4   0   0   0   2   7  20   0   1   1   0   0  42   0   0  16  0.58 0.28
   43 K    0  2  0 -2 -4  3  1 -3  4 -4 -4  4 -2 -4 -3  0 -1 -4 -1 -4    8  10   3   0   0  19   5   0  13   0   0  30   1   0   0   6   3   0   1   0  0.66 0.27
   44 V    0 -3 -3 -4  6 -3 -2  0 -4 -1  3 -1  0 -2 -1 -2 -1 -3 -3  0    6   0   0   0  23   0   3   7   0   0  42   3   1   0   3   0   2   0   0   6  0.51 0.23
   45 D   -1 -1  0  1 -4  1  2 -2  5 -2 -1  0 -2  0  0  0 -2 -3  1 -1    2   2   2   8   0   5  17   2  19   0   6   5   0   4   5   9   0   0   5   7  0.30 0.16
   46 P    1 -2 -3 -3  0 -3 -3 -1  0 -3 -2 -3 -3 -4  6 -1 -1 -5 -4 -1   12   2   0   0   3   0   0   4   2   0   4   0   0   0  55   4   4   0   0   6  1.29 0.35
   47 K    0  2 -1 -2 -4  6  0 -1  0 -4 -2  1 -2 -4 -1  0  0 -1 -2 -3    7   9   2   0   0  48   2   3   1   0   4   9   0   0   2   4   6   1   1   0  0.75 0.32
   48 N   -2  5  2 -2 -4 -1 -2 -1 -2 -4 -4  3 -3 -4  1  0 -2  1 -3 -2    0  44   9   0   0   0   0   6   0   0   0  19   0   0   7   7   1   2   0   3  0.78 0.30
   49 P    0 -3 -2 -3 -3 -2 -2  3 -3  0 -1 -2 -2 -3  4  2  0 -4 -4 -2    5   0   0   0   0   0   0  25   0   8   8   0   0   0  25  23   4   0   0   0  0.63 0.24
   50 T    3 -2  0  2 -3 -2  0  0 -2 -3 -4 -1 -3 -4 -1  3  2 -5 -3 -2   29   0   4  14   0   0   3   6   0   0   0   3   0   0   2  24  14   0   0   0  0.49 0.22
   51 L    0 -3 -2 -3 -3 -1 -2 -1  0  0  2 -2  0 -1  1  2  0  0 -2  2    8   0   0   0   0   3   0   3   2   3  28   0   0   1   6  23   2   1   0  17  0.25 0.17
   52 Q   -1  3 -1 -3 -4  4 -1 -3 -2 -4 -4  0 -3 -3  3  1 -1  5 -1 -2    2  21   2   0   0  26   2   0   0   0   0   4   0   0  13  10   2  12   2   3  0.70 0.29
   53 L   -3 -4 -4 -5 -3 -4 -4 -5 -4  4  4 -4  0  0 -4 -3 -1  2 -2  1    0   0   0   0   0   0   0   0   0  34  48   0   0   3   0   1   4   3   0   4  0.82 0.30
   54 F   -3  0  0 -4 -4  1 -3 -5 -2  0  3 -1  0  3 -4 -3 -1  2  2 -1    0   4   5   0   0   9   0   0   0   2  44   3   0  17   0   0   4   3   8   1  0.51 0.25
   55 Y   -4 -4 -5 -6 -5 -4 -5 -6 -2 -3 -2  0 -3  6 -6 -2 -4 -1  7 -4    0   0   0   0   0   0   0   0   0   0   1   6   0  44   0   3   0   0  46   0  1.85 0.55
   56 T   -1  2 -2 -3  1  3 -2 -1  0 -3 -3  1 -3 -4 -3  4  2  3 -3 -3    0  11   0   0   4  15   0   3   2   2   1   6   0   0   0  40  11   5   0   0  0.61 0.32
   57 F   -5 -2 -6 -7 -5 -6 -6 -6  0 -1 -1 -6 -3  8 -6 -5 -5  2  0 -4    0   3   0   0   0   0   0   0   2   3   3   0   0  86   0   0   0   2   0   0  2.26 0.67
   58 Y   -4 -2 -4 -5 -5 -3 -4 -6  5 -4 -2 -4 -3  3 -1 -4 -2  2  7 -4    0   2   0   0   0   0   0   0  17   0   3   0   0  13   3   0   2   2  56   0  1.66 0.53
   59 K   -3  4 -2 -3 -1  0 -1 -4  5 -5 -3  5 -2 -4 -4 -3 -3  2 -3 -3    0  25   0   0   2   2   2   0  20   0   1  38   1   0   0   0   0   3   0   1  1.04 0.42
   60 N   -3 -3  2  5 -6 -1  4  0 -3 -5 -5 -1 -1 -5 -4 -1 -3 -6 -5 -5    0   0  10  40   0   0  36   9   0   0   0   1   2   0   0   2   0   0   0   0  1.15 0.41
   61 N   -2  1  3  3 -2  0 -1  4 -2 -5 -5  1 -4 -5 -3  1 -1 -5 -4 -4    0   9  14  18   1   3   1  35   0   0   0   7   0   0   0  10   2   0   0   0  0.67 0.27
   62 H   -1  1 -2 -1  3  2  0 -3  3 -1 -1  1  1 -3 -3  0 -1 -4 -1  2    1  10   0   3   8   9   5   0  12   2   4   8   5   0   0   7   3   0   1  21  0.23 0.17
   63 V   -1 -3 -2 -3  3 -3 -3 -2 -3  1  0 -3  0  0  2  0  3 -4 -3  1    3   0   1   0   8   0   0   3   0  12   9   0   1   5  10   8  29   0   0  10  0.37 0.21
   64 I   -3 -4 -5 -6 -4 -4 -5 -6 -5  1  5 -2  2 -1 -5 -2 -2 -4 -3  1    0   0   0   0   0   0   0   0   0   7  73   2   5   1   0   3   2   0   0   7  1.10 0.42
   65 Q   -2  1 -2 -3  0  4  0  2  1 -2 -2  2 -2 -4 -2 -1 -2  2 -3 -2    0   8   0   0   2  27   3  21   3   2   5  16   0   0   2   4   1   3   0   3  0.49 0.27
   66 D   -2  1  3  3 -4 -2  0  0  1 -4 -3 -1 -3 -1 -3  3  0 -5 -3 -2    0   7  14  23   0   0   3   8   4   0   3   2   0   3   0  27   5   0   0   2  0.49 0.26
   67 R   -1  5 -1 -3 -5  0 -2  0  1 -2 -2  0 -3 -5 -2  2  0 -5 -4 -2    2  46   2   0   0   2   0   7   3   2   3   4   0   0   1  22   3   0   0   2  0.77 0.37
   68 S   -1 -2  1  0 -4  0  0  2 -3 -4 -3  0 -1 -4 -2  4  0  2 -4 -3    0   0   6   4   0   4   4  17   0   0   2   6   2   0   1  47   4   3   0   2  0.61 0.33
   69 P    1  0 -2 -3 -3  0  0 -2  1 -2  0 -1 -2  0  4  0  1 -4 -3 -1   15   5   0   0   0   3   7   2   4   0  12   2   0   4  26   7  10   0   0   3  0.46 0.21
   70 H    0  1  1 -2 -4  0  1 -1  6 -4 -1 -2 -3 -2  2  0  0 -4  0 -3    6   6   8   0   0   2  10   3  28   0   6   0   0   1  11   8   7   0   2   0  0.55 0.28
   71 S    1 -1 -2 -3 -3  0  0 -3 -1 -3  0 -1 -2 -3  3  3  0 -4  1 -2   15   2   0   0   0   4   6   0   1   0  12   2   0   0  16  34   2   0   5   2  0.49 0.27
   72 V    0 -1 -1 -1 -3  0  3 -1  1 -1  1 -2 -1  1 -2  1  0 -3 -1  0    5   3   2   2   0   3  23   4   5   1  15   0   0   8   1  12   6   0   2   8  0.17 0.15
   73 F   -2 -2 -1 -4 -4 -1 -4 -1 -1  1  1 -2 -1  5 -4 -2 -2  2  1 -2    1   2   3   0   0   4   0   5   2  11  17   2   0  41   0   2   2   2   4   0  0.60 0.29
   74 S   -1 -1  2 -2  4 -1 -1 -1  1  1 -1 -1 -2 -3  0  2  0 -4 -1  0    1   3  14   0  13   2   2   5   4  12   6   3   0   0   5  18   6   0   2   5  0.20 0.15
   75 A    2 -2 -3 -4 -3 -3 -3 -2 -3  2  1 -3 -1  2  3  0  0 -4 -2  0   19   2   0   0   0   0   0   3   0  18  14   0   0  10  18   6   5   0   0   4  0.37 0.20
   76 E    1 -2 -1  0 -3 -1  1  0 -2 -1 -3 -1 -2 -3  3  3  1 -4 -3 -1   10   1   0   5   0   0  13   8   0   5   1   2   0   0  13  26   9   0   0   4  0.36 0.19
   77 A    3 -3 -1 -4 -3 -3 -3  1 -3  0  2 -3  1 -1 -3 -1 -1  1 -1  1   31   0   2   0   0   0   0  10   0   5  25   0   3   2   0   2   3   2   2  11  0.32 0.21
   78 K   -2  3  0 -3 -4  1  0 -1 -1 -3 -3  4  0 -4 -3  0  3 -1 -4 -1    2  18   3   0   0   6   3   5   1   0   0  29   3   0   0   4  21   1   0   4  0.57 0.30
   79 E    0  0 -2 -1 -5  1  5 -2 -2 -3 -3  1 -1 -4  0  0  0 -5 -4 -1    8   5   0   1   0   4  50   2   0   1   3   7   2   0   3   5   4   0   0   5  0.71 0.34
   80 E   -1  2 -1 -1 -1  1  4  2 -1 -5 -4  1 -3 -5 -3  2 -1 -5 -4 -4    2  11   1   2   2   7  30  17   1   0   0   8   0   0   0  15   2   0   0   0  0.57 0.28
   81 N   -4 -2  1  6 -6 -3 -1  0  6 -6 -6 -3 -5 -5 -4  0 -3 -6 -4 -6    0   2   6  52   0   0   2   6  23   0   0   0   0   0   0   7   0   0   0   0  1.48 0.54
   82 S    3 -1 -1 -3 -4 -3 -2 -2 -4 -4 -2 -3 -1 -2 -1  5 -1 -5 -4 -4   23   3   2   0   0   0   2   2   0   0   4   0   2   1   2  57   1   0   0   0  0.98 0.47
   83 G   -2 -1 -3  0 -5 -4  0  6 -4 -6 -6 -4 -5 -6 -2 -3 -2  0 -5 -5    2   3   0   5   0   0   5  77   0   0   0   0   0   0   2   0   2   1   0   0  1.60 0.53
   84 L   -2  1  3 -1 -4  1  1 -2 -2 -2  2  0 -1 -2 -2  1  0 -1 -1 -1    1  10  16   2   0   7  13   3   0   1  23   3   0   1   1   9   4   1   2   2  0.22 0.19
   85 Y   -5 -5 -5 -6  1 -5 -6 -6 -2 -5 -4 -5 -5  1 -6 -5 -5 -1  9 -5    0   0   0   0   4   0   0   0   0   0   0   0   0   3   0   0   0   0  90   0  2.96 0.86
   86 Q   -3  0 -4 -4 -5  1 -1 -5  1 -4 -4 -2 -4  0 -5  2 -2  8  6 -4    0   6   0   0   0   7   3   0   3   0   0   2   0   3   0  16   2  23  33   0  1.30 0.48
   87 C   -2 -6 -6 -6 10 -6 -7 -6 -6 -5 -5 -6 -5 -5 -6 -4 -4 -6 -6 -4    3   0   0   0  93   0   0   0   0   0   0   0   0   0   0   0   0   0   0   0  3.68 0.93
   88 M    1  0 -2 -2 -3  1  3 -3 -2 -1 -1  1  1 -3 -2  0  2 -4 -3  0   12   5   1   0   0   6  25   1   0   4   5   7   5   0   0   3  15   0   0   8  0.31 0.20
   89 V    5 -3 -3 -4 -3  0 -3  0 -3 -2 -3 -3 -3 -4 -3  0 -2 -4 -4  2   63   1   0   1   0   4   1   6   0   1   1   1   0   0   1   4   1   0   0  16  0.95 0.42
   90 D    1 -1  2  5 -4  0  1 -1 -2 -4 -3 -1  0 -3 -3 -1 -1  1 -1 -3   16   2  10  35   0   4   8   4   0   1   1   2   4   0   1   3   4   2   2   1  0.55 0.25
   91 T    1 -2  4 -1  1 -1 -2 -2 -1 -2 -2 -1 -1 -2  2  0  2 -3  0 -1   10   1  26   1   3   1   2   2   1   2   3   3   2   1  11   4  18   0   3   5  0.37 0.18
   92 E   -1  0  1  0 -3 -1  3  2 -1 -1 -2  0 -1 -3 -2  1  0 -3 -2 -1    4   4   8   2   0   1  25  18   1   5   2   3   2   1   1  12   5   0   1   5  0.27 0.14
   93 D   -1 -2  4  1 -4  0 -2  2  3 -2 -3 -2 -3 -1 -1  1  1 -4  0 -2    2   1  29   9   0   3   0  14   9   2   2   0   0   2   2   9   8   0   3   3  0.46 0.24
   94 G   -1 -2 -1  0 -4  0 -3  5 -1 -4 -3 -3 -4 -4  1 -1 -1 -4 -4  0    2   2   2   5   0   4   1  59   2   0   3   1   0   0   6   3   3   0   0   7  0.94 0.35
   95 L    0  0  1 -2  0  1 -2 -3  0 -1  1  0  1  0  3  0  0  0  1 -1    5   7   7   1   2   6   1   1   2   2  16   4   4   3  14   9   5   1   7   4  0.17 0.11
   96 I   -1 -2 -1 -1 -3 -1 -1  1 -1  2  0 -2  0  1 -1 -1 -2 -3 -2  3    3   2   2   4   0   3   3  14   2  19   6   2   2   6   3   4   0   0   0  24  0.18 0.15
   97 Q    0 -1 -1 -3 -3  4 -1 -3  1 -1  0 -1  0 -1  3  0  1  1 -3 -1   10   3   3   0   0  27   2   1   4   3   9   1   3   2  13   7   8   2   0   4  0.37 0.23
   98 K   -1  0 -1 -3 -4  3 -1 -3 -2  0 -3  4 -3 -2 -3  2 -1 -4 -3 -2    2   4   2   1   0  15   1   1   0   7   2  37   0   1   1  21   2   0   0   2  0.67 0.34
   99 K   -2  3  1 -1 -4  4  1 -3  1 -3 -1  2 -2 -3 -1 -1  1 -4 -1 -3    2  20   7   1   0  24   7   1   4   0   5  11   0   1   3   4   8   0   2   1  0.50 0.25
  100 S   -1 -2 -2 -3 -4 -3 -1 -2 -3 -4 -2 -3 -4 -4 -2  6  1 -5 -4 -2    1   1   0   0   0   0   3   2   0   0   3   0   0   0   2  76   5   0   0   3  1.32 0.57
  101 G    0  0  0  0 -3  1  2  1  1 -2 -2  0 -1 -3  4  0  0 -3 -2 -1    5   4   4   5   0   6  13  10   3   1   4   3   1   1  19   7   7   0   1   5  0.31 0.13
  102 Y    0  2 -2 -2 -3  2 -1  0 -1 -1  0  1  0 -2  0  0  1  2  0  0    7  11   1   1   0  12   2  10   0   3  11   7   2   1   4   4   9   4   4   8  0.12 0.10
  103 L   -2 -4 -4 -4 -3 -3 -3 -4 -4  1  3 -2  2  1 -4 -2 -2 -4 -3  4    3   0   0   0   0   0   1   1   0   4  37   2   5   6   0   2   2   0   0  35  0.67 0.30
  104 D    0  0  1  1 -3  2  2 -3  0 -2 -2  0  1 -3 -2  2  2 -4 -3 -2    5   6   9   6   0  10  18   1   2   2   2   3   6   0   1  16  13   0   0   0  0.35 0.20
  105 I   -3 -5 -5 -5 -3 -4 -5 -5 -5  5  2 -4 -1 -1 -2 -2 -1 -4 -3  4    0   0   0   0   0   0   0   0   0  44  16   0   0   2   2   2   2   0   0  29  0.97 0.38
  106 Q   -1  3  2 -2 -4  2  0 -3  0 -2 -2  0 -2 -3  1  2  2  1 -3 -2    2  16  10   1   0  13   3   0   2   2   3   4   1   1   6  16  16   2   0   2  0.38 0.23
  107 F   -2 -5 -5 -6 -1 -4 -5 -6 -5  1  0 -5  1  0  0 -4 -1 -4  1  5    2   0   0   0   1   0   0   0   0   5   8   0   4   5   4   0   3   0   4  64  1.03 0.44
  108 W   -2  3 -2 -3 -1  4 -2 -4 -1 -1 -1  2  0 -3 -1 -2  1  6 -2 -2    2  18   0   0   1  22   1   1   1   4   5  11   2   0   3   1   8  16   0   1  0.66 0.31
  109 T    1 -2 -1  1 -2 -1 -1  1 -2  1  0 -2  0 -2 -2  1  1 -3 -2  1   12   1   0  12   0   0   1  12   0  12  12   1   0   0   1  12  12   0   0  12  0.12 0.05
  110 P    1  2 -1 -2 -2 -1 -1 -2 -1 -1  0  0 -1 -2  3  1  2 -3 -2 -1   15  15   1   1   0   1   1   1   0   1  16   1   0   1  15  15  15   0   0   1  0.29 0.05
  111 V    1 -2 -2 -3 -1 -2 -2 -2 -2  1  1 -2  1 -1 -2  0  0 -2 -2  4   12   1   1   1   0   1   1   1   0   1   7   1   6   1   1   7   1   0   1  57  0.27 0.07
  112 S    1 -1  0 -1 -2  0  1 -1 -1 -2 -1 -1 -1 -2 -1  4  1 -3 -2 -1    7   1   1   1   0   1  11   1   0   1   7   1   0   1   1  58   7   0   1   1  0.42 0.08
  113 H   -2  4 -1 -1  2  2 -1 -3  5 -3 -3  0 -2 -3  1  0 -2 -3 -1 -1    1  29   1   2   7  14   0   1  20   0   2   4   0   0   5   6   0   0   1   4  0.56 0.18
  114 P   -2 -1 -3 -3 -4 -3 -3 -4 -3 -3 -4 -3 -4 -5  8  0 -3 -5 -4 -4    1   4   0   0   0   0   0   1   0   2   1   0   0   0  81   7   0   0   0   0  2.32 0.39
  115 V   -1 -2 -3 -4 -2  0 -3 -3 -3  2  2 -3  0 -1 -3 -3 -1 -3 -2  4    3   2   0   0   0   5   0   2   0  11  23   0   0   2   0   1   1   0   0  49  0.55 0.18
  116 L   -3 -4 -4 -5 -3 -3 -4 -2 -4  0  5 -4  0  0  0 -3 -3 -3 -2 -1    1   0   0   0   0   0   0   3   0   0  83   0   0   4   4   1   0   0   0   1  0.98 0.27
  117 T   -1 -3  0 -3 -3 -2 -2 -3 -3 -1 -1 -2 -1 -3 -3  2  6 -4 -3 -2    1   0   3   0   0   0   0   1   0   3   4   0   1   0   0  11  73   0   0   0  1.09 0.31
  118 L   -2 -3 -4 -4 -3 -3 -2 -4 -3  2  4 -3  1  1 -3 -3 -2  1 -2  0    1   1   0   1   0   0   3   1   0  11  67   1   0   6   1   1   1   2   0   3  0.71 0.20
  119 Q   -1  4  0 -2  1  2 -1  0  2 -3 -3  1 -2 -3 -1  2 -1  0 -2 -3    2  35   2   1   3   9   1   6   5   1   1   7   0   0   2  21   2   2   0   1  0.51 0.16
  120 H    2 -2 -2 -1 -3  0  0 -2  4 -2 -2 -1 -1 -2  2  0  0 -3  0  1   27   1   0   3   0   5   4   1  17   1   1   1   1   0  13   5   6   0   4  11  0.36 0.14
  121 E    0  2 -2 -1 -3 -1  0  1 -2 -1 -2 -1 -2 -1  5  0  0 -4 -3 -2    8  13   0   2   0   0   6  10   0   4   3   1   0   2  34   7   4   0   0   1  0.61 0.15
  122 A    1  2 -2 -2 -4 -2 -1  3 -3 -3 -4  0 -3 -4  4  1  0 -5 -4 -3    9  17   0   1   0   0   2  26   0   2   0   3   0   0  24  10   5   0   0   0  0.66 0.18
  123 T    3 -2 -2 -1 -2 -2 -2 -1 -3 -1 -1 -1 -1 -2  0  1  3 -4 -3 -1   35   0   0   3   0   0   0   2   0   2   6   3   1   1   4  11  30   0   0   2  0.46 0.19
  124 N    0  1  1  1 -4  4  0  2  0 -4 -2 -1 -2 -3 -2 -1 -2  3  0 -3    6   9   5  10   0  32   4  16   2   0   4   0   0   0   1   3   0   5   4   0  0.45 0.18
  125 L    3 -3 -3 -3  0 -2 -3 -3 -3 -1  1 -2 -1  1  3 -1 -1 -4 -2  1   39   0   1   1   2   1   0   0   0   1  18   1   0   6  16   1   3   0   0  11  0.44 0.18
  126 A    3 -3 -3 -4 -2 -2 -2 -2 -3  0 -1 -1  1  1  0  0  1  3 -2  2   43   0   0   0   0   0   0   0   0   3   1   4   4   7   4   2   7   5   0  22  0.39 0.17
  127 V   -1 -3 -4 -4 -3 -2  0  0 -4  1 -1 -1  2 -2 -1 -3 -1  0 -1  5    1   0   0   0   0   0   9   8   0   5   1   3   6   0   3   0   1   1   2  62  0.56 0.22
  128 G   -1 -4 -2 -3 -5 -1 -2  6 -4 -6 -6 -3 -5 -5 -4 -2 -3 -5 -6 -5    2   0   0   0   0   3   2  93   0   0   0   0   0   0   0   0   0   0   0   0  1.90 0.36
  129 D   -2 -3  0  7 -6  0  0  0  2 -6 -6 -2 -5 -5 -4 -1 -3 -6 -2 -5    2   0   1  76   0   4   1   8   5   0   0   0   0   0   0   2   0   0   1   0  1.48 0.33
  130 K    1 -2 -1 -2 -2 -1  1 -3 -3  1  1 -1  3 -2 -3 -1  0 -3 -3  3   11   1   4   0   0   0  10   1   0   1   9   4  15   0   0   0   7   0   0  35  0.28 0.14
  131 V    1 -3 -4 -4 -2 -3 -3 -2 -4  1  1 -3  1 -2 -3 -2 -1 -4 -3  5   11   0   0   0   0   0   0   3   0   2  11   0   3   0   0   0   0   0   0  66  0.67 0.21
  132 E   -1 -1  0  0 -5  1  5 -1 -1 -4 -4  1 -3 -4 -2 -1  0 -4 -4 -3    1   2   4   0   0   4  64   6   0   0   0   8   0   0   0   2   8   0   0   1  0.91 0.23
  133 F   -1 -3 -4 -5 -3 -3 -4 -4  0  2  4 -3  1  2 -4 -3 -2 -3 -1  0    6   0   0   0   0   0   0   0   3   9  67   0   0  12   0   0   0   0   0   0  0.71 0.20
  134 L   -3  1 -2 -2  1  0 -2 -3  5  0  3 -2  0  1 -1 -3 -2  0  0 -2    0  10   0   1   5   5   0   1  27   5  36   0   0   6   2   0   0   1   1   0  0.45 0.18
  135 C   -1 -2 -5 -6 10 -5 -6 -5 -5 -3 -4 -5 -4 -4 -5 -3 -3  1 -5 -3    3   3   0   0  88   0   0   0   0   0   0   0   0   0   0   0   0   3   0   0  2.52 0.46
  136 E   -2 -2 -2  0 -6  2  6 -4  1 -5 -5  1 -4 -5 -3 -2 -2 -5 -1 -3    1   0   0   0   0   6  79   0   4   0   0   7   0   0   0   0   0   0   3   1  1.37 0.33
  137 A    5 -3 -2 -1 -2 -2 -2 -2 -3 -2 -3 -2 -2 -4 -1  2  1 -5 -3  0   64   0   0   2   0   0   0   0   0   0   0   0   0   0   1  17  10   0   0   6  0.78 0.24
  138 H   -2  1 -2 -2 -4  5  1 -3  3 -3  0  1 -1 -3  0 -1 -2  0 -2 -3    0   4   0   0   0  49   8   1   8   0  14   6   0   1   4   1   1   2   0   0  0.72 0.23
  139 Q   -2  6  1 -2 -5  1 -1 -1  0 -4 -3  2 -3 -4 -3  0 -1 -4 -3 -4    0  62   6   0   0   4   2   3   2   0   1   8   0   0   0   7   3   0   0   0  0.99 0.24
  140 G   -1 -1 -2 -1 -4 -3 -3  6 -4 -2 -5 -3 -4 -5 -4  0 -3 -5 -5 -4    2   4   0   3   0   0   0  81   0   4   0   0   0   0   0   5   0   0   0   0  1.39 0.27
  141 S    1 -3 -1 -2  0 -2 -2 -2 -3 -4 -4 -2 -3 -1 -3  6  1 -5 -3 -3    5   0   0   0   2   0   0   0   0   0   0   0   0   3   0  84   4   0   0   0  1.16 0.33
  142 L   -1 -4 -4 -4 -4 -3 -3 -4 -4 -3  1 -3 -2  2  7 -1 -3 -4 -3 -2    5   0   0   0   0   0   0   0   0   0  15   0   0  10  63   4   0   0   0   2  1.59 0.28
  143 P   -2 -2 -4 -4 -5 -3 -3 -5 -4 -4 -1 -3 -3 -5  8 -3 -3 -6 -5 -4    0   3   0   0   0   0   0   0   0   0   9   0   0   0  88   0   0   0   0   0  2.60 0.40
  144 I   -3 -4 -2 -5 -3 -4 -4 -5 -5  6  0 -1  0 -2 -4 -3  0 -4 -3  2    0   0   2   0   0   0   0   0   0  77   4   4   0   0   0   0   6   0   0   7  1.00 0.27
  145 F   -3  1 -3 -1 -3 -1 -1 -5 -3  0  4 -2  0  0 -4 -2 -2  1 -2  0    0  10   0   3   0   3   4   0   0   1  65   0   0   4   0   3   0   2   0   3  0.54 0.18
  146 Y   -3 -4 -3 -2  0 -3 -4 -5  2 -3 -3 -4 -3  2 -5 -1  0  0  8 -3    0   0   0   3   2   0   0   0   4   0   0   0   0   3   0   4   6   0  76   0  1.62 0.35
  147 S    0  2 -1 -2 -3  3 -1 -3  0 -3 -1  0  0 -2 -1  2 -1  3 -2 -2    7  17   0   0   0  24   0   0   1   0   8   2   3   2   3  26   0   6   0   0  0.42 0.16
  148 F   -3 -5 -4 -5 -4 -5 -5 -5 -3 -2  0 -5 -2  7 -5  0 -3 -1  2 -3    0   0   0   0   0   0   0   0   0   0   5   0   0  85   0   8   0   0   2   0  1.69 0.36
  149 Y   -4 -4 -4 -5 -5 -3 -4 -5  3 -3 -3 -4 -3  3 -5 -3  0  0  8 -3    0   0   0   0   0   0   0   0   7   0   0   0   0   9   0   0   6   0  78   0  1.86 0.37
  150 I   -2  1 -2 -2 -1  1 -2 -4  7 -1  2 -2  0 -2 -2  0 -2 -4  0 -2    0   7   0   2   2   5   0   0  39   1  33   0   1   0   2   6   0   0   1   0  0.68 0.22
  151 N   -2 -1  2  3  0  1  4  0 -1 -4 -4  1  0 -4 -3 -1 -1 -5 -4 -4    0   0  13  18   3   3  35   9   0   0   0  10   4   0   0   2   1   0   0   0  0.60 0.16
  152 G   -2 -1  2  4 -4  0  1  4 -2 -5 -5 -1 -4 -4 -2 -1 -2 -5 -4 -4    0   3  14  26   0   2  11  37   0   0   0   1   0   0   1   1   0   0   0   0  0.74 0.17
  153 E    0  1 -2  1 -3 -1  3 -2 -2  1 -2  0 -1 -2 -3 -2 -1 -4 -3  2    6  11   0  10   0   0  29   1   0   8   0   5   1   1   0   0   1   0   0  26  0.33 0.14
  154 I   -1 -3 -2 -3 -2 -3 -3 -4 -2  4  0 -3  2 -1  0 -1  2 -4 -2  1    5   0   2   0   0   0   0   0   1  42   6   0   5   2   5   3  21   0   0   2  0.37 0.17
  155 L   -3 -4 -5 -5 -3 -4 -4 -5 -4  1  5 -4  1 -1  2 -4 -3  1 -3  0    0   0   0   0   0   0   0   0   0   7  77   0   0   0  10   0   0   2   0   4  0.94 0.24
  156 G   -1  0 -2 -3 -5 -2 -1  6 -3 -5 -5 -1 -2 -5 -4 -1 -3  1 -4 -4    1   7   0   0   0   0   5  76   0   0   0   3   2   0   0   4   0   2   0   0  1.24 0.25
  157 K   -2  0  5  1 -4 -1  1 -2 -1 -2 -4  1 -3 -4 -3  2  0 -5 -4 -3    0   5  45   4   0   0  10   0   1   2   0   8   0   0   0  20   5   0   0   0  0.76 0.23
  158 P   -1  2  0 -1  0 -1 -2 -2  4  0 -3  0 -2 -2  0  2  0 -3  2 -1    0  18   4   2   2   0   0   2  14   9   0   3   0   0   5  28   2   0   9   3  0.32 0.15
  159 L   -1 -2 -1 -2 -3  0 -1 -2 -2  0  1 -1  0 -2 -2  3  1  1 -3  0    0   0   0   0   0   4   3   2   0   5  19   4   2   0   1  41  10   3   0   7  0.33 0.16
  160 A    4 -3 -3 -1 -2 -2 -2  0 -3 -1 -3 -2 -2 -3  0  1  1 -4 -3  1   64   0   0   3   0   0   0   5   0   2   0   0   0   0   4   4   6   0   0  12  0.64 0.22
  161 P   -2 -3 -2 -3 -4 -3 -3 -4  0 -3  0 -3 -2 -2  7  0 -1 -5 -1 -1    1   0   1   0   0   0   0   0   3   0  12   0   0   1  63   9   4   0   2   4  1.53 0.28
  162 S    0  0 -1 -2  1  1 -2 -2  4 -2 -1 -1 -1  0 -3  4  0 -4 -1 -2    6   5   1   0   3   5   0   0  14   1   6   0   1   6   0  47   3   0   1   0  0.46 0.19
  163 G    0  0 -2 -1 -4 -2  0  5 -1 -3 -3  0 -3 -4 -3 -1 -1  0 -2 -3    6   6   0   3   0   0   9  60   2   2   1   5   0   0   0   0   4   2   2   0  0.78 0.19
  164 R    0  2 -1 -1 -4 -1  0  5 -3 -5 -5  0 -4 -5 -3 -1 -2 -5 -4 -4    6  15   2   2   0   2   5  62   0   0   0   5   0   0   0   0   0   0   0   0  0.96 0.22
  165 A    3 -1 -2 -3 -3 -2 -1  3 -3 -1 -3 -1 -2 -4  1  0  1 -4 -4 -1   40   3   1   0   0   0   4  31   0   3   0   1   0   0   5   0   8   0   0   4  0.52 0.17
  166 A    4 -2 -3 -3 -2 -2 -2  0 -3 -1 -2 -1 -2 -3 -2  0  1 -4 -3  2   54   0   0   0   0   0   0   6   0   1   0   4   0   0   0   4  11   0   0  20  0.55 0.20
  167 S    1 -2 -1 -2  0  0 -2 -2 -2 -4 -4 -2 -3  1  0  5  0 -4 -3 -3    7   0   0   0   2   5   0   0   0   0   0   0   0   8   5  74   0   0   0   0  0.94 0.30
  168 L   -3 -4 -3 -5 -2 -4 -5 -5 -3  1  3 -4  0  6 -5 -4 -3 -2  1  0    0   0   1   0   1   0   0   0   0   5  41   0   0  47   0   0   0   0   2   4  0.95 0.24
  169 L   -2 -1  5 -1 -3 -2 -2 -3 -2 -2  3 -1 -1 -2 -2  0  0 -4 -3 -2    1   3  43   0   0   0   0   0   0   0  36   3   0   0   2   6   3   0   0   0  0.58 0.22
  170 A   -2 -4 -4 -5 -3 -3 -4 -5 -3  2  3 -4  0  4 -4 -2 -1 -2  0  1    2   0   0   0   0   0   0   0   0  11  42   0   0  30   0   2   3   0   0  10  0.62 0.17
  171 S   -1 -1  0 -2 -3 -2 -2 -3 -3 -2 -1 -1 -2 -3  4  4  2 -5 -3 -3    1   2   4   0   0   0   0   0   0   1   5   1   0   1  26  42  17   0   0   0  0.81 0.23
  172 V   -2 -4 -4 -5 -3 -3 -2 -3 -4  2  4 -4  1 -1 -4 -3 -2 -4 -3  3    0   0   0   0   0   0   3   2   0   9  49   0   2   0   0   0   0   0   0  35  0.68 0.20
  173 K   -1  0  0 -2 -3 -1 -2 -3 -2 -2 -3  3  2 -4 -3  0  5 -5 -3 -2    2   5   5   0   0   0   0   0   0   0   0  21   6   0   0   1  58   0   0   0  0.78 0.27
  174 A    3 -2 -1 -2 -2 -2 -1 -2 -3 -2 -3 -1 -1 -4 -1  4  1 -5 -3 -1   31   0   0   0   0   0   2   0   0   1   0   2   2   0   2  51   8   0   0   3  0.72 0.23
  175 E   -2 -1 -1  0 -6  1  6  0 -2 -4 -2  0 -3 -5  0 -2 -2 -5 -4 -4    1   1   1   0   0   1  77   7   0   0   5   3   0   0   4   0   0   0   0   0  1.17 0.30
  176 W   -2 -1 -1 -1 -5  4 -1 -4  7 -4 -4 -1 -3 -3 -2  0  0  5  0 -4    0   2   0   2   0  28   0   0  41   0   1   0   0   0   1   8   5  11   1   0  1.10 0.29
  177 S   -1 -2  0  5 -3 -2 -1 -2 -1 -4 -4 -2  1 -4 -3  4 -1 -5 -4 -3    2   1   0  38   0   0   0   1   1   0   0   0   5   0   0  48   0   0   0   0  0.84 0.26
  178 T    3 -1 -1 -1  0 -1 -1  1 -1 -1 -1 -1 -1  0 -1  1  1 -2 -1 -1   33   2   2   2   2   2   2   9   1   2   8   2   1   4   2  10  13   0   1   2  0.18 0.05
  179 K   -1  1 -2 -3 -4 -2 -1  6 -3 -3 -4 -1 -4 -4 -4 -2 -3 -4 -4 -4    2  10   0   0   0   1   3  77   0   2   0   2   0   0   0   0   0   0   0   0  1.27 0.26
  180 N   -1 -2  7  0 -4 -2 -2 -2 -1 -5 -5 -2 -4 -5  0  1  0 -5 -4 -4    4   0  78   1   0   0   0   0   0   0   0   0   0   0   5   7   4   0   0   0  1.43 0.34
  181 Y   -4 -4 -4 -5 -5 -4 -5 -6  2 -3 -3 -4 -3  2 -5 -3 -4  0  8 -4    0   0   0   0   0   0   0   0   3   0   0   0   0   3   0   1   0   0  89   0  2.18 0.45
  182 S    0 -2 -1 -2 -3 -2 -2 -2 -2 -3 -1  0 -2  1 -2  5  1 -3  1 -3    3   0   0   0   0   0   0   0   0   0   5   4   0   8   1  65   8   0   6   0  0.73 0.25
  183 C   -3 -6 -5 -6 10 -5 -6 -5 -6 -3 -4 -6 -4 -4 -6 -2 -3  1 -5 -3    0   0   0   0  95   0   0   0   0   0   0   0   0   0   0   2   0   3   0   0  2.90 0.50
  184 E    0 -1 -2  0 -5  2  5 -3 -2 -4 -4  2 -3 -5 -3 -1  0 -5 -4 -4    5   0   0   0   0   7  64   1   0   0   0  17   0   0   0   0   6   0   0   0  1.07 0.27
  185 A    6 -3 -3 -4 -2 -2 -2 -2 -3 -3 -3 -2 -3 -4 -2  0 -1 -5 -4  0   89   0   0   0   0   0   0   0   0   0   0   0   0   0   0   3   0   0   0   5  1.15 0.34
  186 K   -2  0  2  5 -5  0  3 -2 -2 -4 -5  2 -4 -5 -3 -1 -1 -5 -4 -4    1   5   9  38   0   1  27   1   0   1   0  15   0   0   0   2   1   0   0   0  0.84 0.20
  187 N   -3 -2  8  0 -5 -2 -2 -2 -1 -5 -6  0 -4 -5 -4  0 -2 -6 -4 -5    0   0  94   0   0   0   0   0   0   0   0   3   0   0   0   3   0   0   0   0  2.00 0.42
  188 N   -1  1  0  1 -4 -2 -2  4 -2 -4 -4  1 -3 -4 -3  2 -1 -5 -4 -4    1  10   4   8   0   0   0  44   0   1   0   8   0   0   0  23   1   0   0   0  0.67 0.18
  189 I   -2 -1 -4 -5 -3 -2 -4 -5 -4  3  3 -3  1  0 -2 -3 -2  0 -2  4    0   4   0   0   0   2   0   0   0  15  31   0   1   4   2   0   0   2   0  40  0.53 0.16
  190 S    0 -2 -1 -2  1 -2 -1  4 -3 -4 -4 -1 -3 -4 -2  4 -1 -2 -4 -3    2   2   1   0   3   0   2  37   0   0   0   2   0   0   1  46   0   1   0   1  0.75 0.23
  191 R    2  3  1 -1 -3 -1  0 -2  0 -2 -3  1  0 -3  3  0  0 -4 -1 -2   25  25   6   2   0   0   3   1   2   1   0   7   4   0  15   1   4   0   2   2  0.41 0.13
  192 E   -2  0 -1  0 -5  5  4 -2  2 -5 -4  1 -2 -5 -3 -2 -2 -4 -3 -4    1   2   0   4   0  47  31   2   7   0   0   6   0   0   0   0   0   0   0   0  1.05 0.26
  193 I   -2  4 -2 -3  1  0 -2 -3  3  0 -1  0 -2 -2 -3  0  2 -4 -2 -2    0  41   0   0   4   4   0   0   9   8   7   2   0   2   0   9  14   0   1   0  0.49 0.17
  194 S    0 -2  0 -2 -3  0 -2 -2 -2 -4 -4  0 -3 -4 -3  6  0 -5 -4 -3    0   0   3   0   0   2   0   0   0   0   0   5   0   0   0  88   2   0   0   0  1.26 0.34
  195 E   -2  1 -1  2 -5  2  5 -3 -1 -4 -4  2 -3 -3 -3 -2 -2 -4  0 -4    0   5   1   8   0   6  59   1   1   0   0  13   0   0   0   0   0   0   5   0  0.91 0.21
  196 L    0 -1 -2 -3 -2 -2 -2 -1 -2  0  0 -2  1 -1  4  0  0 -3 -2  2    7   4   0   1   0   0   1   3   0   3   5   1   6   4  28   9   4   0   0  23  0.47 0.11
  197 K    0  1 -1 -1 -2  0  2 -2 -1  0 -1  2  0 -2 -1  0 -1 -3 -2  2    4   7   1   1   0   2  15   2   0   2   5  23   3   1   1   7   1   0   1  23  0.19 0.07
  198 K    1  0  0 -1 -2  0  1 -2 -1 -2 -2  2 -1 -3  1  1  3 -3 -2 -1    9   4   4   1   0   2  10   1   0   1   2  18   1   0   6  11  27   0   0   1  0.33 0.10
  199 F   -2 -2 -4 -4 -3 -3 -4 -4  0  1  3 -3  1  4 -4 -3 -2 -2  1  2    0   2   0   0   0   0   0   1   3   4  43   0   1  23   0   0   0   0   3  19  0.52 0.14
  200 P    0  0  2 -1 -3 -1 -1 -1 -1 -2 -3  0 -2 -3  4  3  2 -4 -3 -2    6   3  13   0   0   1   2   2   1   1   0   4   0   0  20  33  13   0   0   0  0.57 0.14
  201 L   -2 -1 -4 -4 -3 -2 -4 -4 -3  2  4 -3  1  2 -4 -3 -2 -3 -2  2    0   5   0   0   0   2   0   0   0  10  58   0   0   8   0   0   0   0   0  14  0.58 0.15
  202 V    0  0  1  0 -2 -1 -1 -2 -2  0 -2  0 -1  1  0  2  2 -3  0  1    2   6   8   4   0   0   0   0   0   4   1   4   0   7   5  21  20   0   4  14  0.19 0.08
  203 V    0 -3 -3 -4 -2 -3 -3  0 -1  3  1 -3  0  0  0 -2 -1 -3 -2  3    6   0   0   0   0   0   0   8   2  19  15   0   0   4   5   0   0   0   0  40  0.35 0.11
  204 S    1 -1 -1  0 -2 -1 -1 -2 -2 -1 -2 -1  0 -3  2  3  3 -4 -3 -2    8   1   0   3   0   0   3   0   0   3   3   1   3   0  10  38  27   0   0   0  0.51 0.14
  205 G    0 -3 -1  0 -3 -1 -2  5  2 -3 -2 -2 -3 -2 -3  0 -1 -4 -3 -2    7   0   0   5   0   3   0  59   6   0   4   0   0   1   0   4   4   0   0   4  0.71 0.14
  206 T    1 -1 -2 -1 -1 -1 -2 -2 -2 -1  1  0  1 -1  3  1  1 -3 -2  0   13   2   0   3   1   0   0   2   0   2  17   6   7   1  18  12  12   0   0   4  0.27 0.07
  207 A    1 -2  0  0  3 -1 -1 -1 -2 -1 -2 -1  0 -3  2  2  2 -1 -3 -1   13   0   4   4   8   2   0   2   0   4   2   2   4   0  11  23  19   1   0   0  0.30 0.09
  208 W   -1  1 -1 -1 -3 -1  1  2  1 -3 -2 -1 -1  1  2  0 -1  5  0 -2    1  10   1   3   0   1  13  17   5   1   2   1   2   9  11   9   2  11   1   1  0.28 0.07
  209 I   -1 -1  2  0 -2 -1 -1 -2 -1  1  0 -1  0 -1 -2  2  2 -2  1  0    1   1  15   3   0   1   1   1   0  10   9   1   2   1   1  20  22   0   8   4  0.22 0.08
  210 K   -1  4  1 -2 -4  2  0 -1 -1 -3 -2  2 -2 -3 -2  1 -1 -4 -3 -3    3  37   7   0   0  11   2   3   0   0   3  15   0   0   0  16   0   0   0   0  0.57 0.13
  211 S    0  1  1 -2 -3  1 -1 -1 -2 -1 -3  0 -2 -3 -2  4  2 -4 -3 -1    3  10   5   0   0   6   2   2   0   4   0   3   0   0   0  46  13   0   0   4  0.45 0.14
  212 N   -1  0  4  1 -4 -1 -1  3 -1 -1 -3  0 -3 -4 -1  0  1 -4 -3 -3    0   6  32   8   0   0   3  24   1   5   0   3   0   0   3   6   9   0   0   0  0.47 0.12
  213 M   -1  0 -2  0  1 -2 -2 -2  2 -1  1 -2  1 -1  2  0  0  6  0 -2    3   5   0   6   4   0   0   3   7   2  21   0   4   0  12   7   8  15   2   0  0.32 0.10
  214 L   -1  0 -1 -4 -2 -2 -3 -2 -3  2  3 -2  1 -1 -1 -2 -1 -3 -3  3    3   8   4   0   0   0   0   3   0   8  36   0   1   0   3   2   1   0   0  31  0.32 0.11
  215 P    2 -3 -2 -3 -2 -2 -2 -2 -3  1 -1 -2 -1 -3  2  0  3 -4 -3  2   28   0   0   0   0   0   0   0   0   8   0   0   0   0  10   4  23   0   0  26  0.45 0.14
  216 I    1 -2 -2 -3 -2 -2 -2 -3 -3  1  0 -2  1 -2  3  0  2 -3 -1  2   14   1   0   0   0   0   2   0   0  12   6   0   6   0  18   2  18   0   3  17  0.36 0.10
  217 W   -2  0 -2 -3 -4  0 -1  4 -2 -4 -4 -1 -3 -1 -4 -1 -2  8  1 -3    0   7   0   0   0   3   4  38   0   0   0   3   0   2   0   3   2  29   6   2  0.97 0.19
  218 L   -2 -3 -4 -4 -2  0 -3 -4 -3  2  3 -3  0  0 -3 -3 -1 -3 -2  4    0   0   0   0   0   6   0   0   0   6  37   0   0   2   0   0   2   0   0  46  0.57 0.15
  219 P    0 -3 -2 -3 -3 -2 -2 -2 -3  1  0 -2 -1 -3  5  0  3 -4 -3 -1    8   0   0   0   0   0   0   2   0  13  11   0   0   0  30   4  30   0   0   0  0.68 0.15
  220 A    3 -2 -2 -3 -3 -2 -1  4 -3 -2 -3 -2 -2 -4 -3 -1  0  0 -4  0   37   1   0   0   0   0   4  42   0   0   0   0   0   0   0   0   4   2   0  10  0.64 0.16
  221 S    1 -3 -1 -2 -1 -2 -2  4 -3 -4 -4 -2 -3 -4 -3  3 -1 -5 -4 -2   12   0   0   0   2   0   0  48   0   0   0   0   0   0   0  35   0   0   0   3  0.85 0.19
  222 L   -2 -4 -5 -5  0 -3 -4 -5 -4  1  5 -4  1 -1 -1 -4 -3 -3 -3  0    2   0   0   0   2   0   0   0   0   2  88   0   1   0   3   0   0   0   0   2  0.99 0.23
  223 L   -3 -4 -5 -5  0 -3 -4 -5 -4  1  5 -4  1  2 -1 -3 -1 -3 -2  0    0   0   0   0   2   0   0   0   0   4  76   0   0  10   3   0   2   0   0   2  0.81 0.19
  224 G    0 -3 -1  0 -3 -2 -2  4 -3 -1 -3 -2 -3 -4 -3  3 -1 -5 -4 -1    3   0   0   6   0   0   0  48   0   4   0   0   0   0   0  33   0   0   0   6  0.74 0.17
  225 G   -1 -3 -3 -4 -3 -2 -3  2 -3  2  1 -3  5 -2 -3 -2 -1 -3 -3  2    3   0   0   0   0   0   0  17   0  13   9   0  28   0   0   2   3   0   0  24  0.43 0.14
  226 M   -1 -3 -3 -4 -3 -2 -3 -4 -3  1  3 -3  6  1 -3 -1  1 -3 -2  1    2   0   0   0   0   0   0   0   0   4  29   0  38   4   0   4  11   0   0   7  0.61 0.18
  227 V    0 -3  0 -3  0 -3 -3  3 -3  0  0 -3  0 -2 -3 -1  0 -4 -3  3    3   0   4   0   2   0   0  34   0   0   6   0   3   1   0   2   6   0   0  38  0.41 0.13
  228 I   -2 -4 -4 -5 -2 -3 -4 -5 -4  3  3 -3  2  2 -1 -3 -1 -3 -1  1    0   0   0   0   0   0   0   0   0  28  43   0   4  10   3   0   3   0   0   8  0.56 0.13
  229 A    5 -3 -3 -3 -2 -2 -2 -1 -3 -1 -2 -2 -1 -3 -2  0  2 -4 -3  0   74   0   0   0   0   0   0   2   0   4   0   0   1   0   0   0  12   0   0   5  0.76 0.21
  230 A    5 -3 -3 -3 -2 -2 -2  0 -3  0 -2 -2 -2 -3 -1  0  0 -4 -3  0   73   0   0   0   0   0   0   5   0   4   2   0   0   0   2   2   6   0   0   6  0.70 0.20
  231 V    3 -3 -3 -3 -2 -2 -2  1 -3  1  0 -2 -1 -2 -2  0  0 -4 -3  3   33   0   0   0   0   0   0   9   0   4   6   0   0   0   0   7   5   0   0  37  0.36 0.13
  232 V    3 -1 -3 -3 -2 -2 -2 -2 -3  1  2 -2  0  0 -1 -1 -1 -3 -2  2   35   2   0   0   0   0   0   2   0   4  30   0   0   2   2   0   2   0   0  19  0.30 0.11
  233 L   -3 -4 -5 -5 -3 -3 -4 -5 -4  0  5 -4  1 -1 -4 -4 -3 -3 -1 -1    0   0   0   0   0   0   0   0   0   0  95   0   0   0   0   0   0   0   2   0  1.13 0.24
  234 M    0 -3  0 -3  0 -3 -3  1 -3  1  3 -3  2  0 -3 -2 -2 -3 -2  2    6   0   6   0   3   0   0  14   0   2  45   0   5   3   0   0   0   0   0  17  0.32 0.11
  235 Y   -1 -3 -2 -4 -3 -3 -3 -2  3 -1  0 -3 -1  4 -4 -1 -2  2  5  0    3   0   2   0   0   0   0   4   8   0   8   0   0  23   0   4   0   3  37   9  0.69 0.16
  236 F   -2 -1 -2 -3  1 -2 -2 -3  3 -2  0 -2 -1  3 -3 -2 -2  0  6 -2    1   3   1   1   5   1   1   1   8   1   7   1   0  15   1   1   1   0  49   1  0.77 0.15
  237 F   -3 -3 -4 -5  5 -4 -4 -5  1 -1  0 -4 -1  6 -5 -3 -3  4  3 -1    0   2   0   0  17   0   0   0   4   0   5   0   0  53   0   0   0   7  10   3  0.97 0.18
  238 K   -3  5 -2 -3 -4 -1 -2 -2 -2 -3 -3  2 -3 -3 -3 -2  0  8 -1 -3    0  47   0   0   0   0   0   2   0   2   0  16   0   0   0   0   6  28   0   0  1.18 0.20
  239 P   -2 -2 -3 -3 -3 -2 -3 -4 -3 -1  2 -2 -1  1  5 -1  1 -4 -2 -1    0   2   0   0   0   0   0   0   0   0  30   0   0   9  42   2  15   0   0   0  0.91 0.14
  240 C   -2  1 -2 -3  4  2 -1 -3  0 -3  0  0 -1 -2  1  0 -2  7 -1 -3    0  11   0   0  13  18   0   0   2   0  10   4   0   0   7  11   0  24   0   0  0.61 0.12
  241 K   -2  6 -1 -3 -5  0  0 -3 -1 -4 -4  3 -3 -4 -3 -2 -2 -4 -3 -4    0  76   0   0   0   0   2   0   0   0   0  22   0   0   0   0   0   0   0   0  1.37 0.21
  242 K   -2  3 -1 -2 -5  0 -1 -3 -2 -4 -4  6 -3 -4 -2 -1 -2 -5 -3 -4    0   9   0   0   0   0   0   0   0   0   0  88   0   0   0   3   0   0   0   0  1.28 0.22
  243 H    3 -2  0 -2 -2 -1 -1  0  1  0 -2 -1 -2 -3 -2  3  2 -4 -2  0   32   0   3   0   0   0   0   3   5   5   0   0   0   0   0  28  17   0   0   6  0.38 0.08
  244 G   -1 -4 -2 -3 -5 -3 -3  6 -4 -6 -5 -3 -4 -5 -4 -2 -3 -5 -5 -5    0   0   0   0   0   0   0 100   0   0   0   0   0   0   0   0   0   0   0   0  1.78 0.19

                      K         Lambda
Standard Ungapped    0.1767     0.3451
Standard Gapped      0.1100     0.3190
PSI Ungapped         0.1767     0.3451
PSI Gapped           0.1100     0.3190
