
Last position-specific scoring matrix computed, weighted observed percentages rounded down, information per position, and relative weight of gapless real matches to pseudocounts
           A  R  N  D  C  Q  E  G  H  I  L  K  M  F  P  S  T  W  Y  V   A   R   N   D   C   Q   E   G   H   I   L   K   M   F   P   S   T   W   Y   V
    1 K   -1  2  0 -1 -4  1  0 -2 -1 -3 -3  5 -2 -3 -1 -1 -1 -4 -2 -3    0   0   0   0   0   0   0   0   0   0   0 100   0   0   0   0   0   0   0   0  0.83 0.00
    2 L   -2  3 -2 -3 -3 -1 -2 -4 -2  0  3  0  1 -1 -3 -2 -2 -3 -2  0    0  39   0   0   0   0   0   0   0   0  61   0   0   0   0   0   0   0   0   0  0.42 0.00
    3 S    1 -1  0 -1 -2 -1 -1 -1 -1 -2 -2 -1 -2 -3 -1  4  3 -4 -2 -2    0   0   0   0   0   0   0   0   0   0   0   0   0   0   0  78  22   0   0   0  0.66 0.01
    4 S    0 -1  0  3 -2 -1  0 -1 -1 -2 -3 -1 -2 -3 -1  3  2 -4 -2 -2    0   0   0  22   0   0   0   0   0   0   0   0   0   0   0  56  22   0   0   0  0.56 0.01
    5 E    3 -1 -1  0 -2  1  4 -1 -1 -3 -3  0 -2 -3 -1  0 -1 -4 -3 -1   44   0   0   0   0   0  56   0   0   0   0   0   0   0   0   0   0   0   0   0  0.60 0.01
    6 A    2 -1 -1  0 -2  1  3 -1 -1 -2 -2  0 -2 -3 -1  1  2 -4 -3 -1   34   0   0   0   0   0  44   0   0   0   0   0   0   0   0   0  22   0   0   0  0.48 0.01
    7 D   -2 -2  1  6 -4 -1  1 -2 -2 -4 -5 -1 -4 -4 -2 -1 -2 -6 -4 -4    0   0   0 100   0   0   0   0   0   0   0   0   0   0   0   0   0   0   0   0  1.45 0.05
    8 A    3 -2 -1 -2 -1 -1 -1 -1 -2  1 -1 -1 -1 -2 -2  2  0 -3 -2  2   37   0   0   0   0   0   0   0   0  13   0   0   0   0   0  28   0   0   0  22  0.31 0.02
    9 T   -1 -2 -2 -3 -2 -2 -2 -3 -3  1  3 -2  1 -1 -3 -1  3 -3 -2  0    0   0   0   0   0   0   0   0   0   0  63   0   0   0   0   0  37   0   0   0  0.45 0.03
   10 R   -1  4 -1 -2 -4  1  0 -2 -1 -3 -3  5 -2 -4 -2 -1 -1 -4 -3 -3    0  32   0   0   0   0   0   0   0   0   0  68   0   0   0   0   0   0   0   0  0.90 0.04
   11 A    2 -2 -3 -2 -3 -2 -2 -2 -2 -3 -3 -1 -2 -4  7  0 -1 -4 -3 -2   32   0   0   0   0   0   0   0   0   0   0   0   0   0  68   0   0   0   0   0  1.71 0.05
   12 T    0 -2 -1 -2 -2 -1 -1 -2 -2 -1 -2 -1 -1 -2 -2  1  5 -4 -2 -1    0   0   0   0   0   0   0   0   0   0   0   0   0   0   0   0 100   0   0   0  0.92 0.06
   13 N   -2 -1  6  1 -4  0 -1 -1  0 -4 -4  0 -3 -4 -3  0 -1 -4 -3 -4    0   0 100   0   0   0   0   0   0   0   0   0   0   0   0   0   0   0   0   0  1.28 0.06
   14 P   -1 -3 -3 -2 -4 -2 -2 -3 -3 -4 -4 -2 -3 -4  8 -1 -2 -5 -4 -3    0   0   0   0   0   0   0   0   0   0   0   0   0   0 100   0   0   0   0   0  2.75 0.07
   15 A    3  1 -1 -2 -1 -1 -1 -1 -2 -2  0 -1 -1 -2 -1  2  0 -3 -2 -1   54  10   0   0   0   0   0   0   0   0  11   0   0   0   0  24   0   0   0   0  0.38 0.03
   16 A    5 -2 -2 -2 -1 -1 -1  0 -2 -2 -2 -1 -2 -3 -1  1  0 -3 -3 -1  100   0   0   0   0   0   0   0   0   0   0   0   0   0   0   0   0   0   0   0  0.75 0.05
   17 Q   -1  0 -1 -2 -3  5  1 -3  0 -1  0  0  0 -2 -2 -1 -1 -3 -2  1    0   0   0   0   0  69   0   0   0   0  11   0   0   0   0   0   0   0   0  20  0.62 0.05
   18 Q   -1  2  0 -1 -4  3  1 -2 -1 -3 -3  5 -2 -4 -2 -1 -1 -4 -3 -3    0   0   0   0   0  24   0   0   0   0   0  76   0   0   0   0   0   0   0   0  0.86 0.05
   19 A    5 -2 -2 -2 -1 -1 -1  0 -2 -2 -2 -1 -2 -3 -1  1  0 -3 -3 -1  100   0   0   0   0   0   0   0   0   0   0   0   0   0   0   0   0   0   0   0  0.75 0.05
   20 V    1 -3 -3 -4 -1 -3 -3 -3 -3  3  1 -3  0 -1 -3 -2 -1 -3 -2  4   13   0   0   0   0   0   0   0   0  32   0   0   0   0   0   0   0   0   0  55  0.45 0.03
   21 L   -2 -3 -4 -4 -2 -2 -3 -4 -3  1  4 -3  3  0 -3 -3 -1 -2 -2  1    0   0   0   0   0   0   0   0   0   0  77   0  10   0   0   0   0   0   0  13  0.61 0.03
   22 D   -1 -1  1  5 -4  0  3 -2 -1 -3 -3  0 -3 -3 -2 -1 -1 -4 -3 -3    1   1   1  56   0   1  32   1   0   1   1   1   0   0   1   1   1   0   0   1  0.87 0.03
   23 L    0 -1 -1 -1 -2 -1 -1  3 -1 -1  1 -1  2 -1 -1  0  0 -2 -2 -1    3   2   1   2   1   1   2  38   1   2  17   2  11   1   2   2   9   0   1   2  0.23 0.01
   24 T    1  0  0 -1 -1  0  0 -1 -1 -2 -2  1 -1 -2 -1  3  2 -3 -2 -1   10   1   1   1   0   1   1   1   0   1   2  11   0   1   1  42  23   0   1   1  0.37 0.02
   25 S   -1 -1  4  0 -3  0 -1  1  3 -3 -3 -1  0 -3 -2  2  0 -4 -2 -3    0   0  47   0   0   0   0  10  11   0   0   0   7   0   0  24   0   0   0   0  0.54 0.03
   26 N    0  0  4  0 -3  1 -1 -1  0 -3 -3  1 -2 -1 -2  2  0 -2  2 -2   10   0  34   0   0   8   0   0   0   0   0  10   0   0   0  21   0   0  16   0  0.40 0.02
   27 Q    1  0 -1 -1 -3  5  1  1  3 -3 -3  0 -1 -3 -2  0 -1 -3 -2 -2   22   0   0   0   0  56   0  10  13   0   0   0   0   0   0   0   0   0   0   0  0.60 0.04
   28 Y   -3 -3 -3 -4 -3 -3 -4 -4  0 -1  0 -3 -1  5 -4 -3 -2  1  5 -1    0   0   0   0   0   0   0   0   0   0   8   0   0  47   0   0   0   0  45   0  0.95 0.04
   29 K   -1  4 -1 -2 -4  1  0 -2 -1 -3 -3  5 -2 -4 -2 -1 -1 -4 -3 -3    0  31   0   0   0   0   0   0   0   0   0  69   0   0   0   0   0   0   0   0  0.90 0.04
   30 I   -1 -3 -4 -4 -2 -3 -3 -4 -4  4  1 -3  1 -1 -3 -2 -1 -3 -2  4    0   0   0   0   0   0   0   0   0  44   0   0   0   0   0   0   0   0   0  56  0.58 0.03
   31 S    0 -1  3  0 -1  0  0 -1 -1 -2 -2  0 -1 -2 -1  3  1 -2 -1 -1    2   2  20   2   1   1   2   2   1   2   3   2   1   1   2  53   2   0   1   2  0.39 0.02
   32 T    1 -1 -1 -1 -2 -1 -1 -2 -2 -2 -2 -1 -1 -2  4  1  4 -3 -2 -1    9   1   1   1   0   0   1   1   0   1   1   1   0   0  22   9  52   0   0   1  0.63 0.03
   33 S    0  3  0 -1 -2  0  0 -1  2 -3 -2  1 -2 -2 -1  3  0 -3 -1 -2    1  29   1   1   0   0   1   1  11   1   1   9   0   0   1  43   1   0   0   1  0.44 0.02
   34 N    0 -2  3  0 -3 -1  1  2 -1 -2 -3 -1 -2 -3  3  1 -1 -4 -3 -1    0   0  25   0   0   0  10  21   0   0   0   0   0   0  20  15   0   0   0   8  0.51 0.02
   35 N    0 -1  3  2 -3 -1 -1  1 -1 -3 -3 -1 -2 -3  2  3  1 -4 -3 -3    0   0  27  10   0   0   0   8   0   0   0   0   0   0  10  37   8   0   0   0  0.53 0.02
   36 P    0 -2 -1 -1 -2 -1 -1  0 -2 -3 -3 -1 -2 -3  6  1  1 -3 -3 -2    1   1   1   1   0   1   1   9   0   1   1   1   0   0  54  19   9   0   0   1  1.17 0.03
   37 A    2 -2 -1  1 -2 -1 -1 -1 -2  0 -1 -1 -1 -2 -2  3  2 -4 -2  1   22   0   0   8   0   0   0   0   0   0   0   0   0   0   0  35  11   0   0  23  0.31 0.02
   38 P    1  2 -1  1 -3  0 -1  0 -2 -2 -3  1 -2 -3  4  1 -1 -4 -3 -1   10  18   0   8   0   0   0   8   0   0   0  13   0   0  24  11   0   0   0   7  0.48 0.01
   39 M   -1 -2 -2 -3 -2 -2 -2 -3 -2  2  2 -2  3 -1 -2  0  0 -2 -2  2    1   1   1   1   0   0   1   1   0  14  29   1  14   0   1  11   1   0   0  24  0.25 0.01
   40 K   -1  4 -1 -2 -4  1  0 -2 -1 -3 -3  5 -2 -4 -2 -1 -1 -4 -3 -3    0  29   0   0   0   0   0   0   0   0   0  71   0   0   0   0   0   0   0   0  0.91 0.04
   41 V   -1 -3 -4 -4 -2 -3 -3 -4 -4  2  2 -3  1 -1 -3 -2 -1 -3 -2  4    0   0   0   0   0   0   0   0   0   0  20   0   0   0   0   0   0   0   0  80  0.55 0.04
   42 K   -1  2  0 -1 -4  2  0 -2  2 -3 -3  5 -2 -3 -2 -1 -1 -4 -2 -3    0   0   0   0   0  11   0   0  10   0   0  79   0   0   0   0   0   0   0   0  0.81 0.05
   43 T    1 -2 -2 -2 -3 -2 -2 -3 -2 -2 -2 -2 -2 -3  6 -1  1 -4 -3  0   10   0   0   0   0   0   0   0   0   0   0   0   0   0  65   0  14   0   0  10  1.52 0.04
   44 L   -1  2 -2 -3 -2 -1 -2 -4 -2  2  3 -1  1 -1 -3 -2  1 -3 -2  1    0  21   0   0   0   0   0   0   0  18  43   0   0   0   0   0  10   0   0   8  0.30 0.02
   45 G    1 -1 -1 -1 -2  1 -1  4 -2 -3 -3 -1 -2 -3 -2  0  1 -3 -3 -2   11   1   0   1   0  12   1  52   0   1   1   1   0   0   1   1  18   0   0   1  0.56 0.02
   46 S    1 -2  1 -1  3 -1 -1 -1 -2 -2  0 -1 -1 -2 -2  3  1 -3 -2 -1   16   0  10   0  10   0   0   0   0   0  11   0   0   0   0  45   8   0   0   0  0.35 0.02
   47 T    2 -1 -1 -2 -2 -1 -1 -1  2 -2 -2 -1  1 -2  2  2  2 -3 -2 -1   26   0   0   0   0   0   0   0  10   0   0   0   8   0  11  23  22   0   0   0  0.39 0.02
   48 L   -2  1 -2 -3 -2  2 -1 -4  2  1  3 -1  1 -1 -3 -2 -1 -3 -1  1    0  10   0   0   0  16   0   0  10   0  53   0   0   0   0   0   0   0   0  11  0.30 0.02
   49 N   -1 -1  2  2 -2 -1  0 -2  2 -2  0 -1 -1 -2 -2  2  2 -4 -2 -2    0   0  14  20   0   0   0   0  11   0  16   0   0   0   0  21  18   0   0   0  0.30 0.02
   50 R   -1  4 -1 -1 -4  1  0 -2 -1 -3 -3  5 -2 -4 -2 -1 -1 -4 -3 -3    0  24   0   0   0   0   0   0   0   0   0  76   0   0   0   0   0   0   0   0  0.91 0.05
   51 K   -1  2  0 -1 -4  1  0 -2 -1 -3 -3  5 -2 -4 -2 -1 -1 -4 -3 -3    0   0   0   0   0   0   0   0   0   0   0 100   0   0   0   0   0   0   0   0  1.01 0.06
   52 S    1 -1  0 -1 -2 -1 -1 -1 -1 -3 -3 -1 -2 -3 -1  5  1 -4 -2 -2    0   0   0   0   0   0   0   0   0   0   0   0   0   0   0 100   0   0   0   0  0.87 0.06
   53 L   -2 -3 -4 -5 -2 -3 -4 -4 -3  2  4 -3  2  0 -3 -3 -2 -3 -2  1    0   0   0   0   0   0   0   0   0  16  84   0   0   0   0   0   0   0   0   0  0.67 0.03
   54 F   -3 -4 -4 -4 -3 -4 -4 -4 -2 -1  0 -4 -1  7 -4 -3 -3  0  3 -1    0   0   0   0   0   0   0   0   0   0   0   0   0 100   0   0   0   0   0   0  1.21 0.06
   55 D   -2 -1  0  5 -5  1  4 -2 -1 -4 -4  0 -3 -4 -2 -1 -1 -5 -4 -3    0   0   0  45   0   0  55   0   0   0   0   0   0   0   0   0   0   0   0   0  1.05 0.04
   56 G    0 -3 -1 -2 -4 -3 -3  6 -3 -5 -4 -2 -4 -4 -3 -1 -2 -4 -4 -4    0   0   0   0   0   0   0 100   0   0   0   0   0   0   0   0   0   0   0   0  1.47 0.05
   57 L   -2 -3 -4 -5 -2 -3 -4 -4 -3  1  4 -3  2  0 -3 -3 -2 -2 -2  0    0   0   0   0   0   0   0   0   0   0 100   0   0   0   0   0   0   0   0   0  0.77 0.04
   58 E   -1 -1 -1  1 -5  1  6 -3 -1 -4 -4  0 -3 -4 -2 -1 -1 -4 -3 -3    0   0   0   0   0   0 100   0   0   0   0   0   0   0   0   0   0   0   0   0  1.23 0.06
   59 E   -1 -1 -1  1 -5  1  6 -3 -1 -4 -4  0 -3 -4 -2 -1 -1 -4 -3 -3    0   0   0   0   0   0 100   0   0   0   0   0   0   0   0   0   0   0   0   0  1.23 0.06
   60 F    0 -2 -1 -2 -2 -2 -2 -2  0 -2 -1 -2 -1  4 -3  3  0  0  4 -2    0   0   0   0   0   0   0   0   0   0   0   0   0  32   0  44   0   0  24   0  0.52 0.03
   61 D   -2 -2  1  6 -4 -1  1 -2 -2 -4 -5 -1 -4 -4 -2 -1 -2 -6 -4 -4    0   0   0 100   0   0   0   0   0   0   0   0   0   0   0   0   0   0   0   0  1.48 0.06
   62 A    2 -2 -1 -2 -2 -1 -1  1 -2 -3 -3 -1 -2 -3  4  3  0 -4 -3 -2   24   0   0   0   0   0   0  10   0   0   0   0   0   0  23  43   0   0   0   0  0.68 0.03
   63 S    1 -1  0 -1 -2 -1 -1 -1 -2 -2 -2 -1 -2 -3 -2  4  3 -4 -2 -1    0   0   0   0   0   0   0   0   0   0   0   0   0   0   0  63  37   0   0   0  0.70 0.04
   64 V   -1 -3 -4 -4 -2 -3 -3 -4 -3  2  3 -3  1  0 -3 -3 -1 -3 -2  3    0   0   0   0   0   0   0   0   0  10  58   0   0   0   0   0   0   0   0  32  0.53 0.03
   65 E   -1 -1  0  3 -5  1  5 -3 -1 -4 -4  0 -3 -4 -2 -1 -1 -4 -3 -3    0   0   0  13   0   0  87   0   0   0   0   0   0   0   0   0   0   0   0   0  1.11 0.05
   66 G    0 -2  0  3 -3 -1  0  2 -2 -3 -3 -1 -2 -3 -2  2  2 -4 -3 -2    0   0   0  31   0   0   0  24   0   0   0   0   0   0   0  24  20   0   0   0  0.53 0.02
   67 F   -3 -3 -4 -4 -3 -3 -4 -4 -2  0  2 -3  0  6 -4 -3 -2 -1  2 -1    0   0   0   0   0   0   0   0   0   0  31   0   0  69   0   0   0   0   0   0  0.80 0.04
   68 N    0 -1  3 -1  3  2 -1 -2 -1 -2 -3 -1 -2 -3 -2  2  3 -4 -2 -2    0   0  24   0  11  13   0   0   0   0   0   0   0   0   0  25  26   0   0   0  0.45 0.03
   69 L   -2 -3 -4 -4 -2 -3 -3 -4 -3  2  4 -3  2  0  2 -3 -2 -3 -2  0    0   0   0   0   0   0   0   0   0  10  77   0   0   0  13   0   0   0   0   0  0.61 0.03
   70 K   -1  3  0 -1 -4  1  0 -2 -1 -3 -3  5 -2 -4 -2 -1 -1 -4 -3 -3    0  13   0   0   0   0   0   0   0   0   0  87   0   0   0   0   0   0   0   0  0.94 0.05
   71 P   -1 -2 -2 -2 -3 -2 -2 -3 -2 -4 -3 -2 -3 -4  7  1 -1 -5 -4 -3    0   0   0   0   0   0   0   0   0   0   0   0   0   0  87  13   0   0   0   0  2.28 0.06
   72 S    0 -1  4  0 -2 -1 -1 -1 -1  0 -2 -1 -2 -3 -2  3  0 -4 -2 -1    0   0  42   0   0   0   0   0   0  13   0   0   0   0   0  45   0   0   0   0  0.54 0.04
   73 A    3  3 -1 -2 -2  0 -1 -1 -1 -2 -2  0 -2 -3 -1  1  1 -3 -2 -1   56  31   0   0   0   0   0   0   0   0   0   0   0   0   0   0  13   0   0   0  0.48 0.03
   74 K   -1  3  0 -1 -4  1  0 -2 -1 -3 -3  5 -2 -4 -2 -1 -1 -4 -3 -3    0  10   0   0   0   0   0   0   0   0   0  90   0   0   0   0   0   0   0   0  0.95 0.05
   75 R   -2  6 -1 -2 -4  1 -1 -3 -1 -4 -3  3 -2 -4 -2 -1 -2 -4 -3 -3    0  87   0   0   0   0   0   0   0   0   0  13   0   0   0   0   0   0   0   0  1.14 0.05
   76 L   -2 -3 -4 -5 -2 -3 -4 -4 -3  1  4 -3  2  0 -3 -3 -2 -2 -2  0    0   0   0   0   0   0   0   0   0   0 100   0   0   0   0   0   0   0   0   0  0.77 0.04
   77 V   -1 -3 -3 -4 -2 -2 -3 -4 -3  3  1 -3  2 -1 -3 -2 -1 -3 -2  4    0   0   0   0   0   0   0   0   0  32   0   0  13   0   0   0   0   0   0  55  0.52 0.03
   78 I   -2 -3 -4 -4 -2 -3 -4 -5 -4  4  3 -3  1  0 -4 -3 -1 -3 -2  2    0   0   0   0   0   0   0   0   0  56  44   0   0   0   0   0   0   0   0   0  0.58 0.03
   79 K   -1  4 -1 -2 -4  1  0 -2 -1 -3 -3  5 -2 -4 -2 -1 -1 -4 -3 -3    0  31   0   0   0   0   0   0   0   0   0  69   0   0   0   0   0   0   0   0  0.90 0.04
   80 P    1 -2 -3 -2 -3 -2 -2 -3 -3 -3 -3 -2 -3 -4  7 -1 -2 -5 -4 -3   11   0   0   0   0   0   0   0   0   0   0   0   0   0  89   0   0   0   0   0  2.33 0.06
   81 K   -1  4  0 -1 -4  2  0 -2 -1 -3 -3  4 -2 -4 -2 -1 -1 -4 -3 -3    0  27   0   0   0  10   0   0   0   0   0  63   0   0   0   0   0   0   0   0  0.84 0.04
   82 V    1 -2 -1  1 -2 -1 -1 -2 -2 -1 -2 -1 -1 -2  4  1  2 -3 -2  1   15   0   0  12   0   0   1   1   0   0   1   1   0   0  21  12  19   0   0  16  0.40 0.01
   83 K    0  3  0 -1 -2  0  0 -2 -1 -2 -2  3 -1 -3 -1  1  1 -3 -2 -2    9  24   0   0   0   0   1   1   0   0   1  36   0   0   0  10  14   0   0   1  0.44 0.02
   84 S    0 -1  3  0 -2  0 -1 -1 -1 -2 -2  1 -2 -3  2  2  3 -3 -2 -2    1   0  21   0   0   0   1   1   0   0   1  10   0   0  12  25  27   0   0   1  0.44 0.02
   85 V    0 -2 -1 -2 -2 -1 -1 -2 -2  0 -1 -1 -1 -2  3  1  3 -3 -2  2    1   1   0   1   0   0   1   1   0   1   1   1   0   0  15  11  33   0   0  33  0.37 0.02
   86 E   -1 -1 -1  2 -3  1  4 -2 -1 -1 -1  0  1 -2 -2  0  1 -3 -2  0    1   1   0  11   0   0  45   1   0   1   1   1  11   0   1   1  15   0   0  11  0.38 0.02
   87 G    1 -2 -1 -1 -2 -1  1  2 -2  0 -2 -1 -1 -3 -2  2  0 -4 -3  0   12   0   0   0   0   0  15  17   0  11   0   0   0   0   0  35   0   0   0  10  0.27 0.02
   88 G    1 -2  2 -1 -3 -2 -2  4 -2 -1 -3 -2 -2 -3  2 -1 -1 -4 -3 -2   11   0  15   0   0   0   0  51   0  11   0   0   0   0  12   0   0   0   0   0  0.61 0.02
   89 N   -2  0  5  2 -3  0  0 -2 -1  0 -2  1 -2 -3 -2  0  1 -4 -3 -2    0   0  54  10   0   0   0   0   0  11   0  15   0   0   0   0  11   0   0   0  0.56 0.03
   90 P    1 -2 -2 -2 -2 -1 -1 -2 -2 -2  0 -1 -1 -2  6  1 -1 -3 -3 -2   11   1   0   1   0   0   1   1   0   1  13   1   0   0  53  16   1   0   0   1  1.10 0.03
   91 S    0 -2  2 -1 -2 -1  1  1 -1  1 -1 -1 -1 -2 -2  2  1 -4 -2  0    0   0  12   0   0   0  11  10   0  15   0   0   0   0   0  32  11   0   0  10  0.22 0.02
   92 S    3 -2 -1 -2 -2 -1 -1 -1 -2  0 -2 -1 -1 -3  2  3  0 -4 -2 -1   40   0   0   0   0   0   0   0   0  11   0   0   0   0  12  37   0   0   0   0  0.47 0.03
   93 S    0 -1  2 -1 -2  2  0  1 -1 -3 -3  0 -2 -3 -2  3  2 -4 -2 -2    0   0  12   0   0  18   0  13   0   0   0   0   0   0   0  44  13   0   0   0  0.48 0.03
   94 I    0 -2 -2 -3 -2 -2 -2  1 -3  2  1 -2  0 -1 -3  1  1 -3 -2  2    0   0   0   0   0   0   0  13   0  32  12   0   0   0   0  18  12   0   0  13  0.20 0.02
   95 G    0 -1  3  0 -3  2 -1  3 -1 -4 -3 -1 -2 -3 -2  2  0 -4 -3 -3    0   0  26   0   0  13   0  31   0   0   0   0   0   0   0  30   0   0   0   0  0.57 0.03
   96 S    2 -2  2 -1 -2 -1 -1  3 -1 -3 -3 -1 -2 -3 -2  3  1 -4 -3 -2   18   0  13   0   0   0   0  25   0   0   0   0   0   0   0  32  12   0   0   0  0.47 0.02
   97 A    3  1 -1 -2 -2 -1 -1  1 -2 -2 -3  0 -2 -3 -1  2  0 -4 -3 -1   49  13   0   0   0   0   0  13   0   0   0   0   0   0   0  26   0   0   0   0  0.45 0.03
   98 P    0 -2 -1 -2 -2 -1 -1  1 -2  1 -1 -1 -1 -2  4  2  0 -3 -2 -1    1   1   1   1   0   1   1  14   0  18   1   1   0   1  32  26   1   0   0   1  0.56 0.02
   99 N   -1 -1  4  0 -3 -1 -1  1 -1 -3 -3 -1 -2 -3  3  1  0 -3 -2 -3    1   1  44   1   0   1   1  14   0   1   1   1   0   1  18  14   1   0   0   1  0.61 0.03
  100 T    0  1 -1 -2 -2 -1 -2  3 -2 -2  0 -1 -1 -2 -2  1  3 -3 -3 -1    0  12   0   0   0   0   0  31   0   0  13   0   0   0   0  13  31   0   0   0  0.35 0.02
  101 P    1 -2 -2 -2 -3  1 -1 -2 -2 -2 -2 -1 -2 -3  6  1 -1 -4 -3  0   13   0   0   0   0  12   0   0   0   0   0   0   0   0  50  12   0   0   0  13  1.07 0.04
  102 Q    2 -1 -1 -2 -2  2  0 -2  3  0 -2 -1 -1 -2 -2  2  1 -3 -1 -1   26   0   0   0   0  19   0   0  13  12   0   0   0   0   0  18  12   0   0   0  0.28 0.02
  103 S    1 -2  0  3 -2 -1  0  1 -2 -3 -3 -1 -2 -3 -2  2  1 -4 -3 -2   13   0   0  30   0   0   0  12   0   0   0   0   0   0   0  32  12   0   0   0  0.48 0.03
  104 R    1  2 -1 -2 -2 -1 -2  1 -2  2 -1 -1 -1 -2 -2  1  1 -3 -2  0   12  19   0   0   0   0   0  12   0  31   0   0   0   0   0  13  13   0   0   0  0.17 0.02
  105 P   -1 -1 -1  1 -2  1  0 -2 -1  0  1 -1  0 -2  3  1 -1 -3 -2  0    1   1   1  13   0  13   1   1   0   1  19   1   0   1  19  14   1   0   0  13  0.29 0.01
  106 K    0  0  2  0 -3  2  2 -2  3  0 -2  2 -1 -3 -2  0 -1 -3 -1 -1   12   0  12   0   0  13  18   0  13  13   0  19   0   0   0   0   0   0   0   0  0.30 0.02
  107 G    3 -1 -1 -1 -1 -1 -1  2 -2 -2 -2 -1 -1 -2 -1  2  1 -3 -2 -1   44   1   1   1   0   1   1  20   0   1   1   1   0   1   1  13  13   0   0   1  0.38 0.02
  108 A    2 -2 -1  2 -2 -1 -1 -1 -2 -1  0 -1 -1 -2  2  0  1 -3 -2 -1   33   1   1  19   0   1   1   1   0   1  13   1   0   1  13   1  13   0   0   1  0.29 0.02
  109 T   -1 -1 -1 -2 -2 -1 -1 -3 -2  0  0  1  0 -2  2  0  3 -3 -2  1    0   0   0   0   0   0   0   0   0   0  13  18   0   0  13   0  43   0   0  13  0.36 0.03
  110 P   -1 -2  2 -1 -3 -1  2  1 -1 -4 -4 -1 -3 -4  5  1 -1 -4 -3 -3    0   0  13   0   0   0  18  13   0   0   0   0   0   0  43  12   0   0   0   0  0.99 0.03
  111 N   -1  3  4  2 -3  0  0 -2 -1 -3 -3  0 -2 -3 -2  1  1 -4 -3 -3    0  26  36  13   0   0   0   0   0   0   0   0   0   0   0  12  12   0   0   0  0.56 0.03
  112 K    0  2  0 -1 -3  0  0  1 -1 -3 -3  3 -2 -3 -2  3  0 -4 -3 -3    0  12   0   0   0   0   0  12   0   0   0  36   0   0   0  39   0   0   0   0  0.50 0.03
  113 E    2 -1 -1 -1 -2  2  2 -2  0 -2 -2  0 -1 -1 -2  1  1 -1  3 -1   25   0   0   0   0  12  19   0   0   0   0   0   0   0   0  13  13   0  18   0  0.33 0.02
  114 R   -1  4 -1 -2 -3  0 -1  2 -1 -1 -2  2 -2 -3 -2 -1 -1 -4 -3  0    0  44   0   0   0   0   0  25   0   0   0  13   0   0   0   0   0   0   0  18  0.48 0.03
  115 E   -1  0 -1  1 -5  3  5 -3  0 -4 -4  0 -2 -4 -2 -1 -1 -4 -3 -3    0   0   0   0   0  18  82   0   0   0   0   0   0   0   0   0   0   0   0   0  1.09 0.06
  116 S    0 -1  0 -1 -2  2  0 -1 -1 -2 -3  0 -1 -3 -2  4  3 -3 -2 -2    0   0   0   0   0  18   0   0   0   0   0   0   0   0   0  57  26   0   0   0  0.60 0.04
  117 F   -2 -3 -3 -4 -3 -3 -3 -4 -2 -1  0 -3 -1  6 -4 -2  1  0  2 -1    0   0   0   0   0   0   0   0   0   0   0   0   0  82   0   0  18   0   0   0  0.88 0.06
  118 S    0  3  2 -1 -3  2  0 -1 -1 -3 -3  0 -2 -3 -2  3  0 -4 -2 -3    0  25  13   0   0  13   0   0   0   0   0   0   0   0   0  49   0   0   0   0  0.55 0.04
  119 G   -1 -2  4 -1 -3 -1 -2  4 -1 -1 -3 -1 -2 -3 -3 -1 -1 -4 -3  0    0   0  38   0   0   0   0  44   0   0   0   0   0   0   0   0   0   0   0  18  0.61 0.04
  120 A    2  0 -1 -1 -2  4  1 -2  0 -2 -2  0 -1 -3 -2  0  2 -3 -2 -1   32   0   0   0   0  50   0   0   0   0   0   0   0   0   0   0  18   0   0   0  0.57 0.04
  121 I   -2 -3 -4 -4 -2 -3 -4 -5 -4  5  2 -3  1 -1 -4 -3 -1 -3 -2  2    0   0   0   0   0   0   0   0   0  82  18   0   0   0   0   0   0   0   0   0  0.65 0.05
  122 P   -1 -3 -3 -3 -4 -2 -2 -3 -3 -4 -4 -2 -3 -4  8 -2 -2 -5 -4 -3    0   0   0   0   0   0   0   0   0   0   0   0   0   0 100   0   0   0   0   0  2.76 0.08
  123 S    0 -1  2  0 -2  0  2 -2 -1 -1  0 -1 -1 -2 -2  2  3 -4 -2 -1    0   0  13   0   0   0  18   0   0   0  12   0   0   0   0  19  38   0   0   0  0.37 0.03
  124 E   -2 -1  2  3 -4  3  3 -2  3 -4 -4  0 -2 -3 -2 -1 -1 -4 -2 -3    0   0  13  25   0  18  32   0  12   0   0   0   0   0   0   0   0   0   0   0  0.70 0.03
  125 P   -1  2 -2 -2 -4 -1 -1 -3 -2 -4 -3 -1 -3 -4  7 -1 -2 -5 -4 -3    0  16   0   0   0   0   0   0   0   0   0   0   0   0  84   0   0   0   0   0  2.15 0.03
  126 L    0 -1 -1 -1 -2  0  1 -2 -2 -1  1 -1  0 -2 -2  2  3 -3 -2 -1    0   0   0   0   0   0  16   0   0   0  23   0   0   0   0  30  31   0   0   0  0.32 0.01
  127 P   -1 -2  0  3 -3 -1  0 -2 -2 -4 -4 -1 -3 -4  6  1 -1 -5 -4 -3    0   0   0  32   0   0   0   0   0   0   0   0   0   0  53  15   0   0   0   0  1.35 0.02
  128 P    0 -1 -1 -1 -2  2  0 -1 -1 -2 -2  0 -2 -3  5  2  0 -3 -2 -2    1   1   1   1   0  16   1   1   0   1   1   1   0   1  38  33   1   0   1   1  0.82 0.01
  129 A    3 -2 -2 -2 -1 -1 -1 -1 -2  1  0 -1  0 -1 -1  0  0 -2 -2  2   53   1   1   1   0   1   1   1   0  17   1   1   0   1   1   1   1   0   1  17  0.25 0.01
  130 G    2 -2 -1 -2 -2 -2 -2  4 -2 -3 -3 -1 -2 -3 -2  1 -1 -4 -3 -2   31   0   0   0   0   0   0  55   0   0   0   0   0   0   0  14   0   0   0   0  0.72 0.02
  131 N    1  0  3 -1 -3  0  0 -1 -1 -3 -3  3 -2 -3  3  1  0 -4 -3 -2   16   0  23   0   0   0   0   0   0   0   0  31   0   0  16  14   0   0   0   0  0.51 0.01
  132 S    0 -1  2  0 -2  2  0  2 -1 -3 -3  0 -2 -3 -2  3  0 -4 -3 -3    0   0  16   0   0  16   0  16   0   0   0   0   0   0   0  52   0   0   0   0  0.51 0.02
  133 P   -1  2 -1 -2 -3  2  0 -2 -1 -3 -3  2 -2 -4  5  1 -1 -4 -3 -3    0  14   0   0   0  16   0   0   0   0   0  16   0   0  39  15   0   0   0   0  0.93 0.02
  134 E    1 -1  2  0 -2  2  1  1  0 -2 -2  0 -1 -3 -1  1  0 -3 -2 -2   16   1  17   1   0  16  12  13   0   1   1   1   0   1   1  15   1   0   1   1  0.30 0.01
  135 A    1 -1 -1 -1 -2  2  0 -1  3 -2 -2 -1 -1 -1  3  0 -1 -1  3 -2   24   1   1   1   0  17   1   1  16   1   1   1   0   1  15   1   1   0  16   1  0.36 0.01
  136 T    0  2 -1 -1 -2  2  0 -2 -1 -2 -2  0 -1 -2  3  0  3 -3 -2 -1    1  15   1   1   0  16   1   1   0   1   1   1   0   1  17   1  39   0   1   1  0.45 0.01
  137 N   -1 -1  3  3 -3  2  1 -1  0 -2 -2  0 -2 -3 -1  0  1 -3 -2 -2    1   1  23  31   0  17   1   1   0   1   1   1   0   1   1   1  16   0   1   1  0.47 0.01
  138 G    0 -1  0 -1 -3  2 -1  4 -1 -3 -3 -1 -2 -3 -2  1 -1 -3 -2 -2    1   1   1   1   0  16   1  55   0   1   1   1   0   1   1  15   1   0   1   1  0.59 0.01
  139 R   -1  4  0 -1 -2  2  0 -1  0 -2 -2  1 -1 -2 -1  0 -1 -2 -1 -2    3  54   1   2   1  17   2   2   1   2   3   2   1   1   2   2   2   0   1   2  0.51 0.01
  140 E   -1  0  0  0 -2  4  4 -1  0 -2 -2  1 -1 -2 -1  0 -1 -2 -2 -2    3   2   1   2   1  31  40   2   1   2   3   2   1   1   2   2   2   0   1   2  0.50 0.01
  141 S    1 -1  0 -1 -2  2  0 -1 -1 -2 -2  0 -1 -2 -1  3  2 -3 -2 -1    1   1   1   1   0  15   1   1   0   1   1   1   0   1   1  55  17   0   1   1  0.44 0.01
  142 Q    0  0  0  0 -1  4  1 -1  0 -1 -1  0  0 -1  0  0  2 -1 -1 -1    4   2   2   3   1  39   3   3   1   2   4   3   1   2   2   3  19   1   2   3  0.28 0.01
  143 D   -2 -2  1  6 -4 -1  1 -2 -2 -4 -5 -1 -4 -4 -2 -1 -2 -5 -4 -4    0   0   0 100   0   0   0   0   0   0   0   0   0   0   0   0   0   0   0   0  1.41 0.03
  144 N   -1 -2  3 -1 -2 -1 -1  1 -1  1 -1 -1  2 -2 -2  1  2 -3 -2  0    0   0  23   0   0   0   0  16   0  15   0   0  14   0   0  16  16   0   0   0  0.23 0.01
  145 G    0 -2  2 -1 -2 -1 -1  3 -1 -3 -3 -1 -3 -3 -2  3  0 -4 -3 -3    0   0  16   0   0   0   0  38   0   0   0   0   0   0   0  47   0   0   0   0  0.63 0.02
  146 R   -2  6 -1 -2 -4  1 -1 -3  0 -3 -3  2 -2 -4 -2 -1 -2 -4 -3 -3    0 100   0   0   0   0   0   0   0   0   0   0   0   0   0   0   0   0   0   0  1.19 0.03
  147 R   -2  6 -1 -2 -4  1 -1 -3  0 -3 -3  2 -2 -4 -2 -1 -2 -4 -3 -3    0 100   0   0   0   0   0   0   0   0   0   0   0   0   0   0   0   0   0   0  1.19 0.03
  148 E   -1 -2 -2 -1 -2  0  3 -3 -2  1 -1 -1  0 -2 -2 -1 -1 -3 -2  3    0   0   0   0   0   0  38   0   0   0   0   0   0   0   0   0   0   0   0  62  0.39 0.02
  149 S    1 -1  0 -1 -2 -1 -1 -1 -1 -3 -3 -1 -2 -3 -1  5  1 -4 -2 -2    0   0   0   0   0   0   0   0   0   0   0   0   0   0   0 100   0   0   0   0  0.81 0.03
  150 W   -3 -4 -4 -6 -4 -3 -4 -4 -3 -3 -3 -4 -2  0 -5 -4 -4 10  2 -3    0   0   0   0   0   0   0   0   0   0   0   0   0   0   0   0   0 100   0   0  2.86 0.05
  151 L   -2 -3 -4 -5 -2 -3 -4 -4 -3  1  4 -3  2  0 -3 -3 -2 -2 -2  0    0   0   0   0   0   0   0   0   0   0 100   0   0   0   0   0   0   0   0   0  0.72 0.02
  152 H   -2  0  0 -1 -4  4  1 -3  6 -4 -3  0 -1 -2 -2 -1 -1 -3  0 -3    0   0   0   0   0  48   0   0  52   0   0   0   0   0   0   0   0   0   0   0  0.93 0.03
  153 P    0 -2 -1 -1 -3 -1 -1 -2 -2 -3 -3 -1 -2 -3  6  3  0 -4 -3 -2    0   0   0   0   0   0   0   0   0   0   0   0   0   0  52  48   0   0   0   0  1.31 0.03
  154 N   -2  0  6  1 -4  0 -1 -1  0 -4 -4  2 -3 -4 -2  0  0 -4 -3 -3    0   0  86   0   0   0   0   0   0   0   0  14   0   0   0   0   0   0   0   0  0.99 0.03
  155 N    1 -1  4  0 -2 -1 -1 -1 -1  0 -1 -1 -1 -3 -2  0  0 -4 -2  2   16   0  52   0   0   0   0   0   0   0   0   0   0   0   0   0   0   0   0  32  0.41 0.02
  156 L   -2 -3 -4 -4 -2 -3 -3 -4 -3  1  4 -3  2  0 -3 -3 -1 -2 -2  2    0   0   0   0   0   0   0   0   0   0  85   0   0   0   0   0   0   0   0  15  0.61 0.02
  157 E   -1 -1  0  4 -5  1  5 -2 -1 -4 -4  0 -3 -4 -2 -1 -1 -4 -3 -3    0   0   0  32   0   0  68   0   0   0   0   0   0   0   0   0   0   0   0   0  1.01 0.02
  158 K   -1  3 -1 -2 -4  1  0 -2 -1 -2 -1  4  2 -3 -2 -1 -1 -3 -2 -2    0  15   0   0   0   0   0   0   0   0   0  71  14   0   0   0   0   0   0   0  0.65 0.02
  159 V    1 -3 -3 -4 -1 -2 -2 -3 -3  2  0 -2  2 -1 -2 -1  0 -3 -2  4   16   0   0   0   0   0   0   0   0   0   0   0  15   0   0   0   0   0   0  69  0.39 0.02
  160 R   -2  6 -1 -2 -4  1 -1 -3  3 -3 -3  2 -2 -3 -2 -1 -2 -3 -2 -3    0  89   0   0   0   0   0   0  11   0   0   0   0   0   0   0   0   0   0   0  1.03 0.02
  161 Q   -1  1  0 -1 -3  6  2 -3  1 -3 -3  1  0 -4 -2 -1 -1 -3 -2 -3    0   0   0   0   0 100   0   0   0   0   0   0   0   0   0   0   0   0   0   0  1.10 0.03
  162 H    1  2  0 -1 -3  4  1 -2  4 -3 -3  1 -1 -3 -2  0 -1 -3 -1 -2   15  12   0   0   0  53   0   0  20   0   0   0   0   0   0   0   0   0   0   0  0.63 0.02
  163 N   -2  0  5  0 -3  4  1 -1  0 -4 -3  0 -1 -4 -2  0 -1 -3 -2 -3    0   0  54   0   0  46   0   0   0   0   0   0   0   0   0   0   0   0   0   0  0.82 0.02
  164 I   -1 -2 -2 -3 -2  1 -1 -3 -2  2  2 -1  1 -1 -3  0 -1 -3 -2  1    0   0   0   0   0  16   0   0   0  32  37   0   0   0   0  15   0   0   0   0  0.25 0.01
  165 Q   -1  0  4  0 -4  4  1 -2  4 -4 -3  0 -1 -3 -2  0 -1 -3 -1 -3    0   0  37   0   0  48   0   0  15   0   0   0   0   0   0   0   0   0   0   0  0.73 0.02
  166 T    0 -1  2 -1 -2  2  0 -1 -1 -2 -2  0 -1 -3 -2  3  3 -3 -2 -2    0   0  15   0   0  16   0   0   0   0   0   0   0   0   0  37  32   0   0   0  0.50 0.01
  167 G    0 -1 -1 -1 -3  2  2  3 -1 -4 -3 -1 -2 -4  3  2 -1 -4 -3 -3    0   0   0   0   0  16  15  32   0   0   0   0   0   0  15  22   0   0   0   0  0.56 0.01
  168 M   -1  2 -1 -2 -2  2 -1 -2 -1  2  1  0  4 -1 -2 -1 -1 -2 -2  0    1  16   1   1   0  16   1   1   0  23   1   1  33   1   1   1   1   0   0   1  0.22 0.01
  169 D   -1 -1  0  3 -3  0  2  1 -1 -2  0 -1 -1 -2 -2 -1 -1 -3 -2 -2    1   1   1  33   0   1  23  17   0   1  16   1   0   1   1   1   1   0   0   1  0.36 0.01
  170 Q    0  0  0  0 -2  3  1 -1  0 -2 -2  0 -1 -2 -1  3  0 -2 -1 -1    2   2   1   2   1  34   2   2   1   2   3   2   1   1   2  39   2   0   1   2  0.37 0.01
  171 G    0 -1 -1 -1 -2  1  1  3 -1 -1 -2 -1 -1 -2 -2 -1 -1 -3 -2  1    1   1   1   1   0  13  16  37   0   1   1   1   0   1   1   1   1   0   0  23  0.29 0.01
  172 S    0 -1  2 -1 -2 -1 -1 -1 -1 -1 -2 -1 -1 -2 -2  4  1 -4 -2  1    0   0  16   0   0   0   0   0   0   0   0   0   0   0   0  62   0   0   0  22  0.42 0.01
  173 P   -1 -3 -3 -3 -3 -2 -2 -3 -3  1 -1 -2 -1 -3  6 -2 -1 -4 -3  1    0   0   0   0   0   0   0   0   0  15   0   0   0   0  70   0   0   0   0  15  1.59 0.02
  174 H   -2  2 -2 -3 -3 -1 -2 -4  4  0  3 -1  1  0 -3 -2 -2 -3 -1  0    0  16   0   0   0   0   0   0  20   0  64   0   0   0   0   0   0   0   0   0  0.38 0.01
  175 N   -2 -1  5  4 -4  0  2 -1  0 -4 -4  0 -3 -4 -2  0 -1 -4 -3 -3    0   0  54  30   0   0  16   0   0   0   0   0   0   0   0   0   0   0   0   0  0.86 0.02
  176 S    1 -1  2  0 -2  0 -1 -1 -1 -3 -3 -1 -2 -3 -1  4  1 -4 -2 -2    0   0  15   0   0   0   0   0   0   0   0   0   0   0   0  85   0   0   0   0  0.70 0.02
  177 T    0 -2 -1 -2 -1 -1 -1 -2 -2  0 -1 -1 -1 -2 -2  1  5 -3 -2  1    0   0   0   0   0   0   0   0   0   0   0   0   0   0   0   0  84   0   0  16  0.64 0.02
  178 L   -2 -3 -4 -4 -2 -3 -4 -4 -3  2  4 -3  2  0 -3 -3 -2 -2 -2  1    0   0   0   0   0   0   0   0   0  15  85   0   0   0   0   0   0   0   0   0  0.62 0.01
  179 N   -1  0  4  2 -3  0  0 -1 -1 -3 -3  3 -2 -3 -2  2  0 -4 -3 -3    0   0  32  16   0   0   0   0   0   0   0  30   0   0   0  22   0   0   0   0  0.55 0.01
  180 E   -1 -1  2  1 -5  1  5 -2  0 -4 -4  0 -2 -4 -2  0 -1 -4 -3 -3    0   0  16   0   0   0  84   0   0   0   0   0   0   0   0   0   0   0   0   0  0.96 0.02
  181 L   -2 -3 -3 -4 -2 -2 -3 -4 -2  1  3 -3  1  4 -3 -2  1 -1  1  0    0   0   0   0   0   0   0   0   0   0  54   0   0  30   0   0  16   0   0   0  0.43 0.01
  182 V    2 -3 -3 -3 -1 -2 -2 -2 -3  2  0 -2  0 -1 -2 -1  0 -3 -2  3   30   0   0   0   0   0   0   0   0  16   0   0   0   0   0   0   0   0   0  54  0.35 0.01
  183 P   -1 -1 -2 -2 -3 -1 -1 -3 -2 -3 -3  1 -2 -4  6 -1  1 -4 -3 -2    0   0   0   0   0   0   0   0   0   0   0  16   0   0  69   0  15   0   0   0  1.66 0.02
  184 R    1  4 -1 -1 -3  1  2 -2 -1 -3 -3  1 -2 -3 -2  1 -1 -3 -2 -2   15  54   0   0   0   0  16   0   0   0   0   0   0   0   0  15   0   0   0   0  0.58 0.01
  185 K   -1  1  2 -1 -4  2  0 -2  0 -3 -2  4 -1  2 -2 -1 -1 -3 -1 -3    0   0  15   0   0  15   0   0   0   0   0  54   0  16   0   0   0   0   0   0  0.48 0.01
  186 P    1 -2 -2 -2 -2 -1 -1 -2 -2 -2 -2 -1 -2 -3  7 -1 -1 -3 -3 -2   17   1   1   1   0   1   1   1   0   1   1   1   0   1  70   1   1   0   0   1  1.63 0.02
  187 L   -1 -2 -3 -3 -2 -2 -2 -3 -2  1  3 -2  1  0  3 -2 -1 -2 -2  1    1   1   1   1   0   1   1   1   0   1  56   1   0   1  16   1   1   0   0  17  0.38 0.01
  188 D    0 -1  1  4 -2  0  2 -1 -1 -3 -3 -1 -2 -3 -1  2  0 -3 -2 -2    1   1   1  43   0   1  13   1   0   1   1   1   0   1   1  32   1   0   0   1  0.56 0.01
  189 T    0  2  0 -1 -2  0 -1 -2 -1 -1 -2  0 -1 -2 -1  1  4 -3 -2 -1    1  16   1   1   0   1   1   1   0   1   1   1   0   1   1   1  71   0   0   1  0.50 0.01
  190 Y   -2 -2  1 -2 -3 -1 -2 -3  1 -1 -1 -2  2  1  3 -1 -1  1  5 -2    0   0  15   0   0   0   0   0   0   0   0   0  16   0  15   0   0   0  54   0  0.63 0.02
  191 R   -2  6 -1 -1 -4  1  2 -3  0 -3 -3  2 -2 -4 -2 -1 -1 -4 -3 -3    0  85   0   0   0   0  15   0   0   0   0   0   0   0   0   0   0   0   0   0  0.98 0.02
  192 P    2 -2  2 -1 -2 -1 -1 -1 -2 -3 -3 -1 -2 -3  6  0 -1 -4 -3 -2   38   0  15   0   0   0   0   0   0   0   0   0   0   0  47   0   0   0   0   0  1.09 0.02
  193 S    1 -1  0  1  3  0  1 -1 -1 -2 -3 -1 -2 -3 -2  3  2 -4 -3 -2   12   0   0  11  10   0  12   0   0   0   0   0   0   0   0  36  18   0   0   0  0.39 0.01
  194 S    0  2  0 -1 -3  0  0  2  4 -3 -3  2 -2 -3 -2  2  0 -3 -1 -3    0  12   0   0   0   0   0  18  19   0   0  23   0   0   0  27   0   0   0   0  0.42 0.01
  195 T    2 -2 -1 -1 -2 -1  1  2 -2 -2 -2 -1 -1 -3 -2  1  3 -4 -3 -1   23   0   0   0   0   0  12  18   0   0   0   0   0   0   0   0  47   0   0   0  0.42 0.02
  196 V    1 -2 -2 -2 -2  1 -1 -2 -2  1 -1 -1  0 -2  2  1  0 -3 -2  2   18   0   0   0   0  10   0   0   0  11   0   0   0   0  12  12   0   0   0  36  0.27 0.01
  197 R    0  4  3 -1 -3  0 -1 -2  0 -3 -3  1 -2 -3 -2  2  0 -4 -2 -3    0  46  19   0   0   0   0   0   0   0   0   0   0   0   0  35   0   0   0   0  0.60 0.02
  198 L   -2 -3 -3 -4 -2 -2 -3 -4 -3  1  3 -2  3  0  3 -2 -2 -3 -2  0    0   0   0   0   0   0   0   0   0   0  70   0  12   0  18   0   0   0   0   0  0.61 0.02
  199 S    1 -1  0  2 -2 -1  0 -1 -1 -3 -3 -1 -2 -3 -1  4  2 -4 -2 -2    0   0   0  12   0   0   0   0   0   0   0   0   0   0   0  76  12   0   0   0  0.64 0.02
  200 V    0 -2 -2 -3 -2 -2 -2 -3 -3  1  1 -2  0 -1  2  1  0 -3 -2  3    0   0   0   0   0   0   0   0   0   0  19   0   0   0  11  24   0   0   0  46  0.30 0.01
  201 S    1 -1  0 -1 -2 -1 -1  2 -1 -2 -2 -1 -2 -2 -1  3  1 -3 -2 -2    2   1   1   1   0   1   1  24   0   1   2   1   0   1   1  59   1   0   1   1  0.47 0.01
  202 T    1 -1  0 -1 -1 -1 -1 -1 -1 -1 -1 -1 -1 -2 -1  1  4 -2 -2  0   13   1   1   1   0   1   1   1   0   1   2   1   0   1   1   1  70   0   1   1  0.49 0.02
  203 I   -1 -3 -3 -4 -2 -3 -3 -4 -3  4  1 -3  1 -1 -3  0 -1 -3 -2  3    0   0   0   0   0   0   0   0   0  70   0   0   0   0   0  12   0   0   0  18  0.43 0.02
  204 P   -1  1 -1 -1 -3  0  2 -3  2 -2  0  0 -1 -2  4  0 -1 -3 -2 -2    0  12   0   0   0   0  19   0  10   0  18   0   0   0  28  12   0   0   0   0  0.53 0.01
  205 E   -1 -1 -1  1 -5  1  5 -3 -1 -4 -4  0 -3 -4  2 -1 -1 -4 -3 -3    0   0   0   0   0   0  88   0   0   0   0   0   0   0  12   0   0   0   0   0  1.06 0.03
  206 N   -1 -1  5  1 -3  0  1 -1  0 -4 -4  0 -3 -4  2  1  0 -4 -3 -3    0   0  65   0   0   0  12   0   0   0   0   0   0   0  12  11   0   0   0   0  0.79 0.02
  207 P   -1 -1  3  0 -3  1 -1 -2 -1 -3 -3  0 -2 -3  4  1  2 -4 -3 -2    0   0  32   0   0  11   0   0   0   0   0   0   0   0  27  12  18   0   0   0  0.72 0.02
  208 F   -1 -2 -2 -3 -2  1 -2  1 -1 -1  0 -2  0  4 -3 -1  1 -1  1 -1    0   0   0   0   0  12   0  12   0   0  11   0   0  46   0   0  19   0   0   0  0.31 0.02
  209 E   -1 -1 -2  0 -3  1  4 -3 -1  2 -1 -1 -1 -2  2 -1 -1 -4 -3  0    0   0   0   0   0   0  57   0   0  31   0   0   0   0  12   0   0   0   0   0  0.53 0.02
  210 D    0 -2  0  4 -3  0  2  2 -1 -4 -4 -1 -3 -4 -2  2  0 -4 -3 -3    0   0   0  40   0   0  15  19   0   0   0   0   0   0   0  26   0   0   0   0  0.63 0.02
  211 Q   -1  0  0  2 -4  5  2 -2  0 -4 -3  1 -1 -4 -2  1 -1 -3 -3 -3    0   0   0  14   0  61   8   0   0   0   0   8   0   0   0   9   0   0   0   0  0.76 0.04
  212 S    0 -2  0  1 -2 -1 -1 -1 -2 -1  0 -1 -1 -2 -2  3  2 -4 -2 -1    0   0   0   8   0   0   0   0   0   0  14   0   0   0   0  56  22   0   0   0  0.44 0.03
  213 S    0 -1  0 -1 -2  2  0 -1 -1 -2  0 -1 -1 -2 -2  4  1 -3 -2 -2    0   0   0   0   0  14   0   0   0   0  14   0   0   0   0  71   0   0   0   0  0.51 0.04
  214 T    2  1 -1 -2 -2  1 -1 -1 -1 -2 -2  0 -1 -3 -2  2  3 -3 -2 -1   25  12   0   0   0   7   0   0   0   0   0   0   0   0   0  12  44   0   0   0  0.45 0.03
  215 I    0 -2 -2 -2 -2 -1  1 -2 -2  2  1 -2  1 -1 -2  0 -1 -3 -2  2   10   1   0   1   0   0  11   1   0  28   7   1   7   0   1   7   1   0   0  23  0.18 0.02
  216 A    3 -2  1 -2 -2 -1 -2  0 -2  0  0 -1 -1 -2 -2  1  0 -3 -2  0   49   0  11   0   0   0   0   6   0  12  11   0   0   0   0   6   5   0   0   0  0.26 0.03
  217 R   -1  3  2  1 -3  0  0 -2 -1 -3 -3  3 -2 -3 -2  2  1 -4 -3 -3    0  24  11  10   0   0   0   0   0   0   0  25   0   0   0  18  12   0   0   0  0.48 0.04
  218 R   -1  4  1 -2 -3  2 -1  0 -1  0  0  2 -1 -2 -2  1 -1 -3 -2 -1    0  35   8   0   0  10   0   6   0  10  10  10   0   0   0  11   0   0   0   0  0.32 0.03
  219 E    0  2  3  1 -4  1  1  0  0 -4 -3  1 -2 -4  1  0 -1 -4 -3 -3    6  19  31   6   0   8   9   6   0   0   0  10   0   0   6   0   0   0   0   0  0.48 0.03
  220 T    0  1  1  1 -2 -1 -1 -2 -1 -1 -1 -1 -1 -3 -2  2  3 -4 -2  0    6  10  10  10   0   0   0   0   0   0   6   0   0   0   0  29  25   0   0   6  0.32 0.03
  221 F    0 -1 -2 -2 -2 -1 -2  0 -2 -1  1  1  0  3  2 -1  0 -2  0 -1    7   0   0   1   0   0   1   9   0   0  16  17   0  26  10   1  10   0   0   1  0.18 0.02
  222 T    1 -2  3 -1 -2 -1 -1  0  2 -2 -2 -1 -2 -3 -2  1  3 -4 -2 -1   17   0  22   0   0   0   0   5   8   0   0   0   0   0   0   6  37   0   0   4  0.44 0.07
  223 S    0 -1  1 -1 -2 -1 -1 -2 -2 -2 -3  1 -2 -3  1  4  1 -4 -3  0    0   0   5   0   0   0   0   0   0   0   0   8   0   0   6  64   8   0   0   8  0.59 0.09
  224 Q    1  0  1 -1 -3  4  1 -2 -1 -3 -3  1 -2 -3 -2  2  1 -4 -3 -2   16   0   6   0   0  31   9   0   0   0   0   8   0   0   0  24   5   0   0   0  0.49 0.07
  225 Q   -1  0 -1 -2 -3  3  0 -3  2  0 -1  2  1  1  2 -1  2 -3 -1 -1    0   0   0   0   0  19   0   0   8  10   0  20   6   8   9   0  20   0   0   0  0.29 0.06
  226 A    1 -2  1  1 -2 -1 -1  0  2  0  0 -1  1 -2 -2  1  2 -3 -2  0   17   0   6   8   0   0   0   7   7   4   7   0   5   0   0  15  19   0   0   4  0.17 0.03
  227 N   -2 -2  5  3 -4 -1 -1 -2 -1 -4 -4 -1 -3 -4 -3  2  1 -5 -3 -3    0   0  59  19   0   0   0   0   0   0   0   0   0   0   0  15   6   0   0   0  0.99 0.13
  228 E    0  1  1  1 -4  1  3  1 -1 -4 -3  1 -2 -4  2 -1  0 -4 -3 -3    6   7   5   8   0   6  32  12   0   0   0   8   0   0   8   0   7   0   0   0  0.45 0.05
  229 S    1 -2  2  1 -2 -1 -1 -1  2 -3 -3 -1 -2 -3 -2  4  1 -4 -2 -2    6   0  13   6   0   0   0   0   8   0   0   0   0   0   0  58   8   0   0   0  0.65 0.11
  230 V    1 -2  0  0  1 -1 -2 -1  3  0  0 -2 -1  0 -2 -1  0 -3 -1  2   20   0   5   6   4   0   0   5  14   0  10   0   0   4   0   0   3   0   0  29  0.14 0.05
  231 L   -1  0 -2  0 -3  0  0 -1 -2  1  3 -2  1  1 -3 -2 -1 -3 -2  0    5   6   0   5   0   7   5   5   0  10  47   0   0   5   0   0   4   0   0   0  0.20 0.06
  232 S    1 -2  1 -1 -2 -1  0  0  1 -2  0 -1 -1 -3 -2  3  2 -4 -2 -2    7   0   5   0   0   0   6   5   4   0  12   0   0   0   0  46  15   0   0   0  0.40 0.09
  233 N   -1  1  4  1 -3 -1  1 -1 -1 -3 -1 -1 -2  0 -3  2 -1 -3  1 -3    0  11  36   5   0   0  10   4   0   0   5   0   0   4   0  18   0   0   7   0  0.41 0.09
  234 R    1  5 -1 -2 -4  0  1 -2 -1 -4 -3  2 -2 -4  1  1 -1 -4 -3 -3   10  51   0   0   0   0  10   0   0   0   0   9   0   0   6  14   0   0   0   0  0.73 0.12
  235 S    1 -2  1 -1 -3 -1  2  1 -2 -2  0 -1 -1 -3 -2  3  1 -4 -3 -2   11   0   7   0   0   0  17  10   0   0  13   0   0   0   0  32  11   0   0   0  0.33 0.08
  236 N   -1  0  4  2 -3  1  0 -2  1 -3 -3  1 -2 -1 -2  2 -1 -3  0 -3    0   3  32  10   0   5   5   0   3   0   0  10   0   3   0  21   0   0   5   0  0.46 0.09
  237 E    1  1 -1  1 -3  0  2 -2 -2  0 -1  3  0 -3  1  0 -1 -4 -3 -2   15   4   0   6   0   0  21   0   0   8   3  25   4   0   7   7   0   0   0   0  0.32 0.08
  238 A    2 -2  0  0 -2  0 -1  0  0 -2 -1 -1 -2 -1  1  2  1 -3 -2 -1   26   0   3   4   0   4   0   5   3   0   4   0   0   3   8  28   7   0   0   5  0.29 0.07
  239 E   -1 -2 -1  3 -3  1  3 -3 -2 -1 -2 -1 -2 -3  2  2  0 -4 -3 -1    0   0   0  20   0   8  25   0   0   4   2   0   0   0  12  19   5   0   0   4  0.49 0.10
  240 D   -2 -2  1  5 -4 -1  1 -3 -2 -3 -3 -2  1 -1 -3  1  1 -5 -3 -3    0   0   7  47   0   0   8   0   0   0   0   0   8   4   0  15  12   0   0   0  0.75 0.17
  241 S    1  0  0 -2 -2 -1  0 -2 -2 -1 -1  1 -1 -2 -2  2  1 -3  0  0   17   6   3   0   0   0   7   0   0   2   4  11   0   0   0  27  12   0   3   7  0.26 0.09
  242 A    1 -2  0  0 -2  1  0  0 -2  0  0 -1 -1 -1 -2  1  2 -3 -2  1   17   0   3   4   0  10   3   5   0   6   6   0   0   4   0  15  14   0   0  11  0.16 0.06
  243 A    2 -2 -1 -2  1  0 -2  0  1  0  1 -1  0 -2 -2  1 -1 -3 -2  0   23   0   3   0   5   3   0   5   6   3  23   3   0   0   0  16   0   0   0   8  0.16 0.07
  244 N   -2  0  5  2 -4 -1  0  0  1 -3 -4  0 -3 -1 -3  1  0 -4 -2 -2    0   5  44  12   0   0   3   8   4   0   0   4   0   4   0   9   3   0   0   3  0.61 0.16
  245 R   -1  3  0  0 -4  1  1  1  0 -2 -2  2 -1 -3 -3  0 -1 -4 -3 -2    1  26   4   4   0   8  12  13   2   2   4  11   2   0   0   8   0   0   0   2  0.34 0.10
  246 S   -1  0  1 -2 -3  0  0  0 -2 -2 -2 -1 -2 -1  0  3  3 -4 -3 -2    0   4   6   0   0   2   6   7   0   2   2   0   0   4   4  38  26   0   0   0  0.46 0.16
  247 R   -1  3  2 -1 -3  1  1 -2 -1 -2 -1  1 -2 -3  0 -1  2 -4 -3  0    0  25  15   2   0   7   9   2   0   0   4   5   0   0   3   0  16   0   0  11  0.32 0.11
  248 L    0 -1 -3 -2 -2 -2 -1 -3 -3  1  3 -1  0  1  2 -1 -1 -3 -2  0    6   2   0   2   0   0   4   0   0  10  43   2   0   6  10   5   3   0   0   5  0.28 0.10
  249 A    2 -2  0  1 -3  1  1 -1 -2 -1 -2 -1 -2 -2  2  2  0 -4 -3 -1   21   0   2   6   0   7  12   3   0   4   1   0   0   2  10  25   4   0   0   3  0.33 0.11
  250 I    1 -3  0 -1 -2 -2  0 -3 -3  2  2 -2  1  0  0 -1  0 -3 -2  1   14   0   5   2   0   0   6   0   0  22  21   0   5   3   3   3   4   0   0  13  0.19 0.08
  251 E    1 -2  1  2 -3 -1  2 -2 -2 -1 -2 -1  1 -3  1  2  1 -4 -3 -1   13   0   9  13   0   0  20   0   0   3   3   0   6   0   5  16   9   0   0   4  0.32 0.11
  252 A    3 -2  1  1  2  1  2 -2  0 -3 -3 -1 -2 -4  1  1 -1 -4 -3 -1   32   0   8   5   5   6  18   0   3   0   0   0   0   0   6  11   1   0   0   5  0.37 0.13
  253 A    2 -2  0  0 -3 -1  2  0 -2 -2 -3  0  0 -3 -2  2  1 -4 -3 -1   22   0   4   5   0   0  15   6   0   0   0   5   3   0   0  24  11   0   0   5  0.34 0.12
  254 A    2 -1  2  0  0 -1  0 -1  1 -1 -2 -1 -2 -3  1  1  2 -4 -3 -1   22   2  11   6   3   0   7   4   4   3   2   0   0   0   7  14  13   0   0   2  0.26 0.10
  255 A    2 -2 -1 -1 -3 -1  1 -2  1 -1 -1 -2 -1 -2  2  2  1 -3  0  0   18   0   0   3   0   0  10   0   4   0   7   0   2   0  11  23   9   0   4  11  0.28 0.11
  256 E   -1 -2  2  2 -5  1  5 -3 -2 -5 -4 -1 -4 -4  0  1 -2 -5  0 -4    2   0  11  10   0   3  51   0   0   0   1   0   0   0   4  15   0   0   4   0  0.89 0.30
  257 A    1 -2  0  0 -2 -1  0 -2  1  0  0 -2 -1 -1  2  1  1 -3 -1  1   15   0   5   4   0   0   7   1   4   3   9   0   0   3  11  10  13   0   2  13  0.18 0.10
  258 A    2  0 -1  0  2  0  0 -1 -2 -2 -1  0 -1 -3 -1  3  1 -4 -3  0   19   5   0   6   6   2   6   4   0   0   4   3   1   0   1  27   6   0   0  10  0.26 0.14
  259 D   -2  0  1  4  2 -1  2 -1 -2 -3 -1  1 -1 -3 -1  1  0 -4 -3 -1    0   6   5  28   6   0  13   3   0   0   8   8   1   0   2  11   4   0   0   4  0.35 0.15
  260 D    0 -1  2  4 -1 -1  1 -1  0 -2 -3  0 -2 -2 -1  1 -1  1 -3 -2   11   2  10  30   1   0   8   4   3   1   1   5   1   2   3  10   2   2   0   3  0.37 0.15
  261 E    0 -1  0  2 -4  2  3  0 -2 -2 -4  1 -3 -4  1  0  1 -4 -4 -2    6   1   4   9   0   8  32   7   0   2   0   8   0   0   6   7   7   0   0   1  0.45 0.18
  262 S    0 -1  0 -2 -3 -1  1 -1 -2 -2 -2  1 -2 -3  3  2  1 -4 -1  1    7   1   5   0   0   0   9   2   0   0   2   8   0   0  19  25   7   0   2  12  0.43 0.19
  263 H   -2 -2  3  1 -5  1  0 -4  7 -3 -3  0 -4 -4 -4  0 -3 -5 -1 -5    2   1  16   6   0   7   6   0  46   2   2   4   0   0   0   8   0   0   1   0  1.23 0.42
  264 P    0 -2 -2 -2 -5 -3 -2 -5 -2 -5 -4 -1 -5 -6  7 -1 -2 -7 -5 -1    6   2   1   2   0   0   2   0   1   0   1   4   0   0  72   5   1   0   0   4  2.00 0.53
  265 T    3  0 -1  1  2  0 -1 -1  0 -2 -1 -1 -2 -3 -2  1  2 -4 -3 -1   30   4   2   9   5   3   3   3   2   1   4   3   0   0   0   8  18   0   0   3  0.31 0.18
  266 G    1 -3  0 -2 -4 -3 -2  5 -4 -5 -3  0 -4 -5 -2 -1 -2 -5 -5 -4   12   1   3   2   0   0   2  64   0   0   3   6   0   0   2   3   2   0   0   0  1.12 0.35
  267 I   -2 -3 -2 -3 -3 -3 -4 -3 -4  5  0 -3 -1  0  2 -1 -2 -4 -1  2    2   1   1   2   0   0   0   2   0  49   4   0   1   3  10   5   2   0   2  16  0.72 0.29
  268 V   -1  1 -3 -3 -2 -1 -1 -4 -1  2 -1  1  1 -3 -3 -1  2 -4 -3  3    2   6   0   0   1   3   2   0   1  15   4  12   3   0   0   4  14   0   0  30  0.38 0.22
  269 L   -2 -3 -4 -6  0 -5 -6 -5 -5  0  5 -5  0  0 -6 -3 -4 -5 -4 -1    2   1   1   0   2   0   0   1   0   3  80   0   1   3   0   2   0   0   0   3  1.42 0.52
  270 R   -1  2 -1 -1 -4  2  0 -4  0 -3 -3  1 -1 -4 -3  1  4 -5 -2 -2    2  14   3   3   0  12   5   0   2   1   1  10   1   0   1   7  36   0   1   2  0.63 0.34
  271 R   -2  5 -1 -1 -2 -1  1 -5  2 -5 -4  4 -2 -3 -2 -1 -3 -6 -3 -5    2  43   3   2   1   1   8   0   6   0   1  24   1   1   2   4   1   0   1   0  1.05 0.43
  272 V    0 -1  0  0  0 -1  1  1  1 -1 -2 -1 -1 -3  3  1  0 -4 -2  0    9   2   3   4   2   1   8  14   3   2   3   2   1   1  20  11   4   0   1   8  0.31 0.16
  273 G   -2 -5 -2  4 -6 -2  0  5 -2 -7 -5 -4 -6 -6 -5 -2 -3 -7 -6 -6    1   0   1  30   0   1   7  56   1   0   1   0   0   0   0   2   1   0   0   0  1.50 0.53
  274 Y   -6 -7 -7 -8 -7 -6 -7 -8 -3 -6 -5 -7  1  0 -8 -6 -6 -2  9 -6    0   0   0   0   0   0   0   0   0   0   0   0   4   2   0   0   0   0  95   0  3.56 1.08
  275 Y   -4 -6 -6 -7 -1 -4 -2 -7 -3 -5 -5 -5 -2  2 -7 -1 -3  8  7 -2    1   0   0   0   2   0   2   0   0   0   0   1   1   9   0   5   2  29  46   3  2.22 0.74
  276 T   -3 -5 -4 -5  5 -4 -5 -6 -5  2 -2 -5  4 -1 -5 -1  5  2 -4  0    0   0   0   0  13   0   0   0   0  10   2   0  12   3   0   3  48   3   0   6  1.26 0.58
  277 I   -2  1 -2 -2 -4 -1  1 -4 -2  3  0  2  1 -2 -4  2 -1 -5 -3  1    1   7   1   2   0   2  11   0   1  21   6  17   4   1   0  18   1   0   0   8  0.36 0.27
  278 P   -5 -7 -7 -6 -8 -6 -6 -7 -7 -8 -8 -6 -7 -8  8 -2 -6 -9 -8 -7    0   0   0   0   0   0   0   0   0   0   0   0   0   0  97   3   0   0   0   0  3.57 1.15
  279 S   -1  0 -1  1  0 -3 -1 -3 -1 -5 -5 -2 -5 -6  3  5  2 -6 -5 -5    4   4   2   8   2   0   3   1   1   0   0   1   0   0  14  47  12   0   0   0  0.94 0.50
  280 L   -2 -1 -5 -6 -4 -3 -3 -6 -2  3  4 -1  4 -1 -2 -4 -3 -2  0  1    2   3   0   0   0   1   1   0   1  20  42   3  13   2   2   0   0   0   3   6  0.80 0.38
  281 D    1 -1  0  3 -5  1  4 -2 -1 -5 -5  1 -3 -6 -2  1 -2 -6 -5 -3   10   2   4  22   0   7  31   3   1   0   0   7   0   0   2   9   1   0   0   1  0.74 0.38
  282 D   -1 -1 -2  2 -6  2  5 -5 -3 -4 -4  0 -3 -6 -4 -1  1 -6 -5 -1    5   2   1  13   0   8  47   0   0   1   1   6   1   0   0   2  10   0   0   4  0.98 0.48
  283 L   -5 -6 -7 -8 -1 -6 -7 -7 -6  2  5 -6  2 -3 -6 -6 -5 -6 -5  0    0   0   0   0   1   0   0   0   0   9  81   0   5   0   0   0   0   0   0   4  1.80 0.68
  284 R    2  2  0 -1 -1  2  0 -2  0  0 -2  2 -2 -3 -2  0 -1 -1 -2 -1   19  16   3   4   1  10   5   2   2   6   3  15   1   1   1   5   2   1   1   4  0.27 0.18
  285 S    1  0  1  0 -2  1  1 -1  0 -2 -3  2 -2 -3 -2  2  1 -4 -2 -1   13   4   6   4   1   7   7   4   2   2   2  19   1   1   1  15   9   0   1   3  0.29 0.21
  286 Y    0  0 -2 -3 -3 -1 -1 -2  1  0  1  1  4  0 -2 -1 -1 -1  2 -1    6   5   2   1   0   1   3   3   3   5  14  13  17   3   1   4   4   1  10   4  0.26 0.18
  287 L   -1 -1 -1 -2 -4 -2 -1 -1 -2  0  2 -1  5 -2  1  0  1 -4 -3  0    3   4   2   1   0   0   4   5   1   4  23   3  19   1   6   7  11   0   0   6  0.33 0.25
  288 A    0  0  1  2 -1 -1 -1 -1 -1 -2 -2  0 -2  0  1  2  0 -4  1 -1    7   7   6  13   1   2   1   4   1   2   4   4   1   4   8  23   6   0   5   3  0.23 0.18
  289 E   -1  1  1  1 -5  1  3 -2  1 -3 -2  1 -2 -2  0 -1 -1 -5 -1 -2    3   9   7   9   0   6  29   2   3   1   4   9   1   1   4   3   4   0   2   3  0.40 0.25
  290 D   -2 -1  3  4 -5  1  3 -2 -1 -4 -3  0 -2 -3  0  0 -2 -5 -1 -3    3   3  14  27   0   7  19   2   1   0   2   6   1   1   5   5   1   0   2   2  0.58 0.29
  291 G   -1  0 -1  0 -4  2  1  3 -1 -3  1 -1 -2 -2 -1 -2 -3 -4 -2 -3    3   5   1   4   0  11  12  31   1   0  21   4   0   1   3   1   0   0   1   0  0.40 0.24
  292 S   -1  1 -1 -2  0  0  0 -2  0 -1  2  1 -1  0 -2  1  0 -3 -1 -1    4   7   1   2   2   3   8   3   2   2  30   9   0   3   1  13   3   0   2   4  0.14 0.15
  293 C    2  0 -1 -3  7  1 -2 -2 -1 -3 -3  0 -1 -3 -2  1  0 -4 -2 -1   18   6   3   0  30   6   2   1   1   0   0   6   1   1   1  13   4   0   1   4  0.66 0.30
  294 V    0  1  0 -3  0  0 -1 -2  2  1 -1  1  0  1 -1  0 -1  0  1  1    8   7   4   0   3   4   2   1   6  10   5  10   1   7   1   8   1   1   4  16  0.09 0.10
  295 V   -2 -3 -3 -3 -1 -2 -2 -4 -3  1  0 -2  0  0 -3  0 -1 -3 -1  5    1   1   1   1   1   2   2   1   0   5   9   2   2   4   1   7   2   0   2  59  0.64 0.26
  296 P   -1  1  1  1 -2  0  2 -1  1 -3 -2  2 -1 -3  2  1  0 -3 -2 -2    2   7   5   8   1   3  20   3   5   1   2  13   2   1  12   9   5   0   0   2  0.34 0.12
  297 N   -2 -1  4  3 -4 -1  0  3  2 -4 -4 -1 -4 -4 -3  0 -1 -4 -1 -3    0   2  26  21   0   2   3  25   6   0   0   3   0   0   0   6   1   0   2   2  0.66 0.21
  298 F   -4 -5 -5 -6 -4 -5 -5 -5 -3  1  2 -5 -1  7 -5 -4 -3 -2  1 -2    0   0   0   0   0   0   0   0   0   7  21   0   0  72   0   0   0   0   0   0  1.55 0.36
  299 T    0 -1 -1 -2  1  0  0 -3 -2  0 -1  1  0 -3 -3  0  3 -4 -1  1    6   2   2   0   3   4   6   0   0   3   2  12   3   0   0   7  30   0   2  17  0.30 0.17
  300 V    0 -4 -4 -5  2 -3 -4 -4 -4  3  1 -3  0 -2 -4 -3 -1 -4 -3  4    7   0   0   0   7   0   0   0   0  27  12   0   0   0   0   0   0   0   0  47  0.65 0.20
  301 G    0  1 -1 -2  0  0 -1  4 -2 -2 -3  0 -2 -3 -3  0 -1 -4 -3 -1    7  10   0   0   3   6   4  50   0   3   1   3   0   0   0   4   3   0   0   3  0.55 0.14
  302 R   -1  5  0 -2  1  1 -1 -3  2 -4 -3  2 -2 -4 -3  0 -2 -4 -2 -3    5  60   4   0   4   4   0   0   6   0   1   8   0   0   0   4   0   0   0   0  0.89 0.23
  303 E    0  1  0 -1 -3  2  1 -3  2 -1 -1  3 -2 -2  0 -1 -1 -3 -1  0    7   8   3   3   0   9  11   0   6   2   6  24   0   2   4   2   2   0   2  10  0.26 0.15
  304 G   -1  0  2  0 -4  0 -1  4  1 -4 -2 -1 -3 -4 -1 -1 -1 -4  0 -2    4   4  11   4   0   6   4  40   4   0   3   4   0   0   3   4   3   0   3   3  0.48 0.25
  305 Y   -4 -1 -4 -5  4 -4 -5 -5  2  0 -1 -4  1  3 -5 -1 -3  3  6  0    0   5   0   0  10   0   0   0   6   5   5   0   5  10   0   5   0   5  39   7  1.03 0.45
  306 G   -2 -6 -4 -5 -7 -6 -6  7 -6 -7 -7 -6 -7 -7 -6 -4 -5 -7 -7 -3    2   0   0   0   0   0   0  96   0   0   0   0   0   0   0   0   0   0   0   3  2.64 0.81
  307 N   -2  1  1 -2  1  2  1 -4  1 -4 -4  2 -4 -3 -4  3  0 -2  0 -2    1   6   8   1   4  11  11   0   4   0   0  16   0   1   0  28   4   1   3   2  0.53 0.31
  308 V   -3 -6 -6 -7 -4 -6 -6 -7 -6  5 -1 -6  0 -2 -6 -5 -4 -5 -1  5    1   0   0   0   0   0   0   0   0  43   3   0   1   1   0   0   0   0   3  49  1.63 0.58
  309 F   -1  1 -1 -2 -1  0  2 -4 -1 -1 -1  2  0  2 -4  0  1 -3  1 -1    3   9   1   1   1   4  14   0   1   3   4  13   2  13   0   9  11   0   6   4  0.26 0.20
  310 F   -6 -7 -8 -8 -7 -7 -8 -8 -5 -5 -3 -7 -4  8 -8 -7 -6  7  1 -3    0   0   0   0   0   0   0   0   0   0   1   0   0  75   0   0   0  18   4   2  2.92 0.92
  311 G   -2 -2  0  2 -4 -1  0 -1  1 -1  2  0 -1 -1  3 -1 -2 -5 -2 -2    1   2   5  11   0   2   5   4   4   3  29   5   1   3  19   3   2   0   1   2  0.37 0.24
  312 K   -2 -2 -1  1 -2 -1  2  4 -1 -3 -4  1 -4 -3 -2 -1 -2 -5 -1 -1    2   1   2   8   1   3  14  41   2   1   1  11   0   1   2   3   2   0   3   5  0.61 0.32
  313 E   -1  0 -1  0 -5 -1  2 -4 -1 -3 -2 -1 -2 -1  5 -1 -1 -5 -3 -1    3   5   2   6   0   1  18   0   1   1   3   2   1   2  40   3   4   0   1   6  0.91 0.39
  314 M   -3 -4 -4 -1  0 -4 -4 -5 -5  1 -1 -2  0  1 -5 -2  3 -5 -4  5    0   0   0   4   2   0   0   0   0   6   4   2   2   6   0   2  24   0   0  48  0.93 0.46
  315 D   -5 -5  3  7 -7 -4  0 -5 -4 -7 -7 -2 -7 -1 -6 -4 -5 -8 -6 -7    0   0  13  77   0   0   4   0   0   0   0   2   0   3   0   0   0   0   0   0  2.28 0.79
  316 V   -4 -5 -6 -7  0 -5 -6 -6 -6  1  4 -5  0 -1 -6 -3 -2  0 -4  4    0   0   0   0   2   0   0   0   0   6  52   0   1   1   0   2   1   1   0  32  1.18 0.52
  317 A    0  4 -1 -3 -1 -2 -2 -3 -2 -4 -4  0 -4 -3 -1  2  4 -1 -2 -3    9  27   2   1   1   1   1   1   1   0   1   3   0   1   2  13  33   1   1   1  0.76 0.45
  318 G    0  0  2  1 -1  0  0  3 -1 -3 -4  1 -2 -5 -2  0  1 -5 -3 -4    6   3  13   7   2   3   6  29   1   1   1   9   1   0   1   7   9   0   1   0  0.45 0.26
  319 L   -4 -5 -2 -6  0 -3 -3 -6 -5  3  3 -5  1  3 -5 -4 -1 -4  0  2    0   0   2   0   2   1   1   0   0  21  40   0   2  13   0   0   3   0   2  13  0.82 0.39
  320 N   -1 -1  4  5 -5 -2  0 -2 -2 -2 -4 -1 -4 -5  2  0 -1 -1 -3 -2    5   2  21  35   0   1   3   1   1   2   2   3   0   0   9   7   3   1   1   3  0.76 0.40
  321 L   -1 -2 -2 -4 -1 -4 -3 -4 -4  1  4 -3  0  1 -1 -1 -3 -4 -2  1    4   3   2   1   1   0   1   1   0   7  57   1   1   5   2   4   0   0   1   9  0.71 0.38
  322 D    0 -1  1  5  0  0  1  1  0 -4 -3 -2 -4 -5 -1 -1 -1 -5 -4 -2    7   3   7  40   3   3   9  14   2   0   2   0   0   0   3   3   2   0   0   2  0.64 0.31
  323 E   -1  0  0  3  0  0  2 -1  0 -3 -2  1  0 -4 -3  2  1 -5 -3 -1    3   6   3  17   2   4  17   4   2   0   2   9   2   0   0  16   8   0   0   6  0.31 0.20
  324 I    0 -2 -1  1  3  1 -1 -3  2  1  0 -2 -1 -1 -3  0  1 -3  2  0    9   0   0   9   9   9   0   0   9   9   9   0   0   0   0   9   9   0   9   9  0.16 0.14
  325 V   -1 -6 -6 -7 -5 -6 -6 -7 -6  3 -2 -6  0 -3 -6 -5 -4 -6 -5  6    4   0   0   0   0   0   0   0   0  19   1   0   2   1   0   0   0   0   0  71  1.81 0.69
  326 H   -1  1 -1  1 -1  2  1 -4  4  1 -1  0 -1  0 -3 -1 -1 -4 -1  1    4  10   2   7   1   9   8   0  13   8   5   5   1   5   0   5   4   0   1  13  0.22 0.18
  327 F   -4 -5 -2 -5 -4 -5 -5 -3 -4  4  1 -5 -1  6 -5 -5 -4 -3 -1 -1    1   0   2   0   0   0   0   2   0  27  12   0   1  50   0   0   0   0   0   2  1.54 0.58
  328 R    0  3  2  1 -2  1  3  1  0 -2 -3  1 -3 -4 -2  0 -1 -4 -2 -2    6  16   9   7   1   4  23   9   2   2   2   6   0   0   1   5   3   0   1   2  0.38 0.23
  329 N   -1  1  2  0 -1  0  0 -3  2 -2 -2  2 -2 -2  2  0  0 -1  0 -1    3  10  12   5   1   4   7   0   6   3   3  13   1   1  12   6   5   1   4   4  0.26 0.17
  330 K   -3  5  0 -3 -2  0 -1  0  2 -5 -3  4 -1 -5 -4 -2 -2 -5 -3 -4    1  33   4   1   1   3   2   7   6   0   3  30   1   0   0   2   2   0   1   0  0.92 0.44
  331 E   -1 -1 -1 -1  0 -1  5 -1 -1 -2 -2  0 -1 -4 -3  2  1 -5 -3 -2    4   3   2   1   3   1  43   4   1   2   3   6   2   0   0  14   8   0   1   3  0.64 0.37
  332 I    0 -5 -5 -5  6 -4 -5 -5 -5  3 -1 -5 -2  0 -5 -4 -1 -5 -4  5    7   0   0   0  18   0   0   0   0  15   4   0   0   4   0   0   4   0   0  44  1.12 0.47
  333 I    0 -2 -2 -2  1 -1  1 -4 -3  3 -1 -3  0 -2 -3  1  3 -4 -2  2    6   1   1   2   3   2   9   0   0  18   4   0   2   1   0  10  26   0   1  14  0.43 0.28
  334 I   -1 -5 -5 -6 -1 -5 -5 -5 -5  2  0 -5  0 -4 -5 -4 -3 -5 -4  6    4   0   0   0   1   0   0   0   0   8   8   0   2   0   0   0   0   0   0  73  1.60 0.63
  335 Y   -5 -5 -1 -6 -1 -5 -5 -6 -2 -5 -5 -5 -5  1 -6 -2 -5 -2  9 -5    0   0   3   0   1   0   0   0   0   0   1   0   0   5   0   3   0   0  83   0  2.90 0.96
  336 P   -2 -2 -2 -2 -5 -2 -2  0 -4 -3 -3 -2  2 -5  7 -1 -3 -6 -2 -3    3   2   1   3   0   1   2   6   0   1   3   2   5   0  63   4   1   0   1   1  1.68 0.64
  337 D   -5 -2  3  6 -7 -1  2 -1 -4 -3 -6 -4 -6 -7 -2 -2 -4 -7 -6 -2    0   2  17  53   0   3  11   4   0   2   0   0   0   0   2   2   0   0   0   3  1.48 0.67
  338 D    0 -1  0  3 -4 -1  3  0 -1 -2 -3 -1 -1 -4 -1  0  0 -1 -2 -1    7   3   4  23   0   1  22   8   1   2   2   2   2   0   3   6   6   1   2   4  0.41 0.26
  339 E    1 -2  1  2 -1  0  2  0 -1 -2 -3 -1  0 -1  0  2  1 -4 -2 -2    9   1   7  12   1   3  16   6   1   1   1   3   3   2   4  17   8   0   2   2  0.26 0.20
  340 N   -1 -1  2  2 -1  1  0 -2  0 -1 -2  2  2 -3  0  1  0 -5 -4 -2    5   2  11  15   2   5   6   3   2   3   3  13   6   1   4  14   5   0   0   2  0.27 0.22
  341 K   -1  1  0  1 -4  1 -1 -3  2 -1 -3  3  0 -3  0  0  0 -3  1 -1    5   8   4   9   0   4   0   0   8   4   0  29   3   0   4   6   6   0   5   4  0.33 0.22
  342 P    0 -1 -2  1 -3  1 -1 -3  2  1  0  1  2 -2  2 -1  1 -4 -2  1    9   0   0   9   0   9   0   0   9   9   9   9   9   0   9   0   9   0   0   9  0.19 0.14
  343 P    0 -1  0 -1 -4  0  0 -1  1 -3 -2 -1  0 -4  6 -1 -1 -4 -4 -1    5   4   4   4   0   4   5   4   3   0   4   4   3   0  45   4   4   0   0   4  0.92 0.35
  344 I   -1  0 -2 -3  0  0  0 -4 -2  1  1 -1  1 -2  1 -2 -1 -4 -3  3    3   5   1   0   2   3   7   0   1   9  14   3   5   1   9   1   1   0   0  35  0.32 0.17
  345 G   -2 -4 -1 -2 -5 -4 -4  6 -4 -5 -5 -4 -4 -5 -4 -2  0 -5 -5 -3    0   0   2   2   0   0   0  83   0   0   1   0   0   0   0   0   7   0   0   2  1.80 0.47
  346 Q   -2 -1 -1  1  0  3  4 -3  0 -4 -3  2 -1 -3 -3  0  0 -4  0 -3    1   1   2   8   2  18  30   0   2   0   1  14   2   1   0   6   7   0   3   1  0.57 0.23
  347 G   -1 -2 -3 -2  3 -1  0  6 -4 -5 -5 -2 -4 -5 -4 -2 -3 -5 -5 -4    3   2   0   1   7   2   7  72   0   0   1   2   0   0   0   2   0   0   0   0  1.41 0.39
  348 L   -4 -5 -6 -7 -4 -5 -6 -7 -2  0  6 -5  1  0 -6 -5 -4 -4 -4 -1    0   0   0   0   0   0   0   0   1   2  91   0   2   2   0   0   0   0   0   2  1.67 0.51
  349 N   -5 -4  7  1 -6 -3 -3 -4  3 -6 -6 -3 -1 -6 -5 -3 -3 -7 -5 -6    0   0  86   6   0   0   0   0   6   0   0   0   2   0   0   0   0   0   0   0  2.35 0.66
  350 R    0  3 -3 -4 -4 -1 -3  0 -2 -1 -2  3 -1 -3 -4 -2 -2 -5 -4  3    6  23   0   0   0   1   0   6   1   2   2  20   1   1   0   1   1   0   0  37  0.60 0.29
  351 D   -1  3 -4 -3  3 -2 -2 -5 -1 -5 -3  1 -4 -1  6 -2 -3 -6 -4 -3    3  18   0   1   6   1   2   0   1   0   2   7   0   3  52   1   1   0   0   1  1.42 0.42
  352 A    6 -4 -4 -4  2 -3 -3 -3 -4 -4 -4 -3 -4 -5 -3  1 -1 -6 -5 -1   83   0   0   0   4   0   0   0   0   0   0   0   0   0   0   8   2   0   0   3  1.53 0.53
  353 Q   -2  3 -2 -2 -4  1  3 -4 -1  1  0  1 -1 -3 -3 -1  2 -4 -2  0    0  17   0   0   0   6  28   0   1   8  11   7   1   1   0   1  14   0   1   6  0.43 0.22
  354 V   -3 -5 -5 -6  0 -5 -5 -6 -5  5  0 -5 -1 -2 -5 -4 -2 -4  1  4    0   0   0   0   2   0   0   0   0  49   6   0   0   0   0   0   1   0   6  36  1.22 0.40
  355 T    0 -1 -2 -3 -1 -1 -1 -3 -2 -2 -3 -1 -2 -4 -3  3  5 -5 -2 -2    8   3   0   0   1   1   3   0   1   2   1   4   1   0   1  21  52   0   1   2  0.90 0.38
  356 L   -4 -5 -5 -6 -1 -4 -5 -6 -4  1  5 -3  2  0 -5 -4 -3 -4  1 -1    0   0   0   0   1   0   0   0   0   6  76   1   3   2   0   0   1   0   6   2  1.23 0.40
  357 D   -2 -2  0  2 -2  1  4 -3  0 -2  0 -1 -2 -1 -3  0 -2 -4  1 -2    1   1   4  13   1   4  37   1   3   1  12   2   1   3   0   8   1   0   7   2  0.49 0.24
  358 Q   -2  1  4  0  0  2 -1  3  2 -4 -3  0 -3 -4 -4 -1 -2 -5 -3 -3    2  10  27   3   2  14   3  22   5   0   2   5   0   0   0   3   0   0   1   2  0.59 0.27
  359 V   -2 -3 -4 -5  6 -4 -4 -5 -2  2 -1 -3  2 -3 -4  1 -1 -5 -3  4    1   1   0   0  26   0   0   0   1  12   3   1   6   0   0  11   3   0   1  34  0.91 0.36
  360 W   -3 -2 -5 -6 -2 -4 -4 -4  0 -2  0  0 -2  2 -5 -5 -4  9  4 -4    1   2   0   0   1   0   1   1   2   3   8   8   1  10   0   0   1  44  18   0  1.82 0.54
  361 P    0 -2 -2 -4  3 -4 -3 -4 -3 -4 -4  0 -1 -4  7 -2 -2 -6 -4 -3    6   2   1   0   6   0   1   1   1   1   1   7   2   1  65   2   1   0   1   2  1.80 0.55
  362 L   -1  2 -1 -2 -3  0 -2 -2  1  1  1  1  0  0 -2 -1  0 -3 -1  1    1  14   3   2   0   3   1   2   4  10  20  10   2   3   2   2   7   0   1  14  0.15 0.11
  363 D   -1 -1  2  5 -1 -1 -1  0 -3 -3 -2 -1 -3 -4 -2  0 -1 -4 -4 -4    5   3  10  51   1   2   2   6   0   1   4   3   0   0   1   7   2   0   0   1  0.90 0.34
  364 K   -2  3 -1 -2 -4  0 -1 -2 -1 -3 -3  6 -3 -3 -1 -1 -2 -4 -3 -3    2  13   2   2   0   3   2   2   1   1   3  58   0   1   3   4   2   0   1   1  1.04 0.42
  365 T    1  1  1  1 -3 -1  0  0 -1 -2 -2  1 -2 -2 -1  2  2 -4 -3 -1   16   8   6  10   0   1   4   6   1   1   2   8   1   2   2  15  13   0   0   3  0.23 0.14
  366 K    0 -1  1  0 -3 -1 -1  1 -2 -3 -2  2 -3 -4 -3  1  4 -5 -4 -2    6   3   5   4   0   2   2  10   1   0   3  14   0   0   1   8  39   0   0   1  0.59 0.33
  367 H   -1  4  0 -1 -2  1 -1  2  3 -3 -3  2 -2 -2 -2 -1 -2 -4 -2 -3    3  24   3   2   1   7   2  19  10   1   2  15   1   1   2   5   1   0   1   1  0.53 0.28
  368 E   -1  0 -1  0 -2  2  3 -1 -1 -2 -2  2 -2 -4  1  0  0 -4 -2 -2    3   5   2   4   1   9  25   5   1   2   4  17   1   0   6   6   7   0   1   2  0.37 0.22
  369 A    0 -1 -2 -1 -4  0 -1 -2  1 -1 -1 -1  1 -2  5 -1 -2 -4  0 -2   10   4   1   3   0   3   4   3   4   4   5   2   5   2  37   5   2   0   4   2  0.67 0.30
  370 I   -2 -2 -2 -2 -2  0 -3 -4 -4  5  0 -3  0 -1 -3 -2  1 -4  0  2    3   2   2   2   1   5   1   1   0  45   6   1   1   2   1   1  10   0   4  11  0.62 0.32
  371 K   -1  1  0 -2 -3  1  0 -2 -1 -3 -2  4 -1 -4 -2  1  3 -1 -4 -2    3   8   4   1   0   7   6   2   1   1   3  31   1   0   1   9  18   1   0   2  0.52 0.31
  372 D   -2 -2  0  6 -6 -1  1 -1 -1 -4 -5 -1 -3 -4 -4  0 -2 -6 -1 -4    2   2   2  56   0   3   9   6   1   1   1   4   1   1   0   8   2   0   2   1  1.17 0.51
  373 P    0 -1 -2 -2 -2 -2 -1  0 -3 -3 -3 -1 -2 -2  6 -1  0 -5 -2 -1    7   4   2   2   1   1   4   6   1   1   3   4   1   1  47   3   5   0   1   6  0.99 0.41
  374 Q    0  0  1  1 -2  1  2 -2  0 -2 -2  2 -2 -3 -1  1  0 -4 -3 -1    6   3   8   7   1   7  19   2   1   3   3  16   1   0   3  12   4   0   0   5  0.30 0.20
  375 R    0  4  0 -2 -4  0  0 -1  5 -3 -3  1 -2 -3 -1 -1 -2 -2 -1 -3    9  31   3   2   0   2   7   3  16   2   1   8   1   1   3   5   2   1   2   2  0.62 0.31
  376 L   -1 -1 -3 -2 -3 -1 -1 -3 -1  2  2 -1  0 -1  3 -2 -1 -3 -1  1    4   3   1   2   0   3   5   2   1  12  27   4   2   2  14   2   3   0   2  10  0.27 0.16
  377 L    0  1 -1  0 -2  0  1 -2 -1  0  0  1  1  0 -2  0  1 -3 -1  0   10   9   2   4   0   3   8   2   1   7  12   8   5   4   1   7   9   0   2   7  0.07 0.07
  378 E    1  0  0  0 -2  1  2 -2  0 -1 -1  1  0 -1 -2  0 -1 -3 -1  0   10   5   4   6   1   6  19   2   3   2   7  11   2   3   1   7   3   0   2   9  0.17 0.12
  379 M   -1  0 -1 -1  0  1 -1  0 -2  0  0  2  3  1  2 -1 -1 -3  0  0    4   4   3   2   2   5   3   7   0   6   7  15  12   6   9   3   2   0   3   6  0.12 0.15
  380 D   -1  2  1  1  0  1  0  0  3 -3 -2  2 -3 -3  0  0 -1 -4  0 -3    4  12   8   7   2   7   4   8  10   0   4  18   0   0   4   5   3   0   3   1  0.31 0.22
  381 W   -2 -1 -3 -4 -4 -1 -3 -4  3  1 -1  0  0  4 -4 -1 -3  3  5 -1    3   3   0   0   0   3   0   1   7   7   6   5   3  22   0   3   0   5  25   5  0.71 0.38
  382 E   -1  1 -1  0 -3  1  3 -2  0  0 -2  2 -1 -3 -2 -1  0 -4 -2  0    5   9   2   6   0   8  25   2   2   6   3  14   1   0   2   3   4   0   2   7  0.32 0.22
  383 G    0  1  1  1 -3  1  2  0 -1 -1 -2  2 -1 -3 -2  0  0 -3 -2 -2    8   9   8   8   0   6  17   6   1   4   4  12   1   1   1   6   4   0   1   2  0.22 0.14
  384 K   -2  3 -1 -4 -5  1 -2 -4  5 -2 -2  4  2  0 -4 -2 -2 -4 -1 -3    2  19   3   0   0   6   0   0  16   3   3  29   7   4   0   1   2   0   1   2  0.81 0.47
  385 L   -4 -5 -6 -6 -4 -5 -3 -6 -5  3  5 -5  1 -1 -5 -5 -2 -5 -4  1    0   0   0   0   0   0   1   0   0  16  66   0   2   2   0   0   2   0   0   8  1.31 0.61
  386 R   -1  3 -1 -1 -5  1  2 -4 -1 -2 -3  4  1 -5 -4 -2 -2 -5 -4 -2    5  20   2   2   0   7  17   1   1   2   1  32   4   0   0   2   2   0   0   3  0.75 0.45
  387 R   -2  5 -1 -2 -2  0 -1 -3 -1 -4 -4  4 -4 -5 -4  0  0 -6 -5 -3    3  43   2   2   1   4   4   1   1   1   1  25   0   0   0   5   5   0   0   1  1.05 0.56
  388 V    0 -1 -1 -2 -1 -2 -1 -3 -1  1  2  1  1 -1 -2 -1 -1  0  0  1   11   3   3   2   1   1   3   1   1   6  31  10   3   1   1   3   3   2   4   9  0.18 0.18
  389 C    1  1 -1 -3  3  0 -1 -2 -3 -2 -2  2  0 -4  0  1  3 -4 -3 -2   11   8   2   0   9   3   2   2   0   2   4  17   3   0   5   8  21   0   0   2  0.37 0.28
  390 D    1  1  1  0 -3  1  2 -1  1 -1 -2  1 -1 -3 -1  0  0 -4 -2 -1   15   6   8   5   0   4  18   5   3   3   3  10   1   0   2   7   4   0   1   3  0.23 0.17
  391 K   -2  2  0 -1 -4  1  1 -3 -1 -1 -1  3  4 -2 -3  0 -1 -4 -2  0    2  12   3   3   0   6   9   2   1   4   3  23  15   1   1   6   3   0   1   6  0.38 0.28
  392 N   -2  0  1 -1 -4  3  0 -2  2  0  0  2  3 -2  1 -1 -1 -2 -2 -2    2   4   7   3   0  16   6   3   6   7   7  13  11   1   8   2   2   1   1   0  0.30 0.22
  393 D   -2 -3  2  4 -6  0  1  4  0 -6 -6 -2 -5 -3 -4 -2 -4 -6 -3 -3    2   1  10  24   0   3   7  44   3   0   0   1   0   1   0   1   0   0   1   2  1.03 0.45
  394 T    4 -4 -4 -4  2 -3 -3 -2 -4 -2 -3 -4  2 -3 -4  0  4 -5 -5 -2   38   0   0   0   5   1   1   3   0   1   2   0   6   1   0   4  37   0   0   2  1.01 0.52
  395 R   -2  2 -1 -1 -5  1  4 -3  2 -3 -4  2 -2 -4 -4  0  2 -5 -3 -2    1  10   2   3   0   5  31   1   5   1   1  17   1   1   0   5  15   0   0   2  0.66 0.37
  396 F   -6 -7 -7 -7 -6 -7 -7 -7 -1 -4 -3 -7 -4  8 -7 -6 -4  0  2 -5    0   0   0   0   0   0   0   0   1   0   1   0   0  90   0   0   1   1   5   0  3.01 0.98
  397 I   -3 -3 -5 -3 -1 -3  1 -6 -5  4  2 -1  1 -3 -5 -4 -3 -5 -4  4    0   1   0   1   1   1  10   0   0  25  18   4   2   0   0   0   0   0   0  37  0.89 0.43
  398 E   -1 -3  0  4 -3 -3  2  0 -2 -6 -5 -2 -5 -3 -4  4 -2 -3 -5 -5    3   1   4  24   0   0  13   6   1   0   0   1   0   1   0  44   1   0   0   0  1.00 0.52
  399 Y   -4 -6 -7 -8 -7 -6 -7 -5 -3 -5 -3 -6 -5  4 -7 -6 -6  1  8 -3    1   0   0   0   0   0   0   1   0   0   2   0   0  18   0   0   0   1  75   2  2.76 0.94
  400 R   -3  2  3  5 -6 -1  1 -4  0 -3 -5 -1 -5 -6 -5  0 -3 -7 -5 -4    2  15  18  44   0   2   7   0   2   1   1   2   0   0   0   6   1   0   0   1  1.15 0.51
  401 P    1 -1 -2 -3 -5 -2 -2 -2 -3  0 -1  0 -1 -1  6 -1 -1 -5 -4 -1   11   3   1   1   0   1   2   2   0   5   6   5   1   3  45   5   4   0   0   4  0.96 0.42
  402 E    0 -2  0  2 -4  1  3 -4 -1  0 -2  0 -2 -1 -3  0  0 -3 -2  1    6   1   5  14   0   5  28   0   1   5   3   6   0   4   1   6   4   0   1  10  0.38 0.25
  403 T   -1 -2  1 -1 -4 -1  0 -1 -2 -3 -3  2 -4 -5 -4  1  5 -6 -5 -4    4   1   7   4   0   1   6   4   1   1   1  12   0   0   0  10  47   0   0   0  0.86 0.47
  404 G   -3 -6 -4 -5 -7 -6 -6  7 -2 -8 -7 -5 -7 -7 -6 -4 -5  1 -7 -7    1   0   0   0   0   0   0  95   1   0   0   0   0   0   0   0   0   2   0   0  2.66 0.89
  405 S    0 -2 -1 -1 -2  0  2 -4 -2  0 -2  0 -2 -4 -3  2  3 -5 -3  2    6   1   2   2   0   4  16   0   1   5   2   6   0   0   0  16  22   0   1  15  0.40 0.29
  406 W   -8 -8 -9-10 -1 -7 -8 -8 -7 -7 -3 -8 -6 -1 -9 -8 -8 11  0 -7    0   0   0   0   1   0   0   0   0   0   2   0   0   2   0   0   0  92   2   0  4.82 1.37
  407 V   -2  1 -3 -3 -2 -2 -2 -5 -4  1 -2  2 -1 -4 -4 -1  3 -6 -4  4    1   9   0   1   1   1   2   0   0   8   1  18   1   0   0   2  24   0   0  32  0.70 0.42
  408 F   -6 -7 -7 -8 -6 -7 -8 -8 -5 -2 -3 -7 -4  8 -8 -7 -6 -4  0 -3    0   0   0   0   0   0   0   0   0   2   1   0   0  94   0   0   0   0   1   2  3.18 1.03
  409 R   -2  4 -2 -2 -3  1  2 -3 -2 -2 -2  3 -2 -4 -4  0  1 -6 -4 -3    1  24   1   2   1   6  15   1   0   2   3  25   1   1   0   5  12   0   0   1  0.68 0.38
  410 V   -1 -6 -6 -7 -5 -6 -6 -7 -7  0 -3 -6 -3 -3 -6 -4 -1 -6 -5  7    4   0   0   0   0   0   0   0   0   2   1   0   0   1   0   1   3   0   0  88  2.12 0.81
  411 K   -2 -1  1  2 -3  2  3 -3  0 -5 -5  2 -4 -4  2  0 -2 -6 -3 -3    2   1   8  14   1  10  25   1   2   0   0  14   0   1  13   6   1   0   0   1  0.67 0.35
  412 H   -5 -4  0 -4 -2 -1 -2 -4  9 -7 -7 -5 -6 -1 -6 -1 -5 -6  0 -7    1   0   4   1   1   2   2   1  81   0   0   0   0   2   0   4   0   0   2   0  3.03 1.01
  413 F   -6 -7 -7 -8 -6 -7 -8 -8 -5 -4 -3 -7 -4  8 -8 -7 -6  2  1 -5    0   0   0   0   0   0   0   0   0   0   1   0   0  92   0   0   0   3   4   0  3.16 0.97

                      K         Lambda
Standard Ungapped    0.1709     0.3336
Standard Gapped      0.1100     0.3190
PSI Ungapped         0.1709     0.3336
PSI Gapped           0.1100     0.3190
