
Last position-specific scoring matrix computed, weighted observed percentages rounded down, information per position, and relative weight of gapless real matches to pseudocounts
           A  R  N  D  C  Q  E  G  H  I  L  K  M  F  P  S  T  W  Y  V   A   R   N   D   C   Q   E   G   H   I   L   K   M   F   P   S   T   W   Y   V
    1 K   -1  2  0 -1 -4  1  0 -2 -1 -3 -3  5 -2 -3 -1 -1 -1 -4 -2 -3    0   0   0   0   0   0   0   0   0   0   0 100   0   0   0   0   0   0   0   0  0.83 0.00
    2 L   -2  3 -2 -3 -3 -1 -2 -4 -2  0  3  0  1 -1 -3 -2 -2 -3 -2  0    0  39   0   0   0   0   0   0   0   0  61   0   0   0   0   0   0   0   0   0  0.42 0.00
    3 S    1 -1  0 -1 -2 -1 -1 -1 -1 -2 -2 -1 -2 -3 -1  4  3 -4 -2 -2    0   0   0   0   0   0   0   0   0   0   0   0   0   0   0  78  22   0   0   0  0.66 0.01
    4 S    0 -1  0  3 -2 -1  0 -1 -1 -2 -3 -1 -2 -3 -1  3  2 -4 -2 -2    0   0   0  22   0   0   0   0   0   0   0   0   0   0   0  56  22   0   0   0  0.56 0.01
    5 E    3 -1 -1  0 -2  1  4 -1 -1 -3 -3  0 -2 -3 -1  0 -1 -4 -3 -1   44   0   0   0   0   0  56   0   0   0   0   0   0   0   0   0   0   0   0   0  0.60 0.01
    6 A    2 -1 -1  0 -2  1  3 -1 -1 -2 -2  0 -2 -3 -1  1  2 -4 -3 -1   34   0   0   0   0   0  44   0   0   0   0   0   0   0   0   0  22   0   0   0  0.48 0.01
    7 D   -2 -2  1  6 -4 -1  1 -2 -2 -4 -5 -1 -4 -4 -2 -1 -2 -5 -4 -4    0   0   0 100   0   0   0   0   0   0   0   0   0   0   0   0   0   0   0   0  1.43 0.04
    8 A    3 -2 -1 -2 -1 -1 -1 -1 -2  0 -1 -1 -1 -2 -1  2  0 -3 -2  2   41   0   0   0   0   0   0   0   0   0   0   0   0   0   0  32   0   0   0  27  0.36 0.02
    9 T   -1 -2 -2 -3 -2 -2 -2 -3 -3  1  3 -2  1 -1 -3  0  3 -3 -2  0    0   0   0   0   0   0   0   0   0   0  59   0   0   0   0   0  41   0   0   0  0.44 0.02
   10 R   -1  4 -1 -2 -4  1  0 -2 -1 -3 -3  5 -2 -4 -2 -1 -1 -4 -3 -3    0  35   0   0   0   0   0   0   0   0   0  65   0   0   0   0   0   0   0   0  0.89 0.04
   11 A    2 -2 -2 -2 -2 -2 -1 -2 -2 -3 -3 -1 -2 -4  6  0 -1 -4 -3 -2   35   0   0   0   0   0   0   0   0   0   0   0   0   0  65   0   0   0   0   0  1.62 0.04
   12 T    0 -2 -1 -2 -2 -1 -1 -2 -2 -1 -2 -1 -1 -2 -2  1  5 -4 -2 -1    0   0   0   0   0   0   0   0   0   0   0   0   0   0   0   0 100   0   0   0  0.90 0.05
   13 N   -2 -1  6  1 -4  0 -1 -1  0 -4 -4  0 -3 -4 -3  0 -1 -4 -3 -4    0   0 100   0   0   0   0   0   0   0   0   0   0   0   0   0   0   0   0   0  1.25 0.06
   14 P   -1 -2 -3 -2 -4 -2 -2 -3 -3 -4 -4 -2 -3 -4  7 -1 -2 -5 -4 -3    0   0   0   0   0   0   0   0   0   0   0   0   0   0 100   0   0   0   0   0  2.74 0.06
   15 A    3  1 -1 -2 -1 -1 -1 -1 -2 -2 -2  0 -2 -3 -1  2  0 -3 -2 -1   60  12   0   0   0   0   0   0   0   0   0   0   0   0   0  27   0   0   0   0  0.51 0.03
   16 A    5 -2 -2 -2 -1 -1 -1  0 -2 -2 -2 -1 -1 -3 -1  1  0 -3 -2 -1  100   0   0   0   0   0   0   0   0   0   0   0   0   0   0   0   0   0   0   0  0.73 0.05
   17 Q   -1  0 -1 -1 -3  5  1 -3  0 -1 -2  0  0 -3 -2 -1 -1 -3 -2  1    0   0   0   0   0  76   0   0   0   0   0   0   0   0   0   0   0   0   0  24  0.74 0.05
   18 Q   -1  2  0 -1 -4  3  1 -2 -1 -3 -3  5 -1 -4 -2 -1 -1 -4 -3 -3    0   0   0   0   0  27   0   0   0   0   0  73   0   0   0   0   0   0   0   0  0.84 0.04
   19 A    5 -2 -2 -2 -1 -1 -1  0 -2 -2 -2 -1 -1 -3 -1  1  0 -3 -2 -1  100   0   0   0   0   0   0   0   0   0   0   0   0   0   0   0   0   0   0   0  0.73 0.05
   20 V    1 -3 -3 -4 -1 -3 -3 -3 -3  3  1 -3  0 -1 -3 -2 -1 -3 -2  3   14   0   0   0   0   0   0   0   0  36   0   0   0   0   0   0   0   0   0  51  0.44 0.03
   21 L   -2 -3 -4 -4 -2 -2 -3 -4 -3  1  4 -3  3  0 -3 -3 -1 -2 -2  1    0   0   0   0   0   0   0   0   0   0  75   0  11   0   0   0   0   0   0  14  0.59 0.03
   22 D   -1 -1  0  5 -4  0  3 -2 -1 -3 -3  0 -3 -3 -1 -1 -1 -3 -3 -3    1   1   1  51   0   1  37   1   0   1   1   1   0   1   1   1   1   0   0   1  0.83 0.03
   23 L    0 -1 -1 -1 -2 -1 -1  3 -1  0  1 -1  2 -1 -1  0  1 -2 -1 -1    3   2   2   2   1   2   2  30   1   2  19   2  12   1   2   3  11   1   1   2  0.16 0.01
   24 T    1  0  0 -1 -1  0  0 -1 -1 -2 -2  1 -1 -2 -1  3  3 -2 -2 -1   11   1   1   1   0   1   2   2   1   1   2  12   1   1   1  34  25   0   1   2  0.32 0.01
   25 S   -1 -1  5  0 -3 -1 -1  1 -1 -3 -2 -1  1 -3 -2  2  0 -4 -3 -3    0   0  52   0   0   0   0  12   0   0   0   0   8   0   0  27   0   0   0   0  0.59 0.03
   26 N    0  0  4  0 -3  1 -1 -1  0 -3 -3  1 -2 -1 -2  1  0 -2  3 -2   12   0  38   0   0   9   0   0   0   0   0  11   0   0   0  12   0   0  18   0  0.41 0.02
   27 Q    1  0  0 -1 -3  5  1  1  3 -3 -3  0 -1 -3 -2  0 -1 -3 -1 -2   12   0   0   0   0  62   0  12  14   0   0   0   0   0   0   0   0   0   0   0  0.67 0.04
   28 Y   -3 -3 -3 -4 -3 -3 -4 -4  0 -1  1 -3 -1  5 -4 -3 -2  1  5 -1    0   0   0   0   0   0   0   0   0   0   9   0   0  51   0   0   0   0  40   0  0.91 0.04
   29 K   -1  4  0 -1 -4  1  0 -2 -1 -3 -3  5 -2 -4 -2 -1 -1 -4 -3 -3    0  24   0   0   0   0   0   0   0   0   0  76   0   0   0   0   0   0   0   0  0.90 0.04
   30 I   -1 -3 -4 -4 -1 -3 -3 -4 -4  3  1 -3  1 -1 -3 -2 -1 -3 -2  4    0   0   0   0   0   0   0   0   0  36   0   0   0   0   0   0   0   0   0  64  0.58 0.03
   31 S    0 -1  3  0 -2  0  0 -1 -1 -2 -2  0 -2 -2 -1  3  1 -2 -2 -2    2   1  21   1   0   1   2   2   1   1   2   1   1   1   1  58   1   0   1   2  0.45 0.02
   32 T    1 -2 -1 -2 -2 -1 -1 -2 -2 -2 -2 -1 -1 -3  4  1  4 -4 -3 -1    9   0   0   0   0   0   0   0   0   0   0   0   0   0  23   9  59   0   0   0  0.75 0.03
   33 S    0  3  0 -1 -3  0  0 -2  3 -3 -3  2 -2 -3 -2  3  0 -4 -2 -3    0  31   0   0   0   0   0   0  11   0   0   9   0   0   0  49   0   0   0   0  0.54 0.03
   34 N    0 -2  2 -1 -3 -1  1  2 -1 -2 -3 -1 -2 -3  4  1 -1 -4 -3 -1    0   0  16   0   0   0  11  23   0   0   0   0   0   0  24  17   0   0   0   9  0.54 0.02
   35 N    0 -1  3  2 -3 -1 -1  1 -1 -3 -3 -1 -2 -3  2  2  1 -4 -3 -3    0   0  29  12   0   0   0   9   0   0   0   0   0   0  12  29   9   0   0   0  0.53 0.02
   36 P    0 -2 -1 -1 -2 -1 -1  1 -2 -2 -2 -1 -2 -3  6  2  1 -3 -3 -2    1   1   1   1   0   1   1  10   0   1   1   1   0   1  48  22  10   0   0   1  1.02 0.02
   37 A    2 -2 -1  1 -2 -1 -1 -1 -2  0 -2 -1 -1 -2 -2  3  0 -4 -2  1   25   0   0   9   0   0   0   0   0   0   0   0   0   0   0  41   0   0   0  25  0.33 0.02
   38 P    1  2 -1  1 -3  0 -1  0 -2 -2 -3  2 -2 -3  4 -1 -1 -4 -3 -1   12  21   0   9   0   0   0   9   0   0   0  14   0   0  27   0   0   0   0   8  0.53 0.02
   39 M   -1 -2 -3 -3 -2 -2 -3 -3 -3  2  2 -2  3 -1 -3  0 -1 -3 -2  2    0   0   0   0   0   0   0   0   0  14  32   0  16   0   0  12   0   0   0  27  0.33 0.02
   40 K   -1  3  0 -1 -4  1  0 -2 -1 -3 -3  5 -2 -4 -2 -1 -1 -4 -3 -3    0  21   0   0   0   0   0   0   0   0   0  79   0   0   0   0   0   0   0   0  0.90 0.04
   41 V   -1 -3 -4 -4 -2 -3 -3 -4 -3  2  2 -3  1 -1 -3 -2 -1 -3 -2  4    0   0   0   0   0   0   0   0   0   0  24   0   0   0   0   0   0   0   0  76  0.53 0.03
   42 K   -1  2  0 -1 -4  1  0 -2  3 -3 -3  5 -2 -3 -2 -1 -1 -4 -2 -3    0   0   0   0   0   0   0   0  12   0   0  88   0   0   0   0   0   0   0   0  0.86 0.05
   43 T    1 -2 -2 -2 -2 -2 -2 -2 -2 -1 -2 -2 -2 -3  6 -1  0 -4 -3  0   19   0   0   0   0   0   0   0   0   0   0   0   0   0  61   0   8   0   0  12  1.39 0.04
   44 L   -1  1 -3 -4 -2 -2 -3 -4 -3  2  3 -1  1 -1 -3 -2  1 -3 -2  1    0  12   0   0   0   0   0   0   0  21  48   0   0   0   0   0  11   0   0   9  0.32 0.02
   45 G    1 -2 -1 -1 -2 -2 -2  4 -2 -3 -3 -1 -2 -3 -2  0  2 -3 -3 -2   13   1   0   1   0   0   1  57   0   1   1   1   0   0   1   1  21   0   0   1  0.64 0.02
   46 S    2 -1  2 -1  3 -1 -1 -1 -1 -2 -3 -1 -2 -3 -2  3  1 -4 -2 -2   18   0  12   0  12   0   0   0   0   0   0   0   0   0   0  49   9   0   0   0  0.47 0.02
   47 T    2 -1 -1 -2 -2 -1 -1 -1  2 -2 -1 -1  1 -2 -1  2  2 -3 -1 -1   30   0   0   0   0   0   0   0  12   0   0   0   9   0   0  25  25   0   0   0  0.37 0.02
   48 L   -2  1 -2 -3 -3  2 -1 -3  3  0  3 -1  1 -1 -3 -2 -2 -3 -1 -1    0  12   0   0   0  18   0   0  12   0  58   0   0   0   0   0   0   0   0   0  0.34 0.02
   49 N   -1 -2  2  3 -2 -1  0 -2 -1 -1  0 -1 -1 -2 -2  2  2 -4 -2 -1    0   0  16  24   0   0   0   0   0   0  18   0   0   0   0  23  19   0   0   0  0.34 0.02
   50 R   -1  4  0 -1 -4  1  0 -2 -1 -3 -3  5 -2 -4 -2 -1 -1 -4 -3 -3    0  27   0   0   0   0   0   0   0   0   0  73   0   0   0   0   0   0   0   0  0.90 0.04
   51 K   -1  2  0 -1 -4  1  0 -2 -1 -3 -3  5 -2 -4 -2 -1 -1 -4 -3 -3    0   0   0   0   0   0   0   0   0   0   0 100   0   0   0   0   0   0   0   0  0.99 0.05
   52 S    1 -1  0 -1 -2 -1 -1 -1 -1 -3 -3 -1 -2 -3 -1  5  1 -4 -2 -2    0   0   0   0   0   0   0   0   0   0   0   0   0   0   0 100   0   0   0   0  0.86 0.05
   53 L   -2 -3 -4 -5 -2 -3 -4 -4 -3  2  4 -3  2  0 -3 -3 -2 -3 -2  1    0   0   0   0   0   0   0   0   0  18  82   0   0   0   0   0   0   0   0   0  0.65 0.03
   54 F   -3 -4 -4 -4 -3 -4 -4 -4 -2 -1  0 -4 -1  7 -4 -3 -2  0  3 -1    0   0   0   0   0   0   0   0   0   0   0   0   0 100   0   0   0   0   0   0  1.18 0.06
   55 D   -2 -1  0  4 -5  1  4 -2 -1 -4 -4  0 -3 -4 -2 -1 -1 -5 -3 -3    0   0   0  40   0   0  60   0   0   0   0   0   0   0   0   0   0   0   0   0  1.03 0.04
   56 G    0 -3 -1 -2 -4 -3 -3  6 -3 -5 -4 -2 -4 -4 -3 -1 -2 -4 -4 -4    0   0   0   0   0   0   0 100   0   0   0   0   0   0   0   0   0   0   0   0  1.45 0.04
   57 L   -2 -3 -4 -5 -2 -3 -4 -4 -3  1  4 -3  2  0 -3 -3 -2 -2 -2  0    0   0   0   0   0   0   0   0   0   0 100   0   0   0   0   0   0   0   0   0  0.75 0.04
   58 E   -1 -1 -1  1 -5  2  6 -3 -1 -4 -4  0 -3 -4 -2 -1 -1 -4 -3 -3    0   0   0   0   0   0 100   0   0   0   0   0   0   0   0   0   0   0   0   0  1.22 0.05
   59 E   -1 -1 -1  1 -5  2  6 -3 -1 -4 -4  0 -3 -4 -2 -1 -1 -4 -3 -3    0   0   0   0   0   0 100   0   0   0   0   0   0   0   0   0   0   0   0   0  1.22 0.05
   60 F   -1 -2 -1 -2 -2 -2 -2 -2  0 -2 -1 -2 -1  4 -3  2  0  0  4 -2    0   0   0   0   0   0   0   0   0   0   0   0   0  35   0  38   0   0  27   0  0.55 0.03
   61 D   -2 -2  1  6 -4 -1  1 -2 -2 -4 -5 -1 -4 -4 -2 -1 -2 -6 -4 -4    0   0   0 100   0   0   0   0   0   0   0   0   0   0   0   0   0   0   0   0  1.47 0.05
   62 A    2 -2 -1 -2 -2 -1 -1  1 -2 -3 -3 -1 -2 -3  4  3  0 -4 -3 -2   27   0   0   0   0   0   0  11   0   0   0   0   0   0  26  36   0   0   0   0  0.70 0.02
   63 S    1 -1  0 -1 -2 -1 -1 -1 -2 -2 -2 -1 -2 -3 -2  4  4 -4 -2 -1    0   0   0   0   0   0   0   0   0   0   0   0   0   0   0  59  41   0   0   0  0.68 0.04
   64 V   -1 -3 -4 -4 -2 -3 -3 -4 -3  2  3 -3  1  0 -3 -3 -1 -3 -2  3    0   0   0   0   0   0   0   0   0  12  53   0   0   0   0   0   0   0   0  35  0.51 0.02
   65 E   -1 -1  0  3 -5  1  5 -3 -1 -4 -4  0 -3 -4 -2 -1 -1 -4 -3 -3    0   0   0  14   0   0  86   0   0   0   0   0   0   0   0   0   0   0   0   0  1.10 0.04
   66 G    0 -2  0  3 -3 -1  0  3 -2 -3 -3 -1 -2 -3 -2  2  2 -4 -3 -2    0   0   0  24   0   0   0  27   0   0   0   0   0   0   0  27  22   0   0   0  0.51 0.02
   67 F   -3 -3 -4 -4 -3 -3 -4 -4 -2  0  2 -3  0  6 -4 -3 -2  0  2 -1    0   0   0   0   0   0   0   0   0   0  24   0   0  76   0   0   0   0   0   0  0.86 0.04
   68 N    0 -1  3  0 -2  2  0 -1 -1 -2 -3  0 -2 -3 -2  3  3 -4 -2 -2    0   0  27   0   0  14   0   0   0   0   0   0   0   0   0  29  30   0   0   0  0.53 0.03
   69 L   -2 -3 -4 -4 -2 -3 -3 -4 -3  2  4 -3  1  0  2 -3 -2 -3 -2  0    0   0   0   0   0   0   0   0   0  11  75   0   0   0  14   0   0   0   0   0  0.60 0.03
   70 K   -1  3  0 -1 -4  1  0 -2 -1 -3 -3  5 -2 -4 -2 -1 -1 -4 -3 -3    0  14   0   0   0   0   0   0   0   0   0  86   0   0   0   0   0   0   0   0  0.92 0.04
   71 P   -1 -2 -2 -2 -3 -2 -2 -3 -2 -4 -3 -2 -3 -4  7  1 -1 -5 -4 -3    0   0   0   0   0   0   0   0   0   0   0   0   0   0  86  14   0   0   0   0  2.24 0.05
   72 S    0 -1  4  0 -2 -1 -1 -1 -1  0 -2 -1 -2 -3 -2  3  0 -4 -2 -1    0   0  47   0   0   0   0   0   0  14   0   0   0   0   0  40   0   0   0   0  0.54 0.03
   73 A    3  3 -1 -2 -2 -1 -1 -1 -1 -2 -2  0 -1 -3 -1  1  1 -3 -2 -1   62  24   0   0   0   0   0   0   0   0   0   0   0   0   0   0  14   0   0   0  0.47 0.03
   74 K   -1  3  0 -1 -4  1  0 -2 -1 -3 -3  5 -2 -4 -2 -1 -1 -4 -3 -3    0  11   0   0   0   0   0   0   0   0   0  89   0   0   0   0   0   0   0   0  0.93 0.05
   75 R   -2  6 -1 -2 -4  1 -1 -3 -1 -3 -3  3 -2 -4 -2 -1 -2 -4 -3 -3    0  86   0   0   0   0   0   0   0   0   0  14   0   0   0   0   0   0   0   0  1.12 0.05
   76 L   -2 -3 -4 -5 -2 -3 -4 -4 -3  1  4 -3  2  0 -3 -3 -2 -2 -2  0    0   0   0   0   0   0   0   0   0   0 100   0   0   0   0   0   0   0   0   0  0.75 0.04
   77 V   -1 -3 -3 -4 -2 -2 -3 -4 -3  3  1 -3  3 -1 -3 -2 -1 -3 -2  3    0   0   0   0   0   0   0   0   0  36   0   0  14   0   0   0   0   0   0  51  0.51 0.03
   78 I   -2 -3 -4 -4 -2 -3 -4 -5 -4  4  3 -3  1  0 -4 -3 -1 -3 -2  2    0   0   0   0   0   0   0   0   0  62  38   0   0   0   0   0   0   0   0   0  0.58 0.03
   79 K   -1  4  0 -1 -4  1  0 -2 -1 -3 -3  5 -2 -4 -2 -1 -1 -4 -3 -3    0  24   0   0   0   0   0   0   0   0   0  76   0   0   0   0   0   0   0   0  0.90 0.04
   80 P   -1 -2 -3 -2 -4 -2 -2 -3 -3 -4 -4 -2 -3 -4  7 -1 -2 -5 -4 -3    0   0   0   0   0   0   0   0   0   0   0   0   0   0 100   0   0   0   0   0  2.74 0.06
   81 K   -1  3  0 -1 -4  2  0 -2 -1 -3 -3  5 -2 -4 -2 -1 -1 -4 -3 -3    0  18   0   0   0  12   0   0   0   0   0  70   0   0   0   0   0   0   0   0  0.83 0.04
   82 V    1 -2 -1  1 -2 -1 -1 -2 -2 -1 -2 -1 -1 -2  4  1  2 -3 -2  1   15   0   0  11   0   0   1   1   0   0   1   1   0   0  21  12  19   0   0  16  0.40 0.01
   83 K    0  3  0 -1 -2  0  0 -2 -1 -2 -2  3 -1 -3 -1  1  1 -3 -2 -2    9  24   0   0   0   0   1   1   0   0   1  36   0   0   0  10  14   0   0   1  0.44 0.02
   84 S    0 -1  3  0 -2  0 -1 -1 -1 -2 -2  1 -2 -3  2  2  3 -3 -2 -2    1   0  21   0   0   0   1   1   0   0   1  10   0   0  11  25  27   0   0   1  0.44 0.02
   85 V    0 -2 -1 -2 -2 -1 -1 -2 -2  0 -1 -1 -1 -2  3  1  3 -3 -2  2    1   1   0   1   0   0   1   1   0   1   1   1   0   0  15  11  33   0   0  33  0.37 0.02
   86 E   -1 -1 -1  2 -3  1  4 -2 -1 -1 -1  0  1 -2 -2  0  1 -3 -2  0    1   1   0  11   0   0  45   1   0   1   1   1  11   0   1   1  15   0   0  11  0.38 0.02
   87 G    1 -2 -1 -1 -2 -1  1  2 -2  0 -2 -1 -1 -3 -2  2  0 -4 -3  0   12   0   0   0   0   0  15  17   0  11   0   0   0   0   0  35   0   0   0  10  0.27 0.02
   88 G    1 -2  2 -1 -3 -2 -2  4 -2 -1 -3 -2 -2 -3  2 -1 -1 -4 -3 -2   11   0  15   0   0   0   0  51   0  11   0   0   0   0  12   0   0   0   0   0  0.61 0.02
   89 N   -2  0  5  2 -3  0  0 -2 -1  0 -2  1 -2 -3 -2  0  1 -4 -3 -2    0   0  54  10   0   0   0   0   0  11   0  15   0   0   0   0  11   0   0   0  0.56 0.03
   90 P    1 -2 -2 -2 -2 -1 -1 -2 -2 -2  0 -1 -1 -2  6  1 -1 -3 -3 -2   11   1   0   1   0   0   1   1   0   1  13   1   0   0  53  16   1   0   0   1  1.10 0.03
   91 S    0 -2  2 -1 -2 -1  1  1 -1  1 -1 -1 -1 -2 -2  2  1 -4 -2  0    0   0  12   0   0   0  11  10   0  15   0   0   0   0   0  32  11   0   0  10  0.22 0.02
   92 S    3 -2 -1 -2 -2 -1 -1 -1 -2  0 -2 -1 -1 -3  2  3  0 -4 -2 -1   40   0   0   0   0   0   0   0   0  11   0   0   0   0  12  37   0   0   0   0  0.47 0.03
   93 S    0 -1  2 -1 -2  2  0  1 -1 -3 -3  0 -2 -3 -2  3  2 -4 -2 -2    0   0  12   0   0  18   0  13   0   0   0   0   0   0   0  44  13   0   0   0  0.48 0.03
   94 I    0 -2 -2 -3 -2 -2 -2  1 -3  2  1 -2  0 -1 -3  1  1 -3 -2  2    0   0   0   0   0   0   0  13   0  32  12   0   0   0   0  18  12   0   0  13  0.20 0.02
   95 G    0 -1  3  0 -3  2 -1  3 -1 -4 -3 -1 -2 -3 -2  2  0 -4 -3 -3    0   0  25   0   0  13   0  31   0   0   0   0   0   0   0  30   0   0   0   0  0.57 0.03
   96 S    2 -2  2 -1 -2 -1 -1  3 -1 -3 -3 -1 -2 -3 -2  3  1 -4 -3 -2   18   0  13   0   0   0   0  25   0   0   0   0   0   0   0  32  12   0   0   0  0.47 0.02
   97 A    3  1 -1 -2 -2 -1 -1  1 -2 -2 -3  0 -2 -3 -1  2  0 -4 -3 -1   49  13   0   0   0   0   0  13   0   0   0   0   0   0   0  25   0   0   0   0  0.45 0.03
   98 P    0 -2 -1 -2 -2 -1 -1  1 -2  1 -1 -1 -1 -2  4  2  0 -3 -2 -1    1   1   1   1   0   1   1  13   0  18   1   1   0   1  32  26   1   0   0   1  0.57 0.02
   99 N   -1 -1  4  0 -3 -1 -1  1 -1 -3 -3 -1 -2 -3  3  1  0 -3 -2 -3    1   1  44   1   0   1   1  13   0   1   1   1   0   1  18  14   1   0   0   1  0.61 0.03
  100 T    0  1 -1 -2 -2 -1 -2  3 -2 -2  0 -1 -1 -2 -2  1  3 -3 -3 -1    0  12   0   0   0   0   0  31   0   0  13   0   0   0   0  13  31   0   0   0  0.35 0.02
  101 P    1 -2 -2 -2 -3  1 -1 -2 -2 -2 -2 -1 -2 -3  6  1 -1 -4 -3  0   13   0   0   0   0  12   0   0   0   0   0   0   0   0  50  12   0   0   0  13  1.07 0.04
  102 Q    2 -1 -1 -2 -2  2  0 -2  3  0 -2 -1 -1 -2 -2  2  1 -3 -1 -1   26   0   0   0   0  19   0   0  13  12   0   0   0   0   0  18  12   0   0   0  0.28 0.02
  103 S    1 -2  0  3 -2 -1  0  1 -2 -3 -3 -1 -2 -3 -2  2  1 -4 -3 -2   13   0   0  30   0   0   0  12   0   0   0   0   0   0   0  32  12   0   0   0  0.48 0.03
  104 R    1  2 -1 -2 -2 -1 -2  1 -2  2 -1 -1 -1 -2 -2  1  1 -3 -2  0   12  19   0   0   0   0   0  12   0  31   0   0   0   0   0  13  13   0   0   0  0.17 0.02
  105 P   -1 -1 -1  1 -2  1  0 -2 -1  0  1 -1  0 -2  3  1 -1 -3 -2  0    1   1   1  13   0  13   1   1   0   1  19   1   0   1  19  14   1   0   0  13  0.29 0.01
  106 K    0  0  2  0 -3  2  2 -2  3  0 -2  2 -1 -3 -2  0 -1 -3 -1 -1   12   0  12   0   0  13  18   0  13  13   0  19   0   0   0   0   0   0   0   0  0.30 0.02
  107 G    3 -1 -1 -1 -1 -1 -1  2 -2 -2 -2 -1 -1 -2 -1  2  1 -3 -2 -1   44   1   1   1   0   1   1  20   0   1   1   1   0   1   1  13  13   0   0   1  0.38 0.02
  108 A    2 -2 -1  2 -2 -1 -1 -1 -2 -1  0 -1 -1 -2  2  0  1 -3 -2 -1   33   1   1  19   0   1   1   1   0   1  13   1   0   1  13   1  13   0   0   1  0.29 0.02
  109 T   -1 -1 -1 -2 -2 -1 -1 -3 -2  0  0  1  0 -2  2  0  3 -4 -2  1    0   0   0   0   0   0   0   0   0   0  13  18   0   0  13   0  43   0   0  13  0.36 0.03
  110 P   -1 -2  2 -1 -3 -1  2  1 -1 -4 -4 -1 -3 -4  5  1 -1 -4 -3 -3    0   0  13   0   0   0  18  13   0   0   0   0   0   0  44  12   0   0   0   0  1.00 0.03
  111 N   -1  3  4  2 -3  0  0 -2 -1 -3 -3  0 -2 -3 -2  1  1 -4 -3 -3    0  26  37  13   0   0   0   0   0   0   0   0   0   0   0  12  12   0   0   0  0.56 0.03
  112 K    0  2  0 -1 -3  0  0  1 -1 -3 -3  3 -2 -3 -2  3  0 -4 -3 -3    0  12   0   0   0   0   0  12   0   0   0  37   0   0   0  39   0   0   0   0  0.50 0.03
  113 E    2 -1 -1 -1 -2  2  2 -2  0 -2 -2  0 -1 -1 -2  1  1 -1  3 -1   25   0   0   0   0  12  19   0   0   0   0   0   0   0   0  13  13   0  18   0  0.33 0.02
  114 R   -1  4 -1 -2 -3  0 -1  2 -1 -1 -2  2 -2 -3 -2 -1 -1 -4 -3  0    0  44   0   0   0   0   0  25   0   0   0  13   0   0   0   0   0   0   0  18  0.48 0.03
  115 E   -1  0 -1  1 -5  3  5 -3  0 -4 -4  0 -2 -4 -2 -1 -1 -4 -3 -3    0   0   0   0   0  18  82   0   0   0   0   0   0   0   0   0   0   0   0   0  1.09 0.06
  116 S    0 -1  0 -1 -2  2  0 -1 -1 -2 -3  0 -1 -3 -2  4  3 -3 -2 -2    0   0   0   0   0  18   0   0   0   0   0   0   0   0   0  57  26   0   0   0  0.60 0.04
  117 F   -2 -3 -3 -4 -3 -3 -3 -4 -2 -1  0 -3 -1  6 -4 -2  1  0  2 -1    0   0   0   0   0   0   0   0   0   0   0   0   0  82   0   0  18   0   0   0  0.88 0.06
  118 S    0  3  2 -1 -3  2  0 -1 -1 -3 -3  0 -2 -3 -2  3  0 -4 -2 -3    0  25  13   0   0  13   0   0   0   0   0   0   0   0   0  49   0   0   0   0  0.55 0.04
  119 G   -1 -2  4 -1 -3 -1 -2  4 -1 -1 -3 -1 -2 -3 -3 -1 -1 -4 -3  0    0   0  38   0   0   0   0  44   0   0   0   0   0   0   0   0   0   0   0  18  0.61 0.04
  120 A    2  0 -1 -1 -2  4  1 -2  0 -2 -2  0 -1 -3 -2  0  2 -3 -2 -1   32   0   0   0   0  50   0   0   0   0   0   0   0   0   0   0  18   0   0   0  0.57 0.04
  121 I   -2 -3 -4 -4 -2 -3 -4 -5 -4  5  2 -3  1 -1 -4 -3 -1 -3 -2  2    0   0   0   0   0   0   0   0   0  82  18   0   0   0   0   0   0   0   0   0  0.65 0.05
  122 P   -1 -3 -3 -3 -4 -2 -2 -3 -3 -4 -4 -2 -3 -4  8 -2 -2 -5 -4 -3    0   0   0   0   0   0   0   0   0   0   0   0   0   0 100   0   0   0   0   0  2.76 0.08
  123 S    0 -1  2  0 -2  0  2 -2 -1 -1  0 -1 -1 -2 -2  2  3 -4 -2 -1    0   0  13   0   0   0  18   0   0   0  12   0   0   0   0  19  38   0   0   0  0.37 0.03
  124 E   -2 -1  2  3 -4  3  3 -2  3 -4 -4  0 -2 -3 -2 -1 -1 -4 -2 -3    0   0  13  25   0  18  32   0  12   0   0   0   0   0   0   0   0   0   0   0  0.70 0.03
  125 P   -1  2 -2 -2 -4 -1 -1 -3 -2 -4 -3 -1 -3 -4  7 -1 -2 -5 -4 -3    0  17   0   0   0   0   0   0   0   0   0   0   0   0  83   0   0   0   0   0  2.14 0.03
  126 L    0 -1 -1 -1 -2  0  1 -2 -2 -1  1 -1  0 -2 -2  2  3 -3 -2 -1    0   0   0   0   0   0  17   0   0   0  23   0   0   0   0  30  31   0   0   0  0.32 0.01
  127 P   -1 -2  0  3 -3 -1  0 -2 -2 -4 -4 -1 -3 -4  6  1 -1 -5 -4 -3    0   0   0  32   0   0   0   0   0   0   0   0   0   0  53  15   0   0   0   0  1.36 0.02
  128 P    0 -1 -1 -1 -2  2  0 -1 -1 -2 -2  0 -2 -3  5  2  0 -3 -2 -2    1   1   1   1   0  16   1   1   0   1   2   1   0   1  38  33   1   0   1   1  0.82 0.01
  129 A    3 -2 -2 -2 -1 -1 -1 -1 -2  1  0 -1  0 -1 -1  0  0 -2 -2  2   53   1   1   1   0   1   1   1   0  17   2   1   0   1   1   1   1   0   1  17  0.25 0.01
  130 G    1 -2 -1 -1 -2 -1 -1  4 -2 -3 -3 -1 -2 -3 -1  1 -1 -3 -2 -2   16   1   1   1   0   1   1  56   0   1   1   1   0   1   1  15   1   0   1   1  0.62 0.01
  131 N    0  0  3  0 -3  0  0 -1 -1 -3 -2  3 -2 -3  3  1  0 -3 -2 -2    1   1  23   1   0   1   1   1   0   1   1  32   0   1  17  15   1   0   1   1  0.48 0.01
  132 S    2 -1  2 -1 -2  2  0 -1 -1 -3 -3  0 -2 -3 -1  3  1 -3 -2 -2   16   0  17   0   0  16   0   0   0   0   0   0   0   0   0  52   0   0   0   0  0.51 0.02
  133 P    1  2 -1 -2 -3  2  0 -2 -1 -3 -3  0 -2 -3  5  1 -1 -4 -3 -2   16  14   0   0   0  16   0   0   0   0   0   0   0   0  39  15   0   0   0   0  0.88 0.01
  134 G    1 -1  0 -1 -2  2  0  3 -1 -3 -2 -1 -2 -3 -1  1  0 -2 -2 -2   16   1   1   1   0  16   1  40   0   1   2   1   0   1   1  15   1   0   1   1  0.43 0.01
  135 A    1  0 -1 -2 -2  0 -1 -1  3 -2 -2  1 -1 -1  3  0 -1 -1  3 -2   24   1   1   1   0   1   1   1  16   1   2  17   0   1  15   1   1   0  16   1  0.33 0.01
  136 T   -1  2  2 -1 -2  2  0 -1  0 -2 -2  0 -1 -2 -1  1  3 -3 -2 -1    1  15  17   1   0  16   1   1   0   1   2   1   0   1   1   1  39   0   1   1  0.36 0.01
  137 N   -1 -1  3  3 -3  2  1 -1  0 -2 -2  0 -2 -3 -1  0  1 -3 -2 -2    1   1  23  31   0  17   1   1   0   1   2   1   0   1   1   1  16   0   1   1  0.47 0.01
  138 G    0 -1 -1 -1 -2  2 -1  3 -1 -3 -3 -1 -2 -3  3  1 -1 -3 -2 -2    1   1   1   1   0  16   1  39   0   1   2   1   0   1  17  15   1   0   1   1  0.53 0.01
  139 R   -1  4  0 -1 -3  4  0 -2  0 -3 -2  1 -1 -3 -1 -1 -1 -2 -2 -2    1  53   1   1   0  32   1   1   0   1   2   1   0   1   1   1   1   0   1   1  0.67 0.02
  140 E   -1  0  0  0 -3  3  3  1  0 -3 -2  0 -1 -3 -1  0 -1 -2 -2 -2    1   1   1   1   0  31  39  17   0   1   2   1   0   1   1   1   1   0   1   1  0.53 0.01
  141 S    1 -1  0 -1 -2  2  0 -1 -1 -2 -2  0 -1 -2 -1  3  2 -3 -2 -1    1   1   1   1   0  15   1   1   0   1   2   1   0   1   1  55  17   0   1   1  0.44 0.01
  142 Q    0  0  0  0 -1  4  1 -1  0 -1 -1  0  0 -1  0  0  2 -1 -1 -1    4   2   2   3   1  39   3   3   1   2   4   3   1   2   2   3  19   1   2   3  0.28 0.01
  143 D   -2 -2  1  6 -4 -1  1 -2 -2 -4 -5 -1 -4 -4 -2 -1 -2 -5 -4 -4    0   0   0 100   0   0   0   0   0   0   0   0   0   0   0   0   0   0   0   0  1.41 0.03
  144 N   -1 -2  3 -1 -2 -1 -1  1 -1  1 -1 -1  2 -2 -2  1  2 -3 -2  0    0   0  23   0   0   0   0  16   0  15   0   0  14   0   0  16  17   0   0   0  0.23 0.01
  145 G    0 -2  2 -1 -2 -1 -1  3 -1 -3 -3 -1 -3 -3 -2  3  0 -4 -3 -3    0   0  16   0   0   0   0  38   0   0   0   0   0   0   0  47   0   0   0   0  0.63 0.02
  146 R   -2  6 -1 -2 -4  1 -1 -3  0 -3 -3  2 -2 -4 -2 -1 -2 -4 -3 -3    0 100   0   0   0   0   0   0   0   0   0   0   0   0   0   0   0   0   0   0  1.19 0.03
  147 R   -2  6 -1 -2 -4  1 -1 -3  0 -3 -3  2 -2 -4 -2 -1 -2 -4 -3 -3    0 100   0   0   0   0   0   0   0   0   0   0   0   0   0   0   0   0   0   0  1.19 0.03
  148 E   -1 -2 -2 -1 -2  0  3 -3 -2  1  0 -1  0 -2 -2 -1 -1 -3 -2  3    0   0   0   0   0   0  38   0   0   0   0   0   0   0   0   0   0   0   0  62  0.39 0.02
  149 S    1 -1  0 -1 -2 -1 -1 -1 -1 -3 -3 -1 -2 -3 -1  5  1 -4 -2 -2    0   0   0   0   0   0   0   0   0   0   0   0   0   0   0 100   0   0   0   0  0.81 0.03
  150 W   -3 -4 -4 -6 -4 -3 -4 -4 -3 -3 -3 -4 -2  0 -5 -4 -4 10  2 -3    0   0   0   0   0   0   0   0   0   0   0   0   0   0   0   0   0 100   0   0  2.86 0.06
  151 L   -2 -3 -4 -5 -2 -3 -4 -4 -3  1  4 -3  2  0 -3 -3 -2 -2 -2  0    0   0   0   0   0   0   0   0   0   0 100   0   0   0   0   0   0   0   0   0  0.72 0.02
  152 H   -2  0  0 -1 -4  4  1 -3  6 -4 -3  0 -1 -2 -2 -1 -1 -3  0 -3    0   0   0   0   0  48   0   0  52   0   0   0   0   0   0   0   0   0   0   0  0.93 0.03
  153 P    0 -2 -1 -1 -3 -1 -1 -2 -2 -3 -3 -1 -2 -3  6  3  0 -4 -3 -2    0   0   0   0   0   0   0   0   0   0   0   0   0   0  52  48   0   0   0   0  1.30 0.03
  154 N   -2  0  6  1 -4  0 -1 -1  0 -4 -4  2 -3 -4 -2  0  0 -4 -3 -3    0   0  86   0   0   0   0   0   0   0   0  14   0   0   0   0   0   0   0   0  0.99 0.03
  155 N    1 -1  4  0 -2 -1 -1 -1 -1  0 -2 -1 -1 -3 -2  0  0 -4 -2  2   16   0  54   0   0   0   0   0   0   0   0   0   0   0   0   0   0   0   0  30  0.42 0.01
  156 L   -2 -3 -4 -4 -2 -3 -3 -4 -3  2  4 -3  2  0 -3 -3 -1 -2 -2  1    0   0   0   0   0   0   0   0   0   0  86   0   0   0   0   0   0   0   0  14  0.60 0.01
  157 E   -1 -1  0  4 -5  1  5 -2 -1 -4 -4  0 -3 -4 -2 -1 -1 -4 -3 -3    0   0   0  30   0   0  70   0   0   0   0   0   0   0   0   0   0   0   0   0  1.00 0.02
  158 K   -1  3 -1 -1 -4  1  0 -2 -1 -2 -2  5  1 -3 -2 -1 -1 -4 -2 -2    0  14   0   0   0   0   0   0   0   0   0  74  12   0   0   0   0   0   0   0  0.68 0.02
  159 V    1 -3 -3 -4 -1 -2 -2 -3 -3  2  0 -2  2 -1 -2 -1  0 -3 -2  4   16   0   0   0   0   0   0   0   0   0   0   0  14   0   0   0   0   0   0  70  0.38 0.01
  160 R   -2  6 -1 -2 -4  1 -1 -3  3 -3 -3  2 -2 -3 -2 -1 -2 -3 -2 -3    0  90   0   0   0   0   0   0  10   0   0   0   0   0   0   0   0   0   0   0  1.04 0.02
  161 Q   -1  1  0 -1 -4  6  2 -3  1 -3 -3  1  0 -4 -2 -1 -1 -3 -2 -3    0   0   0   0   0 100   0   0   0   0   0   0   0   0   0   0   0   0   0   0  1.11 0.03
  162 H    1  2  0 -1 -3  4  1 -2  4 -3 -3  1 -1 -3 -2  0 -1 -3 -1 -2   15  11   0   0   0  49   0   0  25   0   0   0   0   0   0   0   0   0   0   0  0.63 0.02
  163 N   -2  0  5  0 -3  4  1 -1  0 -4 -3  0 -1 -4 -2  0 -1 -3 -2 -3    0   0  56   0   0  44   0   0   0   0   0   0   0   0   0   0   0   0   0   0  0.83 0.02
  164 I   -1 -2 -2 -3 -2  1 -1 -3 -2  3  2 -2  1 -1 -3  0 -1 -3 -2  1    0   0   0   0   0  15   0   0   0  36  35   0   0   0   0  14   0   0   0   0  0.26 0.01
  165 Q   -1  0  4  0 -4  4  1 -2  3 -4 -3  0 -1 -3 -2  0 -1 -3 -1 -3    0   0  34   0   0  51   0   0  15   0   0   0   0   0   0   0   0   0   0   0  0.74 0.02
  166 T    0 -1  2 -1 -2  2  0 -1 -1 -2 -2  0 -1 -3 -2  3  3 -3 -2 -1    0   0  14   0   0  15   0   0   0   0   0   0   0   0   0  35  36   0   0   0  0.50 0.01
  167 G    0 -1 -1 -1 -3  2  2  3 -1 -4 -3 -1 -2 -4  3  1 -1 -4 -3 -3    0   0   0   0   0  15  15  36   0   0   0   0   0   0  14  20   0   0   0   0  0.57 0.01
  168 M   -1  2 -1 -2 -2  2 -1 -3 -1  2  1  0  4 -1 -2 -1 -1 -2 -2  0    1  15   1   1   0  15   1   1   0  21   1   1  36   1   1   1   1   0   0   1  0.23 0.01
  169 D   -1 -1  0  4 -3  0  2  1 -1 -2  0 -1 -1 -2 -2 -1 -1 -3 -2 -2    1   1   1  37   0   1  21  16   0   1  15   1   0   1   1   1   1   0   0   1  0.39 0.01
  170 Q    0  0  0  0 -2  4  1 -1  0 -2 -2  0 -1 -2 -1  2  0 -2 -1 -1    2   2   1   2   1  37   2   2   1   2   3   2   1   1   2  36   2   0   1   2  0.38 0.01
  171 G    0 -1 -1 -1 -2  1  1  3 -1 -1 -2 -1 -1 -2 -2 -1 -1 -3 -2  1    1   1   1   1   0  11  15  41   0   1   1   1   0   1   1   1   1   0   0  21  0.33 0.01
  172 S    1 -1  2 -1 -2 -1 -1 -1 -1 -1 -2 -1 -1 -3 -2  4  1 -4 -2  1    0   0  15   0   0   0   0   0   0   0   0   0   0   0   0  65   0   0   0  20  0.44 0.02
  173 P   -1 -3 -3 -3 -3 -2 -2 -3 -3  1 -1 -2 -1 -3  7 -2 -1 -4 -3  1    0   0   0   0   0   0   0   0   0  15   0   0   0   0  71   0   0   0   0  14  1.63 0.02
  174 H   -2  1 -2 -3 -3 -1 -2 -4  4  0  3 -1  1  0 -3 -2 -2 -3  0  0    0  15   0   0   0   0   0   0  25   0  60   0   0   0   0   0   0   0   0   0  0.38 0.01
  175 N   -2 -1  5  4 -4  0  2 -1  0 -4 -4  0 -3 -4 -2  0 -1 -4 -3 -3    0   0  56  29   0   0  15   0   0   0   0   0   0   0   0   0   0   0   0   0  0.87 0.02
  176 S    1 -1  2  0 -2  0 -1 -1 -1 -3 -3 -1 -2 -3 -1  4  1 -4 -2 -2    0   0  14   0   0   0   0   0   0   0   0   0   0   0   0  86   0   0   0   0  0.71 0.02
  177 T    0 -2 -1 -2 -1 -1 -1 -2 -2  0 -1 -1 -1 -2 -2  1  5 -3 -2  1    0   0   0   0   0   0   0   0   0   0   0   0   0   0   0   0  85   0   0  15  0.65 0.02
  178 L   -2 -3 -4 -4 -2 -3 -4 -4 -3  2  4 -3  2  0 -3 -3 -2 -2 -2  1    0   0   0   0   0   0   0   0   0  14  86   0   0   0   0   0   0   0   0   0  0.63 0.02
  179 N   -1  0  4  2 -3  0  0 -1 -1 -3 -3  3 -2 -3 -2  2  0 -4 -3 -3    0   0  36  15   0   0   0   0   0   0   0  29   0   0   0  20   0   0   0   0  0.57 0.01
  180 E   -1 -1  2  1 -5  1  5 -2  0 -4 -4  0 -2 -4 -2  0 -1 -4 -3 -3    0   0  15   0   0   0  85   0   0   0   0   0   0   0   0   0   0   0   0   0  0.98 0.02
  181 L   -2 -3 -3 -4 -2 -2 -3 -4 -2  1  3 -3  1  3 -3 -2  1 -1  0  0    0   0   0   0   0   0   0   0   0   0  56   0   0  29   0   0  15   0   0   0  0.43 0.01
  182 V    2 -3 -3 -3 -1 -2 -2 -2 -3  2  0 -2  0 -1 -2 -1  0 -3 -2  3   29   0   0   0   0   0   0   0   0  15   0   0   0   0   0   0   0   0   0  56  0.36 0.01
  183 P   -1 -1 -2 -2 -3 -1 -1 -3 -2 -3 -3  1 -2 -4  7 -1  1 -4 -3 -2    0   0   0   0   0   0   0   0   0   0   0  15   0   0  71   0  14   0   0   0  1.72 0.02
  184 R    1  4 -1 -1 -3  1  2 -2 -1 -3 -3  1 -2 -3 -2  1 -1 -4 -2 -2   14  56   0   0   0   0  15   0   0   0   0   0   0   0   0  15   0   0   0   0  0.60 0.01
  185 K   -1  3  2 -1 -4  1  0 -2 -1 -3 -2  4 -2  1 -2 -1 -1 -3 -1 -3    0  15  14   0   0   0   0   0   0   0   0  56   0  15   0   0   0   0   0   0  0.52 0.01
  186 P    1 -2 -2 -2 -2 -1 -1 -2 -2 -3 -2 -1 -2 -3  7 -1 -1 -3 -3 -2   16   1   1   1   0   1   1   1   0   1   1   1   0   1  72   1   1   0   0   1  1.68 0.02
  187 L   -1 -2 -2 -2 -2 -1  1 -3 -2  1  3 -2  1  0 -2 -2 -1 -2 -2  1    1   1   1   1   0   1  16   1   0   1  58   1   0   1   1   1   1   0   0  16  0.26 0.01
  188 D   -1 -1  0  4 -3  0  2 -1 -1 -3 -3 -1 -2 -3  3  1 -1 -3 -3 -2    1   1   1  46   0   1  12   1   0   1   1   1   0   1  16  16   1   0   0   1  0.66 0.01
  189 T    1 -1  0 -1 -1 -1 -1 -1 -1 -1 -1 -1 -1 -2 -1  1  4 -3 -2  0   16   1   1   1   0   1   1   1   0   1   1   1   0   1   1   1  72   0   0   1  0.52 0.02
  190 Y   -2 -1  1 -2 -3 -1 -2 -3  1 -1 -1  1  2  1 -3 -1 -1  1  5 -2    0   0  14   0   0   0   0   0   0   0   0  15  15   0   0   0   0   0  56   0  0.55 0.02
  191 R   -2  6 -1 -1 -4  1  2 -3  0 -3 -3  2 -2 -4 -2 -1 -1 -4 -3 -3    0  85   0   0   0   0  15   0   0   0   0   0   0   0   0   0   0   0   0   0  0.99 0.02
  192 P    2 -2  1 -1 -2 -1 -1 -1 -2 -3 -3 -1 -2 -3  6  0 -1 -4 -3 -2   35   0  14   0   0   0   0   0   0   0   0   0   0   0  51   0   0   0   0   0  1.18 0.02
  193 S    0 -1  0  1  2  0  1 -1 -1 -2 -3 -1 -2 -3 -2  3  2 -4 -3 -2    0   0   0  10   9   0  11   0   0   0   0   0   0   0   0  52  17   0   0   0  0.47 0.02
  194 S    0  1  0 -1 -3  0 -1  2  4 -3 -3  1 -2 -3 -2  2  1 -3 -1 -2    0  11   0   0   0   0   0  17  19   0   0  10   0   0   0  31  12   0   0   0  0.38 0.01
  195 T    2 -2 -1 -2 -2 -1 -1  2 -2 -2 -2 -1 -1 -3 -2  2  4 -4 -2 -1   21   0   0   0   0   0   0  17   0   0   0   0   0   0   0  12  50   0   0   0  0.48 0.02
  196 V    1 -2 -1 -2 -1  1 -1 -2 -2  1  0 -1  0 -2 -2  2  0 -3 -2  2   17   0   0   0   0   9   0   0   0  10   0   0   0   0   0  23   0   0   0  40  0.24 0.01
  197 R   -1  4  2 -1 -3  0 -1 -2 -1 -3 -3  1 -2 -3  2  2  0 -4 -3 -3    0  48  19   0   0   0   0   0   0   0   0   0   0   0  12  21   0   0   0   0  0.63 0.02
  198 L   -2 -3 -3 -4 -2 -2 -3 -4 -3  1  3 -2  2 -1  4 -2 -2 -3 -2  0    0   0   0   0   0   0   0   0   0   0  60   0  11   0  29   0   0   0   0   0  0.73 0.02
  199 S    1 -1  2 -1 -2 -1 -1 -1 -1 -3 -3 -1 -2 -3 -1  4  2 -4 -2 -2    0   0  12   0   0   0   0   0   0   0   0   0   0   0   0  77  11   0   0   0  0.67 0.03
  200 V   -1 -2 -2 -3 -2  1 -1 -3 -2  1  1 -2  0 -1  2  0  0 -3 -2  3    0   0   0   0   0  12   0   0   0   0  19   0   0   0  10  11   0   0   0  48  0.27 0.01
  201 S    0 -1  0 -1 -2 -1 -1  2 -1 -2 -2 -1 -2 -2  2  3  0 -3 -2 -2    1   1   1   1   0   1   1  23   0   1   2   1   0   1  13  49   1   0   1   1  0.47 0.01
  202 T    1 -1  0 -1 -1 -1 -1 -1 -1 -1 -1 -1 -1 -2 -1  2  4 -3 -2 -1   12   1   1   1   0   1   1   1   0   1   2   1   0   1   1  13  59   0   1   1  0.45 0.02
  203 I   -1 -3 -3 -4 -2 -3 -3 -4 -3  4  1 -3  1 -1 -3  0 -1 -3 -2  3    0   0   0   0   0   0   0   0   0  71   0   0   0   0   0  12   0   0   0  17  0.44 0.02
  204 P   -1  1 -1 -1 -3  0  2 -3  2 -2  0  0 -1 -2  5  0 -1 -4 -2 -2    0  11   0   0   0   0  19   0   9   0  17   0   0   0  32  12   0   0   0   0  0.60 0.01
  205 E   -1 -1 -1  1 -4  1  5 -2 -1 -4 -4  0 -2 -4 -2  1 -1 -4 -3 -3    0   0   0   0   0   0  88   0   0   0   0   0   0   0   0  12   0   0   0   0  1.00 0.03
  206 N   -1 -1  5  1 -3  0  1 -1  0 -3 -3  0 -2 -3 -2  1  1 -4 -3 -3    0   0  66   0   0   0  11   0   0   0   0   0   0   0   0  10  12   0   0   0  0.76 0.03
  207 P   -1 -1  2 -1 -3  1 -1 -2 -1 -2 -2 -1  1 -3  4  1  2 -4 -3 -2    0   0  19   0   0  10   0   0   0   0   0   0  12   0  31  11  17   0   0   0  0.65 0.02
  208 F    0 -3 -2 -3 -2 -2 -3  1 -2 -1  0 -2  0  4 -3 -1  1 -1  1 -1   12   0   0   0   0   0   0  11   0   0  10   0   0  48   0   0  19   0   0   0  0.34 0.02
  209 E   -1 -1 -1  0 -3  1  4 -3 -1  2 -1  0 -1 -2 -2 -1  1 -4 -3  0    0   0   0   0   0   0  59   0   0  29   0   0   0   0   0   0  12   0   0   0  0.48 0.02
  210 D   -1 -2  0  4 -4 -1  2  3 -2 -4 -4 -1 -3 -4 -2  1 -1 -4 -4 -3    0   0   0  43   0   0  15  27   0   0   0   0   0   0   0  16   0   0   0   0  0.68 0.02
  211 Q    0  0  0  2 -3  5  2 -2  0 -3 -3  1 -1 -4 -2  0 -1 -3 -3 -3   10   0   0  16   0  57   9   0   0   0   0   9   0   0   0   0   0   0   0   0  0.70 0.03
  212 S    1 -2  0  1 -2 -1 -1 -1 -2 -1  0 -1 -1 -2 -2  3  2 -3 -2 -1   10   0   0   9   0   0   0   0   0   0  16   0   0   0   0  43  23   0   0   0  0.36 0.02
  213 S    1 -1  0 -1 -2  2  0 -1 -1 -2  0 -1 -1 -2 -2  3  1 -3 -2 -1   10   0   0   0   0  16   0   0   0   0  16   0   0   0   0  59   0   0   0   0  0.41 0.03
  214 T    1  0 -1 -1 -2  1  1 -2 -1 -2 -2  0 -1 -3 -2  2  4 -3 -2 -1   15   6   0   0   0   8   6   0   0   0   0   0   0   0   0  14  50   0   0   0  0.46 0.03
  215 I    0 -2 -2 -2 -1 -1  0 -2 -2  2  1 -2  0 -1 -2  1  0 -3 -2  3    7   1   1   1   0   1   6   1   0  22   8   1   0   0   1  15   1   0   0  35  0.19 0.02
  216 T    2 -2  1 -1 -2 -1 -1  0 -2  1  0 -1  0 -2 -2  1  2 -3 -2  0   22   0  12   0   0   0   0   7   0  13  12   0   0   0   0  12  22   0   0   0  0.20 0.02
  217 R   -1  4  2 -1 -4  1  1 -2 -1 -3 -3  3 -2 -4 -2  0  0 -4 -3 -3    0  34  12   0   0   0   9   0   0   0   0  34   0   0   0   5   6   0   0   0  0.62 0.04
  218 R   -1  4 -1 -2 -3  2  0 -3 -1  0  0  2 -1 -3 -2  1 -1 -3 -2 -1    0  41   0   0   0  11   0   0   0  11   9  17   0   0   0  12   0   0   0   0  0.45 0.03
  219 E   -2  3  3  2 -4  0  2  0 -1 -4 -4  2 -3 -4  1 -1 -1 -4 -3 -3    0  24  23  17   0   0  13   6   0   0   0  10   0   0   6   0   0   0   0   0  0.53 0.03
  220 T    1  1  2  0 -2 -1 -1 -1 -1 -1 -1  0 -1 -2 -2  2  2 -4 -2  0   14  11  11   5   0   0   0   0   0   0   6   0   0   0   0  29  19   0   0   6  0.29 0.02
  221 F   -1 -2 -2 -3 -2 -2 -2 -3 -2  0  1  0  0  4  3 -1  1 -1  0  0    1   1   0   1   0   0   1   1   0   1  18   6   0  31  20   1  11   0   0   7  0.37 0.02
  222 T    1 -1  3 -1 -2 -1 -1  0 -1 -2 -2 -1 -2 -3 -2  1  3 -4 -2  0   15   0  25   0   0   0   0   6   0   0   0   0   0   0   0   7  40   0   0   5  0.44 0.05
  223 S    0 -2  1 -1 -2 -1 -1 -1 -2 -2 -3 -1 -2 -3 -2  4  2 -4 -3  0    0   0   6   0   0   0   0   0   0   0   0   0   0   0   0  76   9   0   0   9  0.69 0.09
  224 Q    2  0 -1 -1 -2  4  2 -2 -1 -3 -3  0 -1 -3 -2  2  1 -3 -3 -2   18   0   0   0   0  37  10   0   0   0   0   0   0   0   0  28   6   0   0   0  0.56 0.07
  225 Q   -1  0  1 -2 -3  2 -1 -3  2  0 -2  2 -1  1  2  0  2 -3 -1 -1    0   0   6   0   0  15   0   0   9  11   0  18   0   9  10   0  22   0   0   0  0.27 0.04
  226 A    2 -2 -1  1 -2 -1 -1  0  2  0  0 -1  1 -2 -2  1  2 -3 -2  0   22   0   0   9   0   0   0   8   8   5   8   0   6   0   0   8  21   0   0   5  0.17 0.03
  227 N   -2 -2  6  3 -4 -1 -1 -2 -1 -4 -4 -1 -3 -4 -3  1  1 -5 -3 -3    0   0  63  21   0   0   0   0   0   0   0   0   0   0   0   9   7   0   0   0  1.01 0.11
  228 E    0  1 -1  1 -4  2  3  1 -1 -3 -3  1 -2 -4  2  0  0 -4 -3 -3    7   8   0   9   0   9  29  13   0   0   0   9   0   0   9   0   7   0   0   0  0.44 0.04
  229 S    1 -1  1  1 -2 -1 -1 -1  2 -3 -3 -1 -2 -3 -2  4  2 -4 -2 -2    7   0   7   7   0   0   0   0   9   0   0   0   0   0   0  62   9   0   0   0  0.63 0.09
  230 V    1 -2  0 -3  1 -2 -2 -2  3  0  0 -2  0  0 -2 -1  0 -3 -1  2   21   0   6   0   4   0   0   0  15   0  11   0   0   4   0   0   3   0   0  36  0.21 0.06
  231 L    0  0 -3 -3 -2  0 -1 -1 -2  1  3 -2  1  1 -3 -2 -2 -3 -2  0    8   6   0   0   0   7   5   6   0  10  52   0   0   6   0   0   0   0   0   0  0.27 0.07
  232 S    1 -2  1 -1 -2 -1  0  0 -2 -2  0 -1 -1 -2 -2  3  2 -4 -3 -2    7   0   6   0   0   0   6   6   0   0  15   0   0   0   0  45  16   0   0   0  0.39 0.08
  233 N   -1  1  4  1 -3 -1  0 -1 -1 -3 -1 -1 -2  0 -3  2 -1 -3  1 -3    0  12  35   7   0   0   6   4   0   0   6   0   0   5   0  18   0   0   7   0  0.40 0.08
  234 R    1  5 -1 -2 -3  0  1 -2 -1 -4 -3  1 -2 -4  1  1 -1 -4 -3 -3   12  54   0   0   0   0   7   0   0   0   0   6   0   0   6  16   0   0   0   0  0.73 0.11
  235 S    1 -2  1 -1 -2 -1  1  1 -2 -2 -1 -1 -2 -3 -2  3  2 -4 -3 -2   11   0   8   0   0   0  11  11   0   0   8   0   0   0   0  39  12   0   0   0  0.39 0.08
  236 N   -1  0  3  2 -3  1  1 -2  1 -3 -3  2 -2 -1 -2  2  0 -3  0 -3    0   3  22  10   0   5   5   0   3   0   0  18   0   3   0  23   0   0   5   0  0.39 0.07
  237 E    1  1 -1  1 -3  0  2 -2 -2  0 -1  2  1 -3  1  0 -1 -4 -3 -1   11   5   0   7   0   0  20   0   0   9   3  24   6   0   8   7   0   0   0   0  0.29 0.07
  238 A    2 -2  0 -2 -2  0 -1  0  0 -2 -1 -1 -1 -1  2  2  1 -3 -2 -1   29   0   3   0   0   4   0   5   4   0   6   0   0   3   9  25   7   0   0   5  0.30 0.07
  239 E   -1 -2 -1  3 -3  1  3 -3 -2 -1 -2 -1 -2 -3  2  1  0 -4 -3 -1    0   0   0  25   0   5  26   0   0   5   3   0   0   0  13  16   5   0   0   5  0.51 0.09
  240 D   -2 -2  2  5 -4 -1  1 -2 -2 -3 -3 -2  2 -4 -3  1  1 -5 -4 -3    0   0   7  49   0   0  10   0   0   0   0   0   8   0   0  15  10   0   0   0  0.81 0.16
  241 S    2  1  0 -1 -2 -1  1 -2 -2 -1 -2  1 -2 -3 -2  3  2 -4 -3  0   18   6   3   0   0   0   8   0   0   2   0  12   0   0   0  28  14   0   0   8  0.33 0.10
  242 A    2 -2  0 -2 -2  1  0  0 -2  0  0 -1 -1  0 -2  1  2 -3 -2  1   20   0   3   0   0  11   4   6   0   6   7   0   0   4   0  13  15   0   0  10  0.16 0.06
  243 A    2 -2 -1 -2  1  0 -2  0  1  0  1 -1  0 -2 -2  1 -1 -3 -2  0   24   0   3   0   5   4   0   5   6   5  25   4   0   0   0  13   0   0   0   5  0.14 0.07
  244 N   -2  0  5  2 -4 -1  0  1  1 -3 -3  0 -3 -1 -3  1  0 -4 -2 -2    0   5  44  10   0   0   3  10   4   0   0   4   0   4   0   7   3   0   0   4  0.58 0.15
  245 R   -1  3  0  0 -4  2  1  1  0 -2 -2  2  0 -3 -2  0 -1 -4 -3 -2    2  24   4   5   0   9  12  13   3   2   4  11   2   0   0   7   0   0   0   2  0.32 0.08
  246 S    0  0  1 -1 -3  0  0  0 -2 -2 -2 -1 -2 -1  0  3  3 -4 -2 -2    0   4   6   0   0   2   6   9   0   2   2   0   0   4   4  36  24   0   0   0  0.41 0.14
  247 R   -2  3  2 -1 -3  1  1 -2 -1 -2 -1  1 -2 -3  0 -1  1 -4 -3  0    0  27  15   0   0   7  10   2   0   0   4   6   0   0   3   0  13   0   0  12  0.36 0.11
  248 L    0 -1 -3 -2 -2 -2 -1 -3 -3  1  3 -1  0  1  1 -1 -1 -3 -2  1    6   2   0   2   0   0   4   0   0  10  46   2   0   6   8   4   3   0   0   7  0.29 0.10
  249 A    1 -2  0  0 -3  1  1 -1 -2 -1 -2 -1 -2 -2  2  2  1 -4 -3 -1   17   0   2   5   0   7  13   3   0   4   2   0   0   2  10  26   5   0   0   3  0.33 0.10
  250 I    1 -3  0 -3 -2 -2 -1 -3 -3  2  2 -2  1  0  0 -1  0 -3 -2  2   14   0   5   0   0   0   6   0   0  24  19   0   4   3   3   3   4   0   0  15  0.21 0.08
  251 E    1 -2  1  2 -3 -1  2 -2 -2 -1 -1 -1  1 -3  0  2  1 -4 -3 -1   14   0   8  10   0   0  22   0   0   3   3   0   6   0   5  17   9   0   0   4  0.30 0.10
  252 A    3 -2  0  0  2  1  2 -2  0 -3 -3 -1 -2 -4  1  1 -1 -4 -3 -1   33   0   5   2   5   6  21   0   3   0   0   0   0   0   6  11   1   0   0   5  0.40 0.13
  253 A    2 -2  0  0 -3 -1  2  0 -2 -2 -3  0  0 -3 -2  2  1 -4 -3  0   24   0   4   5   0   0  16   7   0   0   0   5   3   0   0  20  10   0   0   7  0.31 0.11
  254 A    2 -1  2  0  1 -1  0 -1  1 -1 -2 -1 -2 -3  1  2  2 -4 -3 -1   21   2  12   6   4   0   5   4   4   3   2   0   0   0   7  15  14   0   0   2  0.26 0.09
  255 A    2 -2 -1  0 -2 -1  1 -2  1 -2 -1 -1 -1 -2  2  2  1 -3  0  0   18   0   0   3   0   0  11   0   4   0   7   0   2   0   8  25  10   0   4   9  0.27 0.11
  256 E   -2 -2  2  2 -5  1  5 -3 -2 -5 -4 -1 -4 -4  0  2 -2 -5  0 -4    1   0  11   8   0   3  52   0   0   0   1   0   0   0   4  15   0   0   4   0  0.91 0.30
  257 A    1 -2  0  0 -3 -1  0 -2  1 -1 -1 -2 -1 -1  2  1  2 -3 -1  1   16   0   5   4   0   0   7   2   4   2   7   0   0   3  11  10  14   0   2  11  0.20 0.10
  258 A    2  0 -1  0  2  0  0  0 -2 -2 -2  0 -1 -3 -1  3  1 -4 -3  0   16   5   0   6   6   3   5   4   0   0   3   3   1   0   1  30   6   0   0  10  0.27 0.14
  259 D   -2  0  1  4  1 -1  1 -1 -2 -3 -1  1 -1 -3 -1  1  0 -4 -3 -1    0   6   5  30   5   0  11   3   0   0   8   8   1   0   2  11   5   0   0   4  0.36 0.15
  260 D    0 -1  2  4 -1 -1  1 -1  0 -3 -3  0 -2 -2 -1  1 -1  1 -3 -2    8   2  11  30   1   0  10   3   3   0   1   5   1   2   3  12   2   2   0   3  0.40 0.15
  261 E    0 -1  0  2 -4  2  3  0  0 -2 -4  1 -3 -4  1  0  0 -4 -3 -2    6   1   4   9   0   9  31   7   1   2   0   9   0   0   6   5   7   0   0   2  0.44 0.17
  262 S    0 -1  0 -2 -3 -1  1 -1 -2 -2 -2  1 -2 -3  3  2  1 -4 -1  1    5   1   5   0   0   0   8   3   0   0   2   8   0   0  19  25   9   0   2  13  0.42 0.19
  263 H   -2 -2  3  1 -5  1  0 -4  7 -3 -3  0 -4 -4 -4  0 -2 -5 -1 -4    2   1  17   6   0   7   5   0  46   2   2   4   0   0   0   6   1   0   1   0  1.22 0.41
  264 P    0 -2 -2 -2 -5 -3 -2 -5 -2 -5 -4 -1 -4 -4  7 -1 -3 -6 -5 -1    6   2   1   2   0   0   2   0   1   0   1   4   0   1  71   5   1   0   0   5  1.93 0.51
  265 T    3  0 -1  1  2  0 -1 -1  0 -2 -1 -1 -2 -3 -2  1  2 -4 -3 -1   30   4   2   9   5   3   1   3   2   1   4   3   0   0   0   8  18   0   0   3  0.31 0.18
  266 G    1 -3  0 -2 -4 -3 -2  5 -3 -4 -3  0 -4 -4 -4 -1 -2 -5 -4 -4   11   1   3   2   0   0   2  64   0   0   3   7   0   0   0   4   2   0   0   0  1.13 0.34
  267 I   -2 -2 -2 -2 -3 -3 -4 -3 -4  5 -1 -3 -1  0  2 -1 -2 -4 -1  2    1   2   1   2   0   0   0   2   0  50   3   0   1   3  11   5   0   0   2  16  0.76 0.30
  268 V   -1  1 -3 -3 -2  0 -1 -4 -1  2  0  1  1 -3 -3 -1  2 -4 -3  3    3   7   0   0   1   3   2   0   1  16   4  12   3   0   0   4  14   0   0  28  0.35 0.20
  269 L   -3 -3 -4 -6  0 -5 -6 -5 -5  0  5 -5  0  0 -6 -3 -4 -5 -4 -1    1   1   1   0   2   0   0   1   0   3  81   0   1   4   0   2   0   0   0   3  1.46 0.53
  270 R   -1  2  0 -1 -4  2  0 -4 -1 -3 -3  1 -1 -4 -3  1  4 -5 -2 -2    2  14   3   4   0  11   4   0   1   1   1   9   1   0   1   8  36   0   1   2  0.64 0.34
  271 R   -2  5 -1 -1 -2  0  1 -5  2 -5 -4  3 -2 -3 -1 -1 -3 -6 -3 -5    2  44   3   2   1   2   8   0   5   0   1  23   1   1   2   3   1   0   1   0  1.04 0.43
  272 V    1 -1  0  0  0 -1  1  1  1 -1 -2 -1 -1 -3  3  1  0 -4 -2  0   10   2   3   4   2   1   9  14   3   2   3   2   1   0  19  11   3   0   1   8  0.29 0.15
  273 G   -2 -5 -1  4 -6 -2  0  5 -2 -7 -7 -4 -6 -6 -5 -2 -3 -7 -6 -6    1   0   1  30   0   1   7  56   1   0   0   0   0   0   0   2   1   0   0   0  1.51 0.52
  274 Y   -6 -6 -7 -8 -7 -6 -7 -8 -2 -5 -5 -6  1  0 -8 -6 -6 -2  9 -6    0   0   0   0   0   0   0   0   0   0   0   0   4   2   0   0   0   0  94   0  3.50 1.04
  275 Y   -4 -6 -6 -7 -1 -4 -3 -7 -3 -5 -5 -6 -1  3 -7 -1 -3  8  7 -2    1   0   0   0   1   1   1   0   0   0   0   0   1  10   0   5   2  26  49   3  2.19 0.72
  276 T   -3 -5 -4 -5  5 -4 -5 -5 -5  1 -2 -4  4 -1 -5 -1  5  2 -4  0    0   0   0   0  12   0   0   0   0  10   1   0  11   3   0   3  50   3   0   7  1.26 0.57
  277 I   -2  1 -2 -2 -4 -1  1 -4 -2  3  0  2  1 -2 -4  2 -1 -5 -3  1    1   6   1   2   0   1  11   0   1  22   7  16   4   1   0  17   1   0   0   8  0.36 0.26
  278 P   -5 -6 -7 -6 -8 -6 -6 -7 -7 -8 -7 -6 -7 -8  8 -2 -6 -9 -8 -7    0   0   0   0   0   0   0   0   0   0   0   0   0   0  97   3   0   0   0   0  3.54 1.11
  279 S    0  0 -1  1 -1 -3 -1 -2 -1 -5 -5 -2 -5 -6  3  4  2 -6 -5 -4    4   4   2   8   1   0   4   2   1   0   0   2   0   0  14  46  12   0   0   0  0.90 0.47
  280 L   -2 -1 -5 -6 -4 -3 -3 -6 -4  3  4 -1  4 -1 -3 -4 -3 -2  0  1    2   4   0   0   0   1   1   0   0  20  41   4  13   2   1   0   0   0   4   7  0.79 0.37
  281 D    0 -1  0  4 -6  2  4 -2 -1 -5 -5  1 -3 -6 -2  1 -2 -6 -5 -4    8   3   3  22   0   8  32   2   1   0   0   8   0   0   1   9   1   0   0   1  0.79 0.38
  282 D   -1 -1 -2  2 -6  2  5 -5 -3 -3 -4  0 -3 -6 -4 -1  1 -6 -5 -1    3   2   1  14   0   8  48   0   0   1   1   5   1   0   0   3   9   0   0   4  1.01 0.48
  283 L   -5 -6 -7 -8 -1 -6 -7 -7 -6  1  6 -6  2 -3 -6 -6 -5 -5 -5  0    0   0   0   0   1   0   0   0   0   8  82   0   5   0   0   0   0   0   0   4  1.80 0.66
  284 R    2  2  0 -1 -1  2  0 -1  0  0 -2  2 -2 -3 -3  0 -1 -1 -3 -1   21  15   3   4   1   9   5   3   2   6   3  14   0   1   0   5   2   1   1   5  0.25 0.18
  285 S    1  1  1  0 -2  1  1 -1  0 -2 -3  3 -2 -3 -2  2  1 -5 -2 -2   11   6   6   4   1   7   7   3   2   2   2  20   1   1   1  16   7   0   1   2  0.30 0.21
  286 Y    0  0 -2 -3 -3 -1 -1 -2  1  0  1  1  5  0 -2 -1 -1 -1  2 -1    6   4   2   1   0   1   3   3   3   4  15  13  19   4   1   3   3   1  10   4  0.30 0.19
  287 L   -1  0 -1 -2 -4 -3 -1 -1 -2  0  2 -1  4 -2  1  0  1 -4 -4  0    4   4   2   1   0   0   4   5   1   4  22   3  18   1   6   6  11   0   0   6  0.32 0.25
  288 A    0  1  1  2 -1 -1 -1 -1 -1 -2 -2  0 -2 -1  0  2  0 -4  1 -1    8   8   7  15   2   1   1   4   1   2   4   4   1   3   5  20   6   0   5   3  0.21 0.18
  289 E   -1  1  1  2 -5  1  4 -2  0 -3 -2  1 -2 -2 -1 -1 -1 -5 -1 -2    3   8   8  10   0   5  30   2   3   1   5  10   1   1   3   3   3   0   2   2  0.44 0.27
  290 D   -1 -1  3  4 -5  1  2 -2  0 -4 -3  0 -2 -3  0  0 -2 -5 -1 -2    3   3  16  25   0   7  18   3   1   0   2   6   1   1   5   5   1   0   2   2  0.55 0.27
  291 G   -2  0 -1  0 -4  2  1  3 -1 -3  1 -1 -2 -2 -1 -2 -2 -4 -3 -3    2   5   2   5   0  10  12  32   1   0  21   3   0   1   3   2   0   0   0   0  0.41 0.23
  292 S   -1  1 -1 -1  0  0  1 -2 -1 -1  2  1 -1  0 -2  1  0 -3  0  0    3   7   2   2   2   3   9   3   1   2  31   9   0   3   1  13   3   0   3   5  0.14 0.14
  293 C    2  0 -1 -3  7  1 -2 -3 -1 -3 -3  0 -1 -3 -2  1 -1 -5 -4 -1   17   6   3   0  34   6   2   1   1   0   0   7   1   1   1  11   4   0   0   5  0.73 0.31
  294 V    0  0 -1 -3  0  0 -1 -3  2  1  0  1  0  1 -2  0 -1 -1  1  1    9   6   2   0   2   5   2   1   7  11   5   9   1   8   1   9   1   1   5  16  0.10 0.10
  295 V   -2 -3 -3 -3 -1 -2 -2 -4 -3  1  0 -2  0  0 -3  0 -1 -3 -2  5    1   1   1   1   1   2   2   1   0   5   8   2   2   4   1   6   2   0   0  61  0.65 0.25
  296 P   -1  1  1  1 -3  0  2 -1  1 -3 -2  1 -1 -3  2  1  0 -3 -2 -2    2   8   6   7   0   3  20   3   5   1   2  12   2   0  13   9   5   0   0   2  0.36 0.12
  297 N   -2 -1  4  3 -4 -1 -1  3  2 -4 -5 -1 -4 -4 -3  0 -1 -5 -1 -3    0   2  28  21   0   2   2  25   7   0   0   2   0   0   0   6   2   0   2   2  0.68 0.21
  298 F   -4 -5 -5 -6 -4 -5 -6 -6 -4  0  2 -5 -2  7 -6 -5 -4 -2  0 -2    0   0   0   0   0   0   0   0   0   6  16   0   0  78   0   0   0   0   0   0  1.84 0.43
  299 T    0 -1 -2 -2  1  1  0 -3 -2  0 -1  1  0 -3 -3  0  3 -4 -1  1    6   2   0   0   4   6   6   0   0   4   3  13   3   0   0   5  31   0   2  17  0.31 0.17
  300 V    0 -4 -4 -5  2 -3 -4 -4 -4  3  1 -3  0 -2 -4 -2 -1 -4 -3  4    7   0   0   0   7   0   0   0   0  23  14   0   0   0   0   0   0   0   0  49  0.64 0.20
  301 G    0  1 -1 -2  0  1 -1  4 -2 -2 -3  0 -2 -3 -2  0 -1 -3 -3 -1    7  11   0   0   3   8   4  47   0   4   1   3   0   0   0   5   3   0   0   3  0.51 0.14
  302 R   -1  5  0 -2  1  1 -1 -3  2 -4 -3  2 -2 -4 -3  0 -2 -4 -2 -3    5  60   4   0   4   4   0   0   6   0   1   8   0   0   0   4   0   0   0   0  0.89 0.23
  303 E    0  1  0  0 -3  2  1 -3  1 -1 -1  3 -2 -2 -1 -1 -1 -3 -1  0    7   8   4   3   0   9  12   0   5   2   7  23   0   2   3   2   2   0   2  10  0.24 0.13
  304 G   -1  0  2  0 -4  0 -1  4  1 -4 -2 -1 -3 -4 -1 -1 -1 -4  0 -2    4   4  11   5   0   3   3  42   3   0   3   4   0   0   3   4   3   0   3   3  0.51 0.24
  305 Y   -4  0 -5 -6  4 -4 -5 -6  2  0 -1 -4  2  3 -6 -4 -4  3  6  0    0   5   0   0  11   0   0   0   5   5   5   0   5  10   0   0   0   5  41   7  1.17 0.46
  306 G   -3 -6 -4 -5 -7 -6 -6  7 -6 -7 -7 -5 -6 -7 -6 -4 -5 -7 -7 -2    0   0   0   0   0   0   0  97   0   0   0   0   0   0   0   0   0   0   0   3  2.62 0.75
  307 N   -2  1  2 -1  1  2  1 -3  2 -4 -4  2 -3 -3 -4  3 -1 -1 -1 -2    1   6   9   1   4  12  11   0   5   0   0  14   0   1   0  29   2   1   2   2  0.54 0.29
  308 V   -3 -6 -6 -7 -4 -5 -6 -7 -6  5 -1 -6  0 -2 -6 -5 -3 -5  0  5    1   0   0   0   0   0   0   0   0  45   2   0   1   1   0   0   0   0   3  47  1.56 0.53
  309 F   -1  1 -1 -2 -1  1  2 -4 -1 -2 -1  2  0  3 -4  0  1 -3  2 -1    2   8   1   1   2   6  14   0   1   1   4  14   2  15   0   8   8   0   7   5  0.29 0.20
  310 F   -6 -7 -7 -8 -6 -7 -7 -7 -5 -4 -3 -7 -4  8 -8 -6 -6  7  1 -3    0   0   0   0   0   0   0   0   0   0   1   0   0  75   0   0   0  18   4   2  2.84 0.85
  311 G   -2 -1  0  2 -4 -1  0 -1 -2 -1  2  0 -1 -1  4 -1 -2 -4 -2 -2    1   2   5  12   0   2   5   5   1   3  26   6   1   3  21   4   2   0   1   2  0.38 0.22
  312 K   -2 -2 -1  1 -1 -1  2  4 -1 -3 -4  1 -4 -2 -2 -1 -2 -5  0 -1    1   1   2   8   1   2  13  44   1   1   1   9   0   1   2   3   2   0   3   5  0.63 0.30
  313 E   -1  0 -1  0 -5 -1  3 -4 -3 -3 -2 -1 -2 -1  5 -1 -1 -5 -3 -2    3   5   3   6   0   1  22   0   0   1   3   3   1   3  39   4   4   0   1   2  0.93 0.36
  314 M   -3 -4 -4 -5  0 -4 -4 -5 -5  1 -1 -2  1  1 -5 -3  3 -5 -3  5    0   0   0   0   2   0   0   0   0   7   4   3   3   7   0   0  25   0   0  48  0.94 0.42
  315 D   -5 -5  3  7 -7 -4  0 -5 -4 -7 -7 -1 -7 -7 -5 -4 -4 -8 -7 -7    0   0  14  79   0   0   5   0   0   0   0   3   0   0   0   0   0   0   0   0  2.30 0.73
  316 V   -3 -5 -6 -6  1 -5 -5 -6 -5  1  4 -5  0 -1 -5 -3 -3  0 -4  4    0   0   0   0   3   0   0   0   0   7  52   0   1   2   0   2   0   2   0  32  1.11 0.47
  317 A    0  4 -3 -3 -1 -2 -2 -3 -1 -4 -3  0 -3 -3 -1  2  4 -1 -1 -2    8  24   0   1   1   1   1   1   1   0   1   3   0   1   2  16  36   1   2   1  0.75 0.42
  318 G    0  0  2  1 -1  0 -1  3 -1 -3 -4  1 -2 -5 -2  0  1 -5 -4 -4    6   4  14   6   2   3   2  32   2   1   1  11   1   0   1   6   9   0   0   0  0.49 0.26
  319 L   -3 -4 -2 -3 -4 -3 -3 -6 -4  3  3 -4  1  3 -5 -4 -1 -4  0  2    0   0   2   1   0   1   1   0   0  19  41   0   2  14   0   0   3   0   2  14  0.75 0.35
  320 N   -1 -1  4  5 -5 -1  0 -2 -1 -1 -3 -1 -4 -5  0  0 -1 -1 -2 -2    6   2  24  35   0   1   4   2   1   3   1   3   0   0   5   6   3   1   1   3  0.73 0.36
  321 L   -1 -1 -2 -3 -1 -4 -3 -5 -5  1  4 -2  0  0 -1 -1 -3 -4 -3  0    4   3   2   1   1   0   1   0   0   7  61   1   1   4   3   4   0   0   0   6  0.77 0.39
  322 D   -1 -1  0  5 -6 -1  2  2 -1 -5 -3 -3 -5 -6 -2 -2 -3 -6 -5 -3    3   3   4  48   0   1  13  18   1   0   2   0   0   0   1   2   0   0   0   2  1.05 0.46
  323 E    0  0  0  2 -2  0  3 -2 -1 -4 -4  2 -2 -5 -3  2  0 -5 -4 -2    5   3   4  13   1   3  28   2   1   0   1  16   1   0   0  16   4   0   0   2  0.56 0.31
  324 I    0 -2 -1  1  3  1 -1 -3  2  1  0 -2 -1 -1 -3  0  1 -3  2  0    9   0   0   9   9   9   0   0   9   9   9   0   0   0   0   9   9   0   9   9  0.16 0.14
  325 V   -1 -6 -6 -7 -4 -5 -6 -6 -6  4 -2 -6 -1 -2 -6 -5 -4 -6 -5  6    5   0   0   0   0   0   0   0   0  21   1   0   1   1   0   0   0   0   0  70  1.76 0.66
  326 H   -1  1 -1  0 -1  1  1 -3  4  1 -1  0 -1  0 -3  0  0 -4 -1  1    4  11   2   6   2   8   7   0  15   8   4   3   1   5   0   5   4   0   1  14  0.23 0.18
  327 F   -4 -5 -2 -5 -4 -5 -5 -5 -4  4  1 -5 -1  7 -5 -5 -4 -3 -1 -1    1   0   2   0   0   0   0   1   0  26  10   0   1  54   0   1   0   0   0   2  1.61 0.58
  328 R    0  2  2  1 -2  0  3  1  0 -3 -3  0 -3 -4 -2  0 -1 -4 -1 -2    7  15  11   8   1   4  24   9   2   1   2   3   0   0   1   5   3   0   2   2  0.38 0.22
  329 N   -1  1  2  0 -1  1  1 -3  2 -2 -3  2 -2 -2  3  0  0  0  0 -2    3  10  13   5   1   4   7   0   5   2   2  14   1   1  13   5   6   1   4   2  0.32 0.19
  330 K   -2  5  0 -3 -2  0 -1  0  2 -5 -3  4 -1 -5 -4 -2 -2 -5 -3 -4    2  34   4   1   1   3   2   7   6   0   3  30   1   0   0   2   2   0   1   0  0.93 0.42
  331 E   -1  0 -1 -1  1 -1  5 -1 -1 -2 -3  1 -1 -4 -3  1  1 -5 -3 -2    4   4   2   2   3   1  43   4   1   2   2   7   2   0   0  13   7   0   1   2  0.64 0.35
  332 I    0 -5 -5 -5  5 -4 -5 -5 -5  2 -1 -4 -2 -1 -4 -3 -1 -5 -4  5    7   0   0   0  17   0   0   0   0  13   5   0   0   3   0   0   4   0   0  47  1.11 0.46
  333 I    0 -2 -2 -2  1 -1  0 -4 -3  3 -1 -3 -1 -2 -3  1  3 -4 -2  2    5   1   1   1   4   2   8   0   0  18   4   0   1   1   0   9  27   0   1  15  0.45 0.28
  334 I   -1 -5 -5 -5 -1 -5 -5 -5 -5  2  0 -5  0 -4 -5 -4 -3 -5 -4  6    4   0   0   0   1   0   0   0   0   9   7   0   2   0   0   0   0   0   0  73  1.56 0.60
  335 Y   -5 -5 -1 -6 -1 -5 -5 -6 -2 -5 -5 -5 -5  1 -6 -2 -5 -2  8 -5    0   0   3   0   1   0   0   0   0   0   1   0   0   4   0   3   0   0  83   0  2.84 0.91
  336 P   -2 -2 -2 -1 -5 -2 -2  0 -4 -3 -3 -2  2 -5  7 -1 -2 -5 -2 -3    2   2   2   3   0   1   2   7   0   1   2   2   5   0  62   4   2   0   1   1  1.63 0.60
  337 D   -5 -4  4  6 -6 -1  1 -1 -4 -2 -6 -4 -5 -6 -5 -2 -4 -7 -6 -2    0   0  19  53   0   3  10   5   0   2   0   0   0   0   0   2   0   0   0   4  1.48 0.63
  338 D    0 -1  0  3 -4 -1  3  0 -1 -2 -3 -1 -1 -4  0  0  0 -4 -1 -1    8   4   4  24   0   1  19   7   1   2   2   3   2   0   3   6   7   0   2   4  0.37 0.23
  339 E    0 -2  1  2 -1  0  2  0 -1 -2 -3 -1 -3 -2  0  2  1 -4 -1 -2    8   1   7  11   1   4  16   6   1   1   1   3   0   2   3  19   9   0   2   3  0.29 0.20
  340 N    0 -1  2  2 -1  1  0 -2 -1 -1 -2  2  2 -3 -2  2  0 -5 -4 -1    5   2   9  13   1   6   6   2   1   3   3  15   7   1   1  16   5   0   0   3  0.27 0.21
  341 K    0  1  0  1 -4  1 -1 -3  3 -1 -3  3  0 -3  0  0  0 -4 -3 -1    6   4   4  10   0   5   0   0   9   4   0  33   4   0   4   6   6   0   0   4  0.37 0.21
  342 P    0 -2 -2  1 -4 -2 -2 -3  3  0 -1  0  1 -3  5 -2 -2 -4 -3  0    7   0   0   8   0   0   0   1  11   7   6   5   5   0  38   0   0   0   0   9  0.81 0.30
  343 P    0 -1 -1 -1 -4  0  0 -3  0 -3 -2 -1  0 -4  6 -1 -1 -5 -4 -2    7   3   3   3   0   4   7   0   2   0   3   3   2   0  53   3   3   0   0   3  1.21 0.40
  344 I   -1 -1 -2 -3  0 -1  0 -4 -2  1  1 -1  1 -2  1 -2 -1 -4 -3  3    4   4   1   0   2   3   8   0   1   9  14   3   4   1   7   1   1   0   0  36  0.32 0.17
  345 G   -2 -4 -1 -2 -5 -4 -4  6 -4 -5 -5 -4 -4 -5 -4 -2  0 -5 -5 -3    0   0   2   2   0   0   0  84   0   0   0   0   0   0   0   0   7   0   0   2  1.79 0.46
  346 Q   -2 -1  0  1  0  3  4 -3  0 -4 -3  2 -1 -3 -3  0  0 -4 -1 -3    1   1   2   8   2  16  31   0   2   0   1  14   2   1   0   7   7   0   3   1  0.57 0.23
  347 D   -1 -2 -3 -2  3  1  1  5 -4 -6 -6 -2 -5 -6 -4 -2 -3 -5 -5 -5    3   1   0   1   7   8   8  68   0   0   0   2   0   0   0   1   0   0   0   0  1.36 0.40
  348 L   -4 -5 -6 -7 -4 -5 -6 -6 -2  0  5 -5  1  0 -5 -5 -4 -4 -3 -1    0   0   0   0   0   0   0   0   1   2  91   0   2   3   0   0   0   0   0   1  1.63 0.48
  349 N   -5 -3  7  1 -6 -3 -3 -4  3 -6 -6 -3 -1 -6 -5 -2 -3 -7 -5 -6    0   0  86   5   0   0   0   0   7   0   0   0   2   0   0   0   0   0   0   0  2.33 0.64
  350 R    0  3 -3 -4 -4 -1 -3  0 -3  0 -2  3 -1 -4 -4 -3 -2 -5 -4  4    5  24   0   0   0   1   0   7   0   2   2  20   1   0   0   0   1   0   0  38  0.65 0.30
  351 D   -2  3 -4 -3  3 -2 -2 -5 -1 -5 -4  1 -4 -1  6 -2 -3 -6 -4 -3    3  19   0   1   7   1   2   0   1   0   1   8   0   3  52   2   1   0   0   1  1.43 0.41
  352 A    6 -4 -4 -4  2 -3 -3 -3 -4 -4 -4 -3 -4 -5 -3  1 -1 -6 -5 -1   84   0   0   0   4   0   0   0   0   0   0   0   0   0   0   8   2   0   0   2  1.51 0.51
  353 Q   -2  2 -2 -2 -4  1  3 -4 -1  1  0  1 -1 -3 -3 -1  2 -4 -2  0    0  16   0   0   0   6  29   0   1   8  10   6   1   1   0   1  15   0   1   6  0.43 0.22
  354 V   -3 -5 -5 -6  0 -5 -5 -6 -5  5  0 -5 -1 -2 -5 -4 -3 -4  1  4    0   0   0   0   2   0   0   0   0  48   5   0   0   0   0   0   0   0   7  38  1.23 0.40
  355 T    0 -1 -2 -3 -1 -2 -1 -3 -2 -2 -3  0 -2 -4 -3  2  5 -5 -2 -2    7   2   0   0   1   1   3   0   0   2   1   5   1   0   1  20  54   0   1   1  0.92 0.37
  356 L   -4 -5 -5 -6  0 -4 -5 -6 -4  1  5 -3  1  0 -5 -4 -3 -4  2 -1    0   0   0   0   2   0   0   0   0   7  77   1   3   2   0   0   1   0   7   1  1.23 0.40
  357 D   -2 -2  0  2 -2  0  4 -3  0 -2  1 -1 -1 -1 -3  0 -2 -4  1 -2    1   0   4  14   1   3  34   1   2   1  14   2   1   3   0   8   1   0   7   2  0.43 0.22
  358 Q   -2  1  4  0  0  2  0  2  2 -4 -3  1 -3 -4 -4 -1 -2 -5 -3 -3    2  10  28   3   2  13   3  21   5   0   2   7   0   0   0   3   0   0   0   2  0.58 0.26
  359 V   -2 -3 -4 -4  6 -4 -4 -5 -5  2 -1 -3  2 -3 -4  0 -1 -5 -3  4    2   1   0   1  27   0   0   0   0  11   4   1   5   0   0  10   3   0   1  35  0.90 0.34
  360 W   -4 -1 -5 -5 -3 -4 -3 -4  0 -1  0  1 -2  2 -5 -4 -3  9  4 -4    1   3   0   0   1   0   1   1   2   3   8   8   1  10   0   0   1  41  19   0  1.67 0.49
  361 P    0 -3 -3 -4  3 -3 -2 -4 -3 -4 -4  0 -1 -4  7 -2 -2 -5 -3 -3    7   1   1   0   7   0   2   0   1   1   1   7   2   1  65   2   1   0   1   1  1.80 0.52
  362 L   -1  2 -1 -2 -3  0 -2 -2  1  1  1  1  0  0 -2 -1  0 -3 -1  1    1  13   3   2   0   3   1   2   4  11  19  10   2   3   2   3   7   0   1  14  0.14 0.10
  363 D   -1 -2  2  5 -1 -1  0  0 -3 -3 -2 -1 -3 -4 -2  1 -2 -5 -4 -4    4   2  10  51   1   1   2   6   0   1   5   3   0   0   1   9   2   0   0   1  0.89 0.34
  364 K   -2  2 -1 -2 -4  0 -1 -2 -1 -3 -3  6 -3 -3  0 -1 -2 -4 -2 -3    2  12   2   2   0   2   2   2   1   1   2  60   0   1   4   4   1   0   1   1  1.04 0.41
  365 T    1  0  1  1 -3 -1  0  0 -1 -2 -2  1 -2 -2 -1  2  2 -4 -3 -2   15   6   6  10   0   1   5   5   1   1   2   9   0   2   2  17  15   0   0   2  0.26 0.15
  366 K   -1 -1  0  0 -2 -1 -1  1 -2 -3 -2  2 -3 -4 -3  1  4 -5 -4 -2    4   3   4   4   0   2   2  10   1   0   3  15   0   0   1   8  41   0   0   1  0.62 0.34
  367 H   -2  4  0 -1 -2  1 -1  2  3 -3 -3  2 -3 -2 -2  0 -2 -4 -2 -3    2  24   3   4   1   7   2  20  11   1   1  14   0   1   1   5   1   0   1   2  0.54 0.28
  368 E   -1  1 -1  0 -2  2  3 -1 -1 -3 -2  2 -2 -4  1  0  0 -4 -2 -2    3   6   2   4   1   9  25   5   1   1   4  17   0   0   5   6   7   0   2   1  0.38 0.21
  369 A    0 -1 -2 -1 -4 -1  0 -1  1 -1 -1 -1  1 -1  5 -1 -1 -4  1 -2    8   3   1   3   0   3   5   3   3   4   5   2   4   2  38   4   2   0   5   2  0.69 0.29
  370 I   -2 -2 -2 -2 -2  0 -3 -4 -3  5  0 -3  0 -1 -3 -2  1 -4  0  1    3   1   1   3   1   5   1   1   0  47   6   1   1   2   1   2  10   0   4  10  0.65 0.33
  371 K   -1  1  0 -2 -3  1  0 -2 -1 -3 -2  4 -1 -4 -2  1  3 -1 -4 -2    2   8   4   1   0   6   5   2   1   1   2  33   2   0   1   9  19   1   0   2  0.55 0.32
  372 D   -2 -2  0  6 -6 -2  1  0 -1 -3 -4 -1 -2 -3 -4  0 -2 -6 -1 -4    2   2   2  56   0   1   8   6   1   1   1   4   1   1   0   8   2   0   3   1  1.14 0.49
  373 P    0 -1 -2 -1 -2 -2 -1 -1 -3 -3 -2  0 -2 -2  6 -1  0 -5 -3  0    6   4   1   2   1   1   4   6   1   1   3   4   1   2  47   3   5   0   1   7  0.97 0.39
  374 Q    0  0  1  1 -1  1  2 -2 -1 -1 -2  2 -2 -2 -1  1  0 -4 -3 -1    6   3   8   6   1   7  18   2   1   3   3  17   1   1   3  11   3   0   0   6  0.28 0.19
  375 R    0  4  0 -2 -4 -1  1 -2  5 -3 -3  1 -2 -3 -1 -1 -2 -4 -1 -3    8  33   3   1   0   1   8   3  16   2   2   7   1   1   3   4   1   0   2   2  0.65 0.32
  376 L   -1 -1 -3 -2 -3 -1 -1 -3 -1  2  2 -1  0  0  2 -2 -1 -3 -1  1    3   2   1   2   0   3   5   2   2  12  29   3   1   3  13   2   4   0   2  10  0.29 0.17
  377 L    0  1 -1 -1 -2  0  0 -2 -1  0  1  1  1 -1 -2  0  1 -2 -1  0   10   7   2   4   0   2   8   2   1   7  14   9   5   3   1   7  10   0   2   7  0.07 0.07
  378 E    0  0  0  0 -2  0  2 -2  0 -1  0  1  0 -1 -2  0 -1 -3 -1  0   10   4   3   6   1   4  20   2   3   2   8  10   2   3   1   8   3   0   2   9  0.15 0.11
  379 M    0  0 -1 -1  0  0 -1  0 -2  0  0  1  3  0  2 -1 -1 -3  0  0    6   4   3   2   2   5   3   7   0   8   7  12  12   4  11   3   2   0   3   6  0.12 0.13
  380 D   -1  2  2  0  0  1  0  0  3 -4 -2  3 -3 -3  0  0 -1 -4  0 -3    4  10   9   6   2   4   4   8  10   0   4  22   0   0   4   5   3   0   3   0  0.33 0.24
  381 W   -2 -1 -3 -4 -4 -1 -3 -4  2  1 -1  0  0  4 -4 -1 -3  3  5 -1    3   3   0   0   0   3   0   1   6   7   5   5   3  23   0   5   0   5  26   4  0.73 0.39
  382 E   -1  1  0  0 -3  1  3 -2 -1  0 -2  2 -1 -3 -2 -1  0 -3 -1  0    5   9   3   5   0   7  25   2   1   6   3  14   1   0   1   3   5   0   2   7  0.32 0.22
  383 G    0  1  1  1 -3  1  2  0 -1 -1 -2  2 -1 -3 -2  0  0 -3 -2 -2    8  10   7   8   0   6  18   6   1   4   3  13   1   1   1   5   4   0   1   2  0.23 0.14
  384 K   -2  3 -1 -3 -5  1 -2 -4  5 -1 -2  4  2 -1 -4 -3 -2 -4 -1 -2    2  20   2   0   0   7   0   0  17   3   2  29   7   3   0   0   2   0   1   2  0.83 0.46
  385 L   -4 -5 -5 -6 -4 -4 -3 -6 -5  3  5 -5  1 -1 -5 -4 -1 -4 -4  1    0   0   0   0   0   0   2   0   0  14  66   0   2   2   0   0   3   0   0   9  1.25 0.57
  386 R   -1  3 -1 -1 -5  1  3 -4 -1 -2 -3  4  1 -5 -4 -2 -2 -5 -4 -2    5  19   2   3   0   6  18   0   1   3   1  32   4   0   0   2   1   0   0   3  0.74 0.44
  387 R   -2  5 -1 -2 -2  0 -1 -3 -1 -4 -4  3 -4 -5 -4  0  0 -6 -5 -3    3  44   3   1   1   4   4   1   1   1   1  23   0   0   0   6   5   0   0   2  1.03 0.55
  388 V    1 -1 -1 -2 -1 -1 -1 -3 -1  1  2  1  1 -1 -3 -1 -1  0  0  1   12   3   3   2   2   1   3   1   1   7  29  11   3   1   0   3   4   2   4   9  0.17 0.17
  389 C    1  1 -1 -3  3  0 -1 -2 -3 -2 -1  2  0 -3  0  1  3 -4 -3 -2   12   8   1   0   9   4   2   2   0   2   4  16   3   0   4   9  21   0   0   2  0.35 0.26
  390 D    1  1  1  0 -3  1  2 -1  1 -1 -2  1 -1 -3 -1  0  0 -3 -3 -1   15   7   7   5   0   5  17   5   4   4   3  11   1   0   2   6   5   0   0   3  0.21 0.15
  391 K   -1  2  0 -1 -4  1  1 -2 -1 -1 -1  3  4 -3 -3  0 -1 -4 -2  0    3  12   3   3   0   6   9   2   1   4   3  24  15   0   1   5   3   0   1   6  0.38 0.27
  392 N   -2  0  1 -1 -4  3  1 -2  2  0  0  2  3 -2  1 -1 -1 -2 -2 -2    2   4   6   3   0  16   7   3   6   7   8  13  13   1   6   2   2   1   1   1  0.29 0.21
  393 D   -2 -2  2  4 -6  0  0  4  1 -6 -6 -2 -5 -3 -5 -2 -4 -6 -3 -3    1   1  10  23   0   4   7  45   3   0   0   1   0   1   0   1   0   0   1   2  1.04 0.44
  394 T    4 -4 -4 -4  2 -3 -3 -2 -4 -2 -3 -4  2 -3 -4 -1  4 -6 -5 -1   40   0   0   0   6   1   0   3   0   2   1   0   5   1   0   2  37   0   0   2  1.03 0.52
  395 R   -2  2 -1  0 -5  1  4 -3  2 -3 -4  2 -2 -3 -4  0  2 -5 -3 -2    1  10   1   3   0   5  31   1   5   1   1  16   1   1   0   6  15   0   0   2  0.65 0.36
  396 F   -6 -7 -7 -7 -6 -7 -7 -7 -2 -4 -3 -7 -4  8 -7 -6 -4  0  1 -5    0   0   0   0   0   0   0   0   1   0   1   0   0  91   0   0   1   1   4   0  3.00 0.95
  397 I   -3 -3 -5 -3 -1 -3  1 -6 -5  4  2 -1  1 -3 -5 -4 -3 -5 -4  4    0   1   0   1   1   1  10   0   0  27  16   4   3   0   0   0   0   0   0  36  0.87 0.42
  398 E   -1 -2  0  4 -3 -3  2  0 -2 -6 -5 -2 -5 -3 -4  4 -2 -3 -5 -5    3   1   4  27   0   0  14   6   1   0   1   1   0   1   0  39   1   0   0   0  0.94 0.48
  399 Y   -3 -6 -6 -7 -6 -6 -7 -5 -3 -5 -2 -6 -5  4 -7 -6 -6  1  8 -3    2   0   0   0   0   0   0   1   0   0   3   0   0  20   0   0   0   1  72   2  2.62 0.88
  400 R   -3  3  3  5 -6 -1  1 -4  0 -3 -5 -1 -5 -6 -4  0 -3 -6 -5 -4    1  17  19  41   0   2   7   0   2   1   1   2   0   0   0   5   1   0   0   1  1.12 0.49
  401 P    0 -1 -2 -3 -5 -2 -2 -2 -3  0 -1  0 -1  0  6  0 -1 -5 -3 -1    9   3   1   1   0   1   2   2   0   6   5   5   1   4  46   5   4   0   0   3  0.97 0.41
  402 E   -1 -2  1  2 -4  0  3 -4 -1  0 -2  0 -2 -1 -3  0 -1 -2 -2  1    4   1   5  15   0   4  28   0   1   6   3   6   0   3   1   6   4   0   1  11  0.38 0.24
  403 T   -1 -2  1 -1 -4 -1  0 -1 -2 -3 -3  2 -4 -5 -4  1  5 -6 -5 -3    5   1   7   3   0   1   6   4   1   1   1  13   0   0   0   8  48   0   0   0  0.86 0.47
  404 G   -3 -6 -4 -5 -7 -6 -6  7 -6 -8 -8 -6 -7 -7 -6 -4 -5  2 -7 -7    1   0   0   0   0   0   0  96   0   0   0   0   0   0   0   0   0   3   0   0  2.69 0.88
  405 S    0 -1 -1 -1 -2  0  2 -4 -2  0 -2  1 -3 -4 -3  2  3 -5 -3  2    6   1   1   3   0   4  16   0   0   5   1   7   0   0   0  18  19   0   1  16  0.40 0.29
  406 W   -7 -8 -8-10 -1 -7 -8 -8 -7 -7 -3 -8 -6 -1 -9 -8 -8 11  0 -7    0   0   0   0   1   0   0   0   0   0   2   0   0   2   0   0   0  92   2   0  4.76 1.32
  407 V   -2  1 -3 -3 -1 -2 -2 -5 -4  1 -2  3 -1 -4 -4 -2  3 -5 -4  4    2   8   0   1   1   1   1   0   0   8   1  20   1   0   0   1  22   0   0  32  0.70 0.41
  408 F   -6 -7 -7 -8 -6 -7 -8 -8 -5 -2 -3 -7 -4  8 -8 -7 -6 -4  0 -2    0   0   0   0   0   0   0   0   0   2   0   0   0  94   0   0   0   0   2   2  3.16 1.00
  409 R   -2  4 -1 -1 -3  1  2 -4 -2 -2 -3  3 -1 -4 -4  0  2 -6 -4 -3    2  25   1   2   1   5  16   0   0   2   2  25   1   0   0   5  13   0   0   1  0.71 0.38
  410 V   -1 -6 -6 -7 -5 -6 -6 -7 -7  0 -2 -6 -3 -3 -6 -5 -1 -6 -5  7    4   0   0   0   0   0   0   0   0   2   1   0   0   1   0   0   3   0   0  89  2.08 0.78
  411 K   -2 -2  1  2 -2  2  3 -3  0 -4 -4  2 -4 -5  3  0 -2 -6 -3 -3    2   1   6  14   1   9  25   1   2   0   0  16   0   0  13   7   2   0   0   1  0.66 0.34
  412 H   -4 -3 -1 -4 -2 -2 -2 -4  9 -7 -7 -5 -6 -1 -6 -2 -5 -6  0 -7    1   0   3   1   1   1   2   1  83   0   0   0   0   2   0   3   0   0   2   0  3.08 0.99
  413 F   -6 -7 -7 -8 -6 -7 -7 -8 -5 -4 -3 -7 -4  8 -8 -6 -6  1  1 -5    0   0   0   0   0   0   0   0   0   0   1   0   0  95   0   0   0   2   2   0  3.19 0.95

                      K         Lambda
Standard Ungapped    0.1711     0.3339
Standard Gapped      0.1100     0.3190
PSI Ungapped         0.1711     0.3339
PSI Gapped           0.1100     0.3190
