
Last position-specific scoring matrix computed, weighted observed percentages rounded down, information per position, and relative weight of gapless real matches to pseudocounts
           A  R  N  D  C  Q  E  G  H  I  L  K  M  F  P  S  T  W  Y  V   A   R   N   D   C   Q   E   G   H   I   L   K   M   F   P   S   T   W   Y   V
    1 M   -1 -2 -3 -4 -2  0 -2 -4 -2  1  2 -2  6  0 -3 -2 -1 -2 -2  1    0   0   0   0   0   0   0   0   0   0   0   0 100   0   0   0   0   0   0   0  0.57 0.00
    2 V    0 -3 -3 -4 -1 -3 -3 -4 -4  3  1 -3  1 -1 -3 -2  0 -3 -2  4    0   0   0   0   0   0   0   0   0   0   0   0   0   0   0   0   0   0   0 100  0.52 0.00
    3 S    1 -1  0 -1 -2  0  0 -1 -1 -3 -3 -1 -2 -3 -1  5  1 -4 -2 -2    0   0   0   0   0   0   0   0   0   0   0   0   0   0   0 100   0   0   0   0  0.73 0.00
    4 W   -3 -4 -4 -6 -3 -3 -4 -4 -3 -3 -2 -4 -2  0 -5 -4 -4 11  2 -3    0   0   0   0   0   0   0   0   0   0   0   0   0   0   0   0   0 100   0   0  2.60 0.00
    5 G    0 -3 -1 -2 -4 -2 -3  6 -3 -5 -4 -2 -4 -4 -3 -1 -2 -4 -4 -4    0   0   0   0   0   0   0 100   0   0   0   0   0   0   0   0   0   0   0   0  1.33 0.00
    6 R   -2  6 -1 -2 -4  1 -1 -3  0 -3 -3  2 -2 -4 -2 -1 -1 -4 -3 -3    0 100   0   0   0   0   0   0   0   0   0   0   0   0   0   0   0   0   0   0  1.08 0.00
    7 F   -3 -4 -4 -4 -3 -4 -4 -4 -2 -1  0 -4  0  6 -4 -3 -2  0  3 -1    0   0   0   0   0   0   0   0   0   0   0   0   0 100   0   0   0   0   0   0  0.95 0.00
    8 I   -2 -3 -4 -4 -2 -3 -4 -5 -4  5  1 -3  1 -1 -4 -3 -1 -3 -2  3    0   0   0   0   0   0   0   0   0 100   0   0   0   0   0   0   0   0   0   0  0.55 0.00
    9 C   -1 -4 -3 -4  9 -4 -5 -4 -4 -2 -2 -4 -2 -3 -4 -2 -1 -3 -3 -1    0   0   0   0 100   0   0   0   0   0   0   0   0   0   0   0   0   0   0   0  1.29 0.00
   10 L   -2 -3 -4 -5 -2 -3 -4 -4 -3  1  4 -3  2  0 -3 -3 -2 -2 -2  1    0   0   0   0   0   0   0   0   0   0 100   0   0   0   0   0   0   0   0   0  0.65 0.00
   11 V    0 -3 -3 -4 -1 -3 -3 -4 -4  3  1 -3  1 -1 -3 -2  0 -3 -2  4    0   0   0   0   0   0   0   0   0   0   0   0   0   0   0   0   0   0   0 100  0.52 0.00
   12 L   -1 -3 -4 -4 -2 -3 -3 -4 -3  2  3 -3  1 -1 -3 -2 -1 -3 -2  3    0   0   0   0   0   0   0   0   0   0  40   0   0   0   0   0   0   0   0  60  0.45 0.00
   13 V    0 -3 -3 -4 -1 -3 -3 -4 -4  3  1 -3  1 -1 -3 -2  0 -3 -2  4    0   0   0   0   0   0   0   0   0   0   0   0   0   0   0   0   0   0   0 100  0.52 0.00
   14 T    0 -1  0 -1 -1 -1 -1 -2 -2 -1 -2 -1 -1 -2 -2  1  5 -4 -2  0    0   0   0   0   0   0   0   0   0   0   0   0   0   0   0   0 100   0   0   0  0.73 0.00
   15 M   -1 -2 -3 -4 -2  0 -2 -4 -2  1  2 -2  6  0 -3 -2 -1 -2 -2  1    0   0   0   0   0   0   0   0   0   0   0   0 100   0   0   0   0   0   0   0  0.57 0.00
   16 A    4 -2 -2 -2 -1 -1 -1  0 -2 -2 -2 -1 -1 -3 -1  1  0 -3 -2  0  100   0   0   0   0   0   0   0   0   0   0   0   0   0   0   0   0   0   0   0  0.61 0.00
   17 T    0 -2  0 -2 -2 -1 -1 -2 -2 -1 -2 -1 -1 -2 -2  1  5 -4 -2  0    0   0   0   0   0   0   0   0   0   0   0   0   0   0   0   0 100   0   0   0  0.81 0.03
   18 L   -1 -3 -4 -4  5 -3 -4 -4 -4  1  3 -3  1 -1 -3 -2 -1 -3 -2  2    0   0   0   0  24   0   0   0   0   0  50   0   0   0   0   0   0   0   0  26  0.45 0.01
   19 S    1 -1  0 -1 -2 -1 -1 -1 -2  0 -2 -1 -1 -2 -2  4  1 -4 -2  1    0   0   0   0   0   0   0   0   0   0   0   0   0   0   0  76   0   0   0  24  0.48 0.02
   20 L   -2 -2  2 -2 -2 -2 -3 -3 -2  1  3 -2  1 -1 -3 -2 -1 -3 -2  1    0   0  21   0   0   0   0   0   0   0  63   0   0   0   0   0   0   0   0  16  0.38 0.03
   21 A    4 -2 -1 -2 -1 -1 -1 -1 -2 -1 -2 -1 -1 -3 -1  2  0 -4 -2  1   59   0   0   0   0   0   0   0   0   0   0   0   0   0   0  26   0   0   0  15  0.45 0.03
   22 R   -2  4  3 -1 -4  2  0 -2  4 -4 -3  1 -2 -3 -2 -1 -1 -3 -1 -3    0  37  26   0   0  15   0   0  21   0   0   0   0   0   0   0   0   0   0   0  0.67 0.04
   23 P   -1 -2  2 -1 -4 -2 -2  2 -2 -4 -4 -2 -3 -4  7 -1 -2 -5 -4 -3    0   0  15   0   0   0   0  21   0   0   0   0   0   0  64   0   0   0   0   0  1.57 0.05
   24 S    0  2  0 -2 -2 -1 -1 -2 -1 -2  0  0 -1 -1 -2  4  0 -2  3 -2    0  15   0   0   0   0   0   0   0   0  11   0   0   0   0  59   0   0  16   0  0.38 0.04
   25 F   -2 -4 -3 -4 -3 -3 -4  2 -2  1  0 -3 -1  5 -4 -2 -2 -1  1  0    0   0   0   0   0   0   0  24   0  20   0   0   0  56   0   0   0   0   0   0  0.55 0.05
   26 S    0 -1  2 -1 -2  1 -1  1 -1 -3 -3 -1 -2 -3 -2  4  1 -4 -3 -3    0   0  13   0   0   9   0  12   0   0   0   0   0   0   0  62   4   0   0   0  0.61 0.08
   27 L   -2 -1 -3 -4 -2 -3 -3 -4 -3  4  2 -3  1  2 -4 -1 -1 -2 -1  1    0   5   0   0   0   0   0   0   0  48  25   0   0  15   0   6   0   0   0   0  0.39 0.06
   28 V    0  1  2 -1 -2  0 -1 -2 -2  1 -1  0 -1 -2 -2  1  2 -4 -2  2    3   8  19   0   0   2   0   0   0  17   0   3   0   0   0  14  15   0   0  19  0.21 0.04
   29 E   -1 -1  1  0 -4  2  3 -2  6 -3 -3  0 -2  1 -2 -1 -1 -2  0 -3    1   1   4   1   0  12  27   1  38   1   1   1   0   8   1   1   1   0   0   1  0.59 0.06
   30 D   -1 -1  2  4 -3  0  0 -2  3 -3 -3 -1 -2 -3 -2  0  3 -4 -2 -2    1   1  11  36   0   4   1   1  10   1   1   1   0   0   1   1  31   0   0   1  0.55 0.07
   31 T   -2 -3 -2 -3 -3 -2 -3 -4 -1 -2 -2 -2 -1  4 -3 -1  4  0  5 -2    0   0   0   0   0   0   0   0   0   0   0   0   0  23   0   0  43   0  35   0  0.77 0.11
   32 T   -1 -1  1 -2 -3  2  0 -3  0 -2 -2  2 -2 -3 -2  1  4 -4 -3 -2    0   0   5   0   0   9   3   0   3   0   3  16   0   0   0   9  51   0   0   0  0.58 0.13
   33 L   -2 -4 -5 -5 -2 -3 -4 -5 -4  1  4 -4  1 -1 -4 -3 -2 -3 -2  3    0   0   0   0   0   0   0   0   0   0  68   0   0   0   0   0   0   0   0  32  0.80 0.14
   34 E   -2 -1 -1  4 -4  2  4 -3  2 -1 -1 -1 -2 -3 -3 -1  0 -4 -3 -2    0   0   0  27   0  10  37   0   7   5   6   0   0   0   0   0   8   0   0   0  0.63 0.11
   35 P   -2 -4 -4 -5 -2 -3 -4 -5 -4  4  0 -4  0 -2  3 -3 -2 -4 -3  4    0   0   0   0   0   0   0   0   0  30   0   0   0   0  16   0   0   0   0  55  0.82 0.18
   36 E    0  0  1 -3 -3  0  0 -4  1  1  0  0  2 -3 -3  0 -1 -4 -3  3    4   4   7   0   0   5   5   0   4   5   6   6   6   0   0   7   0   0   0  40  0.28 0.15
   37 E   -1  0 -1  2 -3  3  2 -3 -1 -2  0  2 -1 -3 -2 -1  1 -4 -3 -2    0   0   0  17   0  17  17   0   0   0  17  17   0   0   0   0  17   0   0   0  0.35 0.07
   38 R   -4  7 -1 -4 -6 -1 -3 -5 -3 -6 -5  1 -4 -6  0 -1 -2 -6 -5 -5    0  84   2   0   0   0   0   0   0   0   0   3   0   0   5   4   2   0   0   0  1.88 0.51
   39 S   -1 -3 -3 -4 -3 -3 -3 -4 -3  2  1 -3  2  1 -1  3  0 -4  0  2    0   0   0   0   0   0   0   0   0  12  17   0   7   6   3  29   3   0   2  21  0.41 0.21
   40 P   -2  3  1 -4 -6 -3 -3 -5  1 -5 -2 -1 -4 -5  7 -3 -3 -6 -5 -5    3  19   8   0   0   0   1   0   4   0   4   2   0   0  59   1   0   0   0   0  1.69 0.44
   41 H   -2 -3 -2 -4 -6  0 -3 -5  9 -3 -2 -3 -4 -1 -5  1  0 -5  0 -5    2   0   0   0   0   4   0   0  67   2   5   0   0   2   0  12   5   0   1   0  1.80 0.52
   42 R    0  6 -3 -4 -6 -1 -1 -4 -3 -5 -5  4 -4 -5  0 -2 -3 -6 -5 -3    8  54   0   0   0   0   3   0   0   0   0  28   0   0   5   1   0   0   0   2  1.30 0.42
   43 P   -1 -5 -6 -5 -7 -5 -4 -6 -5 -6 -6 -4 -6 -7  8 -3 -4 -8 -7 -6    3   0   0   0   0   0   0   0   0   0   0   0   0   0  96   1   0   0   0   0  3.23 0.73
   44 I   -4 -1 -6 -6 -4 -5 -6 -7 -5  7  0 -5 -1 -2 -6 -5 -3 -5  0  2    0   3   0   0   0   0   0   0   0  78   5   0   0   1   0   0   0   0   4  10  1.53 0.49
   45 L   -3 -5 -5 -6 -4 -4 -5 -6 -1  4  4 -5  2  2 -5 -4 -3 -4  0  1    0   0   0   0   0   0   0   0   2  28  45   0   6   8   0   0   0   0   3   9  0.89 0.31
   46 Q   -1 -1  0 -1 -4  4  0 -3  1 -2 -3  1  1 -3 -3  0  2 -4  1  0    3   1   3   2   0  29   4   0   4   1   0  10   4   0   0   8  17   0   6   7  0.46 0.24
   47 A    2  0 -2  2 -3 -1  2 -1 -2 -2 -3  0 -3 -1  3 -1  1 -4 -3 -1   23   4   0  10   0   1  18   3   0   2   0   7   0   3  13   1  10   0   0   4  0.36 0.18
   48 G    1 -2  2  0  1 -1 -1  4 -2 -3 -2  0 -3 -3  0  0 -1 -3 -1 -3   15   1  10   5   3   2   4  36   0   1   3   4   0   0   5   3   3   0   3   1  0.42 0.16
   49 L   -2 -2 -2 -2 -2 -1 -1 -2  0  1  3 -1  1  2 -2 -1 -1  2  2  0    2   1   1   1   0   2   3   3   3   6  38   4   2   8   1   5   1   3   9   4  0.24 0.11
   50 P   -3 -4 -4 -4 -5 -4 -4 -5 -4 -1 -1 -4  1 -5  8 -3 -4 -5 -5 -4    1   0   0   0   0   0   0   0   0   3   7   0   4   0  80   0   0   0   0   0  2.39 0.56
   51 A    2  1  0 -2 -3  3  0  0  1 -2 -2  3 -2 -4 -2  0 -1 -4 -3 -2   27   7   3   0   0  14   6   6   4   2   3  19   0   0   0   3   3   0   0   2  0.37 0.19
   52 N   -5 -4  8 -2 -6 -3 -4 -4 -3 -7 -7 -3 -6 -7 -6 -1 -3 -7 -6 -6    0   0  97   0   0   0   0   0   0   0   0   0   0   0   0   3   0   0   0   0  2.75 0.76
   53 A   -1 -1 -2 -3 -4  5 -1 -4  0 -1  0  1 -1 -4 -1  0  3 -5 -4 -1    5   2   0   0   0  33   0   0   2   2  11  11   1   0   3   4  24   0   0   4  0.60 0.31
   54 S   -3 -4 -3 -4 -4 -4 -4 -5 -5 -4 -5 -4 -4 -5 -4  2  7 -6 -5 -3    0   0   0   0   0   0   0   0   0   0   0   0   0   0   0  11  89   0   0   0  2.08 0.67
   55 T    1 -4 -5 -5 -3 -4 -1 -5 -5  2  0 -4 -1 -3 -4 -2 -1 -5 -4  5   12   0   0   0   0   0   4   0   0   9   8   0   0   0   0   2   3   0   0  62  0.93 0.37
   56 V    0  1 -2  0 -3 -2  0 -4  2  0  2 -1 -1  1 -2 -1 -1 -3  0  2    6   7   0   5   0   0   7   0   7   4  22   3   0   5   1   5   3   0   3  21  0.15 0.13
   57 V   -2 -4 -4 -5 -3 -3 -1 -5 -4  3  2 -2 -1 -2 -2 -2  0 -4 -2  4    2   0   0   0   0   0   4   0   0  17  18   3   0   0   2   2   6   0   1  46  0.66 0.29
   58 G   -3 -5  4 -3 -6 -4 -4  6 -4 -7 -6 -4 -2 -6 -5 -2 -4 -6 -6 -6    0   0  19   0   0   0   0  77   0   0   0   0   1   0   0   2   0   0   0   0  1.88 0.53
   59 G   -1 -3 -1  1  0 -1  3  2  1 -5 -5 -1 -4 -5 -3  3  1 -5 -4 -4    3   0   2   7   3   2  20  19   4   0   0   3   0   0   0  31   9   0   0   0  0.57 0.26
   60 D   -3 -1  5  4 -5  0 -1 -3 -3 -5 -5 -2 -4 -5 -4  1  3 -6 -5 -4    0   3  32  25   0   3   3   0   0   0   0   0   0   0   0   8  26   0   0   0  1.02 0.39
   61 V    3 -4 -4 -5 -3 -4 -2  0 -5  0  0 -4 -2 -4 -4 -1  0 -5 -4  4   34   0   0   0   0   0   2   6   0   2   6   0   0   0   0   2   6   0   0  43  0.74 0.37
   62 E   -1  1  0 -2 -4  0  3 -4 -3 -1 -3  1 -3 -4 -3  2  4 -5 -2 -1    3   7   3   0   0   3  23   0   0   4   1   8   0   0   0  15  28   0   1   3  0.53 0.29
   63 F   -5 -6 -6 -7 -5 -5 -6 -6 -4  0  2 -6  4  7 -6 -5 -4 -3  2 -1    0   0   0   0   0   0   0   0   0   3  18   0  12  59   0   0   0   0   6   2  1.63 0.54
   64 V   -1  1  0 -1 -4  0  3 -4  3  0 -2  1 -1 -1 -3  1  0 -5 -3  1    2   8   3   2   0   2  27   0   8   7   2   7   1   3   0  10   7   0   0  12  0.32 0.20
   65 C   -4 -8 -7 -8 11 -7 -9 -7 -8 -5 -6 -8 -6 -6 -7 -5 -5 -7 -7 -5    0   0   0   0 100   0   0   0   0   0   0   0   0   0   0   0   0   0   0   0  4.15 0.99
   66 K   -3  4 -2  0 -6 -1  1 -4 -3 -5 -5  4 -4 -5  2  0 -1 -6 -5 -2    0  25   0   6   0   0  10   0   0   0   0  37   0   0   9   7   2   0   0   4  0.89 0.38
   67 V    0 -5 -5 -6 -4 -4 -5 -5 -4  2 -1 -2 -2  1 -2 -1 -3 -4  1  5    7   0   0   0   0   0   0   0   0   7   1   2   0   7   2   4   0   0   5  63  0.97 0.43
   68 Y   -3 -4 -4 -5 -4 -2 -1 -3  0  2  2 -4  1  1 -5 -2 -2 -2  5  2    0   0   0   0   0   1   5   2   1  16  24   0   2   3   0   2   1   0  28  14  0.65 0.30
   69 S   -2 -4 -3 -4 -4 -3 -4  0 -4  0 -5 -4 -4 -5 -1  6 -2 -6 -1 -4    0   0   0   0   0   0   0   6   0   7   0   0   0   0   2  82   0   0   2   0  1.57 0.64
   70 D   -2 -5  1  7 -7 -3  0  0 -4 -7 -7 -4 -6 -7 -5 -2 -2 -8 -6 -6    2   0   4  77   0   0   3   8   0   0   0   0   0   0   0   2   2   0   0   0  1.91 0.61
   71 A    2 -4 -4 -1 -4 -3  0 -4 -4 -1  4 -3  0 -3  1 -1 -1 -5 -4 -1   22   0   0   4   0   0   6   0   0   1  47   0   2   0   8   4   3   0   0   1  0.55 0.31
   72 Q   -1 -2 -1 -3 -5  4  2 -4  6 -4 -3 -2  1 -4 -1 -1  1 -5 -3 -2    5   1   2   0   0  25  15   0  26   0   2   0   5   0   2   4  10   0   0   3  0.85 0.40
   73 P   -2  1 -1 -5 -6 -1 -4 -5 -5 -6 -5 -1  1 -6  7  0 -2 -7 -6 -5    2   7   3   0   0   2   0   0   0   0   0   4   4   0  71   5   1   0   0   0  2.07 0.62
   74 H   -2  0 -3 -2 -6  1 -3 -5  8 -5 -5 -1 -4  1 -5 -1  1 -4  2 -5    2   5   0   2   0   7   0   0  53   0   0   3   0   7   0   4  10   0   8   0  1.49 0.54
   75 I   -3 -4 -4 -5 -3 -4 -4 -5 -2  5  2 -2  2  2 -5 -1 -2 -4 -2  2    0   0   0   0   0   0   0   0   1  41  16   3   6   9   0   6   0   0   0  17  0.75 0.32
   76 Q    0  2 -2 -2 -5  5  3 -1  2 -4 -3  0 -1 -2 -3 -1 -3  0  0 -2    8  11   0   0   0  35  17   5   4   0   2   4   2   2   0   2   0   1   4   3  0.65 0.33
   77 W   -7 -7 -8 -9 -7 -6 -8 -8 -7 -7 -6 -8 -6 -4 -9 -8 -8 12 -2 -7    0   0   0   0   0   0   0   0   0   0   0   0   0   0   0   0   0 100   0   0  5.08 1.17
   78 I   -3 -4 -5 -6 -4 -4 -5 -6 -4  3  4 -3  1  2 -1 -4 -3 -3  2  2    0   0   0   0   0   0   0   0   0  17  44   2   2   8   3   0   0   0  10  14  0.77 0.32
   79 K   -3  5 -1 -3 -5 -1 -2 -2  1 -5 -4  5 -4 -5 -4 -1  0 -5 -1 -4    0  30   2   0   0   0   0   2   4   0   0  48   0   0   0   3   6   0   3   0  1.16 0.44
   80 H   -2 -1 -1 -3 -4 -2 -1  0  7 -1 -2 -2 -3  2 -3 -2 -3  3  3  0    3   3   3   1   0   1   3   7  41   4   3   1   0   8   1   1   1   4   8   8  0.85 0.32
   81 V   -2  0 -2 -1 -3 -1 -1 -2  1  2  0  0  0  0 -1 -2  0 -2  4  2    1   5   1   3   0   2   3   3   4  16   8   5   2   3   3   1   6   0  18  15  0.19 0.13
   82 E   -1  0  0  0 -3  2  2 -2  2 -1 -1  1  1 -2  0  0  1 -3  0  0    3   2   3   3   0  10  17   1   6   1   6   7   5   1   4   8  10   0   5   7  0.19 0.11
   83 K   -1  0  1 -1  0 -1  0 -3  2  1 -1  1  0 -1 -1 -1  0  1 -2  2    4   5   9   3   3   1   5   1   7   6   1  11   3   2   3   1   5   3   0  26  0.15 0.13
   84 N   -3 -2  6  2 -4 -1 -1 -1  1 -4 -4 -1 -4 -4 -1  1  0 -5 -4 -4    1   1  55   9   0   3   3   4   3   1   1   3   0   0   3   8   5   0   0   1  1.07 0.39
   85 G   -1 -3  0  0  0 -2  0  5  1 -4 -2 -1 -3 -2 -4  0 -1 -4 -4 -1    2   0   5   4   3   0   6  49   4   0   4   3   0   2   0   8   3   0   0   5  0.63 0.26
   86 S    0  0 -1  1 -1 -2 -2 -3 -3 -2 -2  0  0 -2 -3  5  1 -4 -1 -1    6   4   1   6   2   0   0   0   0   2   4   5   3   2   0  52   6   0   2   4  0.60 0.32
   87 K   -2  1  0  0 -3  1  2 -3  1  0 -1  2 -2  0 -1  0  0  2  2 -2    1   7   3   6   0   4  13   1   4   7   5  15   0   4   2   9   5   3  10   1  0.19 0.12
   88 N   -1 -2  3  1  0  0  0 -1  0 -1 -1  0 -2  1 -1 -1  0 -2  2  1    2   1  19   7   3   3   6   5   2   3   6   4   0   6   3   2   7   0   8  12  0.12 0.10
   89 G   -1  0  1  2  2  0  0  2 -2 -2  0  1  0 -3 -2  0 -1 -3 -3 -1    2   3   6  16   6   3   4  20   0   1  10  12   2   1   1   7   3   0   1   3  0.20 0.11
   90 P    0  0  0  0  1  0  1 -2 -2 -1 -1 -1 -2 -2  4  1  1 -3  0 -2    4   4   5   6   3   3   8   1   0   3   7   3   0   1  24  13   8   0   3   2  0.39 0.15
   91 D   -1 -2  2  4 -4 -1  3 -1  0 -3 -3  0 -1 -4 -2  1  0 -4 -3 -3    4   1  12  29   0   1  19   4   2   1   2   5   2   1   1  11   5   0   0   1  0.55 0.22
   92 G   -2  0  2  2 -4  0  1  3  1 -3 -3  0  0 -4  1  0 -1 -4 -3 -2    1   4  10  11   0   3  10  27   5   0   1   5   3   0   6   8   4   0   0   3  0.37 0.21
   93 L   -2  0 -1 -1  1  0 -2 -3 -1  1  1 -1  2  1 -1  0  2 -3  0  0    1   5   3   4   5   4   2   1   1  10  16   4   7   6   3   5  15   0   3   6  0.11 0.12
   94 P    0 -1  1  0 -4  0  0 -3  1 -3 -3 -2  0 -4  6  0  0  3 -3 -3    7   3   7   5   0   5   6   1   3   1   1   1   2   1  40   5   5   4   0   1  0.86 0.34
   95 Y   -3 -1  0 -4 -4 -3 -2 -4  1  1  0 -3 -2  3 -1 -1 -2  3  6 -2    1   4   5   0   0   0   3   1   3  10   8   0   0  15   4   5   2   3  34   0  0.72 0.38
   96 L   -1 -1  0 -3  0 -1 -2  0 -2  1  1 -1  1  1  0 -1  0 -2  0  1    3   3   6   1   2   2   1   9   0   8  17   3   4   8   5   4   5   0   4  15  0.07 0.09
   97 K   -1  3  2  0 -4  2  2  0  1 -2 -2  1 -2 -3 -3 -1  0 -4 -1 -1    5  18  11   3   0  12  15   7   3   2   3   8   0   0   0   0   6   0   2   4  0.33 0.23
   98 V    1 -1 -1 -1  0 -2 -1 -1 -2  1  0 -2  0  0 -1  0  1  3  0  2   11   4   3   3   2   0   4   6   0  11   5   0   2   3   2   5   8   5   3  22  0.10 0.13
   99 L   -2 -1  0 -1  2 -2 -1 -3  2  1  2 -2  1  1 -3  0  0 -3 -1  1    1   4   6   4   5   0   4   1   6  10  19   0   4   9   0   6   6   0   0  14  0.14 0.15
  100 K    0  1  1 -1 -3  1  1  0 -1 -2 -1  1 -1 -2  1  0  1 -3  1  0    8   8   7   0   0   7   8   8   0   0   8   8   0   0   8   8   8   0   7   8  0.13 0.10
  101 A   -1  0  2  0 -3  0 -1 -3  1  0 -1  0  1 -3  2  1  1 -4 -1  1    4   4  12   5   0   3   2   0   3   6   5   4   4   0  10  14   9   0   3  10  0.19 0.18
  102 A    0  0 -2  0  2  0  0 -1 -2  0 -1  0  1  0  1  0  0  3  1  0    6   6   0   6   5   5   6   6   0   6   6   6   5   5   6   6   6   5   5   6  0.06 0.10
  103 G    0 -1  1  1 -3 -1 -1  3 -1 -1 -3  0 -2 -2  0  1  0 -3 -3 -2    5   3   8   9   0   2   2  30   1   5   1   5   0   2   5  14   7   0   0   1  0.32 0.12
  104 V    0 -2 -2  0 -2 -1 -1 -2 -2  2  1 -2  0  0  0  0  0 -2  0  2   10   1   1   6   0   2   3   2   0  18  16   1   1   3   4   5   5   0   4  18  0.13 0.07
  105 N   -1  0  5  1 -4 -1  0 -1  1 -3 -2  1 -3 -4 -2  1  0 -4 -3 -2    2   3  41   8   0   2   6   3   3   0   4   8   0   0   2   8   5   0   0   2  0.60 0.21
  106 T   -1 -1  0 -1 -3  0  0 -2 -1  1 -2 -1  0 -2  2  2  3 -4 -1  0    3   2   3   3   0   5   5   3   1  10   1   2   3   1   9  15  27   0   2   8  0.26 0.14
  107 T    0  0  1  0 -3  0  0 -3 -2 -1 -1 -2  1  0 -2  2  3 -4  0  0    4   4   7   4   0   3   5   0   0   3   3   0   5   4   1  19  30   0   4   5  0.31 0.16
  108 D   -1 -2  3  5 -4 -1  2 -1 -2 -2 -4 -1 -4 -4 -2  1  0 -5 -4 -3    3   0  18  38   0   1  14   3   0   2   0   1   0   0   1  10   5   0   0   2  0.75 0.23
  109 K    1  0  1  0 -3  1  0  0 -2 -3 -3  3 -2 -2  3  0  0 -4 -3 -2   12   3   9   6   0   6   4   5   0   0   1  26   0   2  13   3   6   0   0   3  0.36 0.13
  110 E   -1 -1  1  3 -4  2  4  0  3 -4 -4 -1 -3 -4 -2 -1  1 -4 -3 -3    4   2   7  19   0   7  30   7   9   0   0   1   0   0   1   0  12   0   0   0  0.58 0.19
  111 I    0 -1 -2 -1 -2  0 -1 -2  0  1  1 -1  2 -1  2  0  1  2 -2  1    9   2   1   2   0   5   4   2   3   7  14   1   7   1   9   4  13   4   0  11  0.13 0.06
  112 E   -1  2  0  1 -3  1  4 -1  0 -2 -1  0 -2 -3 -2  0  0 -3 -3 -1    1  12   3   6   0   3  38   4   2   1   9   3   0   1   1   6   6   0   0   4  0.38 0.13
  113 V   -1 -2 -2 -1 -2  0 -1 -3 -2  2  0  1 -1 -1 -2 -1  1  0 -1  3    4   1   1   4   0   6   2   1   0  14   4  11   0   1   1   2   8   1   2  38  0.25 0.12
  114 L   -3 -4 -5 -6 -4 -4 -5 -6 -5  0  6 -4  2 -1 -5 -4 -3 -4 -3  0    0   0   0   0   0   0   0   0   0   0  93   0   2   0   0   0   0   0   0   3  1.43 0.36
  115 Y   -2  0 -1 -2 -3 -1 -2 -3  2  1  1  1 -1  2 -3  0  2 -2  3  0    0   4   3   2   0   1   1   0   6  11  13   9   0   9   0   4  19   0  11   5  0.19 0.11
  116 I   -3 -4 -4 -5 -3 -3 -4 -5 -4  3  4 -4  2  3 -4 -3 -2 -3 -2  0    1   0   0   0   0   0   1   1   0  25  51   0   4  12   0   1   0   0   0   2  0.77 0.22
  117 R    0  2  1  1 -3  1  3 -3  2 -3 -3  0 -2 -2 -1  0  1 -2  1 -1    5  12   6   6   0   5  26   1   5   0   1   4   0   2   3   4  11   1   5   4  0.31 0.11
  118 N   -4 -3  8 -1 -6 -2 -3 -3  2 -6 -6 -1 -5 -6 -5  1 -2 -6 -5 -6    0   0  87   0   0   0   0   0   4   0   0   2   0   0   0   7   0   0   0   0  2.08 0.50
  119 V   -2 -5 -5 -6 -3 -4 -5 -5 -5  2  0 -4 -1 -3 -4 -4 -2 -5 -4  6    2   0   0   0   0   0   0   0   0   9   4   0   0   0   0   0   0   0   0  84  1.40 0.39
  120 T   -1 -1 -2 -3 -3  1 -2 -3 -3 -3 -3  1 -3 -4 -3  3  5 -5 -4 -1    0   2   0   0   0   5   0   0   0   0   0   8   0   0   0  25  56   0   0   3  0.98 0.33
  121 F   -2 -2 -3 -3 -4  0  1 -4  2 -1  1  0  2  4 -1 -2 -1 -2  3 -2    2   0   0   0   0   4  14   0   7   3  18   8   6  21   3   0   3   0  10   0  0.32 0.15
  122 E    0 -1  1  1 -5  1  5 -3 -1 -5 -4  0 -2 -5 -3  1 -2 -5 -4 -4    6   1   6   7   0   5  55   0   1   0   1   4   1   0   0  11   0   0   0   0  0.90 0.27
  123 D   -2 -4  0  7 -6  1  0 -4  1 -6 -6 -3 -2 -6 -4 -3 -3 -7 -5 -6    3   0   3  82   0   6   2   0   3   0   0   0   1   0   0   0   0   0   0   0  1.84 0.43
  124 A    3 -2 -2 -2 -3  1  4 -1 -2 -3 -3  0 -3 -1 -3  0  1 -5 -3 -3   36   0   0   0   0   6  32   3   0   0   2   6   0   3   0   5   8   0   0   0  0.58 0.23
  125 G   -1 -5 -3 -4 -6 -5 -5  7 -5 -7 -6 -4 -6 -6 -5 -3 -1 -6 -6 -6    2   0   0   0   0   0   0  94   0   0   0   0   0   0   0   0   4   0   0   0  2.16 0.49
  126 E   -4 -2  0 -3 -5 -2  3 -5 -3 -4 -2  0  2 -1  0 -4 -4  9 -2 -2    0   2   6   0   0   1  24   0   0   0   3   6   7   2   4   0   0  42   0   3  1.49 0.40
  127 Y   -5 -5 -5 -7 -6 -5 -6 -7 -1 -2 -1 -5 -4  2 -6 -5 -5 -1  9 -4    0   0   0   0   0   0   0   0   0   1   7   0   0   4   0   0   0   0  88   0  2.54 0.58
  128 T    1 -3 -2 -3 -3 -3 -3 -3 -4  1 -1 -3  1 -3 -3  2  5 -5 -4  0   11   0   0   0   0   0   0   0   0  10   5   0   4   0   0  16  48   0   0   6  0.74 0.29
  129 C   -4 -2 -6 -7 10 -6 -7 -6 -6 -4 -4 -6 -4 -1 -6 -4 -4 -5 -1  0    0   2   0   0  85   0   0   0   0   0   0   0   0   3   0   0   0   0   3   7  2.88 0.60
  130 L   -1 -1  0 -4 -3 -2 -3 -1 -3  1  2  1  1  0 -4 -3 -2 -1 -1  3    3   3   7   0   0   0   0   4   0   7  24  10   4   2   0   0   0   1   2  34  0.32 0.17
  131 A    4 -4 -4 -4 -3 -3 -2 -3 -4  0 -2 -3 -2  0 -3  0 -2 -5 -3  4   53   0   0   0   0   0   1   0   0   3   0   0   0   4   0   4   0   0   0  35  0.87 0.33
  132 G    1 -1 -1 -2 -3  0 -1  4 -2 -4 -3  0 -3 -4 -3  2  1 -4 -4 -3    7   3   2   0   0   5   3  39   0   0   3   4   0   0   0  23   9   0   0   0  0.58 0.20
  133 N   -3 -3  7  0 -5 -2 -2 -3 -2 -5 -5  0 -4 -4 -4  0  0 -4  2 -4    0   0  74   3   0   0   0   0   0   0   1   4   0   0   0   4   4   0   7   0  1.57 0.42
  134 S    1  0  1 -2 -3 -1 -1  0  1  0 -2  1 -2  0 -2  3  1 -3  1 -2   14   3   5   0   0   0   3   6   3   7   1   9   0   5   0  27  10   0   5   1  0.22 0.12
  135 I   -1 -2 -3 -4 -3 -3 -3 -4 -3  4  3 -3  1  1 -3 -1 -2 -2  3  1    3   2   0   0   0   0   1   1   0  30  29   1   1   6   0   5   1   0  11   9  0.47 0.17
  136 G    0 -4 -2 -3 -4 -3 -3  6 -4 -5 -4 -3 -4 -4 -4 -2 -3 -4 -4 -4    5   1   1   1   0   0   1  86   0   1   1   1   0   0   1   1   1   0   0   1  1.73 0.37
  137 I   -1 -1  0  0 -3  0  0 -3  2  1  0 -1  1  3 -1  0 -1  0  1  1    2   3   4   4   0   4   6   0   6  12   4   2   4  17   3   6   0   1   5  14  0.13 0.09
  138 S    2 -1 -1  1 -3 -2 -2 -2  1  0 -2 -1 -2 -2  1  3  1 -4 -3  1   16   3   2   9   0   0   0   1   4   4   1   2   0   1   7  27  10   0   0  13  0.29 0.15
  139 F   -1  1  2 -1 -4 -1  0 -3  2 -1 -1 -1  0  2 -3  0 -1  1  4 -1    4   8  11   2   0   2   7   0   7   1   7   2   3   9   0   6   4   1  23   4  0.29 0.14
  140 H    0  1 -1  0 -4  2  1 -3  4 -3 -3  2 -2  1 -3  0 -2 -3  2 -1    9   8   0   6   0  12   8   0  17   0   0  12   0   7   0   8   0   0   9   5  0.39 0.17
  141 S    0 -3  2 -1 -3 -2 -1 -1 -2 -3 -3 -1  0 -3  1  4  2 -4  1 -1    6   0  10   2   0   0   2   2   0   0   0   2   3   0   7  44  13   0   6   4  0.55 0.24
  142 A    4  0 -3 -3 -1 -2  0  0 -3 -1 -1 -1 -1  1 -3 -1 -2 -4 -1 -1   56   7   0   0   1   0   6   7   0   3   5   3   1   7   0   0   0   0   2   3  0.51 0.25
  143 W   -4 -4 -1 -5 -5 -4 -5 -5  1 -4 -3  0  0  2 -6 -4  1  8  6 -4    0   0   3   0   0   0   0   0   2   0   0   6   3   8   0   0   9  31  38   0  1.68 0.42
  144 L   -3 -4 -5 -5 -4 -3  0 -6 -4  0  5 -4  1 -2 -5 -4  0 -4 -3  0    0   0   0   0   0   0   9   0   0   3  76   0   3   0   0   0   7   0   0   2  1.04 0.34
  145 T   -1  0 -1  0 -3 -1 -1 -3  1 -1 -1 -1 -2 -2 -3  2  5 -5 -3  0    0   6   1   4   0   1   3   0   4   1   6   2   0   1   0  16  46   0   0   8  0.57 0.25
  146 V   -2 -4 -5 -5 -3 -4 -4 -4 -4  2 -1 -4 -1 -3 -4 -3  1 -4  1  6    0   0   0   0   0   0   0   1   0   7   2   0   0   0   0   0   7   0   6  76  1.18 0.37
  147 L    0  1  1  1 -3 -1  0  0  2  0  0  0 -1  1 -2 -1  0 -2  1  0    7   7   7   7   0   0   7   7   7   7   7   7   0   7   0   0   7   0   7   7  0.06 0.08
  148 P   -1  0 -1  1 -4  1  1  0  2 -1 -3  2 -3 -4  4  0  0 -4 -3 -3    4   4   0   7   0   4  10   8   7   5   1  15   0   0  19   8   6   0   0   0  0.40 0.21
  149 A    0  0 -2  0 -3  1  0  0 -2  0  0  0  1  1  1  0  0 -2  1  0    6   6   0   6   0   6   6   6   0   6   6   6   6   6   6   6   6   0   6   6  0.06 0.08
  150 P    0  0 -1 -1 -4  0  1 -1  2  0  0  0 -2 -1  5 -1  0 -4 -3 -2    6   4   3   3   0   3  10   4   5   6  10   4   0   3  28   5   5   0   0   0  0.45 0.28
  151 V    0 -1  0  0 -3  0  1 -1  0  0  0 -1 -1 -1  0  0  1 -3  1  1   10   3   4   4   0   4   9   5   3   5   7   0   0   3   4   7  10   0   6  15  0.07 0.10
  152 R   -1  2  0  0 -4  0  2 -1 -2 -2 -1  1  1  0  1 -1  0 -3  0 -1    4  15   6   5   0   2  18   3   0   2   5   7   5   4   6   4   5   0   4   4  0.19 0.18
  153 E   -1 -1  0  2 -4 -1  3 -1  0 -1 -1  0 -2 -3  1  0  0 -4 -1  0    5   3   3  10   0   1  24   5   2   4   7   6   0   0   8   5   7   0   3   6  0.24 0.21
  154 K   -1  0  0  0 -1  0  1 -1  0 -1 -1  2 -2 -3  3  0  0 -1 -2  0    4   4   4   4   1   4  10   6   3   4   7  14   0   0  15   4   5   1   1   8  0.18 0.15
  155 E    1 -1 -1  1 -4  1  2 -2  2 -2 -1  0  0 -2  2  0  0  0 -1  0   11   2   1   8   0   5  18   2   5   0   8   4   3   2   9   5   7   1   2   8  0.18 0.18
  156 I    0 -1 -2  0 -3 -1 -3 -3 -3  2  2 -2  2 -1  1 -2 -1 -3  1  2    9   3   2   6   0   3   1   1   0  15  21   2   6   2   6   1   4   0   5  13  0.22 0.19
  157 T    0  0 -1 -1 -1  1  0 -1 -1 -1 -1  0  1 -3  1  0  3  0 -3  0    6   6   2   3   1   5   7   5   2   2   6   4   5   0   7   7  26   1   0   5  0.23 0.23
  158 A    2 -1  0 -2 -3  1  0 -1  0 -1 -1  1  1 -3  0  1  1 -4 -1  0   22   1   4   1   0   7   4   4   3   4   6   9   4   0   4   9   7   0   2   9  0.16 0.15
  159 S    1  0  0  0 -4 -1  0  0  3 -1 -2  0 -3 -1 -2  3  1 -4  0  0    9   5   2   5   0   2   6   7   8   3   2   4   0   2   1  25   8   0   4   6  0.22 0.19
  160 P    0 -2 -1 -2 -4 -1 -1  0 -2 -2 -2 -1 -1 -4  6  0  0 -5 -2 -1    6   2   3   2   0   2   4   7   1   2   4   3   1   0  43   7   6   0   2   4  0.87 0.37
  161 D   -1 -1  1  1  0  1  0 -1  1 -1 -1  1 -1 -1  1  1  0  0 -1  0    1   0   7   9   3   6   4   3   4   3   8   9   2   3   8  12   7   1   2   7  0.10 0.08
  162 Y   -2 -2  0 -2 -4  1 -3 -3  4 -1  0 -2  1  2 -4  0 -1  1  5 -1    3   1   5   1   0   6   0   1  15   4   7   1   4  10   0   9   2   2  23   4  0.44 0.26
  163 L    0 -3 -2 -2 -3 -1 -3 -2 -3  1  2 -1  1  1 -3  0  1  3  0  0    8   0   1   2   0   2   0   3   0  11  26   3   4   7   0   9  13   4   3   5  0.21 0.16
  164 E    0  0  1  1 -3  1  1 -1  0 -1 -1  0 -1 -1  1  0  1 -3  0  0    9   3   5  10   0   5  12   5   2   4   5   4   1   2   6   6  10   0   4   6  0.11 0.06
  165 I    0 -3 -3 -2 -3 -1 -2 -4  0  4  1 -3  0  0 -3 -1 -2 -3  0  3    7   0   0   2   0   3   2   0   3  37  11   0   1   3   0   3   0   0   3  23  0.44 0.22
  166 A    1 -1 -2 -3 -2 -1 -1 -1 -2  2  1 -1  1  1 -1  0  1 -3 -1  1   19   3   1   0   0   3   4   3   0  21  13   2   3   6   2   3   9   0   2   6  0.13 0.11
  167 I    0 -3  0 -3 -3 -3 -1 -2 -3  4  1 -3  1  0 -2  0  0 -4 -2  2   10   0   5   0   0   0   4   3   0  40   9   0   3   3   2   7   4   0   0  10  0.33 0.21
  168 Y   -1 -3 -1 -1 -3 -2 -3  0 -1  1  0 -1  0  1  0  0 -1 -1  5  1    5   0   2   3   0   0   0   8   0  10   6   3   2   3   5   6   4   0  29  11  0.29 0.18
  169 C    1 -3 -3 -3  4 -3 -3  0 -3  1  0 -3  0  0 -3  1  0 -3 -2  2   14   0   0   0  15   0   0   6   0  10   9   0   2   3   0  10   6   0   0  23  0.30 0.18
  170 I    1 -3 -3 -4  1 -3 -3 -2 -3  3  2 -3  0  0 -3  0  1 -3 -2  2   11   0   0   0   4   0   0   3   0  20  23   0   0   4   0   8   8   0   0  19  0.30 0.17
  171 G    0 -2 -2 -2 -1 -2 -1  4 -3 -1  0 -2  0  0 -2  1 -1 -3 -1  0    7   2   0   0   2   0   4  37   0   3   8   0   2   4   2  16   2   0   2   8  0.35 0.18
  172 V    1 -3 -3 -4  1 -3 -3 -2 -3  1  2 -1  0  2 -3 -1  0 -3 -1  3   12   0   0   0   3   0   0   2   0   8  19   3   2  12   0   5   3   0   0  28  0.28 0.17
  173 F    0 -3 -3 -4  0 -3 -3 -1 -3  1  2 -3  1  4 -3  0 -2 -2  0  1    9   0   0   0   2   0   0   5   0  10  24   0   3  28   0   7   0   0   0   9  0.35 0.17
  174 L    0 -4 -4 -2  1 -3 -4 -4 -4  2  3 -3  2  2 -4 -2 -1 -3 -2  1    7   0   0   3   4   0   0   0   0   9  47   0   4   9   0   3   2   0   0  12  0.47 0.20
  175 I   -1 -1 -4 -5 -3 -3 -4 -3 -4  4  2 -3  1  2 -4 -3 -1 -3 -1  2    6   3   0   0   0   0   0   2   0  33  19   0   3  13   0   0   2   0   0  18  0.48 0.21
  176 A    2 -2 -2 -3  0 -2 -2  0 -2  2  0 -1  1  1 -2  0  0 -3  0  1   24   0   0   0   2   0   0   8   0  14   6   5   4   6   0   8   3   0   3  15  0.15 0.11
  177 C   -1 -1 -3 -4  3 -3 -3 -1 -3  2  1 -3  1  2 -3 -1  0 -3 -2  2    3   4   0   0  11   0   0   7   0  13  18   0   5  10   0   5   6   0   0  19  0.22 0.13
  178 M    1 -2 -3 -4  1  0 -2 -1 -3  1  1  0  3  0 -3 -1  0 -3 -2  2   13   0   0   0   4   4   0   5   0   7  15   6  11   4   0   3   6   0   0  22  0.19 0.13
  179 V    0 -3 -3 -4  1 -3 -3 -4 -3  3  1 -3  1  1 -3  0  1 -3  0  3    8   0   0   0   3   0   0   0   0  18  10   0   4   7   0   7   8   0   4  31  0.35 0.18
  180 V    1 -3 -3 -4  1 -3 -3  0 -3  2  1 -3  1  0 -3 -1  0 -3  1  2   13   0   0   0   3   0   0   8   0  16  16   0   4   4   0   4   5   0   6  21  0.22 0.13
  181 T    0 -1 -2 -3  3 -2 -3 -1 -3  2  1 -2  1  1 -3  0  1 -3  0  1    5   4   0   0   9   0   0   6   0  15  17   0   4   8   0   8  10   0   3   9  0.15 0.11
  182 V    1 -3 -3 -4  0 -2 -3 -2 -3  2  1 -3  1  1  0  0 -1 -2  1  2   13   0   0   0   2   0   0   3   0  12  11   0   5   6   5   8   0   0   7  25  0.21 0.14
  183 I   -1 -4 -4 -5  1 -3 -4 -1 -4  3  2 -4  2  1 -4 -2  0 -3 -2  3    2   0   0   0   4   0   0   6   0  28  16   0   5   7   0   2   5   0   0  24  0.45 0.23
  184 F   -1 -2 -4 -5 -1 -3 -4 -3  0  2  1 -2  0  4 -1 -3 -2  1  3  2    3   2   0   0   1   0   0   2   2  11  14   3   2  23   4   0   0   1  13  17  0.42 0.22
  185 C   -2  1 -3 -4  7 -2 -4 -1  2  0  0 -1  1  0 -4 -1 -2  1  2  0    2  10   0   0  30   1   0   6   6   6   7   3   5   4   0   3   0   2   9   7  0.51 0.27
  186 R   -3  5  0 -4  1 -2 -3 -2  1  0  0  2 -3 -2 -4 -1 -3 -5  0 -1    0  43   3   0   3   0   0   2   4   7  10  13   0   1   0   5   0   0   3   4  0.72 0.40
  187 M   -1  2 -3 -4 -1  0 -3 -3  0  0  2  0  5  1  0  0 -1 -4  0 -1    3  14   0   0   1   3   0   1   2   6  19   5  22   5   4   6   2   0   3   3  0.38 0.28
  188 K   -3  4 -3 -4  1  2 -1 -2  0 -4 -1  4 -3 -5 -4 -1 -3  2 -4 -1    0  30   0   0   4  10   3   2   2   0   6  34   0   0   0   3   0   3   0   4  0.90 0.47
  189 T   -2  2  1 -2  1  0 -2 -3  0  0  0  2  2 -1 -1  1  1 -4  0  0    1  10   7   2   3   4   0   1   2   6   7  15   7   2   3  12  10   0   4   6  0.16 0.17
  190 T    0  2  0 -1  1  1  1 -1  1 -1  0  2 -1 -2  0  0  0  1 -1 -2    7  12   4   2   4   8   7   4   3   2  10  13   1   2   5   5   6   2   2   2  0.12 0.09
  191 T   -1  3 -1 -1  0  0 -1 -3  0  0 -2  2 -2  0  1  1  1  0 -1 -1    3  22   2   2   2   4   2   0   2   5   3  11   0   4   7  11  11   2   2   4  0.25 0.18
  192 K   -3  3  1 -3  1  2  2 -4  0 -4 -2  4  0 -5 -4 -1 -1 -5 -4 -4    0  13   5   0   4  11  14   0   2   0   5  36   3   0   0   4   3   0   0   0  0.72 0.39
  193 K   -2  2  1 -1 -6  2 -1 -3  0 -5 -3  6 -4 -2 -1 -1 -2 -6 -4 -3    2  10   6   2   0   7   2   1   2   0   2  54   0   2   2   4   2   0   0   1  0.98 0.49
  194 P   -2  1 -1 -3 -4  0  0 -1  1 -1  0  3  0 -3  3  1  0 -4 -3 -1    1   8   1   0   0   2   5   5   4   2  13  23   2   0  13  10   5   0   0   5  0.30 0.20
  195 D   -2  1  1  3 -4  2  1 -3  1 -1  0  1 -2 -1  0 -1 -2 -3  0 -1    1   8   6  17   0  10   7   1   3   2  14  11   0   2   5   3   1   0   4   4  0.23 0.17
  196 F    0 -1 -1 -3  1  0 -1 -2  1  0  1  1  0  3  0 -1 -1 -2  2 -1    7   2   2   0   4   4   2   3   3   5  18  11   3  13   4   2   4   0   9   3  0.14 0.15
  197 S    1  1  1 -1 -3  1  1 -1  1  0 -1  0  0 -2  1  1 -2 -4 -3  0   11   8   9   2   0   8  11   4   3   5   6   3   3   2   8  11   0   0   0   6  0.15 0.16
  198 S    1  2  0 -1  1  0 -1 -2 -2  0  0 -1  1 -2  0  2  1 -3 -1  0   10  12   4   3   3   4   4   2   0   7   8   2   5   0   5  16   7   0   2   6  0.12 0.13
  199 Q    0  1 -2 -1  0  4  2 -1 -2  0 -1  2  0 -4 -2 -1 -1 -4 -3 -2    7   7   0   2   3  20  15   4   0   7   6  14   3   0   1   3   4   0   0   2  0.33 0.26
  200 P    0  0  0  0 -4  1  1 -3  1  0 -1  1  0 -3  4 -2 -1 -4  0 -2    8   3   3   4   0   8   8   1   4   7   6  11   3   0  24   1   4   0   3   2  0.41 0.25
  201 A    2 -2 -1  0 -3  0  1 -1  1 -1 -1  0 -2 -3  0  1  1 -4 -1  1   22   0   3   5   0   3   8   4   5   3   4   6   0   0   3   9  10   0   3  11  0.17 0.16
  202 V    0 -1  1 -3 -3  0 -3 -4 -3  2  0 -3 -2  1  0 -2  3 -4 -3  3    6   3   8   0   0   6   0   1   0  12   9   0   0   5   4   1  20   0   0  23  0.37 0.29
  203 H   -1  0  0  0  0  1  1  0  4 -1  0 -2  1 -1 -3 -1  0 -3  0  1    5   6   4   4   2   6   8   9  13   2   8   0   4   2   0   3   6   0   4  13  0.12 0.14
  204 K   -1  1  1  0  0  2  0  0  0 -3 -3  1  2  0  1 -1  0 -4  0 -1    4   8   6   4   3  13   6   9   2   0   0  11   7   4   6   4   4   0   3   4  0.18 0.17
  205 L    0  0  0 -2  2 -1  0 -3 -2  0  0  0 -1  1  1  0  0  4  1  0    7   7   7   0   6   0   7   0   0   7   7   7   0   6   7   7   7   6   6   7  0.11 0.12
  206 T    0  0  2 -2  1  0  0 -1 -2  0 -1  1  1 -3  1  1  1 -3  0 -1    8   4  12   0   3   3   5   4   0   6   7  11   4   0   6  12   8   0   3   3  0.13 0.14
  207 K   -3  1  1 -3  2 -2 -2  0  1 -4 -2  5 -3 -4  3  0 -3 -5  0 -1    0   6   6   0   5   0   0   7   4   0   4  41   0   0  14   6   0   0   4   4  0.62 0.38
  208 R   -1  3  1  0 -4  1  1 -3  1 -1 -1  3 -2 -1 -3  0  1 -4 -3 -1    4  16   8   3   0   5  11   0   3   3   5  19   0   2   0   5   9   0   0   5  0.29 0.20
  209 I    0 -4 -4 -4  1 -3 -3 -4  1  3  1 -3 -1  1  1 -1  0 -4 -2  3    8   0   0   0   3   0   0   0   4  21  12   0   0   7   7   5   4   0   0  27  0.41 0.26
  210 P   -1 -1  0 -3  1  1 -1 -1 -1  1 -3 -1 -2 -3  4  0  1 -4  0  0    5   3   4   0   4   7   3   6   2  13   1   3   0   0  25   7   8   0   4   6  0.40 0.24
  211 L   -2 -3 -3  0  0 -3 -3 -4 -3  2  2 -1 -1  1  0 -1  0  2  1  1    1   0   0   8   3   0   0   1   0  17  26   4   0   4   5   6   6   3   6  10  0.24 0.19
  212 R    0  2  1  0 -3  1  1 -1  1 -1 -2  1  1 -1  0  0  0 -3  0 -1    6  11   7   5   0   8   9   4   4   5   1  10   7   3   3   8   4   0   5   4  0.14 0.12
  213 R   -1  3  2 -2  1  2  0 -1  2 -3 -2  2 -2 -3  0  0 -2 -3  0 -3    4  18  12   0   4   9   5   4   7   0   5  17   0   0   5   4   0   0   5   0  0.34 0.22
  214 Q   -1  1  0  2 -4  2  1 -3  1  0 -1  3  1 -3  0  0  0 -4 -3 -2    5   6   4  11   0  11   8   1   4   6   4  21   5   0   5   5   5   0   0   0  0.27 0.18
  215 V    0  0  0  0  1  0  0 -1  1  0 -1  0  1  0  0  0  0 -3  1  0    5   5   5   5   5   5   5   5   5   5   5   5   5   5   5   5   5   0   5   5  0.03 0.05
  216 T    0  0  0  0 -3  0  0  0  0 -1  0  0  1  0  0  1  1 -3  0 -1    8   4   3   4   0   3   4   8   3   4   8   5   5   4   4  13  12   0   3   4  0.07 0.10
  217 V    0  0  0  0  2 -2  0 -1 -2  1  1 -2  1  0 -3  0  0 -2  0  1    6   6   4   6   6   0   5   4   0  11  15   1   4   4   0   7   4   0   4  11  0.05 0.08
  218 S   -1  1  2  1 -3  1  1  0  1  0 -1 -1  1 -3  0  2  0 -4  0 -2    4   7  10   9   0   7   8   6   4   6   4   0   5   0   4  18   5   0   4   0  0.17 0.17
  219 A    0 -1  0 -2  1  0  1  1  0 -1 -1  0  0  1  0  1  0 -3  0 -1    9   3   3   0   3   4   8  11   3   2   7   6   2   8   4  14   5   0   3   3  0.08 0.10
  220 E    0  0  1  0 -3  1  0  0  1  0 -1  0  1  0  1  0  0 -3 -2  0    6   6   6   6   0   6   6   6   6   6   6   6   6   6   6   6   6   0   0   6  0.06 0.07
  221 S   -1 -1  2 -3 -4  1  0  1  1 -4 -4  0 -4 -4  1  3  1  2  1 -1    3   3  12   0   0   7   5  10   3   0   1   5   0   0   7  23   7   3   7   4  0.36 0.32
  222 S   -1  0  1  1  0  1  0  1 -2 -1 -1  0 -2 -3 -1  1  1  1  0 -1    3   5   7   8   2   5   6  11   0   2   8   4   0   0   3  14  10   2   4   4  0.12 0.14
  223 S    0 -1  1  0  0  0  0  0  1 -1  0 -2  0 -1  0  2  0  1  0 -1    6   3   8   5   2   4   4   9   3   2  11   0   3   3   5  22   3   2   3   3  0.12 0.16
  224 S    0 -1  1 -2 -4 -3  0 -1  0 -1 -2 -2 -1 -1 -2  5  0 -5 -4 -2    6   3   6   1   0   0   7   5   2   4   5   2   1   3   2  46   5   0   0   2  0.55 0.42
  225 M    0 -1 -1  1 -1  0  1 -1  1  0  0 -2  4 -1  0 -1 -1 -3  0  0    6   3   3   8   2   4  11   5   3   6   9   0  15   2   5   3   4   0   4   8  0.13 0.16
  226 N   -1 -1  4  1 -1  1  1  1  0 -4 -3 -1 -1 -2  1  1  0  1 -3 -4    4   2  26   7   2   5   7   9   2   0   2   2   2   2   7  13   5   2   0   0  0.41 0.28
  227 S   -2  1 -1 -3 -4 -1 -2  0 -3 -1  0  0 -1  0  1  4  0 -4  0  0    0   7   2   0   0   2   2   6   0   3   9   5   1   5   6  35   6   0   4   7  0.30 0.29
  228 N    0  0  3 -2 -1  2 -2 -1  1 -1  0 -1  0 -3  0  2  0 -4  0 -1    5   3  15   0   1  10   0   5   4   4  10   3   3   0   5  18   5   0   4   3  0.19 0.21
  229 T    1  0 -1 -1 -3  0 -1 -1 -3  1  0 -1  3  0 -3  0  1 -4 -3  2   14   6   2   3   0   5   2   4   0   6   8   2  12   3   0   6  11   0   0  15  0.17 0.19
  230 P   -1 -1  2 -1  1 -4 -2 -5 -4 -4 -3 -2  0 -2  7 -1 -4 -6  1 -5    4   3  10   3   3   0   2   0   0   1   2   2   2   2  54   4   0   0   5   0  1.41 0.65
  231 L   -2 -1 -1 -5 -4  1 -2 -5 -4  1  4 -1  1  1 -2 -3  0 -4 -3  1    3   3   3   0   0   7   1   0   0   8  43   4   2   6   2   0   5   0   0  11  0.50 0.34
  232 V   -3 -5 -2 -2 -4 -1 -3 -6 -5  4  1 -2  1  0 -1 -4 -2 -5  0  5    0   0   2   3   0   3   1   0   0  23  10   2   3   4   3   0   2   0   3  41  0.79 0.47
  233 R   -1  4 -1 -4 -5  1  0 -3  2 -2 -3  4  0 -3 -2  0  0 -5 -4 -4    4  25   2   0   0   5   5   2   5   2   2  30   2   1   2   5   5   0   0   0  0.71 0.47
  234 I   -3 -1  0 -4 -4  0 -2 -2  1  5  0 -1  1 -1 -1 -2 -1  0 -1  0    1   3   4   0   0   4   2   3   4  45   8   3   3   3   4   2   4   1   2   5  0.58 0.41
  235 T   -1  1 -1  2 -5  3  3 -1  0 -4 -4  0  0 -4 -1  0  3 -5  0 -1    4   7   2  11   0  12  18   4   2   0   0   4   2   0   2   6  17   0   3   5  0.40 0.34
  236 T    0  0  1 -1 -4  1 -1 -3  1 -1 -2  1 -1 -1  1  1  2  2  0  0    7   4   8   2   0   6   2   0   3   3   3   9   2   3   7  13  14   3   4   7  0.19 0.21
  237 R   -1  3  1 -1 -4  3  0 -2  2 -1 -2  2  0  0 -1  0 -1 -4  0  0    4  16   5   2   0  15   4   3   6   4   3  12   2   5   2   6   3   0   2   6  0.27 0.25
  238 L   -1  1  1 -1 -3  0 -1 -2  0  1  2  0  1  0  1  0 -1  1 -1  0    3   8   6   3   0   4   3   3   2   9  22   5   4   3   6   6   2   2   2   7  0.09 0.13
  239 S   -1  1  0  0  1  1  0 -1 -2 -1 -1  0  1  0  0  2  1 -3  0 -2    4   6   4   4   3   6   6   4   0   5   5   7   4   4   4  19  10   0   4   0  0.13 0.17
  240 S    0  0  1 -2 -3  0  0  0  0  0  0  0  1  0  0  1  1 -3  1  0    8   4   8   0   0   4   5   5   3   5   9   4   4   6   5  13   7   0   5   5  0.07 0.09
  241 T    0 -1  2 -2 -1  0 -1 -2  0  0 -1 -2 -1 -2 -1  2  3 -4 -1  1    4   3   9   1   1   5   3   3   2   4   7   0   1   1   3  20  19   0   2  10  0.25 0.23
  242 A    1  0 -1 -1  0  0 -1  1  1 -1 -1 -1 -1 -3  1  2  0 -4  0 -1   13   6   2   4   2   3   3  13   5   3   5   2   2   0   7  16   6   0   5   5  0.15 0.14
  243 D   -1 -1  2  4 -1  0  1 -1  0 -3 -2  0 -2 -3 -1  1 -1 -5 -4 -2    6   3  12  29   1   4   9   4   2   1   4   5   1   1   2  11   3   0   0   3  0.44 0.26
  244 T   -1  0  2  0 -2 -1 -2  0  1 -2  0  0 -1 -1  0  2  2 -4 -1 -1    3   6  11   4   1   1   1   6   3   2  10   4   1   2   4  15  17   0   2   5  0.17 0.17
  245 P   -1 -1  1  0 -2 -2  0 -2  0 -5 -5 -2  1 -5  6  0 -1 -5  1 -3    5   3   7   4   1   2   7   3   2   0   0   1   3   0  44   7   4   0   5   2  0.99 0.48
  246 M    0 -1  0 -1 -3  2  0 -2  0  1  1 -1  3  0 -1 -1  1 -3 -1  0    6   3   5   3   0   9   7   2   2   7  12   3  11   5   3   3   9   0   2   8  0.10 0.12
  247 L   -2 -4 -2 -2 -1 -1 -1 -2 -1  1  3 -3  0  1 -1  0 -1 -3  3  0    2   0   2   2   1   2   4   3   1   8  36   0   2   5   2   7   3   0  13   7  0.35 0.26
  248 A    2 -2 -2 -2 -1  1 -1 -2 -3 -2  0 -1  1  0  1  2  1 -4  0 -2   24   1   1   2   1   5   4   2   0   1   8   4   5   5   6  15  10   0   4   1  0.24 0.22
  249 G    1 -2  2 -1 -2 -1  0  4 -2 -2 -2 -2 -1 -2 -2  1  0 -4 -2 -3    9   2  11   3   1   3   6  33   1   2   4   1   2   2   2  10   6   0   1   1  0.41 0.26
  250 V   -1 -3 -1 -1  0 -1 -1 -3 -3  2  2 -2  1 -1 -2 -1 -1 -1 -2  3    5   0   4   4   2   2   4   2   0  14  18   2   3   2   2   4   3   1   1  27  0.27 0.20
  251 S    0 -2  1  1  0 -1  0 -2  0 -4 -3 -1 -2 -3 -1  4  1 -5 -4 -2    5   2   7   9   2   2   5   3   2   0   2   2   1   1   3  42   9   0   0   3  0.56 0.39
  252 E   -2 -2  0  2 -5  1  5 -5 -2 -2 -4 -1 -2 -3  0 -1  0 -6 -2  0    2   2   4  11   0   6  43   0   1   3   1   3   1   1   4   4   7   0   2   7  0.70 0.43
  253 Y   -1 -4 -1 -5 -2 -4 -2 -3 -1 -1 -1 -3  0  2 -3  0 -1  1  7 -1    4   0   3   0   1   0   3   2   1   3   6   1   2   6   1   8   5   2  45   4  1.00 0.51
  254 E    0 -1  1  2 -5  2  4 -3  2 -2 -1  0 -3 -2 -2 -1 -1 -5  0 -2    6   2   6  10   0  10  32   1   4   3   6   6   0   1   2   3   3   0   3   2  0.47 0.31
  255 L   -2 -4 -3 -3 -1 -2 -2 -5 -2  3  4 -2  3  0  0 -2 -1 -4  0  1    2   0   1   2   1   2   2   0   1  15  39   2   6   4   5   3   3   0   3   8  0.53 0.30
  256 P    0 -3 -5  0 -6 -2 -2 -6 -1 -1 -3 -2 -5 -3  7 -2 -2 -6  1 -3    9   1   0   6   0   2   2   0   1   4   3   3   0   1  54   3   2   0   4   2  1.40 0.66
  257 E   -1 -1 -1  1 -2  2  2 -3  2 -1  0 -1 -1  0 -1  0 -1 -1  3 -1    4   3   3  10   1  12  14   1   5   4  10   3   1   3   2   5   3   1  12   4  0.22 0.19
  258 D   -2 -2  2  5 -6 -2 -1  0 -1 -5  0 -3 -2 -1  0 -2  0 -6 -2 -2    2   3   8  41   0   1   4   9   2   0  10   1   1   3   4   2   5   0   1   3  0.70 0.39
  259 P   -1  0 -1  1  0 -1 -1  0  0 -2 -2  0 -1  0  5  0 -1  1 -2 -1    4   5   3   9   2   2   4   6   2   1   4   6   1   4  29   8   2   2   1   4  0.45 0.24
  260 K   -1  1  0  0  1  2  1  0  0 -2 -1  3 -1 -2 -1 -1 -1 -3 -1  0    4   6   3   6   3   9  11   7   2   2   6  21   1   2   2   4   2   0   2   7  0.17 0.13
  261 W   -2 -3 -3 -2 -4  0 -3  0 -3  1  0 -2  0  1 -1 -3 -1  8  2 -1    3   0   0   3   0   4   1   7   0   9   8   3   3   5   3   1   4  35   8   3  0.91 0.33
  262 E   -1  1  1  1 -4  1  4 -1  1 -1 -2  0 -2 -3 -2  1 -1 -4 -3 -3    4   9   7   4   0   5  36   4   4   4   5   4   0   0   0  11   0   0   0   0  0.41 0.20
  263 F    0 -3 -3 -3  3 -2 -3 -3 -2  1  1 -3  2  2 -3 -1  1  4  2  1   10   0   0   0   9   0   1   1   0  10  10   1   9   9   0   1  10   9   9  10  0.27 0.13
  264 P   -1 -1  0  1 -1 -1  0 -2  1 -6 -3  0 -1 -2  6  1 -2 -7 -5 -3    5   3   4   7   2   3   7   3   3   0   2   5   2   2  38   9   2   0   0   2  0.82 0.54
  265 R   -1  6  0 -3  0 -2 -2 -3  0 -2 -3 -1  0 -2  0 -3 -1  1 -1 -3    5  50   4   2   2   2   3   2   2   2   3   3   2   2   6   2   3   2   2   2  1.00 0.65
  266 D    0  0  1  3  1  1  2 -1  1 -2 -2  0  0 -1 -4  0  0  1  0 -1    6   4   6  16   3   5  14   4   4   3   3   6   3   3   0   7   5   3   3   4  0.20 0.19
  267 K    0  0  0  0  2  1  0 -1  2  0 -1  0  1  1 -3  0  0  3  1 -2    6   6   5   6   5   5   6   6   5   6   6   6   5   5   0   6   6   5   5   0  0.09 0.12
  268 L   -2 -6 -6 -7  1 -6 -6 -7 -6  4  4 -6  1  0 -1 -5 -1 -6 -4  2    3   0   0   0   3   0   0   0   0  29  38   0   3   3   3   0   4   0   0  14  1.02 0.44
  269 T   -1  1 -1 -2 -1  1  0 -2  2  1  0  1  1  1 -3  0  1 -4 -1  1    4   7   2   2   1   6   4   2   6   9   6  11   5   6   0   5  10   0   1  10  0.12 0.12
  270 L   -1 -1 -4 -1 -4  0 -1 -5 -4  2  3 -4  3  2 -5 -1  0 -4  1  0    4   4   0   4   0   4   4   0   0  13  30   0   7  10   0   4   5   0   5   7  0.40 0.27
  271 G    0  0  0  0  2  1  0 -1  2  0 -1  0  1  0 -3  0  0 -3  1  0    6   6   6   6   6   6   6   6   6   6   6   6   6   6   0   6   6   0   6   6  0.05 0.08
  272 K   -3  4  0  2 -3  1  3 -2  0 -3 -6  4 -4 -7 -3 -1 -2 -4 -5 -5    2  19   4   9   1   6  17   3   3   1   0  26   0   0   1   4   2   0   0   1  0.79 0.44
  273 P   -1 -1 -1 -2 -1  1  2 -4 -1  2  0  1  0  0  1  0  1 -5 -4  1    4   4   2   2   1   6  14   0   1  11   8   9   2   4   7   5   8   0   0  12  0.19 0.17
  274 L   -5 -8 -1 -8 -7 -1 -8 -9 -8  4  5 -7 -3 -5 -8 -6 -6 -7 -7 -1    1   0   3   0   0   4   0   0   0  23  66   0   0   0   0   1   0   0   0   3  1.80 0.75
  275 G   -3 -4 -3 -4 -9 -8 -8  7 -8-10 -9 -7 -9 -9 -8 -4 -1 -9 -9 -9    2   1   1   1   0   0   0  89   0   0   0   0   0   0   0   1   4   0   0   0  2.67 1.01
  276 E   -2  0 -1 -3 -3  3  5 -5  1 -8 -8  2 -7 -6 -7  2 -2 -9 -5 -6    4   4   3   1   1  14  39   1   3   0   0  11   0   0   0  16   2   0   0   1  1.14 0.62
  277 G   -3 -9 -3 -5 -3 -1 -9  7 -9-11-11 -8-10-11 -9 -7 -8-10-11-10    3   0   2   1   1   3   0  91   0   0   0   0   0   0   0   0   0   0   0   0  2.88 1.13
  278 C    5 -3  2 -6  3  0  1 -5  1 -5 -7 -3 -5 -4 -3  0 -3 -7 -5 -5   50   1   9   0   6   5  10   0   3   1   0   1   0   1   1   7   2   0   0   1  1.14 0.60
  279 F   -9-10-10-11 -9-10-10-11 -3 -7 -3-10 -7  9-11 -2 -2 -7  1 -4    0   0   0   0   0   0   0   0   1   0   2   0   0  86   0   3   3   0   3   1  3.31 1.23
  280 G   -3 -8 -7 -3 -3 -8 -8  7 -8-10-10 -8 -9 -9 -9 -2 -1 -9-10 -9    2   0   0   2   1   0   0  88   0   0   0   0   0   0   0   3   5   0   0   0  2.67 1.06
  281 Q   -3  2  0 -2 -4  4  2 -5 -1 -1 -3  3  3 -4 -5 -2  0 -3 -3  0    1  10   5   3   0  19  13   1   1   3   3  17   7   1   0   2   6   0   1   6  0.60 0.39
  282 V   -7 -8 -5 -9 -7 -8 -8 -9 -9  0 -4 -4 -6 -7 -8 -8 -2 -8 -8  7    0   0   1   0   0   0   0   0   0   4   1   1   0   0   0   0   2   0   0  89  2.79 1.16
  283 V   -3 -2 -5 -4 -2 -4 -7 -7  1  0 -1 -4  3  3 -7 -4 -5  5  6  3    2   2   1   1   1   1   0   0   3   5   6   1   8  12   0   1   1   8  26  23  1.16 0.56
  284 M   -3  3 -1 -4 -2  1  2 -2 -1 -1  0  4  2 -3 -4 -3 -3 -5 -2 -1    2  15   3   1   1   6  13   3   1   3  11  24   6   1   1   2   2   0   2   4  0.53 0.33
  285 A    5 -2 -5 -5  0 -4 -4  4 -2 -2 -4 -3 -5 -3 -5 -2 -3 -6 -1 -4   44   2   0   1   2   1   1  32   1   2   2   1   0   1   1   3   1   0   2   1  1.23 0.59
  286 E   -3 -1 -1  0 -2  1  4 -2  1 -1 -2  1  0 -3 -5  0  2 -1  0 -2    2   4   3   4   1   5  31   3   3   3   4   9   2   1   0   7  12   1   3   2  0.51 0.34
  287 A    5 -2 -4 -6 -1 -3 -5  1 -2  0  1 -3  0 -4 -3 -1 -2 -1 -2  0   43   2   1   0   2   1   1   9   1   5  14   1   2   1   1   4   3   1   2   7  0.72 0.41
  288 V   -2  0 -1 -1  0  0 -1 -3 -1  1  1  0  1  1 -2 -2  1  1  2  1    3   5   3   3   2   4   4   1   2  10  14   7   3   7   2   3   8   2   7  11  0.13 0.09
  289 G   -2 -3  2  1 -3 -2 -1  5  0 -3 -2 -2 -2 -2 -2 -1 -1 -1  0 -1    4   2   8   7   1   2   4  40   3   2   4   3   1   2   2   5   3   1   3   4  0.60 0.31
  290 I   -3 -2 -3 -2 -1 -3 -3 -2 -2  5  3 -1  0 -1 -2 -2 -1 -5 -1  1    2   2   1   2   1   1   2   3   1  30  24   5   2   3   2   3   3   0   2  10  0.61 0.29
  291 D    0  0  1  4  2 -1  0  0  0 -1 -1 -1 -2 -2  0  1 -1 -2 -1 -1    6   5   7  21   4   2   5   7   2   4   5   4   1   2   5  10   3   1   3   4  0.23 0.16
  292 K   -2  1  1  0 -3 -1  1  2  0 -2 -2  3 -2 -4  1 -1 -1 -1 -3 -4    3   6   8   6   1   3   7  17   2   3   4  21   1   1   7   5   3   1   1   1  0.37 0.25
  293 D   -2 -2  1  4 -2  1  1  1  2 -3 -3 -1 -2 -2 -2  0 -1 -2 -2 -2    3   2   8  24   1   5  10  13   4   2   3   3   1   2   2   8   4   1   2   3  0.43 0.26
  294 K   -2  2  1  0 -1  0  1  1  0 -2 -1  3 -1 -2 -1  0 -1 -2 -2 -1    3   9   6   5   1   4   8  12   2   2   5  19   2   2   3   7   4   1   2   4  0.20 0.14
  295 P    1 -1 -1 -1 -1  0 -1  0 -2 -2  0  0 -1 -1  4  1  0 -1 -2  0   12   2   2   4   1   4   5   8   1   2   9   5   1   2  20   9   5   1   2   6  0.24 0.15
  296 K    0  1  1  0 -2  1  1  1  0 -2 -2  2 -1 -2 -1  0  0  1  0 -2    9   6   8   5   1   5   8  12   2   1   3  17   1   1   2   5   4   2   4   2  0.16 0.13
  297 E   -1  1  0  0 -2  1  2  0  1 -2 -2  1  1 -2  0  1  1  0  0 -2    4   6   3   3   1   5  18   7   4   2   2   9   5   1   4   9   7   1   4   2  0.18 0.14
  298 A    1 -1  0 -1  1  0  0  0 -1 -1 -1  0  0  0  1  1  0  1 -1  0   14   2   3   3   3   4   5   6   1   3   5   4   4   4   6  15   6   2   2   9  0.08 0.08
  299 V    0 -1 -2 -3  0 -1 -1 -1 -1  2  0  0  1 -1 -2 -1  2 -1 -1  2   10   3   1   1   2   2   2   5   1  15   7   6   4   2   1   3  16   1   1  16  0.14 0.12
  300 T    0  1  0  1 -1  0 -1 -2 -1 -1 -2  1 -1 -2  2  0  3 -4 -2 -1   10   7   3   7   1   2   2   2   1   3   3   8   2   1  11   5  26   0   1   5  0.25 0.16
  301 V    0 -2 -3 -4  2 -3 -3 -4 -4  2  0  0 -1 -2 -3 -2  0 -4 -3  4    8   2   0   0   6   0   0   0   0  11   6   7   0   0   0   0   6   0   0  51  0.56 0.27
  302 A    4  1 -3 -3 -3 -2 -2 -1 -3 -3 -2  0 -3 -3  1  1  0 -4  0 -1   54   9   0   0   0   0   0   2   0   0   2   7   0   0   5   8   4   0   4   3  0.56 0.30
  303 V   -1  0 -3 -4  0 -3 -2 -4 -3  3  1 -3  2 -2 -3 -2  0 -3 -3  4    3   6   0   0   2   0   2   1   0  16   9   1   6   0   0   1   5   0   0  46  0.53 0.24
  304 K   -3  2  1 -3 -5  1 -2 -4  1 -3 -3  6  2  1 -3 -2 -3 -4 -3 -1    1   7   6   0   0   5   1   1   4   0   1  56   6   6   0   1   0   0   0   4  0.95 0.44
  305 M    0  1 -1 -3  1  0 -1 -1 -2  1  1 -1  4  0 -3  0  2 -3 -2  0    7   7   3   0   3   3   4   4   0   9  10   4  17   4   0   5  14   0   0   5  0.18 0.19
  306 L    0  1  1 -2  2 -1  0 -3 -2  0  0  0  2  1 -3  0  0  4 -1  0    7   7   7   0   7   0   7   0   0   7   7   7   7   7   0   7   7   7   0   7  0.12 0.13
  307 K    0  0  1  0  2  1  0  0  2 -2 -1  0  1 -2  1  0  0 -3  1 -2    6   6   6   6   6   6   6   6   6   0   6   6   6   0   6   6   6   0   6   0  0.12 0.13
  308 D   -1 -1  0  3  1  0  3 -1  1 -2 -3  1  0 -1 -1  0 -2 -8 -7 -1    5   4   4  15   3   3  21   5   3   3   3   7   3   3   4   6   3   0   0   4  0.35 0.28
  309 D   -1  0  0  0  2  0  0 -1  2  0 -1  0  2  1  0 -1  0  3  1 -1    5   5   5   5   5   5   5   5   5   5   5   5   5   5   5   5   5   5   5   5  0.09 0.08
  310 A    5 -3 -3 -3  1 -2 -2 -3  1 -3 -3 -3 -5 -2  1  1  1 -6 -2 -2   48   1   1   1   3   2   2   2   4   2   2   1   0   2   7  12   8   0   1   3  0.78 0.54
  311 T    0 -1  1  2 -2 -1 -2 -1  0 -2 -3 -2 -1 -2 -2  3  4 -5 -2 -2    6   3   7  10   1   2   2   4   2   2   2   1   2   2   2  22  26   0   1   2  0.47 0.38
  312 E    0  0  0  3 -3  0  3 -2 -1 -2 -2  0  0 -1  0  0  0 -5 -2 -2    7   5   3  17   1   4  22   2   1   2   5   6   2   3   5   6   6   0   2   2  0.30 0.25
  313 K    0  1  1  1 -2  1  2 -1  0 -2 -3  2 -1 -3 -3  2  0 -5 -2 -2    7   9   6   7   1   7  14   4   2   2   2  13   2   1   1  14   5   0   2   2  0.27 0.23
  314 D    1 -3  0  4 -6  0  4 -3 -2 -3 -3 -3 -2 -4 -1 -2 -1 -6 -1 -3   12   1   4  25   0   4  33   1   1   1   3   1   1   1   2   2   3   0   3   2  0.81 0.51
  315 L   -2  3 -3 -3 -2  1  0 -4  1  0  1  2  1  1 -4 -3 -2  0  0  1    3  17   0   1   1   7   5   1   3   6  15  16   4   5   0   1   1   1   3   9  0.33 0.27
  316 S    0  2  0 -1  0  1  1 -3  0  0  0  2  1 -1 -3  1 -1  2 -2 -2    6  12   4   2   2   6   9   1   2   6   8  13   4   3   1  12   3   3   1   2  0.17 0.17
  317 D    0  0  1  4 -1  0  2 -1  3 -3 -4 -1 -4 -2 -4 -1 -1 -5 -1 -3    8   5   6  26   1   3  14   5   8   1   0   2   0   1   0   4   4   0   2   1  0.40 0.30
  318 L   -4 -4 -4  0  1 -4  1 -5 -4 -1  2  0  2  5 -5 -4 -4 -4  0 -2    0   0   0   5   4   0   9   0   0   3  25   7   5  30   0   0   0   0   2   2  0.65 0.41
  319 V    0 -1 -3  0  0 -1 -1 -2  0  0  2 -1  1  1 -3 -1 -1  1  0  1    8   3   0   7   2   2   3   2   2   4  25   4   5   7   0   2   3   2   3  10  0.07 0.14
  320 S    0  2  1 -1  0  0 -1 -2  1 -2 -1  1  0  0 -3  2 -1 -4 -3 -2    6  14   9   3   2   4   3   3   4   2   7   9   2   5   0  16   2   0   0   2  0.13 0.19
  321 E   -2 -1 -1  2 -3  0  1 -3  3 -2  0  1 -1  2 -2 -1  1 -3 -1 -2    0   0   0  12   0   0  12   0  12   0  12  12   0  12   0   0  12   0   0   0  0.14 0.09
  322 M    2 -4 -1 -4  2 -3 -1  0 -4  2  1 -4  2  1 -4 -1 -1 -4  1  0   24   0   4   0   4   0   4   7   0  12  11   0   7   5   0   4   4   0   5   5  0.25 0.26
  323 E    0  0  1  0  0  1  2 -2  2  0  0  0  0 -1 -3  0 -1 -4  0 -1    7   4   6   6   3   7  13   3   7   8   8   5   3   3   0   6   3   0   3   4  0.08 0.12
  324 M   -2 -1 -4 -4  0 -1 -1 -5 -1  3  3 -1  3 -1 -4 -1  1 -4 -1  1    2   2   0   0   2   2   3   0   2  17  27   4   8   2   0   3   8   0   2  11  0.34 0.25
  325 M    0 -5 -6 -7  1 -4 -6 -6 -6  0  2 -5  8  0 -6 -5 -1  2 -1  0    6   0   0   0   3   0   0   0   0   4  18   0  53   3   0   0   3   3   3   5  1.57 0.70
  326 K   -2  1  0 -1 -2  1 -2 -3 -1  0 -2  5  1 -5 -4  1 -1 -5 -4 -3    3   6   4   3   1   5   1   2   1   6   3  47   3   0   0  10   3   0   0   2  0.76 0.47
  327 M    0  0  1  0 -2  1  2 -1  3 -1 -1  1  3 -2 -3  1 -1 -4  0 -2    6   6   5   3   1   7  15   4   9   3   4   9   9   1   0   9   3   0   3   2  0.22 0.21
  328 I   -3 -2 -5 -3 -1 -4 -5 -5 -4  3  3 -4  0  5 -3 -2 -2 -4 -1  2    2   3   0   1   1   0   0   0   0  20  25   0   2  27   1   3   1   0   1  12  0.76 0.41
  329 G   -1 -1  0  2  0 -1  0  3  0 -2 -2 -1 -3 -1 -1  1 -1 -3 -1 -3    3   3   5  11   2   2   5  30   2   2   3   4   0   3   3  12   3   0   2   1  0.29 0.21
  330 K   -1  1  1  0  2  1  0  0  2 -2 -3  2 -3 -2  1  1  1 -4  0 -2    4   7   6   5   6   6   4   6   5   2   0  13   0   2   8   9   8   0   3   2  0.18 0.20
  331 H   -1  0  1 -1  4  0 -1 -5  8 -5 -5 -4 -5  0  0 -1 -1 -5  1 -5    4   4   5   4   9   4   5   0  43   0   0   0   0   4   4   4   5   0   4   0  1.27 0.62
  332 K    1  1  1  0 -3  1  1 -1  3 -1 -1  0  0  0  0  1  0 -3  0 -1   12   8   6   4   0   5   8   3   9   3   7   4   3   4   5   9   4   0   4   4  0.10 0.09
  333 N   -4 -1  7 -2 -2 -1 -3 -1  5 -5 -5 -2 -4 -1 -4 -2 -1 -5 -2 -5    1   2  58   0   1   2   1   5  16   0   1   2   0   3   0   2   3   0   1   1  1.49 0.58
  334 I    0 -5 -5 -5 -4 -4 -5 -5 -5  5  1 -5  0  0 -5 -4 -3 -5 -3  4    8   0   0   0   0   0   0   0   0  44   9   0   1   4   0   0   0   0   0  31  1.06 0.44
  335 I   -3 -1 -5 -5  1 -4 -5 -5 -5  3  2 -4  0 -3 -5 -4 -2 -5 -4  5    0   3   0   0   3   0   0   0   0  17  20   0   1   0   0   0   2   0   0  47  0.92 0.44
  336 N    0  2  4  0  3  1 -1 -1  0 -4 -3  2 -3 -1 -2  1  0 -5 -2 -4    7  12  20   5   8   7   3   4   1   0   1  11   0   4   1   9   4   0   1   0  0.39 0.26
  337 L   -2 -5 -5 -6  0 -2 -5 -6 -5  1  4 -5  3  4 -5 -1 -4 -4 -1 -1    2   0   0   0   2   2   0   0   0   7  53   0   9  16   0   4   0   0   2   2  0.97 0.45
  338 L   -2 -3 -4 -5  1 -2 -3 -5 -1  3  3 -3  1  0  0 -3 -3 -3  1  1    3   1   0   0   3   1   1   1   2  17  40   1   4   3   4   1   0   0   6  10  0.52 0.28
  339 G    0  0 -3 -4 -5 -4 -2  6  0 -6 -5 -4 -5  0 -5 -1 -4 -5 -5 -5    7   5   0   0   0   0   2  72   2   0   1   0   0   4   0   4   0   0   0   0  1.56 0.60
  340 A    2 -4 -4 -4  5 -1 -4 -2  0  1 -2 -4  0 -1 -4 -1 -1  0  0  4   17   0   0   0  16   2   0   3   3   6   2   0   3   3   0   3   3   1   4  32  0.56 0.32
  341 C   -1 -5  0 -5  9 -4 -5 -5  1 -1 -2 -5 -1 -2 -5  0 -2 -5 -1  1    5   0   5   0  52   0   0   0   3   3   3   0   1   2   0   7   2   0   2  12  1.56 0.58
  342 T   -1 -1 -1 -4 -1 -2 -1 -3  0 -1  0 -2  0  0 -1  1  5 -5 -2 -1    4   3   2   0   1   1   3   1   3   2  11   2   2   5   3  12  42   0   1   2  0.54 0.36
  343 Q   -2  2 -1  2 -2  3  1 -2  2 -1 -2  1 -1 -1  1 -1 -1 -1  0 -2    1  11   2  11   1  15   9   3   6   3   4   9   2   2   6   4   3   1   4   2  0.25 0.18
  344 D   -1  1  2  2 -2  0  1  2  0 -1 -2  1 -2 -3 -1  1  0 -1 -2 -2    3   6  11  12   1   3   9  14   2   5   4   7   1   1   2  12   4   1   1   2  0.19 0.15
  345 G    0  0  0  0  2  0  0 -1  1  0 -1  0  1  0  0  0  0  3 -2  0    5   5   5   5   5   5   5   5   5   5   5   5   5   5   5   5   5   5   0   5  0.06 0.09
  346 P   -2 -2  0  0 -3 -2  0 -4 -2 -4 -3 -2 -3 -5  7  0 -2 -6 -3 -3    2   2   5   6   1   1   7   1   1   1   2   2   1   0  56   7   2   0   1   1  1.44 0.62
  347 L   -2 -1 -3 -4 -2 -1 -3 -2  2  1  3 -1  2  0  1 -1 -1  0  0  0    3   3   1   0   1   3   1   2   6   9  35   3   6   3   6   4   4   1   3   6  0.31 0.22
  348 Y   -1 -2 -4 -4  3  0 -1 -4 -1 -2  1 -1  3  2 -4 -1 -3  2  5 -2    4   1   0   0   6   5   5   1   1   2  15   3   8  10   0   4   0   3  28   2  0.64 0.36
  349 V   -2 -4 -1 -1 -1 -3 -4 -4 -4  3  2 -4  2 -2 -1  0 -1 -4 -3  3    2   0   3   3   1   0   0   0   0  22  21   0   6   0   3   7   2   0   0  29  0.53 0.30
  350 I   -2 -1 -4 -2  0 -3 -2 -5 -4  5  1 -1  0  1 -4 -4 -2 -4 -3  3    2   4   0   3   2   0   3   0   0  44  13   3   1   5   0   0   1   0   0  18  0.68 0.35
  351 V   -2 -4 -4 -5 -3 -2 -3 -5 -4  2  2 -4  5  1 -4  0  0 -4 -1  3    2   0   0   0   0   1   1   0   0  10  19   0  19   7   0   6   5   0   2  25  0.60 0.34
  352 E   -2  0 -1  0 -1 -1  6 -5  2 -5 -5  0 -5 -6 -1 -2 -2 -6 -5 -4    3   5   2   3   2   1  66   0   4   0   0   3   0   0   3   1   1   0   0   1  1.34 0.62
  353 Y   -4 -4 -3 -2 -1 -4 -5 -5  0 -1  2 -3  1  3 -1 -3 -4  4  7 -3    0   0   1   3   1   0   0   0   2   2  19   2   4  11   3   2   0   5  42   0  1.12 0.51
  354 A    2 -4 -4 -5  6 -2 -2 -4 -4 -1  0 -1  5  0 -4  0 -2 -4 -4  1   19   0   0   0  21   1   2   0   0   3   7   5  22   3   0   5   1   0   0   9  0.73 0.41
  355 S    0  0  1 -1  0 -1  1 -1 -1 -2 -2  1  0 -1  3  1  1 -4 -2 -2    8   3   8   2   3   2  10   4   1   1   2  10   3   3  14  14  11   0   1   1  0.27 0.18
  356 K    0  0  2 -2 -2  1 -1  0  4 -3 -1  2 -1  1 -3 -1 -1 -1  3 -3    6   3   9   1   1   7   2   6  12   1   5  16   2   6   1   4   3   1  14   1  0.31 0.24
  357 G   -3 -3 -2  0  0 -5 -2  6 -5 -6 -2 -2 -5 -1 -1 -3 -5 -6 -6 -6    0   1   1   4   2   0   3  73   0   0   5   3   0   3   3   1   0   0   0   0  1.52 0.64
  358 N   -2 -1  4  5  1 -3  0 -1  0 -5 -2 -1 -4 -2 -4  0  0 -6 -5 -5    2   3  23  34   3   0   5   4   2   0   5   4   0   2   0   7   7   0   0   0  0.75 0.41
  359 L   -4 -4 -5 -1 -4 -4 -1 -6 -5  1  5 -2  1 -1 -5 -2 -1 -5 -4 -1    0   0   0   4   0   0   4   0   0   7  68   2   2   2   0   4   3   0   0   3  1.00 0.49
  360 R   -1  3 -1 -3 -2  2  0 -3  1 -2  1  2 -2 -3 -3  1 -2 -1  0 -2    4  18   3   0   1   9   6   1   4   1  19  17   0   0   0  10   1   1   3   2  0.34 0.25
  361 E    0 -1  2  2 -1  0  3  0  2 -2 -4  0 -2 -3  0  1  1 -5 -3 -3    6   3  11  15   1   3  19   6   5   3   0   4   1   1   3  12   8   0   0   0  0.35 0.22
  362 Y   -1 -3 -3 -5 -3 -3 -2 -5  1 -3 -1 -2 -2  5 -1 -3 -4  0  6 -2    4   1   1   0   1   1   3   1   3   1   5   2   1  29   3   1   0   1  39   3  1.22 0.51
  363 L   -2  1  1 -2 -3 -1 -2 -3 -1  1  1 -1  2  2  2 -1  1 -2  2  1    1  10   9   0   0   0   1   1   0  10  10   1   9   9  10   1  10   0   9  10  0.17 0.11
  364 R   -2  3  1 -1  0  0 -1 -2  1 -1  0  1  1 -2 -1  0 -2  2  2 -1    1  23   8   3   3   4   3   3   3   3   9   7   4   0   3   8   0   3   8   3  0.23 0.19
  365 A    1  0  0 -1  0  1  1 -1  0 -1 -2  1  0 -2  1  1  0 -4 -1  0   10   6   4   3   2   5   7   3   2   2   3  10   3   2   8  14   6   0   2   7  0.14 0.12
  366 R   -2  3  2  0  1  0 -1 -1  4 -2 -3  0 -1 -2 -4  1 -1 -4  0 -3    3  18  11   4   4   4   3   5  13   3   2   5   2   2   0  13   2   0   3   2  0.40 0.29
  367 R   -2  6 -1 -2 -1 -1 -1 -2  0 -3 -4  2 -4 -5 -1  1 -4  0 -5 -3    2  50   2   2   2   2   4   3   2   2   2  11   0   0   3  10   0   1   0   2  1.02 0.55
  368 P    0 -2 -2 -2 -1  2  0 -1  1 -1 -2  0 -1 -2  5  0 -1 -5 -1 -1    6   2   2   2   1   8   7   5   4   4   4   5   2   2  33   5   3   0   2   4  0.58 0.34
  369 P    0  0  0  0  1  0  0 -1  1  0 -1  0  1  0  0  0  0 -3  1  0    5   5   5   5   5   5   5   5   5   5   5   5   5   5   5   5   5   0   5   5  0.03 0.05
  370 G    1 -1  2 -1 -1  0  0  2 -1 -1 -3 -2  0  1 -1  1 -1  0  0  0   12   3   9   4   2   4   6  15   2   3   3   3   2   6   4   9   4   1   3   6  0.13 0.13
  371 M   -1 -1  1  1  1  1  0 -1  1  0  0  0  2  0  0  0  0  1  0  0    4   3   6   8   3   6   6   4   3   5   8   5   5   3   5   5   5   2   4   8  0.05 0.05
  372 E   -1  0  0  1  1  2  2 -1  1 -1 -1  0  0 -1  0 -1 -1  2  0 -1    5   4   5   7   3   8  16   4   4   3   5   5   3   3   5   5   4   3   3   4  0.14 0.14
  373 Y   -1  0  0  0  2  0  0 -1  2  0 -1  0  2  1  0 -1  0  3  1 -1    5   5   5   5   5   5   5   5   5   5   5   5   5   5   5   5   5   5   5   5  0.09 0.08
  374 S   -1  0  0  0  2  0  0 -1  2  0 -1  0  2  1  0 -1  0  3  1 -1    5   5   5   5   5   5   5   5   5   5   5   5   5   5   5   5   5   5   5   5  0.09 0.08
  375 Y   -2 -1  1  0  0 -1  0 -1  1  0 -1  0  0  2  0  0 -1  1  4 -1    3   3   6   6   2   3   6   6   3   5   5   5   3   7   5   7   4   2  15   4  0.19 0.14
  376 D    0 -1  2  4  0  0  1  0  0 -2 -2 -1 -1 -2  0  0  0 -5 -1 -2    6   3   9  23   2   4   7   7   2   2   3   4   2   2   5   7   5   0   3   3  0.27 0.23
  377 I    0  0  1  0  0  0  0 -1  0  1  1  0  0  0  0  0  0 -3  0  0    5   4   7   4   3   3   5   4   2  11  13   5   3   3   5   6   6   0   4   8  0.02 0.03
  378 N   -1  0  0  0  2  0  0 -1  2  0 -1  0  2  1  0 -1  0  3  1 -1    5   5   5   5   5   5   5   5   5   5   5   5   5   5   5   5   5   5   5   5  0.09 0.08
  379 R   -1  0  0  0  2  0  0 -1  2  0 -1  0  2  1  0 -1  0  3  1 -1    5   5   5   5   5   5   5   5   5   5   5   5   5   5   5   5   5   5   5   5  0.09 0.08
  380 V   -1 -1  0  0  1  0 -1  0  0  1  0 -1  1  0  1  0  0 -4  0  1    4   3   6   6   3   4   4   7   3   8   9   4   4   4   7   5   6   0   3  10  0.04 0.04
  381 P   -1  0  0  0  2  0  0 -1  2  0 -1  0  2  1  0 -1  0  3  1 -1    5   5   5   5   5   5   5   5   5   5   5   5   5   5   5   5   5   5   5   5  0.09 0.08
  382 E    0  0  0  0  1  0  0 -1  1  0 -1  0  1  0  0  0  0 -3  1  0    5   5   5   5   5   5   5   5   5   5   5   5   5   5   5   5   5   0   5   5  0.03 0.05
  383 E   -1  0  0  0  2  0  0 -1  2  0 -1  0  2  1  0 -1  0  3  1 -1    5   5   5   5   5   5   5   5   5   5   5   5   5   5   5   5   5   5   5   5  0.09 0.08
  384 Q   -1  1  0  0 -2  2  1 -1  1 -1 -1  0  0 -1  2  1  0 -3 -1 -1    5   7   4   5   1  12   8   4   3   4   5   6   2   2  10  10   6   0   2   4  0.16 0.12
  385 M   -3 -3 -3 -3 -4 -3 -4 -4 -4  2  4 -4  2  0 -1 -2 -2 -4 -2  1    2   2   2   2   0   1   1   1   0  13  49   1   5   4   4   3   3   0   1   7  0.75 0.38
  386 T   -2 -2  0 -1  0 -3 -1 -2 -2 -2 -3 -2 -2 -3 -2  2  5 -6 -2 -3    3   2   5   4   2   1   3   3   1   2   2   2   1   1   2  18  45   0   1   2  0.85 0.52
  387 F   -1 -2 -1 -2 -2  0 -1 -3  1  0  2 -2  2  2  1  1  0  0  1  0    5   1   2   2   1   4   4   1   3   4  21   1   5   9   7  12   6   1   4   5  0.17 0.16
  388 K    0  2 -1 -1 -1  1  0 -2  0 -1 -1  3  1 -2  0  0  0 -2 -1 -1    6  12   2   2   2   7   5   3   2   3   6  22   4   2   4   6   7   1   2   3  0.21 0.17
  389 D   -1  0  1  6 -1  2  2 -4  1 -4 -4 -1 -2 -2 -5 -1 -2 -6 -3 -3    4   4   5  46   1  10  10   0   3   1   1   3   1   2   0   4   2   0   1   2  0.95 0.47
  390 L   -2 -3 -3 -6 -1 -1 -5 -6 -5  2  5 -3  3  0 -5 -3 -4 -4 -1 -1    2   1   1   0   1   3   0   0   0  10  61   2   9   4   0   1   0   0   2   2  1.00 0.47
  391 V   -2 -2 -3 -2 -1 -4 -4 -4 -2  3  3 -3  2 -1 -5 -3  1  0 -1  2    3   2   1   2   1   0   0   1   1  15  33   1   4   2   0   1   9   1   2  18  0.51 0.28
  392 S    0  0  1  0  2  1 -1 -1  1 -1 -2  0  0 -1 -3  2  0 -1  0 -1    6   5   6   6   5   8   3   4   4   3   3   7   3   2   0  22   4   1   3   3  0.15 0.14
  393 C   -2 -4 -4 -5  3 -1 -4 -5 -3  2  0 -4  5  5 -4 -4 -2  3  2  0    3   0   0   0   8   3   0   0   0  15   7   0  16  30   0   0   2   4   6   4  0.80 0.37
  394 T    3 -3 -2 -3  4 -2 -3  0 -3  0  0 -2  1 -3 -2  1  1 -4 -3  0   39   0   0   0  10   0   1   8   0   4   8   0   4   0   0  12   8   0   0   4  0.43 0.26
  395 Y   -1  0 -1 -3  0 -1 -1  0  1  0  0 -1  0  1 -3 -1 -1  5  4  0    5   4   2   0   3   3   4   7   4   5  10   3   2   5   0   3   3   9  19   7  0.22 0.14
  396 Q   -1 -2  0  3  1  6  1 -1  2 -4 -2 -2  1 -5 -4 -2 -3 -5 -4 -4    4   0   4  20   4  44   8   3   4   0   4   0   3   0   0   0   0   0   0   0  0.90 0.44
  397 L   -2  0 -4 -5  3 -3 -4 -5 -4  4  0 -3 -1 -2 -4 -2 -1 -4 -3  4    2   6   0   0   7   0   0   0   0  37   7   0   0   0   0   2   3   0   0  35  0.72 0.25
  398 A    5 -3 -3 -3  2 -3 -3 -1 -3 -3 -3 -3 -3 -4 -3  2  2 -5 -4 -1   59   0   0   0   5   0   0   2   0   0   0   0   0   0   0  13  15   0   0   4  0.88 0.32
  399 R    0  3  0  0  0  2  0 -2 -1 -2 -2  3  0 -2 -3  0  0 -1 -2  0    5  24   4   5   3   9   2   1   1   1   3  18   2   1   0   6   4   1   1   7  0.31 0.14
  400 G    0 -2 -3  0 -5 -4 -4  6 -4 -6 -6 -4 -5 -6 -5  0 -3 -6 -6 -5    8   3   0   5   0   0   0  79   0   0   0   0   0   0   0   6   0   0   0   0  1.63 0.41
  401 M   -1 -1 -1 -5  4 -3 -4  1 -4 -1  0 -4  7 -3 -5 -3 -3 -4 -4  2    3   3   3   0   9   0   0  11   0   0   6   0  51   0   0   0   0   0   0  13  1.04 0.37
  402 E    0  0  0  1  0  1  4 -2  2 -2 -2  0 -1 -3 -3  1 -1 -4 -1 -1    7   3   2   5   2   3  38   2   7   2   2   5   2   0   0   9   3   0   2   4  0.40 0.17
  403 Y   -3 -3  0 -4  4  0 -3 -5  4 -3 -3 -3 -3  3 -5  1 -3 -1  6 -4    0   0   5   0  10   5   0   0  12   0   0   0   0  14   0  10   0   0  43   0  1.11 0.36
  404 L    1  1 -3 -4 -2 -2 -3 -3 -2  2  1 -1  3  2 -3 -2 -1 -2 -1  1   14  14   0   0   0   0   0   0   0  14  14   0  14  14   0   0   0   0   0  14  0.24 0.08
  405 A    3 -3 -1  0  1 -1  2 -1  0 -2 -4 -3 -3 -2 -3  3  0  0 -2 -2   29   0   2   5   3   1  15   5   2   2   0   0   0   1   0  27   3   1   2   2  0.50 0.32
  406 S    0 -1  0  1  1  1  1 -1  0 -4 -2  0 -1 -1 -3  4  0  1 -3 -2    5   3   3   7   3   6  11   4   2   0   3   5   2   3   0  38   3   2   0   2  0.40 0.32
  407 Q   -2  2  1 -3 -5  1 -1 -2  3 -1 -1  4  3 -4 -4 -1 -1 -5 -1 -2    2  12   8   0   0   4   2   3   7   4   7  30   8   0   0   4   2   0   3   2  0.44 0.32
  408 K    0  1  1  1 -4  1  1  0  2 -2  0  1  2  1 -3  0 -1 -3 -2 -2    8   8   8   8   0   8   8   8   8   0   8   8   8   8   0   8   0   0   0   0  0.16 0.14
  409 C    0 -3 -3 -4  3 -2 -3 -3  2  1  0 -3  2  1 -3  0  0  4  2  0    8   0   0   0   8   0   0   0   8   8   8   0   8   8   0   8   8   8   8   8  0.21 0.19
  410 I    0 -4 -5 -5  3 -4 -4 -5 -4  4  1 -4  2  1 -4 -3 -2 -4 -2  3    7   0   0   0   7   0   0   0   0  37   9   0   7   7   0   0   0   0   0  25  0.67 0.24
  411 H   -4 -3 -2 -4 -7 -2 -3 -5 10 -5 -1 -3 -4 -4 -5 -4 -4 -5 -1 -5    0   0   0   0   0   0   0   0  92   0   8   0   0   0   0   0   0   0   0   0  2.86 0.56
  412 R   -3  7 -3 -4 -6 -1 -3  0 -3 -5 -5  1 -2 -6 -4 -1 -3  0 -5 -5    0  80   0   0   0   0   0   8   0   0   0   6   1   0   0   3   0   1   0   0  1.75 0.42
  413 D   -4 -4 -1  7 -6 -3  0 -4 -4 -6 -6 -3 -6  0 -5 -3 -1 -7 -5 -6    0   0   0  87   0   0   3   0   0   0   0   0   0   5   0   0   5   0   0   0  2.07 0.45
  414 L   -4 -5 -5 -6 -4 -4 -5 -6 -5  2  5 -5  1  1 -5 -3 -3 -4 -3  0    0   0   0   0   0   0   0   0   0  10  78   0   1   5   0   1   0   0   0   4  1.20 0.31
  415 A    6 -4 -3 -4 -3 -3 -3  0 -4 -4 -4 -3 -4 -5 -3  2 -2 -5 -4 -3   83   0   0   0   0   0   0   5   0   0   0   0   0   0   0  13   0   0   0   0  1.39 0.39
  416 A    5 -4 -3 -4  2 -3 -3 -2 -4 -4 -3 -3 -3 -4 -3  1  1 -5 -4 -2   74   0   0   0   5   0   0   1   0   0   1   0   0   0   0   8  10   0   0   0  1.15 0.35
  417 R   -4  7 -3 -5 -6  0 -3 -5 -3 -5 -1  0 -4 -6 -5 -3 -4 -6 -5 -5    0  92   0   0   0   2   0   0   0   0   6   0   0   0   0   0   0   0   0   0  2.17 0.49
  418 N   -4 -3  8 -1 -6 -3 -3 -3 -2 -6 -6 -3 -5 -6 -5  1 -2 -7 -5 -6    0   0  89   0   0   0   0   0   0   0   0   0   0   0   0  11   0   0   0   0  2.26 0.51
  419 V   -2 -4 -5 -5  6 -4 -5 -5 -5  4 -1 -4 -1 -3 -4 -3 -2 -4 -4  4    2   0   0   0  26   0   0   0   0  33   2   0   0   0   0   0   0   0   0  34  1.10 0.28
  420 L   -3 -4 -4 -5 -4 -3 -4 -5  2  0  5 -4  4 -1 -4 -4 -3 -3 -1 -1    0   0   0   0   0   0   0   0   6   1  73   0  14   1   0   0   0   0   1   1  1.10 0.29
  421 V   -2 -4 -5 -5 -3 -4 -4 -5 -4  2  2 -4  2 -2 -4 -3 -2 -4 -3  5    0   0   0   0   0   0   0   0   0   8  22   0   5   0   0   0   0   0   0  61  0.97 0.27
  422 T    2 -2  1  1  0 -2 -2  2 -1 -3 -3 -2 -2 -3 -3  2  3 -4 -2 -2   17   1   7   7   2   1   0  21   2   0   1   0   1   1   0  14  22   0   1   2  0.38 0.14
  423 E    1 -1  1  3 -3  1  4 -1  1 -3 -3  0 -2 -3 -1  0 -1 -4 -2 -2   11   1   5  18   1   4  33   3   4   1   1   3   1   1   2   6   3   0   1   1  0.48 0.15
  424 N   -2  1  4  3 -3  0  0  2  0 -4 -4  0 -3 -3 -2  1 -1 -4 -2 -3    1   7  27  19   1   2   4  18   2   0   0   5   1   1   1   8   2   0   1   1  0.53 0.16
  425 N   -2  2  2  1 -1  0 -1 -1  0 -2  1  2  1  0 -2 -1 -2 -3  0 -2    1  13  15   8   2   1   1   5   2   1  15  19   6   3   1   1   1   0   4   0  0.23 0.12
  426 V   -1 -2 -1 -3 -1 -2 -2 -1 -2  3  0 -2  0 -3 -3 -1  2 -4 -3  4    3   2   3   1   1   1   2   5   1  19   4   2   1   0   0   3  14   0   0  39  0.43 0.19
  427 M    1 -5 -5 -6  7 -4 -5 -5 -5  2  0 -5  2 -2 -2 -2 -2 -5 -4  4   11   0   0   0  28   0   0   0   0  10   7   0   7   1   2   1   1   0   0  34  0.93 0.30
  428 K   -3  0 -3 -4 -1 -2 -2 -5 -4 -3 -5  7 -2 -6 -4 -3 -4 -6 -3 -5    1   1   0   0   1   0   0   0   0   2   0  92   1   0   0   0   0   0   1   0  2.11 0.57
  429 I   -4 -6 -6 -7 -4 -5 -6 -7 -6  6  1 -6 -1 -3 -6 -5 -3 -5 -4  3    0   0   0   0   0   0   0   0   0  69   9   0   0   0   0   0   0   0   0  22  1.60 0.43
  430 A    4 -4 -3 -4  4 -3 -3  1 -4 -4 -4 -3 -4  0 -3  4  0 -5 -4 -3   35   0   0   0  12   0   0  12   0   0   0   0   0   5   0  33   3   0   0   0  0.85 0.32
  431 D   -5 -2  1  7 -7 -3 -1 -2 -4 -7 -7 -4 -7 -7 -5 -3 -4 -8 -7 -7    0   2   6  87   0   0   2   2   0   0   0   0   0   0   0   0   0   0   0   0  2.29 0.55
  432 F   -6 -7 -7 -8 -6 -7 -7 -8 -5  1  1 -7 -3  8 -7 -6 -6 -4  1 -4    0   0   0   0   0   0   0   0   0   7  15   0   0  75   0   0   0   0   3   0  2.33 0.67
  433 G   -4  0 -4 -5 -7 -5 -1  7 -6 -8 -8 -5 -7 -8 -6 -4 -6 -7 -8 -7    0   5   0   0   0   0   4  91   0   0   0   0   0   0   0   0   0   0   0   0  2.40 0.69
  434 L   -5 -5 -6 -7 -5 -5 -6 -7 -6  0  5 -1  5  3 -6 -3 -4 -5 -4 -3    0   0   0   0   0   0   0   0   0   3  64   5  15  11   0   2   0   0   0   0  1.38 0.49
  435 A    5 -4 -4 -5  2 -4 -4 -4 -5 -5 -5 -4 -4 -2 -4  4  2 -6 -5 -2   47   0   0   0   5   0   0   0   0   0   0   0   0   2   0  31  13   0   0   2  1.17 0.48
  436 R   -1  7 -2 -5 -2 -1 -2 -1 -1 -4 -6  1 -5 -6 -5 -4  0 -6 -5 -4    5  71   1   0   1   1   1   5   1   1   0   5   0   0   0   0   5   0   0   1  1.67 0.56
  437 D   -3 -2  1  5 -3  2  1 -2 -1 -4 -3  0 -1 -3 -1  0 -2 -5 -1 -4    1   2   5  43   1  12   8   2   1   1   3   5   1   1   3   7   1   0   2   1  0.76 0.31
  438 I   -2  0 -5 -5 -1 -4 -3 -3 -5  4  2 -3  3 -2 -4 -3 -1 -4 -4  4    3   5   0   0   1   0   1   2   0  26  15   1   7   1   0   1   2   0   0  32  0.68 0.28
  439 N    0 -1  0 -1 -2  0 -1  0  3 -2 -2 -2  3  0 -3 -2 -2 -2  6 -1    6   3   5   4   1   5   5   9   6   2   2   2   8   2   1   2   2   0  32   4  0.48 0.24
  440 N    0  0  3  1 -2  0  2 -1  0 -3 -1  1 -1 -3 -2  1  1 -4 -2 -2    8   4  18   9   1   3  13   4   3   1   6   7   1   1   1  10   8   0   2   1  0.26 0.14
  441 I    0 -2  1  2 -1  1  1 -1  0  1  0 -1  0 -2 -2  1  0 -2  0 -1    6   1   7  15   1   6  11   4   3   9   8   3   2   1   1  10   5   0   4   2  0.16 0.13
  442 D   -3 -1  2  5 -6 -1  1  0  2 -6 -2 -1 -3 -6 -1  0  0 -7 -3 -5    2   3   9  39   0   3   8   7   5   0   5   3   1   0   3   7   6   0   1   0  0.77 0.39
  443 Y   -2 -1  1 -1 -1 -1  1 -4 -1 -1 -3 -3  0 -2 -5  0 -1 -3  7  0    3   3   8   3   1   2  11   1   1   4   1   1   2   1   0   7   4   0  39   8  0.87 0.43
  444 Y   -3 -2 -1 -2  1 -5 -2 -6  2 -2 -2 -2  0  0 -6 -2 -1  1  8 -1    3   2   3   2   3   0   3   0   4   3   4   2   3   3   0   3   3   2  53   4  1.43 0.78
  445 K   -1  3 -3  0  0  1  0 -2  0  0 -2  2  0 -1 -4 -1  0  1  1  1    6  17   0   6   2   7   5   3   2   5   3  12   3   2   0   4   5   2   6  10  0.20 0.21
  446 K   -1  2 -1 -2 -1  0 -1 -1  1 -2 -2  4  0 -2 -2  0  1  0  0 -1    4  11   2   2   2   3   3   4   3   2   4  30   3   2   2   7   8   2   3   4  0.37 0.32
  447 T   -1  1  0 -1 -1  1  0  0  1 -1 -1  2 -1 -2 -1  1  2 -4 -3 -2    3   7   4   3   1   5   6   7   4   4   5  15   1   2   3  11  15   0   0   2  0.19 0.21
  448 T   -1  1  1 -2 -1 -1 -1  2 -1 -2 -4  1 -1 -2 -4  2  3 -5 -1 -2    4  10   7   2   1   2   3  14   2   3   1   8   1   2   0  16  20   0   2   2  0.34 0.30
  449 N   -1  2  2  1 -2  1  0  1  2 -3 -5  3 -2 -5 -2  0 -1 -5 -4 -2    3   9  12   8   1   7   7  13   6   1   0  16   1   0   1   6   3   0   0   4  0.38 0.31
  450 G    1 -1 -1  0 -1 -1 -2  4 -4 -4 -3  1 -1 -5 -2  2  0 -5 -5  0   11   3   2   5   2   2   2  34   0   0   2   9   2   0   2  15   5   0   0   6  0.46 0.23
  451 R   -1  3 -2 -4 -1 -1 -2 -1  3 -2  0  2  1  2  1 -2 -2  0 -1 -2    5  21   1   0   2   1   1   5   8   2   8  16   4   9   8   1   1   1   1   2  0.35 0.21
  452 L   -1 -2 -6 -7 -4 -1 -5 -6 -5  2  4 -5  2  0 -6 -5 -4 -5  0  1    6   3   0   0   0   3   0   0   0  14  54   0   6   4   0   0   0   0   3   8  0.94 0.37
  453 P    0 -6 -6 -6 -7 -6 -5 -6 -6 -7 -7 -5 -7 -6  8  1 -5 -7  2 -6    6   0   0   0   0   0   0   0   0   0   0   0   0   0  77  10   0   0   7   0  2.59 0.79
  454 V   -1 -4 -5 -5 -3 -4 -4 -5 -4  4  2 -4  1  0 -4 -3 -1  0 -1  4    4   0   0   0   0   0   0   0   0  26  16   0   2   3   0   0   1   2   2  44  0.74 0.24
  455 K   -3  4 -2 -3 -1 -1 -1 -4 -3 -5 -4  5 -1 -5  2 -3 -3 -6 -4 -4    0  30   0   0   2   0   2   0   0   0   0  55   2   0   9   0   0   0   0   0  1.29 0.37
  456 W   -1 -6 -7 -8 -6 -5 -6 -6 -5 -5  0 -6 -4 -3 -7 -6 -6 11 -1 -5    7   0   0   0   0   0   0   0   0   0   8   0   0   0   0   0   0  85   0   0  3.66 0.67
  457 M   -2 -2 -4 -6 -1 -3 -4 -5 -4 -1  1 -4  8  2 -5  0 -1 -4 -3 -1    1   2   0   0   1   0   0   0   0   1   6   0  68   8   0   7   3   0   0   2  1.53 0.46
  458 A    4 -3 -2  0  0 -2 -2  1  3 -4 -4 -2 -3 -4  3  2 -2 -5 -3 -3   52   0   0   4   2   0   0   8   8   0   0   0   0   0  12  14   0   0   0   0  0.76 0.27
  459 P   -2 -4 -5 -5  1 -4 -4 -5 -4  1 -1 -4 -1  1  7 -3 -3 -1 -1 -1    1   0   0   0   3   0   0   0   0   8   7   0   1   8  65   1   1   1   2   3  1.69 0.38
  460 E    0 -2  1 -1 -6  2  6 -2 -2 -5 -5 -2  0 -6 -4 -2 -3 -6 -5 -4    6   0   5   0   0   8  74   3   0   0   0   0   2   0   0   0   0   0   0   0  1.41 0.41
  461 A    3 -1 -1 -3  1 -2 -2  0 -2  0 -3 -2 -3 -4 -3  4  1 -5 -4 -1   28   2   1   0   3   0   0   4   1   5   0   0   0   0   0  48   5   0   0   2  0.72 0.28
  462 L   -2 -5 -6 -6 -1 -5 -6 -6 -5  4  5 -5  2  0 -5 -5 -3 -4 -1  0    4   0   0   0   1   0   0   0   0  25  58   0   4   4   0   0   0   0   2   2  1.09 0.37
  463 F   -1  0 -1 -1  3 -1 -1 -2 -1 -1  1  0  1  3 -4 -1  0  3  1 -1    4   6   3   2   9   3   5   2   2   1  14   6   4  21   0   3   5   4   4   2  0.19 0.13
  464 D   -3 -2  0  5 -3  2  2 -3  2 -4 -3 -1 -3 -2 -4  0 -2 -2  3 -5    1   2   2  41   1  13  10   1   5   0   2   2   0   1   0   6   1   0  12   0  0.84 0.33
  465 R   -1  2  2 -2 -1  2 -2  3  1 -3 -3  1 -2 -2 -4 -1 -1 -4  0  0    5  14  11   1   2  11   0  27   3   0   2   6   0   2   0   3   2   0   4   8  0.36 0.19
  466 V   -1  0 -1 -2  0 -1  0 -4 -1  2  0 -1  1  0  0 -1  0 -4  0  3    2   5   2   2   2   2   8   0   2  16   5   4   4   5   5   2   7   0   3  25  0.17 0.15
  467 Y   -3 -3  0 -4  1 -3  0 -5  2  0 -2 -3  1  4 -4 -1 -1  3  5 -1    0   0   4   0   4   0   7   0   4   4   0   0   4  22   0   4   4   4  33   4  0.71 0.27
  468 T    1 -2  2  2 -3  2  1  1 -1 -3 -3 -1 -2 -4  2  1  1 -4 -3 -3   11   0  11  11   0  11  11  11   0   0   0   0   0   0  11  11  11   0   0   0  0.40 0.11
  469 H    0 -2 -1 -3  0 -1 -1 -2  1  1  0 -2  0 -1 -1  2  3 -4  0  0    5   1   2   0   2   1   3   2   4  12   8   1   2   2   2  20  26   0   3   4  0.27 0.17
  470 Q   -1  2 -1 -1 -1  4  2 -4  0 -4 -3  3 -1 -2  1  0 -1 -4  0 -4    4   9   1   2   1  23  12   0   2   0   2  20   2   2   6   8   2   0   3   0  0.51 0.22
  471 S    1 -2  1 -1  2 -1  0  0 -2 -3 -3 -1 -2 -3 -2  4  1 -4 -3 -2    7   0   7   0   7   0   7   7   0   0   0   0   0   0   0  56   9   0   0   0  0.54 0.09
  472 D   -3 -2  3  6 -4 -1  0 -2 -2 -4 -4 -2 -4 -4 -3 -1 -2 -5 -4 -4    0   0  17  67   0   0   0   0   0   0   0   0   0   0   0   0   0   0   0   0  1.01 0.14
  473 V    0 -1 -3 -4  1 -2 -3 -4 -3  2  0 -2  1 -2  1 -2  0 -3 -3  4    4   4   0   0   4   0   0   0   0   5   0   0   4   0   9   0   5   0   0  63  0.48 0.12
  474 W   -3 -3 -4 -5 -4  0 -3 -4 -3 -3 -3 -4 -2  1 -4 -4 -4 11  2 -3    1   0   0   0   0   5   0   1   0   0   1   0   0   5   0   1   0  77   5   1  2.52 0.25
  475 S    2 -1  0 -1 -2 -1 -1 -1 -2 -2 -2 -1  0 -3 -1  4  2 -3 -2 -2   12   1   1   1   0   0   1   1   0   1   1   1   3   0   1  64  11   0   0   1  0.59 0.11
  476 F   -2 -3  0 -3 -3 -2 -3 -3 -1 -1  0 -3  0  6 -3 -2 -2  2  4 -2    1   1   7   1   0   0   1   1   0   1   3   1   3  53   1   1   1   2  22   1  0.71 0.11
  477 G    0 -2 -1 -1 -3 -2  0  5 -2 -4 -4 -2 -3 -3 -2  0 -2  1 -3 -3    4   1   1   1   0   0   8  74   0   1   1   1   0   0   1   3   1   3   0   1  0.97 0.11
  478 V   -2 -2 -4 -5 -3 -3 -4 -5 -4  4  0  0  0 -2 -4 -3 -2 -4 -3  5    0   2   0   0   0   0   0   0   0  26   0   6   2   0   0   0   0   0   0  64  0.87 0.23
  479 L   -2 -4 -4 -5  1 -3 -4 -5 -4  1  4 -4  1  0 -4 -3  0 -3 -2  3    1   0   0   0   4   0   0   0   0   3  50   0   1   3   0   0   5   0   1  32  0.62 0.17
  480 M   -2 -4 -5 -5  1 -3 -4 -5 -4  2  5 -4  4 -1 -4 -3 -2 -3 -3  0    1   0   0   0   3   1   0   0   0  10  70   0  12   1   0   1   1   0   0   1  0.86 0.21
  481 W   -5 -5 -6 -7 -1 -4 -6 -4 -4 -5 -4 -6 -3  2 -7 -5 -5 11  2 -5    0   0   0   0   1   0   0   1   0   0   0   0   0   9   0   0   0  83   5   0  3.33 0.46
  482 E   -2 -2 -2  0 -5  0  6 -4  3 -4 -4 -1 -3 -4 -3 -2 -2 -5 -3 -4    0   0   0   0   0   0  86   0   8   0   1   0   0   0   0   0   0   0   0   0  1.51 0.30
  483 I   -2 -4 -4 -5 -1 -4 -4 -5 -4  5  2 -4  3  0 -4 -3 -1 -4 -3  2    1   0   0   0   1   0   0   0   0  63  13   0   8   2   0   0   3   0   0   9  0.83 0.21
  484 F    1 -3 -3 -3 -1 -2 -2 -2 -2  0  0 -2  2  4 -3  0  0  0  1  1   12   0   0   0   2   0   2   1   0   5   7   0   7  34   0   9   3   1   3  12  0.30 0.10
  485 T    0 -2 -1 -2  0 -2 -2  0 -2 -3 -3 -2  0 -4 -3  3  5 -5 -3 -2    2   1   1   0   2   0   1   8   1   0   1   0   2   0   0  22  60   0   0   0  0.85 0.24
  486 L   -3 -3 -4 -5 -2 -3 -4 -4 -1  0  4 -4  2  2 -4 -4 -2 -2  2  0    0   1   0   0   1   1   0   1   1   1  70   0   4  11   0   0   1   0   8   1  0.77 0.20
  487 G    1 -4 -2 -3 -4 -3 -3  6 -4 -5 -5 -3 -4 -5 -4 -1 -3 -5 -5 -4   13   0   0   0   0   0   0  83   0   0   0   0   0   0   0   2   0   0   0   0  1.51 0.25
  488 G    1  0  1 -1  1  1  0  3 -2 -3 -2  1 -1 -3 -3  1 -2 -4 -1 -2   13   3   8   2   3   6   7  27   0   1   4   9   1   0   0  11   0   0   3   3  0.31 0.17
  489 S   -1 -2  2 -2 -3  4 -1 -3 -1 -2 -2 -1  1  0 -3  3  3 -5 -3 -2    3   1  11   1   1  22   2   0   1   2   4   2   4   4   1  22  18   0   0   2  0.53 0.29
  490 P   -5 -6 -6  0 -8 -6 -5 -7 -6 -7 -4 -5 -7 -8  8 -5 -6 -9 -8 -7    0   0   0   6   0   0   0   0   0   0   2   0   0   0  92   0   0   0   0   0  3.22 0.85
  491 Y   -5 -6 -6 -7 -7 -2 -6 -8 -1 -6 -5 -6 -5  1 -7 -1 -6  3  9 -6    1   0   0   0   0   2   0   0   1   0   1   0   0   3   0   6   0   4  83   0  2.84 0.77
  492 P   -1 -2 -4 -2 -3  3 -3 -3 -2 -5 -5 -3 -4 -1  7 -2 -3  4  1 -5    4   1   1   2   1  13   1   2   1   0   0   1   0   3  57   2   1   6   5   0  1.63 0.52
  493 G    0 -2  0 -1 -2 -1  0  6 -2 -6 -4 -3 -4 -3 -5  0 -1 -6 -5 -5    5   2   3   2   1   2   6  64   1   0   2   1   0   1   0   5   4   0   0   0  1.17 0.39
  494 I   -4 -1 -4 -6 -1 -3 -4 -6 -2  4  2 -2  4 -1 -5 -4 -2 -1 -1  2    0   4   0   0   1   1   0   0   1  30  21   2  15   2   0   0   2   1   3  17  0.78 0.30
  495 P    0 -2  0  0 -3  1  0 -1 -1 -3 -4 -1 -3 -4  5  3  1 -6 -5 -3    6   1   4   4   1   5   4   4   1   1   1   4   0   1  27  26   8   0   0   2  0.67 0.28
  496 V    0 -4  5 -2 -1 -2 -3 -2  0  0 -2 -3  0 -3  0 -1  0  0 -3  3    9   0  32   1   1   1   1   2   2   5   3   0   2   1   4   3   6   1   0  26  0.55 0.28
  497 E   -1  0  1  2 -3  1  3  0  2 -3 -3  0 -1 -2 -1  0 -1 -2 -2 -2    5   5   7  12   0   7  27   8   5   1   1   5   2   1   2   5   3   1   1   2  0.36 0.18
  498 E   -3  0  1  2 -4  3  5 -3 -2 -5 -5  1 -3 -6 -4  1 -2 -6 -4 -3    1   3   6  11   0  15  39   2   1   0   0   9   0   0   0   9   2   0   0   1  0.86 0.35
  499 L   -2 -4 -4 -4 -2 -3 -4 -1 -4  1  3 -4  2  2 -5 -3 -2 -4 -3  4    2   0   0   1   1   1   1   6   0   5  29   1   4   8   0   1   1   0   0  37  0.66 0.28
  500 F   -2 -2 -5 -4 -2 -3 -4 -1 -2  2  2 -4  3  4 -2 -3 -3 -2  3  0    2   2   0   1   1   0   0   6   0  12  25   0   7  20   2   1   1   0  12   6  0.54 0.24
  501 K   -2  2  1  1 -3  2  2 -1  1 -4 -4  3 -3 -4 -1  1 -1 -5 -2 -4    2   9   7   8   1   9  14   3   4   1   1  23   0   0   2  11   2   0   1   0  0.46 0.22
  502 L   -2  1 -3 -4  1 -1 -2 -4  2  0  2  0  2  2 -4 -2 -2  0  3 -1    3   8   1   0   3   2   2   1   5   6  25   7   6  11   0   2   1   1  14   2  0.38 0.21
  503 L   -3 -5 -5 -6 -4 -5 -5 -6 -2  3  4 -4 -1 -3 -5 -5 -3 -5 -3  4    1   0   0   0   0   0   0   0   1  18  48   1   1   0   0   0   1   0   1  26  1.15 0.41
  504 K   -2  3 -2 -2 -3  2  0 -2 -2  0 -2  4  1 -4 -2 -1  0 -5 -4 -2    3  15   1   2   1   7   5   4   1   7   3  33   3   0   2   4   6   0   0   3  0.50 0.26
  505 E    0  1  2  2 -3  2  2 -1  0 -4 -4  0 -3 -5 -4  2  0 -6 -4 -3    6   8  10  13   1  10  17   3   2   1   1   4   1   0   0  15   6   0   0   1  0.46 0.24
  506 G   -4 -1 -2 -4 -5 -6 -5  7 -4 -7 -7 -4 -7 -5 -6 -3 -5 -7 -7 -7    0   3   1   0   0   0   1  89   0   0   0   1   0   1   0   1   0   0   0   0  2.37 0.72
  507 H   -3  1  1 -3 -4 -1 -2  2  5 -3 -4 -1 -2  0 -5 -3 -2 -3  6 -3    1   7   6   1   0   3   2  15  15   1   1   4   1   4   0   1   3   0  35   1  0.98 0.40
  508 R   -5  7 -4 -5 -3 -1 -4 -5 -1 -2 -2  0 -3 -4 -4 -3 -1 -4 -2  0    0  71   0   0   1   2   0   1   2   3   3   3   1   0   1   2   4   0   1   6  1.72 0.61
  509 M   -5 -6 -2 -7 -6 -5 -6 -7 -6 -1  4 -6  9 -4 -4 -6 -5 -6 -5 -3    0   0   2   0   0   0   0   0   0   1  38   0  55   0   1   0   0   0   0   1  2.26 0.74
  510 D   -1 -1 -2  3 -3  0  5 -3 -2 -4 -4 -1 -3 -2  2 -1 -1 -6 -3 -4    5   4   1  14   1   4  41   2   1   1   1   3   0   2  12   5   3   0   1   1  0.79 0.35
  511 K   -1  4 -3 -4  4  3 -2 -3 -4 -1 -4  5 -1 -6  0 -1 -3 -2 -4 -4    4  20   0   0   8  12   1   2   0   4   1  35   2   0   5   4   1   1   0   1  0.88 0.39
  512 P   -5 -7 -7 -7 -8 -6 -6 -7 -7 -8 -6 -6 -7 -8  8 -5 -4 -9 -8 -5    0   0   0   0   0   0   0   0   0   0   1   0   0   0  96   1   1   0   0   1  3.51 1.02
  513 T    0  1  0  2 -5  1  3 -2  0 -1 -2  1 -2 -4  2  0 -1 -5 -2 -2    6  10   3  13   0   6  21   3   2   3   3   8   1   0   9   6   3   0   1   2  0.35 0.19
  514 N   -3 -3  5  0  0  0 -1  1  5 -4 -3 -2 -1 -1 -5 -1 -2 -3  2 -3    2   1  32   4   2   3   3  10  16   1   3   2   1   3   0   3   2   0   9   2  0.76 0.35
  515 C    2 -7 -7 -7 10 -7 -7 -6 -7 -3 -5 -7 -6 -7 -7 -1 -2 -7 -7 -1   15   0   0   0  73   0   0   0   0   1   1   0   0   0   0   4   2   0   0   4  2.95 0.82
  516 T   -3 -2 -1 -1 -3 -4 -4 -3 -2 -5 -5 -1 -4 -5  6  3  2 -7 -6 -5    1   3   2   4   1   1   1   1   1   0   1   3   0   0  44  25  10   0   0   1  1.35 0.55
  517 N   -1  0  0  3  1  1  1 -1  1 -1 -2 -1  0 -1  1  0 -1  2 -1 -2    6   4   5  16   3   7   9   4   3   3   4   4   3   3   7   7   4   3   3   3  0.17 0.16
  518 E   -2  0  1  1  1  1  4 -2  1 -2 -3 -1  0 -1  0 -1 -2  2  0 -2    4   4   6   7   3   6  27   3   3   3   3   4   3   3   6   5   3   3   3   3  0.38 0.31
  519 L   -2 -7 -8 -8 -7 -1 -7 -8 -7  3  3 -7  4  1 -8 -7 -1  3  0  3    4   0   0   0   0   3   0   0   0  17  28   0  10   5   0   0   4   4   3  20  1.08 0.48
  520 Y    0  1  1  1  2  1  0  0  2 -3 -3  0 -2  1 -3  0  0  4  1 -3    7   7   7   7   6   7   7   7   6   0   1   7   0   6   0   7   7   6   6   0  0.20 0.16
  521 M   -1  0  0  2  1  0  2  0  1 -1 -2  0  0  0  0  0  0 -4  0 -1    5   5   5  14   3   4  13   6   3   3   4   4   3   6   4   8   4   0   3   4  0.12 0.11
  522 M   -3 -6 -6 -7 -2 -3 -6 -7 -6  4  4 -4  3  1 -6 -4 -2 -5 -4  1    2   0   0   0   1   1   0   0   0  28  41   1   8   4   0   1   2   0   0  10  1.03 0.41
  523 M   -3 -7 -7 -8 -7 -5 -7 -8 -7  0  1 -3 10 -5 -7 -6 -3 -6 -6 -2    2   0   0   0   0   0   0   0   0   4   9   2  80   0   0   0   2   0   0   2  3.00 0.97
  524 R   -2  3  0 -4 -1  1 -2 -4 -1 -1  2  2  1 -2 -4  0  0 -1 -1  0    2  20   5   0   2   8   2   1   1   2  21  11   4   1   0   7   6   1   2   7  0.31 0.21
  525 D    1  1 -1  1 -2  2  2 -2  0 -3 -2  1  1 -3 -4  2 -1  2 -1 -3   10   8   2   7   1   9  12   3   2   1   5   8   3   1   0  20   2   4   2   1  0.29 0.20
  526 C   -2 -9 -8 -9 11 -8 -9 -8 -9 -6 -7 -8 -7 -8 -8 -2 -1 -8 -8 -6    3   0   0   0  91   0   0   0   0   0   0   0   0   0   0   3   4   0   0   0  4.03 1.08
  527 W   -8 -9 -9-10 -9 -8 -9 -9 -8 -8 -3 -9 -7 -5-10 -9 -2 12 -3 -8    0   0   0   0   0   0   0   0   0   0   3   0   0   0   0   0   3  91   0   0  4.81 1.31
  528 H    0  1  2  0  0  3  1 -3  5 -3 -3  1 -1 -5 -4  2 -1 -5 -2 -4    9   8   9   4   2  15   7   1  15   1   2   6   1   0   0  16   2   0   1   1  0.51 0.29
  529 A    0  0 -1  0 -4  1  2 -2  2 -2 -1  0 -1  3  0 -1 -1  0  2 -1    9   5   2   6   0   5  15   2   6   2   7   4   1  15   4   4   4   1   6   3  0.18 0.14
  530 V   -2  0  3  4 -2  2  2 -4 -1 -2 -2  1 -2 -4 -3  0 -2 -6 -3 -1    2   5  14  24   1   8  13   1   1   3   4   7   1   1   1   5   2   0   1   6  0.49 0.28
  531 P    1 -3 -5 -3 -3 -1 -4 -7 -2 -4 -6 -4  0 -4  7 -1 -4 -3 -3 -4   10   2   1   2   1   3   1   0   1   1   1   1   3   1  66   5   1   1   1   1  1.93 0.79
  532 S   -1  0  1  1 -3  0  2 -2  1 -3 -3  3 -1 -3 -3  1  1  1  0 -3    5   5   7   8   1   4  16   2   3   1   2  18   1   1   1  13   8   2   3   2  0.34 0.23
  533 Q    0  1  0  3 -1  2  3 -4  0 -3 -1  2  1 -4 -5 -1 -2 -6 -3 -4    7   9   4  17   2   9  18   1   2   1   7  13   4   1   0   4   1   0   1   1  0.46 0.28
  534 R   -7  8 -6 -8-10 -5 -6 -2 -6 -9 -9 -4 -8 -9 -8 -7 -7 -9 -8 -9    0  97   0   0   0   0   0   3   0   0   0   0   0   0   0   0   0   0   0   0  3.39 1.17
  535 P   -5 -8 -8 -8 -3 -5 -7 -9 -3 -5 -5 -4 -2 -5  8 -4 -4-10 -9 -8    1   0   0   0   1   1   0   0   1   1   1   1   1   1  91   1   1   0   0   0  3.23 1.14
  536 T   -2  0  2  0 -2 -1 -3 -4 -1 -5 -3 -1 -2 -5 -1  3  5 -3 -6 -3    2   6   9   6   1   2   1   1   1   0   2   3   1   0   3  26  34   0   0   1  0.83 0.47
  537 F   -2 -9 -9 -9 -8 -9 -9 -9 -7  0 -5 -9  0  9 -9 -8 -4 -1 -1 -4    4   0   0   0   0   0   0   0   0   6   0   0   2  84   0   0   1   1   1   1  3.00 0.99
  538 K    0  1  0 -1 -1  0 -1 -1  1 -2 -2  3 -2 -3 -1  2  1 -3 -3 -1    8   6   3   3   1   3   3   4   4   2   4  17   1   1   2  19  11   0   0   5  0.25 0.20
  539 Q   -2 -2  0  2 -4  3  5 -4  1 -4 -5  0 -2 -3 -5 -1  0 -3  0 -3    3   1   4  13   0  12  36   1   3   1   1   4   1   1   0   5   7   0   4   2  0.78 0.42
  540 L   -6 -5 -8 -8  2 -7 -7 -8 -7  5  4 -7  0 -3 -7 -5 -4 -2 -6  0    0   1   0   0   4   0   0   0   0  38  48   0   1   1   0   1   1   1   0   4  1.61 0.62
  541 V    0  1 -2 -5  2 -2 -2 -4  2  2  0 -1 -1 -2 -5 -1  0 -1 -1  4    7   7   1   0   4   2   3   1   6  12   8   4   1   1   0   5   4   1   2  32  0.41 0.25
  542 E   -1  0  0  2 -3  2  4 -2  1 -4 -3  1 -2 -6 -4  0  0 -4 -4 -3    6   5   4  10   1   8  34   3   3   0   3   9   1   0   0   6   6   0   0   1  0.60 0.34
  543 D   -1  3  0  1  0  1  1 -3  1  0 -1  1  0  1 -4  1  0 -4 -1 -2    3  16   3   7   2   6   8   1   4   5   5  10   3   6   0  10   6   0   2   2  0.21 0.16
  544 L   -6 -7 -8 -8 -3 -6 -7 -8 -7  2  6 -7  1  2 -7 -7 -3  1 -5 -2    0   0   0   0   1   0   0   0   0  12  71   0   3   7   0   0   2   2   0   2  1.66 0.65
  545 D   -1 -1  0  4 -4  0  4  2 -2 -3 -4 -1 -2 -6 -5 -1 -1 -6 -3 -4    6   2   5  23   0   4  27  15   1   1   2   4   1   0   0   5   3   0   1   1  0.67 0.35
  546 R   -1  3  2  2 -1  2  1 -2  0 -4 -4  2 -3 -4 -3  0  0  0 -1 -3    6  18  10  13   1   8   8   3   2   1   1  13   0   1   1   6   5   1   2   1  0.42 0.25
  547 I   -3 -3 -3 -4  1  0 -3 -7 -3  3  3 -4  5  2 -6 -5 -3 -3 -2  0    1   1   1   1   3   5   1   0   0  19  33   1  18   7   0   0   1   0   1   5  0.89 0.42
  548 L   -3 -3 -3 -5 -3 -4 -4 -5 -3  1  5 -1  2 -1 -1 -3 -4 -3 -3  0    2   1   1   1   1   0   1   1   1   8  62   4   5   2   4   2   0   0   1   4  1.02 0.44
  549 T    0  0  0  0 -2  2  2 -2  0 -2 -2 -1  0 -3 -2  1  2 -4 -1 -2    7   3   4   5   1  11  17   3   2   2   3   3   3   1   2  13  15   0   2   2  0.29 0.20
  550 L    1 -1  0  1 -1  0  1 -2  0  0  1  0  2 -2 -1  0 -1 -1 -3  0   11   2   4  10   2   4  12   3   2   3  19   4   6   1   3   6   2   1   0   7  0.12 0.12
  551 T    0 -1  2 -1  0 -1  1 -1  0 -1 -1 -2 -2 -3 -1  2  3 -5 -1 -1    9   3   9   2   2   2  10   4   3   3   6   1   1   1   3  17  19   0   2   4  0.25 0.21
  552 T    0 -1  1  0  1  0  0 -2 -2 -2 -2 -1  0 -1 -3  1  3 -5 -1  1    8   2   7   5   4   3   6   2   1   1   3   3   3   2   1  12  21   0   2  13  0.23 0.20
  553 N   -1  0  4  3 -3  2  1  0  0 -3 -3  1 -3 -2 -2  1 -2 -3 -3 -3    4   4  20  14   0   8  10   7   2   1   2   9   0   1   2   9   2   0   1   1  0.43 0.26
  554 E    0  0  1  1 -5  3  3 -3  1 -3 -3  0 -1 -4  0  0 -1 -4  2 -2    6   5   6   6   0  15  20   2   3   1   1   6   2   0   5   7   3   0   8   2  0.37 0.24
  555 E   -2 -1 -1  3 -6  0  4 -2  3 -1 -2  0 -1 -4 -3 -2 -2 -5  0 -1    3   3   2  20   0   3  29   3   9   4   4   5   2   1   1   2   2   0   4   5  0.57 0.32
  556 Y   -6 -5 -1 -7 -8 -2 -4 -2  0 -2 -5 -3 -6  0 -3 -4 -5 -3  9 -1    0   0   3   0   0   2   1   4   2   2   1   2   0   3   2   1   0   0  72   4  2.35 0.88
  557 L   -3 -3 -6 -5 -5 -1 -4 -5 -4  3  5 -1  2 -1 -4 -2 -3 -2 -2  1    1   2   0   1   0   2   1   1   0  14  52   3   4   2   1   3   1   1   1  10  0.88 0.42
  558 D   -3 -4  4  6 -7  0  2 -5 -2 -6 -5 -4 -4 -7 -3  0 -1 -8 -2 -6    2   1  17  49   0   3  13   0   1   0   1   0   0   0   1   5   3   0   2   0  1.35 0.60
  559 L   -5 -6 -6 -4 -4 -3 -4 -5 -6  1  5 -4  3  1 -3 -1 -2 -5 -2  1    0   0   0   1   0   1   1   1   0   8  57   1   7   6   1   4   3   0   1   8  1.01 0.47
  560 T    0 -2  4  1 -1  1  0  0 -3 -1 -3 -1 -2 -3 -1  2  1 -5 -3 -2    6   1  21   8   2   5   6   6   0   4   2   4   1   1   3  18   9   0   1   3  0.34 0.23
  561 Q    0  0  2  1 -2  3  2 -2  0 -1  0  0  0 -2 -3  0 -1 -4 -3  0    8   4   9   6   1  18  14   2   2   3   8   4   2   2   1   5   4   0   1   7  0.24 0.19
  562 P   -1 -1 -1  0 -6  0  0 -2  0 -1 -4 -4 -2 -3  6  1  0 -6  0 -2    4   3   3   5   0   4   5   3   2   3   1   0   1   1  44  10   6   0   3   2  0.96 0.44
  563 L   -1 -1 -2 -2  0  0 -1 -3  0  0  2 -1  1  2 -2 -1  1 -3  2  0    5   2   2   2   2   4   4   1   2   4  26   3   5  10   2   2   9   0   8   7  0.18 0.14
  564 E   -1 -2  1  2 -5  1  4 -3  0 -4 -2  0  0 -4  0  0 -1 -5 -2 -1    6   1   8  12   0   6  31   1   2   0   5   6   3   0   4   6   3   0   2   4  0.46 0.27
  565 Q   -1  0  0  0 -2  4  3 -2 -1 -3 -3  0 -3 -2 -1  1  0 -4  2 -2    5   3   3   5   1  21  19   3   1   1   2   5   0   1   2  12   4   0   7   2  0.41 0.26
  566 Y   -1 -2  0  1  0  0  0 -4  1 -2  0 -3 -1  2 -4  0  1 -2  5 -3    4   2   4   9   2   3   5   0   3   1   9   0   1   9   0   5  11   0  29   1  0.53 0.29
  567 S   -1 -2  3 -1 -4  0  0 -1  2 -2 -2 -1 -1 -1  2  3  0 -5 -1 -3    3   1  17   2   0   5   7   3   5   2   4   2   2   3  11  28   3   0   2   1  0.44 0.28
  568 P    0 -2  0  0 -5 -1 -1 -2  1  0 -1 -1 -2 -4  5  1 -1 -5 -3  0    7   1   5   5   0   2   4   3   3   6   5   3   1   0  35  10   3   0   1   6  0.65 0.30
  569 S    1 -2  2 -1  0  1 -1 -1 -1 -1 -1 -1 -1 -4 -1  3  0 -5 -2 -1   13   1   9   3   2   6   3   5   1   2   8   2   2   0   2  31   3   0   2   5  0.30 0.22
  570 Y   -1 -2  0 -2 -1 -1 -1 -1  0 -1  0 -2 -2  2 -1  1  1 -2  5  0    3   2   4   2   1   2   3   4   1   2  12   2   0  11   2  10   8   0  23   6  0.29 0.20
  571 P   -2 -3  1  1 -1  1  0  0  0 -3 -2 -3  0 -1  5  0  0 -5 -3 -2    2   0   6   7   1   6   6   7   2   1   4   0   3   2  33   9   6   0   1   4  0.60 0.28
  572 D   -1  0  1  6 -5 -1  2 -2 -3 -5 -3  1 -1 -5 -3  0 -1 -6 -5 -3    4   4   4  46   0   2  14   2   0   0   2   8   2   0   1   6   3   0   0   2  0.88 0.38
  573 T    0  1  0  0  0  2  0  0 -2 -3 -2  1 -1 -2  0  1  3 -4 -3 -2    4   7   4   6   2  11   5   7   0   0   4   6   1   2   3  11  24   0   0   2  0.27 0.18
  574 R   -2  4  0  1 -4  1  0 -2  0 -2  0  1 -2  0  2  0 -1 -4 -3 -3    2  26   4  10   0   5   4   2   2   2   9   8   0   6   9   7   2   0   0   0  0.33 0.19
  575 S   -1  1 -2  1 -4 -1  0 -1 -1 -4 -3 -1 -4 -5  1  5  0 -5 -4 -3    3   8   0   8   0   2   5   3   1   0   2   3   0   0   8  51   3   0   0   2  0.72 0.37
  576 S   -1  1  0  1  0 -1  0 -2 -1 -1 -2  0 -3 -1  0  4  2 -4 -1 -2    1   7   4   7   2   2   4   1   1   3   2   5   0   2   5  36  13   0   3   2  0.36 0.24
  577 C   -1 -2  0  1  7 -3 -1 -2 -1 -2  1 -3 -2  0  0  0  0 -5 -3 -1    2   2   4  10  32   0   3   3   2   0  14   0   0   4   4   8   6   0   0   5  0.57 0.27
  578 S    0  0  1  0  0 -2  1 -2 -3 -4 -3 -2 -3 -4 -2  4  0 -5 -1 -1    6   4   8   5   3   0  11   1   0   0   2   1   0   0   1  47   4   0   2   6  0.59 0.33
  579 S   -2 -1  2  1 -4 -2  0  0  0 -4 -2 -1 -3 -5 -1  4  2 -6 -4 -4    0   3   9   8   0   0   6   8   2   0   5   1   0   0   2  40  16   0   0   0  0.60 0.32
  580 G   -1  0  2  0 -4 -1  0  4 -2 -3 -1 -1  1 -4 -2  1 -1 -4 -2 -2    2   4   9   5   0   2   6  35   0   0   5   2   5   0   2  15   2   0   2   3  0.40 0.19
  581 D   -3 -2  3  5  0 -2  3 -3  0 -5 -5 -2 -4 -1 -1  1 -2 -6 -4 -3    0   2  15  42   3   0  18   0   3   0   0   0   0   3   3   9   0   0   0   2  0.92 0.33
  582 D   -3 -2  0  5 -5  2  3 -3 -2 -1 -3 -1 -3 -5 -1  1 -1 -5 -4 -3    0   0   3  41   0  10  20   0   0   6   2   2   0   0   2  10   2   0   0   0  0.83 0.30
  583 S    0 -2  2 -1 -3  0 -1  1  0 -3 -1  1 -3 -3 -3  4  0 -4 -1 -2    6   0   9   2   0   3   2  10   3   0   6   8   0   0   0  41   5   0   2   3  0.42 0.23
  584 V   -1  0 -1 -2 -3 -3 -1 -4 -3  2  2 -3  1 -2 -4 -2  0 -4  0  4    2   5   3   2   0   0   3   0   0   8  20   0   4   0   0   2   5   0   3  42  0.40 0.20
  585 F   -2 -1  0 -3 -3  0 -1 -1 -2  0  2 -2  0  5 -1 -1 -1 -2  1 -1    1   4   7   0   0   4   4   4   0   4  22   0   2  33   3   3   3   0   4   0  0.32 0.15
  586 S    1 -2  0 -2 -3 -1  0  0  1 -3 -2  0 -3 -4  0  4  2 -5 -3 -3   12   0   3   0   0   0   5   4   4   0   4   4   0   0   3  50  10   0   0   0  0.58 0.23
  587 P   -1 -3 -2  0  2 -2 -2  0  5 -4 -3 -2  1 -4  5  0  0 -4 -2 -3    3   0   0   5   5   0   0   8  20   0   0   0   4   0  39   5   8   0   0   0  0.97 0.25
  588 D    0 -2  2  5 -3  0  0  0 -2 -3 -4 -1 -3 -4 -2  0  1 -4 -3 -3    6   0  12  43   0   5   3   7   0   0   1   1   0   0   1   5  13   0   0   1  0.66 0.18
  589 P    0 -2 -2 -2 -3 -2  0 -1  1 -2 -1  0 -2 -3  6 -1  1 -4  0 -1    5   0   0   0   0   0   8   5   3   0   8   5   0   0  40   0  12   0   5   6  0.77 0.18
  590 M   -2 -3  0 -4 -3 -3 -3  0  1  1  3 -3  2 -1 -4 -1  0 -3 -2  1    0   0   5   0   0   0   0  10   4   7  50   0   7   0   0   3   5   0   0   8  0.39 0.15
  591 P    0 -3 -3 -3 -4  2  0  2 -3 -1 -3 -2 -3 -4  6 -1 -2 -5 -4 -1    5   0   0   0   0  15   4  17   0   6   0   0   0   0  48   1   0   0   0   4  1.14 0.22
  592 Y    0 -2 -1  1 -4 -1  1 -3  4 -3 -2  0 -2  1  0 -1 -1 -1  5 -3    8   0   1  12   0   0  10   0  13   0   3   7   0   5   5   0   2   0  33   0  0.47 0.13
  593 E    0 -2 -2  1 -4  0  5 -3 -1 -3 -3 -1 -3 -2 -2 -1  0 -3  3 -1    5   0   0   3   0   0  62   0   0   0   1   0   0   0   0   2   6   0  12   5  0.80 0.20
  594 P   -2 -2  1 -2 -4 -2  0  0 -2 -3 -3  0 -3  1  6 -2 -2 -4 -3 -1    0   0   9   0   0   0   8   8   0   0   0   7   0   8  53   0   0   0   0   6  1.16 0.16
  595 C    1 -3  0 -4  8 -3 -4 -3  2  0 -2 -3  2 -3 -4 -2 -2 -4 -3 -2   14   0   7   0  58   0   0   0   9   6   0   0   8   0   0   0   0   0   0   0  1.04 0.19
  596 L    0 -2 -3 -3 -2 -2  0 -3 -3  2  3 -2  1 -1 -2  0 -1 -3 -2  2    9   0   0   0   0   0   7   1   0  10  44   0   0   0   0   9   0   0   0  17  0.27 0.06
  597 P   -2 -2 -3 -3 -4  0 -2 -3 -3 -3 -2 -2 -3 -1  7 -2 -2 -4 -3 -3    1   0   0   0   0   7   0   1   0   0   4   0   0   3  81   1   0   0   0   0  2.11 0.19
  598 Q   -1  3 -1 -1 -4  3  1 -1  2 -3 -3  3 -2 -3  0 -1 -1 -3 -2 -3    1  25   1   1   0  16  10   4   8   1   1  26   0   0   4   1   1   0   0   1  0.51 0.06
  599 Y   -2 -2 -2 -3 -1 -1 -2  0  5 -2 -2 -2 -2  2 -4 -2 -2  0  6  0    0   0   0   0   2   3   0   7  27   0   0   0   0   7   0   0   0   0  45  10  0.78 0.12
  600 P   -1 -1 -1  1 -3  2 -1  0  1 -3 -3 -1 -2 -3  5  0  1 -4 -3 -2    1   0   0  11   0  15   1  10   4   0   1   1   0   0  40   3  12   0   0   1  0.83 0.08
  601 H   -1 -1  0  0 -4  1  1 -3  6 -3 -3 -1 -2 -1  0 -1 -2 -1  4 -3    4   1   4   4   0   5  11   1  43   1   1   1   0   0   3   1   1   0  19   1  0.67 0.09
  602 I    0 -3 -3 -4 -2 -2 -3 -4 -3  2  1 -3  4 -1 -3 -1  0 -3 -1  3    3   0   0   0   0   0   0   0   0  11   3   0  26   0   0   6   3   0   2  45  0.43 0.09
  603 N   -3 -1  6  2 -4  0 -1 -2  2 -5 -5 -1 -3 -4 -3  0 -1 -5 -3 -4    0   0  82  11   0   2   0   0   5   0   0   0   0   0   0   0   0   0   0   0  1.23 0.14
  604 G    0 -3 -1 -2 -4 -3 -3  6 -3 -5 -5 -2 -4 -4 -3  0 -2 -4 -4 -4    4   0   0   0   0   0   0  90   0   0   0   0   0   0   0   6   0   0   0   0  1.31 0.08
  605 S    0  0  1 -2 -3 -1 -2  3  3 -2 -3 -1 -2 -3 -2  2  0 -4 -2  0    3   6   4   0   0   0   0  35  14   0   0   0   0   0   0  22   3   0   0  13  0.36 0.03
  606 V   -2  2 -3 -4 -2 -2 -3 -4 -3  3  2 -1  1 -1 -3 -2 -1 -3 -2  2    0  18   0   0   0   0   0   0   0  33  26   0   0   0   0   0   0   0   0  23  0.35 0.03
  607 K   -1  3  0 -1 -4  1  0 -2 -1 -4 -3  5 -2 -4 -2 -1 -1 -4 -3 -3    0   7   0   0   0   0   0   0   0   0   0  93   0   0   0   0   0   0   0   0  0.91 0.04
  608 T   -1 -1  3  0 -2 -1 -1 -2 -1 -2 -2 -1 -1 -3 -2  1  5 -4 -2 -1    0   0  28   0   0   0   0   0   0   0   0   0   0   0   0   0  72   0   0   0  0.63 0.01

                      K         Lambda
Standard Ungapped    0.1768     0.3428
Standard Gapped      0.1100     0.3190
PSI Ungapped         0.1768     0.3428
PSI Gapped           0.1100     0.3190
