
Last position-specific scoring matrix computed, weighted observed percentages rounded down, information per position, and relative weight of gapless real matches to pseudocounts
           A  R  N  D  C  Q  E  G  H  I  L  K  M  F  P  S  T  W  Y  V   A   R   N   D   C   Q   E   G   H   I   L   K   M   F   P   S   T   W   Y   V
    1 M   -1 -2 -3 -4 -2  0 -2 -4 -2  1  2 -2  6  0 -3 -2 -1 -2 -2  1    0   0   0   0   0   0   0   0   0   0   0   0   0   0   0   0   0   0   0   0  0.00     0.00
    2 H   -2  0  0 -1 -4  1  0 -3  8 -4 -3 -1 -2 -2 -2 -1 -2 -3  2 -4    0   0   0   0   0   0   0   0   0   0   0   0   0   0   0   0   0   0   0   0  0.00     0.00
    3 I   -2 -3 -4 -4 -2 -3 -4 -5 -4  5  1 -3  1  0 -4 -3 -1 -3 -2  3    0   0   0   0   0   0   0   0   0   0   0   0   0   0   0   0   0   0   0   0  0.00     0.00
    4 C   -1 -4 -3 -4  9 -3 -5 -4 -4 -2 -2 -4 -2 -3 -4 -2 -1 -3 -3 -1    0   0   0   0   0   0   0   0   0   0   0   0   0   0   0   0   0   0   0   0  0.00     0.00
    5 I   -2 -3 -4 -4 -2 -3 -4 -5 -4  5  1 -3  1  0 -4 -3 -1 -3 -2  3    0   0   0   0   0   0   0   0   0   0   0   0   0   0   0   0   0   0   0   0  0.00     0.00
    6 Y   -2 -2 -3 -4 -3 -2 -3 -4  2 -2 -2 -3 -2  3 -4 -2 -2  2  7 -2    0   0   0   0   0   0   0   0   0   0   0   0   0   0   0   0   0   0   0   0  0.00     0.00
    7 M   -1 -2 -3 -4 -2  0 -2 -4 -2  1  2 -2  6  0 -3 -2 -1 -2 -2  1    0   0   0   0   0   0   0   0   0   0   0   0   0   0   0   0   0   0   0   0  0.00     0.00
    8 S    1 -1  0 -1 -2  0  0 -1 -1 -3 -3 -1 -2 -3 -1  5  1 -4 -2 -2    0   0   0   0   0   0   0   0   0   0   0   0   0   0   0   0   0   0   0   0  0.00     0.00
    9 M   -1 -2 -3 -4 -2  0 -2 -4 -2  1  2 -2  6  0 -3 -2 -1 -2 -2  1    0   0   0   0   0   0   0   0   0   0   0   0   0   0   0   0   0   0   0   0  0.00     0.00
   10 Y   -2 -2 -3 -4 -3 -2 -3 -4  2 -2 -2 -3 -2  3 -4 -2 -2  2  7 -2    0   0   0   0   0   0   0   0   0   0   0   0   0   0   0   0   0   0   0   0  0.00     0.00
   11 V    0 -3 -3 -4 -1 -3 -3 -4 -4  3  1 -3  1 -1 -3 -2  0 -3 -2  4    0   0   0   0   0   0   0   0   0   0   0   0   0   0   0   0   0   0   0   0  0.00     0.00
   12 C   -1 -4 -3 -4  9 -3 -5 -4 -4 -2 -2 -4 -2 -3 -4 -2 -1 -3 -3 -1    0   0   0   0   0   0   0   0   0   0   0   0   0   0   0   0   0   0   0   0  0.00     0.00
   13 I   -2 -3 -4 -4 -2 -3 -4 -5 -4  5  1 -3  1  0 -4 -3 -1 -3 -2  3    0   0   0   0   0   0   0   0   0   0   0   0   0   0   0   0   0   0   0   0  0.00     0.00
   14 C   -1 -4 -3 -4  9 -3 -5 -4 -4 -2 -2 -4 -2 -3 -4 -2 -1 -3 -3 -1    0   0   0   0   0   0   0   0   0   0   0   0   0   0   0   0   0   0   0   0  0.00     0.00
   15 I   -2 -3 -4 -4 -2 -3 -4 -5 -4  5  1 -3  1  0 -4 -3 -1 -3 -2  3    0   0   0   0   0   0   0   0   0   0   0   0   0   0   0   0   0   0   0   0  0.00     0.00
   16 F   -3 -4 -4 -4 -3 -4 -4 -4 -2  0  0 -4  0  6 -4 -3 -2  0  3 -1    0   0   0   0   0   0   0   0   0   0   0   0   0   0   0   0   0   0   0   0  0.00     0.00
   17 I   -2 -3 -4 -4 -2 -3 -4 -5 -4  5  1 -3  1  0 -4 -3 -1 -3 -2  3    0   0   0   0   0   0   0   0   0   0   0   0   0   0   0   0   0   0   0   0  0.00     0.00
   18 C   -1 -4 -3 -4  9 -3 -5 -4 -4 -2 -2 -4 -2 -3 -4 -2 -1 -3 -3 -1    0   0   0   0   0   0   0   0   0   0   0   0   0   0   0   0   0   0   0   0  0.00     0.00
   19 F   -3 -4 -4 -4 -3 -4 -4 -4 -2  0  0 -4  0  6 -4 -3 -2  0  3 -1    0   0   0   0   0   0   0   0   0   0   0   0   0   0   0   0   0   0   0   0  0.00     0.00
   20 Y   -2 -2 -3 -4 -3 -2 -3 -4  2 -2 -2 -3 -2  3 -4 -2 -2  2  7 -2    0   0   0   0   0   0   0   0   0   0   0   0   0   0   0   0   0   0   0   0  0.00     0.00
   21 M   -1 -2 -3 -4 -2  0 -2 -4 -2  1  2 -2  6  0 -3 -2 -1 -2 -2  1    0   0   0   0   0   0   0   0   0   0   0   0   0   0   0   0   0   0   0   0  0.00     0.00
   22 Y   -2 -3 -3 -4 -3 -2 -3 -4  2 -2 -2 -3 -2  3 -4 -2 -2  2  7 -2    0   0   0   0   0   0   0   0   0   0   0   0   0   0   0   0   0   0 100   0  1.22 0.01
   23 K   -1  2  0 -1 -4  1  0 -2 -1 -3 -3  5 -2 -4 -2 -1 -1 -4 -3 -3    0   0   0   0   0   0   0   0   0   0   0 100   0   0   0   0   0   0   0   0  0.84 0.00
   24 G    0 -2  0 -1 -3 -2 -2  5 -2 -4 -4 -1 -3 -4 -2  2  0 -4 -3 -3    0   0   0   0   0   0   0  65   0   0   0   0   0   0   0  35   0   0   0   0  0.84 0.00
   25 G    0 -2  0 -1 -3 -2 -2  5 -2 -4 -4 -1 -3 -4 -2  2  0 -4 -3 -3    0   0   0   0   0   0   0  65   0   0   0   0   0   0   0  35   0   0   0   0  0.84 0.00
   26 R   -2  6 -1 -2 -4  1 -1 -3  0 -4 -3  2 -2 -4 -2 -1 -2 -4 -3 -3    0 100   0   0   0   0   0   0   0   0   0   0   0   0   0   0   0   0   0   0  1.09 0.00
   27 T    0 -2 -1 -2 -2 -1 -2  3 -2 -1  0 -2  3 -2 -3  0  3 -3 -3 -1    0   0   0   0   0   0   0  35   0   0   0   0  33   0   0   0  32   0   0   0  0.37 0.00
   28 P   -1 -2 -3 -2 -4 -2 -2 -3 -3 -4 -3 -2 -3 -4  8 -1 -2 -5 -4 -3    0   0   0   0   0   0   0   0   0   0   0   0   0   0 100   0   0   0   0   0  2.65 0.01
   29 S    0 -2 -1 -2 -2 -2 -2  3 -2  0 -1 -2 -1 -2 -2  2  0 -4 -3  2    0   0   0   0   0   0   0  33   0   0   0   0   0   0   0  32   0   0   0  35  0.33 0.00
   30 I   -1 -3 -4 -4 -2 -3 -3 -4 -4  3  3 -3  1  0 -3 -3 -1 -3 -2  3    0   0   0   0   0   0   0   0   0  32  35   0   0   0   0   0   0   0   0  33  0.46 0.00
   31 R   -2  6 -1 -2 -4  1 -1 -3  0 -4 -3  2 -2 -4 -2 -1 -2 -4 -3 -3    0 100   0   0   0   0   0   0   0   0   0   0   0   0   0   0   0   0   0   0  1.09 0.00
   32 S    0 -1  4  0 -2  0 -1 -1 -1 -3 -3  0 -2 -3 -2  4  1 -4 -2 -2    0   0  33   0   0   0   0   0   0   0   0   0   0   0   0  67   0   0   0   0  0.65 0.00
   33 S    1 -1  0 -1 -2 -1 -1 -1 -1 -2 -2 -1 -2 -3 -1  4  3 -4 -2 -1    0   0   0   0   0   0   0   0   0   0   0   0   0   0   0  67  33   0   0   0  0.62 0.00
   34 E   -1 -1  0  4 -5  1  5 -2 -1 -4 -4  0 -3 -4 -2 -1 -1 -5 -3 -3    0   0   0  33   0   0  67   0   0   0   0   0   0   0   0   0   0   0   0   0  0.96 0.00
   35 R   -2  6 -1 -2 -4  1 -1 -3  0 -4 -3  2 -2 -4 -2 -1 -2 -4 -3 -3    0 100   0   0   0   0   0   0   0   0   0   0   0   0   0   0   0   0   0   0  1.09 0.00
   36 R   -2  6 -1 -2 -4  1 -1 -3  0 -4 -3  2 -2 -4 -2 -1 -2 -4 -3 -3    0 100   0   0   0   0   0   0   0   0   0   0   0   0   0   0   0   0   0   0  1.09 0.00
   37 R   -2  6 -1 -2 -4  1 -1 -3  0 -4 -3  2 -2 -4 -2 -1 -2 -4 -3 -3    0 100   0   0   0   0   0   0   0   0   0   0   0   0   0   0   0   0   0   0  1.09 0.00
   38 P   -1 -2 -3 -2 -4 -2 -2 -3 -3 -4 -3 -2 -3 -4  8 -1 -2 -5 -4 -3    0   0   0   0   0   0   0   0   0   0   0   0   0   0 100   0   0   0   0   0  2.65 0.01
   39 Q   -1  1  0 -1 -4  6  2 -3  1 -3 -3  1  0 -4 -2 -1 -1 -3 -2 -3    0   0   0   0   0 100   0   0   0   0   0   0   0   0   0   0   0   0   0   0  1.04 0.01
   40 S    2 -1  3  0 -2 -1 -1 -1 -1 -3 -3 -1 -2 -3 -1  3  1 -4 -2 -2   31   0  22   0   0   0   0   0   0   0   0   0   0   0   0  47   0   0   0   0  0.51 0.00
   41 V   -1 -3 -4 -4 -2 -3 -4 -5 -4  4  3 -3  1  0 -3 -3 -1 -3 -2  3    0   0   0   0   0   0   0   0   0  47  31   0   0   0   0   0   0   0   0  22  0.47 0.00
   42 S    1 -1  0 -1 -2 -1 -1 -1 -1 -2 -2 -1 -2 -3 -1  4  3 -4 -2 -1    0   0   0   0   0   0   0   0   0   0   0   0   0   0   0  69  31   0   0   0  0.64 0.01
   43 S    1  0  0 -1 -2  3  0 -1  0 -3 -3  0 -1 -3 -1  4  1 -3 -2 -2    0   0   0   0   0  31   0   0   0   0   0   0   0   0   0  69   0   0   0   0  0.61 0.01
   44 I    0 -2 -1 -2 -2 -1 -2 -3 -2  1 -1 -1  0 -2 -2  1  5 -4 -2  1    0   0   0   0   0   0   0   0   0  22   0   0   0   0   0   0  78   0   0   0  0.53 0.01
   45 S    1 -1  0 -1 -2 -1 -1 -1 -1 -2 -2 -1 -2 -3 -1  4  3 -4 -2 -1    0   0   0   0   0   0   0   0   0   0   0   0   0   0   0  69  31   0   0   0  0.64 0.01
   46 T    2 -1  0 -1 -1 -1 -1 -1 -2 -2 -2 -1 -2 -3 -1  4  3 -4 -2 -1   25   0   0   0   0   0   0   0   0   0   0   0   0   0   0  53  22   0   0   0  0.54 0.01
   47 L   -1 -2 -2 -3 -2 -2 -2 -3 -3  1  3 -2  1  0 -3  2  0 -3 -2  0    0   0   0   0   0   0   0   0   0   0  69   0   0   0   0  31   0   0   0   0  0.36 0.01
   48 S    2 -2 -1 -2 -1 -1 -1 -1 -2  0 -1 -1 -1 -2 -1  3  1 -4 -2  1   22   0   0   0   0   0   0   0   0   0   0   0   0   0   0  53   0   0   0  25  0.37 0.00
   49 P   -1 -2 -3 -2 -4 -2 -2 -3 -3 -4 -4 -2 -3 -4  8 -1 -2 -5 -4 -3    0   0   0   0   0   0   0   0   0   0   0   0   0   0 100   0   0   0   0   0  2.66 0.01
   50 R   -2  6 -1 -2 -4  1 -1 -3  0 -4 -3  2 -2 -4 -2 -1 -2 -4 -3 -3    0 100   0   0   0   0   0   0   0   0   0   0   0   0   0   0   0   0   0   0  1.11 0.01
   51 V    0 -3 -4 -4 -1 -3 -3 -4 -4  3  1 -3  1 -1 -3 -2  0 -3 -2  4    0   0   0   0   0   0   0   0   0   0   0   0   0   0   0   0   0   0   0 100  0.54 0.01
   52 V   -1 -3 -4 -4 -1 -3 -3 -4 -4  3  1 -3  1 -1 -3 -2 -1 -3 -2  4    0   0   0   0   0   0   0   0   0  31   0   0   0   0   0   0   0   0   0  69  0.51 0.01
   53 L   -2 -3 -4 -5 -2 -3 -4 -5 -3  1  4 -3  2  0 -3 -3 -2 -2 -2  1    0   0   0   0   0   0   0   0   0   0 100   0   0   0   0   0   0   0   0   0  0.66 0.01
   54 S    1 -1  3  0 -2  0 -1 -1 -1 -3 -3 -1 -2 -3 -2  4  1 -4 -2 -2    0   0  25   0   0   0   0   0   0   0   0   0   0   0   0  75   0   0   0   0  0.65 0.01
   55 R   -2  6 -1 -2 -4  1 -1 -3  0 -4 -3  2 -2 -4 -2 -1 -2 -4 -3 -3    0 100   0   0   0   0   0   0   0   0   0   0   0   0   0   0   0   0   0   0  1.11 0.01
   56 L   -2 -3 -4 -5 -2 -3 -4 -5 -4  4  3 -3  2  0 -4 -3 -1 -3 -2  2    0   0   0   0   0   0   0   0   0  56  44   0   0   0   0   0   0   0   0   0  0.52 0.01
   57 E   -2 -1  1  5 -5  1  4 -2 -1 -4 -4  0 -3 -4 -2 -1 -1 -5 -4 -4    0   0   0  56   0   0  44   0   0   0   0   0   0   0   0   0   0   0   0   0  1.00 0.01
   58 P   -1 -1 -2 -2 -4  3  0 -3 -1 -4 -3  0 -2 -4  7 -1 -1 -4 -3 -3    0   0   0   0   0  31   0   0   0   0   0   0   0   0  69   0   0   0   0   0  1.74 0.01
   59 R   -2  6 -1 -2 -4  1 -1 -3  0 -4 -3  2 -2 -4 -2 -1 -2 -4 -3 -3    0 100   0   0   0   0   0   0   0   0   0   0   0   0   0   0   0   0   0   0  1.11 0.01
   60 E   -1 -1  0  4 -5  1  5 -2 -1 -4 -4  0 -3 -4 -2 -1 -1 -4 -3 -3    0   0   0  25   0   0  75   0   0   0   0   0   0   0   0   0   0   0   0   0  0.98 0.01
   61 F   -2 -4 -4 -4  5 -4 -4 -4 -3  2  0 -4  0  4 -4 -3 -2 -1  1  1    0   0   0   0  25   0   0   0   0  31   0   0   0  44   0   0   0   0   0   0  0.49 0.01
   62 E   -1 -1  0  4 -5  1  5 -2 -1 -4 -4  0 -3 -4 -2 -1 -1 -5 -3 -3    0   0   0  31   0   0  69   0   0   0   0   0   0   0   0   0   0   0   0   0  0.97 0.01
   63 R   -2  6 -1 -2 -4  1 -1 -3  0 -4 -3  2 -2 -4 -2 -1 -2 -4 -3 -3    0 100   0   0   0   0   0   0   0   0   0   0   0   0   0   0   0   0   0   0  1.11 0.01
   64 L   -2 -3 -4 -4 -2 -3 -4 -4 -3  3  3 -3  1  3 -3 -3 -1 -2  0  2    0   0   0   0   0   0   0   0   0  19  34   0   0  19   0   0   0   0   0  28  0.43 0.02
   65 R   -2  6 -1 -2 -4  1  0 -3 -1 -4 -3  3 -2 -4 -2 -1 -2 -4 -3 -3    0  78   0   0   0   0   0   0   0   0   0  22   0   0   0   0   0   0   0   0  1.05 0.04
   66 L   -1  3 -3 -3 -3 -1 -2 -4 -2  0  2  0  0 -1  3 -2 -1 -3 -2  1    0  28   0   0   0   0   0   0   0   0  34   0   0   0  19   0   0   0   0  19  0.41 0.02
   67 S    3 -1 -1 -1 -1 -1 -1  0 -2 -2 -2 -1 -2 -3 -1  3  1 -4 -2 -1   50   0   0   0   0   0   0   0   0   0   0   0   0   0   0  50   0   0   0   0  0.55 0.00
   68 Y   -2 -3 -3 -4 -3 -2 -3 -4  1  0  2 -3  0  2 -4 -2 -2  1  6 -1    0   0   0   0   0   0   0   0   0   0  31   0   0   0   0   0   0   0  69   0  0.79 0.01
   69 K   -1  1 -1 -2 -4  0  0 -2 -1 -3 -3  4 -2 -4  5 -1 -1 -4 -3 -3    0   0   0   0   0   0   0   0   0   0   0  69   0   0  31   0   0   0   0   0  0.98 0.01
   70 I    1 -2 -2 -3 -1 -2 -2 -2 -3  2  0 -2  0 -2 -2  0  3 -3 -2  3   20   0   0   0   0   0   0   0   0  16   0   0   0   0   0   0  31   0   0  33  0.30 0.01
   71 A    4 -2 -2 -2 -2 -1 -1  3 -2 -2 -3 -1 -2 -3 -1  1 -1 -4 -3 -1   69   0   0   0   0   0   0  31   0   0   0   0   0   0   0   0   0   0   0   0  0.60 0.01
   72 I   -1 -3 -4 -4 -1 -3 -3 -4 -4  4  1 -3  1 -1 -3 -2 -1 -3 -2  4    0   0   0   0   0   0   0   0   0  49   0   0   0   0   0   0   0   0   0  51  0.52 0.01
   73 D   -2  2  0  5 -4 -1  1 -2 -2 -1 -2  0 -2 -3 -2 -1 -1 -5 -3  0    0  18   0  62   0   0   0   0   0   0   0   0   0   0   0   0   0   0   0  20  0.63 0.01
   74 Q   -1  4  2 -1 -4  3  0 -2  0 -4 -3  1 -2 -4  3 -1 -1 -4 -3 -3    0  42  15   0   0  26   0   0   0   0   0   0   0   0  16   0   0   0   0   0  0.72 0.01
   75 R   -1  5 -1 -2  4  2  0 -2 -1 -3 -3  1 -2 -3 -2  1 -1 -3 -3 -2    0  53   0   0  16  15   0   0   0   0   0   0   0   0   0  15   0   0   0   0  0.59 0.01
   76 R   -2  6 -1 -2 -4  1  0 -3  0 -4 -3  3 -2 -4 -2 -1 -1 -4 -3 -3    0  77   0   0   0   0   0   0   0   0   0  23   0   0   0   0   0   0   0   0  1.01 0.03
   77 S    0  1  0 -2 -2 -1 -1 -2  3 -1 -2 -1 -1 -2 -2  2  3 -3 -1  1    0   9   0   0   0   0   0   0  15   0   0   0   0   0   0  22  35   0   0  18  0.32 0.01
   78 R   -1  5 -1 -2 -3  0 -1 -2  0 -2 -2  1 -2 -1 -2  1 -1 -1  2 -2    1  55   1   1   0   1   1   1   0   1   2   1   0   1   1  14   1   0  16   1  0.48 0.01
   79 S    1  2  2 -1 -2  0 -1 -1 -1 -2 -2  0 -1 -2 -1  3  0 -3 -2  0   11  21  13   1   0   1   1   1   0   1   1   1   0   1   1  37   1   0   0   8  0.30 0.01
   80 C    0 -2 -2 -3  5 -2 -2 -3  2  0 -1 -2 -1  1 -3  0  2 -3 -1  1   11   0   0   0  28   0   0   0  10   0   0   0   0  10   0   0  22   0   0  19  0.31 0.02
   81 R   -1  5 -1 -2 -4  0 -1  2 -1 -4 -3  1 -2 -4 -3  0 -1 -4 -3 -3    0  71   0   0   0   0   0  19   0   0   0   0   0   0   0  10   0   0   0   0  0.79 0.04
   82 G    1  1 -1 -2 -4 -2 -2  5 -2 -4 -4 -1 -3 -4 -3 -1 -2 -4 -4 -3   10  12   0   0   0   0   0  78   0   0   0   0   0   0   0   0   0   0   0   0  1.00 0.03
   83 M   -1 -2 -2 -3 -2 -1 -2 -3 -3  0  1 -2  7 -1 -3  1 -1 -2 -2  0    0   0   0   0   0   0   0   0   0   0   0   0  82   0   0  18   0   0   0   0  0.67 0.07
   84 N   -1  2  5  0 -3  0 -1 -1  0 -3 -3  0 -2 -3 -2  2  2 -4 -3 -2    0  18  47   0   0   0   0   0   0   0   0   0   0   0   0  14  21   0   0   0  0.61 0.03
   85 M   -2 -3 -3 -5 -3 -1 -3 -4 -3  1  1 -2  8 -1 -4 -3 -1 -2 -2  0    0   0   0   0   0   0   0   0   0   0   0   0 100   0   0   0   0   0   0   0  1.23 0.15
   86 G   -1 -3 -1 -2 -4 -3 -3  6 -3 -5 -5 -3 -4 -4 -4 -1 -3 -4 -5 -4    0   0   0   0   0   0   0 100   0   0   0   0   0   0   0   0   0   0   0   0  1.58 0.10
   87 Q   -1  0 -1 -1 -4  6  1  1  0 -4 -3  0 -1 -4 -2 -1 -2 -3 -3 -3    0   0   0   0   0  87   0  13   0   0   0   0   0   0   0   0   0   0   0   0  1.12 0.11
   88 K    1  2 -1 -2 -4  1  0 -2 -1 -4 -3  6 -2 -4 -2 -1 -1 -4 -3 -3   13   0   0   0   0   0   0   0   0   0   0  87   0   0   0   0   0   0   0   0  0.91 0.09
   89 I   -1 -3 -4 -5 -2 -3 -4 -5 -4  4  2 -3  1 -1 -3 -3 -1 -3 -2  4    0   0   0   0   0   0   0   0   0  31  13   0   0   0   0   0   0   0   0  55  0.59 0.06
   90 S    1 -2  0 -1 -2 -1 -1 -1 -2 -3 -3 -1 -2 -3 -2  5  2 -4 -3 -2    0   0   0   0   0   0   0   0   0   0   0   0   0   0   0  93   7   0   0   0  0.93 0.10
   91 G   -1  1 -1 -2 -4 -2 -3  6 -3 -5 -5 -2 -4 -4 -3  0 -2 -4 -4 -4    0  10   0   0   0   0   0  86   0   0   0   0   0   0   0   4   0   0   0   0  1.30 0.12
   92 G   -1 -3  2 -1 -4 -2 -2  5 -2 -5 -4 -2 -3 -4 -3  1 -1 -4 -4 -4    0   0  15   0   0   0   0  70   0   0   0   0   0   0   0  13   0   0   0   0  1.04 0.12
   93 V   -1 -3 -3 -4 -2 -3 -3 -4 -4  3  1 -3  0 -1 -3 -1  1 -4 -2  4    0   0   0   0   0   0   0   0   0  22  10   0   0   0   0   3  13   0   0  52  0.50 0.09
   94 K    1  1 -1 -1 -4  0  2 -2 -2 -4 -4  5 -2 -4 -2 -1 -1 -5 -3 -3   13   0   0   0   0   0  14   0   0   0   0  72   0   0   0   0   0   0   0   0  0.86 0.14
   95 T    2 -2 -1 -2 -2 -2 -2  3 -2 -3 -3 -2 -2 -3 -2  3  2 -4 -3 -2   17   0   0   0   0   0   0  33   0   0   0   0   0   0   0  29  21   0   0   0  0.60 0.09
   96 V    0 -3 -4 -4 -2 -3 -3 -4 -4  2  2 -3  1 -1 -3 -2 -1 -3 -2  4    9   0   0   0   0   0   0   0   0   5  24   0   0   0   0   0   0   0   0  63  0.56 0.11
   97 S    0 -2  3  2 -3 -1  1 -2  3 -4 -4 -1 -3 -4 -2  4  1 -4 -2 -3    0   0  15  10   0   0   8   0  10   0   0   0   0   0   0  52   6   0   0   0  0.62 0.14
   98 R   -1  4 -1 -2 -3 -1 -2  2  2 -2 -2  0  0 -3 -3  0 -1 -4 -2  0    0  44   0   0   0   0   0  22   6   0   0   0   4   0   0   7   0   0   0  14  0.47 0.11
   99 N   -1  2  3  2 -3  0  2 -1 -1 -3 -1  0 -2 -3 -2  2 -1 -4 -3 -3    0  16  21   9   0   0  17   3   0   0  11   0   0   0   0  21   0   0   0   0  0.36 0.09
  100 D    0  1  1  3 -3  3  1  0 -1 -3 -3  0 -2 -3 -2  1 -1 -3 -3 -3    7  11   8  24   0  18   9   8   0   1   1   1   0   0   1  10   1   0   0   1  0.41 0.08
  101 S    0 -1  0 -2 -3 -1 -2  3  0 -3 -3 -1 -2 -3  0  2  3 -4 -3 -2    6   4   3   0   0   0   0  33   3   0   1   0   0   0   4  19  25   0   0   0  0.48 0.10
  102 Q    0  1  1  2 -3  3  2 -2  3 -3 -3  0 -2 -3 -2  2  0 -4 -2 -3    6   7   4  10   0  17  16   0  10   0   0   0   0   0   0  25   3   0   0   0  0.44 0.10
  103 S    0 -2  0 -1 -3 -1  1 -1 -2 -4 -4 -1 -3 -4  4  4  0 -5 -3 -3    5   0   3   0   0   0   8   2   0   0   0   0   0   0  26  51   3   0   0   0  0.85 0.18
  104 T    1 -2  2 -1 -3 -1  1 -2 -1 -2 -2 -1 -2  1  2  1  1 -3  0  0   15   0  17   0   0   0   9   0   0   0   0   0   0  10  12  15   8   0   3   8  0.28 0.08
  105 F    0 -3 -3 -4 -3 -2 -3 -4  0 -1  1 -3  2  3 -4 -1 -1  6  5 -2    9   0   0   0   0   0   0   0   2   0  12   0  10  14   0   6   2  17  27   0  0.69 0.15
  106 K   -2  4  1 -2 -4  1 -1 -3  2 -2 -3  3 -2 -4  2 -1  0 -4 -3 -1    0  29   9   0   0   2   0   0   7   2   0  29   0   0   9   0   7   0   0   6  0.56 0.14
  107 P    0 -2 -2 -3 -4  1 -2 -3 -3 -4 -4 -2 -3 -4  7  2  2 -5 -4 -3    3   0   0   0   0   9   0   0   0   0   0   0   0   0  59  16  13   0   0   0  1.51 0.23
  108 I    1  0 -3 -4 -2 -2 -3 -3 -3  2  2 -1  3  1 -3  0 -1 -3 -2  2   13   6   0   0   0   0   0   0   0  17  16   2  14   7   0   6   0   0   0  20  0.25 0.09
  109 I   -1  2  0 -2  4 -1 -2 -2 -2  2  1 -1  2 -1 -2  0  0 -2 -2  0    2  14   7   1  14   1   1   2   1  17  11   1   7   1   1   6   7   0   1   5  0.14 0.06
  110 P    0  2  1 -2 -3 -1 -1 -2  2 -3 -3  1 -2 -3  5  0  0 -3 -2 -2    7  17   7   1   0   1   1   1   7   1   2   8   0   1  32   7   4   0   1   1  0.66 0.11
  111 R    0  5 -1  1 -4  2 -1  1 -1 -4 -4  1 -3 -4 -3  0 -2 -4 -3 -3    6  52   0   8   0   9   0  15   0   0   1   3   0   0   0   5   0   0   0   0  0.74 0.19
  112 E    0 -2  2  2 -4  0  5 -3 -1 -3 -4 -1 -3 -4 -2  1  0 -4 -3 -1    7   0  10   8   0   0  54   0   0   0   1   0   0   0   0   8   4   0   0   5  0.72 0.19
  113 L    0 -3 -4 -4  2 -3 -3 -4 -3  1  4 -3  2  1  1 -2 -1 -3 -1  0    7   0   0   0   6   0   0   0   0   8  52   0   5   6   6   0   4   0   2   0  0.44 0.15
  114 Q    1  1 -1  0 -3  2  0 -2  1 -2 -1  0 -1  0  1  0  1 -2  2 -2   16   8   2   5   0  13   5   0   4   0   7   3   0   5   5   6   9   0  11   0  0.17 0.08
  115 A    2 -1  1 -1 -3  1  2  2  1 -3 -3  1  0 -3  0  1 -1 -4 -3 -2   22   0   7   0   0   6  14  16   5   0   0   8   3   0   4  12   0   0   0   2  0.28 0.09
  116 D   -3  1  1  6 -5 -1  3  0  0 -5 -5 -1 -4 -3 -3 -1 -2 -6 -4 -5    0  10   3  57   0   0  18   5   2   0   0   0   0   1   0   4   0   0   0   0  1.08 0.29
  117 F   -1 -4 -4 -4 -3 -3  0 -5 -3  0  2 -4  3  5 -1 -3 -3 -2  1  1    4   0   0   0   0   0   7   0   0   3  16   0  12  41   3   0   0   0   3  12  0.64 0.23
  118 V   -1  1 -2 -2  3 -1 -2 -1 -2  0  2 -2  0  0 -2  0  1  4 -2  0    3  10   0   2   8   3   0   5   0   1  30   0   0   5   2   5  12   6   0   6  0.17 0.11
  119 K   -1  5 -2 -2  4  0  2 -3 -2 -2 -3  2 -3 -3  1 -2 -2 -4 -1 -3    6  39   0   1  11   0  18   1   0   2   1   9   0   0   6   1   1   0   3   1  0.62 0.20
  120 P   -2 -3 -3 -3 -5  1 -1 -4 -3 -4 -4 -3 -4 -5  7  0 -3 -5 -4 -4    1   0   0   0   0   7   4   1   0   0   1   0   0   0  75   7   0   0   0   1  2.14 0.45
  121 A    2 -1  0  2 -3 -1  2 -2  0 -2 -3 -1 -2 -3  1  2  0 -3  0 -2   24   3   3  13   0   0  15   1   2   3   1   2   0   0   6  15   6   0   5   2  0.30 0.14
  122 R   -3  6 -2 -3 -5  1 -2 -1  2 -4 -1  3 -3 -4 -3 -2 -3 -5 -3 -4    0  55   0   0   0   4   0   4   6   0   6  22   0   0   0   0   0   0   0   0  1.11 0.35
  123 I   -3 -4 -4 -5 -3 -4 -4 -5 -4  2  4 -4  2  4 -4 -3  0 -3 -1 -1    0   0   0   0   0   0   0   0   0  11  51   0   4  23   0   0   8   0   0   0  0.83 0.31
  124 D   -1 -3 -1  5 -5  0  3 -2 -3 -4 -3 -2 -4 -5  1  1  1 -6 -5 -4    4   0   0  44   0   4  18   2   0   0   3   0   0   0   6  11   9   0   0   0  0.83 0.31
  125 I    0  1 -3 -3 -3  1 -1 -4  1  2  1  0  1  1  0 -2 -2 -3  1  0    8   9   0   0   0   8   4   0   4  19  16   3   4   8   5   1   0   0   5   6  0.17 0.12
  126 L   -3 -4 -5 -6 -3 -4 -5 -6 -5  4  4 -4  3  1 -5 -4 -1 -4 -3  0    0   0   0   0   0   0   0   0   0  27  54   0   8   6   0   0   4   0   0   0  0.98 0.37
  127 L   -3 -3 -4 -5  2 -1 -4 -2 -4  0  4 -1  4  0 -1  0 -2  3 -2 -1    0   0   0   0   5   3   0   3   0   2  46   5  14   4   4   8   0   4   0   2  0.52 0.31
  128 D   -2  0  3  4 -5  2  1 -3  1 -4 -4 -1  0 -1 -3  2 -2 -5 -1 -2    0   4  15  30   0   8   7   0   3   0   0   2   4   3   0  18   0   0   2   3  0.60 0.30
  129 M   -1 -2 -1 -3 -3  1  0 -4  2  0  2 -1  5 -2 -4  1 -1 -4 -3  0    5   0   2   0   0   8   7   0   7   5  17   4  25   0   0  12   2   0   0   7  0.39 0.27
  130 P   -1 -3 -3 -1 -5 -1  0 -1  0 -5 -3  0 -4 -5  6  1  0 -5 -1 -4    3   0   0   2   0   2   5   4   3   0   3   5   0   0  51  13   6   0   3   0  1.21 0.43
  131 P    0 -4 -3  0 -5 -1 -3 -4  1 -2 -1 -1 -4 -4  6  1  0 -5  1 -4    6   0   0   5   0   2   0   0   3   2   8   3   0   0  48  13   4   0   5   0  1.14 0.47
  132 A    3 -3 -3 -4 -3 -3 -3 -2 -3  0 -1 -1 -2  1  3  1 -1  3  2  1   27   0   0   0   0   0   0   3   0   5   4   4   0   5  16   9   3   5   7  12  0.41 0.27
  133 S    0  0  1  2 -3 -2 -1  0 -3 -1 -2  1 -2 -1  1  2  1 -5 -3 -1    6   4   5  14   0   0   2   6   0   3   4   9   0   3   6  23  10   0   0   4  0.24 0.20
  134 R   -1  3 -1 -1 -4  2  0 -2  2 -1 -1  1 -2 -3  2  0 -2 -4  1 -2    4  20   2   2   0  13   3   3   7   5   8  10   0   0   9   7   0   0   5   2  0.31 0.23
  135 D    0 -2 -2  2 -4  0  3  1 -2 -3 -2  1 -3  0  1  0 -2 -4  0 -1    5   0   0  12   0   4  21  14   0   0   4  12   0   5   7   5   0   0   4   5  0.29 0.21
  136 L    0  1  1  0  2  1  0 -3 -2  0  0  0  1  0 -2  0  0 -3 -2  0    7   7   7   7   6   7   7   0   0   7   7   7   6   6   0   7   7   0   0   7  0.08 0.10
  137 Q    0  1  1  0 -4  4  1 -3 -2 -2 -3  0  3 -4  1  0 -2 -4 -3 -1    9   6   7   6   0  28   9   0   0   2   0   3  10   0   7   7   0   0   0   4  0.43 0.22
  138 L   -2  1 -2  0 -4  0  2 -4  2  0  1  0 -1  1  1 -2 -1 -3  1 -1    0  10   0   6   0   2  21   0   6   6  16   3   0   8   7   0   2   0   7   5  0.23 0.14
  139 K    0  2  1  0  1  1  2 -3  1 -2 -2  2  0 -1 -2  1 -1 -4 -2 -2   10  16   5   3   5   7  17   0   4   3   3  12   3   3   0  10   0   0   0   0  0.28 0.12
  140 H   -2 -2  2 -2  3 -1 -2 -3  5 -4 -3 -2 -3 -1 -3  2 -1  6  3 -3    0   0  11   0   9   0   0   0  27   0   0   0   0   0   0  22   0  15  16   0  0.77 0.19
  141 S    1  1 -1 -1 -2  2  1  1 -1 -1 -2  0 -1 -3 -2  1  1 -3 -2  0   12  12   0   1   0  12  12  12   0   1   1   1   0   0   1  12  12   0   0  12  0.21 0.07
  142 W   -6 -6 -7 -8 -6 -5 -7 -6 -5 -5 -5 -7 -4  2 -7 -6 -6 12  0 -5    0   0   0   0   0   0   0   0   0   0   0   0   0   7   0   0   0  93   0   0  4.13 0.62
  143 N   -2 -2  5  4 -4 -2 -1 -3  1 -5 -5  0 -4 -5 -3  2  1 -6 -4 -4    0   0  36  27   0   0   0   0   3   0   0   5   0   0   0  21   8   0   0   0  0.94 0.28
  144 S    0  0 -2 -3  0 -1  0 -2 -3 -3 -1  0  0 -1  5  1  0  4 -3 -3    7   5   1   0   2   2   5   2   0   0   5   4   3   3  34  12   6   8   0   0  0.68 0.19
  145 E    0  0  3  3 -4  1  1 -2  0 -2 -3  2 -3 -4 -3 -1  0 -5 -2 -1    9   4  21  22   0   5   8   0   2   2   1  14   0   0   0   2   4   0   1   4  0.42 0.15
  146 D   -3 -1  2  5 -6  0  2 -3  4 -5 -5 -1 -4 -5 -4 -1 -3 -6 -3 -5    0   3  11  50   0   3  13   0  16   0   0   2   0   0   0   3   0   0   0   0  1.14 0.30
  147 R   -1  4 -2  0  6 -1 -2 -4  2 -1 -2  3 -3 -4 -3  0 -2 -5 -3 -2    3  29   0   4  22   0   0   0   5   3   3  19   0   0   0   9   0   0   0   2  0.65 0.23
  148 S   -1 -3 -2 -3 -4 -3 -3 -1 -3 -4  0 -3 -3 -4  0  6 -1 -5 -4 -3    0   0   0   0   0   0   0   4   0   0  13   0   0   0   4  78   0   0   0   0  1.14 0.39
  149 L   -2  2 -1 -1 -4 -1 -1 -3 -2  0  0  2 -2 -3  4  1 -2 -4  0 -1    0  14   2   2   0   0   2   0   0   7  13  18   0   0  20  16   0   0   4   2  0.42 0.16
  150 N   -3  0  7  2 -5 -2  0 -3  3 -5 -5 -2 -4 -5 -4 -1  1 -6 -4 -5    0   4  63  10   0   0   5   0   9   0   0   0   0   0   0   0   8   0   0   0  1.32 0.36
  151 I   -2 -3  1 -3 -2 -3 -3 -4 -3  4  1 -3  2 -2 -3  0  0 -4 -3  3    0   0   9   0   0   0   0   0   0  31   8   0   6   0   0   9   3   0   0  31  0.47 0.18
  152 F   -2 -1  0  0 -3 -2 -2 -3  1  0 -2 -1 -2  3 -3  0  1 -1  5  0    2   3   6   6   0   0   2   0   3   5   0   4   0  18   0   7  10   0  26   7  0.41 0.19
  153 V   -2 -2 -4 -5 -3  0 -4 -2 -4  3  2 -3  2 -2 -4 -3 -2 -4 -3  4    0   2   0   0   0   6   0   4   0  24  21   0   5   0   0   0   0   0   0  38  0.64 0.25
  154 K   -2  2 -1 -3  1 -1 -2 -1 -2 -1  1  4 -1 -1 -1  0 -1 -4 -3 -2    0  13   3   0   3   0   0   4   0   3  20  36   0   3   3   6   4   0   0   1  0.37 0.20
  155 E    0 -2  0  2  1  0  2  1 -1 -3 -3 -1 -2  0  1  1  0 -3  1 -3    5   0   3  17   4   4  15  11   0   0   2   2   0   3   8  12   5   0   8   0  0.26 0.11
  156 D   -1 -2  3  4 -5 -1  0  1  1 -3 -4 -1 -4 -5  2  0 -2 -6 -4 -2    5   0  21  33   0   1   5   9   3   2   0   3   0   0   9   6   0   0   0   4  0.63 0.23
  157 D   -2  1  3  4  2 -2  0  2  0 -5 -5  0 -4 -5 -4 -1 -2 -5 -4 -4    0  10  20  34   6   0   3  15   3   0   0   3   0   0   0   4   0   0   0   0  0.73 0.25
  158 K   -1  2  1 -2  0  0 -1  1  1 -3 -2  3 -2 -3  3  1 -1 -3 -3 -3    1   9   5   1   3   2   1  11   4   1   5  26   0   1  17   9   1   0   0   1  0.41 0.15
  159 L    0  1 -3 -4 -3  1 -3 -4 -2  0  2 -2  0  3 -4 -1 -1 -3  0  1    9  10   0   0   0  10   0   0   0   2  30   0   1  16   0   3   3   0   2  15  0.30 0.17
  160 T    0 -1  0 -2  1  1  0 -3 -2  0 -1 -1 -1 -3 -3  1  4 -4  0  0    6   3   3   0   3   6   4   0   0   5   6   3   0   0   0   8  45   0   3   7  0.42 0.21
  161 F    1  0 -4 -4 -3 -3 -4  0 -3  1  1 -3  1  5 -4 -2 -2 -2  0  2   16   8   0   0   0   0   0   7   0   9   8   0   4  33   0   0   0   0   0  15  0.41 0.20
  162 H   -3  1  2 -2 -4 -1  0 -4  7 -3 -2  0 -3 -2 -4 -2  1 -3  2 -1    0   8  12   0   0   0   5   0  41   0   5   4   0   0   0   0  13   0   9   4  0.77 0.28
  163 R   -3  5  1 -4  4 -2 -3 -4 -3  0 -1 -1 -3  1  1  0 -3 -5 -3 -3    0  46   7   0  10   0   0   0   0   8   7   0   0   7   7   8   0   0   0   0  0.73 0.31
  164 H   -2  1  1  1  2  1  1  0  2 -3 -1  1 -2 -2 -3  0  0 -3  1 -3    0   8   8   8   8   8   8   8   8   0   8   8   0   0   0   8   8   0   8   0  0.19 0.15
  165 P   -2 -1 -3 -3 -4 -3 -3 -4  0 -4 -2 -2  1 -3  7 -3 -3 -4  1 -3    1   4   0   0   0   0   0   1   2   0   3   0   4   0  74   1   0   0   7   0  1.96 0.34
  166 V    1 -3 -4 -4 -2 -1 -3 -4 -3  3  0 -3 -1  0 -4 -1  0  4  0  4   11   0   0   0   0   3   0   0   0  18   2   0   0   2   0   3   5   8   2  46  0.52 0.19
  167 A    3  0 -2 -2 -3 -1  1 -2  2 -3 -2  1 -1 -3 -1  3 -1 -4 -3 -1   38   5   0   0   0   0   9   0   6   0   3   8   2   0   2  24   0   0   0   3  0.41 0.17
  168 Q   -2  3  1 -2 -4  5  1 -3 -1 -3 -1  2  1 -3 -3  0  0 -4 -1 -2    0  18   6   0   0  38   5   0   0   0   5   9   6   0   0   4   5   0   3   2  0.59 0.20
  169 S    0  0  0 -2  2 -2 -2  2 -3 -4 -4 -2 -3 -4  0  5  1 -5 -4 -3    0   5   4   0   4   0   0  16   0   0   0   0   0   0   3  60   8   0   0   0  0.77 0.26
  170 T    0 -3 -2 -3 -3 -2 -2 -3  3 -2 -3 -2 -2  1 -3  1  6 -4 -2 -2    3   0   0   0   0   0   0   0   8   0   0   0   0   8   0  10  72   0   0   0  1.00 0.30
  171 D    1 -3  0  6 -5 -2  1  1  1 -4 -5 -2 -4 -5 -3 -1 -2 -6 -4 -2   12   0   0  63   0   0   8  11   3   0   0   0   0   0   0   0   0   0   0   3  1.04 0.25
  172 C    1 -3 -2 -3  4 -2 -3  3 -3 -1 -1 -2  0 -3 -3  0  0 -4 -3  0   14   0   0   0  16   0   0  33   0   0   7   0   3   0   0   4   8   0   0  11  0.40 0.12
  173 I    1 -3 -3 -4 -2 -3 -3 -3 -3  3  1 -3  1 -1 -3 -1 -1 -2  1  3   18   0   0   0   0   0   0   0   0  29   8   0   4   0   0   2   0   0   8  27  0.37 0.13
  174 R   -2  6 -2 -3 -4  1 -2 -4 -2 -2 -1  1  2 -1 -3 -2 -2 -4 -3  0    0  66   0   0   0   5   0   0   0   0   4   3   7   4   0   0   0   0   0   8  0.93 0.24
  175 G    1 -4 -2 -3 -4 -3 -3  6 -4 -5 -5 -3 -4 -4 -4  0  0  3 -4 -4   10   0   0   0   0   0   0  74   0   0   0   0   0   0   0   7   6   4   0   0  1.25 0.25
  176 K   -1  2  2  1  0  0  1 -1 -2 -3 -3  4 -3 -4 -3 -1  0 -4 -3 -2    2   8  10   7   2   0   5   4   0   0   1  48   0   0   0   0   5   0   0   2  0.51 0.18
  177 V    0  1 -2 -3 -3  1 -2 -3  3  1 -1  1  2  1  1 -2  1 -2  2  0    8   8   0   0   0   8   0   0   8   8   0   8   8   8   8   0   8   0   8   8  0.21 0.16
  178 G   -1 -4 -2 -3 -5  0 -3  6 -4 -2 -5 -3 -4 -5  2  0 -3 -5 -5 -4    3   0   0   0   0   5   0  69   0   4   0   0   0   0  12   6   0   0   0   0  1.28 0.32
  179 L   -2 -3 -3 -4 -3 -2 -3 -4  1  0  2 -3  1  3 -3 -2 -1 -1  4  2    1   1   1   1   0   1   1   1   4   3  26   1   3  15   1   1   3   0  20  19  0.46 0.16
  180 T    1  0  2 -1 -2  0  0 -1 -1 -2 -1  0 -2 -1  1  3  2 -3 -1 -2   13   5  12   1   0   2   4   3   0   1   7   3   0   2   5  27  12   0   2   1  0.27 0.12
  181 K   -1  3  2 -1 -3  1  0  0  2 -1 -2  1 -2 -3 -2  1  2 -3 -2 -2    1  21  11   1   0   5   6   6   6   5   1   9   0   1   1   8  17   0   0   1  0.31 0.11
  182 G    1 -3  1 -2 -3 -2 -3  6 -3 -4 -4 -2 -3 -4 -3 -1 -2 -4 -4 -3   14   1   8   1   0   1   1  67   0   1   1   1   0   1   1   1   1   0   0   1  1.10 0.23
  183 L   -1  3 -1 -2 -3  0 -1  1  3  0  0  0  0  1 -2 -1 -1 -2  1 -1    3  22   1   1   0   3   1  14   9   5  11   5   3   7   1   1   4   0   5   5  0.16 0.08
  184 H   -3  0 -1  2 -4 -1 -1 -3  8 -4 -3 -2 -3  1 -3 -2 -3 -3  2 -3    1   5   1  13   0   1   1   1  57   1   1   1   0   8   1   1   1   0   5   1  1.28 0.29
  185 I    2 -2 -2 -3  0 -2 -2 -2 -1  1  0 -2  0  0 -2 -1  0 -1  3  2   23   1   1   1   2   1   1   2   0   9   3   1   2   4   1   1   4   0  16  25  0.22 0.09
  186 W   -3 -3 -3 -4 -3 -3 -3 -3 -2 -2 -1 -3 -2  4 -3 -3 -3 10  2 -3    2   1   1   1   0   1   1   2   0   1   5   1   0  20   1   1   1  55   4   1  1.82 0.27
  187 E   -1  0 -1  1 -3  2  5 -2 -1 -2 -1  1 -2 -3 -2  0 -1 -3 -3 -1    2   5   1   6   0   7  50   2   0   1   6   5   0   1   1   5   3   0   1   4  0.57 0.14
  188 I   -1 -2 -1 -3 -2 -2 -2 -3 -2  3  1 -2  0  2 -2 -2 -1 -2 -1  3    2   1   5   1   0   1   1   2   0  32  15   1   0  10   1   1   1   0   1  24  0.33 0.10
  189 Y   -1  0  0  0  0  0  1 -3  2  0 -1  1 -1  0 -2 -1  1  1  3 -1    4   4   3   5   2   2  12   1   7   6   4  12   2   2   0   2  13   2  14   4  0.15 0.08
  190 W   -2 -2  1 -3  3 -2 -3 -3 -2  0  1 -2  2  2 -3 -1  1  5  2  1    1   1  10   1  10   0   1   1   0   1  11   1  10  10   1   1  11  10  10  11  0.28 0.13
  191 P    0 -1  2  0 -3  0  0 -3 -2  0 -2 -1 -2 -3  5  1 -2 -4 -3 -1    6   2  10   5   0   5   6   1   0   9   3   3   0   0  31  14   1   0   0   4  0.59 0.23
  192 T   -1  0 -2  0 -3  2  1  1  0 -1  0  0  0 -3  0 -1  2 -4 -2  0    3   4   0   5   0   9  13  12   2   1  11   3   3   0   5   3  15   0   1  10  0.15 0.13
  193 R   -1  4  1  1 -1  1  1  0  3 -4 -4  1 -3 -4  1 -1 -1 -4 -3 -3    6  26   6   7   2   4  12   7   9   0   1   9   0   0   7   2   3   0   0   0  0.45 0.21
  194 Q   -2 -1 -1 -1 -1  3  0 -4  3  0  0 -2  1 -3  3  0  0 -4 -3  1    0   2   2   4   2  17   6   0   8   5   9   0   5   0  16   9   4   0   0  11  0.34 0.22
  195 R   -4  6 -4 -5 -5 -2 -4 -2 -3 -3  1 -1 -2  3 -5 -4 -4  3  2 -1    0  50   0   0   0   0   0   4   0   0  18   0   0  12   0   0   0   4   8   4  0.99 0.44
  196 G    1 -4 -2 -3 -5 -4 -4  6 -4 -6 -6 -3 -5 -5 -4  1 -3 -5 -5 -5   10   0   0   0   0   0   0  80   0   0   0   0   0   0   0  10   0   0   0   0  1.60 0.36
  197 T   -1 -2 -2 -3 -3  2 -2 -3 -2 -2  0 -1 -2 -1 -3  2  5 -4  1 -1    0   0   0   0   0  10   0   0   0   0  10   2   0   3   0  16  51   0   5   3  0.68 0.27
  198 H    1 -2  0  0 -3 -1 -1 -3  6 -2 -3 -2 -3 -2 -3  2  0 -3  3  0   12   0   4   6   0   0   2   0  32   0   0   0   0   0   0  16   5   0  11  11  0.59 0.22
  199 A    3 -2 -2 -3  1 -2 -2 -2 -3  0 -1 -2  2 -2  0  1 -1 -4 -3  1   46   0   0   0   3   0   0   0   0   5   3   0   8   0   4  14   0   0   0  16  0.38 0.11
  200 V   -1 -3 -4 -4  3 -3 -3 -4 -3  1  2 -3  3  3 -3 -1 -1 -2 -1  2    4   0   0   0   8   0   0   0   0   4  21   0  15  16   0   4   0   0   0  27  0.37 0.09
  201 V   -1  1 -3 -4 -3 -2 -3 -4 -3  3  0 -2  0  0  3 -2 -2  3 -2  3    3  14   0   0   0   0   0   0   0  22   5   0   0   5  16   0   0   5   0  30  0.40 0.09
  202 G   -1 -3  4 -1 -5 -2 -3  5 -2 -5 -5 -2 -4 -5 -4 -1 -2 -5 -5 -5    0   0  30   0   0   0   0  70   0   0   0   0   0   0   0   0   0   0   0   0  1.32 0.19
  203 V   -1 -3 -3 -3 -2 -2 -3 -4 -3  2  1 -3  0  0  3 -1  2 -3 -2  3    0   0   0   0   0   0   0   0   0  17   9   0   0   4  14   0  16   0   0  37  0.42 0.09
  204 C    2 -2 -1 -2  2 -2 -2  2 -2 -2  0 -2 -1 -2 -2  2  0 -3 -3 -1   29   0   0   0   8   0   0  21   0   0  13   0   0   0   0  25   0   0   0   1  0.34 0.08
  205 T    1  2 -1 -2 -2  0 -1 -2  3 -1  1 -1  2 -2 -2  1  1 -3 -1 -1   13  13   1   1   0   1   1   1  13   1  14   1  13   0   1  13  13   0   0   1  0.18 0.08
  206 A    1  1 -2 -2 -4  1  1 -2 -1 -3 -2  4 -2  0 -1  2 -1 -4  0 -3   15   5   0   0   0   7   7   1   1   1   4  32   0   5   1  16   2   0   3   0  0.41 0.21
  207 D    0  1  1  3 -4  1  2 -3  1 -4 -1  1 -3 -4 -3  1 -1 -5 -3 -3    8   6   7  22   0   5  15   0   3   0   7  10   0   0   0  13   2   0   0   0  0.42 0.17
  208 A    5 -4 -4 -4  2 -3 -3 -3 -4 -3 -1 -3  1 -4  0  0  0 -5 -4 -1   71   0   0   0   5   0   0   0   0   0   7   0   3   0   4   3   5   0   0   2  1.01 0.38
  209 P    0  1 -2 -1 -4  0 -1 -3 -3 -1 -3 -2  0 -4  6  1 -2 -5 -4 -2    9  10   1   3   0   3   2   0   0   4   1   0   2   0  48  12   0   0   0   2  1.11 0.30
  210 L   -1 -4 -5 -5 -3 -4 -4 -5 -4  0  5 -4  3 -2 -4 -4 -3 -4 -3 -1    5   0   0   0   0   0   0   0   0   3  80   0   8   0   0   0   0   0   0   0  1.20 0.36
  211 H   -3 -1 -1 -2 -1  3  0 -3  7 -4 -1  0 -3 -3 -3 -2  0 -4 -1 -2    0   2   2   2   1  18   6   2  44   0   7   5   0   0   0   0   8   0   0   2  1.01 0.34
  212 S    2  0 -1 -1  5  0  0 -2  2 -3 -3  0 -1 -3 -3  2  0 -4 -3 -2   18   5   2   3  19   5   4   2   7   0   1   4   2   0   0  21   4   0   0   1  0.42 0.19
  213 V    0  0  1  2 -1  1 -1 -1  4  0 -2  1 -1 -3  0  0  0 -3 -1  1    5   5   7  12   2   7   0   3  14   5   1   8   2   0   3   8   4   0   2  12  0.18 0.11
  214 G    1 -1 -1 -2  1 -3 -2  5 -1 -4 -4 -3 -4 -4 -3  0 -1 -5 -4 -4   14   3   2   2   3   0   1  61   2   0   1   0   0   0   0   8   2   0   0   0  1.01 0.29
  215 Y   -1 -1 -2 -5 -4 -3 -4 -5 -1 -3  0 -2 -3  4 -4 -3 -3  3  7 -3    6   4   2   0   0   0   0   0   0   0   8   3   0  15   0   0   0   5  54   0  1.27 0.36
  216 Q   -1  0 -1 -2  2  0 -1  1  3  0  0  0 -1 -2 -3  0  2 -3 -1  1    2   6   1   1   6   5   3  11   9   3   9   5   0   0   0   5  19   0   1  13  0.13 0.10
  217 S    1  1  1 -1 -3 -1 -1 -2  1 -3 -3 -1 -2 -3  2  3  2 -4 -2 -1   11   8   8   2   0   2   0   2   4   0   1   0   0   0  12  28  16   0   1   4  0.41 0.15
  218 L   -3 -4 -4 -5 -3 -3 -4 -5 -4  0  5 -4  2  1 -4 -4 -3 -3 -2  1    1   0   0   0   0   0   0   0   0   0  78   0   4   4   0   0   0   0   0   9  1.01 0.28
  219 V    0 -2 -3 -3 -2 -2 -2 -3 -3  3  2  0  0 -1 -3 -2 -1 -3 -2  3   10   1   1   1   0   1   1   1   0  25  20   8   0   1   1   1   1   0   0  28  0.37 0.14
  220 G    0 -3 -2 -2 -4  1  0  6 -3 -4 -4 -2 -3 -4 -3 -2 -2 -4 -4 -4    8   1   1   1   0   9   6  68   0   1   1   1   0   0   1   1   1   0   0   1  1.12 0.26
  221 S    0 -1  0 -1 -3  1  1  1  0 -2 -2  0 -2 -2 -1  3  0 -3  1 -2    6   3   4   2   0   9   7  10   1   2   2   2   0   0   2  35   5   0   8   1  0.31 0.13
  222 T   -2 -2  4  4 -3 -1 -1 -2  0 -3 -4 -2 -3 -4 -3  1  3 -4 -3 -3    1   1  30  29   0   0   1   1   2   1   1   1   0   0   1  10  20   0   0   1  0.79 0.22
  223 E   -1 -1  1  4 -3  1  2 -2  0 -2 -3  0 -2  1  1  1  0 -3 -2 -3    4   3   6  27   0   5  12   1   1   2   1   4   0   8   6  16   3   0   0   1  0.37 0.12
  224 Q   -2 -1  1  2  3  3  3 -3  3 -3 -2  0 -2 -3 -3 -1 -1 -3  1 -3    1   1   7  12  10  16  27   1  10   0   4   3   0   0   0   2   1   0   5   0  0.50 0.17
  225 S    1 -3 -1 -2 -3 -2 -2  0 -3  1 -3 -2 -3 -4 -3  5  0 -4 -3 -2    6   0   0   0   0   0   0   7   0   9   1   0   0   0   0  70   3   0   0   0  0.92 0.31
  226 W   -4  3 -4 -5 -5 -3 -4 -5 -3 -4 -2 -3  1  0 -5 -4 -4 10  3 -4    1  17   0   0   0   0   0   1   0   0   3   0   4   2   0   1   0  59  11   0  2.26 0.43
  227 G   -1 -4  1 -3 -5 -3 -4  6 -4 -5 -5 -3 -5 -5 -4 -2 -3 -5 -5 -5    3   0   7   0   0   0   0  85   0   0   1   0   0   0   0   0   0   0   0   0  1.73 0.38
  228 W   -4 -4 -4 -5 -4 -3 -4 -4 -4 -1  0  0 -2  0 -4 -4 -4 11  0 -2    1   1   0   1   0   0   1   1   0   4  11   6   0   2   1   1   1  66   2   2  2.38 0.46
  229 D   -2 -2  3  5 -4 -1  1 -2 -2 -3 -4  1 -3 -4 -3  1 -2 -4 -4 -1    1   1  15  48   0   0   6   1   0   1   1   7   0   0   1  11   1   0   0   6  0.85 0.24
  230 L   -2 -3 -3 -3 -3 -2 -3 -3 -1  3  3 -3  2 -1 -3  1 -2 -3  0  0    1   1   1   1   0   1   1   1   2  24  43   1   6   0   1  13   1   0   4   1  0.48 0.18
  231 G    0  0 -1 -2 -3 -1 -2  2  2  0  0 -1 -1 -2 -2  1  0 -3 -2  2    6   5   3   0   0   1   1  21   6   3   7   4   0   0   1  14   4   0   0  23  0.18 0.11
  232 R   -3  5 -2  1 -5  1 -1 -3  2 -4 -4  3 -3 -5 -3  0  1 -5 -3 -4    0  47   0   7   0   3   1   1   6   0   0  18   0   0   0   4  12   0   0   0  0.92 0.29
  233 N   -2  2  5 -1 -5  0 -2  3  1 -4 -3  1 -1 -5 -4  0 -2 -5 -4 -4    2  10  39   0   0   3   0  24   3   0   3   9   2   0   0   5   0   0   0   0  0.72 0.25
  234 K   -1  2 -1 -1 -4  1  2 -1  0 -2 -2  3 -1 -1 -3  0  0 -3  2 -1    1  14   1   1   0   7  13   4   1   2   4  21   2   1   0   6   4   0  10   7  0.26 0.12
  235 L   -1  0 -4 -5  6 -3 -4 -5 -4  1  4 -3  0 -1 -4 -3 -1 -4 -3  0    6   7   0   0  23   0   0   0   0   7  50   0   0   2   0   0   2   0   0   4  0.76 0.26
  236 Y   -2 -3 -3 -4 -1  0 -2 -4  4  1  1 -2  0  1 -4 -1  0  5  3  0    0   0   0   0   2   3   1   0  13  10  18   2   1   5   0   6   7  11  15   6  0.41 0.17
  237 H   -4 -1 -1 -4 -6 -2 -3 -5  9  0 -5 -2 -4  0 -5 -4 -4  2  2 -4    0   2   1   0   0   0   0   0  77   6   0   2   0   4   0   0   0   2   5   0  2.14 0.53
  238 D   -1  0  4  4 -4  1  0  0  2 -2 -4  0 -3 -1 -3  0 -2 -4 -3 -3    4   5  24  26   0   5   5   7   5   4   0   5   0   4   0   5   0   0   0   0  0.47 0.21
  239 S    1 -2  1  0 -3 -2 -2  3 -2 -3 -3  1 -3 -3 -3  2  0  3 -3 -1   14   0   5   6   0   0   0  29   0   0   1   9   0   0   0  18   5   5   0   5  0.41 0.19
  240 K   -1  2  0 -1 -4  2  2  0 -2 -1 -3  4 -3 -4 -1 -2 -2  0 -3 -2    3  10   3   2   0   7  11   8   0   4   1  38   0   0   3   1   1   2   0   3  0.54 0.29
  241 N   -2  0  4  1 -3  1  0  0  1 -1 -3  1  0 -2 -1  0  0 -3 -2 -1    1   5  26   7   0   6   6   6   4   4   2   7   3   2   3   7   5   0   1   3  0.30 0.17
  242 C   -1  0 -1 -2  4  0 -1 -2 -2  0  1  0  1 -2  1 -1  0  2  0  0    3   5   3   1  15   3   4   3   0   7  13   8   4   1   6   4   6   4   5   6  0.13 0.10
  243 A    1  0 -1 -1  0  1  1  0  1 -1 -2  0  0 -3  1  1  1 -3 -2  0   15   4   2   2   3   6  10   7   5   2   1   4   2   1   7   9  12   0   1   8  0.15 0.11
  244 G    1 -2  1 -1  0  0 -2  3  2 -1 -1 -2 -2 -3  1 -1  0 -3 -2 -2   16   1   6   4   3   4   1  27   7   5   7   1   0   1   8   3   4   0   1   1  0.28 0.16
  245 V   -2  0 -1 -2 -1  0  0  0 -2  0 -1  0 -1  0  0 -1  1  6  1  1    1   5   3   1   2   3   6   8   0   6   4   5   0   5   5   4  13  13   6  11  0.21 0.14
  246 T   -1  1  1  0  0  1  0 -3 -1 -1 -1  0 -2  1  2  1  2 -3 -2 -1    3   8   6   6   2   5   4   1   2   3   4   6   0   7   9  11  17   0   0   5  0.17 0.13
  247 Y   -5 -1 -2 -6 -6 -4 -5 -2  1 -4 -2 -1  0  2 -6 -4 -4 -2  8 -1    0   4   2   0   0   0   0   3   2   0   3   4   2   7   0   0   0   0  68   4  1.84 0.69
  248 P   -3 -1 -1 -4  0 -1 -2 -5 -4 -5 -2  0 -5 -6  7 -3  0 -6 -5 -5    0   2   4   0   2   2   3   0   0   0   4   6   0   0  69   0   5   0   0   0  1.96 0.69
  249 A    1  0  1  0 -3  0  0  0  1 -2 -1  1 -2 -2  1  1  0 -3 -1  0   17   5   6   5   0   4   5   9   3   1   6   9   0   1   6   8   4   0   2   7  0.12 0.08
  250 I   -1  0  0  0  1  0 -1  0  0  1  0 -1  0  1 -1  0 -1  0  0  0    3   5   6   6   5   4   1   8   2  12   9   3   3   7   3   8   2   1   4   9  0.00 0.04
  251 L    0 -1 -1 -2 -2 -2 -2 -2 -2  2  1 -1  0  2  0  0  0  2 -1  1    7   3   2   2   0   1   1   3   0  16  18   3   2  14   6   8   4   3   1   7  0.15 0.12
  252 K    0  1  2  0 -4  1  1 -1  0 -3 -1  3  0 -3  2  0 -1 -4 -3 -3    7   6  11   3   0   6   9   5   2   0   7  23   2   0   9   5   2   0   0   1  0.31 0.19
  253 N   -1  1  3  0 -1  0  2 -2 -1 -3 -2  0 -1  0  3  0  0 -4  0 -2    2   8  20   3   2   3  14   2   1   0   2   4   2   4  13   7   5   0   4   3  0.31 0.20
  254 D   -1  0  2  3  1 -1  1  2  0 -1 -3 -1 -1 -3  2 -1 -1 -4 -1 -3    6   7  11  19   4   2   8  15   2   6   1   1   2   0  10   2   2   0   3   1  0.30 0.18
  255 E   -1  0 -2  2 -4  2  4 -2  0 -1 -2 -1 -3 -4  3 -1  0 -4 -3 -2    3   4   0  11   0  10  30   3   3   3   4   2   0   0  15   2   5   0   0   3  0.53 0.27
  256 A    1 -1  1 -1  1  0 -1  0 -2 -2 -2  2 -2 -3  2  1  2 -4 -1 -1   15   2   6   3   3   5   1   7   0   2   3  14   0   0  11   7  15   0   2   4  0.23 0.15
  257 F   -2 -2  0 -3 -3 -2 -2 -3  1 -2  1 -3 -2  5 -2  0  0  1  4 -2    1   2   4   1   0   2   3   1   3   1  13   1   0  32   2   8   6   2  16   1  0.58 0.28
  258 L    0 -1 -1 -1 -2  1  0 -1  0  0  1  0  0  0  1  0  0 -3 -2  1    6   1   2   2   0   9   6   5   3   4  19   5   0   5   7   5   5   0   1  15  0.08 0.09
  259 V    0 -2 -2  0 -2  0 -2 -3 -3  2  1 -2  1  0 -3 -2  0 -3 -2  3    8   0   0   7   0   7   1   1   0  16  13   1   4   5   0   1   4   0   0  33  0.26 0.14
  260 P   -2  0 -2  0 -4  0 -1  2 -3 -5 -4 -1 -4 -5  6  0 -2 -5 -4 -4    0   6   0   6   0   3   3  21   0   0   0   3   0   0  49   7   0   0   0   0  1.20 0.31
  261 D   -2  0  1  4 -4  1  2 -3 -2 -3 -3 -1  1 -4  0  0  1 -4 -3 -1    1   5   6  27   0   7  16   1   0   0   1   0   7   0   5   7  11   0   0   5  0.45 0.22
  262 K    0  2  0  1  1  1  0 -2 -2  0  0  1 -1 -3 -2  1  1 -4 -3 -1    4  13   4   9   4   6   6   1   0   5   9  10   0   0   0  14  10   0   0   5  0.16 0.11
  263 F   -2 -3 -4 -4 -3 -3 -4 -4 -3  3  2 -3  0  5 -3 -3 -2 -2  2  1    1   1   0   1   0   0   1   1   0  23  21   1   0  30   1   1   1   0   6  11  0.59 0.20
  264 L   -2  2 -2 -3 -3 -1 -2  1 -1 -1  2  0  0  0 -3 -1  0 -2  3 -2    1  19   0   1   0   2   1  15   0   2  25   3   1   4   0   4   6   0  16   1  0.23 0.11
  265 V   -1 -4 -4 -5  4 -3 -4 -4 -4  1  2 -3  5 -2 -4 -3 -2 -3 -3  4    2   0   0   0  12   0   0   0   0   3  17   0  23   0   0   0   0   0   0  40  0.72 0.23
  266 A   -1 -3 -4 -4 -3 -3 -4 -4  0  4  1 -3  2 -1 -4 -3 -1 -2  3  3    4   0   0   0   0   0   0   0   3  34  13   0   5   0   0   0   2   0  13  23  0.51 0.17
  267 L   -3 -4 -4 -5 -3 -3 -4 -5 -4  2  4 -4  1  2 -4 -3 -2 -3  0  2    0   0   0   0   0   0   0   0   0   8  66   0   2   7   0   0   0   0   3  12  0.79 0.21
  268 D   -4 -4  2  7 -6 -3 -1 -4 -3 -6 -6 -3 -6 -6 -4 -2 -3 -7 -6 -6    0   0   8  92   0   0   0   0   0   0   0   0   0   0   0   0   0   0   0   0  2.17 0.44
  269 M    0 -4 -4 -5  6 -3 -4  0 -4 -1  0 -4  7 -3 -4 -2  0 -4 -4 -2    9   0   0   0  21   0   0   8   0   0   4   0  48   0   0   2   7   0   0   0  1.02 0.33
  270 D   -3 -1 -1  6 -5 -1  3 -2 -2 -1 -4 -1 -4  0 -4 -2 -3  3 -1 -4    0   2   0  57   0   0  21   2   0   4   0   2   0   4   0   0   0   4   2   0  1.07 0.28
  271 E    0  1  2  2 -4  2  3 -2  0 -2 -3  1 -2 -4 -2  0  1 -4 -3 -2   10   8   9  10   0  11  23   0   2   2   0   6   0   0   0   6  12   0   0   3  0.39 0.12
  272 G   -2 -3  0 -3  0 -3 -3  6  3 -5 -5  0 -4 -5 -4 -2 -3 -5 -4 -3    0   0   4   0   3   0   0  74  11   0   0   6   0   0   0   0   0   0   0   2  1.35 0.31
  273 T   -2 -1 -1 -3  1 -2 -3 -4 -2  1 -2 -2 -2 -1 -3  1  5 -3  2  0    0   3   1   0   4   0   0   0   0   9   0   1   0   2   0   8  56   0  10   5  0.72 0.26
  274 L   -2 -4 -5 -6 -3 -4 -5 -5 -5  1  5 -4  3 -1 -4 -4 -3 -4 -3  2    3   0   0   0   0   0   0   0   0   2  73   0   8   0   0   0   0   0   0  14  1.00 0.27
  275 S    2 -2 -2 -2 -3  0 -1  2  1 -3 -1 -2 -2 -2 -3  2  1 -3  3 -2   19   0   0   0   0   6   3  16   4   0   7   0   0   0   0  24   8   0  14   0  0.34 0.15
  276 F   -5 -5 -5 -6 -5 -5 -6 -6 -3 -3 -2 -5 -2  8 -6 -5 -4 -1  4 -3    0   0   0   0   0   0   0   0   0   0   0   0   0  87   0   0   0   0  13   0  2.17 0.45
  277 I    1 -2 -2  0 -3 -1  2  1 -2  0 -1  0  1  1 -3  1 -1 -3  0  1   14   0   0   6   0   0  17  10   0   6   3   6   4   7   0  11   0   0   4  11  0.14 0.13
  278 V    1  0 -1 -1 -3  0 -2 -1 -2  1 -1  1  0  0 -3  1  0 -4 -2  2   12   6   3   3   0   4   0   4   0   7   3  13   3   4   0  13   5   0   0  21  0.14 0.13
  279 D   -1 -3  2  5  1 -2  1  2 -3 -4 -2 -2 -4 -5 -4  0  0 -6 -5 -4    4   0  11  40   4   0   7  20   0   0   5   0   0   0   0   4   5   0   0   0  0.75 0.30
  280 Q   -1 -1  1  1 -4  0  1  4 -2 -4 -3  0 -3 -3 -3  0 -2 -1  0 -2    2   3   7  10   0   4   8  43   0   0   3   4   0   1   0   7   1   1   4   3  0.51 0.17
  281 Q   -2 -1  0  1 -2  2  4 -1  1 -3 -2  2 -3 -4 -3 -1  0 -5 -4 -1    0   1   4   5   1  11  39   5   3   0   3  14   0   0   0   3   6   0   0   4  0.57 0.21
  282 Y   -4  0 -1 -3  1 -4 -5 -5 -1 -3 -3 -4 -3  5  0 -4 -4  2  7 -4    0   6   4   1   3   0   0   0   0   0   0   0   0  33   5   0   0   2  45   0  1.37 0.37
  283 L   -3 -4 -5 -6 -4 -4 -5 -6 -3  2  5 -4  1  1 -5 -4 -2  2  3 -1    0   0   0   0   0   0   0   0   0  14  64   0   1   3   0   0   2   3  13   0  0.96 0.29
  284 G   -2 -4  0 -3 -6 -4  0  7 -4 -7 -6 -4 -5 -6 -5 -3 -4 -6 -6 -6    0   0   5   0   0   0   6  89   0   0   0   0   0   0   0   0   0   0   0   0  1.94 0.44
  285 I   -2 -4 -4 -2 -3 -3 -1 -5 -4  4  0 -4 -1 -2 -1 -3  0  1 -3  4    2   0   0   2   0   0   6   0   0  25   6   0   0   0   3   0   5   2   0  48  0.68 0.25
  286 A    6 -4 -4 -5  3 -3 -3 -2 -4 -4 -4 -3 -3 -5 -3 -1 -2 -5 -5 -1   91   0   0   0   6   0   0   0   0   0   0   0   0   0   0   0   0   0   0   3  1.54 0.46
  287 F   -4 -5 -5 -6  1 -5 -6 -6  2  0  0 -5 -2  8 -6 -5 -4 -2  2 -3    0   0   0   0   3   0   0   0   6   5   6   0   0  77   0   0   0   0   3   0  1.79 0.44
  288 R   -1  3  0 -1 -1  1 -1 -2  0 -3 -4  1 -1 -4 -3  1  4 -5 -3 -3    3  23   3   3   1   5   2   2   2   0   0   7   1   0   0   8  39   0   0   0  0.61 0.24
  289 G   -2 -2  3  2 -5 -3 -1  5 -1 -5 -5 -2 -4 -2 -4 -1 -3 -5 -1 -2    0   2  14  12   0   0   2  57   1   0   0   2   0   1   0   3   0   0   3   3  0.97 0.27
  290 L   -3 -4 -5 -6 -4 -1 -5 -6 -5  1  5 -4  0 -1 -5 -4 -3 -4 -3  0    0   0   0   0   0   3   0   0   0   4  90   0   0   0   0   0   0   0   0   2  1.32 0.32
  291 R   -2  4  0 -2 -5  1 -1 -4  1 -4 -4  4 -3 -5  4 -1 -2 -5 -4 -1    0  27   4   1   0   5   0   0   3   0   0  30   0   0  20   4   0   0   0   5  0.83 0.22
  292 G   -1 -2  1  1 -5 -2 -2  5 -1 -5 -4  0  0 -5  1 -1 -1 -5 -5 -4    2   2   5  10   0   0   1  54   1   0   0   5   4   0   9   3   4   0   0   0  0.81 0.20
  293 K   -1  2  0 -2 -2  0  1 -2  1 -2 -1  4 -2 -4 -3  0 -1 -5 -3  1    2  10   4   0   1   2   8   2   3   0   6  42   0   0   0   4   3   0   0  12  0.45 0.17
  294 K   -2  1 -2 -2  1 -1  1 -1 -2 -3 -2  3 -2 -4  3  0  3 -5 -4 -1    0   5   0   0   3   0  11   4   0   0   4  27   0   0  16   3  22   0   0   5  0.48 0.17
  295 L   -3 -5 -5 -6 -4 -4 -5 -6 -5  0  5 -5  0  0 -5 -4 -3 -4 -3  2    0   0   0   0   0   0   0   0   0   0  85   0   0   2   0   0   0   0   0  12  1.26 0.31
  296 Y   -4 -4 -4 -6 -5 -4 -5 -6  1 -3 -3 -1 -3  5 -6 -2 -4  0  8 -4    0   0   0   0   0   0   0   0   1   0   0   4   0  22   0   2   0   0  71   0  1.94 0.40
  297 P   -3 -5 -5 -5 -6 -4 -4 -5 -5 -5 -2 -4 -5 -6  8 -4 -4 -7 -6 -5    0   0   0   0   0   0   0   0   0   0   4   0   0   0  96   0   0   0   0   0  3.05 0.49
  298 I    3 -3 -3 -4 -3 -2 -3 -3 -3  2  0 -3  5 -2 -3  1  1 -4 -3  1   31   0   0   0   0   0   0   0   0  17   6   0  23   0   0   8   8   0   0   8  0.50 0.19
  299 V    0 -4 -5 -5  2 -4 -4 -5 -5  3 -1 -4  1 -3 -4 -3 -2 -5 -3  5    7   0   0   0   4   0   0   0   0  20   0   0   3   0   0   0   0   0   0  65  1.01 0.28
  300 S    1 -3  0 -3  5 -2 -3 -2 -3 -4 -4 -3  1 -4 -3  5 -1 -5 -4 -3    7   0   3   0  15   0   0   1   0   0   0   0   5   0   0  69   0   0   0   0  1.08 0.31
  301 A    4 -3 -2 -3  1 -2 -1 -1 -3 -3 -3 -2 -3 -4 -2  2  1 -5 -4  0   59   0   0   0   4   0   3   2   0   0   0   0   0   0   0  19   7   0   0   6  0.74 0.23
  302 V    0 -4 -1 -4 -3 -3 -4 -4 -4  0 -1 -3 -1 -3 -4 -2  3 -5 -3  5    5   0   4   0   0   0   0   0   0   0   3   0   0   0   0   0  22   0   0  66  0.87 0.27
  303 W    0  0 -4 -5  2 -1 -4 -4  2 -3 -2 -2  0 -1 -5 -3 -3  8  5 -2   11   5   0   0   6   3   0   0   7   0   3   2   2   0   0   0   0  33  26   2  1.22 0.27
  304 G    1 -3 -2 -1 -4 -3 -2  5 -3 -5 -4 -3  0 -5  0  1 -1 -5 -5 -4   11   0   0   3   0   0   2  64   0   0   0   0   3   0   5   8   3   0   0   0  1.03 0.23
  305 H   -2  0  4  1 -5  2 -1  2  6 -4 -4  1  1 -4 -4 -2 -2 -4 -2 -4    0   3  24   6   0  10   2  16  26   0   0   9   5   0   0   0   0   0   0   0  0.71 0.21
  306 C    2 -4 -3 -4  7 -3 -3 -1 -4 -3 -3 -3 -3 -4 -3  1  3 -5 -4 -1   21   0   0   0  38   0   0   5   0   0   0   0   0   0   0   9  24   0   0   2  0.98 0.25
  307 E    0  0 -1  1 -2  1  6 -4 -2 -4 -2  0 -3 -5 -3 -1 -1 -5 -4 -2    5   3   2   5   1   5  65   0   0   0   5   1   0   0   0   3   3   0   0   2  0.94 0.25
  308 I   -2 -4 -5 -6 -3 -4 -5 -6 -5  5  0 -4  3 -1 -5 -4 -2 -4 -3  4    0   0   0   0   0   0   0   0   0  46   0   0  11   1   0   0   0   0   0  41  1.06 0.27
  309 T   -1  2 -1 -2 -1  0  0  0 -1 -3 -3  1 -2 -4 -3  2  4 -5 -3 -2    0  14   1   0   1   2   5   6   1   0   0   8   0   0   0  17  42   0   0   2  0.58 0.19
  310 M   -1 -3 -4 -4 -2 -2 -3 -4 -3  3  3 -3  4  0 -3 -3 -1 -3 -2  3    0   0   0   0   0   0   0   0   0  25  25   0  25   0   0   0   0   0   0  25  0.46 0.03
  311 R    0  2  0 -2 -3  1  0  0  0  0  0  1 -1 -2 -2  0  0 -3 -2  1    5  17   3   0   0   5   3   8   3   4  11  12   0   0   0   7   6   0   0  14  0.13 0.06
  312 Y   -3 -3 -3 -4  2  0 -3 -4  3  0 -2 -1 -2  1 -4 -1 -2  0  7 -1    0   0   0   0   5   5   0   0   7   6   1   4   0   0   0   4   0   0  60   5  1.06 0.29
  313 I    0 -1 -1 -3 -2 -1 -3 -3 -2  3  2 -2  2  0 -3 -2  0 -3  0  1    7   5   3   1   0   3   1   1   0  28  27   1   5   3   1   1   7   0   3   5  0.26 0.12
  314 G    1  1  2 -2 -3 -1 -2  4 -2 -3 -3 -1 -2 -3 -2 -1  0  3 -2 -3   12   9  12   1   0   1   1  43   0   1   2   1   0   1   1   1   6   6   1   1  0.53 0.14
  315 G    0 -2  2 -1  1 -1  1  3 -2 -2 -1 -1 -2 -1 -2  2 -1 -3 -2 -2    7   1  11   1   4   1   9  30   0   1   8   1   0   3   1  19   1   0   1   1  0.31 0.11
  316 L    0  1 -2 -2 -2  1  0 -1 -2  0  2 -1  2  1 -2  0  1 -2 -1  0    7   9   0   1   0   7   6   4   0   5  24   1   6   9   1   4  11   0   0   4  0.11 0.07
  317 D   -1  3  1  4  0 -1  2 -2 -2 -4 -4  1 -3 -4  1  0  0 -4 -1 -3    3  19   4  25   3   0  18   2   0   0   0   5   0   0   8   5   5   0   3   0  0.51 0.18
  318 P    1  3  1 -2  1 -1  0 -1  0 -4 -3 -1 -3 -4  5  0 -2 -4 -3 -3   14  26   7   0   4   0   6   3   2   0   1   0   0   0  29   5   0   0   0   0  0.70 0.20
  319 E   -1 -1  0  2 -4  1  4 -1 -1 -3 -2  0 -2 -3 -2  0  2 -4 -1 -3    3   2   4   8   0   5  42   5   0   0   4   5   0   0   0   4  14   0   2   0  0.52 0.19
  320 P   -1 -3 -4 -4 -4 -3 -3 -4 -3 -3 -3 -3  0  3  7 -2 -3 -3  1 -3    5   0   0   0   0   0   0   0   0   0   1   0   3  17  65   0   0   0   5   0  1.72 0.34
  321 L    0 -1 -3 -3 -3 -2 -3 -2  1  0  3 -2  0  0  3  0 -2 -3 -2  0   11   4   0   0   0   0   0   3   6   0  42   0   0   4  16   6   0   0   0   5  0.35 0.15
  322 P    0 -1  1 -2  0 -2 -2  0 -3 -2 -2 -2 -3 -4  4  3  2 -5 -4 -3    5   3   7   0   2   0   0   5   0   2   3   0   0   0  26  33  12   0   0   0  0.67 0.21
  323 L   -3 -4 -5 -5 -3 -4 -5 -5 -4  0  5 -4  1  1 -4 -1 -3 -3 -2 -1    0   0   0   0   0   0   0   0   0   0  89   0   0   6   0   5   0   0   0   0  1.07 0.29
  324 M   -2  1 -2 -2 -3  3  1 -4 -2  0  1  1  4  1 -3  0 -1 -3 -2 -1    0   7   0   0   0  18  11   0   0   5  16   7  21   7   0   8   1   0   0   0  0.31 0.15
  325 D    1 -2  0  5 -4 -1  2 -3  3 -4 -4 -2 -4 -4  1  0 -2 -5 -3 -2   15   0   0  47   0   0  13   0  11   0   0   0   0   0   6   5   0   0   0   3  0.78 0.21
  326 L   -2  3 -3 -4  1  0 -2 -4 -3  1  3 -1  2 -1 -3 -1  0 -3 -3  0    0  20   0   0   4   5   0   0   0  11  42   0   6   0   0   5   7   0   0   0  0.37 0.15
  327 C   -1 -5 -4 -5  9 -4 -5 -4 -5 -3 -1 -4 -3 -4  0  1  0 -5 -4 -3    3   0   0   0  70   0   0   0   0   0   6   0   0   0   5  10   6   0   0   0  1.65 0.35
  328 R   -2  6 -2 -3  3 -1 -2 -1 -2 -4 -4  2 -3 -4  1 -2 -3 -4  0 -3    2  68   0   0   8   0   0   6   0   0   0   6   0   0   6   0   0   0   4   2  1.03 0.26
  329 R    1  3 -1 -3 -3 -1 -2 -1 -2 -2  1  1  1  0 -3  1 -1  2 -2 -2   13  28   3   0   0   0   0   3   0   0  20   7   5   3   0  14   0   3   0   0  0.28 0.13
  330 T    1  0 -1 -2  1 -1  1 -2 -2 -1 -1 -1 -2 -2 -2  3  2 -4  0  1    7   6   0   0   4   0  11   0   0   1   3   0   0   0   0  31  16   0   3  18  0.29 0.14
  331 I   -1 -4 -4 -5 -2 -4 -4 -5 -4  5  1 -4  0  0 -4 -1 -2 -4 -2  3    3   0   0   0   0   0   0   0   0  57  10   0   0   3   0   6   0   0   0  21  0.72 0.21
  332 R   -1  6 -2 -3  1  0  0 -3 -2  0 -1  0  0 -3 -3 -2 -2 -4 -3 -1    5  62   0   0   4   2   4   0   0   5   8   0   3   0   0   0   0   0   0   4  0.81 0.24
  333 Q   -1  3 -1 -2 -3  3 -1 -3  1 -1  0  2 -1 -2 -1  1 -1 -3 -2 -2    3  22   0   0   0  19   0   0   4   3  14  15   0   1   2  13   1   0   0   0  0.37 0.14
  334 K    1  0  1 -2  1  1 -1 -2  5 -1  1  0 -1 -2 -1  0 -1 -3  0 -1   14   6   8   0   4   7   2   0  23   3  16   3   0   0   2   3   1   0   2   4  0.22 0.11
  335 I   -1 -3 -4 -5 -3 -3 -4 -4 -4  1  3 -3  3 -1  1 -1 -2 -3 -3  3    4   0   0   0   0   0   0   0   0   5  45   0  13   0   6   4   0   0   0  24  0.57 0.18
  336 G   -1  0  0 -2 -3  0  0  5 -2 -3 -2  0  1 -3  0 -1 -1 -3 -3 -3    1   5   6   1   0   5   7  51   0   1   5   4   7   0   4   1   2   0   0   1  0.57 0.15
  337 R   -1  4 -1  0 -3  2  0 -2 -1 -3 -3  3 -2 -3 -2  1 -1 -3 -2 -2    4  35   1   6   0  13   1   1   0   1   2  19   0   1   1  10   1   0   1   1  0.55 0.14
  338 T    0  1  1  1 -3  2  1 -2 -1 -1 -1  1 -1 -3  1  1  0 -3 -2 -1    8   7   6   8   0  12  10   1   0   4   4  11   0   0   7  11   6   0   1   3  0.21 0.06
  339 N   -2  4  3  1 -4  1  0 -1  2 -4 -4  0 -3 -4 -3  2 -1 -4 -1 -4    0  30  19   8   0   5   5   4   6   0   0   1   0   0   0  20   0   0   2   0  0.55 0.18
  340 L    0 -2 -2 -3 -2 -2 -2 -2 -2  2  2 -2  2  2  0  0 -1 -2  1  0    6   1   1   1   0   1   1   3   0  14  31   1   8   9   5   7   2   0   4   4  0.20 0.08
  341 E    1  1  0  0 -3  2  2  0  1 -2 -2  0 -2 -3  1  1 -1 -3 -2 -1   14   8   2   4   0   8  20   7   5   1   1   5   0   1   6  14   1   0   1   4  0.26 0.07
  342 E   -1  0 -1  2 -1  2  3  0  2 -4 -3  2 -2 -4 -2 -1  0 -4 -3 -3    3   4   0  13   2  11  27   7   7   0   1  17   0   0   0   1   5   0   0   0  0.46 0.14
  343 H    0  2  2  1 -2  2  0 -1  4 -2 -1  0 -1 -2 -1 -1 -1 -2 -1 -2    7  15  15   9   1   9   2   2  17   2   7   4   1   1   2   2   2   0   1   2  0.27 0.08
  344 I    0 -4 -4 -4 -2 -3 -4 -4 -4  4  1 -3  0  1 -3 -3 -1 -3 -2  3    7   0   0   0   0   0   0   0   0  44  11   0   0   8   0   0   2   0   0  25  0.59 0.18
  345 Q   -1  1  2  2  0  1  2 -2  0 -3 -1  0 -1 -3 -2  2 -1 -4  0 -3    2   6  11  11   2   7  20   1   1   0   6   3   2   0   1  24   0   0   3   0  0.34 0.13
  346 Q    1  0  1  1 -3  2  2 -1 -1 -3 -3  2 -2 -4  0  0  1 -4 -3 -2   15   0   6   6   0  14  13   3   0   0   0  21   0   0   3   4  11   0   0   3  0.37 0.13
  347 L   -1 -4 -5 -6 -3 -4 -5 -5 -4  0  5 -4  2 -1 -5 -4 -3 -3  0 -1    4   0   0   0   0   0   0   0   0   0  88   0   4   0   0   0   0   0   3   0  1.16 0.32
  348 Q   -1  2  2 -2 -4  0  1 -3 -2 -3 -3  1  1 -4  5  0 -2 -5 -4 -2    2  15  12   0   0   3  11   0   0   0   0   5   6   0  37   6   0   0   0   3  0.84 0.19
  349 L   -3 -4 -5 -6 -3 -4 -5 -6 -5  2  5 -4  1 -1 -5 -4 -3 -4 -3  0    0   0   0   0   0   0   0   0   0  14  86   0   0   0   0   0   0   0   0   0  1.19 0.29
  350 P   -2 -4 -4 -4 -6 -4 -3 -5 -4 -5 -5 -3 -5 -6  8 -1 -3 -7 -6 -5    0   0   0   0   0   0   0   0   0   0   0   0   0   0  97   3   0   0   0   0  3.04 0.46
  351 L    1  1  1 -2 -4  2  0 -3 -2 -2  0  1 -2 -3  5  0 -2 -4 -3 -2   11   6   7   0   0  12   5   0   0   1  13  10   0   0  30   4   0   0   0   0  0.60 0.15
  352 S    1  1 -2 -2  1 -1 -1 -1 -2 -1 -1 -1 -1 -1  1  2  1  2 -1  1   16   9   0   0   5   0   4   3   0   2   3   0   0   2   8  21   9   4   2  12  0.19 0.09
  353 M   -3 -4 -5 -5  3 -3 -4 -5 -4  2  4 -4  4 -1 -4 -4 -2 -3 -3  1    0   0   0   0   7   0   0   0   0   8  56   0  19   0   0   0   0   0   0  11  0.83 0.22
  354 K   -1  1 -1 -2 -4  2  1 -3  1  0 -3  5 -2 -4 -3  0 -2 -5 -3 -1    3   5   0   0   0  12   8   0   3   7   0  53   0   0   0   4   0   0   0   4  0.70 0.21
  355 T    0  2  1  2  0  2  1 -2  0 -3 -3  1 -2 -4 -2  1  1 -4 -3 -2    8  17   8  16   3  12   6   0   2   0   0   8   0   0   0   7  12   0   0   1  0.38 0.11
  356 Y   -4 -4 -4 -1 -5 -3 -1 -5  3 -3 -3 -4 -3  3 -5 -4 -4  0  8 -4    0   0   0   5   0   0   5   0   6   0   0   0   0  12   0   0   0   0  73   0  1.71 0.36
  357 L   -3 -4 -5 -6 -3 -4 -5 -6 -5  0  5 -4  1 -1 -5 -4 -3 -4 -3  0    0   0   0   0   0   0   0   0   0   0  95   0   0   0   0   0   0   0   0   5  1.31 0.30
  358 L   -3 -3 -4 -5 -3  1 -3 -5 -3  0  5 -3  2 -1 -4 -3 -1  3 -2 -1    0   0   0   0   0  11   0   0   0   0  77   0   3   0   0   0   3   6   0   0  0.82 0.19
  359 Y   -3 -3 -3 -4 -5 -2 -3 -5  5 -3 -3 -3 -3  2 -5 -3 -3  0  8 -3    0   0   0   0   0   0   0   0  22   0   0   0   0   2   0   0   0   0  76   0  1.75 0.24
  360 K   -2  2 -1 -2 -5  6  2 -3  0 -4 -4  3 -2 -4 -3 -1 -2 -4 -3 -3    0  10   0   0   0  59   6   0   0   0   0  25   0   0   0   0   0   0   0   0  1.06 0.16
  361 N   -1 -1  2  5 -4  0  3 -2  2 -4 -4  0 -3 -4 -2  1 -1 -5 -3 -3    0   0  13  43   0   0  27   0   8   0   0   0   0   0   0   9   0   0   0   0  0.74 0.01
  362 R   -2  6 -1 -2 -4  1 -1 -3  0 -4 -3  2 -2 -4 -2 -1 -2 -4 -3 -3    0 100   0   0   0   0   0   0   0   0   0   0   0   0   0   0   0   0   0   0  1.12 0.01
  363 R   -2  6 -1 -2 -4  1 -1 -3  0 -4 -3  2 -2 -4 -2 -1 -2 -4 -3 -3    0 100   0   0   0   0   0   0   0   0   0   0   0   0   0   0   0   0   0   0  1.12 0.01

                      K         Lambda
Standard Ungapped    0.1819     0.3479
Standard Gapped      0.1100     0.3190
PSI Ungapped         0.1819     0.3479
PSI Gapped           0.1100     0.3190
