
Last position-specific scoring matrix computed, weighted observed percentages rounded down, information per position, and relative weight of gapless real matches to pseudocounts
           A  R  N  D  C  Q  E  G  H  I  L  K  M  F  P  S  T  W  Y  V   A   R   N   D   C   Q   E   G   H   I   L   K   M   F   P   S   T   W   Y   V
    1 M   -2 -3 -3 -4 -2 -1 -3 -4 -3  1  1 -3  7 -1 -3 -2 -1 -2 -2  2    0   0   0   0   0   0   0   0   0   0   0   0  74   0   0   0   0   0   0  26  0.79 0.10
    2 T    0 -2 -1 -2 -2 -1 -2 -2  2 -2 -3 -2 -2 -3  1  3  5 -4 -2 -2    0   0   0   0   0   0   0   0   7   0   0   0   0   0   7  29  56   0   0   0  0.78 0.14
    3 L    0 -3 -3 -4  2  0 -3 -3 -3  1  3 -2  2 -1 -3 -1  2 -3 -2  0   11   0   0   0   6   4   0   0   0   4  45   0   5   0   0   3  16   0   0   5  0.33 0.08
    4 R   -2  5  0 -1 -5  1 -1 -3  1 -4 -2  3 -3 -4  0  0 -2 -5 -3 -4    0  54   4   3   0   3   0   0   3   0   3  18   0   0   5   6   0   0   0   0  0.87 0.18
    5 S   -1  0  3  1 -3  1  0 -2 -1 -4 -4  0 -3 -1  0  3  0 -4  0 -3    2   5  17   9   0   5   3   0   0   0   0   5   0   3   4  40   4   0   4   0  0.47 0.14
    6 K    0  2  0 -1 -4  2  3 -1 -1 -2 -1  3 -2 -4 -1  1 -1 -4 -3 -2    8  13   2   0   0  10  21   3   0   2   6  20   0   0   2  11   1   0   0   1  0.37 0.12
    7 A    2 -1 -1  0 -3  0  0  1 -2 -2 -3  0 -2 -2  1  2  1 -4 -3 -1   21   2   2   5   0   5   4  12   0   0   1   3   0   1   7  24   7   0   0   6  0.29 0.10
    8 I    0 -1 -3 -2 -2 -2 -3 -3 -3  2  2 -1  3  0  0  0  0 -3 -1  1   10   2   0   3   0   0   0   0   0  18  18   2  12   4   5   5   6   0   2  11  0.20 0.09
    9 M   -1 -3 -3 -4 -1 -2 -3 -4  2  1  1 -2  8 -3 -5 -3 -1 -4 -2  0    4   1   1   1   2   1   2   1   6   7  12   2  48   0   0   1   4   0   1   6  1.03 0.40
   10 T    1 -2  1 -1 -1  0 -1  0 -3 -2 -1  0 -1 -4  2  2  3 -5 -3 -1   11   1   6   2   1   5   3   6   0   1   5   4   1   0   8  19  21   0   1   4  0.31 0.18
   11 S    0  1  1 -2 -4 -1  0  0  1 -3 -3 -1 -1 -3 -3  4  1 -5 -3 -3    8   8   6   1   0   2   5   6   4   1   2   2   2   1   0  41   9   0   1   1  0.50 0.28
   12 T    0 -1  1 -1 -3  0 -1  0 -1 -2 -1  0  1 -3  0  2  3 -4 -1 -1    7   3   5   3   0   3   2   6   1   2   4   6   5   0   3  19  25   0   2   4  0.28 0.19
   13 S    1 -1  1  0 -1  1  0 -1 -2 -4 -4 -1 -2 -1  2  3  1 -5  0 -4   10   2   7   5   1   5   4   5   1   0   0   2   1   2  12  31   8   0   3   0  0.44 0.25
   14 D   -2 -2  1  4 -3  1  3  0  0 -4 -2 -1 -2 -3  1  1 -1 -5 -2 -2    2   1   8  24   1   4  21   6   2   0   3   3   1   1   6  11   3   0   2   3  0.47 0.24
   15 K   -1  1  0  0 -2  1  2 -2  1 -3 -3  3  0 -3  1  0  1 -5 -1 -2    3   9   4   6   1   6  13   2   3   1   2  22   2   1   7   6   8   0   2   2  0.32 0.18
   16 R   -2  3 -1 -2 -4  1  0 -2  0 -2 -3  3 -3  1  0 -1 -2 -1  4 -2    2  21   2   2   0   5   4   3   2   2   1  18   0   6   5   3   2   1  20   2  0.50 0.26
   17 E   -2  0 -1  5 -6  0  4 -4 -1 -5 -5  1 -5 -6 -3 -1 -3 -7 -3 -4    2   5   2  36   0   4  31   0   1   1   1   9   0   0   1   3   1   0   1   1  1.05 0.44
   18 H   -3  1 -2 -3 -2  0 -3 -4  6 -2 -2  0 -3  1 -3 -2  0 -3  6 -1    1   7   2   1   1   4   1   1  20   1   4   6   0   4   1   2   5   0  32   5  0.88 0.41
   19 L   -3 -4 -2 -4 -4 -1 -4 -6 -5  2  4 -3  3  0 -3 -1 -1 -5 -3  1    1   1   2   1   0   2   1   0   0  11  48   1   9   4   1   4   3   0   1  11  0.73 0.35
   20 Y   -2 -5 -4 -7 -2 -4 -6 -7  0  0  1 -5  1  7 -7 -5 -5 -1  5 -2    3   0   1   0   1   0   0   0   2   5  12   0   3  50   0   0   0   0  19   2  1.53 0.57
   21 K   -4  0 -3 -2 -8  1 -3 -5 -3 -7 -7  7 -6 -8 -5 -5 -4 -8 -7 -7    0   3   0   2   0   4   0   1   0   0   0  89   0   0   0   0   0   0   0   0  2.42 0.88
   22 I   -2 -5 -6 -7 -3 -5 -6 -6 -1  4  2 -5  0  1 -6 -4 -2 -5 -1  4    3   0   0   0   0   0   0   0   2  32  17   0   1   7   0   0   2   0   2  34  0.99 0.42
   23 L   -3 -6 -3 -7 -3 -5 -6 -6 -6  4  4 -6  0 -2 -6 -4 -3 -6 -5  4    1   0   1   0   0   0   0   0   0  28  37   0   1   1   0   1   1   0   0  30  1.19 0.48
   24 V   -3 -6 -6 -7 -3 -3 -6 -7 -6  3  3 -5  2  1 -6 -3 -3 -5 -4  4    1   0   0   0   0   1   0   0   0  16  32   0   5   6   0   1   1   0   0  37  1.04 0.45
   25 I   -3 -6 -6 -6 -3 -4 -6 -6 -6  5  3 -5 -1 -2 -6 -5 -3 -5 -4  4    2   0   0   0   0   0   0   1   0  43  23   0   1   1   0   0   1   0   0  27  1.28 0.50
   26 G   -4 -7 -5 -6 -8 -7 -7  7 -7 -4 -8 -6 -8 -8 -7 -3 -6 -8 -8 -8    0   0   0   0   0   0   0  98   0   1   0   0   0   0   0   1   0   0   0   0  2.84 0.94
   27 E   -2 -2  2  6 -2 -2  3 -3  1 -7 -8 -3 -4 -7 -3 -2 -4 -8 -7 -7    3   2   9  59   1   1  17   1   3   0   0   1   0   0   1   2   1   0   0   0  1.61 0.66
   28 L    1 -2 -3 -4  0  1 -3  0 -1 -2  0 -1  1 -3  0  4 -1 -5  0 -2   11   1   0   0   2   6   1   6   1   1   9   3   4   1   4  41   3   0   4   2  0.51 0.36
   29 G    1 -1  0 -3 -3 -3 -2  5 -2 -6 -5 -3 -4 -3 -4  1 -1 -6 -2 -2   12   3   4   1   1   1   2  54   1   0   0   1   0   1   0  11   4   0   1   3  1.01 0.46
   30 T    0 -6 -4 -7  1 -6 -6 -7 -7 -1 -4 -6 -3 -2 -6 -2  1 -7 -2  7    7   0   1   0   3   0   0   0   0   1   0   0   0   2   0   2   7   0   2  76  1.73 0.72
   31 G   -2 -7 -5 -6 -8 -6 -2  7 -7 -8 -4 -6 -7 -8 -7 -5 -6 -8 -8 -8    3   0   0   0   0   0   3  91   0   0   3   0   0   0   0   0   0   0   0   0  2.51 0.88
   32 K   -5  0 -5 -6 -8 -3 -3 -7 -5 -3 -7  8 -6 -8 -6 -5 -3 -8 -7 -3    0   3   0   0   0   0   1   0   0   1   0  92   0   0   0   0   2   0   0   2  2.61 1.02
   33 T   -3 -5 -4 -5  0 -2 -5 -3 -5 -4 -6 -5 -5 -6 -5  4  6 -7 -6 -5    0   0   0   0   2   2   0   2   0   1   0   0   0   0   0  29  64   0   0   0  1.85 0.83
   34 S    0 -3  2 -4  6 -2 -4 -4  0 -4 -4 -4 -5 -6 -5  5 -1 -6 -3 -3    7   1   8   0  18   1   0   0   2   0   2   0   0   0   0  53   3   0   1   2  1.30 0.63
   35 F   -4 -6 -6 -7 -1 -5 -6 -7 -6  4  4 -6  1  3 -2 -5 -2 -5 -2  0    1   0   0   0   1   0   0   0   0  23  48   0   3  14   2   0   2   0   1   4  1.10 0.48
   36 I   -3 -3 -5 -6 -2 -3 -5 -6 -2  4  3 -5  3 -2 -5 -3 -1 -5 -3  2    2   2   0   0   1   1   0   0   1  30  34   0   6   1   0   2   3   0   1  16  0.93 0.44
   37 K   -1  3  2 -2 -3  2 -1 -2  3 -1  0  1  0 -2 -4  0  0 -4 -1 -1    3  15  10   1   1  11   2   2   9   4  11  10   2   2   0   6   6   0   2   4  0.29 0.23
   38 R   -4  7 -3 -6 -2  3 -4 -5  0 -4 -5  0 -2 -7 -6 -3 -4 -7 -6 -5    1  72   1   0   1  11   0   1   2   1   1   5   1   0   0   2   1   0   0   1  2.05 0.86
   39 Y   -4 -6 -5 -7 -3 -6 -5 -7 -4 -3 -1 -6 -1  6 -7 -5 -3 -1  7 -3    1   0   1   0   0   0   1   0   0   1   7   0   1  41   0   1   2   1  41   1  2.05 0.79
   40 V    1 -3 -2 -4  5 -2 -3 -4 -2  1 -1 -2  1 -3 -4 -1  2 -5 -4  4   10   1   1   1  12   1   1   1   1   8   3   2   4   1   0   5  16   0   0  32  0.62 0.37
   41 H   -3  1  2  3 -6  1  2 -2  4 -5 -3  1 -3 -2 -3 -2  0 -5  2 -4    1   6  12  17   0   6  14   3  12   0   2   9   1   1   1   2   5   0   7   1  0.56 0.33
   42 Q   -3 -1  4  4 -6  0 -1  3 -1 -5 -6  1 -3 -4 -5 -1 -3 -6 -4 -6    2   2  22  23   0   4   2  24   2   1   0  10   1   1   0   4   1   0   1   0  0.88 0.45
   43 F   -1  1  0  0 -1  1  2 -3 -1 -1 -2  2  0  0 -2  0  2 -4  1  0    3   7   4   4   2   6  12   2   1   3   4  14   2   5   1   7  12   0   5   6  0.17 0.15
   44 F   -5 -6 -6 -7 -3 -4 -5 -7 -2 -3 -2 -6 -2  8 -2 -6 -4  0  3 -2    1   0   0   0   1   1   1   0   1   1   4   0   1  71   2   0   1   1  10   3  2.22 0.81
   45 S    0  0  2  1 -1 -1  0 -3  1 -2 -2  0 -1 -1  1  2  1 -4 -1 -2    5   5  12   8   1   2   6   1   4   2   3   6   1   2   6  21   9   0   3   2  0.25 0.19
   46 Q    0 -1  1  2 -3  1  3 -2 -1 -3 -2  0 -2 -3  3  1  0 -5 -3 -3    6   2   5  14   1   7  20   3   1   2   4   4   1   1  14   9   5   0   1   2  0.39 0.24
   47 N   -1  0  3  3 -2  1  0 -1  0 -2 -3  0 -2 -3  0  1  1 -5 -2 -2    5   5  15  16   1   7   6   4   2   2   2   4   1   1   4  12   8   0   2   3  0.28 0.18
   48 Y   -2 -2 -2 -4 -1  1 -1 -4  4 -1 -1 -2 -1  2 -3  1  0  0  5 -2    2   2   1   0   1   8   4   1  10   5   4   1   1  10   1  13   5   1  29   2  0.58 0.32
   49 R   -1  3  0  0 -2  2  0 -1 -1  0 -2  2 -1 -1  0  0  0 -4 -2 -1    3  19   3   4   1  11   6   4   1   6   4  16   1   3   4   6   5   0   1   3  0.24 0.16
   50 A    2  0  1 -3 -1  0 -2 -2  0 -2 -2 -1 -1 -2  2  3  1 -5 -2  0   23   4   5   0   1   4   1   1   2   1   3   1   1   2   9  25   8   0   1   6  0.35 0.25
   51 T   -1 -4 -1 -4 -4 -4 -4 -4 -4 -2 -3 -2 -4 -5 -2  0  7 -6 -5 -3    4   0   2   0   0   0   0   0   0   2   2   2   0   0   2   6  78   0   0   0  1.71 0.70
   52 I   -1 -3 -4 -4 -3  0 -3 -4 -3  5  1 -3  1 -2 -1 -3  0 -3 -1  2    3   0   0   0   0   7   0   0   0  48  13   0   3   0   2   0   4   0   2  14  0.55 0.24
   53 G   -1 -3  0 -1  1  0 -3  6 -3 -4 -2 -3 -3 -4 -4 -2 -1 -4 -1 -4    4   0   3   3   3   4   0  69   0   0   5   0   0   0   0   0   3   0   3   0  1.08 0.34
   54 V    2 -3 -3 -3  1 -1 -3 -1 -3  2  0 -2  1 -1 -3  0  0 -4 -2  3   27   0   0   0   3   3   0   4   0  16   4   0   4   3   0   5   5   0   0  25  0.28 0.18
   55 D   -1 -2  1  5  2  1  2 -1  0 -2 -4 -2 -3 -1 -3  0 -1 -5 -3 -3    3   0   5  38   7   5  18   4   3   3   0   0   0   4   0   7   3   0   0   0  0.61 0.26
   56 F   -1 -4 -4 -5  1 -4 -4 -5 -2  1  0 -4  1  6 -5 -2 -1  2  3  0    4   0   0   0   3   0   0   0   0   8   8   0   3  47   0   3   3   3  12   5  0.81 0.32
   57 A    1  0  0 -3  1  0 -1 -1  1 -1  1  1  0  0 -3  1  0  0 -1 -1   14   5   4   0   4   4   2   5   4   3  16  13   2   4   0   9   4   1   1   4  0.09 0.11
   58 L   -1  0  0  0  2  1  0 -3  2  0 -1  0  1  0  0  0  0  3  1  0    5   5   5   5   5   5   5   0   5   5   5   5   5   5   5   5   5   5   5   5  0.09 0.11
   59 K   -4  3 -2 -3 -2 -1 -4 -6  0 -5 -6  7 -4 -3 -6 -3 -2 -7 -2 -2    1  15   2   2   1   2   0   0   2   1   1  64   0   1   0   1   3   0   1   4  1.70 0.79
   60 V   -2  0  0 -1 -2 -1  1 -4 -2  1 -1 -1  1 -2 -3  0  4 -3 -2  2    1   6   4   4   1   3   8   1   1   7   4   4   3   1   1   6  29   0   2  13  0.38 0.28
   61 L   -4 -5 -4 -5 -3 -3 -3 -6 -4  4  3 -4  4  0 -4 -4  0 -2 -2  3    1   0   1   1   0   1   2   0   0  25  24   1  10   3   1   1   5   1   1  21  0.86 0.42
   62 Q   -2  0  1  1 -2  3  2 -3  1 -2 -3  2  0 -2 -1 -1  1 -2 -1 -1    2   4   8   8   1  13  17   2   3   3   2  13   2   1   3   3   9   1   2   5  0.33 0.23
   63 W   -3 -2 -4 -4 -1 -3 -2 -3 -2  3  1 -1  1 -1 -4 -3 -2  6  1  3    1   2   1   1   1   1   3   2   1  20  13   5   4   2   1   1   2  11   4  23  0.63 0.31
   64 D   -1 -2  2  5 -2 -1  2 -2 -1 -4 -4  0 -3 -3 -2  0  0 -5 -4 -4    5   2  10  37   1   3  13   3   1   1   2   6   1   1   2   5   5   0   1   1  0.74 0.37
   65 A    0 -2  0  2 -2 -1  1  3 -1 -3 -3 -1 -2 -3  1  1 -1 -4 -2 -2    8   2   4  10   1   2   8  28   2   2   2   4   1   1   6  13   3   0   1   3  0.35 0.18
   66 N   -2  1  3  3 -3  0  0  0  1 -4 -4  3 -3 -1 -2 -1 -1 -5 -2 -3    1   9  16  18   1   3   6   8   4   1   1  17   1   4   1   5   3   0   1   1  0.45 0.25
   67 T   -1  1 -1  0  0  2  0 -2  1 -1 -1  2 -1 -3 -2  1  3 -2 -2 -1    4   8   3   5   3  10   5   2   3   4   5  11   1   1   2   8  21   1   1   3  0.24 0.18
   68 I   -1 -1 -1 -1 -1  0 -1 -2 -1  2  0  0  0 -1 -1  1  1  1 -1  1    3   3   2   2   2   3   5   1   1  21   8   4   2   2   2  12  10   2   2  12  0.12 0.10
   69 V    0 -3 -1 -3  0 -3 -3 -3 -3  3  0 -2  0  0 -3 -2  0 -3 -1  4    5   1   4   1   3   1   1   2   0  21   6   2   1   3   1   2   6   0   2  39  0.43 0.21
   70 R   -1  3  0 -1  1  1  1 -3 -1 -3 -3  4 -2 -4 -3  1  0 -1 -2 -2    3  21   3   2   4   4   6   1   1   1   2  29   1   0   1  10   7   1   1   1  0.49 0.23
   71 L   -1 -2 -3 -4 -1 -2 -3 -3 -3  1  4  0  2  0 -3 -2 -1 -3 -1  1    5   0   0   0   1   0   1   2   0   8  49   9   5   3   0   2   2   0   1  11  0.42 0.20
   72 Q    0 -1 -1 -1  0  5  0 -2  1 -1 -2 -1  1  0 -3  1  0 -3 -2  0    7   2   2   1   2  38   5   1   3   2   3   1   5   4   0  10   4   0   1   6  0.43 0.24
   73 L   -2 -3 -2  1  0 -2 -2 -3 -2  2  2 -3  1  2 -3 -2 -1 -2  1  1    1   1   0  10   2   0   1   1   0  18  32   1   2  12   1   1   3   0   7   8  0.28 0.11
   74 W   -3 -1 -3 -4  0 -3 -3  0 -3 -3 -3 -1 -2  3 -4 -3  0 10  1 -2    1   4   0   1   2   0   1   7   0   1   1   4   0  13   1   1   8  50   3   3  1.47 0.32
   75 D   -2 -3  0  6 -4  1  0 -3 -2  0 -3 -2 -3 -4  2 -2 -2 -5 -4 -1    1   0   0  62   0   7   1   1   0   8   1   1   0   0  12   1   1   0   0   5  1.01 0.28
   76 I   -1 -3 -2 -3 -3 -2 -3 -1  1  2  1 -2  1  0  2  0  3 -3 -2  1    0   0   0   0   0   0   0   5   5  21   9   0   5   5   9   6  23   0   0   9  0.28 0.18
   77 A    0 -2  1 -3  3  1 -2  0 -2 -1  0 -2  2 -3  1  0  1  4 -2  0    8   0   8   0   8   8   0   8   0   0   8   0   8   0   8   8   8   8   0   8  0.23 0.17
   78 G   -1  3  4  0 -4  0 -1  3 -1 -4 -4  0 -3 -4 -3  0 -1 -4 -3 -4    0  33  33   0   0   0   0  33   0   0   0   0   0   0   0   0   0   0   0   0  0.63 0.02
   79 Q    0  1  1 -2  2  1  0 -3  2 -3 -1  1  2 -3  1  0  0  4 -2 -3    7   7   7   0   7   7   7   0   7   0   7   7   7   0   7   7   7   7   0   0  0.25 0.20
   80 E   -1  0 -2  2 -5  0  6 -4  0 -5 -5  0 -4 -5  0 -1 -3 -5 -4 -2    3   4   0  12   0   3  57   0   2   0   1   4   0   0   5   4   0   0   0   3  1.03 0.46
   81 R   -2  6  0 -1 -5  1 -1 -4  0 -2 -2  2  1 -2 -3  0 -1 -4 -1 -3    2  49   4   3   0   4   3   0   2   3   2  11   4   2   0   6   3   0   2   0  0.79 0.38
   82 F    0 -2  1  1 -3  1 -1  0 -1  0  0 -2  2  1 -3  0  1 -2  1  0    8   0   7   8   0   7   0   8   0   8   8   0   7   7   0   8   8   0   7   8  0.08 0.10
   83 G   -1  5 -1 -3 -3  2 -2  2  2 -3 -2  1 -2 -4 -5  0 -1  0 -3 -3    5  35   3   1   0   9   1  15   5   1   5   7   1   1   0   5   4   2   1   1  0.61 0.35
   84 N    1 -1  2 -1  1 -1 -3 -1  0 -4 -4 -1 -3  0 -1  4  2 -1 -2 -3   10   2  12   2   4   2   1   4   2   1   1   3   0   4   2  33  13   1   1   1  0.50 0.34
   85 M   -2 -5 -5 -6 -4 -4 -5 -6 -5  5  3 -2  4 -1 -5 -1 -2 -5 -4  1    2   0   0   0   0   0   0   0   0  35  33   3  13   1   0   4   1   0   0   7  0.98 0.43
   86 T    0  0 -1 -3 -4 -2 -3  0 -2  0 -3 -3  1 -1 -1  0  5  1 -4  0    7   6   2   1   0   1   1   7   1   5   1   0   4   2   2   5  47   2   0   6  0.66 0.39
   87 R   -1  4  0 -2 -3  1 -1 -3  0 -1 -3  2  0 -3  2  1  1 -5 -2 -1    3  27   4   1   1   6   2   1   2   4   1  11   3   1  12  11   7   0   1   3  0.45 0.26
   88 V    1 -1  0 -1 -1  1 -1 -2  0 -1 -1 -2  1 -1 -2  3  1 -4 -2  1   14   2   5   2   1   8   3   2   2   2   5   0   4   3   1  24   7   0   1  13  0.24 0.21
   89 Y   -6 -1 -6 -7 -6 -2 -6 -7  2 -2 -1 -6 -1  5 -7 -6 -5 -2  8 -3    0   3   0   0   0   2   0   0   4   2   5   0   2  23   0   0   0   0  58   1  2.05 0.72
   90 Y   -4 -6 -6 -7  0 -6 -6 -7  0 -1 -1 -6  0  4 -7 -3 -5  1  8 -3    1   0   0   0   2   0   0   0   1   3   6   0   2  18   0   2   0   1  60   1  1.97 0.69
   91 K   -3  6 -2 -3 -2  0  0 -4  1 -6 -6  2 -5 -6 -2 -1  0 -6 -1 -6    1  59   2   1   1   3   4   1   4   0   0  11   0   0   2   5   5   0   2   0  1.33 0.56
   92 E   -1  0  1  2 -5 -1  1  4  0 -6 -5  0 -3 -5 -4  0 -2  0 -1 -5    4   6   8  11   0   1   9  39   3   0   0   6   1   0   0   7   2   2   2   0  0.65 0.31
   93 A    5 -4  0 -4  1 -4 -4 -2 -4 -1 -4 -2 -4 -5 -4  2  1 -6 -5 -1   56   0   4   0   3   0   0   2   0   3   0   2   0   0   0  16   9   0   0   4  0.98 0.50
   94 V    0  0  1  3 -1  1  0 -3  3 -1 -1  0  1 -2 -2  0 -1 -5 -2  1    6   4   8  17   1   7   3   1   9   2   7   6   4   1   1   7   2   0   1  13  0.21 0.17
   95 G    2 -2 -3 -4  3 -4 -4  5 -2 -1 -5 -4 -4 -5 -2 -2 -3 -6 -3 -2   20   2   0   0   8   0   0  57   1   4   0   0   0   0   2   2   0   0   1   3  1.13 0.44
   96 A    3 -2 -4 -5  5 -4 -4 -1 -4  2  0 -4  0 -1 -4 -2 -2 -5 -4  2   35   2   0   0  15   0   0   5   0  12   7   0   3   2   0   1   1   0   0  18  0.61 0.32
   97 F   -2 -5 -3 -6 -2 -4 -5 -6 -4  4  2 -5  3  2 -2 -4 -3 -4  1  3    2   0   1   0   1   0   0   0   0  29  24   0   8   8   2   0   0   0   5  20  0.73 0.31
   98 I   -2 -5 -5 -6 -2 -4 -5 -3 -5  3  3 -5  1  2 -5 -4 -2 -4 -2  3    3   0   0   0   1   0   0   2   0  23  36   0   3   8   0   0   1   0   1  24  0.78 0.33
   99 V   -1 -5 -2 -6 -1 -4 -5 -4 -5  1  1 -5  3 -2 -5 -2  0 -5 -4  6    4   0   2   0   1   0   0   1   0   3  10   0   8   1   0   3   5   0   0  63  1.03 0.45
  100 F   -3 -5 -5 -6  2 -5 -6 -2 -1 -1 -1 -5  0  6 -6 -4 -3 -2  7 -3    2   0   0   0   5   0   0   3   1   3   4   0   3  33   0   1   1   0  46   1  1.62 0.56
  101 D   -4 -5 -1  7 -7 -1 -1 -4 -4 -7 -7 -4 -6 -7 -5 -1 -4 -8 -7 -2    1   0   2  86   0   3   1   1   0   0   0   0   0   0   0   4   0   0   0   3  2.23 0.72
  102 V   -1 -4 -4 -6 -1 -5 -5 -6 -6  5  1 -4  1 -2 -5 -3 -1 -5 -4  4    3   1   1   0   1   0   0   0   0  38  12   1   3   0   0   1   2   0   0  36  1.01 0.41
  103 T   -2 -3  1 -2 -3 -4 -3 -3 -4 -3 -4 -3 -2 -5 -4  2  6 -6 -5 -2    2   0   6   2   0   0   1   1   0   1   1   1   1   0   0  12  69   0   0   2  1.45 0.60
  104 R   -2  3  4  2 -1  0 -2 -3 -1 -4 -4  1 -2 -4 -4  1 -2 -5  0 -3    2  21  26  14   2   4   1   0   1   0   1   9   1   0   0  12   1   0   4   1  0.66 0.33
  105 S    1  3 -2 -1 -3  1  2 -2  0 -3 -2  1  0 -4  2  0 -2 -2 -2 -2   12  22   1   3   0   6  14   2   2   1   4   9   3   0  11   6   1   1   1   2  0.39 0.23
  106 G    0  0  1  1 -3  2  2  0  0 -3 -3  2 -2 -4 -1  1  1 -3 -3 -2    7   4   7   9   0  11  16   7   1   1   1  11   1   0   2  12   8   0   0   2  0.32 0.19
  107 T   -2 -4 -3 -4 -5 -4 -4 -3 -5 -3 -3 -3 -4  0 -5  5  5 -6 -5 -4    1   0   0   0   0   0   0   1   0   1   2   1   0   4   0  55  35   0   0   0  1.46 0.65
  108 F   -5 -4 -4 -7 -6 -6 -7 -7 -5 -1  1 -4 -1  8 -7 -2 -5 -1  2 -3    0   1   1   0   0   0   0   0   0   3  10   1   1  74   0   3   0   1   4   1  2.05 0.69
  109 D   -2 -1  1  3 -2  2  4 -2 -1 -3 -2  0 -2 -4 -3  0 -1 -5 -2 -2    3   2   8  20   1  10  27   2   1   1   4   5   1   0   1   8   3   0   2   3  0.51 0.28
  110 C    2 -1  5  1  0  0 -1  0  2 -5 -3  0 -3 -4 -4  2 -1 -5 -3 -4   15   2  32   5   2   3   3   6   5   0   3   5   0   0   0  13   3   0   1   1  0.57 0.32
  111 V    1 -5 -5 -5  0 -4 -5 -4 -5  3  2 -4  0 -3 -5 -1  1 -5 -3  4   10   0   0   0   2   0   0   1   0  18  22   0   2   0   0   4   7   0   0  33  0.71 0.35
  112 S   -1  2  1  1  1  2  1 -2 -1 -1 -1  2 -1 -3  1  1  0 -3 -3 -1    4  10   6   8   3   8   9   3   1   3   6  12   1   1   5  10   6   0   0   3  0.18 0.12
  113 K   -2  3  1  0 -2  1  0 -2  0 -2 -2  4 -2 -1 -3  0  0 -5  0 -3    2  15   8   5   1   6   5   3   2   3   4  26   1   3   1   7   4   0   4   1  0.36 0.23
  114 W   -2  1  1 -2 -4  2  1 -3 -1 -2  0  1 -1  2 -3  0 -2  5  2 -3    0  10  10   0   0  10  10   0   0   0  10  10   0  10   0  10   0  10  10   0  0.33 0.15
  115 K   -2 -1 -2 -4  0 -1 -3 -5  0  2  3  2  3  0 -4 -2 -2  3  0  0    3   3   2   0   2   2   0   0   3  13  28  16   9   4   0   2   2   4   3   5  0.39 0.28
  116 E   -1  2  1  1 -1  2  2 -2  2 -2 -2  2 -1 -4 -3  0  0 -4 -1 -2    3  10   5   8   2  10  16   3   6   2   5  14   2   0   0   5   6   0   2   2  0.31 0.21
  117 D   -1 -1  2  3 -1  1  3 -2  0 -2 -3 -1 -1 -4 -3  0 -1  3 -1 -1    4   2   9  19   2   6  25   2   3   2   2   3   2   0   0   5   3   4   2   4  0.44 0.28
  118 L   -2 -4 -2 -4 -1 -3 -1 -5 -4  4  2 -2  1  3 -4 -2 -2  1 -1  2    3   0   2   0   2   0   4   1   0  26  19   2   3  12   0   2   2   2   2  18  0.50 0.28
  119 D   -2  1  0  4 -1  1  1 -2  1 -1 -1  1  0  0 -3 -1 -1  0 -1 -2    2   8   4  25   2   6  10   2   3   4   7   7   2   5   1   4   3   1   2   3  0.28 0.19
  120 S    0  0  1  1 -1  1  2 -2  2 -1 -1  0  0 -2 -2  2  1 -3 -1 -2    5   4   7   7   1   6  16   2   5   3   6   5   2   1   1  16   7   0   2   3  0.20 0.16
  121 K   -2  1  2 -2 -2  2  0 -2  3 -1 -3  3 -1 -2 -3 -1 -1 -1  3 -2    3   6  10   1   1   8   7   3   8   3   3  23   1   1   1   4   3   1  10   3  0.38 0.28
  122 V    2 -2 -1 -2  3 -2 -2 -2 -2  1 -1 -2  0 -1 -3  0  1 -4 -1  3   22   2   2   2   6   1   2   2   1   7   6   2   2   2   1   6   8   0   2  22  0.27 0.23
  123 Q    0  0  1  1 -1  2  1 -1  1 -2 -2  1 -1 -2 -1  1  1 -3  0 -2    6   6   6   8   2  10  10   4   4   2   3   8   2   2   3  10  10   0   4   2  0.15 0.13
  124 L    0  0  0 -1  0  0  0 -1  0  0  1  0  0  0  1  0  0  0  0  0    7   4   5   3   3   4   5   4   3   4  15   4   3   4   7   7   5   2   3   7  0.03 0.02
  125 P    0 -1  0  0  0  0  1 -1  1 -1 -2  0 -1 -1  4  0 -1  1  0 -2    8   4   4   4   2   3   8   4   4   3   4   5   2   3  22   7   4   2   4   3  0.29 0.17
  126 D    0  0  3  4 -2 -1  1 -1 -1 -2 -3 -1 -2 -4 -1  0 -1 -4 -3 -2    7   5  14  29   1   2   9   5   1   2   3   3   1   1   3   7   3   0   1   2  0.50 0.29
  127 G    0 -2  1  0  0 -1  0  4 -1 -3 -3 -1 -2 -2  1  0 -1 -1 -2 -2    7   2   8   6   2   3   7  30   2   2   3   3   1   1   8   8   3   1   1   2  0.36 0.22
  128 S    0  0  1  1  0  1  2 -1  0 -2 -3  1 -2 -3 -2  2  0 -4 -2 -2    9   4   8   9   2   5  13   4   3   2   3   9   1   1   2  15   6   0   1   3  0.22 0.18
  129 P   -1 -1  2  2 -2  0  1 -1  0 -2 -2  1 -1 -3  3  0  0 -4 -2 -2    4   3  12  13   1   5   7   4   2   3   3   7   1   1  14   8   6   0   1   3  0.29 0.22
  130 I   -2 -6 -4 -4  0 -3 -3 -7 -6  5  0 -5  1  2 -3 -5 -2 -5  0  4    3   0   1   1   2   1   1   0   0  31   8   1   2   9   1   0   2   0   3  33  1.00 0.53
  131 P   -1 -2  0 -2  0 -1  0 -3 -2  1 -2 -1 -2 -3  5 -2 -2 -5 -3  2    5   2   5   2   2   3   5   2   1   7   5   4   1   1  35   3   2   0   1  14  0.70 0.40
  132 C   -1 -1 -3 -4  5 -3 -3 -4 -4  3  0  1  1  3 -4 -2  0  0 -2  2    4   4   1   1  13   1   1   1   0  19   8  11   3  11   0   2   5   1   1  12  0.48 0.30
  133 I   -3 -7 -7 -8 -2 -6 -7 -6 -7  5  1 -4  5  0 -7 -5 -3 -6 -1  4    2   0   0   0   1   0   0   1   0  28  14   1  15   3   0   1   1   0   3  30  1.25 0.64
  134 L   -6 -7 -7 -8 -3 -4 -4 -8 -7  2  6 -7  1 -2 -7 -7 -6 -6 -6  1    0   0   0   0   1   1   1   0   0  10  74   0   2   1   0   0   0   0   0   9  1.74 0.82
  135 L   -3 -7 -7 -3  1 -6 -3 -6 -7  3  3 -6 -1 -2 -7 -6 -4 -6 -5  5    2   0   0   2   3   0   2   1   0  18  26   0   1   2   0   0   1   0   0  43  1.25 0.61
  136 A    2 -7 -6 -6 -2 -2 -5  6 -7 -4 -4 -6 -7 -8 -7 -3 -6 -8 -8 -3   17   0   0   0   1   2   1  72   0   1   2   0   0   0   0   2   0   0   0   2  1.97 0.90
  137 N   -4 -6  8 -4 -2 -4 -6 -5 -1 -8 -6 -6 -7 -8 -7 -2 -2 -9 -7 -3    2   0  85   0   1   1   0   1   2   0   1   0   0   0   0   3   2   0   0   2  2.79 1.18
  138 K   -1  2  2 -1 -3  2  2 -2  3 -2 -2  2  2 -3 -2  1 -1 -3 -2 -2    1  12  12   1   0  12  12   1  11   1   1  12  11   0   1  12   1   0   0   1  0.33 0.11
  139 C    0 -2  0 -1  4 -1 -2  1 -2  0 -1 -1  0 -1 -3  0  0  3 -1  1    7   0   6   2  15   2   0  14   0   3   3   4   2   2   0   8   5   6   2  16  0.17 0.12
  140 D   -2 -3  1  6 -4 -2  1 -1 -2 -4 -4 -2 -4 -3  1  0 -2 -4  0 -2    1   0   4  53   0   0   8   4   0   0   1   1   0   0   8   8   1   0   5   4  0.86 0.30
  141 Q   -1  1 -1 -1  0  2  1 -2 -2  0  2  0  2 -2 -1 -1 -1  0 -1 -1    4  10   3   3   2  10   9   2   0   4  28   5   6   0   3   3   2   2   2   3  0.19 0.15
  142 E   -1 -1  1  1 -2  2  3 -2  1 -2 -1 -1 -1 -3  0  0  0 -5 -2 -1    4   3   6   7   1  11  26   2   4   2   7   3   2   1   4   7   7   0   1   4  0.33 0.24
  143 K    0  1  0  3 -2  1  1 -2  2 -3 -1  2 -1 -3 -1  0  0 -5 -2 -3    9   7   5  17   1   5   9   3   6   1   6  12   2   1   3   6   5   0   1   1  0.25 0.18
  144 Q   -2  2  1  1 -2  2  2 -2  1 -3 -2  2 -1 -3  0  0 -2  3 -2 -3    2  13   5   7   1  10  12   2   4   1   4  13   2   1   4   9   2   4   1   2  0.33 0.24
  145 G   -1  5  0 -1 -1  1  1  1 -1  0 -3  0 -2 -1 -2 -1 -2 -5 -3 -2    5  31   3   3   1   6   8  12   1   5   3   5   1   3   2   4   2   0   1   3  0.44 0.29
  146 I   -1  1 -2 -1  0  2  1 -3 -1  1  0  0 -1 -2 -2 -1 -1 -1 -2  3    6   8   2   2   2   9  11   2   1   8   7   5   1   1   2   4   3   1   1  23  0.21 0.18
  147 I   -1  0 -2 -2  1  0 -1 -3 -2  2 -1 -1  0 -2 -1 -2  0 -5 -2  4    5   5   2   2   4   4   4   2   1  11   5   4   2   1   3   2   7   0   1  35  0.43 0.29
  148 T   -1  0  0  0 -1 -1 -1 -3 -1  0 -2  0 -1 -1  0  2  2 -2 -2  1    3   5   5   4   1   2   4   2   1   5   3   6   1   2   5  19  16   1   1  12  0.23 0.21
  149 Q   -2  1  2  1 -2  2  1 -3  0 -2 -2  1 -2 -1 -1  1  1 -4  0 -1    3   6   9   7   1  10  10   2   3   3   4   9   1   2   3  10   9   0   4   6  0.20 0.17
  150 P    0  0  0  0  0  0  1  0 -1 -1 -2  1 -2 -2  2  0  0 -2 -1 -1    9   5   3   6   3   4  11   6   1   3   4   7   1   2  12   7   7   1   2   5  0.14 0.11
  151 E   -1 -1 -1  2 -7  1  5 -4 -2 -1 -4  0 -2 -3 -2  0 -1 -7 -4 -2    6   3   2   9   0   6  43   1   1   4   1   6   1   1   2   6   3   0   1   4  0.80 0.51
  152 K    1  1  0  1 -2  2  2  0 -1 -3 -3  3 -1 -3 -4 -1 -1 -2 -2 -1   12   8   3   6   1   9  17   9   1   1   2  16   1   1   0   3   3   1   1   4  0.34 0.28
  153 M    2 -2 -3 -1 -4 -1 -1  1 -2  2  1 -1  4 -1 -4 -2 -1 -4 -1  0   20   2   1   3   0   3   3  12   1  11  15   3  12   2   0   2   3   0   2   6  0.31 0.24
  154 D    0  0  1  3 -2  2  3  0 -2 -3 -3  1 -2 -4 -4  0 -2 -3 -3 -3    8   5   7  19   1   8  17   8   1   1   2   9   1   1   0   6   2   0   1   1  0.42 0.30
  155 E    0  0 -1  0 -2  3  3 -2  0 -4 -2  2 -1 -1 -4  0 -1 -5 -3 -4    9   5   3   4   1  16  23   2   2   1   4  13   2   2   0   8   3   0   1   1  0.48 0.36
  156 Y   -1 -1 -4 -4 -1 -3 -3 -4 -2 -1  1 -1 -1  6 -6 -4 -3  5  3 -2    6   3   1   1   2   1   2   2   1   3  15   5   2  34   0   1   2   8  11   2  0.90 0.50
  157 V    4 -3 -4 -5  6 -2 -2 -4 -3 -1  0 -2  0 -1 -5 -1 -2 -3 -2 -1   38   1   1   1  20   2   2   1   1   3  10   2   3   2   0   4   3   0   1   5  0.88 0.53
  158 R    2  2 -1  0 -2  2  2 -3  1 -4 -3  3 -2 -6 -3 -1 -2 -2 -3 -3   16  13   2   6   1   9  12   2   3   1   3  21   1   0   1   5   2   1   1   1  0.49 0.37
  159 E   -1  0  0  1 -4  2  5 -4  0 -4 -3  2 -1 -4 -5  0 -2 -3 -4 -5    5   4   3   7   0   9  37   1   2   1   2  14   2   1   0   7   3   0   1   1  0.78 0.53
  160 N   -3 -1  5 -1 -2  1  0 -3  5 -1  0  1  0 -2 -4 -1 -2 -3  1 -3    1   4  27   3   1   6   6   2  12   4   8   7   2   2   1   4   3   0   5   1  0.58 0.41
  161 G   -2 -2  2 -1 -1 -2 -1  5  0 -5 -2  0 -3 -2 -5 -1 -3 -6  1 -5    2   2  12   4   1   2   4  45   2   1   4   6   1   1   1   4   2   0   5   1  0.82 0.48
  162 F   -2 -3  1 -1  0 -2 -2 -1 -1  3  1 -1  2  5 -5 -3 -3 -2  1 -1    3   1   6   3   2   2   2   5   1  16  12   3   6  26   1   2   1   0   4   3  0.51 0.32
  163 A    2 -2 -2 -2  0 -1 -1 -3  0  2  1 -1  2 -2  1  0  0 -4 -1  1   16   1   2   2   2   3   3   1   2  12  14   3   7   1   7   7   5   0   2  10  0.18 0.18
  164 G    0  0  0 -1  0  0  0  2  0 -1  0  1  0 -1  2  0  0 -2 -1 -1    6   4   3   3   3   4   5  18   2   4   9   8   2   2   9   7   4   0   2   3  0.11 0.08
  165 W   -4 -8 -8 -8  0 -6 -8 -4 -1 -4 -1 -8 -3  7 -8 -3 -5  7  5 -2    2   0   0   0   2   0   0   1   1   1   5   0   1  41   0   2   1  19  20   3  2.04 0.95
  166 F   -3 -3 -6 -8  0 -5 -5 -6 -1  3  1 -4  3  6 -8 -4 -2 -3  3 -1    2   2   0   0   2   0   1   0   1  15  13   1   7  37   0   1   3   0   9   5  1.17 0.62
  167 E   -3 -1 -5 -2 -9 -1  7 -6 -4 -4 -4 -1 -3 -3 -6 -4 -3 -9 -3 -3    2   4   0   2   0   2  75   1   0   1   2   3   1   1   0   1   2   0   1   2  1.96 1.06
  168 T    0 -7 -6 -7  3 -7 -7 -5 -8 -1 -6 -7 -3 -8 -7 -2  7 -9 -8  2    7   0   0   0   6   0   0   1   0   3   0   0   1   0   0   3  68   0   0  11  1.99 1.07
  169 S   -5 -7 -6 -7 -1 -7 -7 -3 -8 -9 -9 -7 -8 -9 -8  7 -5-10 -9 -8    0   0   0   0   1   0   0   2   0   0   0   0   0   0   0  96   0   0   0   0  2.98 1.43
  170 A    7 -7 -7 -8 -1 -7 -7 -6 -8 -7 -7 -2 -7 -4 -7 -1 -4 -9 -8  0   84   0   0   0   1   0   0   0   0   0   0   2   0   1   0   5   1   0   0   6  2.24 1.11
  171 K   -4  0 -6 -7 -3 -2 -2 -8 -4 -6  1  7 -1 -4 -7 -4 -6 -4 -2 -4    1   4   0   0   1   2   3   0   0   0  12  70   2   1   0   1   0   0   1   1  1.91 0.96
  172 E   -2 -4  2  4 -4 -3  4 -4 -3 -7 -4 -3 -3 -5 -6  1  3 -8 -5 -5    3   1   9  22   0   1  26   1   1   0   2   1   1   0   0  11  21   0   0   1  0.98 0.61
  173 N    0 -3  5  2 -3 -5 -4  4 -3 -8 -6 -3 -7 -6 -7  0 -5 -9 -5 -6    9   1  33  10   1   0   1  34   1   0   1   1   0   0   0   8   0   0   0   0  1.30 0.70
  174 I   -2 -2 -1  0 -3  0  1 -5  1  4 -1 -1 -1 -1 -3  0  3 -2  0  0    2   2   2   5   0   5   8   0   3  23   6   4   1   2   1   7  18   1   3   6  0.34 0.28
  175 N   -6 -3  8 -4 -5 -2 -5  1 -1 -7 -8 -2 -2 -6 -8 -3 -6-10 -6 -9    1   2  76   1   0   2   1  11   1   0   0   2   1   0   0   1   0   0   0   0  2.51 1.16
  176 I   -6 -8 -9 -9 -4 -8 -9 -7 -9  5 -2 -8 -2 -3 -8 -8 -3 -8 -7  6    0   0   0   0   0   0   0   0   0  36   3   0   1   1   0   0   1   0   0  57  2.14 0.93
  177 D   -3 -2  2  4 -5  0  4 -3 -2 -5 -4  0 -2 -5 -5 -1  0 -8 -4 -3    2   2  10  26   0   5  30   2   1   0   2   6   1   0   0   4   6   0   0   2  0.90 0.53
  178 E   -2 -3  0  2 -3  3  5 -6 -2 -5 -3  1 -5 -5 -5 -2 -1 -8 -5 -4    4   1   4  13   1  11  46   0   1   1   3   7   0   1   0   3   3   0   0   1  1.10 0.64
  179 A    6 -7 -6 -7  0 -6 -6 -4 -4  0 -1 -5  1 -5 -2  0 -1 -8 -7  1   61   0   0   0   2   0   0   1   0   5   5   0   3   0   2   7   4   0   0   8  1.30 0.72
  180 A    0 -8 -6 -9 -2 -6 -8 -7 -7 -1 -2 -8  4  8 -8 -3 -5 -5 -2  0    9   0   0   0   1   0   0   0   0   3   3   0  10  62   0   2   1   0   1   7  2.05 0.90
  181 R   -3  2  0 -1 -4  2  3 -4  1 -1  0  1  2 -1 -5 -1  0 -3 -1 -2    1  13   5   2   0  11  18   1   4   3  10   8   5   2   0   5   7   0   3   3  0.34 0.28
  182 A    1  0  0 -1  3  0  1 -3  2 -1 -2  1  0  0 -4  0  2 -3  0 -1   12   5   3   3   8   4  10   1   5   4   4   7   2   5   0   8  12   0   3   3  0.17 0.17
  183 L   -3 -7 -6 -9 -3 -7 -8 -8 -5  3  5 -7  3 -2 -8 -6 -4 -7 -3  1    2   0   0   0   0   0   0   0   0  15  63   0   8   1   0   0   1   0   1   7  1.58 0.72
  184 V    3 -5 -6 -6  0 -5 -5 -2 -6  2  0 -5  0 -3 -5 -1  1 -6 -4  4   28   0   0   0   2   0   0   4   0   9   9   0   2   1   0   3  10   0   0  31  0.79 0.48
  185 N   -2  3  2  0 -3  1  3 -2 -1 -5 -4  3 -4 -3 -4  0  1 -6 -2 -4    3  16   9   6   1   6  18   2   2   0   1  17   0   1   0   7   9   0   1   1  0.55 0.37
  186 K    0  1  1  0 -2  2  3 -3  2 -2 -1  3  0 -4 -4 -1 -1 -3 -2 -2    6   6   6   5   1  10  18   1   5   2   6  18   3   0   0   5   2   0   1   2  0.39 0.30
  187 I   -1 -5 -5 -7 -2 -6 -6 -7 -4  6  2 -6  3 -4 -7 -4 -4 -3 -2  2    6   1   1   0   1   0   0   0   0  51  15   0   7   0   0   1   1   0   1  13  1.37 0.63
  188 L   -3 -4 -5 -5 -2 -4 -5 -7 -4  3  4 -3  3  1 -3 -4 -4 -5  1  1    2   1   0   1   1   0   0   0   0  14  47   2   8   5   1   1   1   0   5  11  0.96 0.48
  189 I    1  0  0  0 -1  1  0 -2 -1  1  0  1  1 -1 -2  0  0 -4 -2  1   14   3   4   4   2   7   6   2   1  11   9  10   5   2   1   5   5   0   1   9  0.08 0.09
  190 N   -2  1  6  0 -2  1  0 -3 -1 -4 -5  2 -2 -4 -5  1  0 -6 -1 -5    2   7  43   4   1   6   4   1   1   1   1  10   1   1   0   9   6   0   2   1  0.90 0.45
  191 D   -2  0  2  3 -5  1  3 -3  1 -2 -4  1 -1 -3  0 -1 -1 -5 -1 -3    1   4   9  20   0   6  23   2   3   2   1   9   1   1   5   4   3   0   2   2  0.50 0.28
  192 K   -1  2  1  0 -5  2  1 -1  0 -3 -4  4 -3 -5 -1  0  0 -6 -4 -3    4  10   6   6   0   8   8   5   2   1   1  33   0   0   3   5   5   0   0   2  0.55 0.31
  193 L    0 -1 -1  0 -2  0 -1 -1 -3  1  2 -1  2  0  0  0  0 -4 -2  0    6   4   2   6   1   3   4   4   0   7  29   4   6   3   4   5   5   0   0   5  0.13 0.12
  194 I   -1 -2 -1 -1 -3 -1 -1 -1 -1  3  2 -1  2  0 -3 -1  0  0 -1  1    4   1   2   4   0   2   4   4   1  21  20   3   6   4   1   3   7   2   2   8  0.16 0.13
  195 S    1 -1  0  0 -4  2  2  0 -1 -2 -3  0 -2 -2  1  2  1 -5 -3 -1    9   2   5   5   0  10  12   6   1   2   2   5   1   2   7  19   8   0   0   3  0.26 0.18
  196 A    2 -2  0 -1 -3  0  0  0  0 -2 -1  0 -2 -2  2  1  0 -4  0 -1   19   1   5   3   0   4   5   7   2   2   6   7   0   2   9  14   6   0   5   4  0.17 0.13
  197 D   -2 -1  1  4 -6  1  3  0 -1 -4 -4  0 -4 -5  1  0 -2 -6 -1 -5    2   3   7  29   0   6  20   8   1   1   2   4   0   0   7   6   1   0   2   0  0.63 0.31
  198 L   -1 -1 -1 -1 -3  1  1 -1  0  1  1  0  1  0  1  0  0 -3 -1  1    4   2   2   4   0   7  10   4   2   9  20   4   3   4   6   5   5   0   1  10  0.08 0.08
  199 A    2 -1  1 -1 -3 -1  0  0 -1 -1 -2  0 -1 -3  2  2  1 -1 -1 -1   25   3   7   1   0   2   7   5   1   3   4   4   2   0   9  14   8   1   2   3  0.24 0.17
  200 D   -2 -2  2  5 -5  2  1  0 -2 -3 -3 -1 -4 -3  0  0 -2 -6 -5 -2    2   1  12  38   0   9   8   6   1   2   2   3   0   1   4   8   2   0   0   3  0.70 0.33
  201 G   -1  0  1 -1 -5 -1 -1  4 -2 -4 -4  1  0 -4  0  1 -2 -5 -2 -2    5   4   8   3   0   2   3  40   0   0   1   9   3   0   5   9   1   0   1   3  0.54 0.26
  202 D   -1 -1  2  5 -5  0  1 -1 -1  0 -3 -1 -1 -2 -3  0 -1 -5 -4 -1    5   3   8  40   0   4   8   4   1   6   1   3   2   2   1   5   2   0   0   6  0.59 0.28
  203 K   -2  3 -1 -2 -5  0 -1 -1 -3 -1 -2  4 -3 -4  0  0  1 -5  0 -1    1  20   3   1   0   3   3   6   0   4   4  29   0   0   3   7   7   0   4   4  0.45 0.26
  204 F   -2 -3 -1 -3 -3 -2 -2  0 -2  2  1 -1 -1  2  1 -1 -1  0  1  1    0   1   4   1   0   2   2   7   0  18  18   4   0  12   7   5   1   1   5  12  0.20 0.15
  205 N   -1  2  4  1 -5  0 -1 -2  0 -3 -4  2 -3 -5 -1  0  1 -5 -4 -2    4  13  27   9   0   3   2   2   2   1   1  16   0   0   3   6   8   0   0   3  0.52 0.26
  206 L   -1 -4 -1 -3  0 -1 -3 -2 -4  3  4 -4  1 -2 -2 -1 -1 -4 -3  1    3   0   3   1   2   2   1   3   0  15  50   0   2   1   2   4   3   0   0   9  0.58 0.28
  207 S    0  0  1  1 -3  1  0 -1 -1 -2 -1  0 -1 -2  0  2  1 -4 -3 -1    9   5   9  10   0   6   3   3   1   2   5   5   1   1   3  22  10   0   0   6  0.22 0.14
  208 A    1  0  0 -1 -3  0  0  0  1 -1  0  0 -1 -1  2  1  1 -3 -2 -1   16   4   6   2   0   5   4   5   4   3  10   6   1   2   9  11   7   0   0   4  0.14 0.08
  209 A    1 -1 -1  1 -1  2  0  0 -1 -2 -1  0 -2 -3  2  2  2 -4 -3 -2   11   1   1   7   1  10   6   6   1   2   7   7   0   0  10  15  13   0   0   2  0.24 0.14
  210 D   -1  0  2  4 -4  1  1 -2 -1 -3 -2  0 -2 -4  1  1  1 -5 -4 -3    3   4  12  29   0   5   8   2   2   1   4   5   1   0   6  10   7   0   0   1  0.47 0.22
  211 A    1  0  0  0 -3  1  0  0 -2 -1 -1  0  0 -3  2  1  1 -4 -2  0   14   4   3   3   0   6   4   9   0   4   4   6   2   0   9  12  12   0   1   5  0.18 0.11
  212 T    0 -1  0 -1 -3  0  1  0  0 -2 -2  0 -2 -3  1  2  3 -5 -3  0    5   2   4   2   0   5  12   7   2   1   2   5   0   1   8  17  20   0   0   7  0.28 0.17
  213 G    0 -2  1 -1 -4  0  1  3 -3 -4 -4  2 -3 -3  0  0  2  0 -4 -3    8   0   6   2   0   4   9  31   0   0   0  13   0   1   5   6  14   1   0   0  0.46 0.23
  214 S    1 -1  1 -2 -1  2  1  0  2 -2 -3 -1 -1 -1  1  2  1 -5 -3 -3   15   3   5   0   1   9   7   6   5   2   1   3   1   3   7  21  11   0   0   0  0.30 0.19
  215 D   -2 -1  2  3 -1  2  3 -2  0 -3 -3  1 -3 -4 -1  1  1 -5 -4 -2    1   2  11  15   1   8  21   2   1   1   1   9   0   0   2  11  11   0   0   2  0.44 0.21
  216 A    1 -1  0 -1 -1  2  0  0 -2 -2 -3  2 -3 -4  2  2  1  0 -4 -2   12   2   4   2   1   9   3   7   0   2   2  18   0   0  11  15   9   1   0   1  0.33 0.18
  217 K   -1  3  0 -3 -2  1  2 -2 -1 -3 -3  5 -1 -5 -2  1 -2 -6 -4 -4    4  13   3   0   1   6  11   3   1   1   2  43   1   0   2   9   1   0   0   0  0.71 0.32
  218 N   -1  1  3  0 -4  2  0  0 -2 -5 -4  3 -3 -5 -2  3  0 -1 -4 -4    4   5  18   3   0   9   3   6   0   0   1  20   0   0   2  26   3   1   0   0  0.55 0.27
  219 K   -1  1  1 -1  3  2 -1  2  0 -4 -4  4 -3 -4 -3  1 -1 -5 -2 -4    2   5   6   2   9   8   1  15   2   0   0  31   0   0   0  13   3   0   1   0  0.52 0.26
  220 C   -2 -2 -2 -6 10 -3 -6 -2 -6 -5 -4 -4 -5 -6 -6 -1 -1  2 -6 -3    2   3   2   0  76   1   0   3   0   0   1   1   0   0   0   5   3   3   0   1  2.58 0.69
  221 S    2  1  1 -3  3  1 -2  0  0 -4 -4  1 -3 -4 -3  4  0 -5 -2 -3   15   7   6   0   9   5   0   5   3   0   0   7   0   0   0  37   5   0   1   0  0.53 0.24
  222 C   -2 -7 -6 -7 11 -6 -8 -7 -7 -4 -5 -7 -5 -6 -7 -4 -4 -6 -6 -4    2   0   0   0  98   0   0   0   0   0   0   0   0   0   0   0   0   0   0   0  3.69 0.73

                      K         Lambda
Standard Ungapped    0.1800     0.3497
Standard Gapped      0.1100     0.3190
PSI Ungapped         0.1800     0.3497
PSI Gapped           0.1100     0.3190
