
Last position-specific scoring matrix computed, weighted observed percentages rounded down, information per position, and relative weight of gapless real matches to pseudocounts
           A  R  N  D  C  Q  E  G  H  I  L  K  M  F  P  S  T  W  Y  V   A   R   N   D   C   Q   E   G   H   I   L   K   M   F   P   S   T   W   Y   V
    1 M   -3 -4 -5 -6 -4 -3 -5 -6 -4  0  0 -4  9 -2 -5 -4 -3 -4 -4 -1    0   0   0   0   0   0   0   0   0   2   3   0  95   0   0   0   0   0   0   0  2.46 0.52
    2 A    4 -3  0 -3  0 -1 -1  1 -3 -2 -3 -2  0 -4 -2  2  0 -4 -3 -1   55   0   4   0   2   2   2  10   0   2   0   0   3   0   0  13   4   0   0   2  0.59 0.21
    3 A    3 -1  0 -2 -3 -2 -1  1 -2 -3 -2 -1  0 -4  2  2  1 -4 -3 -2   33   4   5   0   0   0   1  11   0   0   2   3   3   0  10  17  12   0   0   0  0.43 0.17
    4 V    1  0 -1 -3 -3 -1 -1 -2 -3  2  1 -1  5 -2 -1  0  0 -4 -3  2   11   4   3   0   0   1   4   1   0  10   7   3  26   0   2   6   3   0   0  19  0.33 0.18
    5 R    0  2  1  1 -3  1  1 -1  0 -2 -1  1  0 -3  0  1  0 -4 -3 -1    7  16   8   6   0   5  11   4   2   0   6   7   4   0   5  10   5   0   0   5  0.20 0.08
    6 G    1 -3  0  0 -4 -1  1  4 -3 -3 -2 -1 -1 -3 -1  0  0 -4 -4 -1   12   0   5   5   0   1   9  41   0   0   3   2   1   1   2   6   8   0   0   5  0.50 0.19
    7 H    0  0  2  2 -4  2  2  0  2 -4 -4 -1 -2 -4 -2  2  0 -4 -1 -3    5   3  12  12   0  13  18   5   6   0   0   0   1   0   1  17   3   0   2   1  0.44 0.19
    8 Q   -3 -2 -2 -2 -6  7  3 -3  0 -6 -5  0 -4 -6 -4 -2 -1 -5 -5 -5    1   0   1   1   0  64  19   1   2   0   0   5   0   0   0   1   3   0   0   0  1.72 0.59
    9 Y   -2 -1 -1 -3 -2  5  0 -4  4 -2  0  0  0 -1 -4 -2 -1 -3  3 -2    1   2   3   1   1  36   5   1  13   2  10   4   2   2   0   2   3   0  11   2  0.72 0.34
   10 F   -5 -6 -6 -7 -1 -6 -6 -7 -2 -2  1 -6 -1  7 -6 -5 -5 -3  6 -3    0   0   0   0   2   0   0   0   1   2  13   0   1  52   0   0   0   0  28   1  1.92 0.60
   11 S   -2 -2  0 -5  8 -1 -4 -5  1 -5 -2 -3 -2 -3 -5  3 -1 -3 -2 -3    3   2   5   0  42   3   0   0   4   0   4   1   1   1   0  29   3   0   1   1  1.46 0.54
   12 L   -5 -6 -7 -8 -5 -3 -7 -7 -6  0  6 -6  0  0 -6 -6 -4 -5 -4  1    0   0   0   0   0   1   0   0   0   3  82   0   1   4   0   0   1   0   0   8  1.74 0.61
   13 R   -4  6 -3 -5  1 -1 -3 -5  1 -5 -5  5 -5 -6 -5 -1 -1 -6 -4 -4    0  47   1   0   3   2   1   0   3   0   0  35   0   0   0   4   3   0   0   1  1.53 0.59
   14 W   -5 -4 -8 -9 -7 -7 -8 -8 -7 -4 -5 -8 -6 -4 -4 -6 -7 11 -1 -7    1   1   0   0   0   0   0   0   0   1   1   0   0   0   1   1   0  91   1   0  4.71 1.23
   15 N   -4 -3  7  1 -6 -1 -1 -2  3 -5 -5  0  0 -6 -5 -1 -2 -7 -5 -6    1   1  62   7   0   2   3   2   7   1   1   7   2   0   0   4   2   0   0   0  1.61 0.61
   16 N   -4 -2  6  2 -6 -2  0 -1  2 -6 -5 -2 -5 -4 -5  1 -2 -6 -1 -6    1   2  52  12   0   1   5   4   4   0   1   2   0   1   0  12   1   0   2   0  1.33 0.54
   17 Y   -6 -5 -5 -6 -8 -3 -5 -7  9 -6 -6 -6 -6  5 -7 -4 -6 -5  5 -7    0   0   0   0   0   1   0   0  56   0   0   0   0  23   0   1   0   0  19   0  2.76 0.87
   18 Q   -2  0 -1 -2 -3  5  1 -1  4 -5 -1  0 -2 -2  0  1 -1 -5 -2 -3    1   5   2   1   1  28   8   5  12   0   5   5   1   2   5  13   3   0   1   2  0.57 0.33
   19 N    1 -2  3 -1 -3  0 -1 -1 -2 -4 -3  0 -3 -3 -1  4  2 -6 -4 -2   10   2  14   3   0   3   4   4   1   0   2   4   0   1   3  33  13   0   0   2  0.53 0.31
   20 T   -2 -3  6 -2 -4 -2 -3 -4  4 -4 -4 -2 -5 -3 -5  2  2 -3 -1 -3    2   1  44   1   0   1   1   0  11   1   2   2   0   1   0  13  16   0   2   2  1.15 0.50
   21 M   -4 -5 -6 -6 -5 -4 -3 -7 -5  3  4 -5  4  3 -6 -5 -3 -5 -3  0    1   0   0   0   0   1   2   0   0  19  48   0  11  12   0   0   0   0   0   6  1.16 0.44
   22 T    1 -1 -2 -3  0  0 -2 -2  0  1  1  0  1  1 -3  0  2 -2 -1  1   11   2   1   0   2   5   0   2   2   7  17   5   3   8   0   8  14   1   1  12  0.17 0.14
   23 S    1 -1  1  1 -2  1  0  0  1 -4 -3 -1 -2 -3 -4  3  1 -5 -3 -3    9   2   6   8   1   7   6   6   4   1   2   3   1   1   0  32  10   0   0   1  0.45 0.27
   24 V    1 -2 -2 -3  0 -1 -1  1 -2  1 -1 -2  1 -1 -4  1  0 -4 -2  3   15   2   2   0   2   3   4  12   1   8   4   1   3   2   0  11   6   0   1  25  0.24 0.17
   25 F   -2 -5 -6 -6 -1 -1 -4 -6 -5  0  3 -5  1  7 -6 -5 -4 -3 -1 -1    3   0   0   0   1   3   1   0   0   5  28   0   3  52   0   0   0   0   0   4  1.44 0.50
   26 Q    0  1  0  3 -2  1  2 -1  2 -4 -3  0 -3 -4  1  2  0 -5 -2 -3    6   7   4  16   1   8  15   4   6   0   3   4   0   0   6  15   5   0   1   1  0.35 0.19
   27 Q    0  0  2  0 -3  3  2 -2  1 -3 -2  0 -2 -3 -3  2  1 -2 -1 -2    6   5   9   5   1  16  12   2   4   1   3   6   0   1   0  14  10   1   2   2  0.33 0.20
   28 L   -4 -5 -4 -6  0 -5 -6 -6  0  0  5 -5  2  1 -6 -4 -4 -5 -2 -2    1   0   1   0   3   0   0   0   2   3  78   0   4   4   0   1   0   0   1   1  1.45 0.49
   29 R   -3  4 -3 -5 -1  0 -4 -5 -1 -2  3 -2 -1  1 -5 -4 -4  1  2 -2    1  31   0   0   2   4   0   0   1   1  39   1   1   6   0   0   0   2   9   1  0.85 0.36
   30 E   -1  1  1  2 -2  2  2 -1  2 -3 -3  1 -2 -3 -3  0  0 -5 -2 -2    4   6   8  11   1  13  18   4   6   1   2   9   0   1   0   7   5   0   1   2  0.37 0.18
   31 D   -1  1  3  3 -2  1  1 -2  1 -3 -4  2 -1 -5 -3  1  0 -2 -4 -3    3   6  15  20   1   5  10   2   4   1   0  12   2   0   1  13   4   0   0   1  0.48 0.23
   32 L   -2 -2 -1  1 -6  2  5  2 -1 -3 -2  0 -4 -5  0 -1 -2 -6 -5 -4    2   1   2   6   0   8  48  15   1   1   3   4   0   0   4   4   1   0   0   0  0.84 0.33
   33 S    1 -1  0  2  0  1  1 -2  0 -1 -2  0 -1 -2 -2  2  1 -4 -1 -1   12   3   3  16   3   9  10   1   2   3   4   3   1   1   0  15   8   0   2   3  0.23 0.13
   34 F   -4 -5 -5 -6 -4 -4 -3 -6 -2 -2  4 -5  2  6 -5 -2 -4 -3  2 -2    0   0   0   0   0   0   1   0   1   0  42   0   4  39   0   4   0   0   8   0  1.22 0.38
   35 V    0 -4 -4 -5  4 -2 -4 -5 -4  0  0 -4 -1  1 -4 -2  2 -4 -2  4    8   0   0   0  11   1   0   0   0   1   8   0   1   7   0   2  17   0   1  43  0.74 0.31
   36 D   -6 -5 -2  8 -8 -4  0 -5 -5 -8 -8 -5 -7 -8 -6 -4 -5 -9 -7 -7    0   0   0  97   0   0   3   0   0   0   0   0   0   0   0   0   0   0   0   0  2.94 0.75
   37 V   -2 -6 -6 -7  3 -5 -6 -6 -6  1 -1 -5  0 -4 -6 -3 -1 -6 -2  6    2   0   0   0   6   0   0   0   0   5   2   0   2   0   0   1   2   0   1  78  1.65 0.55
   38 T   -2 -2 -2 -4 -5 -4  0 -5 -5 -3 -3 -2 -2 -6 -5  0  7 -7 -5 -3    2   2   1   0   0   0   6   0   0   1   1   1   1   0   0   5  78   0   0   1  1.79 0.64
   39 L   -5 -6 -7 -7 -5 -6 -7 -7 -6  2  6 -6 -1 -1 -6 -6 -5 -5 -4  0    0   0   0   0   0   0   0   0   0  11  83   0   0   2   0   0   0   0   0   4  1.78 0.56
   40 S    4 -2 -3 -4  2 -3 -1 -2 -4 -1 -3  0  0 -1 -3  2  0 -1 -1  1   44   1   0   0   4   0   4   1   0   3   1   6   2   3   0  13   3   1   2  11  0.56 0.30
   41 C    2 -5 -5 -6  9 -5 -4 -4 -6 -2 -3  0 -4 -5 -4 -1  0 -6 -6  0   17   0   0   0  55   0   1   1   0   1   1   6   0   0   1   4   6   0   0   8  1.79 0.54
   42 E   -1 -2  0  3 -6 -1  4  1 -2 -4 -5  1 -5 -5 -3 -1 -2 -6 -2 -3    3   0   3  22   0   1  40  12   1   1   1   8   0   0   1   3   2   0   2   1  0.86 0.35
   43 H   -2  2  0  1 -3 -2 -1  5 -1 -4 -5 -2 -2 -3 -3 -1 -2 -6 -2 -5    1  14   3   7   1   1   3  57   1   1   1   1   1   1   1   4   1   0   1   0  1.07 0.40
   44 G   -1  3 -1 -2 -2  3  0  2  3 -3 -3  2 -2 -3  0 -2 -1 -5 -3 -1    4  17   2   2   1  15   3  17   8   1   2  16   1   1   4   1   2   0   0   4  0.45 0.24
   45 S   -1  1 -1 -2 -1  2  0 -2  2 -1 -1  0  0  1 -2  2  1 -3  0 -1    1   8   2   1   2   9   3   1   7   5   5   5   2   7   1  25  11   0   3   3  0.21 0.14
   46 L   -2 -4 -4 -5  0 -3 -4 -5  0  3  3 -4  1  3 -4 -3 -1 -2  1  1    2   0   0   0   2   0   0   0   3  19  37   0   2  17   0   0   2   0   5  11  0.60 0.19
   47 K    0  2 -1 -1 -4  1  0  1  0 -2 -2  4 -1 -3  0  0 -1  0 -2 -2    6  12   2   2   0   7   4  10   2   1   2  35   1   0   4   5   2   1   1   1  0.38 0.14
   48 A    3  1 -2 -3  3 -2 -2  1 -2 -2 -1 -1 -2 -3 -2  0  0 -4 -3  0   46  12   0   0  11   0   0  12   0   0   3   0   0   0   0   3   3   0   0   9  0.39 0.13
   49 H   -2 -1 -1 -2 -4  2 -1 -3  7 -3 -3  0 -2  0 -2  0 -2 -3  0 -3    1   1   0   1   0  12   1   1  61   1   1   6   0   6   1   7   1   0   0   1  1.00 0.19
   50 K    0  3 -1 -2 -4  3  0 -3 -1 -3 -1  4 -2 -3 -2  1 -1 -4 -3 -3    8  19   0   0   0  16   0   0   0   0   8  40   0   0   0   9   0   0   0   0  0.61 0.17
   51 V    1 -3 -2 -3 -2 -2 -2 -3 -3  1  1 -2  2  2  2  1  1 -3 -1  1   11   0   0   0   0   0   0   0   0  11  11   0  11  11  11  11  11   0   0  11  0.25 0.10
   52 V   -1 -4 -5 -5 -3 -4 -4 -5 -5  3  0 -4  1  0 -4 -3 -2 -4 -3  5    3   0   0   0   0   0   0   0   0  18   5   0   3   4   0   0   0   0   0  67  0.97 0.24
   53 L   -3 -4 -5 -6 -3 -4 -5 -5 -4  1  5 -4  2  3 -5 -4 -3 -3 -2  0    0   0   0   0   0   0   0   0   0   6  71   0   4  15   0   0   0   0   0   4  1.01 0.23
   54 S    2 -3 -1  2  1 -2 -1 -1 -3 -2 -3 -2 -1 -2 -2  4  1 -4 -3 -1   21   0   0  15   4   0   0   2   0   2   0   0   2   2   0  45   5   0   0   3  0.57 0.19
   55 A    4 -3 -1 -2  4 -2 -2 -1 -1 -1 -1 -2 -1 -3 -2  1  1 -4 -2 -1   51   0   2   1  15   0   0   3   1   2   5   0   1   0   0   6   8   0   1   3  0.54 0.18
   56 C    2 -2  0 -2  5  0 -2  0 -2 -2 -3 -2 -2  0 -3  2  0 -3  1 -1   22   0   5   0  20   5   0   5   0   0   0   0   0   5   0  22   5   0   5   5  0.37 0.11
   57 S    2 -2  3 -2 -3 -2 -2 -2 -2 -4 -4 -2 -3 -4 -2  5  0 -5 -3 -3   17   0  17   0   0   0   0   0   0   0   0   0   0   0   0  66   0   0   0   0  1.01 0.23
   58 T   -1 -1  0 -1 -4 -1 -1 -1 -1 -2  0  1  0 -4  4  0  2 -5 -2 -2    3   2   4   2   0   2   4   4   1   2  10   9   2   0  28   5  18   0   2   2  0.52 0.23
   59 Y    0  0 -2 -3  2 -1 -2 -3  2  0  0  0  2  1 -3  0  0  4  2  0    7   7   0   0   7   0   0   0   7   7   7   7   7   7   0   7   7   7   7   7  0.17 0.15
   60 F   -3 -4 -4 -4 -4 -4 -4 -4 -3  1  2 -4  3  7 -4 -4 -3 -2  0 -2    1   1   0   1   0   0   1   1   0   7  19   1   7  58   1   1   1   0   0   1  1.38 0.45
   61 Q    0  0  1  0  2  1  0  0  2 -2 -1  0  1  1 -3  0  0 -3  1 -2    6   6   6   6   6   6   6   6   6   0   6   6   6   6   0   6   6   0   6   0  0.10 0.12
   62 K    0  1  2  1  0  1  2  0  0 -2 -2  1  0 -3 -2  1  0 -4 -3 -2    7  10  10   8   2   6  16   7   2   2   2   7   2   0   0   8   7   0   0   3  0.23 0.13
   63 L    0 -2 -2 -2 -2  0  0 -3  1  1  2 -2  3  2 -2 -1  0 -2 -1  1    6   1   1   1   0   5   5   1   5  11  18   1  13  12   1   1   6   0   0  13  0.18 0.08
   64 L   -2 -3 -3 -4  2 -3 -3 -4 -3  1  3 -3  2  3  2 -3 -2 -2 -1  0    1   0   0   0   7   0   1   1   0  11  36   0   7  23  10   1   0   0   0   1  0.49 0.16
   65 L   -1  0  0 -1 -1  1  0 -2 -1 -1  0  2  0  1 -2  1  0 -3 -1  0    5   4   5   3   2   6   6   2   1   2  11  17   2   9   2   9   6   0   2   6  0.11 0.11
   66 E   -1  0  1  1 -4  2  2 -1  1 -1 -2  1  0 -1 -3  1  0 -4  0 -1    5   4   6   9   0  10  14   5   4   4   4   8   3   3   0  10   5   0   3   3  0.19 0.18
   67 N    0  0  0  0  2  0  0 -1  1  0 -1  0  1  0 -3  0  0  3  1  0    5   5   5   5   5   5   5   5   5   5   5   5   5   5   0   5   5   5   5   5  0.06 0.09
   68 P   -1 -2  0  0  1  2 -1 -2  1 -1 -2 -1  1 -1  4  0 -1  2  1 -2    5   3   4   6   3   8   5   4   3   3   4   4   3   3  24   6   4   2   4   3  0.36 0.30
   69 C   -2 -1 -1  2  5 -1  1 -1  4 -2 -2 -3  0 -2 -2  1  1  1 -1 -1    4   4   3  12  13   3   8   6  10   2   4   2   2   2   2   9   8   2   2   4  0.42 0.29
   70 K   -1  0  2  1 -1  2  1 -2  2 -5 -4  3 -2 -5  1  0 -1 -5 -2 -3    4   4  11   9   2  11   7   3   6   0   1  23   1   0   7   6   4   0   1   1  0.45 0.28
   71 H   -2  0  2  0 -2  2  0 -1  7 -5 -4 -1 -4 -2  0 -1 -2 -5  0 -2    2   6   9   4   1   8   4   6  40   0   1   2   0   1   5   4   2   0   3   2  1.00 0.48
   72 P   -1 -4 -1 -2  0  1 -1 -3  1 -2 -1 -1 -1 -5  6 -1 -2 -5 -1 -3    5   0   4   3   2   7   3   2   4   2   6   3   2   0  49   3   3   0   3   1  1.10 0.48
   73 T    1 -1 -2 -3  1 -3 -2 -2 -1  2  0 -3  2 -2  1  0  2 -1 -2  2   10   3   2   1   3   0   1   2   1  16   6   0   5   1   6   5  13   1   1  20  0.26 0.20
   74 I   -2 -5 -6 -6 -4 -5 -2 -6 -5  5  1 -5  2  0 -6 -4 -1 -5  0  4    3   0   0   0   0   0   3   0   0  41  11   0   4   4   0   0   4   0   3  27  1.04 0.47
   75 I   -2 -5 -5 -6 -4 -5 -3 -6 -1  5  1 -5  0  1 -5 -3 -1 -4  1  3    2   0   0   0   0   0   2   0   1  39  10   0   2   5   0   2   3   0   6  27  0.97 0.45
   76 L   -4 -5 -6 -6 -4 -5 -6 -2 -5  3  4 -5  2  2 -6 -2 -2 -4  0  1    0   0   0   0   0   0   0   3   0  15  47   0   5  10   0   2   2   0   4  11  0.90 0.42
   77 P   -1  0 -1 -1  0 -1 -2 -2  0  0  2  0  2  0  3 -1 -1 -2  0  0    5   5   3   3   2   1   2   2   2   5  22   7   6   5  15   3   2   0   4   5  0.19 0.10
   78 A    0  1  1  0 -4  1  0  1  1 -3 -2  3 -2 -3  1  0 -1 -1 -2 -2    7   9   6   5   0   5   4  14   3   0   3  21   1   1   8   5   2   1   1   3  0.29 0.19
   79 D   -1 -2  2  5 -4 -1  1  1 -3 -4 -4 -1 -4 -4 -3 -2 -2 -4  0 -2    4   2  10  44   0   2  10  11   0   1   1   3   0   0   1   2   2   0   3   3  0.88 0.39
   80 I   -2 -4 -6 -6 -1 -3 -5 -4 -6  4 -1 -4  3  0 -5 -4  0 -2 -4  4    3   0   0   0   1   1   0   1   0  31   4   1   8   3   0   0   5   1   0  40  1.09 0.45
   81 I   -1  1  2  1  1  0  0 -1  0 -4 -4  3 -3 -5  1  2  1 -5 -3 -3    3   8   9   7   4   4   6   4   2   1   1  18   0   0   7  19   7   0   1   1  0.38 0.23
   82 F    1 -2 -3 -4 -2 -2 -3 -2  2 -2 -2 -3 -2  5 -1  0 -3  2  5 -2   11   2   1   1   1   1   1   3   6   1   3   1   0  33   3   7   0   2  20   2  0.84 0.39
   83 T    0  0  0  1  0  2  2 -2  2 -3 -3  1 -1 -2 -1  1  0  3 -1 -2    8   5   5   9   2   9  12   1   6   1   1   7   2   1   3  13   5   4   2   2  0.24 0.16
   84 D    0 -1  1  5 -6  0  3 -3  3 -2 -4 -3 -5 -5 -5 -2 -2 -6 -2 -1    8   2   5  35   0   3  24   1   9   2   2   0   0   0   0   1   2   0   1   4  0.89 0.41
   85 L   -4 -6 -7 -7  0 -5 -6 -7 -6  2  5 -6  5 -2 -4 -6 -4 -5 -5  1    1   0   0   0   2   0   0   0   0   9  60   0  19   1   1   0   0   0   0   7  1.49 0.56
   86 K   -1  3 -1 -1  0  2  3 -4  0 -3 -4  3  0 -4 -4  0 -2  1 -3 -3    5  16   1   2   2  10  19   0   2   1   1  24   2   0   0   7   2   3   0   2  0.62 0.33
   87 T    4 -1 -2 -1  1 -2 -3 -3 -1 -1 -1 -3 -2 -2 -4  2  0 -5 -2 -1   43   3   1   4   3   1   1   1   2   4   7   0   1   1   0  15   6   0   1   4  0.53 0.32
   88 I   -4 -6 -7 -7 -5 -6 -6 -7 -3  4  5 -6  2 -3 -6 -6 -3 -6 -5  0    1   0   0   0   0   0   0   0   1  28  59   0   5   0   0   0   1   0   0   6  1.51 0.55
   89 I   -2 -6 -6 -7 -1 -5 -6 -7 -6  3  4 -6  2 -2 -6 -5 -4 -5 -4  4    3   0   0   0   1   0   0   0   0  15  46   0   5   1   0   0   0   0   0  28  1.21 0.47
   90 D   -2 -1  0  4 -1  2  4 -4  0 -3 -6 -1 -5 -4 -4  1 -1 -6 -3 -4    3   3   3  29   1  10  31   1   2   1   0   3   0   0   0   9   4   0   1   0  0.90 0.41
   91 F   -4 -7 -7 -8 -2 -7 -7 -8 -4 -5 -3 -7 -5  8 -8 -3 -6 -3  5 -5    1   0   0   0   1   0   0   0   0   0   1   0   0  70   0   2   0   0  25   0  2.69 0.85
   92 V   -3 -6 -7 -8 -2 -5 -6 -7 -7  2 -1 -6  9 -4 -7 -3 -4 -6 -6  1    2   0   0   0   1   0   0   0   0  13   4   0  70   0   0   2   1   0   0   8  2.53 0.87
   93 Y   -7 -7 -7 -9 -8 -7 -8 -9 -3 -6 -6 -7 -6 -2 -8 -7 -7 -3  9 -7    0   0   0   0   0   0   0   0   0   0   0   0   0   0   0   0   0   0 100   0  3.97 1.17
   94 R   -1  3  1 -2  1  2 -1 -4  3 -3 -2  3 -2 -4 -4  0  1 -5 -1 -2    3  18   8   1   3  11   2   0   8   1   4  18   0   0   0   8  12   0   3   2  0.50 0.29
   95 G   -4 -7 -5 -6 -8 -6 -6  7 -7 -9 -8 -6 -7 -8 -2 -3 -6 -8 -8 -8    0   0   0   0   0   0   0  96   0   0   0   0   0   0   2   2   0   0   0   0  2.76 0.87
   96 E   -3 -4 -2 -2 -3  1  7 -5 -4 -2 -7  0 -6 -7 -5 -2 -3 -7 -4 -4    1   0   1   0   1   6  78   1   0   3   0   4   0   0   0   2   1   0   0   1  1.96 0.75
   97 I   -1 -6 -6 -7 -2 -6 -6 -7 -7  3 -1 -6  0 -4 -6 -4 -1 -6 -5  6    5   0   0   0   1   0   0   0   0  16   3   0   2   0   0   1   3   0   0  69  1.65 0.61
   98 D   -3  0  5  0 -2 -1 -1 -4  3 -2 -3 -1 -1 -2 -5  1  0 -5  0 -2    1   6  38   4   1   3   3   0   8   2   1   3   2   2   0  13   7   0   4   3  0.73 0.37
   99 V   -3 -6 -7 -7 -1 -6 -6 -7 -7  4  0 -6 -1 -3 -6 -5 -3 -6 -5  6    1   0   0   0   1   0   0   0   0  24   6   0   1   1   0   0   1   0   0  66  1.79 0.63
  100 T    0 -1  0  0 -1 -1  0 -1  0 -3 -2  0 -3 -3  2  3  2 -5 -1 -2    8   2   4   5   1   2   7   5   2   1   4   6   0   1  11  24  12   0   2   2  0.31 0.21
  101 E   -2  0  0 -2 -2  6  3 -4  3 -5 -5  0 -4 -3 -1 -1 -2 -6 -1 -1    2   4   3   1   1  43  16   1   8   0   0   4   0   1   3   3   2   0   3   4  1.05 0.51
  102 S    0 -2  1  3 -1  0  4 -3  1 -5 -4  0 -1 -6 -3  1 -1 -6 -4 -5    9   1   5  20   1   3  33   1   4   0   1   4   1   0   1  11   4   0   0   0  0.73 0.37
  103 E   -1  1  2  2 -4  5  2 -3  1 -2 -4  1 -2 -4 -4  0 -3 -6 -4 -3    3   8  12   9   0  30  13   1   3   2   1   6   1   1   0   6   1   0   0   2  0.70 0.38
  104 L   -4 -6 -7 -8 -5 -6 -4 -8 -6  2  5 -6  1  0 -7 -6 -5 -6 -5  0    1   0   0   0   0   0   1   0   0   9  78   0   2   4   0   0   0   0   0   6  1.68 0.62
  105 Q    1 -1  1  1 -5  2  1 -1 -2 -4 -4 -1 -3 -3  4  2 -1 -6 -5 -4   10   3   8   8   0   9   8   5   1   1   1   3   1   1  23  17   4   0   0   0  0.57 0.30
  106 G    1  0  0  1 -4 -1  1  1 -2 -4 -4 -1 -1 -3  0  4  0 -6 -4 -2   11   6   3   8   0   2   7   9   1   0   1   2   1   1   5  34   5   0   0   3  0.45 0.29
  107 L   -5 -6 -7 -8 -5 -6 -7 -7 -6  1  4 -6 -1  6 -7 -6 -4 -4 -2  1    0   0   0   0   0   0   0   0   0   7  44   0   1  38   0   0   1   0   0   9  1.57 0.58
  108 L   -5 -6 -7 -7 -3 -4 -7 -7 -6  2  5 -6  2 -1 -5 -6 -3 -5 -2  0    0   0   0   0   0   0   0   0   0  11  73   0   5   2   1   0   1   0   1   5  1.55 0.57
  109 R   -1  3  0 -1 -6  2  1 -4  0 -5 -5  5 -4 -6 -1  0 -2 -6 -4 -5    6  13   4   2   0   9   6   0   3   0   1  43   0   0   2   7   2   0   0   0  0.91 0.43
  110 T    3 -4 -4 -5 -1 -4 -4 -2 -3  1  0 -4  0 -3 -4  0  4 -6 -5  2   27   0   0   0   1   0   0   2   0   6   9   0   2   1   0   5  34   0   0  13  0.76 0.41
  111 A    6 -5 -6 -6 -2 -4 -5 -1 -6 -4 -6 -3 -5 -6 -5 -1 -3 -7 -6 -4   90   0   0   0   1   0   0   4   0   1   0   1   0   0   0   2   1   0   0   0  2.13 0.80
  112 E   -4  0  1  1 -7  2  5 -3  0 -6 -6  2 -5 -5 -5 -1 -1 -7 -4 -5    0   6   6   6   0  10  50   2   2   0   0  11   0   0   0   3   4   0   0   0  1.12 0.49
  113 Q    1 -2  0  0  1  1  1 -2 -1  0  0 -1  1 -1 -3  1  1 -1 -1  0   11   1   3   4   4   6   9   2   2   7  11   1   5   2   0  14  10   1   2   6  0.11 0.11
  114 L   -5 -6 -7 -8 -6 -6 -7 -8 -7 -2  6 -4  1  1 -7 -5 -5 -6 -3 -3    0   0   0   0   0   0   0   0   0   0  89   1   2   6   0   0   0   0   1   0  2.03 0.71
  115 K   -3  1 -2 -2 -3  6  1 -2  1 -6 -5  4 -2 -4 -5 -2 -4 -6 -4 -6    2   8   1   1   1  39   6   4   3   0   0  32   1   1   0   1   0   0   0   0  1.28 0.56
  116 I   -5 -6 -7 -7 -5 -3 -6 -8 -7  6  0 -6 -2 -4 -6 -5 -4 -6 -5  4    0   0   0   0   0   1   0   0   0  59   5   0   0   0   0   0   0   0   0  34  1.86 0.64
  117 K   -3  4 -1 -4 -1  0 -3 -4 -1 -5 -6  6 -4 -5 -5  0 -2 -2 -3 -5    1  25   2   0   2   3   1   1   1   0   0  52   0   0   0   7   2   1   1   0  1.38 0.56
  118 G   -3 -6 -1 -5 -3 -3 -5  7 -6 -8 -4 -5 -7 -7 -4 -3 -5 -7 -7 -7    1   0   3   0   1   1   0  89   0   0   2   0   0   0   1   2   0   0   0   0  2.36 0.74
  119 L   -5 -4 -7 -8 -5 -6 -7 -7 -6  0  6 -6 -1  0 -7 -6 -5 -5 -5 -1    0   1   0   0   0   0   0   0   0   4  89   0   1   3   0   0   0   0   0   2  1.95 0.66
  120 C    3 -1 -2 -3  4 -2 -1 -2 -1 -1 -2 -2  0 -2 -3  1  3 -2 -1  0   25   3   1   0  11   1   3   2   1   2   3   0   2   2   0   9  22   1   2   8  0.42 0.23
  121 E   -2 -1  0  4 -5  1  4 -1  1 -3 -4  0 -4 -5 -2 -1 -1 -5 -4 -3    2   2   3  25   0   7  36   5   3   2   1   4   0   0   2   4   3   0   0   1  0.78 0.32
  122 T    0 -2  1 -1 -2 -1 -1 -1 -2  0 -1 -1  1  0  0  1  2 -4 -1  2    9   1   7   3   1   2   3   3   1   4   2   2   5   4   5  11  15   0   1  21  0.16 0.14
  123 A    2  0  1 -1  1  0 -1  0 -2 -1 -1  0  0 -3  1  2  1 -3 -3 -1   18   6   6   3   4   4   3   6   1   2   5   4   3   0   8  15   8   0   0   3  0.19 0.12
  124 E   -1  0  0  2 -4  1  3  0  0 -2 -3  1 -1 -3 -1  1 -1  0 -3 -1    4   3   4  13   0   6  30   6   2   2   1   7   2   1   2   9   3   2   0   6  0.39 0.19
  125 N   -1  0  4  3 -2  0  0 -2  1 -4 -3  0 -1 -2 -1  1  0 -5 -3 -3    5   5  26  17   1   4   5   2   3   0   1   6   1   2   3  10   7   0   0   1  0.46 0.20
  126 A    1 -1  1  0 -2  0  1 -1 -1 -2 -1  2  0 -1  1  1  0 -4 -3 -2   14   2   6   5   0   2  10   5   1   2   6  14   2   2   7  14   6   0   0   2  0.18 0.10
  127 D   -2 -1  2  5 -2 -1  3 -3 -1 -5 -4  0 -4 -2 -1  0 -1 -5 -2 -3    2   3  12  37   1   2  19   1   1   0   1   5   0   2   2   5   4   0   1   2  0.74 0.27
  128 D   -1 -1  2  4 -5  1  2 -2  0 -3 -4  2 -4 -5 -1  1 -1 -5 -4 -3    5   1   8  34   0   6  14   1   2   2   0  12   0   0   3   8   2   0   0   1  0.65 0.24
  129 L   -1 -1  0 -1 -3  0 -1 -1 -2  1  2  0  0  0  1  0  0 -3 -1  1    3   2   6   3   0   4   3   3   0   7  27   6   2   4   6   5   6   0   1  12  0.11 0.08
  130 N   -1  0  5  1 -2  0  1 -1 -1 -3 -2 -2 -3 -4  1  0 -1 -5 -1 -2    5   5  41   6   1   2   9   4   1   1   4   0   0   0   8   7   2   0   3   2  0.59 0.24
  131 D   -2  0  2  5 -5  1  2 -3 -2 -4 -5  0 -4 -3  0  0  0 -6 -4 -4    1   4  12  40   0   5  14   0   0   1   0   6   0   1   4   6   6   0   0   0  0.80 0.25
  132 A    2 -1  0 -1  2  0  0  0 -2 -1 -1 -1 -2 -3 -1  2  1 -4 -1  0   18   2   4   2   7   3   7   7   0   4   4   1   0   0   2  20  11   0   2   6  0.20 0.11
  133 A    2 -1  0  1 -1  1  0 -1  0 -3 -2  0 -2 -3  1  2  1 -3  1 -1   24   2   4   7   1   6   4   2   2   0   3   4   1   0   8  17   8   0   6   3  0.25 0.12
  134 T    0 -1  1 -1 -1  0  0 -2 -2  0 -1  0  1 -2  0  2  3 -4 -2  0    5   1   7   2   1   3   7   1   0   6   4   4   4   1   3  23  24   0   1   5  0.28 0.14
  135 A    1  0 -1  1 -3  0  0 -1 -2 -2 -1  0 -2 -1  2  2  0 -4 -3 -1   17   5   1   7   0   2   6   4   0   1   8   4   0   3  13  23   2   0   0   5  0.27 0.12
  136 T    0 -1  1  0 -3  0 -1 -1  0 -2 -2  0 -1 -2  0  3  3 -4 -3  0    3   1   7   3   0   5   1   2   2   1   1   6   2   2   4  26  28   0   0   7  0.39 0.18
  137 I    0  0 -2 -2 -2  0  0 -3 -2  2  1  0  2 -2  1  0  1 -3 -1  1    4   5   0   0   0   4   6   0   0  18  13   5   7   0   6   8   8   0   2  12  0.16 0.08
  138 T    0  1 -1  1 -3  0  0  0  0 -2 -2 -1 -2 -3  1  1  3 -4 -2  0    4   9   2   8   0   3   3   6   2   0   4   2   0   0   5  12  32   0   1   6  0.31 0.14
  139 V   -2 -1 -2 -2 -3 -2 -1 -3 -3  2  1 -1 -1 -2  1 -1  0 -3  0  3    0   4   1   2   0   0   3   1   0  14  13   4   0   0   7   3   6   0   4  37  0.31 0.15
  140 S    1  0  0  0  1  0  0  0 -2 -2 -2 -1 -2 -2  0  3  2 -4 -3 -2   10   6   4   4   4   3   3   5   0   2   2   2   0   2   4  34  12   0   0   2  0.31 0.13
  141 E   -1  0  0  1 -4  2  4 -3  1 -4 -2  1 -1 -4  1  1 -2 -4 -3 -3    3   4   2   7   0  12  41   0   4   0   3   5   2   0   6  11   0   0   0   0  0.60 0.16
  142 N   -3  2  5  2 -5  2  1 -1 -1 -4 -3  1 -3 -5 -1 -1 -1 -5 -4 -4    0  11  43  14   0  10   6   3   0   0   2   5   0   0   2   2   2   0   0   0  0.79 0.20
  143 I    0  0  0 -3 -2 -2 -3 -1 -3  4  1 -2  1 -2 -3 -2 -2 -3 -3  2    6   8   5   0   0   0   0   5   0  36  16   0   4   0   0   0   0   0   0  18  0.36 0.12
  144 Q    0  0  2  1  0  3  2 -2  0 -2 -2  2  0 -1 -2  1 -1 -3 -2 -2    7   3  12   6   3  17  14   0   2   3   3  13   2   3   0  12   0   0   0   0  0.29 0.09
  145 Q   -1  1  0  1 -4  5  1 -3  1 -4 -4  1 -2 -4  2  0  0 -4 -3 -3    3   7   3   9   0  41   7   0   2   0   0   7   0   0   9   7   5   0   0   0  0.69 0.17
  146 A    2 -2 -1  0 -3 -1  1 -1 -2 -3 -3  0 -2  1 -2  3  1 -4 -2 -2   26   0   0   6   0   0   8   3   0   0   0   4   0   7   0  38   8   0   0   0  0.48 0.15
  147 V    0 -2 -1 -2  2  0  1 -3 -2  1  0 -2 -1  0  0 -1  1 -3 -2  3    9   0   3   0   5   4  12   0   0   4   8   0   0   3   4   3  10   0   0  36  0.21 0.09
  148 V    0 -2 -2 -1 -2 -2 -2 -3  1  1  1 -1  0  0  3  0  0 -3 -2  1    9   0   0   4   0   0   0   0   5  12  16   4   0   4  14  10   4   0   0  16  0.20 0.06
  149 G    0  0  1  1 -3  0 -1  3 -2 -4 -4  2 -3 -4  2  1 -1 -4 -3 -3    8   5  10   8   0   3   0  26   0   0   0  18   0   0  13   8   0   0   0   0  0.45 0.08
  150 N    0  1  4  1 -3 -1  0  0 -1 -4 -4  0 -3 -4  0  2  0 -4 -3 -3    4  10  31   5   0   0   4   7   0   0   0   5   0   0   4  26   5   0   0   0  0.51 0.12
  151 I   -1 -3 -2  0 -2 -2  0 -3 -3  2  1 -2  0  0  2 -1  1 -3 -2  1    0   0   0   7   0   0   5   0   0  25  20   0   0   5  12   4  11   0   0   9  0.25 0.07
  152 V   -1 -2 -2 -3 -2 -2 -2 -3 -3  2  1  0  0 -2  0  1  1 -3 -2  3    0   0   0   0   0   0   0   0   0   9  16   6   0   0   5  19   9   0   0  33  0.27 0.08
  153 N   -1  1  4  3 -4  0  2 -2  2 -4 -4  2 -3 -4 -2 -1 -1 -4 -3 -3    5   9  36  16   0   0  13   0   5   0   0  13   0   0   0   0   0   0   0   0  0.62 0.11
  154 A    1  0  3  1 -3  1  1  0 -1 -3 -3  1 -2 -4  0  1  1 -4 -3 -2   17   4  20   5   0   7   7   5   0   0   0  10   0   0   5   6  13   0   0   0  0.34 0.07
  155 A    2 -1  0  0 -2 -1 -1  0 -2 -1 -2  0 -2 -3  2  2  2 -4 -3  0   21   0   5   4   0   0   0   5   0   5   0   6   0   0   9  22  17   0   0   6  0.30 0.06
  156 I   -1 -2 -2 -3 -2 -2 -2 -3 -3  3  1  0  0  1 -2 -1 -1 -2 -1  2    1   1   1   1   0   1   1   1   0  38  15   9   0   6   1   5   1   0   0  19  0.28 0.06
  157 V   -1 -1  3  0 -2 -1 -1 -2 -2  1  0  1 -1 -2 -2 -1  1 -3 -2  3    0   0  23   6   0   0   0   0   0   5   6  13   0   0   0   0   7   0   0  36  0.26 0.07
  158 P   -1 -1 -2 -2 -4  0 -1 -3 -2 -4 -4  1 -3 -4  6  2 -1 -5 -4 -3    0   0   0   0   0   5   0   0   0   0   0  13   0   0  59  23   0   0   0   0  1.50 0.14
  159 G    1 -1 -1  1 -3 -1 -1  3 -2 -3 -3  1  0 -3 -2  2  0 -4 -3 -2   14   0   0   7   0   0   0  33   0   0   0  10   6   0   0  29   0   0   0   0  0.46 0.06
  160 A    3  1 -1 -2 -2  0 -1 -1 -2 -2 -2  1 -2  0  1  2  0 -3 -2 -2   49   7   0   0   0   3   0   0   0   0   0  10   0   7   7  18   0   0   0   0  0.41 0.07
  161 P   -1 -1  1 -2 -4  0  0 -3 -2 -4 -4  1 -3 -4  6  0 -2 -5 -4 -3    0   0   8   0   0   3   7   0   0   0   0  11   0   0  65   6   0   0   0   0  1.58 0.11
  162 S    2 -2 -1 -2  3 -1 -1 -1 -2  0 -2 -1 -1 -3 -2  4  0 -4 -2 -1   19   0   0   0  11   0   0   0   0  13   0   0   0   0   0  57   0   0   0   0  0.47 0.06
  163 P    1 -2 -2 -2 -3 -2 -2 -2 -3 -2 -1 -2 -2 -3  6  0 -1 -4 -3 -2   14   0   0   0   0   0   0   0   0   0  11   0   0   0  66  10   0   0   0   0  1.54 0.07
  164 S    0  0 -1 -2 -3 -1 -1 -2 -2  0 -2  2 -1 -3  4  1  1 -4 -3 -1    0   0   0   0   0   0   0   0   0  14   0  29   0   0  30  17   9   0   0   0  0.63 0.03
  165 L   -2  1 -3 -4 -2 -2 -3 -4 -2  1  3 -2  3  3 -3 -2 -2 -2  0  0    0  13   0   0   0   0   0   0   0   9  38   0  13  26   0   0   0   0   0   0  0.38 0.02
  166 E   -1  0  0  2 -4  1  3 -2 -1 -3 -3  3 -2 -4 -2  1  0 -4 -3 -3    0   0   0  17   0   0  32   0   0   0   0  32   0   0   0  20   0   0   0   0  0.58 0.02
  167 Q    1  3 -1 -1 -3  4  2 -2  0 -3 -3  1 -1 -3 -2  0 -1 -3 -2 -2   20  32   0   0   0  32  17   0   0   0   0   0   0   0   0   0   0   0   0   0  0.58 0.03
  168 Q   -1  2 -1 -1 -3  5  1 -3  0 -1 -2  1 -1 -3 -2 -1 -1 -3 -2  0    0  16   0   0   0  68   0   0   0   0   0   0   0   0   0   0   0   0   0  16  0.70 0.04
  169 Q   -1  4 -1 -1 -4  4  2 -3  0 -3 -3  3 -1 -4 -2 -1 -1 -3 -3 -3    0  32   0   0   0  32  20   0   0   0   0  17   0   0   0   0   0   0   0   0  0.74 0.03
  170 Q   -1  0 -1 -1 -3  4  3 -3  0 -3 -3  0 -1 -4  3  0  1 -3 -3 -2    0   0   0   0   0  49  20   0   0   0   0   0   0   0  16   0  16   0   0   0  0.74 0.03
  171 H   -1  2 -1 -2 -2  0 -1 -2  4  0 -1  0 -1  2 -2 -1  2 -2  0  1    1  17   1   1   0   1   1   1  19   1   1   1   0  17   1   1  20   0   0  16  0.20 0.01
  172 H    1  0 -1 -2 -2  0 -1 -2  5  1 -1  2 -1 -2 -2 -1 -1 -3  0 -1   17   1   1   1   0   1   1   1  35  17   1  20   0   1   1   1   1   0   0   1  0.29 0.02
  173 Q   -1  0 -1 -1 -3  4  2 -3  3 -1 -2  2 -1 -3 -2 -1 -1 -3 -1  0    0   0   0   0   0  38  16   0  13   0   0  17   0   0   0   0   0   0   0  16  0.48 0.03
  174 Q   -1  0  0  0 -4  3  3 -2  3 -3 -3  2 -2 -3 -2  0  1 -3 -2 -2    0   0   0   0   0  19  35   0  13   0   0  17   0   0   0   0  16   0   0   0  0.56 0.02
  175 Q   -1  0  2 -1 -4  4  0 -2  0 -4 -3  0 -2 -4  5 -1 -1 -4 -3 -3    0   0  17   0   0  47   0   0   0   0   0   0   0   0  36   0   0   0   0   0  1.04 0.04
  176 Q   -1  2 -1  0 -4  5  4 -3  0 -4 -3  1 -1 -4 -2 -1 -1 -3 -3 -3    0  16   0   0   0  49  35   0   0   0   0   0   0   0   0   0   0   0   0   0  0.84 0.04
  177 Q   -1  0 -1 -1 -4  5  2 -3  0 -3 -2  0 -1  2 -2 -1 -1 -2  0 -2    0   0   0   0   0  64  16   0   0   0   0   0   0  20   0   0   0   0   0   0  0.71 0.04
  178 Q   -1  0 -1 -1  4  6  1 -3  0 -3 -3  0 -1 -3 -2 -1 -1 -3 -2 -2    0   0   0   0  20  80   0   0   0   0   0   0   0   0   0   0   0   0   0   0  0.86 0.04
  179 Q   -1  0  0  3 -4  5  3 -2  0 -4 -3  1 -1 -4 -2 -1 -1 -3 -3 -3    0   0   0  22   0  58  20   0   0   0   0   0   0   0   0   0   0   0   0   0  0.83 0.03
  180 A    2  0 -1 -2 -2  2  0 -2 -1  0 -1  2 -1 -3 -2  2  0 -3 -2  1   22   0   0   0   0  16   0   0   0   0   0  20   0   0   0  20   0   0   0  22  0.25 0.01
  181 Q    0  0 -1 -1 -3  5  1 -2  0 -2 -2  0 -1  3 -2 -1 -1 -2  0 -2    8   0   0   0   0  70   0   0   0   0   0   0   0  22   0   0   0   0   0   0  0.64 0.03
  182 E   -1  0  0  1 -4  4  5 -3  0 -4 -3  1 -2 -4 -2  0 -1 -3 -3 -3    0   0   0   0   0  27  73   0   0   0   0   0   0   0   0   0   0   0   0   0  0.94 0.01
  183 Q    0  0  0  0 -3  4  2 -2  0 -3 -3  1 -1 -3 -1  2  0 -3 -2 -2    0   0   0   0   0  50  13   0   0   0   0   0   0   0   0  37   0   0   0   0  0.63 0.00
  184 H   -2  0  4  0 -4  3  0 -2  5 -4 -3  0 -2 -3 -2  0 -1 -3  0 -3    0   0  37   0   0  27   0   0  36   0   0   0   0   0   0   0   0   0   0   0  0.70 0.00
  185 Q   -1  0  0  0 -4  4  4 -2  3 -3 -3  1 -1 -3 -2 -1 -1 -3 -1 -3    0   0   0   0   0  50  37   0  13   0   0   0   0   0   0   0   0   0   0   0  0.79 0.00
  186 Q   -1  0 -1 -2 -3  5  1 -3  1 -3 -2  0 -1  1 -2 -1 -1  0  4 -2    0   0   0   0   0  63   0   0   0   0   0   0   0   0   0   0   0   0  37   0  0.70 0.01
  187 Q   -1  0  0 -1 -2  5  1 -2  0 -2 -2  1 -1 -3 -2  0  3 -3 -2 -1    0   0   0   0   0  63   0   0   0   0   0   0   0   0   0   0  37   0   0   0  0.66 0.01
  188 Q   -1  0  0  0 -4  5  4 -2  0 -3 -3  1 -1 -4 -2  0 -1 -3 -2 -3    0   0   0   0   0  63  37   0   0   0   0   0   0   0   0   0   0   0   0   0  0.89 0.01
  189 V   -1 -1 -2 -3 -2  3 -1 -3 -2  2  0 -1  0 -2 -2 -1  0 -3 -2  3    0   0   0   0   0  27   0   0   0   0   0   0   0   0   0   0   0   0   0  73  0.35 0.00
  190 H   -1  1  0 -1 -3  2  0 -2  5 -2 -2  3 -1 -2 -2 -1 -1 -3  0  0    0   0   0   0   0  14   0   0  36   0   0  37   0   0   0   0   0   0   0  13  0.48 0.00
  191 A    2 -1 -1 -2 -2  2 -1 -2  3 -1  0 -1  4 -1 -2  0 -1 -2 -1  0   36   0   0   0   0  14   0   0  13   0   0   0  37   0   0   0   0   0   0   0  0.26 0.00
  192 Q    1  0  0  0 -3  4  4 -2  0 -3 -3  1 -1 -3 -2  0 -1 -3 -2 -2   13   0   0   0   0  50  37   0   0   0   0   0   0   0   0   0   0   0   0   0  0.72 0.00
  193 Q   -1  0  0  4 -4  5  2 -2  0 -4 -3  0 -1 -4 -2 -1 -1 -3 -3 -3    0   0   0  37   0  63   0   0   0   0   0   0   0   0   0   0   0   0   0   0  0.83 0.01
  194 Q   -1  1  0 -1 -3  6  2 -2  1 -3 -3  1  0 -4 -2  0 -1 -3 -2 -2    0   0   0   0   0 100   0   0   0   0   0   0   0   0   0   0   0   0   0   0  1.02 0.01
  195 Q   -1  0  0  0 -4  5  4 -2  0 -3 -3  1 -1 -4 -2  0 -1 -3 -2 -3    0   0   0   0   0  63  37   0   0   0   0   0   0   0   0   0   0   0   0   0  0.89 0.01
  196 Q   -1  4  0 -1 -4  5  1 -3  0 -3 -3  2 -1 -3 -2 -1 -1 -3 -2 -3    0  37   0   0   0  63   0   0   0   0   0   0   0   0   0   0   0   0   0   0  0.84 0.01
  197 Q   -1  1  0 -1 -4  5  1 -2  5 -3 -3  1 -1 -3 -2 -1 -1 -3  0 -3    0   0   0   0   0  63   0   0  37   0   0   0   0   0   0   0   0   0   0   0  0.83 0.01
  198 Q   -1  0  0  1 -4  5  4 -2  0 -3 -3  1 -1 -4 -2  0 -1 -3 -3 -3    0   0   0   0   0  49  51   0   0   0   0   0   0   0   0   0   0   0   0   0  0.89 0.01
  199 Q   -1  0  0  4 -4  5  2 -2  0 -4 -3  0 -1 -4 -2 -1 -1 -3 -3 -3    0   0   0  37   0  63   0   0   0   0   0   0   0   0   0   0   0   0   0   0  0.83 0.01
  200 Q   -1  0  0 -1 -2  4  1 -2  0 -1  0  0  0 -2 -2  0  3 -3 -2 -1    0   0   0   0   0  49   0   0   0   0  14   0   0   0   0   0  37   0   0   0  0.46 0.00
  201 I   -1 -3 -4 -4 -1 -3 -3 -4 -4  4  1 -3  1 -1 -3 -2 -1 -3 -2  4    0   0   0   0   0   0   0   0   0  49   0   0   0   0   0   0   0   0   0  51  0.50 0.00
  202 N   -2 -1  6  1 -3  0 -1 -1  0 -4 -4  0 -3 -4 -3  0  0 -4 -3 -3    0   0 100   0   0   0   0   0   0   0   0   0   0   0   0   0   0   0   0   0  1.05 0.00
  203 A    4 -1 -1 -2 -1 -1 -1  0 -2 -2 -2 -1 -1 -3 -1  2  0 -3 -2 -1   74   0   0   0   0   0   0   0   0   0   0   0   0   0   0  26   0   0   0   0  0.54 0.00
  204 A    4 -2 -2 -2 -1 -1 -1  0 -2 -2 -2 -1 -1 -3 -1  1  0 -3 -2  0  100   0   0   0   0   0   0   0   0   0   0   0   0   0   0   0   0   0   0   0  0.60 0.00
  205 L   -2 -3 -4 -4 -2 -2 -4 -4 -3  1  4 -3  2  0 -3 -3 -2 -2 -2  1    0   0   0   0   0   0   0   0   0   0 100   0   0   0   0   0   0   0   0   0  0.64 0.00
  206 L   -2 -3 -4 -4 -2 -2 -4 -4 -3  1  4 -3  2  0 -3 -3 -2 -2 -2  1    0   0   0   0   0   0   0   0   0   0 100   0   0   0   0   0   0   0   0   0  0.64 0.00
  207 T    0 -1  0 -1 -1 -1 -1 -2 -2 -1 -2 -1 -1 -2 -2  1  5 -3 -2  0    0   0   0   0   0   0   0   0   0   0   0   0   0   0   0   0 100   0   0   0  0.73 0.00
  208 Q   -1  1  0 -1 -3  6  2 -2  1 -3 -2  1  0 -3 -2  0 -1 -2 -2 -2    0   0   0   0   0 100   0   0   0   0   0   0   0   0   0   0   0   0   0   0  0.99 0.00
  209 H   -2  0  0 -1 -4  1  0 -3  8 -4 -3 -1 -2 -2 -2 -1 -2 -3  2 -3    0   0   0   0   0   0   0   0 100   0   0   0   0   0   0   0   0   0   0   0  1.13 0.00
  210 G    0 -2 -1 -2 -3 -2 -2  5 -2 -3 -3 -2 -2 -3 -3  0  2 -4 -3 -2    0   0   0   0   0   0   0  74   0   0   0   0   0   0   0   0  26   0   0   0  0.89 0.00
  211 V   -1 -3 -3 -4 -1 -2 -3 -4 -3  2  2 -3  1 -1 -3 -2 -1 -3 -2  4    0   0   0   0   0   0   0   0   0   0  26   0   0   0   0   0   0   0   0  74  0.45 0.01
  212 S    2 -1  0 -1 -1 -1 -1 -1 -1 -2 -3 -1 -2 -3 -1  4  1 -4 -2 -1   26   0   0   0   0   0   0   0   0   0   0   0   0   0   0  74   0   0   0   0  0.60 0.00
  213 S    1 -1  0 -1 -1 -1 -1 -1 -1 -2 -2 -1 -2 -3 -1  4  3 -4 -2 -1    0   0   0   0   0   0   0   0   0   0   0   0   0   0   0  74  26   0   0   0  0.63 0.00
  214 G    0 -3 -1 -2 -3 -3 -3  5 -3  1 -1 -2 -1 -3 -3 -1 -2 -3 -3 -1    0   0   0   0   0   0   0  74   0  26   0   0   0   0   0   0   0   0   0   0  0.76 0.00
  215 S    1 -1  0 -1 -2  0  0 -1 -1 -3 -3 -1 -2 -3 -1  5  1 -4 -2 -2    0   0   0   0   0   0   0   0   0   0   0   0   0   0   0 100   0   0   0   0  0.72 0.00
  216 V   -1 -3 -3 -4 -1 -3 -3 -4 -4  3  1 -3  1 -1 -3 -2  0 -3 -2  4    0   0   0   0   0   0   0   0   0  26   0   0   0   0   0   0   0   0   0  74  0.49 0.00
  217 S    1  0  0 -1 -2  3  0 -1 -1 -3 -3  0 -1 -3 -1  4  1 -3 -2 -2    0   0   0   0   0  26   0   0   0   0   0   0   0   0   0  74   0   0   0   0  0.60 0.00
  218 L   -2 -3 -4 -4 -2 -2 -4 -4 -3  1  4 -3  2  0 -3 -3 -2 -2 -2  1    0   0   0   0   0   0   0   0   0   0 100   0   0   0   0   0   0   0   0   0  0.64 0.00
  219 S    2 -1  0 -1 -1 -1 -1 -1 -1 -2 -3 -1 -2 -3 -1  4  1 -4 -2 -1   26   0   0   0   0   0   0   0   0   0   0   0   0   0   0  74   0   0   0   0  0.60 0.00
  220 G    0 -2  3 -1 -4 -2 -2  5 -2 -4 -4 -1 -3 -4 -3  0 -1 -4 -4 -4    0   0  26   0   0   0   0  74   0   0   0   0   0   0   0   0   0   0   0   0  0.99 0.00
  221 Q   -1  1  0 -1 -3  6  2 -2  1 -3 -2  1  0 -3 -2  0 -1 -2 -2 -2    0   0   0   0   0 100   0   0   0   0   0   0   0   0   0   0   0   0   0   0  0.99 0.00
  222 L   -2 -3 -4 -4 -2 -2 -4 -4 -3  1  4 -3  2  0 -3 -3 -2 -2 -2  1    0   0   0   0   0   0   0   0   0   0 100   0   0   0   0   0   0   0   0   0  0.64 0.00
  223 L   -2 -3 -4 -4 -2 -2 -4 -4 -3  1  4 -3  2  0 -3 -3 -2 -2 -2  1    0   0   0   0   0   0   0   0   0   0 100   0   0   0   0   0   0   0   0   0  0.64 0.00
  224 S    1 -1  0 -1 -2  0  0 -1 -1 -3 -3 -1 -2 -3 -1  5  1 -4 -2 -2    0   0   0   0   0   0   0   0   0   0   0   0   0   0   0 100   0   0   0   0  0.72 0.00
  225 S    1 -1  3  0 -2  0  0 -1 -1 -3 -3  0 -2 -3 -1  4  1 -4 -2 -2    0   0  26   0   0   0   0   0   0   0   0   0   0   0   0  74   0   0   0   0  0.64 0.00
  226 S    1 -1  0 -1 -1 -1 -1 -1 -1 -2 -2 -1 -2 -3 -1  4  3 -4 -2 -1    0   0   0   0   0   0   0   0   0   0   0   0   0   0   0  74  26   0   0   0  0.63 0.00
  227 A    4 -2 -2 -2 -1 -1 -1  3 -2 -2 -2 -1 -2 -3 -1  1  0 -3 -3 -1   74   0   0   0   0   0   0  26   0   0   0   0   0   0   0   0   0   0   0   0  0.56 0.00
  228 S    1 -1  0 -1 -2 -1 -1  3 -1 -3 -3 -1 -2 -3 -2  4  1 -4 -3 -2    0   0   0   0   0   0   0  26   0   0   0   0   0   0   0  74   0   0   0   0  0.62 0.00
  229 G    0 -3 -1 -2 -4 -2 -3  6 -3 -5 -4 -2 -3 -4 -3 -1 -2 -4 -4 -4    0   0   0   0   0   0   0 100   0   0   0   0   0   0   0   0   0   0   0   0  1.33 0.00
  230 S    1 -1  0 -1 -1 -1 -1 -1 -1 -2 -2 -1 -2 -3 -1  4  3 -4 -2 -1    0   0   0   0   0   0   0   0   0   0   0   0   0   0   0  74  26   0   0   0  0.63 0.00
  231 S    1 -1  0 -1 -2  0  0 -1 -1 -3 -3 -1 -2 -3 -1  5  1 -4 -2 -2    0   0   0   0   0   0   0   0   0   0   0   0   0   0   0 100   0   0   0   0  0.72 0.00
  232 G    0 -2  0 -1 -3 -2 -2  5 -2 -4 -4 -2 -3 -4 -2  2 -1 -4 -3 -3    0   0   0   0   0   0   0  74   0   0   0   0   0   0   0  26   0   0   0   0  0.94 0.00
  233 S    1 -1  0 -1 -2  0  0 -1 -1 -3 -3 -1 -2 -3 -1  5  1 -4 -2 -2    0   0   0   0   0   0   0   0   0   0   0   0   0   0   0 100   0   0   0   0  0.72 0.00
  234 L   -2 -3 -4 -4 -2 -2 -4 -4 -3  1  4 -3  2  0 -3 -3 -2 -2 -2  1    0   0   0   0   0   0   0   0   0   0 100   0   0   0   0   0   0   0   0   0  0.64 0.00
  235 A    4 -1 -1 -2 -1  3  0 -1 -1 -2 -2  0 -1 -3 -1  1  0 -3 -2 -1   74   0   0   0   0  26   0   0   0   0   0   0   0   0   0   0   0   0   0   0  0.49 0.00
  236 G    0 -1 -1 -1 -4  2 -1  5 -1 -4 -4 -1 -2 -4 -3 -1 -2 -3 -3 -3    0   0   0   0   0  26   0  74   0   0   0   0   0   0   0   0   0   0   0   0  0.92 0.00
  237 G    0 -1 -1 -1 -4  2 -1  5 -1 -4 -4 -1 -2 -4 -3 -1 -2 -3 -3 -3    0   0   0   0   0  26   0  74   0   0   0   0   0   0   0   0   0   0   0   0  0.92 0.00
  238 Q   -1  1  0 -1 -3  6  2 -2  1 -3 -2  1  0 -3 -2  0 -1 -2 -2 -2    0   0   0   0   0 100   0   0   0   0   0   0   0   0   0   0   0   0   0   0  0.99 0.00
  239 Q   -1  1  0 -1 -3  6  2 -2  1 -3 -2  1  0 -3 -2  0 -1 -2 -2 -2    0   0   0   0   0 100   0   0   0   0   0   0   0   0   0   0   0   0   0   0  0.99 0.00
  240 A    4 -1 -1 -2 -1  3  0 -1 -1 -2 -2  0 -1 -3 -1  1  0 -3 -2 -1   74   0   0   0   0  26   0   0   0   0   0   0   0   0   0   0   0   0   0   0  0.49 0.00
  241 S    1  0  0 -1 -2  3  0 -1 -1 -2 -2  0 -1 -3 -1  3  2 -3 -2 -2    0   0   0   0   0  26   0   0   0   0   0   0   0   0   0  55  19   0   0   0  0.53 0.01
  242 Q   -1  1  0 -1 -3  6  2 -2  1 -3 -2  1  0 -3 -2  0 -1 -2 -2 -2    0   0   0   0   0 100   0   0   0   0   0   0   0   0   0   0   0   0   0   0  0.99 0.00
  243 T    0 -1  0 -1 -2  2  0 -2 -1 -1 -2  0 -1 -2 -2  1  5 -3 -2 -1    0   0   0   0   0  20   0   0   0   0   0   0   0   0   0   0  80   0   0   0  0.61 0.00
  244 P   -1 -1 -2 -2 -4  2  0 -3 -1 -3 -3 -1 -2 -4  7 -1 -1 -4 -3 -3    0   0   0   0   0  20   0   0   0   0   0   0   0   0  80   0   0   0   0   0  2.00 0.01
  245 S    0  0  0 -1 -2  4  1 -1  0 -3 -3  0 -1 -3 -1  3  1 -3 -2 -2    0   0   0   0   0  48   0   0   0   0   0   0   0   0   0  52   0   0   0   0  0.62 0.00
  246 G   -1  0  0 -1 -3  4  0  4 -1 -4 -3  0 -2 -4 -2 -1 -1 -3 -3 -3    0   0   0   0   0  48   0  52   0   0   0   0   0   0   0   0   0   0   0   0  0.76 0.00
  247 L   -2 -1 -2 -3 -2  3 -1 -4 -1  1  3 -1  2  0 -3 -2 -1 -2 -2  0    0   0   0   0   0  28   0   0   0   0  72   0   0   0   0   0   0   0   0   0  0.41 0.00
  248 Q   -1  1  0 -1 -3  6  2 -2  1 -3 -3  1  0 -3 -2  0 -1 -3 -2 -2    0   0   0   0   0 100   0   0   0   0   0   0   0   0   0   0   0   0   0   0  1.01 0.01
  249 P   -1 -1 -2 -2 -4  3  0 -3 -1 -3 -3  0 -2 -4  7 -1 -1 -4 -3 -3    0   0   0   0   0  28   0   0   0   0   0   0   0   0  72   0   0   0   0   0  1.79 0.01
  250 T    0 -1  0 -1 -2  3  0 -2 -1 -1 -2  0 -1 -3 -2  1  4 -3 -2 -1    0   0   0   0   0  28   0   0   0   0   0   0   0   0   0   0  72   0   0   0  0.59 0.00
  251 P   -1 -1 -2 -2 -4  3  0 -3 -1 -3 -3  0 -2 -4  7 -1 -1 -4 -3 -3    0   0   0   0   0  28   0   0   0   0   0   0   0   0  72   0   0   0   0   0  1.79 0.01
  252 R   -2  6 -1 -2 -4  1 -1 -3  0 -3 -3  2 -2 -3 -2 -1 -1 -3 -2 -3    0 100   0   0   0   0   0   0   0   0   0   0   0   0   0   0   0   0   0   0  1.09 0.01
  253 K   -1  2  0 -1 -4  1  0 -2 -1 -3 -3  5 -2 -4 -1 -1 -1 -4 -2 -3    0   0   0   0   0   0   0   0   0   0   0 100   0   0   0   0   0   0   0   0  0.84 0.01
  254 S    1 -1  0 -1 -2  0  0 -1 -1 -3 -3 -1 -2 -3 -1  5  1 -4 -2 -2    0   0   0   0   0   0   0   0   0   0   0   0   0   0   0 100   0   0   0   0  0.74 0.01
  255 R   -2  6 -1 -2 -4  1 -1 -3  0 -3 -3  2 -2 -3 -2 -1 -1 -3 -2 -3    0 100   0   0   0   0   0   0   0   0   0   0   0   0   0   0   0   0   0   0  1.09 0.01
  256 L   -1 -3 -4 -4 -2 -2 -3 -4 -3  2  4 -3  2  0 -3 -3 -1 -2 -2  2    0   0   0   0   0   0   0   0   0   0  72   0   0   0   0   0   0   0   0  28  0.51 0.00
  257 K   -1  2  0 -1 -4  1  0 -2 -1 -3 -3  5 -2 -4 -1 -1 -1 -4 -2 -3    0   0   0   0   0   0   0   0   0   0   0 100   0   0   0   0   0   0   0   0  0.84 0.01
  258 R   -2  6 -1 -2 -4  1 -1 -3  0 -3 -3  2 -2 -3 -2 -1 -1 -3 -2 -3    0 100   0   0   0   0   0   0   0   0   0   0   0   0   0   0   0   0   0   0  1.09 0.01
  259 S    1 -1  0 -1 -2  0  0 -1 -1 -3 -3 -1 -2 -3 -1  5  1 -4 -2 -2    0   0   0   0   0   0   0   0   0   0   0   0   0   0   0 100   0   0   0   0  0.74 0.01
  260 K   -1  2  0 -1 -4  1  0 -2 -1 -3 -3  5 -2 -4 -1 -1 -1 -4 -2 -3    0   0   0   0   0   0   0   0   0   0   0 100   0   0   0   0   0   0   0   0  0.84 0.01
  261 S    1 -1  0 -1 -2  0  0 -1 -1 -3 -3 -1 -2 -3 -1  5  1 -4 -2 -2    0   0   0   0   0   0   0   0   0   0   0   0   0   0   0 100   0   0   0   0  0.74 0.01
  262 P   -1 -2 -3 -2 -4 -2 -2 -3 -2 -3 -3 -1 -3 -4  8 -1 -2 -5 -4 -3    0   0   0   0   0   0   0   0   0   0   0   0   0   0 100   0   0   0   0   0  2.65 0.01
  263 D   -2 -2  1  6 -4 -1  1 -2 -1 -4 -5 -1 -4 -4 -2 -1 -1 -5 -4 -4    0   0   0 100   0   0   0   0   0   0   0   0   0   0   0   0   0   0   0   0  1.32 0.01
  264 L   -2 -3 -4 -4 -2 -2 -4 -4 -3  1  4 -3  2  0 -3 -3 -2 -2 -2  1    0   0   0   0   0   0   0   0   0   0 100   0   0   0   0   0   0   0   0   0  0.65 0.00
  265 S    0  0  0 -1 -2  4  1 -1  0 -3 -3  0 -1 -3 -1  3  1 -3 -2 -2    0   0   0   0   0  48   0   0   0   0   0   0   0   0   0  52   0   0   0   0  0.62 0.00
  266 S    0 -2 -1 -2 -2 -1 -2 -2 -2  0  2 -1  1 -1 -2  3  0 -3 -2  0    0   0   0   0   0   0   0   0   0   0  48   0   0   0   0  52   0   0   0   0  0.32 0.00
  267 G    0 -2  0 -1 -2 -1 -1  5 -2 -3 -2 -1 -2 -2 -1  0 -1 -2 -2 -2    2   1   1   2   1   1   2  74   1   1   3   2   1   1   1   2   2   0   1   2  0.76 0.00
  268 G    0 -2  0 -1 -2 -1 -1  5 -2 -3 -2 -1 -2 -2 -1  0 -1 -2 -2 -2    2   1   1   2   1   1   2  74   1   1   3   2   1   1   1   2   2   0   1   2  0.76 0.00
  269 G    0 -1  3  0 -2 -1 -1  4 -1 -3 -2 -1 -2 -2 -1  0 -1 -2 -2 -2    2   1  22   2   1   1   2  54   1   1   3   2   1   1   1   2   2   0   1   2  0.55 0.00
  270 A    3 -1 -1 -1 -1 -1 -1  0 -1 -1 -1 -1 -1 -2  3  1  0 -2 -2 -1   61   1   1   2   1   1   2   2   1   1   3   2   1   1  15   2   2   0   1   2  0.41 0.00
  271 G    0 -1  0 -1 -2  2  0  4 -1 -2 -2  0 -1 -2 -1  0 -1 -2 -2 -2    2   1   1   2   1  21   2  54   1   1   3   2   1   1   1   2   2   0   1   2  0.51 0.00
  272 S    1  0  0  0 -1  2  0 -1  0 -2 -2  0 -1 -2 -1  3  1 -2 -1 -1    2   1   1   2   1  21   2   2   1   1   3   2   1   1   1  54   2   0   1   2  0.37 0.00
  273 S    1  0  0  0 -1  2  0 -1  0 -2 -2  0 -1 -2 -1  3  1 -2 -1 -1    2   1   1   2   1  21   2   2   1   1   3   2   1   1   1  54   2   0   1   2  0.37 0.00
  274 G    0 -1  0 -1 -2 -1 -1  4  4 -3 -2 -1 -2 -2 -1  0 -1 -2 -1 -2    2   1   1   2   1   1   2  54  21   1   3   2   1   1   1   2   2   0   1   2  0.52 0.00
  275 G    0 -1  0 -1 -2  2  0  4 -1 -2 -2  0 -1 -2 -1  0 -1 -2 -2 -2    2   1   1   2   1  21   2  54   1   1   3   2   1   1   1   2   2   0   1   2  0.51 0.00
  276 S    1  0  0  0 -1  2  0 -1  0 -2 -2  0 -1 -2 -1  3  1 -2 -1 -1    2   1   1   2   1  21   2   2   1   1   3   2   1   1   1  54   2   0   1   2  0.37 0.00
  277 S    1  0  0  0 -1  2  0 -1  0 -2 -2  0 -1 -2 -1  3  1 -2 -1 -1    2   1   1   2   1  21   2   2   1   1   3   2   1   1   1  54   2   0   1   2  0.37 0.00
  278 S    0  0  0 -1 -2  4  1 -1  0 -3 -3  0 -1 -3 -1  3  1 -3 -2 -2    0   0   0   0   0  48   0   0   0   0   0   0   0   0   0  52   0   0   0   0  0.62 0.00
  279 G   -1 -1  0 -1 -4  3  0  4  4 -4 -3 -1 -2 -3 -2 -1 -2 -3 -1 -3    0   0   0   0   0  28   0  52  20   0   0   0   0   0   0   0   0   0   0   0  0.68 0.00
  280 S    0  0  0 -1 -2  4  1 -1  0 -3 -3  0 -1 -3 -1  3  1 -3 -2 -2    0   0   0   0   0  48   0   0   0   0   0   0   0   0   0  52   0   0   0   0  0.62 0.00
  281 T    0  0  0 -1 -2  4  1 -2  0 -2 -2  0 -1 -3 -2  1  4 -3 -2 -1    0   0   0   0   0  48   0   0   0   0   0   0   0   0   0   0  52   0   0   0  0.60 0.00
  282 Q   -1  1  0 -1 -3  6  2 -2  1 -3 -3  1  0 -3 -2  0 -1 -3 -2 -2    0   0   0   0   0 100   0   0   0   0   0   0   0   0   0   0   0   0   0   0  1.01 0.01
  283 Q   -1  1  0 -1 -4  5  1 -2  5 -3 -3  1 -1 -3 -2 -1 -1 -3  0 -3    0   0   0   0   0  72   0   0  28   0   0   0   0   0   0   0   0   0   0   0  0.84 0.01
  284 Q   -1  1  0 -1 -4  5  1 -2  5 -3 -3  1 -1 -3 -2 -1 -1 -3  0 -3    0   0   0   0   0  72   0   0  28   0   0   0   0   0   0   0   0   0   0   0  0.84 0.01
  285 P   -1  0 -1 -1 -4  4  1 -3  0 -3 -3  0 -1 -4  6 -1 -1 -3 -3 -3    0   0   0   0   0  48   0   0   0   0   0   0   0   0  52   0   0   0   0   0  1.35 0.01
  286 Q   -1  1  0 -1 -3  6  2 -2  1 -3 -3  1  0 -3 -2  0 -1 -3 -2 -2    0   0   0   0   0 100   0   0   0   0   0   0   0   0   0   0   0   0   0   0  1.01 0.01
  287 P   -1  0 -1 -1 -4  4  1 -3  0 -3 -3  0 -1 -4  6 -1 -1 -3 -3 -3    0   0   0   0   0  48   0   0   0   0   0   0   0   0  52   0   0   0   0   0  1.35 0.01
  288 A    3  0 -1 -1 -2  4  1 -1  0 -2 -2  0 -1 -3 -1  1  0 -3 -2 -1   52   0   0   0   0  48   0   0   0   0   0   0   0   0   0   0   0   0   0   0  0.53 0.00
  289 H   -2  0  3  0 -4  3  0 -2  6 -4 -3  0 -2 -2 -2  0 -1 -3  0 -3    0   0  28   0   0  20   0   0  52   0   0   0   0   0   0   0   0   0   0   0  0.75 0.00
  290 H   -2  0  0 -1 -4  3  0 -3  7 -4 -3  0 -2 -2 -2 -1 -1 -3  1 -3    0   0   0   0   0  28   0   0  72   0   0   0   0   0   0   0   0   0   0   0  0.92 0.01
  291 H   -2  0  0 -1 -4  3  0 -3  7 -4 -3  0 -2 -2 -2 -1 -1 -3  1 -3    0   0   0   0   0  28   0   0  72   0   0   0   0   0   0   0   0   0   0   0  0.92 0.01
  292 H   -2  0  0 -1 -4  1  0 -3  8 -4 -3 -1 -2 -2 -2 -1 -2 -3  2 -3    0   0   0   0   0   0   0   0 100   0   0   0   0   0   0   0   0   0   0   0  1.17 0.01
  293 P   -1 -2 -3 -2 -4 -2 -2 -3 -2 -3 -3 -1 -3 -4  8 -1 -2 -5 -4 -3    0   0   0   0   0   0   0   0   0   0   0   0   0   0 100   0   0   0   0   0  2.65 0.01
  294 Q   -1  1  0 -1 -3  6  2 -2  1 -3 -3  1  0 -3 -2  0 -1 -3 -2 -2    0   0   0   0   0 100   0   0   0   0   0   0   0   0   0   0   0   0   0   0  1.01 0.01
  295 T    2 -1 -1 -2 -1 -1 -1 -1 -2 -1 -2 -1 -1 -2 -1  1  4 -3 -2  0   28   0   0   0   0   0   0   0   0   0   0   0   0   0   0   0  72   0   0   0  0.56 0.00
  296 I   -2 -3 -4 -4 -2 -3 -4 -5 -4  4  1 -3  1 -1 -3 -3 -1 -3 -2  2    0   0   0   0   0   0   0   0   0 100   0   0   0   0   0   0   0   0   0   0  0.56 0.01
  297 L   -2 -3 -4 -4 -2 -2 -4 -4 -3  1  4 -3  2  0 -3 -3 -2 -2 -2  1    0   0   0   0   0   0   0   0   0   0 100   0   0   0   0   0   0   0   0   0  0.65 0.00
  298 I   -2 -3 -4 -4 -2 -3 -4 -5 -4  4  1 -3  1 -1 -3 -3 -1 -3 -2  2    0   0   0   0   0   0   0   0   0 100   0   0   0   0   0   0   0   0   0   0  0.56 0.01
  299 Q   -1  1  0 -1 -3  6  2 -2  1 -3 -3  1  0 -3 -2  0 -1 -3 -2 -2    0   0   0   0   0 100   0   0   0   0   0   0   0   0   0   0   0   0   0   0  1.01 0.01
  300 G   -1 -2  3 -1 -4 -2 -2  5 -1 -4 -4 -1 -3 -4 -3  0 -1 -4 -4 -4    0   0  28   0   0   0   0  72   0   0   0   0   0   0   0   0   0   0   0   0  0.97 0.00
  301 Q   -1  1  0 -1 -3  6  2 -2  1 -3 -3  1  0 -3 -2  0 -1 -3 -2 -2    0   0   0   0   0 100   0   0   0   0   0   0   0   0   0   0   0   0   0   0  1.01 0.01
  302 N   -2 -1  6  1 -3  0 -1 -1  0 -4 -4  0 -3 -4 -3  0  0 -4 -3 -3    0   0 100   0   0   0   0   0   0   0   0   0   0   0   0   0   0   0   0   0  1.07 0.01
  303 P   -1  0 -1 -1 -4  4  1 -3  0 -3 -3  0 -1 -4  6 -1 -1 -3 -3 -3    0   0   0   0   0  48   0   0   0   0   0   0   0   0  52   0   0   0   0   0  1.35 0.01
  304 N    2 -1  4  0 -2 -1 -1 -1 -1 -2 -3 -1 -2 -3 -2  1  2 -4 -2 -2   28   0  52   0   0   0   0   0   0   0   0   0   0   0   0   0  20   0   0   0  0.52 0.00
  305 S    2 -1  0 -1 -1 -1 -1 -1 -1 -2 -2 -1 -2 -3 -1  4  1 -4 -2 -1   28   0   0   0   0   0   0   0   0   0   0   0   0   0   0  72   0   0   0   0  0.60 0.00
  306 I   -2 -3 -4 -4 -2 -3 -4 -5 -4  4  1 -3  1 -1 -3 -3 -1 -3 -2  2    0   0   0   0   0   0   0   0   0 100   0   0   0   0   0   0   0   0   0   0  0.56 0.01
  307 V    0 -3 -3 -4 -1 -2 -3 -4 -3  3  1 -3  1 -1 -3 -2  0 -3 -2  4    0   0   0   0   0   0   0   0   0   0   0   0   0   0   0   0   0   0   0 100  0.53 0.01
  308 S    1 -1  0 -1 -2  0  0 -1 -1 -3 -3 -1 -2 -3 -1  5  1 -4 -2 -2    0   0   0   0   0   0   0   0   0   0   0   0   0   0   0 100   0   0   0   0  0.74 0.01
  309 L   -2 -3 -4 -4 -2 -2 -4 -4 -3  1  4 -3  2  0 -3 -3 -2 -2 -2  1    0   0   0   0   0   0   0   0   0   0 100   0   0   0   0   0   0   0   0   0  0.65 0.00
  310 Q   -1  1  0 -1 -3  6  2 -2  1 -3 -3  1  0 -3 -2  0 -1 -3 -2 -2    0   0   0   0   0 100   0   0   0   0   0   0   0   0   0   0   0   0   0   0  1.01 0.01
  311 Q   -1  1  0 -1 -3  6  2 -2  1 -3 -3  1  0 -3 -2  0 -1 -3 -2 -2    0   0   0   0   0 100   0   0   0   0   0   0   0   0   0   0   0   0   0   0  1.01 0.01
  312 T    0 -1  0 -1 -1 -1 -1 -2 -2 -1 -2 -1 -1 -2 -2  1  5 -3 -2  0    0   0   0   0   0   0   0   0   0   0   0   0   0   0   0   0 100   0   0   0  0.75 0.01
  313 A    4 -1 -1 -2 -1 -1 -1  0 -2 -2 -2 -1 -1 -3 -1  3  0 -3 -2 -1   72   0   0   0   0   0   0   0   0   0   0   0   0   0   0  28   0   0   0   0  0.55 0.00
  314 D    1 -2  1  5 -3 -1  1 -1 -2 -3 -3 -1 -3 -4 -2  0 -1 -5 -3 -2   28   0   0  72   0   0   0   0   0   0   0   0   0   0   0   0   0   0   0   0  0.83 0.00
  315 G    0 -3 -1 -2 -4 -2 -3  6 -3 -5 -4 -2 -3 -4 -3 -1 -2 -4 -4 -4    0   0   0   0   0   0   0 100   0   0   0   0   0   0   0   0   0   0   0   0  1.34 0.00
  316 N   -2 -1  6  1 -3  0 -1 -1  0 -4 -4  0 -3 -4 -3  0  0 -4 -3 -3    0   0 100   0   0   0   0   0   0   0   0   0   0   0   0   0   0   0   0   0  1.07 0.01
  317 Y   -2 -2 -3 -4 -3 -2 -3 -4  2 -2 -2 -3 -2  3 -4 -2 -2  2  7 -2    0   0   0   0   0   0   0   0   0   0   0   0   0   0   0   0   0   0 100   0  1.22 0.01
  318 I   -2 -3 -4 -4 -2 -3 -4 -5 -4  4  1 -3  1 -1 -3 -3 -1 -3 -2  2    0   0   0   0   0   0   0   0   0 100   0   0   0   0   0   0   0   0   0   0  0.56 0.01
  319 P   -1 -2 -3 -2 -4 -2 -2 -3 -2 -3 -3 -1 -3 -4  8 -1 -2 -5 -4 -3    0   0   0   0   0   0   0   0   0   0   0   0   0   0 100   0   0   0   0   0  2.65 0.01
  320 V    0 -3 -3 -4 -1 -2 -3 -4 -3  3  1 -3  1 -1 -3 -2  0 -3 -2  4    0   0   0   0   0   0   0   0   0   0   0   0   0   0   0   0   0   0   0 100  0.53 0.01
  321 S    2 -1  0 -1 -1 -1 -1 -1 -1 -2 -3 -1 -2 -3 -1  4  1 -4 -2 -2   20   0   0   0   0   0   0   0   0   0   0   0   0   0   0  80   0   0   0   0  0.63 0.00
  322 G    0 -2 -1 -2 -3 -2 -2  5 -2 -3 -4 -2 -3 -3 -3  0  1 -4 -4 -3    0   0   0   0   0   0   0  80   0   0   0   0   0   0   0   0  20   0   0   0  0.97 0.00
  323 S    2 -2 -1 -2 -1 -1 -1 -1 -2  0 -1 -1 -1 -2 -1  3  1 -3 -2  2   20   0   0   0   0   0   0   0   0   0   0   0   0   0   0  52   0   0   0  28  0.35 0.00
  324 G    0 -1 -1 -1 -4  3 -1  5 -1 -4 -4 -1 -2 -4 -3 -1 -2 -3 -3 -3    0   0   0   0   0  28   0  72   0   0   0   0   0   0   0   0   0   0   0   0  0.90 0.00
  325 D   -1 -2  1  5 -3 -1  1 -2 -2 -3 -3 -1 -3 -3 -2  0  2 -5 -3 -2    0   0   0  72   0   0   0   0   0   0   0   0   0   0   0   0  28   0   0   0  0.87 0.00
  326 D   -2 -2  1  5 -3 -1  1 -2 -2  0 -2 -1 -2 -3 -2 -1 -1 -4 -3  1    0   0   0  72   0   0   0   0   0   0   0   0   0   0   0   0   0   0   0  28  0.72 0.00
  327 S    1 -1  0 -1 -2 -1 -1 -1 -1 -2 -2 -1 -2 -3 -1  4  3 -4 -2 -1    0   0   0   0   0   0   0   0   0   0   0   0   0   0   0  72  28   0   0   0  0.63 0.00
  328 D   -1 -2  1  5 -3 -1  1 -2 -2 -3 -3 -1 -3 -3 -2  0  2 -5 -3 -2    0   0   0  72   0   0   0   0   0   0   0   0   0   0   0   0  28   0   0   0  0.87 0.00
  329 A    3 -1 -1 -1 -1 -1 -1  0 -1 -2 -2 -1 -2 -3 -1  3  1 -3 -2 -1   52   0   0   0   0   0   0   0   0   0   0   0   0   0   0  48   0   0   0   0  0.55 0.00
  330 E   -1 -1 -1  3 -3  1  4 -3 -1  0 -2  0 -1 -3 -2 -1 -1 -4 -3  1    0   0   0  20   0   0  52   0   0   0   0   0   0   0   0   0   0   0   0  28  0.51 0.00
  331 D   -1 -1  3  5 -3  0  1 -1 -1 -2 -2 -1 -2 -2 -1  0 -1 -3 -2 -2    2   1  22  53   1   1   2   2   1   1   3   2   1   1   1   2   2   0   1   2  0.61 0.00
  332 H   -1  0  0 -1 -2  1  0 -1  7 -2 -2  0 -1 -1 -1 -1 -1 -1  1 -2    3   2   2   2   1   2   2   3  65   2   3   2   1   1   2   3   2   0   1   2  0.57 0.00
  333 E   -1  0  0  1 -3  1  4 -1  0 -2 -2  0 -1 -2 -1  0 -1 -2 -2 -2    3   2   2   2   1   2  67   3   1   2   3   2   1   1   2   3   2   0   1   2  0.55 0.00
  334 H   -1  0  0 -1 -2  1  0 -1  7 -2 -2  0 -1 -1 -1 -1 -1 -1  1 -2    3   2   2   2   1   2   2   3  65   2   3   2   1   1   2   3   2   0   1   2  0.57 0.00
  335 E   -1  0  0  1 -3  1  4 -1  0 -2 -2  0 -1 -2 -1  0 -1 -2 -2 -2    3   2   2   2   1   2  67   3   1   2   3   2   1   1   2   3   2   0   1   2  0.55 0.00
  336 H   -1  0  0 -1 -2  1  0 -1  7 -2 -2  0 -1 -1 -1 -1 -1 -1  1 -2    3   2   2   2   1   2   2   3  65   2   3   2   1   1   2   3   2   0   1   2  0.57 0.00
  337 N    0  0  4  1 -2  0  0  0  0 -2 -2  0 -1 -2 -1  2  0 -2 -1 -2    3   2  50   2   1   2   2   3   1   2   3   2   1   1   2  19   2   0   1   2  0.41 0.00
  338 H   -1  0  0 -1 -2  1  0 -1  7 -2 -2  0 -1 -1 -1 -1 -1 -1  1 -2    3   2   2   2   1   2   2   3  65   2   3   2   1   1   2   3   2   0   1   2  0.57 0.00
  339 G    0 -1  0 -1 -2 -1 -1  5 -1 -2 -2 -1 -2 -2 -1  0 -1 -2 -2 -2    3   2   2   2   1   2   2  67   1   2   3   2   1   1   2   3   2   0   1   2  0.64 0.00
  340 H   -1  0  0 -1 -2  1  0 -1  7 -2 -2  0 -1 -1 -1 -1 -1 -1  1 -2    3   2   2   2   1   2   2   3  65   2   3   2   1   1   2   3   2   0   1   2  0.57 0.00
  341 G    0 -1  0 -1 -2 -1 -1  5 -1 -2 -2 -1 -2 -2 -1  0 -1 -2 -2 -2    3   2   2   2   1   2   2  67   1   2   3   2   1   1   2   3   2   0   1   2  0.64 0.00
  342 H   -1  0  0 -1 -2  1  0 -1  7 -2 -2  0 -1 -1 -1 -1 -1 -1  1 -2    3   2   2   2   1   2   2   3  65   2   3   2   1   1   2   3   2   0   1   2  0.57 0.00
  343 G    0 -1  0 -1 -2 -1 -1  5 -1 -2 -2 -1 -2 -2 -1  0 -1 -2 -2 -2    3   2   2   2   1   2   2  67   1   2   3   2   1   1   2   3   2   0   1   2  0.64 0.00
  344 H    2 -1  0 -2 -3  0 -1 -1  7 -3 -3 -1 -2 -2 -2  0 -1 -3  1 -2   35   0   0   0   0   0   0   0  65   0   0   0   0   0   0   0   0   0   0   0  0.67 0.00
  345 G    0 -3 -1 -2 -4 -2 -3  6 -3 -5 -4 -2 -3 -4 -3 -1 -2 -4 -4 -4    0   0   0   0   0   0   0 100   0   0   0   0   0   0   0   0   0   0   0   0  1.33 0.00
  346 G    0 -3 -1 -2 -4 -2 -3  6 -3 -5 -4 -2 -3 -4 -3 -1 -2 -4 -4 -4    0   0   0   0   0   0   0 100   0   0   0   0   0   0   0   0   0   0   0   0  1.33 0.00
  347 H   -1 -1  0 -2 -4  0 -1 -3  7 -4 -3 -1 -2 -2  5 -1 -2 -3  1 -3    0   0   0   0   0   0   0   0  65   0   0   0   0   0  35   0   0   0   0   0  1.17 0.00
  348 T    0  0  0 -1 -2  3  0 -2 -1 -2 -2  0 -1 -3  3  1  3 -3 -2 -1    0   0   0   0   0  35   0   0   0   0   0   0   0   0  16   0  48   0   0   0  0.61 0.00
  349 H   -2  0  0 -1 -4  4  1 -3  7 -4 -3  0 -1 -2 -2 -1 -1 -3  1 -3    0   0   0   0   0  35   0   0  65   0   0   0   0   0   0   0   0   0   0   0  0.87 0.00
  350 G    0 -1 -1 -1 -4  3  0  5 -1 -4 -4  0 -2 -4 -2 -1 -2 -3 -3 -3    0   0   0   0   0  35   0  65   0   0   0   0   0   0   0   0   0   0   0   0  0.83 0.00
  351 H   -2  0  0 -1 -4  4  1 -3  7 -4 -3  0 -1 -2 -2 -1 -1 -3  1 -3    0   0   0   0   0  35   0   0  65   0   0   0   0   0   0   0   0   0   0   0  0.87 0.00
  352 G    0 -1 -1 -1 -4  3  0  5 -1 -4 -4  0 -2 -4 -2 -1 -2 -3 -3 -3    0   0   0   0   0  35   0  65   0   0   0   0   0   0   0   0   0   0   0   0  0.83 0.00
  353 H   -2  0  0 -1 -4  4  1 -3  7 -4 -3  0 -1 -2 -2 -1 -1 -3  1 -3    0   0   0   0   0  35   0   0  65   0   0   0   0   0   0   0   0   0   0   0  0.87 0.00
  354 S    1 -1  0 -1 -1 -1 -1 -1 -1 -2 -2 -1 -1 -3 -1  4  3 -4 -2 -1    0   0   0   0   0   0   0   0   0   0   0   0   0   0   0  65  35   0   0   0  0.62 0.00
  355 H   -1 -1  0 -1 -3  0 -1 -2  7 -2 -3 -1 -2 -2 -2  0  3 -3  1 -2    0   0   0   0   0   0   0   0  65   0   0   0   0   0   0   0  35   0   0   0  0.71 0.00
  356 E   -2 -2  0  4 -3  0  3 -3 -2  2 -1 -1 -1 -2 -2 -1 -1 -4 -3  0    0   0   0  32   0   0  32   0   0  35   0   0   0   0   0   0   0   0   0   0  0.41 0.00
  357 H   -1 -1 -1 -2 -3  0 -1 -3  7  0 -1 -1 -1 -1 -3 -1 -1 -3  1  2    0   0   0   0   0   0   0   0  65   0   0   0   0   0   0   0   0   0   0  35  0.58 0.00
  358 S    1 -1  0 -1 -1 -1 -1 -1 -1 -2 -2 -1 -1 -3 -1  4  3 -4 -2 -1    0   0   0   0   0   0   0   0   0   0   0   0   0   0   0  65  35   0   0   0  0.62 0.00
  359 H    2 -1  0 -2 -3  0 -1 -1  7 -3 -3 -1 -2 -2 -2  0 -1 -3  1 -2   35   0   0   0   0   0   0   0  65   0   0   0   0   0   0   0   0   0   0   0  0.67 0.00
  360 D   -2 -2  1  6 -4 -1  1 -2 -1 -4 -5 -1 -4 -4 -2 -1 -1 -5 -4 -4    0   0   0 100   0   0   0   0   0   0   0   0   0   0   0   0   0   0   0   0  1.32 0.01
  361 H   -1 -1  1  4 -4  0  0 -2  6 -4 -4 -1 -3 -2 -2  1 -1 -4  0 -3    0   0   0  36   0   0   0   0  47   0   0   0   0   0   0  17   0   0   0   0  0.69 0.00
  362 E    0 -1  0  3 -3  1  4 -2 -1 -3 -3  0 -2 -3 -1  2  0 -4 -3 -3    0   0   0  17   0   0  47   0   0   0   0   0   0   0   0  36   0   0   0   0  0.65 0.00
  363 H   -1 -1  1  4 -4  0  0 -2  6 -4 -4 -1 -3 -2 -2  1 -1 -4  0 -3    0   0   0  36   0   0   0   0  47   0   0   0   0   0   0  17   0   0   0   0  0.69 0.00
  364 E    0 -1  0  3 -3  1  4 -2 -1 -3 -3  0 -2 -3 -2  2  2 -4 -3 -2    0   0   0  17   0   0  47   0   0   0   0   0   0   0   0  18  19   0   0   0  0.60 0.00
  365 H   -2 -1  3  4 -4  0  0 -2  6 -4 -4 -1 -3 -3 -2 -1 -1 -4  0 -4    0   0  17  36   0   0   0   0  47   0   0   0   0   0   0   0   0   0   0   0  0.78 0.00
  366 K   -1  2  0 -1 -4  1  0 -2 -1 -3 -3  5 -2 -4 -1 -1 -1 -4 -3 -3    0   0   0   0   0   0   0   0   0   0   0 100   0   0   0   0   0   0   0   0  0.85 0.01
  367 P   -1 -2 -3 -2 -4 -2 -2 -3 -2 -4 -3 -1 -3 -4  8 -1 -2 -5 -4 -3    0   0   0   0   0   0   0   0   0   0   0   0   0   0 100   0   0   0   0   0  2.65 0.01
  368 N    0  0  4  0 -3  2  0 -1  0 -3 -3  0 -2 -3 -2  3  0 -4 -2 -3    0   0  47   0   0  17   0   0   0   0   0   0   0   0   0  36   0   0   0   0  0.62 0.00
  369 K   -1  2  0 -1 -4  1  0 -2 -1 -3 -3  5 -2 -4 -1 -1 -1 -4 -3 -3    0   0   0   0   0   0   0   0   0   0   0 100   0   0   0   0   0   0   0   0  0.85 0.01
  370 I   -2 -3 -4 -4 -2 -3 -4 -5 -4  4  1 -3  1 -1 -3 -3 -1 -3 -2  2    0   0   0   0   0   0   0   0   0 100   0   0   0   0   0   0   0   0   0   0  0.57 0.01
  371 C   -1 -4 -3 -4  8 -3 -5 -4 -4 -2 -2 -4 -2 -3 -4 -2 -1 -3 -3 -1    0   0   0   0 100   0   0   0   0   0   0   0   0   0   0   0   0   0   0   0  1.34 0.01
  372 K   -1  2  0 -1 -4  1  0 -2 -1 -3 -3  5 -2 -4 -1 -1 -1 -4 -3 -3    0   0   0   0   0   0   0   0   0   0   0 100   0   0   0   0   0   0   0   0  0.85 0.01
  373 T    0 -1  0 -1 -1 -1 -1 -2 -2 -1 -2 -1 -1 -2 -2  1  5 -4 -2  0    0   0   0   0   0   0   0   0   0   0   0   0   0   0   0   0 100   0   0   0  0.75 0.01
  374 E   -1 -1 -1  1 -5  2  5 -3  0 -4 -4  0 -2 -4 -2 -1 -1 -4 -3 -3    0   0   0   0   0   0 100   0   0   0   0   0   0   0   0   0   0   0   0   0  1.09 0.01
  375 H    1  0  0 -1 -3  2  0 -2  6 -3 -2  0 -1 -2 -2  0  2 -3  0 -2   18   0   0   0   0  17   0   0  47   0   0   0   0   0   0   0  19   0   0   0  0.52 0.00
  376 S    2 -1  0 -1 -1 -1 -1 -1 -1 -2 -3 -1 -2 -3 -1  4  1 -4 -2 -2   19   0   0   0   0   0   0   0   0   0   0   0   0   0   0  81   0   0   0   0  0.64 0.01
  377 V    0 -2 -1 -2 -1 -2 -2 -2 -2  1  0 -2  0 -2 -2  2  0 -3 -2  3    0   0   0   0   0   0   0   0   0   0   0   0   0   0   0  36   0   0   0  64  0.31 0.00
  378 A    4 -2 -2 -2 -1 -1 -1  0 -2 -2 -2 -1 -1 -3 -1  1  0 -3 -2  0  100   0   0   0   0   0   0   0   0   0   0   0   0   0   0   0   0   0   0   0  0.62 0.01
  379 S    1 -1  0 -1 -2  0  0 -1 -1 -3 -3 -1 -2 -3 -1  5  1 -4 -2 -2    0   0   0   0   0   0   0   0   0   0   0   0   0   0   0 100   0   0   0   0  0.74 0.01
  380 P   -1 -2 -3 -2 -4 -2 -2 -3 -2 -4 -3 -1 -3 -4  8 -1 -2 -5 -4 -3    0   0   0   0   0   0   0   0   0   0   0   0   0   0 100   0   0   0   0   0  2.65 0.01
  381 A    4 -2 -2 -2 -1 -1 -1  0 -2 -2 -2 -1 -1 -3 -1  1  2 -3 -2  0   81   0   0   0   0   0   0   0   0   0   0   0   0   0   0   0  19   0   0   0  0.52 0.00
  382 S    1 -1  0 -1 -2  0  0 -1 -1 -3 -3 -1 -2 -3 -1  5  1 -4 -2 -2    0   0   0   0   0   0   0   0   0   0   0   0   0   0   0 100   0   0   0   0  0.74 0.01
  383 N   -1 -1  5  1 -3  0 -1 -1  0 -3 -3  0 -2 -3 -2  2  2 -4 -2 -2    0   0  64   0   0   0   0   0   0   0   0   0   0   0   0  19  18   0   0   0  0.70 0.00
  384 S    1 -1  0 -1 -1 -1 -1 -1 -1 -1 -2 -1 -1 -2 -1  4  1 -3 -2  1    0   0   0   0   0   0   0   0   0   0   0   0   0   0   0  81   0   0   0  19  0.50 0.01
  385 S    1 -1  0 -1 -2  0  0 -1 -1 -3 -3 -1 -2 -3 -1  5  1 -4 -2 -2    0   0   0   0   0   0   0   0   0   0   0   0   0   0   0 100   0   0   0   0  0.74 0.01
  386 S    2 -1  0 -1 -1 -1 -1 -1 -1 -2 -2 -1 -2 -3 -1  4  2 -4 -2 -1   18   0   0   0   0   0   0   0   0   0   0   0   0   0   0  65  17   0   0   0  0.57 0.00
  387 A    3 -1 -1 -1 -1 -1 -1  2 -1 -2 -2 -1 -1 -2 -1  2  0 -3 -2 -1   48   1   1   1   0   1   1  20   0   1   2   1   0   1   1  19   1   0   1   1  0.37 0.00
  388 S    2 -1  0 -1 -1 -1 -1 -1 -1 -2 -2 -1 -2 -3 -1  4  2 -4 -2 -1   18   0   0   0   0   0   0   0   0   0   0   0   0   0   0  64  19   0   0   0  0.57 0.00
  389 N   -1 -1  6  1 -3  0 -1 -1  0 -4 -4  0 -3 -3 -2  2  0 -4 -3 -3    0   0  82   0   0   0   0   0   0   0   0   0   0   0   0  18   0   0   0   0  0.89 0.01
  390 N   -2 -1  6  1 -3  0 -1 -1  0 -4 -4  0 -3 -4 -3  0  0 -4 -3 -3    0   0 100   0   0   0   0   0   0   0   0   0   0   0   0   0   0   0   0   0  1.08 0.01
  391 A    4 -1  2 -1 -1 -1 -1  0 -1 -2 -2 -1 -2 -3 -1  1  0 -3 -2 -1   82   0  18   0   0   0   0   0   0   0   0   0   0   0   0   0   0   0   0   0  0.50 0.00
  392 A    3 -2 -1 -2 -2 -1 -1  3 -2 -2 -3 -1 -2 -3 -1  1 -1 -3 -3 -1   64   0   0   0   0   0   0  36   0   0   0   0   0   0   0   0   0   0   0   0  0.60 0.00
  393 G    0 -2 -1 -2 -3 -2 -2  5 -2 -4 -4 -2 -3 -4 -3  1 -1 -4 -4 -3    0   0   0   0   0   0   0  81   0   0   0   0   0   0   0  19   0   0   0   0  1.03 0.00
  394 V    0 -3 -3 -4 -1 -2 -3 -4 -3  2  1 -3  1 -1 -3 -2  0 -3 -2  4    0   0   0   0   0   0   0   0   0   0   0   0   0   0   0   0   0   0   0 100  0.53 0.01
  395 S    1 -1  0 -1 -2 -1 -1 -1 -1 -2 -2 -1 -1 -3 -1  4  3 -4 -2 -1    0   0   0   0   0   0   0   0   0   0   0   0   0   0   0  64  36   0   0   0  0.62 0.00
  396 G    1 -2 -1 -1 -2 -1 -1  4 -2 -2 -2 -1 -2 -2 -1  0  2 -3 -2 -1   19   1   1   1   0   1   1  48   0   1   2   1   0   1   1   1  20   0   1   1  0.48 0.00
  397 V    0 -2 -2 -3 -1 -2 -2 -3 -3  2  0 -2  0 -1 -2 -1  0 -2 -2  4    1   1   1   1   0   1   1   1   0   1   2   1   0   1   1   1   1   0   1  84  0.35 0.00
  398 T    1 -1  0 -1 -1 -1 -1 -1 -1 -1 -1 -1 -1 -2 -1  1  4 -3 -2  0   20   1   1   1   0   1   1   1   0   1   2   1   0   1   1   1  65   0   1   1  0.44 0.00
  399 S    3 -1  0 -1 -1  0 -1  0 -1 -2 -2 -1 -1 -2 -1  3  1 -3 -2 -1   38   1   1   1   0   1   1   1   0   1   2   1   0   1   1  48   1   0   1   1  0.42 0.00
  400 T    0 -1  0 -1 -2 -1 -1 -1 -1 -1 -2 -1 -1 -2  3  2  3 -3 -2 -1    1   1   1   1   0   1   1   1   0   1   2   1   0   1  20  19  48   0   1   1  0.54 0.00
  401 G    0 -3 -1 -2 -4 -2 -3  6 -3 -5 -4 -2 -3 -4 -3 -1 -2 -4 -4 -4    0   0   0   0   0   0   0 100   0   0   0   0   0   0   0   0   0   0   0   0  1.34 0.01
  402 Q   -1  0  0 -1 -3  5  1 -2  0 -2 -2  1 -1 -3 -2  0  3 -3 -2 -2    0   0   0   0   0  64   0   0   0   0   0   0   0   0   0   0  36   0   0   0  0.66 0.01
  403 A    4 -2 -2 -2 -1 -1 -1  0 -2 -2 -2 -1 -1 -3 -1  1  0 -3 -2  0  100   0   0   0   0   0   0   0   0   0   0   0   0   0   0   0   0   0   0   0  0.62 0.01
  404 I   -2 -3 -4 -4 -2 -3 -4 -5 -4  4  1 -3  1 -1 -3 -3 -1 -3 -2  2    0   0   0   0   0   0   0   0   0 100   0   0   0   0   0   0   0   0   0   0  0.57 0.01
  405 V    0 -3 -3 -4 -1 -2 -3 -4 -3  2  1 -3  1 -1 -3 -2  0 -3 -2  4    0   0   0   0   0   0   0   0   0   0   0   0   0   0   0   0   0   0   0 100  0.53 0.01
  406 T    0 -1  0 -1 -1 -1 -1 -2 -2 -1 -2 -1 -1 -2 -2  1  5 -4 -2  0    0   0   0   0   0   0   0   0   0   0   0   0   0   0   0   0 100   0   0   0  0.75 0.01
  407 Q   -1  1  0 -1 -3  6  2 -2  1 -3 -3  1  0 -4 -2  0 -1 -3 -2 -2    0   0   0   0   0 100   0   0   0   0   0   0   0   0   0   0   0   0   0   0  1.02 0.01
  408 I   -2 -3 -4 -4 -2 -3 -4 -5 -4  4  1 -3  1 -1 -3 -3 -1 -3 -2  2    0   0   0   0   0   0   0   0   0 100   0   0   0   0   0   0   0   0   0   0  0.57 0.01
  409 V    0 -3 -3 -4 -1 -2 -3 -4 -3  2  1 -3  1 -1 -3 -2  0 -3 -2  4    0   0   0   0   0   0   0   0   0   0   0   0   0   0   0   0   0   0   0 100  0.53 0.01
  410 V    0 -3 -3 -4 -1 -2 -3 -4 -3  2  1 -3  1 -1 -3 -2  0 -3 -2  4    0   0   0   0   0   0   0   0   0   0   0   0   0   0   0   0   0   0   0 100  0.53 0.01
  411 A    4 -2 -2 -2 -1 -1 -1  0 -2 -2 -2 -1 -1 -3 -1  1  0 -3 -2  0  100   0   0   0   0   0   0   0   0   0   0   0   0   0   0   0   0   0   0   0  0.62 0.01
  412 R   -2  6 -1 -2 -4  1 -1 -3  0 -3 -3  2 -2 -3 -2 -1 -1 -3 -2 -3    0 100   0   0   0   0   0   0   0   0   0   0   0   0   0   0   0   0   0   0  1.10 0.01
  413 D   -2 -2  1  6 -4 -1  1 -2 -1 -4 -5 -1 -4 -4 -2 -1 -1 -5 -4 -4    0   0   0 100   0   0   0   0   0   0   0   0   0   0   0   0   0   0   0   0  1.32 0.01
  414 G    0 -3 -1 -2 -4 -2 -3  6 -3 -5 -4 -2 -3 -4 -3 -1 -2 -4 -4 -4    0   0   0   0   0   0   0 100   0   0   0   0   0   0   0   0   0   0   0   0  1.34 0.01
  415 K   -1  2  0 -1 -4  1  0 -2 -1 -3 -3  5 -2 -4 -1 -1 -1 -4 -3 -3    0   0   0   0   0   0   0   0   0   0   0 100   0   0   0   0   0   0   0   0  0.85 0.01
  416 D   -2 -2  1  6 -4 -1  1 -2 -1 -4 -5 -1 -4 -4 -2 -1 -1 -5 -4 -4    0   0   0 100   0   0   0   0   0   0   0   0   0   0   0   0   0   0   0   0  1.32 0.01
  417 T    0 -1  0  0 -1  0  0 -1 -1 -1 -1  0  0 -1  0  1  3 -1 -1  0    4   3   2   3   1   2   3   4   1   3   5   3   1   2   3   4  50   1   2   3  0.24 0.00
  418 K   -1  2  0 -1 -4  1  0 -2 -1 -3 -3  5 -2 -4 -1 -1 -1 -4 -3 -3    0   0   0   0   0   0   0   0   0   0   0 100   0   0   0   0   0   0   0   0  0.85 0.01
  419 N   -2 -1  6  1 -3  0 -1 -1  0 -4 -4  0 -3 -4 -3  0  0 -4 -3 -3    0   0 100   0   0   0   0   0   0   0   0   0   0   0   0   0   0   0   0   0  1.08 0.01
  420 M   -1 -2 -3 -4 -2  0 -2 -4 -2  1  2 -2  6  0 -3 -2 -1 -2 -2  1    0   0   0   0   0   0   0   0   0   0   0   0 100   0   0   0   0   0   0   0  0.61 0.01
  421 T    0 -1  0 -1 -1 -1 -1 -2 -2 -1 -2 -1 -1 -2 -2  1  5 -4 -2  0    0   0   0   0   0   0   0   0   0   0   0   0   0   0   0   0 100   0   0   0  0.75 0.01
  422 S    1 -1  0 -1 -2  0  0 -1 -1 -3 -3 -1 -2 -3 -1  5  1 -4 -2 -2    0   0   0   0   0   0   0   0   0   0   0   0   0   0   0 100   0   0   0   0  0.74 0.01
  423 L   -2 -3 -4 -4 -2 -2 -4 -4 -3  1  4 -3  2  0 -3 -3 -2 -2 -2  1    0   0   0   0   0   0   0   0   0   0 100   0   0   0   0   0   0   0   0   0  0.65 0.00
  424 G    0 -3 -1 -2 -4 -2 -3  6 -3 -5 -4 -2 -3 -4 -3 -1 -2 -4 -4 -4    0   0   0   0   0   0   0 100   0   0   0   0   0   0   0   0   0   0   0   0  1.33 0.00
  425 M   -1 -2 -3 -4 -2  0 -2 -3 -2  1  2 -2  6  0 -3 -2 -1 -2 -2  1    0   0   0   0   0   0   0   0   0   0   0   0 100   0   0   0   0   0   0   0  0.59 0.01
  426 G    0 -3 -1 -2 -4 -2 -3  6 -3 -5 -4 -2 -3 -4 -3 -1 -2 -4 -4 -4    0   0   0   0   0   0   0 100   0   0   0   0   0   0   0   0   0   0   0   0  1.33 0.00
  427 M   -1 -2 -3 -4 -2  0 -2 -3 -2  1  2 -2  6  0 -3 -2 -1 -2 -2  1    0   0   0   0   0   0   0   0   0   0   0   0 100   0   0   0   0   0   0   0  0.59 0.01
  428 V   -1 -2  3 -1 -2 -1 -2 -2 -2  2  0 -2  0 -2 -3 -1  0 -3 -2  3    0   0  33   0   0   0   0   0   0   0   0   0   0   0   0   0   0   0   0  67  0.33 0.00
  429 S    1 -1  0 -1 -2 -1 -1  3 -2 -3 -3 -1 -2 -3 -2  4  1 -4 -3 -2    0   0   0   0   0   0   0  33   0   0   0   0   0   0   0  67   0   0   0   0  0.64 0.00
  430 W   -2 -3 -3 -4 -3 -2 -3  3 -3 -3 -3 -3 -2 -1 -4 -2 -3  9  1 -3    0   0   0   0   0   0   0  33   0   0   0   0   0   0   0   0   0  67   0   0  1.66 0.00
  431 L   -2 -3 -4 -4 -2 -2 -4 -4 -3  1  4 -3  2  0 -3 -3 -2 -2 -2  1    0   0   0   0   0   0   0   0   0   0 100   0   0   0   0   0   0   0   0   0  0.64 0.00
  432 A    4 -2 -2 -2 -1 -1 -1  0 -2 -2 -2 -1 -1 -3 -1  1  0 -3 -2  0  100   0   0   0   0   0   0   0   0   0   0   0   0   0   0   0   0   0   0   0  0.60 0.00
  433 S    1 -1  0 -1 -2  0  0 -1 -1 -3 -3 -1 -2 -3 -1  5  1 -4 -2 -2    0   0   0   0   0   0   0   0   0   0   0   0   0   0   0 100   0   0   0   0  0.72 0.00
  434 F   -3 -3 -4 -4 -3 -3 -4 -4 -2  0  0 -3  0  6 -4 -3 -2  0  3 -1    0   0   0   0   0   0   0   0   0   0   0   0   0 100   0   0   0   0   0   0  0.95 0.00
  435 G    0 -3 -1 -2 -4 -2 -3  6 -3 -5 -4 -2 -3 -4 -3 -1 -2 -4 -4 -4    0   0   0   0   0   0   0 100   0   0   0   0   0   0   0   0   0   0   0   0  1.33 0.00
  436 L   -2 -3 -4 -4 -2 -2 -4 -4 -3  1  4 -3  2  0 -3 -3 -2 -2 -2  1    0   0   0   0   0   0   0   0   0   0 100   0   0   0   0   0   0   0   0   0  0.64 0.00
  437 V    0 -3 -3 -4 -1 -2 -3 -4 -3  3  1 -3  1 -1 -3 -2  0 -3 -2  4    0   0   0   0   0   0   0   0   0   0   0   0   0   0   0   0   0   0   0 100  0.51 0.00
  438 S    1 -1  0 -1 -2  0  0 -1 -1 -3 -3 -1 -2 -3 -1  5  1 -4 -2 -2    0   0   0   0   0   0   0   0   0   0   0   0   0   0   0 100   0   0   0   0  0.72 0.00
  439 K   -1  2  0 -1 -4  1  0 -2 -1 -3 -3  5 -2 -3 -1 -1 -1 -4 -2 -3    0   0   0   0   0   0   0   0   0   0   0 100   0   0   0   0   0   0   0   0  0.83 0.00
  440 S    1 -1  0 -1 -2  0  0 -1 -1 -3 -3 -1 -2 -3 -1  5  1 -4 -2 -2    0   0   0   0   0   0   0   0   0   0   0   0   0   0   0 100   0   0   0   0  0.72 0.00
  441 Q   -1  1  0 -1 -3  6  2 -2  1 -3 -2  1  0 -3 -2  0 -1 -2 -2 -2    0   0   0   0   0 100   0   0   0   0   0   0   0   0   0   0   0   0   0   0  0.99 0.00
  442 Q   -1  1  0 -1 -3  6  2 -2  1 -3 -2  1  0 -3 -2  0 -1 -2 -2 -2    0   0   0   0   0 100   0   0   0   0   0   0   0   0   0   0   0   0   0   0  0.99 0.00
  443 I   -2 -3 -4 -4 -1 -3 -4 -5 -4  4  1 -3  1  0 -3 -3 -1 -3 -2  3    0   0   0   0   0   0   0   0   0 100   0   0   0   0   0   0   0   0   0   0  0.55 0.00
  444 S    1 -1  0 -1 -2  0  0 -1 -1 -3 -3 -1 -2 -3 -1  5  1 -4 -2 -2    0   0   0   0   0   0   0   0   0   0   0   0   0   0   0 100   0   0   0   0  0.72 0.00
  445 Q   -1  1  0 -1 -3  6  2 -2  1 -3 -2  1  0 -3 -2  0 -1 -2 -2 -2    0   0   0   0   0 100   0   0   0   0   0   0   0   0   0   0   0   0   0   0  0.99 0.00
  446 L   -2 -3 -4 -4 -2 -2 -4 -4 -3  1  4 -3  2  0 -3 -3 -2 -2 -2  1    0   0   0   0   0   0   0   0   0   0 100   0   0   0   0   0   0   0   0   0  0.64 0.00
  447 A    4 -2 -2 -2 -1 -1 -1  0 -2 -2 -2 -1 -1 -3 -1  1  0 -3 -2  0  100   0   0   0   0   0   0   0   0   0   0   0   0   0   0   0   0   0   0   0  0.60 0.00
  448 R   -2  6 -1 -2 -4  1 -1 -3  0 -3 -3  2 -2 -3 -2 -1 -1 -3 -2 -3    0 100   0   0   0   0   0   0   0   0   0   0   0   0   0   0   0   0   0   0  1.07 0.00
  449 D   -2 -2  1  6 -4 -1  1 -2 -1 -4 -4 -1 -4 -4 -2 -1 -1 -5 -4 -4    0   0   0 100   0   0   0   0   0   0   0   0   0   0   0   0   0   0   0   0  1.30 0.00
  450 R   -2  6 -1 -2 -4  1 -1 -3  0 -3 -3  2 -2 -3 -2 -1 -1 -3 -2 -3    0 100   0   0   0   0   0   0   0   0   0   0   0   0   0   0   0   0   0   0  1.07 0.00
  451 S    1 -1  0 -1 -2  0  0 -1 -1 -3 -3 -1 -2 -3 -1  5  1 -4 -2 -2    0   0   0   0   0   0   0   0   0   0   0   0   0   0   0 100   0   0   0   0  0.72 0.00
  452 Q   -1  1  0 -1 -3  6  2 -2  1 -3 -2  1  0 -3 -2  0 -1 -2 -2 -2    0   0   0   0   0 100   0   0   0   0   0   0   0   0   0   0   0   0   0   0  0.99 0.00
  453 I   -2 -3 -4 -4 -1 -3 -4 -5 -4  4  1 -3  1  0 -3 -3 -1 -3 -2  3    0   0   0   0   0   0   0   0   0 100   0   0   0   0   0   0   0   0   0   0  0.55 0.00
  454 G    0 -3 -1 -2 -4 -2 -3  6 -3 -5 -4 -2 -3 -4 -3 -1 -2 -4 -4 -4    0   0   0   0   0   0   0 100   0   0   0   0   0   0   0   0   0   0   0   0  1.33 0.00
  455 S    1 -1  0 -1 -2  0  0 -1 -1 -3 -3 -1 -2 -3 -1  5  1 -4 -2 -2    0   0   0   0   0   0   0   0   0   0   0   0   0   0   0 100   0   0   0   0  0.72 0.00
  456 P   -1 -2 -3 -2 -4 -2 -1 -3 -2 -3 -3 -1 -3 -4  8 -1 -2 -5 -4 -3    0   0   0   0   0   0   0   0   0   0   0   0   0   0 100   0   0   0   0   0  2.64 0.00
  457 Q   -1  1  0 -1 -3  6  2 -2  1 -3 -2  1  0 -3 -2  0 -1 -2 -2 -2    0   0   0   0   0 100   0   0   0   0   0   0   0   0   0   0   0   0   0   0  0.99 0.00
  458 A    4 -2 -2 -2 -1 -1 -1  0 -2 -2 -2 -1 -1 -3 -1  1  0 -3 -2  0  100   0   0   0   0   0   0   0   0   0   0   0   0   0   0   0   0   0   0   0  0.60 0.00
  459 R   -2  6 -1 -2 -4  1 -1 -3  0 -3 -3  2 -2 -3 -2 -1 -1 -3 -2 -3    0 100   0   0   0   0   0   0   0   0   0   0   0   0   0   0   0   0   0   0  1.07 0.00
  460 M   -1 -2 -3 -4 -2  0 -2 -3 -2  1  2 -2  6  0 -3 -2 -1 -2 -2  1    0   0   0   0   0   0   0   0   0   0   0   0 100   0   0   0   0   0   0   0  0.56 0.00
  461 N   -2 -1  6  1 -3  0 -1 -1  0 -4 -4  0 -3 -4 -3  0  0 -4 -3 -3    0   0 100   0   0   0   0   0   0   0   0   0   0   0   0   0   0   0   0   0  1.05 0.00
  462 I   -2 -3 -4 -4 -1 -3 -4 -5 -4  4  1 -3  1  0 -3 -3 -1 -3 -2  3    0   0   0   0   0   0   0   0   0 100   0   0   0   0   0   0   0   0   0   0  0.55 0.00
  463 N   -2 -1  6  1 -3  0 -1 -1  0 -4 -4  0 -3 -4 -3  0  0 -4 -3 -3    0   0 100   0   0   0   0   0   0   0   0   0   0   0   0   0   0   0   0   0  1.05 0.00
  464 F   -3 -3 -4 -4 -3 -3 -4 -4 -2  0  0 -3  0  6 -4 -3 -2  0  3 -1    0   0   0   0   0   0   0   0   0   0   0   0   0 100   0   0   0   0   0   0  0.95 0.00
  465 A    4 -2 -2 -2 -1 -1 -1  0 -2 -2 -2 -1 -1 -3 -1  1  0 -3 -2  0  100   0   0   0   0   0   0   0   0   0   0   0   0   0   0   0   0   0   0   0  0.60 0.00
  466 N   -2 -1  6  1 -3  0 -1 -1  0 -4 -4  0 -3 -4 -3  0  0 -4 -3 -3    0   0 100   0   0   0   0   0   0   0   0   0   0   0   0   0   0   0   0   0  1.05 0.00
  467 L   -2 -3 -4 -4 -2 -2 -4 -4 -3  1  4 -3  2  0 -3 -3 -2 -2 -2  1    0   0   0   0   0   0   0   0   0   0 100   0   0   0   0   0   0   0   0   0  0.64 0.00
  468 T    0 -1  0 -1 -1 -1 -1 -2 -2 -1 -2 -1 -1 -2 -2  1  5 -3 -2  0    0   0   0   0   0   0   0   0   0   0   0   0   0   0   0   0 100   0   0   0  0.73 0.00
  469 I   -2 -3 -4 -4 -1 -3 -4 -5 -4  4  1 -3  1  0 -3 -3 -1 -3 -2  3    0   0   0   0   0   0   0   0   0 100   0   0   0   0   0   0   0   0   0   0  0.55 0.00
  470 P   -1 -2 -3 -2 -4 -2 -1 -3 -2 -3 -3 -1 -3 -4  8 -1 -2 -5 -4 -3    0   0   0   0   0   0   0   0   0   0   0   0   0   0 100   0   0   0   0   0  2.64 0.00
  471 I   -2 -3 -4 -4 -1 -3 -4 -5 -4  4  1 -3  1  0 -3 -3 -1 -3 -2  3    0   0   0   0   0   0   0   0   0 100   0   0   0   0   0   0   0   0   0   0  0.55 0.00
  472 S    1 -1  0 -1 -2  0  0 -1 -1 -3 -3 -1 -2 -3 -1  5  1 -4 -2 -2    0   0   0   0   0   0   0   0   0   0   0   0   0   0   0 100   0   0   0   0  0.72 0.00
  473 L   -2 -3 -4 -4 -2 -2 -4 -4 -3  1  4 -3  2  0 -3 -3 -2 -2 -2  1    0   0   0   0   0   0   0   0   0   0 100   0   0   0   0   0   0   0   0   0  0.64 0.00
  474 S    1 -1  0 -1 -2  0  0 -1 -1 -3 -3 -1 -2 -3 -1  5  1 -4 -2 -2    0   0   0   0   0   0   0   0   0   0   0   0   0   0   0 100   0   0   0   0  0.72 0.00
  475 T    0 -1  0 -1 -1 -1 -1 -2 -2 -1 -2 -1 -1 -2 -2  1  5 -3 -2  0    0   0   0   0   0   0   0   0   0   0   0   0   0   0   0   0 100   0   0   0  0.73 0.00
  476 R   -2  6 -1 -2 -4  1 -1 -3  0 -3 -3  2 -2 -3 -2 -1 -1 -3 -2 -3    0 100   0   0   0   0   0   0   0   0   0   0   0   0   0   0   0   0   0   0  1.07 0.00
  477 I   -2 -3 -4 -4 -1 -3 -4 -5 -4  4  1 -3  1  0 -3 -3 -1 -3 -2  3    0   0   0   0   0   0   0   0   0 100   0   0   0   0   0   0   0   0   0   0  0.55 0.00
  478 W   -3 -3 -4 -5 -3 -2 -4 -4 -3 -3 -2 -4 -2  0 -5 -4 -3 10  2 -3    0   0   0   0   0   0   0   0   0   0   0   0   0   0   0   0   0 100   0   0  2.58 0.00
  479 F   -2 -3 -4 -4 -2 -3 -4 -4 -2  3  1 -3  1  5 -4 -3 -2 -1  1  1    0   0   0   0   0   0   0   0   0  50   0   0   0  50   0   0   0   0   0   0  0.51 0.00
  480 A    4 -2 -2 -2 -1 -1 -1  0 -2 -2 -2 -1 -1 -3 -1  1  0 -3 -2  0  100   0   0   0   0   0   0   0   0   0   0   0   0   0   0   0   0   0   0   0  0.60 0.00
  481 C   -1 -4 -3 -4  8 -3 -5 -4 -4 -1 -2 -4 -2 -3 -4 -2 -1 -3 -3 -1    0   0   0   0 100   0   0   0   0   0   0   0   0   0   0   0   0   0   0   0  1.28 0.00
  482 R   -2  6 -1 -2 -4  1 -1 -3  0 -3 -3  2 -2 -3 -2 -1 -1 -3 -2 -3    0 100   0   0   0   0   0   0   0   0   0   0   0   0   0   0   0   0   0   0  1.07 0.00
  483 T    0 -1  0 -1 -1 -1 -1 -2 -2 -1 -2 -1 -1 -2 -2  1  5 -3 -2  0    0   0   0   0   0   0   0   0   0   0   0   0   0   0   0   0 100   0   0   0  0.73 0.00
  484 A    4 -2 -2 -2 -1 -1 -1  0 -2 -2 -2 -1 -1 -3 -1  1  0 -3 -2  0  100   0   0   0   0   0   0   0   0   0   0   0   0   0   0   0   0   0   0   0  0.60 0.00
  485 A    4 -2 -2 -2 -1 -1 -1  0 -2 -2 -2 -1 -1 -3 -1  1  0 -3 -2  0  100   0   0   0   0   0   0   0   0   0   0   0   0   0   0   0   0   0   0   0  0.60 0.00
  486 C   -1 -4 -3 -4  8 -3 -5 -4 -4 -1 -2 -4 -2 -3 -4 -2 -1 -3 -3 -1    0   0   0   0 100   0   0   0   0   0   0   0   0   0   0   0   0   0   0   0  1.28 0.00
  487 W   -3 -3 -4 -5 -3 -2 -4 -4 -3 -3 -2 -4 -2  0 -5 -4 -3 10  2 -3    0   0   0   0   0   0   0   0   0   0   0   0   0   0   0   0   0 100   0   0  2.58 0.00
  488 A    4 -2 -2 -2 -1 -1 -1  0 -2 -2 -2 -1 -1 -3 -1  1  0 -3 -2  0  100   0   0   0   0   0   0   0   0   0   0   0   0   0   0   0   0   0   0   0  0.60 0.00
  489 C   -1 -4 -3 -4  8 -3 -5 -4 -4 -1 -2 -4 -2 -3 -4 -2 -1 -3 -3 -1    0   0   0   0 100   0   0   0   0   0   0   0   0   0   0   0   0   0   0   0  1.28 0.00
  490 P   -1 -2 -3 -2 -4 -2 -1 -3 -2 -3 -3 -1 -3 -4  8 -1 -2 -5 -4 -3    0   0   0   0   0   0   0   0   0   0   0   0   0   0 100   0   0   0   0   0  2.64 0.00
  491 W   -3 -3 -4 -5 -3 -2 -4 -4 -3 -3 -2 -4 -2  0 -5 -4 -3 10  2 -3    0   0   0   0   0   0   0   0   0   0   0   0   0   0   0   0   0 100   0   0  2.58 0.00
  492 D   -2 -2  1  6 -4 -1  1 -2 -1 -4 -4 -1 -4 -4 -2 -1 -1 -5 -4 -4    0   0   0 100   0   0   0   0   0   0   0   0   0   0   0   0   0   0   0   0  1.30 0.00
  493 S    1 -1  0 -1 -2  0  0 -1 -1 -3 -3 -1 -2 -3 -1  5  1 -4 -2 -2    0   0   0   0   0   0   0   0   0   0   0   0   0   0   0 100   0   0   0   0  0.72 0.00
  494 W   -3 -3 -4 -5 -3 -2 -4 -4 -3 -3 -2 -4 -2  0 -5 -4 -3 10  2 -3    0   0   0   0   0   0   0   0   0   0   0   0   0   0   0   0   0 100   0   0  2.58 0.00
  495 T    0 -1  0 -1 -1 -1 -1 -2 -2 -1 -2 -1 -1 -2 -2  1  5 -3 -2  0    0   0   0   0   0   0   0   0   0   0   0   0   0   0   0   0 100   0   0   0  0.73 0.00
  496 S    1 -1  0 -1 -2  0  0 -1 -1 -3 -3 -1 -2 -3 -1  5  1 -4 -2 -2    0   0   0   0   0   0   0   0   0   0   0   0   0   0   0 100   0   0   0   0  0.72 0.00
  497 H   -2  0  0 -1 -4  1  0 -3  8 -4 -3 -1 -2 -2 -2 -1 -2 -3  2 -3    0   0   0   0   0   0   0   0 100   0   0   0   0   0   0   0   0   0   0   0  1.13 0.00
  498 P   -1 -2 -3 -2 -4 -2 -1 -3 -2 -3 -3 -1 -3 -4  8 -1 -2 -5 -4 -3    0   0   0   0   0   0   0   0   0   0   0   0   0   0 100   0   0   0   0   0  2.64 0.00
  499 S    1 -1  0 -1 -2  0  0 -1 -1 -3 -3 -1 -2 -3 -1  5  1 -4 -2 -2    0   0   0   0   0   0   0   0   0   0   0   0   0   0   0 100   0   0   0   0  0.72 0.00
  500 H   -2  0  0 -1 -4  1  0 -3  8 -4 -3 -1 -2 -2 -2 -1 -2 -3  2 -3    0   0   0   0   0   0   0   0 100   0   0   0   0   0   0   0   0   0   0   0  1.13 0.00
  501 Q   -1  1  0 -1 -3  6  2 -2  1 -3 -2  1  0 -3 -2  0 -1 -2 -2 -2    0   0   0   0   0 100   0   0   0   0   0   0   0   0   0   0   0   0   0   0  0.99 0.00
  502 H   -2  0  0 -1 -4  1  0 -3  8 -4 -3 -1 -2 -2 -2 -1 -2 -3  2 -3    0   0   0   0   0   0   0   0 100   0   0   0   0   0   0   0   0   0   0   0  1.13 0.00
  503 H   -2  0  0 -1 -4  1  0 -3  8 -4 -3 -1 -2 -2 -2 -1 -2 -3  2 -3    0   0   0   0   0   0   0   0 100   0   0   0   0   0   0   0   0   0   0   0  1.13 0.00
  504 L   -2 -3 -4 -4 -2 -2 -4 -4 -3  1  4 -3  2  0 -3 -3 -2 -2 -2  1    0   0   0   0   0   0   0   0   0   0 100   0   0   0   0   0   0   0   0   0  0.64 0.00
  505 P   -1 -2 -3 -2 -4 -2 -1 -3 -2 -3 -3 -1 -3 -4  8 -1 -2 -5 -4 -3    0   0   0   0   0   0   0   0   0   0   0   0   0   0 100   0   0   0   0   0  2.64 0.00
  506 P   -1 -2 -3 -2 -4 -2 -1 -3 -2 -3 -3 -1 -3 -4  8 -1 -2 -5 -4 -3    0   0   0   0   0   0   0   0   0   0   0   0   0   0 100   0   0   0   0   0  2.64 0.00
  507 Q   -1  1  0 -1 -3  6  2 -2  1 -3 -2  1  0 -3 -2  0 -1 -2 -2 -2    0   0   0   0   0 100   0   0   0   0   0   0   0   0   0   0   0   0   0   0  0.99 0.00
  508 S    1 -1  0 -1 -2  0  0 -1 -1 -3 -3 -1 -2 -3 -1  5  1 -4 -2 -2    0   0   0   0   0   0   0   0   0   0   0   0   0   0   0 100   0   0   0   0  0.72 0.00
  509 P   -1 -2 -3 -2 -4 -2 -1 -3 -2 -3 -3 -1 -3 -4  8 -1 -2 -5 -4 -3    0   0   0   0   0   0   0   0   0   0   0   0   0   0 100   0   0   0   0   0  2.64 0.00
  510 S    1 -1  0 -1 -2  0  0 -1 -1 -3 -3 -1 -2 -3 -1  5  1 -4 -2 -2    0   0   0   0   0   0   0   0   0   0   0   0   0   0   0 100   0   0   0   0  0.72 0.00
  511 R   -2  6 -1 -2 -4  1 -1 -3  0 -3 -3  2 -2 -3 -2 -1 -1 -3 -2 -3    0 100   0   0   0   0   0   0   0   0   0   0   0   0   0   0   0   0   0   0  1.07 0.00
  512 S    1 -1  0 -1 -2  0  0 -1 -1 -3 -3 -1 -2 -3 -1  5  1 -4 -2 -2    0   0   0   0   0   0   0   0   0   0   0   0   0   0   0 100   0   0   0   0  0.72 0.00
  513 T    0 -1  0 -1 -1 -1 -1 -2 -2 -1 -2 -1 -1 -2 -2  1  5 -3 -2  0    0   0   0   0   0   0   0   0   0   0   0   0   0   0   0   0 100   0   0   0  0.73 0.00
  514 S    1 -1  0 -1 -2  0  0 -1 -1 -3 -3 -1 -2 -3 -1  5  1 -4 -2 -2    0   0   0   0   0   0   0   0   0   0   0   0   0   0   0 100   0   0   0   0  0.72 0.00
  515 I   -2 -3 -4 -4 -1 -3 -4 -5 -4  4  1 -3  1  0 -3 -3 -1 -3 -2  3    0   0   0   0   0   0   0   0   0 100   0   0   0   0   0   0   0   0   0   0  0.55 0.00
  516 C   -1 -4 -3 -4  8 -3 -5 -4 -4 -1 -2 -4 -2 -3 -4 -2 -1 -3 -3 -1    0   0   0   0 100   0   0   0   0   0   0   0   0   0   0   0   0   0   0   0  1.28 0.00
  517 P   -1 -2 -3 -2 -4 -2 -1 -3 -2 -3 -3 -1 -3 -4  8 -1 -2 -5 -4 -3    0   0   0   0   0   0   0   0   0   0   0   0   0   0 100   0   0   0   0   0  2.64 0.00
  518 A    4 -2 -2 -2 -1 -1 -1  0 -2 -2 -2 -1 -1 -3 -1  1  0 -3 -2  0  100   0   0   0   0   0   0   0   0   0   0   0   0   0   0   0   0   0   0   0  0.60 0.00
  519 T    0 -1  0 -1 -1 -1 -1 -2 -2 -1 -2 -1 -1 -2 -2  1  5 -3 -2  0    0   0   0   0   0   0   0   0   0   0   0   0   0   0   0   0 100   0   0   0  0.73 0.00
  520 L   -2 -3 -4 -4 -2 -2 -4 -4 -3  1  4 -3  2  0 -3 -3 -2 -2 -2  1    0   0   0   0   0   0   0   0   0   0 100   0   0   0   0   0   0   0   0   0  0.64 0.00
  521 A    4 -2 -2 -2 -1 -1 -1  0 -2 -2 -2 -1 -1 -3 -1  1  0 -3 -2  0  100   0   0   0   0   0   0   0   0   0   0   0   0   0   0   0   0   0   0   0  0.60 0.00
  522 R   -2  6 -1 -2 -4  1 -1 -3  0 -3 -3  2 -2 -3 -2 -1 -1 -3 -2 -3    0 100   0   0   0   0   0   0   0   0   0   0   0   0   0   0   0   0   0   0  1.07 0.00
  523 T    0 -1  0 -1 -1 -1 -1 -2 -2 -1 -2 -1 -1 -2 -2  1  5 -3 -2  0    0   0   0   0   0   0   0   0   0   0   0   0   0   0   0   0 100   0   0   0  0.73 0.00
  524 R   -2  6 -1 -2 -4  1 -1 -3  0 -3 -3  2 -2 -3 -2 -1 -1 -3 -2 -3    0 100   0   0   0   0   0   0   0   0   0   0   0   0   0   0   0   0   0   0  1.07 0.00
  525 A    4 -2 -2 -2 -1 -1 -1  0 -2 -2 -2 -1 -1 -3 -1  1  0 -3 -2  0  100   0   0   0   0   0   0   0   0   0   0   0   0   0   0   0   0   0   0   0  0.60 0.00
  526 I   -2 -3 -4 -4 -1 -3 -4 -5 -4  4  1 -3  1  0 -3 -3 -1 -3 -2  3    0   0   0   0   0   0   0   0   0 100   0   0   0   0   0   0   0   0   0   0  0.55 0.00
  527 Y   -2 -2 -3 -4 -3 -2 -3 -4  2 -2 -2 -2 -2  3 -4 -2 -2  2  7 -2    0   0   0   0   0   0   0   0   0   0   0   0   0   0   0   0   0   0 100   0  1.18 0.00
  528 Q   -1  1  0 -1 -3  6  2 -2  1 -3 -2  1  0 -3 -2  0 -1 -2 -2 -2    0   0   0   0   0 100   0   0   0   0   0   0   0   0   0   0   0   0   0   0  0.99 0.00
  529 I   -2 -3 -4 -4 -1 -3 -4 -5 -4  4  1 -3  1  0 -3 -3 -1 -3 -2  3    0   0   0   0   0   0   0   0   0 100   0   0   0   0   0   0   0   0   0   0  0.55 0.00
  530 P   -1 -2 -3 -2 -4 -2 -1 -3 -2 -3 -3 -1 -3 -4  8 -1 -2 -5 -4 -3    0   0   0   0   0   0   0   0   0   0   0   0   0   0 100   0   0   0   0   0  2.64 0.00
  531 P   -1 -2 -3 -2 -4 -2 -1 -3 -2 -3 -3 -1 -3 -4  8 -1 -2 -5 -4 -3    0   0   0   0   0   0   0   0   0   0   0   0   0   0 100   0   0   0   0   0  2.64 0.00
  532 N   -2 -1  6  1 -3  0 -1 -1  0 -4 -4  0 -3 -4 -3  0  0 -4 -3 -3    0   0 100   0   0   0   0   0   0   0   0   0   0   0   0   0   0   0   0   0  1.05 0.00
  533 R   -2  6 -1 -2 -4  1 -1 -3  0 -3 -3  2 -2 -3 -2 -1 -1 -3 -2 -3    0 100   0   0   0   0   0   0   0   0   0   0   0   0   0   0   0   0   0   0  1.07 0.00
  534 S    1 -1  0 -1 -2  0  0 -1 -1 -3 -3 -1 -2 -3 -1  5  1 -4 -2 -2    0   0   0   0   0   0   0   0   0   0   0   0   0   0   0 100   0   0   0   0  0.72 0.00
  535 I   -2 -3 -4 -4 -1 -3 -4 -5 -4  4  1 -3  1  0 -3 -3 -1 -3 -2  3    0   0   0   0   0   0   0   0   0 100   0   0   0   0   0   0   0   0   0   0  0.55 0.00

                      K         Lambda
Standard Ungapped    0.1656     0.3333
Standard Gapped      0.1100     0.3190
PSI Ungapped         0.1656     0.3333
PSI Gapped           0.1100     0.3190
