
Last position-specific scoring matrix computed, weighted observed percentages rounded down, information per position, and relative weight of gapless real matches to pseudocounts
           A  R  N  D  C  Q  E  G  H  I  L  K  M  F  P  S  T  W  Y  V   A   R   N   D   C   Q   E   G   H   I   L   K   M   F   P   S   T   W   Y   V
    1 M   -1 -2 -3 -4 -2  0 -2 -4 -2  1  2 -2  6  0 -3 -2 -1 -2 -2  1    0   0   0   0   0   0   0   0   0   0   0   0 100   0   0   0   0   0   0   0  0.59 0.01
    2 S    1 -1  0 -1 -2 -1 -1 -1 -1 -3 -3 -1 -2 -3 -1  5  1 -4 -2 -2    0   0   0   0   0   0   0   0   0   0   0   0   0   0   0 100   0   0   0   0  0.76 0.02
    3 D   -1 -2  0  3 -3 -1  0 -2 -2 -3 -3 -2 -2 -2 -2  2  0  7  0 -3    0   0   0  32   0   0   0   0   0   0   0   0   0   0   0  36   0  33   0   0  0.84 0.01
    4 H    0  0  0 -1 -3  4  0 -2  5 -3 -3  0 -1 -3 -2  2  0 -3  0 -3    0   0   0   0   0  33   0   0  32   0   0   0   0   0   0  36   0   0   0   0  0.58 0.01
    5 N    0  0  3  0 -3  3  3 -2  0 -3 -3  0 -2 -4 -2  2  0 -4 -3 -3    0   0  22   0   0  26  27   0   0   0   0   0   0   0   0  24   0   0   0   0  0.59 0.02
    6 H   -1 -1  0 -1 -4  1  2 -2  7 -4 -3 -1 -3 -2 -2  1 -1 -3  0 -3    0   0   0   0   0   0  21   0  59   0   0   0   0   0   0  20   0   0   0   0  0.81 0.05
    7 I   -2 -3  1 -3 -2 -3 -3 -4 -3  4  2 -3  1 -1 -4 -2 -1 -3 -2  2    0   0  13   0   0   0   0   0   0  59  14   0   0   0   0   0   0   0   0  14  0.45 0.06
    8 D    0 -1  0  3 -3  0  2 -2 -1 -3 -3  2 -2 -3 -2  3  2 -4 -3 -2    0   0   0  25   0   0  13   0   0   0   0  16   0   0   0  32  14   0   0   0  0.51 0.05
    9 S    0 -1  0  2 -3  0  2 -2 -1 -2  0  1 -1 -3 -2  3  1 -4 -3 -2    0   0   0  10   0   0  22   0   0   0  12  13   0   0   0  33   9   0   0   0  0.37 0.06
   10 V    1  1 -3 -3 -2 -1 -2 -3 -3  2  1  1  0 -2 -3 -1 -1 -3 -2  3   13  12   0   0   0   0   0   0   0  10  11  11   0   0   0   0   0   0   0  42  0.26 0.06
   11 N   -2 -1  5  2 -4  2  1 -2 -1 -3 -1  1 -2 -4  2 -1 -1 -4 -3 -3    0   0  43   8   0  11  10   0   0   0   8  11   0   0  10   0   0   0   0   0  0.61 0.11
   12 A    3 -2  1  1 -2  1 -1  1 -2 -2  0 -1 -1  1 -2  0 -1 -3 -2 -2   47   0   9   7   0   9   0   8   0   0   9   0   0  10   0   0   0   0   0   0  0.29 0.10
   13 S    1 -2  1  3 -2 -1 -1 -2 -2  0 -2 -1  1 -3 -2  3  1 -4 -3 -1   16   0   7  20   0   0   0   0   0   8   0   0   9   0   0  32   7   0   0   0  0.36 0.10
   14 G    1 -2 -2 -3 -3 -2 -2  5 -3 -2 -2  0  1 -3 -3  0 -2 -4 -4  0   13   0   0   0   0   0   0  56   0   0   0   8   8   0   0   7   0   0   0   9  0.69 0.14
   15 S    0 -2  2  2  3 -2 -1  1 -2 -3 -3 -2 -3 -2 -3  2 -1  4  1 -3    7   0  14  14   9   0   0  14   0   0   0   0   0   0   0  27   0   9   8   0  0.42 0.11
   16 D   -2 -1  1  4 -4  1  1 -2 -1  0 -1  1 -2 -2 -3  1 -1 -4  0 -2    0   0   5  37   0   7   8   0   0   8   7   8   0   0   0  14   0   0   6   0  0.43 0.10
   17 P    0 -2  1  0 -3 -2 -2  0 -2 -1 -2 -2 -2 -1  2 -1  2 -2  2  2    7   0   9   7   0   0   0   8   0   0   0   0   0   0  12   0  22   0  14  22  0.27 0.10
   18 L    0  0 -2 -3 -2 -2 -3 -3 -3  1  2 -2  3 -2 -3  1  1 -3 -2  2    4   6   0   0   0   0   0   0   0   5  21   0  13   0   0  13  12   0   0  27  0.30 0.11
   19 L    0  1  1  0 -3 -2 -2 -3 -2  2  2 -1  0 -2  0 -1  0 -4 -3  1    6  13  11   6   0   0   0   0   0  14  25   0   0   0   5   0   7   0   0  12  0.17 0.08
   20 D   -2 -2  3  4 -4 -1  2  1 -2 -1 -3 -1  1 -4 -3  1  0 -5 -4 -3    0   0  19  30   0   0  12  10   0   6   0   0   5   0   0  12   4   0   0   0  0.53 0.15
   21 L    0  0  0 -3  2 -2 -3 -3 -3  1  2 -2  4 -1 -3 -2  0 -3 -2  2    5   5   5   0   6   0   1   1   0   6  26   0  19   0   0   1   5   0   0  18  0.30 0.12
   22 H   -2  0 -1  0  2  0  3 -3  4 -3 -2  0 -2  1  2 -1  0 -4 -1 -3    0   5   0   5   6   0  29   0  18   0   5   5   0   8  10   4   5   0   0   0  0.44 0.16
   23 N   -1 -2  4  4 -4  1  2  0 -1 -4 -4 -2 -3 -4 -3 -1 -2 -4  0 -2    5   0  31  32   0   5  12   5   0   0   0   0   0   0   0   0   0   0   5   5  0.74 0.21
   24 L    0 -3 -4 -4 -3  0 -3 -4 -3  2  3 -1  2 -1 -4 -2 -1  3  1  1    7   0   0   0   0   5   0   0   0  19  33   3   8   0   0   0   4   5   7   9  0.38 0.15
   25 D   -2  0  2  3 -4  1  2 -3  1 -3 -3  0  0 -4 -3  1  2 -5 -3 -3    0   3  14  20   0   8  16   0   3   0   0   4   4   0   0  11  17   0   0   0  0.51 0.17
   26 G    0  2  2  0 -4  1  2  1 -1 -3 -2  0 -2 -3 -3  1  0 -4 -1 -2    8  12  15   3   0   8  14  14   0   0   4   4   0   0   0   8   3   0   3   3  0.27 0.10
   27 I    0 -3 -3 -2  1 -3 -2 -4 -3  4  2 -3  3 -1 -4 -2  1 -3  0  1    8   0   0   3   4   0   3   0   0  33  20   0  12   0   0   0  10   0   3   3  0.40 0.18
   28 G    1  0  2 -2  1 -1 -1  1 -2  0  0 -1  1 -2 -3  1  1 -3 -1 -1   13   5  14   0   4   0   4  12   0   6   9   0   8   0   0  12   9   0   3   3  0.14 0.10
   29 E   -2  0  2  2 -5  1  4 -2  1 -1 -2  1 -1 -4  0 -1  0 -5 -3 -3    0   4  13  12   0   6  31   3   3   4   3  10   2   0   4   0   6   0   0   0  0.47 0.18
   30 S    1  1  0  1 -4 -1  3 -3 -2 -4 -3  2 -3 -4 -3  2  1 -5 -4 -3   14   9   4   8   0   0  22   0   0   0   2  15   0   0   0  19   9   0   0   0  0.46 0.20
   31 V    1  0 -1 -1  1  1  1 -3 -2  1  1 -1  0 -1 -1 -1  1 -3 -2  1   13   5   2   2   3   8  11   0   0   8  18   0   2   2   2   3   8   0   0  13  0.12 0.09
   32 E    0  0 -1  0 -2  3  5 -4  1 -5 -5  1 -4 -5 -1 -2 -1  1 -4 -4    7   4   2   2   1  17  49   0   3   0   0   7   0   0   2   1   2   2   0   0  0.94 0.38
   33 L    0  1 -1 -2 -3  0  0 -4 -1  2  3 -1  0  1 -2 -2 -1 -3 -1  0    8  10   3   2   0   3   7   0   1  12  33   2   2   7   1   0   2   0   2   5  0.22 0.15
   34 Q   -2  1 -1  1 -1  4  3 -4  1 -1 -3  2  1 -2 -2 -1 -2 -4  0 -3    2   8   1   7   2  20  24   0   4   4   0  16   4   1   1   2   0   0   4   0  0.54 0.27
   35 C   -2 -6 -4 -7 10 -6 -7 -6 -7 -1 -3 -1 -5 -5 -3 -2 -2  0 -6 -2    3   0   1   0  78   0   0   0   0   3   2   4   0   0   1   2   2   1   0   2  2.71 0.76
   36 L   -1 -1 -2 -2 -1  0 -1 -5 -3  1  4 -2  2  0 -4 -3 -2 -4  1  0    4   2   2   2   1   5   5   0   0   7  54   1   4   3   0   0   2   0   4   3  0.56 0.29
   37 V    0  0 -1 -1  3  1  2 -2 -2  1  1 -1 -1 -2 -1  0 -1 -3 -2  0    7   4   2   2   7   9  17   2   0   9  20   2   0   1   2   5   1   0   0   8  0.16 0.12
   38 Q   -1  2  1  0 -2  4  2 -2 -1 -4 -2  2 -1 -4 -3  0  0 -4 -2 -3    4  12   8   4   1  28  11   3   1   0   3  10   1   0   0   5   5   0   1   2  0.50 0.27
   39 E    0  1  0 -1 -5  2  4 -4 -1 -3 -2  2  0  0 -3  0 -1 -4 -1 -1    6   8   3   1   0  11  32   0   1   1   4  11   3   4   0   6   3   0   2   3  0.45 0.27
   40 H   -1  0  0 -1  1  1  1 -3  3 -1  0  1  0 -1  0  0  0 -3  1 -2    4   5   4   1   4   6  10   0  10   4   9  12   3   1   5   8   6   0   5   2  0.16 0.13
   41 I    0  0 -2 -2  3  0 -2 -2 -3  2  2 -2  3 -1 -2 -1 -1 -3  1  1    8   5   1   1   8   4   2   2   0  16  19   1  10   2   2   4   1   0   5   8  0.20 0.15
   42 E   -1  0  1  1 -4  2  4 -3 -1 -3 -1  1  0 -1  0  0 -1 -4 -3 -2    4   4   8   6   0  12  30   1   1   1   6   6   3   4   4   5   4   0   0   2  0.40 0.24
   43 A    2  0  2  1 -3  0  1 -2 -2 -1 -1  0 -1 -1  1  1  0 -4 -1 -1   18   4  14   7   0   2   9   1   0   3   7   5   1   3   7   9   5   0   2   3  0.18 0.13
   44 S    0  0  1  0 -2  1  1 -1  0 -2 -1  1 -2 -2  2  2  1  0 -2 -2    7   5   6   3   1   6   7   3   2   2   5   8   0   2  11  20   8   1   1   2  0.22 0.15
   45 T    0 -2  1  0 -4  0  0  0 -2 -2 -2  0 -1 -2  2  2  3 -4 -1 -3    6   1   8   5   0   4   6   8   0   2   2   6   2   1  10  16  22   0   3   0  0.33 0.22
   46 Y    0  0  0 -1 -3  0  0 -2  2  0  0  0  0  2  1  0 -1 -2  3 -1    6   5   6   4   0   5   5   1   5   5   7   4   4   9   8   6   3   0  16   3  0.16 0.12
   47 G    0  0  1  1 -3 -1  0  2 -2 -3 -2  0 -3 -3  2  1  0 -4 -1 -2    9   5   6   9   0   2   6  21   0   1   3   4   0   1  11  12   7   0   3   1  0.30 0.15
   48 N   -1  0  5  2 -4  1  0 -1 -1 -3 -3 -1 -3 -4  0  1  1 -5 -3 -3    5   4  32  11   0   8   7   3   1   2   2   3   0   0   4   9   8   0   1   1  0.57 0.30
   49 D   -1  0  2  3 -4  1  2  1 -2 -2 -2  1 -2 -2 -1  0  0 -5 -4 -1    3   3   9  21   0   5  14   9   1   2   3   8   1   1   3   6   6   0   0   5  0.31 0.18
   50 S    0 -1  0  1 -4  0  0  1 -2 -2 -3  0 -3 -3 -1  2  2 -1 -3 -1    7   3   3   9   0   4   5  13   1   2   1   4   0   1   3  22  16   1   1   4  0.29 0.21
   51 G    1 -3  0  0 -4 -1 -2  4 -2 -2  0  0 -3 -4  1  1  0 -5 -4 -1   10   0   3   7   0   2   2  32   1   2  12   7   0   0   6   9   4   0   0   3  0.36 0.22
   52 H   -3  0 -1 -3 -5 -1 -1  1  4 -4 -3 -2 -2  2 -4 -1 -2  4  6 -2    2   4   3   1   0   3   3  11  13   0   1   2   1   7   0   4   2   5  34   3  0.86 0.40
   53 C   -6-10 -9-10 11 -9-10 -9 -9 -7 -7 -9 -7 -8 -9 -7 -7 -9 -2 -7    0   0   0   0  98   0   0   0   0   0   0   0   0   0   0   0   0   0   2   0  4.72 1.42
   54 L   -3  0  5 -2 -6  0 -1 -1 -3 -5 -1 -1 -3 -5  5  0 -3 -7 -6 -4    2   5  29   2   0   3   4   4   0   0   6   4   0   0  33   6   1   0   0   1  1.04 0.53
   55 T    2  3 -4 -4 -5 -2 -3  2 -2 -2 -2 -2 -2 -3  3  1  1  3 -2 -1   15  17   0   0   0   1   1  14   1   1   3   1   1   1  15   9  10   4   1   4  0.45 0.31
   56 Q   -2 -2  0  0 -5 -2  0 -3 -1  0 -2 -2  2 -2 -5  0  5 -3  1  1    2   1   4   4   0   1   7   1   1   5   3   1   6   2   0   7  39   0   5   8  0.58 0.40
   57 F   -8 -8 -9-10 -8 -4 -9 -9  0 -7 -5 -8 -6  6 -6 -5 -8 11  1 -4    0   0   0   0   0   1   0   0   2   0   1   0   0  31   1   1   0  60   3   1  3.49 1.19
   58 D   -7 -7 -1  8 -9 -6 -4 -7 -1 -9-10 -6 -9 -9 -7 -6 -3-10 -9 -9    0   0   2  96   0   0   0   0   1   0   0   0   0   0   0   0   1   0   0   0  3.23 1.21
   59 S   -3 -1  2 -1 -6 -1 -1  5 -1 -3 -4  1  0 -2 -5  1  0 -6 -2 -5    0   3  11   3   0   2   4  43   1   1   2   7   3   1   0  11   6   0   1   0  0.76 0.43
   60 I   -3 -6 -3 -4 -5 -4 -4 -7 -5  3  2 -6 -1  3 -7 -1 -4  7  3  1    1   0   1   1   0   1   1   0   0  19  16   0   1  11   0   5   1  20  11  11  1.07 0.50
   61 L    0 -3 -2 -3 -4 -1 -4 -1 -5  0  3 -3  3 -2 -5  2  2 -2 -2 -1    8   1   2   1   0   3   0   4   0   4  30   1   8   1   0  15  17   1   1   4  0.48 0.35
   62 C   -7-10 -9-10 11 -3-10 -9-10 -7 -8 -9 -7 -8 -9 -7 -7 -9 -9 -2    0   0   0   0  95   2   0   0   0   0   0   0   0   0   0   0   0   0   0   3  4.55 1.49
   63 W   -9 -1-10-11 -9 -8-10-10 -8 -4 -8 -9 -8 -1-11 -9 -9 12 -2 -9    0   3   0   0   0   0   0   0   0   1   0   0   0   3   0   0   0  92   1   0  5.01 1.68
   64 P   -2 -1  1  1 -7 -2 -2 -3 -1 -7 -2 -2 -3 -7  7 -1 -4 -8 -2 -5    3   4   8   9   0   2   2   2   1   0   5   2   1   0  54   4   1   0   2   0  1.46 0.71
   65 R    1  1  0  3 -5  0  0 -1  0 -5 -4 -2 -2 -3  3  0  0 -2  2 -3   11   8   3  18   0   5   5   5   2   0   1   1   1   1  15   8   7   1   8   1  0.41 0.30
   66 T    2 -5 -5 -4 -2 -4 -4 -1 -6 -2 -4 -1 -3 -6 -4  1  6 -7 -3 -1   20   0   0   1   1   1   0   4   0   2   1   3   1   0   0   9  52   0   1   4  1.23 0.69
   67 A    1 -1 -1 -2 -5 -2  0 -2 -2 -3  0  1 -4 -1  5  0 -1  2 -3 -2   11   3   2   2   0   1   7   3   1   1  10   8   0   3  31   5   4   3   1   3  0.58 0.36
   68 R    4 -1 -4 -3 -5 -4 -4 -2 -5 -1 -3 -1 -4 -4  4 -1 -3 -2 -3  1   40   3   1   1   0   0   1   3   0   3   2   4   0   1  24   4   1   1   1  10  0.89 0.52
   69 G   -2 -7  3 -3 -8 -6 -4  6 -2 -8 -8 -6  1 -8 -4 -1 -6 -1 -8 -8    3   0  14   1   0   0   1  72   1   0   0   0   3   0   1   4   0   1   0   0  1.94 0.84
   70 T   -1  0  0 -1 -5  3  2 -3  0 -4 -3  0 -1 -4 -3  1  4 -6 -3 -2    4   6   4   4   0  12  17   2   3   0   2   4   1   0   1   9  28   0   1   3  0.55 0.39
   71 L   -2  0 -2 -3 -4 -1 -2 -5 -1  0  1 -2  1 -2 -4  0  4  1 -2  3    2   5   1   1   0   2   2   0   1   5  17   2   3   2   0   5  26   2   1  20  0.48 0.34
   72 A    3 -3 -2 -5 -4 -3 -2 -3 -2  0 -1 -3  1 -3 -5  1  0 -6 -5  4   31   2   1   0   0   1   3   2   1   4   5   1   3   1   0   8   6   0   0  31  0.71 0.46
   73 V   -1  0  1 -4 -4  0  0 -4  0  1 -2  0  0  0 -4  1  2 -4  2  3    3   5   7   0   0   3   7   1   3   6   2   5   2   4   0  10  12   0   9  21  0.29 0.26
   74 L   -1  1 -3 -5 -4  3 -1 -3  0  2  2 -1  3 -2 -5 -2 -2 -5 -4  2    5   8   1   0   0  14   3   2   2  13  20   3   9   2   0   2   2   0   0  14  0.43 0.31
   75 Q    0 -1  0 -2 -1  2 -1 -4  0 -4 -4 -2 -3 -3  6  2 -2 -7 -2 -3    6   3   4   2   1   9   4   1   2   1   2   3   1   1  39  14   2   0   1   2  0.92 0.57
   76 C   -6 -3 -8 -9 11 -8 -9 -8 -9 -7 -7 -8 -7 -8 -3 -7 -3 -8 -8 -7    0   2   0   0  93   0   0   0   0   0   0   0   0   0   2   0   2   0   0   0  4.44 1.57
   77 M   -1 -6 -6 -6  2 -2 -5 -6 -1 -3 -3 -4  0  1  7 -2 -3 -7 -6 -1    4   0   0   0   4   2   0   0   2   2   2   1   2   6  66   3   2   0   0   4  1.96 0.92
   78 D   -1 -1  1  3  0 -2  1 -2  0 -3 -3  0 -1 -1  2  1  0  3  0 -3    5   3   5  18   2   1  11   2   3   1   3   5   1   3  11  12   5   5   3   1  0.33 0.26
   79 E   -2 -1 -3 -2 -6 -2  2 -4  2  0 -3 -1 -5  3  0 -2 -3 -1  6 -1    4   3   1   2   0   2  15   2   5   5   3   4   0  11   5   3   1   1  29   5  0.73 0.47
   80 L   -3 -4 -3 -4 -5 -4 -6 -5 -2  3  3 -4  0  4 -1 -2 -3 -1  0  2    2   1   2   1   0   1   0   1   1  16  29   1   1  21   4   3   1   1   3  12  0.80 0.46
   81 Q   -1  1  2  0  0  2  1 -2  2 -2 -3  0 -1  1  3  0 -1 -1  1 -2    4   8   9   4   2   8   8   3   4   2   2   6   1   6  17   6   3   1   5   2  0.29 0.25
   82 G   -2 -3  0  0 -1 -1 -2  3  1 -2 -1 -2  0  1 -2 -1  0  6  1 -3    2   1   4   6   1   2   2  27   4   2   5   3   2   5   2   5   6  12   5   2  0.50 0.32
   83 I   -1 -2 -2 -2  2 -2 -1 -3  2  2  1 -2  0  4 -2 -2 -1  0  1  1    5   2   2   2   4   2   3   1   6  13  11   2   3  18   2   3   4   2   5   9  0.26 0.18
   84 H   -1  0  1  0 -1  0  1 -1  3 -1 -2  0  0  1  0  1  1  0  1 -1    4   5   6   4   2   4   9   3   9   3   3   4   3   6   5  10   8   1   6   3  0.13 0.12
   85 Y   -2 -2 -1 -1 -1 -1 -1 -3  2  0 -2  1 -3  4  0 -1  0  0  4 -1    3   2   3   3   1   3   4   2   4   5   4   8   0  19   6   4   6   1  17   5  0.40 0.29
   86 D   -1  0  2  3 -5  0  0  0  0 -1 -2  0 -3 -4 -1  1  0 -5 -4  0    3   4  12  22   0   5   6   6   3   4   4   4   0   0   3   9   5   0   0   9  0.31 0.26
   87 S    0  0  1 -1  0  1  0  0  1 -1 -1  0  0 -1  2  1  1 -4  0 -1    6   4   6   3   3   5   4   6   4   3   4   7   3   3   9  11   7   0   3   6  0.09 0.10
   88 S    0  0  0  0  2  1  0 -1  2 -2 -1  0  1  0  1  0  0 -3  1 -1    6   6   5   6   5   5   6   6   5   0   6   6   5   5   6   6   6   0   5   6  0.06 0.09
   89 K    0  0  0  0  1  0  0 -1  1  0 -1  0  1  0  0  0  0 -3  1  0    5   5   5   5   5   5   5   5   5   5   5   5   5   5   5   5   5   0   5   5  0.03 0.05
   90 N   -2  0  3 -1 -3  0  0 -1  1 -1  0  1  1  1 -1  0  0  1  1 -1    1   3  16   2   0   3   5   4   4   3  10  10   4   9   2   8   4   2   4   5  0.12 0.14
   91 A    3 -3 -3 -1 -3 -3 -3  0 -3  0 -1 -3  1  0 -3  0  0 -3  1  2   31   0   0   5   0   0   0   7   0   6   5   0   5   4   0   8   5   0   4  18  0.30 0.23
   92 T    0  0  1  0 -3  1  0 -3  2  0 -1  0 -1  1 -3  0  0  3  1  0    6   6   6   6   0   6   6   0   6   6   6   6   0   6   0   6   6   6   6   6  0.12 0.12
   93 R   -2  1 -2 -2 -3 -1  1 -3 -1  1  0  1  2  2 -3 -2  1  4  2 -1    1  10   0   0   0   0  10   1   0  10  10  10   9   9   0   1  10   9   9   1  0.23 0.13
   94 F   -3  1  2  0 -5  0  0 -1  0  0 -2  0  0  2 -4 -1  1  0  3  1    1   8  12   4   0   4   5   4   2   5   3   6   3   9   0   4   9   1  10  10  0.20 0.20
   95 C   -7 -4 -9-10 11 -4-11-10 -1 -8 -8-10 -8 -9-10 -8 -3-10 -9 -4    0   1   0   0  93   1   0   0   2   0   0   0   0   0   0   0   2   0   0   1  4.51 1.60
   96 H   -3 -2  1  0 -6  0  0  1  3 -5  0 -2  1 -1 -5  0  4  0  1 -4    1   2   6   5   0   5   5   9   8   0  10   2   3   2   0   6  29   2   5   1  0.50 0.39
   97 A    1 -2 -2 -1  1  0  3 -2  0 -1 -2 -1 -5 -3  3  2  0 -7 -3 -2   13   2   1   4   3   3  19   3   2   3   4   3   0   1  14  15   7   0   1   3  0.38 0.32
   98 N   -4 -4  6  4 -8 -1  1 -4 -1 -3 -5 -2 -3 -4 -5 -1  0 -2 -3 -2    1   1  38  25   0   2   8   1   1   1   1   2   1   1   1   4   6   1   1   3  1.19 0.68
   99 G   -3 -8 -3 -7 -8 -7 -8  7  1 -9 -9 -5 -8 -3 -8 -3 -7 -8 -8 -5    2   0   1   0   0   0   0  87   3   0   0   1   0   1   0   2   0   0   0   1  2.59 1.14
  100 T   -4  0 -1 -2 -6  2 -1 -6  0 -3 -4 -2 -1 -4 -6  1  5  6 -3 -2    1   6   3   2   0   9   4   0   2   1   2   2   1   1   0  11  36  14   1   3  1.06 0.65
  101 W   -5 -4 -3 -9 -8 -8 -4 -5 -2 -8 -4 -3 -8 -7 -9  1 -2 11 -1 -8    1   1   2   0   0   0   1   1   1   0   2   2   0   0   0   9   3  73   2   0  3.71 1.57
  102 E    1  1  0  2 -5  2  2 -1  0 -3 -2 -1 -1  1 -2  0  0 -1  0  0   10   7   4  11   0   8  15   4   2   1   4   3   1   7   2   5   5   1   3   6  0.19 0.19
  103 K   -1  2  2 -3 -5 -2  1 -1  0 -2 -3  1  1 -3  2  0  2 -1 -5 -1    4  12  11   1   0   2  10   4   3   2   3   8   3   1  12   6  13   1   0   5  0.34 0.29
  104 Y   -4  1 -1 -3 -1 -2 -3 -3  3 -1 -2  0  0  2 -1 -1 -4  8  5 -3    1   7   3   2   1   2   2   2   6   3   3   7   2   7   3   4   1  23  18   2  1.04 0.56
  105 T    0  1 -1  0 -6 -2  0 -3  0 -3 -6 -2 -1 -7  4  2  4 -7 -6 -2    6   7   3   5   0   1   5   2   2   1   0   2   1   0  20  18  23   0   0   3  0.71 0.54
  106 N   -3 -1  6  3 -2 -2  0 -2  1 -2 -3 -1 -6 -4  1 -2 -3 -1 -2 -3    2   3  36  17   1   1   5   3   4   2   3   3   0   1   9   3   1   1   2   2  0.91 0.57
  107 Y   -3 -1 -1 -2  1 -4 -6 -4  1 -2 -3 -3 -1  2  0  0 -2  2  7 -4    2   3   3   2   3   1   0   2   4   3   3   1   2   7   5   8   3   3  45   1  1.32 0.72
  108 D   -1  0  1  3 -1  0  1 -2  1 -3 -4 -1 -2 -3 -2  2  2 -6  0 -4    4   5   8  15   2   4   9   3   4   2   2   3   1   1   2  18  14   0   3   1  0.40 0.34
  109 A    2  1  0  0 -1  2  1 -2 -1 -1 -1 -1  0 -3  0  0  0  2  0 -1   17   7   5   5   1   8   8   3   2   3   5   4   2   1   4   6   6   3   3   5  0.13 0.15
  110 C   -1 -4 -1 -3 10 -3 -4 -4 -9 -2 -2 -9 -1 -9 -9 -2 -1  1 -2 -2    6   1   4   2  60   1   2   2   0   3   4   0   2   0   0   3   4   2   2   3  2.50 1.12
  111 A   -1 -1  0  0  4  1  0 -1  1  0 -1 -1  0  1 -1  1  0  0  0  0    5   3   5   4   8   6   5   5   3   6   7   4   2   5   2  11   6   2   3   7  0.09 0.08
  112 H   -1 -1  2  0  2  1  1 -2  3 -1 -2  0  0  1  0 -1  0  2  2 -2    5   3   9   6   4   5   8   4   6   3   4   6   3   5   5   5   5   3   7   3  0.14 0.13
  113 L   -1 -1  0  1  1  0  0 -1  1  0  0 -1  1  1 -1  0  0  2  1  0    4   4   6   8   3   4   5   4   3   6  11   4   4   5   4   5   5   4   5   7  0.04 0.04
  114 P   -1 -2  1  1 -3 -1  1 -2  0 -1 -1 -1 -1  0  2  1  1 -2  1 -1    4   2   8   8   1   3   9   3   2   4   7   4   1   4  12  10   9   1   5   4  0.17 0.14
  115 A    1 -2  2  1  1  0  1  0  0 -2 -1  0 -1 -3 -1  0  2 -1 -1 -1   11   2  10   8   3   3   8   7   2   2   5   5   1   1   2   8  12   1   3   5  0.14 0.13
  116 P   -1 -2  1  0  1 -1  1 -2  1  0 -1 -1 -1 -1  3  0  0 -2 -1 -1    5   2   8   5   3   3  10   4   4   6   6   4   2   2  15   8   6   1   2   5  0.18 0.14
  117 E   -2 -1  2  2 -1  2  4 -2  0 -2 -3  0 -1 -3 -2 -1  0 -3 -3 -1    3   3  10  11   1   8  25   4   2   3   2   6   2   1   2   5   6   0   1   4  0.42 0.31
  118 S   -2 -1  1  2 -1  0  1 -1  0 -2 -1  1 -1 -2  0  2  1 -2  0 -1    3   3   7  11   2   4   8   4   2   2   6   8   2   1   4  16   8   1   4   5  0.16 0.16
  119 V   -1 -1  0 -1  0 -1  0 -1 -1  2  1  0  1 -1 -2  1  1 -2 -2  1    3   3   5   3   3   2   5   4   1  13  14   5   3   2   1   9  11   1   1  10  0.11 0.11
  120 P   -1 -1  0  0  1  1  0 -3 -1 -1 -1  0  0 -4  4  0  1 -1 -1 -1    5   3   4   5   3   5   7   2   2   4   5   6   2   1  25   6   7   1   3   4  0.38 0.27
  121 E   -1 -1  0  3 -1  1  3  0  1 -1 -3  1 -1  0  1  0 -1  0 -2 -2    4   3   3  15   1   6  21   6   3   4   3   7   1   4   6   7   3   1   1   2  0.28 0.22
  122 F   -1  0 -1  0 -1  0  1 -3  1  1  0  0  1  3 -3 -1  0 -1  2 -1    4   5   2   5   1   4  12   2   4   7   9   6   3  12   1   3   5   1   8   4  0.15 0.13
  123 E   -1  0  1  1  0  2  4 -1  1 -4 -3  1 -2 -2 -1  0 -2 -3 -1 -3    4   5   6   7   2   7  29   4   4   1   3   9   1   2   3   8   2   0   3   1  0.44 0.31
  124 V   -1 -1  0 -1 -4 -1 -1 -3  0  2  0  0  1  0 -1  0  0  2  0  2    4   3   4   4   0   2   4   1   2  11   8   6   3   4   3   8   4   4   3  21  0.13 0.14
  125 I   -1 -2 -1 -3  2  0 -2 -2  2  2  1 -1  0  1 -3 -1  0  0  2  1    4   1   3   1   6   5   2   3   7  16  13   4   2   7   1   4   6   1   8   8  0.19 0.16
  126 V    0 -1 -1 -1 -1 -1 -1 -3  1  1  1  0  1  1 -1 -1 -1  0  0  2    6   3   3   3   1   2   2   1   4   8  16   6   5   6   2   5   3   1   4  18  0.11 0.12
  127 E   -1  2  1  0 -4  1  2 -2  1 -2 -2  1 -1 -2  1  0  0 -4  1 -2    3  11   7   6   0   6  17   3   4   2   3   9   2   1   7   8   5   0   6   2  0.25 0.19
  128 L   -1 -1  0 -1  0 -1 -1 -2 -1  2  2 -2  1  0 -3 -1  0  2  0  1    4   4   6   3   3   2   3   2   1  13  25   2   4   3   1   5   6   4   4   8  0.15 0.13
  129 P    1 -1 -1 -2 -1  0  0 -2 -1  0  1  0  0  0  2  0  0 -3 -1  1   11   3   2   1   1   3   8   3   1   6  13   4   3   4  12   5   5   0   1  12  0.11 0.08
  130 T    0  1  1  0 -1  0 -1  0  0 -1 -1  1  0 -2 -2  1  2 -2 -1  0    7   7   6   5   1   4   2   6   2   3   4   9   2   1   1  13  17   1   2   9  0.14 0.13
  131 I   -1 -2 -1 -3 -2  0 -2 -3 -3  3  1 -1  2  0 -4 -1  0 -1  1  2    3   2   3   1   1   4   1   2   0  25  13   3   6   3   0   5   6   1   6  17  0.28 0.21
  132 I   -2 -2 -2 -4 -3 -3 -1 -4 -2  4  1 -1  2  0 -2 -2 -1 -4  0  2    2   2   2   0   0   0   4   1   1  37  14   5   5   3   2   3   3   0   4  11  0.48 0.29
  133 Y   -2 -1  0 -4 -2 -3 -2 -3  0  1  0 -3 -1  2 -4  1  1 -1  6 -2    2   3   6   0   1   0   3   2   2  10   9   1   1   7   0   9  10   1  31   2  0.57 0.34
  134 Y   -2  0  1 -2 -1 -1 -2 -3  2  1  0 -1  0  2 -4 -1  1  1  4  0    2   4   6   2   1   2   2   2   5  10   6   3   2  11   0   4  12   2  18   7  0.26 0.20
  135 I   -1 -2 -3 -3  0  0  0 -2 -3  3  0 -2  1 -1 -3 -1  0 -1 -1  3    5   1   0   0   2   5   5   2   0  25   8   1   4   3   0   4   7   1   2  24  0.30 0.21
  136 G   -1 -4 -3 -1  1 -4 -4  6 -4 -3 -2 -4 -4  0  0 -1 -1 -5 -4 -2    3   0   0   4   4   0   0  64   0   2   4   0   0   5   4   3   3   0   0   2  1.08 0.43
  137 Y   -2 -2  0 -4  4 -2 -3 -2  1  1  0 -2 -1  3 -4  0 -2  1  5 -1    1   1   5   0  10   1   1   2   4   8   9   1   1  15   0  10   1   2  23   2  0.47 0.27
  138 T    1 -3  1 -2  1 -2 -2  2 -3  1 -2 -2 -1 -1 -3  2  1  0 -1 -1   12   0   7   0   3   0   0  19   0  10   2   2   2   2   0  20  11   2   2   4  0.27 0.20
  139 L   -1 -3  0 -3  1 -2 -3 -1 -3  2  2 -2  1  0  1 -1  0 -3 -2  2    4   0   5   0   5   0   1   5   0  14  23   1   3   4   7   5   6   0   0  17  0.18 0.11
  140 S    0 -2  1 -2 -3  2  0  0 -2 -3 -1 -2 -2 -3 -2  4  1 -4 -3 -3    7   0   6   0   0  10   6   6   0   0   7   1   0   0   0  47   7   0   0   1  0.55 0.27
  141 L    0  0  1 -2  2  1 -2 -3 -2  0  0 -1  2  1 -3  0  1  4 -1  0    8   8   7   0   7   7   0   1   0   8   8   0   7   7   0   8   8   7   0   8  0.15 0.15
  142 V    0 -1 -3 -4  2 -3 -3 -2  1  2  1 -3  1  0 -3 -1  0 -4 -2  3   10   4   0   0   6   0   0   2   5  18  15   0   4   3   0   5   4   0   0  23  0.28 0.18
  143 S    3 -3 -2 -2  3 -1 -2  0  0 -1 -1 -2 -1  1 -3  2  1 -4 -2 -1   28   0   0   1  10   2   0   8   3   2   6   0   2   6   0  21  10   0   0   2  0.36 0.25
  144 L   -2 -4 -4 -5 -1 -2 -2 -4 -4  0  5 -2  2 -1 -4 -3 -2 -4 -3 -1    2   0   0   0   1   2   2   1   0   3  75   2   3   1   0   2   2   0   0   3  0.96 0.42
  145 S    0 -3 -3 -3  0 -2 -3 -2 -3  2  2 -1  1  0 -1  1  1 -3 -1  1    9   0   0   0   2   0   0   3   0  14  21   3   3   4   2  15   9   0   2  12  0.20 0.16
  146 L   -1 -4 -4 -4  1 -3 -4 -2 -4  3  3 -3  2  1 -1 -1  1 -4 -2  2    4   0   0   0   4   0   0   3   0  19  30   0   6   6   3   3  10   0   0  13  0.38 0.22
  147 A    4  1 -1 -4  2 -2 -3 -1 -3 -1 -1 -2  0 -4 -3  1  2 -5 -4 -1   42   8   2   0   4   0   0   4   0   3   6   0   2   0   0  10  16   0   0   2  0.51 0.33
  148 L   -1 -3 -1 -4  1 -1 -3 -1 -3  2  2 -3  1  2 -4  0  0  1 -2  1    3   0   3   0   4   3   0   5   0  14  27   0   4  11   0   8   5   3   0  12  0.27 0.20
  149 I    0 -2 -1 -3  1 -2 -1 -1 -3  1  1  0  2  0 -3  0  0  2  0  1    6   0   3   0   4   0   3   4   0  12  15   7   8   5   0   8   6   3   3  12  0.12 0.13
  150 V    0  0 -2  0  2 -2 -2 -3  2  0  0 -2  2  1  1  0  0 -3  1  0    7   7   0   7   7   0   0   0   7   7   7   0   7   7   7   7   7   0   7   7  0.13 0.15
  151 F   -1 -6 -6 -6  2 -5 -1 -7  3  0  2 -6  3  6 -7 -1 -1 -4  2 -1    4   0   0   0   4   0   4   0   6   5  16   0   7  35   0   4   4   0   5   4  0.95 0.46
  152 A   -1  0  0 -3  2  0  0 -1  2  0 -1  0  1  0  0  0  0  3  1  0    5   5   5   0   5   5   5   5   5   5   5   5   5   5   5   5   5   5   5   5  0.08 0.12
  153 Y    0 -1 -1 -4  2 -1 -3 -2  1  1  0 -2  1  2 -3  0  0  1  2  1    7   3   2   0   7   2   0   3   5   8  10   2   3  11   0   8   5   2   9  13  0.16 0.17
  154 F   -1  0 -1 -1  2 -1 -3 -2 -3  0  1 -1  1  3 -1 -1 -2  2  1  1    4   5   3   3   7   3   0   3   0   5  16   4   3  18   3   3   0   3   3  13  0.18 0.19
  155 K    0  0  1  0  2  1  0  0  2 -1 -1  0 -2 -3  1  0  0  3 -2 -2    6   6   6   6   6   6   6   6   6   6   6   6   0   0   6   6   6   6   0   0  0.13 0.13
  156 E   -1  0  0  0  0  1  0 -1  1  0  1  0 -1  0 -1  1  0 -3  0  0    4   4   4   6   3   6   7   4   4   4  19   6   0   5   3  11   3   0   4   5  0.04 0.09
  157 L    0  0  0  0  2  1 -2 -3  2  0  0  0  1  1  1  0  0 -3  1  0    6   6   6   6   6   6   0   0   6   6   6   6   6   6   6   6   6   0   6   6  0.07 0.11
  158 R   -2  4  1 -1 -4  1 -1 -2  3 -1 -3  2 -1 -4 -1  1 -1  4 -1 -2    2  24   7   2   0   6   2   3   7   3   2  10   2   0   2  10   4   6   2   3  0.42 0.33
  159 C   -1 -1  0 -1  7 -1 -1 -2 -4  0 -1 -2  0 -4 -4  2  1 -5 -1 -2    5   4   4   4  29   2   3   3   0   5   6   2   2   0   0  17   7   0   2   3  0.59 0.42
  160 L   -1  0  0  1 -3  1  1 -1 -1 -1  0 -1  1 -1  1  0  1 -2 -1 -1    3   6   4   9   0   7  10   5   1   4  13   1   4   2   8   6  11   0   2   2  0.12 0.12
  161 R   -3  7 -2 -1 -6 -1 -3 -5 -2 -5 -3  0  0  0 -2 -1 -1 -5 -1 -2    1  66   2   3   0   1   0   0   1   0   2   3   3   4   2   4   3   0   2   2  1.33 0.60
  162 N   -2 -1  4 -1 -4 -2 -2 -1  1  1 -2  0 -1 -2  1  1  1 -5 -2  0    1   2  29   2   0   1   0   3   4   9   3   4   1   2   7  10  11   0   1   9  0.39 0.28
  163 T   -1  1  0 -2  0  1 -1 -1  0  1 -1  0  0 -1 -3  1  2 -3  1  0    2   6   3   1   2   8   3   3   2  10   6   6   2   3   0  15  16   0   6   7  0.13 0.14
  164 I   -3 -4 -4 -4 -1 -3 -1 -5 -4  5  2 -4  1  1 -4 -1 -2 -4 -3  1    1   0   0   0   1   0   5   1   0  50  17   1   3   5   0   4   2   0   0   9  0.81 0.38
  165 H   -4 -2 -1  0 -6  0 -3 -5  9  0  0 -1 -4 -4 -5 -4  0 -5  1 -4    0   2   2   4   0   4   0   0  61   6   8   3   0   0   0   0   5   0   3   0  1.79 0.72
  166 A    1  0 -2 -3 -1  1 -2 -3 -1  1  1  2  2 -2 -3 -1  0  0 -3  0   15   5   0   0   1   6   1   1   1  11  14  17   8   1   0   4   7   2   0   7  0.20 0.18
  167 N   -3 -3  6 -1  0  1 -2 -2  4 -1 -1 -2 -1 -4  0  0  0 -5 -3 -4    0   0  50   1   2   5   1   1  12   3   7   0   1   0   5   5   4   0   0   0  0.90 0.44
  168 L   -3 -4 -4 -5 -4 -1 -4 -5  0  2  5 -1  1  2 -4 -4 -2 -4 -2  0    0   0   0   0   0   4   0   0   2   9  66   4   2   7   0   0   2   0   0   2  0.86 0.40
  169 F   -1 -3 -3 -1  3 -1 -3 -2  1  1  0 -3  1  5 -4 -1 -1  2  0  0    3   0   0   5   9   2   0   2   4   7   9   0   5  31   0   6   2   4   2   7  0.40 0.25
  170 F    0 -3 -1 -3  2 -2 -3 -2  1  2  1 -3  1  3 -3 -1  0  2 -1  1    7   0   4   0   6   0   0   3   4  13  19   0   3  16   0   5   4   3   0  11  0.19 0.15
  171 T    2  0  1  0  3  0 -2 -2 -2 -2  0 -2  0 -3 -2  3  1 -4 -3  0   19   4   6   4   7   3   0   1   0   0   8   0   3   0   0  24  11   0   0   6  0.28 0.21
  172 Y    0 -1 -1 -3  0 -1 -3 -3  2  0  2 -2  1  3 -3  0 -1 -2  2  0    6   3   3   0   2   3   0   0   7   6  22   0   3  21   0  10   3   0   8   4  0.26 0.18
  173 I    0 -2 -4 -4 -3 -3 -2 -2 -4  3  2 -3  2  1 -1 -1 -1 -4 -2  2    8   2   0   0   0   0   2   3   0  27  24   0   6   7   3   4   4   0   0  11  0.40 0.25
  174 M    0  0 -1 -4  2 -3 -4  0 -4  1  2  0  2  1  0 -1 -1 -4 -3  0    8   6   4   0   5   0   0   7   0   8  25   5   6   7   4   4   4   0   0   7  0.21 0.19
  175 S    1  1  1  0  0  0 -1 -1  1 -1 -1 -1  0 -1 -3  1  0  4  0  1   14   8   6   6   3   5   3   4   3   3   4   3   3   3   0  10   4   6   3  10  0.11 0.13
  176 A    2 -1  1  0  1  1  0 -1  0 -1  0 -1  0 -1  0  0 -1 -4 -1  0   23   2   8   5   3   8   6   5   2   3   8   2   2   2   4   7   3   0   3   5  0.14 0.17
  177 L   -1 -2 -2 -2  0 -2 -2  0 -4  2  3 -4  1  1 -4 -2 -1  0 -3  1    5   2   2   3   3   2   2   6   0  15  32   0   3   7   0   3   4   2   0   9  0.36 0.25
  178 F    0 -1 -1 -2  0 -1 -2 -1 -3  1  1 -2  1  3 -3  0  1  1 -1  1    8   4   3   2   3   3   2   5   0  10  14   2   4  14   1   5   9   2   2  10  0.13 0.13
  179 W   -2  0 -1 -3 -2 -1 -2 -1 -1  0  0 -2  0  2 -4 -1 -1  8  1  0    3   7   4   2   1   3   3   4   1   6   9   2   2  10   1   4   3  24   4   8  0.67 0.35
  180 I   -1  0 -1  0  1 -1 -3 -4 -3  2  1  0  2  1 -1 -1  0 -4  0  2    4   5   3   6   3   3   0   0   0  17  12   6   7   5   3   4   4   0   3  13  0.19 0.18
  181 L    0  0 -2  0  2  0  0 -1  1  0 -1  0  1  0  0  0  0  3  1  0    5   5   0   5   5   5   5   5   5   5   5   5   5   5   5   5   5   5   5   5  0.06 0.10
  182 L   -1  0  0  0  2  0  0 -1  2  0 -1  0  2  0  0 -1  0  3  1 -1    5   5   5   5   5   5   5   5   5   5   5   5   5   5   5   5   5   5   5   5  0.09 0.08
  183 L   -1 -1 -1  0  0  0 -1 -1  0  0  1  0  2  1 -1 -1 -1 -3  2  0    5   3   3   6   3   3   3   4   3   4  19   5   6   8   3   4   4   0   8   5  0.07 0.10
  184 S    0  0  0  0  1  0  0 -1  1  0 -1  0  1  0  0  0  0 -3  1  0    5   5   5   5   5   5   5   5   5   5   5   5   5   5   5   5   5   0   5   5  0.03 0.05
  185 V    0 -1 -1  0  0  0 -1 -1  0  1  0 -1  1  0 -1  1  0  1 -1  1    6   2   3   5   2   4   4   5   2  10   9   4   4   4   3   9   6   2   3  13  0.05 0.05
  186 Q   -2  0  0  1  1  3  1 -1  1 -1 -1 -1  1  0  0 -1 -1  3  0 -1    4   5   5   8   3  14   9   6   3   4   5   3   3   3   4   5   4   4   3   4  0.17 0.17
  187 I   -1  0  0  0  2  0  0 -1  2  0 -1  0  2  0  0 -1  0  3  1 -1    5   5   5   5   5   5   5   5   5   5   5   5   5   5   5   5   5   5   5   5  0.09 0.08
  188 S    0  0  0  0  1  0  0 -1  1 -1 -1 -1  0 -1 -1  2  1  2  0 -1    9   5   4   6   3   4   7   4   4   3   5   4   3   3   3  15   9   3   3   4  0.10 0.12
  189 I   -1 -1  0  0  1  0 -1 -2  1  2  0 -1  0  1  0 -1  0  1  1  1    5   3   5   5   4   4   3   3   3  11  11   4   3   5   5   4   6   2   5   9  0.06 0.05
  190 R   -2  2  0  0  0  1  1 -2  3 -1 -2  1 -1 -1 -1  0  0  1  1 -2    4  10   5   5   2   7  10   3   7   3   4   9   2   3   4   6   6   2   4   4  0.18 0.16
  191 S    0 -1  2  0  2  0  1 -2  2 -2 -3 -1  0 -1  0  2  0 -7 -1 -2    7   4  10   6   5   5   9   3   4   2   3   4   2   2   5  18   6   0   2   2  0.25 0.23
  192 G   -1 -1  2  1  0  0  0  2  2 -1 -2 -1  0 -1 -1  0 -1  2  0  0    5   3  11   8   3   3   5  14   4   3   4   4   3   3   3   8   4   3   4   6  0.14 0.12
  193 V   -1  0  0  0  2  0  0 -1  2  0 -1  0  2  0  0 -1  0  3  1 -1    5   5   5   5   5   5   5   5   5   5   5   5   5   5   5   5   5   5   5   5  0.09 0.08
  194 G    0 -1  0 -1  1  0 -2  2  0  0 -1  0 -1  0  0  0 -1  3 -1  0    9   2   5   3   4   5   2  18   3   5   4   5   2   5   4   5   4   5   2   9  0.12 0.11
  195 S    1  0  0 -1  2  0 -1  0  1 -1 -1 -1 -1 -2 -1  2  1  3 -1 -1   10   6   3   4   5   4   2   6   4   4   7   3   2   1   3  18   7   5   2   3  0.13 0.15
  196 C   -2 -3 -2 -1 10 -4 -4 -7 -7 -2 -4 -2 -2 -7 -3 -4 -3  2 -2 -3    3   1   2   4  69   1   1   0   0   2   2   3   1   0   2   1   1   2   1   2  2.71 1.13
  197 I   -1  2 -2 -3  3  0 -1 -3 -2  2  0  3 -1 -2 -1 -1 -1  1  0  0    3  11   1   1   7   3   4   1   1  12   9  22   1   1   3   4   2   2   3   8  0.27 0.24
  198 A    3 -4 -1 -2 -1 -1 -1 -3 -4  2  1 -1  0 -1 -1  0  0 -5 -2  1   25   0   3   2   1   2   4   2   0  10  14   4   3   3   3   7   5   0   1  12  0.26 0.25
  199 L    0 -3 -4 -5 -1 -1 -4 -3  0  2  3 -3  2  2 -2 -1  0  1 -1  2    9   1   0   0   1   2   0   1   2  11  26   1   4   7   2   5   5   2   2  17  0.37 0.27
  200 I    1 -3 -2 -2  1  0 -2 -3  3  1  0 -2  1  1 -2 -1  1  1  2  1   14   0   2   2   3   4   2   2   7   9   9   2   4   6   1   3  10   2   7  11  0.18 0.19
  201 T    1 -2 -1 -4  0 -1 -3 -1  0  1 -1 -2  0  1 -2  0  2  1 -1  2   12   2   3   0   2   2   0   5   2   8   4   2   2   8   2   6  15   2   2  20  0.20 0.21
  202 L    0  0 -4 -5  1 -1 -4 -2 -4  1  3 -4  2  2 -1 -1 -1  2 -3  1    7   6   0   0   4   4   0   4   0   7  28   0   5  11   4   4   4   3   0   9  0.36 0.26
  203 F    0  0  0 -3  2  0  0 -1  2  0 -1  0  1  0  0  0  0  3  1  0    5   5   5   0   5   5   5   5   5   5   5   5   5   5   5   5   5   5   5   5  0.07 0.10
  204 H   -4 -1  2 -4 -2  3  0 -5  8 -3 -3 -1  0 -3 -4 -2 -3  1  2 -5    1   3  11   0   1  15   6   0  43   2   3   3   3   0   0   2   1   2   6   0  1.33 0.61
  205 F   -5 -2 -6 -7 -4 -4 -6 -7 -2 -3  0 -2 -1  4 -7 -5 -4  0  8 -4    1   3   0   0   0   1   0   0   0   1   8   3   1  16   0   0   1   1  64   1  2.09 0.79
  206 F   -1 -5 -5 -6  3 -5 -5 -1 -3 -2  1 -5 -1  6 -5  0  0  2  0 -2    5   0   0   0   8   0   0   4   1   1  13   0   1  45   0   9   5   3   2   2  0.99 0.48
  207 T   -1  0 -2 -4 -2 -1 -1 -3  0  1  1  0  1  3 -3  0  0  2  2  1    4   5   1   0   0   3   4   1   2  10  12   6   4  16   0   6   6   3   8  10  0.19 0.16
  208 L   -1 -5 -4 -5 -1 -3 -4 -1 -5  0  4 -4  5 -2 -5 -1  0 -5 -4  1    5   0   1   0   1   0   1   5   0   3  46   0  16   1   0   5   6   0   0  11  0.77 0.42
  209 T    5 -5 -4 -2  2 -4 -3 -2 -5 -4 -3 -4 -4 -5 -4  2  3 -6 -5  0   49   0   0   3   5   0   1   2   0   0   2   0   0   0   0  12  19   0   0   8  0.97 0.53
  210 N    0 -4  5 -3  1 -2 -3 -1 -3 -3 -3 -2  1 -5 -4  3  1  2 -5 -1    9   0  38   0   3   1   1   3   0   1   2   2   3   0   1  24   7   3   0   4  0.87 0.50
  211 F   -4 -5 -2 -6 -2 -4 -5 -6  0  0 -1 -5 -1  7 -6 -4 -2  2  5 -2    1   0   2   0   1   1   0   0   2   6   4   0   1  51   0   1   2   3  21   2  1.56 0.62
  212 F    0 -4 -2 -4  4 -2 -4 -2 -2 -1 -1 -4  4  5 -4  1  1 -2  1 -1    7   0   2   0  11   2   0   2   1   2   3   0  12  26   0  14   9   0   5   3  0.63 0.37
  213 W   -4 -6 -7 -7 -1 -6 -3 -6 -6 -6 -2 -2 -5 -4 -7 -6 -6 11 -3 -6    2   0   0   0   1   0   2   0   0   0   5   3   0   0   0   0   0  83   0   0  4.09 1.23
  214 M   -3 -1 -4 -4 -5 -3 -5 -6 -5  1  2 -5  9 -2 -6 -5 -1 -5 -5  0    1   3   1   1   0   1   0   0   0   7  15   0  61   1   0   0   3   0   0   5  1.96 0.82
  215 L   -1 -5 -5 -2  0 -5 -5 -3 -5 -2  5 -5  1  5 -5 -3 -3 -4 -1 -2    5   0   0   2   2   0   0   2   0   0  55   0   3  23   0   2   2   0   1   2  1.11 0.53
  216 V    0 -5 -2 -6  3 -3 -5 -3 -5  2  1 -5  2 -1 -5 -3  0 -5 -4  5    7   0   2   0   7   1   0   2   0  12  15   0   5   2   0   1   4   0   0  42  0.80 0.42
  217 E   -3 -4 -2 -2 -1 -1  7 -4 -4 -2 -4 -2 -5 -6 -5 -3 -5 -6 -6 -5    1   0   2   1   2   1  82   1   0   3   2   2   0   0   0   1   0   0   0   0  2.11 0.91
  218 G    2 -5 -1 -5 -6 -5 -5  6 -5 -6 -6 -5 -6 -6 -5 -1 -5 -6 -6 -6   17   0   2   0   0   0   0  72   0   0   0   0   0   0   0   5   0   0   0   0  1.90 0.79
  219 L   -3 -5 -6 -6  1 -5 -6 -5 -2  3  4 -5  1  1 -6 -5 -1  4 -1  1    2   0   0   0   4   0   0   1   1  17  44   0   3   6   0   0   3   5   1  11  0.91 0.45
  220 Y   -5 -3 -1 -3 -3  1 -4 -6  5 -3  0 -5 -2  2 -4 -4 -5  1  7 -3    0   1   3   1   1   6   1   0  15   1  11   0   1   8   1   1   0   2  44   2  1.45 0.72
  221 L   -3 -6 -6 -7 -2 -1 -6 -7 -1  1  5 -6  1 -1 -6 -2 -2 -6 -2 -2    2   0   0   0   1   3   0   0   2   5  71   0   4   2   0   4   2   0   1   1  1.40 0.71
  222 Y   -6 -4  0 -6 -2 -2 -6 -7  7 -4 -1 -6 -2  3 -7 -2 -2  4  6 -3    0   1   4   0   1   2   0   0  30   1   6   0   1  13   0   3   3   5  30   1  1.65 0.80
  223 M   -1  2  1 -4  0 -2 -4 -4 -1  0  1 -1  3 -1 -2  2  2 -5 -2  0    3  11   6   0   2   1   0   0   2   6  16   3  10   3   2  16  12   0   1   5  0.31 0.29
  224 L    0  0 -3 -4 -3 -2 -4 -4 -3  1  4  0  3  0 -3 -2 -1 -5 -3  0    7   6   1   1   1   2   1   1   1   6  45   6   8   3   1   3   3   0   1   4  0.57 0.40
  225 V   -2 -6 -6 -3 -2 -3 -6 -5 -6  3  3 -6  0 -1 -6 -2  0 -6 -2  4    2   0   0   1   1   1   0   1   0  19  28   0   2   2   0   3   5   0   2  31  0.89 0.52
  226 V    0 -3 -3 -5  0 -3 -3 -4 -2  2  0 -4  0  1 -5  0  1 -5 -1  4    7   1   1   0   2   1   1   1   1   9  10   1   2   6   0   6   8   0   2  39  0.58 0.40
  227 K    1  2  0 -2 -4  0 -1 -1  1 -1  0  1  0  1 -2  0 -1  1 -1  1   10  11   5   1   0   5   3   4   5   4   8  11   2   6   2   6   3   2   1  11  0.10 0.13
  228 T    2 -1 -1 -3 -2 -2 -2 -2 -1  0 -2 -2 -1 -2 -2  1  3 -5 -1  3   16   3   3   1   1   1   2   3   2   4   2   2   2   1   1  12  17   0   2  25  0.38 0.32
  229 F   -1  0  1 -2  2 -7 -2 -2 -6  0 -1 -7  2  6 -1 -1 -1  2  1  0    5   4   6   3   4   0   3   4   0   5   6   0   4  30   3   5   3   3   5   7  0.68 0.37
  230 S   -2  0  1  0  1 -1 -2 -1  1 -1 -1  0  2  2 -1  1  0  3  1 -2    3   6   6   4   3   3   3   5   3   4   6   6   5   8   4  12   7   4   6   3  0.13 0.12
  231 G    0  0  2 -2 -1 -1 -1  0  1  0 -3 -1 -1 -2  1  3  1 -7 -2 -2    9   5   8   2   1   2   4   8   3   5   3   4   1   2   6  20  10   0   2   3  0.24 0.23
  232 D   -3  1  0  2 -2  1  4 -1  1 -3 -5  0 -2 -3  0  0 -1  1  0 -3    2   6   4  12   1   5  26   5   3   2   1   7   1   1   5   8   4   2   4   2  0.48 0.37
  233 N   -3  3  2  1  0 -1  0  0  0 -2 -3  2  0 -3 -2  1 -1 -1 -1 -3    2  15  11   7   2   3   7   7   3   3   3  13   2   1   2   9   4   1   2   2  0.31 0.24
  234 L   -1  1 -1 -2  0 -1 -1 -1  0  1  0  1  1  1  1  1  0 -5 -2  0    5   9   3   2   2   3   3   5   2  10   8   8   3   6   6  11   6   0   2   6  0.09 0.09
  235 R   -2  4  0 -3  0 -1 -4 -3  3 -2 -1  2  0 -1  1  0 -1 -1  2 -2    3  24   4   1   2   3   0   2   8   2   6  12   2   2   7   8   3   1   6   3  0.47 0.36
  236 F   -4 -2 -6 -4  0 -3 -6 -7  0  2  2  0  4  4 -6 -4 -1  1  2  0    1   3   0   1   2   1   0   0   2   9  21   6  12  20   0   1   3   2   8   7  0.74 0.45
  237 N   -2  3 -2 -3 -2 -1 -4 -3  0  0 -1  3  0 -1 -1 -1 -1  6  0 -2    3  16   2   2   1   3   1   2   2   6   7  22   2   2   3   4   5  12   3   2  0.56 0.37
  238 I   -1 -1 -4 -6  1 -3 -3 -2 -1  2  2 -1  3  2 -3 -4 -3  6  3  0    5   3   0   0   3   1   1   4   2  11  19   3   7   7   2   1   1  13   9   7  0.59 0.34
  239 Y   -3 -4 -2 -5  3 -4 -4 -3 -2 -1 -1  0  1  3 -5 -2 -2  3  6 -2    2   0   1   0   7   0   0   2   0   3   6   6   4  15   0   3   2   4  43   2  1.03 0.45
  240 A    0  0 -1 -4  1 -2 -3 -1  0  1  0 -1  0  1 -2 -1 -1  1  4  0    9   5   4   0   4   0   0   5   2  11  11   2   2   7   2   3   4   2  20   8  0.19 0.16
  241 S    1 -1 -3 -3  2 -2 -3 -1 -3  1  1 -2  0  0  1  1  1 -3  1  1   12   3   0   0   6   0   0   4   0   9  17   0   2   4   8  10   8   0   5  12  0.16 0.13
  242 I   -1 -3 -3 -4  1 -2 -3 -1  1  2  2 -3  3  1 -3 -2  0  3  1  1    6   0   0   0   5   0   0   4   4  18  23   0  10   8   0   0   5   5   4   6  0.26 0.13
  243 G    1 -1 -1 -2  3 -1 -2  1 -1 -1  0  1 -1 -1 -2  1  1 -2  2 -1   12   1   0   1  11   0   1  12   0   1  12  12   0   0   1  12  12   0  11   1  0.14 0.08
  244 W   -1 -2 -3 -4 -3 -2 -3 -3 -1  0 -2 -1 -2  2 -3 -1  0  8  4  0    6   0   0   0   0   0   0   1   0   5   1   5   0  11   0   6   5  31  21   6  0.88 0.22
  245 G    0 -2 -2 -2  2 -1  0  0 -2  1  0 -2  2  1  1  0  1 -3 -2  0    8   0   0   0   8   0   8   8   0   8   8   0   8   8   8   8   8   0   0   8  0.11 0.10
  246 G    0 -2  0 -2  2 -1  0  0  2  0  0  0  1  1 -2  0  0 -2  1  0    6   0   6   0   6   0   6   6   6   6   6   6   6   6   0   6   6   0   6   6  0.02 0.11
  247 P   -1 -3 -4 -4 -5  0 -3 -4  1 -4 -1 -1 -3 -4  7 -1 -3 -5  0 -1    4   0   0   0   0   4   0   1   4   0   7   4   0   0  62   4   0   0   4   4  1.58 0.54
  248 A    1 -2 -1 -3  2 -2 -2  0 -2  0  1  0  1  0 -1  0  0  1  0  1   15   0   2   0   5   0   0   7   0   5  14   8   3   5   2   7   7   3   3  12  0.08 0.09
  249 L    0 -3 -3 -2  0 -3 -3 -1 -3  1  2 -3  1  1  0 -1 -1  1  0  1    7   0   0   3   2   0   0   5   0  10  29   0   3   8   5   3   4   2   4  14  0.22 0.15
  250 F   -2 -1 -2 -4  2 -3 -3 -2  0  2  0 -2  0  5  1 -2 -1  1  0  0    2   3   2   0   5   0   1   3   2  14   8   2   2  30   7   3   5   2   2   6  0.38 0.24
  251 V   -1 -1 -2 -4  1 -3 -3 -4 -4  3  0 -1  1  0 -2 -1  1 -4 -3  4    4   4   2   0   4   0   0   0   0  17   8   3   2   4   2   4   9   0   0  36  0.42 0.27
  252 V    0 -3  0 -3  1 -3 -2 -1 -1  3  1 -3  1  0 -1 -1  0  1 -2  2    7   0   4   0   3   0   2   5   2  24  14   0   3   5   3   4   7   2   0  14  0.20 0.16
  253 T    1 -2  0 -3 -1 -2 -2  0  0  2 -1 -1  0  0  2 -1  1 -3 -1  1   13   1   4   1   1   0   1   6   3  19   4   2   1   4  11   3  11   0   2  12  0.19 0.16
  254 W   -1 -1  1 -3 -3 -2 -3 -1  1  0  0 -3  1  1 -1  0  0  7  2  0    5   4   7   0   0   0   1   5   4   5   8   0   4   6   4   8   4  22   8   5  0.51 0.28
  255 A    2 -1  0 -3  1 -2 -2  0 -2  0  0 -2  1  0  0  1  0 -3  0  0   21   4   5   0   4   0   0   8   0   6  10   0   4   4   5  13   7   0   4   5  0.13 0.15
  256 V    1 -1 -3 -4  0 -1 -3 -1 -3  2  0 -1  1  0 -1  0  0  1  1  2   13   3   0   0   2   2   0   4   0  18   7   2   3   4   2   5   4   2   6  20  0.18 0.17
  257 A    2 -2 -1 -2  2 -2 -3 -1 -1  1  0 -2  0 -1 -2  1  0  0  0  2   21   2   2   2   4   0   0   5   2   9   7   2   2   2   2  10   6   1   4  17  0.16 0.18
  258 K   -1  3  0 -1 -1 -1 -1 -2  1 -1 -2  2  1  0  0 -1  0 -3  0 -1    6  23   5   4   1   2   3   3   3   3   3  15   5   5   4   3   5   0   4   4  0.25 0.21
  259 S    1 -1  0 -1  0 -1  0  0  0  0 -1 -1  0 -1  1  1  1  0  0  0   15   2   6   4   2   2   5   6   3   5   4   2   3   2   6  13   7   1   4   8  0.08 0.09
  260 L   -1 -1 -1 -1  0  0 -2 -2  1  1  2 -1  1  1 -1 -1 -1  0  1  0    6   3   3   3   3   5   2   3   3   8  26   4   4   6   2   3   3   1   5   6  0.13 0.11
  261 T    0  0 -1  0 -1  0 -1 -1  0 -1  0  0  1  1 -1  1  1  1  1 -1    8   5   3   5   1   4   3   3   2   4  10   4   3   8   3   9  12   2   6   4  0.07 0.07
  262 V    0 -1  0  0 -2  0  1 -1  0  0  0  0  1  0  0  0  0  0  0  0    9   3   5   6   0   4   8   5   2   6  10   5   6   5   4   5   4   2   3   9  0.02 0.03
  263 T    0  0  2  2 -1 -1 -1  1  1 -1 -2  0 -1 -2 -1  0  1 -1  0 -1    7   4   9  12   2   2   4  12   3   4   4   5   1   2   3   7  11   1   4   3  0.13 0.11
  264 Y   -1  0 -1 -1 -4 -1 -1 -2  2  0  0 -1  1  2 -1 -1  0  2  5 -1    4   4   3   4   0   2   3   4   4   5   7   4   4   7   3   5   7   3  24   4  0.37 0.28
  265 S    0  0  1  0 -1  0  1  1  1 -1 -2 -1  0 -1 -1  1  1 -4  1 -1    7   5   6   6   2   3   8  13   3   4   3   3   2   2   3  14   8   0   5   4  0.12 0.13
  266 T   -1 -1  2  2  4 -1 -1  0  1 -1 -2 -1  0  0 -1  0  1 -4  0 -1    4   4   9  10  12   3   3   6   4   4   3   4   3   3   4   6  11   0   3   4  0.19 0.18
  267 P   -1 -1  0  0  0  0  0 -1  1 -1 -2  0  0 -1  2  0  1  5  1 -1    5   3   5   5   2   4   6   5   3   3   4   5   2   2  13   6   8   9   5   4  0.23 0.18
  268 E   -1 -1  1  2  2  0  2  0  1 -1 -2  0  0 -1 -1 -1  0  2  0 -2    4   4   6  11   5   5  12   6   3   3   4   5   2   3   3   5   6   3   3   3  0.09 0.14
  269 K   -1  0  0  0  2  0  0 -1  2  0 -1  0  1  0  0 -1  0  3  1 -1    5   5   5   5   5   5   5   5   5   5   5   5   5   5   5   5   5   5   5   5  0.04 0.08
  270 Y   -1  0  0  0  2  0  0 -1  2  0 -1  0  1  0  0 -1  0  3  1 -1    5   5   5   5   5   5   5   5   5   5   5   5   5   5   5   5   5   5   5   5  0.04 0.08
  271 E   -1  0  0  0  2  0  0 -1  2  0 -1  0  1  0  0 -1  0  3  1 -1    5   5   5   5   5   5   5   5   5   5   5   5   5   5   5   5   5   5   5   5  0.04 0.08
  272 I   -1 -1  1  1  2 -2 -2 -1  0  2  0 -1  0  0 -1 -1  0  2 -1  0    4   4   7   7   4   2   3   4   3  15  11   3   2   3   3   4   7   3   2   7  0.11 0.10
  273 N   -1 -1  3  1  2  0  0 -1  2 -2 -2  0  1 -1 -1  1  0  2 -1 -2    4   3  17   8   5   3   5   6   5   3   3   6   4   2   3  10   6   4   2   2  0.20 0.22
  274 C    0 -1  0 -1  6 -3  0 -1  1  0 -1 -1  1  0 -1 -1  1  3  1 -1    7   3   4   4  19   0   6   4   3   5   4   4   3   3   3   5   8   5   5   4  0.29 0.25
  275 P   -1  0  0 -1  6 -1 -1 -1  1 -1 -2  0 -3  0  2 -1 -1  3  0 -2    4   4   5   3  20   3   4   4   4   4   4   5   0   4  12   4   3   4   4   3  0.39 0.29
  276 W    0 -2  0  0  2 -2  0 -1  1  0 -1  0  1  1  0  0  0  3  1  0    6   0   5   6   5   0   6   6   5   6   6   6   5   5   6   6   6   5   5   6  0.07 0.11
  277 M   -1 -1  0 -1  0  0 -1 -1  0  1  1 -1  2  0 -3  1  0  2  1  0    4   3   4   3   2   4   3   5   3   9  14   3   8   4   1  11   7   3   5   6  0.08 0.11
  278 Q    0 -1  2  0 -3  1  0 -1  1 -1 -1  0 -1 -1  1  1  1  2  0 -1    5   3  10   5   0   5   6   4   4   3   7   4   2   2   7  13   8   3   3   5  0.12 0.13
  279 E    0  0  2  2 -4  0  2  0  1 -2 -2  0  0 -1  0  1 -1  0  0 -2    6   4   9  10   0   4  17   6   3   2   4   5   3   3   4   9   4   1   3   2  0.18 0.18
  280 T   -1  0  1  1 -4 -1 -1  0  0 -2 -2  1 -1 -2  0  2  2 -2 -1 -1    4   5   8   9   0   2   3   8   2   2   4   7   1   1   4  16  16   1   2   4  0.21 0.20
  281 H   -1  0  2  0 -4  0  0  1  3 -1 -2  0 -1 -1  1  0 -1 -1  1 -1    4   5  12   5   0   4   5  11  11   3   4   6   1   2   6   5   3   1   7   4  0.17 0.15
  282 V   -1 -3 -2 -3 -1 -2 -1 -2  0  2  1 -2  1  3 -3  0 -1  0  4  1    4   0   1   1   1   1   4   3   2  12  14   2   4  15   1   6   4   1  16   9  0.33 0.22
  283 D   -1  0  1  2  0  0  1 -2 -1  0  0 -1  0  1 -2  0  0  2  0 -1    3   4   7  16   3   2   8   3   1   9  11   4   2   7   2   5   4   4   3   3  0.09 0.10
  284 W   -3 -5 -1 -6 -1 -5 -4 -3 -4 -2 -1 -5 -1  1 -2 -3 -3 10  3 -1    3   0   3   0   1   0   1   3   0   3   7   0   1   5   2   2   1  51  11   4  1.99 0.78
  285 I    0 -4 -4 -5 -1 -2 -2 -2 -4  5  1 -4  0  0 -4 -2 -1  0 -3  2    7   0   0   0   1   2   3   3   0  45   9   0   1   3   0   3   3   1   0  16  0.69 0.40
  286 Y   -2 -2 -3 -4  2 -1 -4 -5  0  2  2 -2  0  4 -2 -2 -1 -2  3  0    2   2   1   0   4   3   0   0   2  16  18   3   2  22   1   2   2   0  11   7  0.44 0.28
  287 Q    0  1 -1  0 -1  1  0 -2  1  1  0  1  0 -1 -3  0  0 -3  0  1   10  10   2   6   1   7   5   2   4  10   6   8   3   2   0   4   5   0   4  11  0.08 0.10
  288 G    0 -2 -2 -2  1  0  0  2 -2  0 -1 -1  0  0  1  1  0 -3  0  0    6   0   0   0   3   5   7  18   0   8   4   4   3   5   9  12   4   0   3   7  0.13 0.13
  289 P    0 -2  1  0 -3  1 -2 -3  2  0  0 -2 -1  1  1  0  0  4  2  0    7   0   7   7   0   7   0   0   7   7   7   0   0   7   7   7   7   7   7   7  0.16 0.14
  290 V   -1  0  1 -3  1 -1  0 -2  0  2 -1 -1  1  1  0 -1 -1  1  0  2    5   5   7   0   3   3   6   3   3  16   3   3   5   6   4   3   3   3   3  15  0.13 0.15
  291 C   -1 -3 -2 -2  4 -2 -3 -1 -1  2  3 -3  1  0 -2 -1  0  0 -1  1    3   0   2   2  12   2   0   5   1  10  31   0   3   3   2   3   5   2   1  11  0.32 0.23
  292 A    1  0 -3 -4  0 -3 -3 -2 -3  1  2 -2  1  1 -1  0  0 -3  0  1   17   5   0   0   2   0   0   2   0   8  22   0   2   8   3   8   4   0   2  13  0.22 0.19
  293 V    0 -2 -2 -2  2  1  0  0 -2  0  0 -2  1  1  1  0  0 -2  1  0    7   0   0   0   7   7   7   7   0   7   7   0   7   7   7   7   7   0   7   7  0.09 0.11
  294 L    0 -2  0  0  2  0  0  0 -2  0  0 -2  1  1  1  0  0  3  1  0    6   0   6   6   6   6   6   6   0   6   6   0   6   6   6   6   6   6   6   6  0.08 0.12
  295 I    0  1 -2 -3  2  1 -2  0 -2  0  0  0  1  1  1  0  0 -3 -2  0    7   7   0   0   7   7   0   7   0   7   7   7   7   7   7   7   7   0   0   7  0.09 0.11
  296 I    0  1 -2 -3  3 -2 -2  0 -2  1  0 -1  2  1 -2  0  1 -3 -1  1    9   9   0   0   8   0   1   9   0   9   9   0   9   9   0   9   9   0   0   9  0.10 0.10
  297 N    0  0  5 -1 -3  0  0  0 -1 -1 -2  0 -2  0 -3  0  0 -4 -3 -2    9   4  42   0   0   4   4   5   0   4   5   5   0   4   0   6   5   0   0   1  0.47 0.25
  298 L    0 -3 -1 -3  2 -2 -3 -1 -3  1  2 -3  2  3 -3 -1  0  2  0  1    6   0   4   0   5   0   1   4   0   7  19   1   7  21   0   4   6   3   0  10  0.22 0.14
  299 T    0 -1 -1 -3  1 -1 -2 -2 -2  2  1 -2  1  1 -3  0  0 -3 -1  2    7   5   3   0   3   2   0   3   0  16  11   0   3   9   0   7   7   0   2  21  0.15 0.13
  300 F   -1 -3 -1 -3  1 -2  0 -3 -2  2  1 -2  2  3 -3 -1  0 -2  1  1    4   0   4   0   5   0   6   1   0  15  17   0   7  16   0   5   5   0   6   7  0.21 0.15
  301 L    0 -2  1 -2  2 -1  0  0 -2  0  0 -2  1  1 -3  0  1 -2  1  0    8   0   7   0   7   0   8   8   0   8   8   0   7   7   0   8   8   0   7   8  0.08 0.10
  302 L    0 -2  1 -2  2 -1  0  0  2  0  0  0  1  1 -3  0  0  3 -1  0    7   0   7   0   6   0   7   7   6   7   7   7   6   6   0   7   7   6   0   7  0.09 0.13
  303 R    0  2  3 -1  1  0 -1 -1  1 -1  0  0  1 -1 -3 -1 -1  2  0  0    7  12  16   3   3   4   3   3   3   4   7   5   4   3   0   4   3   4   3   7  0.13 0.16
  304 I   -1 -1 -2 -5  0 -4 -5 -2 -5  5 -1 -4  1  0 -5 -4  1 -4  0  3    4   3   2   0   2   0   0   3   0  40   4   0   3   4   0   0   8   0   3  23  0.75 0.45
  305 M   -1  0 -3 -3  1  0 -1 -1  0  2  1 -1  2  1 -3 -1 -1 -3 -2  2    5   5   0   0   4   4   3   4   3  12  15   4   8   7   0   4   4   0   0  16  0.15 0.16
  306 W   -1  3  0 -3  1  0 -3 -1  1  0 -1  0  1  0 -4 -1  0  6  1  0    5  17   5   0   4   3   0   5   4   7   4   4   4   3   0   5   5  14   5   6  0.34 0.25
  307 V    0  0  1  0  2  1  0  0 -2  0  0  0  1  0 -2  0  0 -3 -2  0    6   6   6   6   6   6   6   6   0   6   6   6   6   6   0   6   6   0   0   6  0.05 0.08
  308 L   -1 -1 -4 -4  2 -1 -1 -5  0  1  4 -1  2  0 -4 -1  0 -4 -3  1    3   3   0   0   5   3   4   0   2   6  43   3   5   4   0   4   6   0   0   9  0.46 0.32
  309 I    0  0  0 -3  2  0  0 -1  2  0 -1  0  1  0  0  0  0  3  1  0    5   5   5   0   5   5   5   5   5   5   5   5   5   5   5   5   5   5   5   5  0.07 0.10
  310 T    0  0  1 -1  0  1 -1 -1  1 -1 -2  0  0 -1 -1  2  1 -4  0 -1    8   6   7   3   3   7   3   4   3   4   4   4   3   3   3  16  11   0   4   4  0.12 0.16
  311 K   -1  2  0 -2  0  0 -2 -3  0 -2 -3  5  1 -6 -2 -1 -1 -6 -1 -2    4   9   4   2   2   4   2   2   2   2   3  45   3   0   2   5   4   0   2   2  0.79 0.56
  312 L    0  0  0  0  1  0  0 -1  1  0 -1  0  1  0  0  0  0 -3  1  0    5   5   5   5   5   5   5   5   5   5   5   5   5   5   5   5   5   0   5   5  0.00 0.05
  313 R   -1  0  0  0  2  0  0 -1  2  0 -1  0  2  0  0 -1  0  3  1 -1    5   5   5   5   5   5   5   5   5   5   5   5   5   5   5   5   5   5   5   5  0.09 0.08
  314 S    0  0  0 -1  2  1  0 -1  0 -1 -2  0  1 -1  1  3  0 -6  0 -1    9   4   4   3   4   6   5   4   3   4   4   5   3   3   7  22   5   0   3   4  0.21 0.21
  315 A    1  0  1  0 -1  0 -1 -2  0  0 -2  1  0 -2  2  1  1 -5 -2 -1   12   4   7   4   2   4   4   3   3   5   3   7   3   2  10  13  10   0   2   4  0.17 0.18
  316 N   -1  0  4  2  0  2 -1 -1  3 -1 -3  0 -1 -5 -1 -1  0 -6 -2 -2    5   4  23  11   2   8   3   5   8   3   2   6   1   0   4   5   4   0   2   3  0.44 0.36
  317 T    0  0  0 -2  1  1 -1 -1  1  0 -2  1  1 -1  0  2  2  0 -1  0    7   5   4   2   3   6   2   5   4   5   2   8   3   2   4  15  13   1   2   6  0.13 0.17
  318 V    0  0  1 -1  0  0 -1 -1  0  1 -1  0  2 -2  0  1  0 -4 -1  1    8   5   9   3   2   4   4   5   2   7   5   5   6   1   4  11   7   0   2  10  0.08 0.11
  319 E   -1  1  0  2  1  0  3 -1  1 -2 -2  1  1 -1 -1 -1 -1 -7  0 -2    4   8   4  11   3   4  18   4   3   3   3   8   3   3   4   5   4   0   3   3  0.24 0.20
  320 T    0  0  0  0  1  0 -2 -1  0  0 -2  0  1  1  0  1  2  2  1 -1    7   5   4   5   3   4   3   4   3   5   4   5   3   6   5  13  13   3   4   4  0.11 0.12
  321 R   -1  3  1  2 -1  1  0 -2  1 -2 -3  2 -1 -2  0  1 -2 -7 -1 -2    5  16   7  10   2   6   6   4   4   3   2  10   2   2   4  10   3   0   2   3  0.27 0.23
  322 Q   -1  0  0  0  2  0  0 -1  2  0 -1  0  2  0  0 -1  0  3  1 -1    5   5   5   5   5   5   5   5   5   5   5   5   5   5   5   5   5   5   5   5  0.09 0.08
  323 Y   -1  0  0  0  2  0 -2 -1  2  0 -1  0  1  0  0  0  0  3  1  0    5   5   5   5   5   5   0   5   5   5   5   5   5   5   5   5   5   5   5   5  0.07 0.10
  324 R   -1  0  0  0  2  0  0 -1  2  0 -1  0  2  0  0 -1  0  3  1 -1    5   5   5   5   5   5   5   5   5   5   5   5   5   5   5   5   5   5   5   5  0.09 0.08
  325 K    0  0  0  0  2  1  0 -1  2 -2 -1  0  1  0 -3  0  0  3  1 -1    5   5   5   5   5   5   5   5   5   0   5   5   5   5   0   5   5   5   5   5  0.05 0.13
  326 A    2  0  0 -1 -3 -1 -1  0 -3  0  0 -1  0  0 -3  0  1  4 -2  0   21   5   4   4   0   2   3   7   0   5  11   2   3   6   0   5   9   7   0   4  0.15 0.18
  327 A    0  0 -2 -3  2 -1 -2  0  2  0  0  0  1  1 -3  0  0 -2  1  0    7   7   0   0   7   0   0   7   7   7   7   7   7   7   0   7   7   0   7   7  0.08 0.11
  328 K   -1  3  0 -2 -4  1  0 -1 -2 -3 -2  4 -2  0  0 -1 -1  2  0 -2    5  16   5   0   0   6   4   4   0   0   4  30   0   4   3   4   3   3   3   3  0.38 0.27
  329 A    3 -1 -1 -3  0  1  0  1 -2 -1 -1  0 -2 -1 -1  1  1  1 -3 -1   31   3   2   0   2   7   5   9   0   3   6   5   0   3   2   9   7   2   0   2  0.22 0.22
  330 L    1 -3 -3 -3  1 -1 -3 -1 -1  2  1 -3  1  0 -3  0  3 -4 -3  1   11   0   0   0   3   3   0   5   2  11  14   0   3   4   0   8  24   0   0  11  0.28 0.23
  331 L    0 -2 -4 -5 -1 -1 -4 -3 -4  3  3 -2  1  2 -1 -2 -1  0 -2  1   10   2   0   0   1   4   0   2   0  18  34   2   3   8   2   1   2   2   0   8  0.39 0.26
  332 V    1 -1 -3 -2  0 -1 -3 -1 -2  2  0 -1  1 -1 -4  0  0  1 -3  3   12   3   0   2   2   3   0   4   1  17   9   3   3   3   0   5   5   2   0  27  0.24 0.21
  333 L   -1 -4 -3 -6  0  0 -5 -6 -2  0  5 -4  1 -1 -2 -4 -2  1 -4  0    6   0   1   0   2   5   0   0   1   4  66   0   2   1   2   0   1   2   0   5  0.93 0.48
  334 I    0  0 -4 -5  0 -3 -4 -2 -4  3  2 -3  2  2 -2 -2  1 -4 -2  1    7   6   0   0   2   0   0   4   0  22  23   0   4  10   1   2   9   0   0  10  0.36 0.25
  335 P    0 -3 -3 -2  3  0 -3 -1  0 -2 -1 -3 -3  1  6  0  0 -5 -3 -2    7   0   0   3   8   4   0   4   2   2   6   0   0   6  42   8   5   0   0   3  0.88 0.37
  336 L   -1 -2 -5 -5 -3 -2 -4 -3 -4  3  4 -2  0 -2 -2 -2 -2 -4 -3  2    3   2   0   0   0   2   0   1   0  17  51   3   1   0   2   3   2   0   0  13  0.67 0.35
  337 F   -1 -4 -4 -5 -4 -1 -4 -3 -4  0  4 -1  0  4  0 -4 -2  3  0 -1    4   0   0   0   0   3   0   2   0   3  45   4   1  20   5   0   2   5   3   3  0.61 0.34
  338 G   -1 -2 -3 -4 -5 -4 -5  6 -5 -2 -3 -4 -5 -2  0 -1 -3 -6 -5 -1    3   2   0   0   0   0   0  75   0   2   2   0   0   2   4   4   1   0   0   6  1.44 0.56
  339 I    0 -4 -4 -5  4 -4 -4 -3 -4  2  3 -4  1 -1 -1 -1 -1 -4 -3  2    6   0   0   0  10   0   0   2   0  16  32   0   4   1   2   4   4   0   0  18  0.49 0.27
  340 T   -1 -3 -1 -1 -3  1 -2  0  4 -3 -1 -3 -2 -4  0  0  5  1 -1 -1    3   0   2   2   0   5   1   7  13   1   5   0   1   0   5   6  41   2   2   3  0.61 0.40
  341 Y   -3 -4 -1 -5  0 -3 -3 -2  2 -1 -1 -4 -2  3 -6 -1 -4  9  4 -2    1   0   3   0   2   1   1   3   6   3   6   0   1  13   0   4   0  34  18   2  1.38 0.55
  342 L   -2 -4 -4 -5  3 -4 -3 -2 -4  3  3 -4  2  2  0 -2 -2  1 -2  2    1   0   0   0   7   0   2   3   0  19  29   0   5   9   4   3   1   2   0  14  0.46 0.27
  343 V   -2 -4 -4 -4  0 -2 -4 -2 -4  1  3 -4  1  3 -1 -1  0  1 -1  1    2   0   0   1   2   2   0   4   0   7  31   0   4  18   3   6   6   2   0  13  0.39 0.26
  344 V    0 -3 -3 -3 -2 -2 -3  1 -2  1  0 -3  2  3 -1 -1  0  2  0  2    6   0   1   1   0   1   1  14   1   7   7   0   5  19   3   3   6   3   1  19  0.28 0.20
  345 L   -1 -1 -2 -2 -1 -2 -2 -3 -3  2  2 -3  2  2  1 -1 -2 -1 -1  1    6   3   1   2   2   1   3   1   0  14  28   1   7  11   6   3   1   1   1   9  0.29 0.19
  346 A    1 -3 -3 -3  2 -2 -2 -1 -1  0  1 -2  0  3 -1 -1  0  3  1  1   11   1   1   1   5   2   2   5   1   4  17   1   2  18   2   2   5   4   6   9  0.21 0.16
  347 G    0  0 -1 -1 -3  0 -1  2 -1 -1 -1 -1  1  0  0  0  0  2 -1  0    8   7   3   3   0   6   4  19   1   4   6   2   4   6   4   5   5   3   1   9  0.09 0.10
  348 P   -1 -2  0 -3 -4 -3 -2 -1 -2  1  0 -1 -1  0  5 -1 -1 -2 -1  0    4   2   6   1   0   1   3   4   1  10   7   3   2   4  35   5   4   0   2   8  0.61 0.33
  349 S    0 -1  0  1 -2  0  0 -1  0 -1  0  0 -1  1  0  1  1  1  0 -1    7   2   5   9   0   4   6   4   2   3  10   4   1   6   4  13  13   2   3   3  0.09 0.10
  350 E    0  0  0  3 -3  3  2 -1  1 -2 -3  0 -2 -2  0 -1 -1  2 -2 -1    7   4   4  16   0  15  13   4   4   3   2   6   0   1   4   3   3   3   1   6  0.29 0.22
  351 S    0  0  0  0  0 -1  0  1 -1 -1 -2  0 -1 -1  0  1  2 -1 -2  0    7   6   4   6   2   2   6  12   1   4   3   4   1   4   4  11  15   1   1   6  0.10 0.11
  352 G   -1 -1  0 -1 -2 -1 -2  4  0 -1 -1 -1 -2 -1 -1  1  0 -2 -3 -1    5   4   4   3   1   2   2  35   2   4   6   4   1   3   4  10   6   1   1   5  0.33 0.22
  353 L    0 -1 -2 -3 -1 -1 -2 -2 -1  2  1 -2  1  0  2 -1  0  0 -2  2    7   3   1   1   1   3   2   3   2  13  14   2   3   3  12   5   6   2   1  18  0.24 0.18
  354 M    0 -1 -2 -3 -3 -1  0 -1 -2  0  1 -1  3  1 -2 -1  0  3 -1  1   10   4   2   1   0   2   6   5   0   6  17   3   8   8   1   4   4   5   1  12  0.17 0.15
  355 G    2  1 -1 -1 -3  1  1  1 -1 -1 -2  0 -1  0 -2  0 -1  2  0 -1   19   9   3   3   0   6  11  10   1   3   3   5   1   4   1   7   3   3   3   5  0.16 0.15
  356 H   -1  1 -1 -1 -4  1  1 -2  3  0 -1  0 -1 -1 -1 -1  0 -2  4 -1    6   6   3   4   0   5   9   3   9   6   5   4   1   2   3   3   5   0  20   4  0.30 0.23
  357 M    0 -4 -6 -6 -3 -4 -2 -4 -4  4  3 -4  1  1 -3 -3 -1 -2 -1  3    7   1   0   0   0   1   3   1   0  21  24   1   4   6   2   1   3   0   2  22  0.64 0.35
  358 F   -3  0 -7 -7 -4 -2 -5 -7 -2 -2 -3 -2  2  7 -5 -3 -4  5  5 -3    2   5   0   0   0   2   1   0   1   2   2   2   5  43   1   2   1  10  20   2  1.61 0.72
  359 A    2 -1 -1 -1 -2  2  1 -4 -1  1  0 -2  3 -1 -4  1  1 -2 -1 -1   20   2   2   4   1   9   8   1   2   7   9   2   7   3   0   8  10   0   2   3  0.24 0.23
  360 V   -2 -5 -4 -6 -2 -5 -3 -6  1  3  0 -3 -2  2 -4 -4 -3  0  6  2    3   0   1   0   1   0   2   0   3  16   8   2   1   8   1   1   1   1  35  15  1.10 0.55
  361 L   -1 -6 -6 -7  1 -6 -6 -3 -6  3  3 -6 -1  4 -6 -2 -1  1  0  2    4   0   0   0   3   0   0   3   0  15  34   0   1  16   0   3   3   2   3  12  0.77 0.41
  362 R   -2 -1  4  1 -4  0  1 -3 -1 -4 -4 -4  0  4 -3  1  0 -3 -1 -2    4   4  20   7   0   3  11   2   2   1   1   0   2  22   1  10   6   0   2   2  0.60 0.40
  363 A    2 -2 -2 -2  2  0 -2 -3  2  0  1 -2  1 -2 -3  1  2 -2  0  0   22   1   2   2   5   4   3   1   6   6  12   2   3   1   1   8  12   0   4   6  0.26 0.21
  364 V   -1 -4 -2 -5  1 -3 -3 -2 -4  4  2 -4  0  3 -5 -3  0 -4 -3  2    5   0   2   1   3   1   1   3   0  27  16   1   2  15   0   2   7   0   0  14  0.64 0.33
  365 L   -3 -2 -4 -4 -1 -3 -4 -4 -4  1  4 -4  1  4 -4 -3 -2 -2  0  0    2   2   1   1   2   1   1   1   0   9  40   1   3  21   1   2   2   1   2   7  0.81 0.38
  366 L   -1 -1  4  0 -2  1 -1  0  1  0  0 -2  0 -1 -3  0  1 -4 -2 -1    5   2  25   5   1   6   3   8   3   5   8   1   2   3   1   7   9   0   1   5  0.28 0.21
  367 S    0 -2  0 -2  1  1 -1 -1  2 -1 -3 -1  0 -3  1  4  0 -4  0 -1    5   0   4   0   3   5   4   5   6   3   1   4   3   0   6  39   4   0   3   4  0.40 0.31
  368 T   -1 -3 -1 -3  1 -1 -3 -3 -2  0  1 -3  1  4  0  1  1  4  1 -1    4   0   4   0   4   4   0   0   0   4  12   0   3  20   5  11  12   7   5   4  0.30 0.23
  369 Q   -2  1  0 -1 -5  7  0 -1  1 -5 -2 -2 -3 -5 -1 -1 -3  2 -4 -4    3   6   5   3   0  60   4   4   3   0   3   0   0   0   3   3   0   3   0   0  1.22 0.63
  370 G    1 -1  2 -1 -2  2 -1  1  3  1 -1 -1 -1 -2 -2  1 -1 -3 -2  1   12   1  12   1   0  12   1  12  11  12   1   1   0   0   1  12   1   0   0  12  0.16 0.08
  371 F    0 -3 -3 -4  1 -3 -3 -2 -2  0  1  0  0  5 -1 -1 -1  3  2  0    7   0   0   0   3   0   0   3   0   4  17   6   2  30   3   3   3   4   8   5  0.41 0.23
  372 S   -1  0 -2  1  0  0 -2 -2 -2  0  0 -2  0  3 -3  1  1  1  1  0    3   7   0   8   3   6   1   3   0   5   9   0   3  19   0  11   9   2   4   6  0.14 0.14
  373 V   -1 -3 -4 -4  0 -3 -1 -4  1  3  0 -3  1  1 -1 -3  0 -4 -2  4    3   0   0   0   2   0   4   0   4  18   4   0   2   6   2   0   4   0   0  47  0.57 0.28
  374 S    3 -2 -2 -3 -1 -1 -2 -1 -2 -1 -2 -2 -2  3 -2  2  1 -3  0 -1   35   2   0   0   1   2   0   2   0   2   2   0   0  20   0  20   7   0   3   3  0.46 0.27
  375 L   -1 -3 -3 -4  0 -3 -3 -4 -3  2  3 -1  2  1 -3 -2  0  0 -1  2    3   0   0   0   2   0   0   0   0  16  35   5   6   5   0   2   4   1   2  16  0.37 0.18
  376 F   -2 -1 -3 -4  1 -2 -3 -3 -3  2  2 -3  1  3 -2 -2 -1 -2 -1  2    1   4   0   1   4   1   1   2   0  16  27   1   2  21   2   2   2   0   0  14  0.34 0.16
  377 Y   -3 -2  0 -2  1 -1 -3 -2  4 -3 -1 -3 -2  3 -4 -3 -3  1  6 -3    1   2   5   2   4   2   1   3  15   1   4   1   0  14   1   1   1   2  43   1  0.96 0.33
  378 C    0 -4 -2 -4  9 -4 -4 -2 -4 -2 -3 -4 -3 -2 -4  0 -1 -4 -1 -1    7   1   1   1  67   0   1   3   0   2   1   1   0   1   1   6   2   0   2   4  1.74 0.50
  379 F   -1 -3 -3 -4  2 -1 -3 -3 -2  1  1 -3  0  5 -3 -2 -1 -1  2  1    5   1   0   1   5   4   1   2   0   7  14   1   1  38   1   1   2   0   8  10  0.53 0.23
  380 L   -1 -1 -3 -4  3 -2 -3 -2 -3  0  3 -2  3  1 -2 -2 -1  0  1  0    4   3   0   1  10   1   1   4   0   3  40   2   9   7   1   2   4   1   5   4  0.31 0.17
  381 N   -3  1  6  1 -4  0 -1 -2  0 -4 -4  0 -3 -4 -1  0 -1 -4 -1 -4    1   7  61   5   0   3   2   1   2   1   1   5   0   0   3   4   1   0   3   1  1.07 0.39
  382 S    0  1  0  0 -3  1  1  2  1 -3 -3  1 -2 -3  0  1  0 -3 -2 -2    7   8   3   4   0   4   7  17   4   1   1  12   0   0   5  16   6   0   1   2  0.24 0.11
  383 E   -2 -1 -1  1 -5  2  5 -2  0 -4 -2  1 -3 -4 -3 -1 -2 -5 -4 -2    0   2   2   4   0  11  57   2   1   0   4   8   0   0   0   2   1   0   0   3  0.94 0.38
  384 V   -1 -5 -5 -6 -3 -4 -5 -5 -5  1  1 -5  0 -1 -5 -4 -2 -5 -4  6    2   0   0   0   0   0   0   0   0   3   8   0   1   2   0   0   0   0   0  82  1.37 0.52
  385 R   -3  6 -2 -3 -3  4 -2 -4  2 -2 -3  1 -2 -5 -4 -2 -2 -1 -4 -3    1  52   0   0   1  25   0   1   5   2   2   7   0   0   0   2   1   1   0   1  1.17 0.46
  386 N    1  0  2  1 -1  0  1 -1  0 -3 -3  1 -2 -2 -2  2  1 -4 -1 -2   12   4  13   5   1   3  12   3   1   1   1  10   1   2   1  18   8   0   2   1  0.27 0.16
  387 A    3 -2  0 -1  0  1  2 -2 -1 -2 -2 -1 -2 -2 -2  0  1 -4 -3  0   33   1   4   1   3   7  18   1   1   1   4   1   0   2   0   4   9   0   0   9  0.34 0.24
  388 L   -2 -4 -5 -6 -2 -4 -5 -5 -2  4  3 -4  1  2 -1 -4 -2  2  2  2    2   0   0   0   0   0   0   0   1  27  31   0   2   9   3   0   1   3   9  11  0.65 0.29
  389 R   -3  6  1 -3 -3  1 -2 -4 -1 -4 -3  4 -2 -3 -4 -2 -3 -2 -3 -4    1  48   5   1   0   6   1   1   1   0   2  26   1   1   0   1   1   1   1   1  1.16 0.47
  390 H   -3  5  0 -2  1  0 -2 -3  4 -4 -3  4 -1 -3 -3 -1 -2 -2 -1 -4    0  35   4   1   4   2   1   2  13   0   3  25   2   1   0   3   1   0   2   0  0.85 0.38
  391 H   -2  4 -1 -3  1  1 -2 -3  5 -3 -3  2 -2  1 -2  0 -1  3  0 -2    2  24   2   0   3   6   1   1  18   1   2  15   1   6   1   5   3   5   3   3  0.56 0.28
  392 I   -2 -2 -2 -4 -1 -3 -3 -4 -3  2  2 -1  1  2 -4 -3 -2  7  2  0    2   2   2   0   1   1   1   1   0  12  24   4   4   8   0   1   2  22   6   7  0.73 0.29
  393 S    0  1  1 -2  1  0  1 -1  2 -1 -2  1  1 -3 -2  2  0 -1 -1 -1    8   9   6   1   4   3  11   4   6   4   2   9   6   1   1  17   4   1   2   3  0.17 0.13
  394 T   -2  5 -1 -2  2  1 -2  0  0 -2 -2  1 -2 -3 -4  0  0 -2 -3  0    2  36   3   1   5   8   1   6   2   2   2   8   1   1   0   7   6   1   0   7  0.51 0.28
  395 W   -4 -1 -3 -6  2 -2 -6 -1  0 -2 -1 -3 -2  2 -6 -3 -3  9  3 -2    1   4   1   0   5   2   0   6   2   2   6   1   1   9   0   1   1  42  12   3  1.62 0.57
  396 R   -2  5 -1 -2 -1  2 -1 -3 -1 -4 -2  3  1 -3 -3 -1 -2 -5 -3 -3    2  41   2   2   2  10   2   2   1   0   4  17   5   1   1   5   2   0   1   1  0.83 0.39
  397 D    0  0  1  3  1  0  1 -1 -1 -2  0  0 -1 -3 -2  0  0 -2 -2 -2    9   5   6  22   4   3   9   3   1   1  12   7   2   1   1   7   6   0   1   1  0.22 0.14
  398 T    0  1  0 -1  0  1  0 -1  1 -2 -1  1  1 -1 -2  2  2 -1  0 -1    7   8   4   3   3   5   5   3   4   1   5   7   4   2   1  18  14   1   3   3  0.15 0.12
  399 R   -4  6  0 -4 -4  0 -1 -3  4 -3 -3  2 -4 -4 -3 -1 -2  0 -3 -3    0  52   4   0   0   4   2   2  10   1   3  11   0   0   1   5   2   2   1   2  1.13 0.46
  400 T    1  0  1  0  0 -1 -1  0  0 -2 -2 -1 -2 -1  0  2  2  0 -1 -2   14   5   6   4   3   2   3   6   2   2   3   2   0   2   4  21  13   2   3   2  0.20 0.15
  401 I   -1 -1 -2 -4  1 -2 -2 -3 -2  3  2  0  1  1 -2  0 -1 -2 -2  1    3   4   1   0   3   1   2   2   1  23  26   7   2   6   2   7   4   1   1   7  0.27 0.17
  402 Q    0  3  1  0 -1  2  1 -1  1 -3 -3  1 -1 -2  0  1 -1 -1 -2 -1    6  22   5   6   2   8   7   4   3   1   1   8   1   2   5  11   3   1   1   4  0.27 0.17
  403 L    1  1  0 -2 -1 -1 -1 -1 -1  0  1 -1  1  0  0  0  0  2  1  0   13   9   4   2   1   2   3   5   1   4  18   2   3   3   4   5   5   3   5   7  0.05 0.06
  404 N   -1  1  3  1  0  0  1  1  1 -3 -2  0 -3 -2 -2  1 -1  0 -1 -3    5  10  17   6   3   3  10  11   3   1   3   4   0   2   2  14   3   1   2   2  0.26 0.17
  405 Q   -1  2  1 -1 -4  2  1  0  0 -1 -2  1  0 -2 -1  0  0 -3 -1  0    3  16   5   3   0  12  10   7   3   4   1   7   2   1   3   9   5   0   2   7  0.21 0.15
  406 N    0  2  3  0 -4  0 -1  0  0 -3 -2  1 -3 -2 -2  2  1  1 -3 -3    6  11  20   5   0   2   3   8   2   2   4   8   0   2   1  14   8   3   0   1  0.31 0.21
  407 R   -1  5 -2 -4 -5  0  0 -2  2 -4 -4  1 -3 -1  0  1  0 -5  0 -2    4  37   1   0   0   4   4   3   5   1   1   7   1   3   4  14   5   0   3   3  0.65 0.34
  408 R   -3  6 -1 -2 -1  0  0 -2  1 -4 -3  2 -2 -4 -1  0 -1 -5 -4 -2    2  48   2   1   1   4   5   3   3   1   3  10   1   1   2   6   4   0   0   3  0.90 0.40
  409 Y   -1  1  0 -3 -1  0 -1 -1  2 -1 -1 -1  1  2  0 -1 -1  3  4 -1    5   7   5   1   1   4   3   4   7   3   6   2   4   8   5   4   3   4  20   5  0.27 0.17
  410 T   -1 -2 -1 -4 -1 -2 -3 -2  0 -3 -1 -2 -3 -3 -1  3  5 -2 -4 -2    4   2   3   0   1   2   1   3   3   1   7   2   0   1   3  26  36   1   0   3  0.70 0.40
  411 T   -1  0  1 -2  1  0 -2  1  0 -1 -1 -2  1 -1 -2  2  4 -5 -4 -1    2   6   5   2   3   3   1  10   2   3   6   1   3   2   2  16  28   0   0   3  0.37 0.26
  412 K   -1  3  0 -3 -4  2 -1 -2 -1 -2  0  1 -1 -2  0  1  1  0 -1 -2    3  20   5   0   0   8   3   2   1   2   9  10   1   2   4  14  10   2   2   2  0.29 0.20
  413 S    0 -1  1  0  1 -2 -2 -1  2 -3 -5 -2 -4 -4 -2  5  2 -5  0 -3    6   4   6   4   3   1   2   4   5   1   0   1   0   1   2  45  10   0   3   2  0.68 0.38
  414 F   -2 -1  0 -1 -2 -1 -3  0  2  0 -1 -1  2  3 -1  0 -1  2  4 -1    1   4   5   4   1   3   0   6   5   6   4   4   6  16   2   6   3   3  16   4  0.28 0.18
  415 S    0  1  1 -3 -1 -1  0 -1 -1 -3 -3 -2 -4 -2 -1  4  1 -6 -3 -2    8   7   6   1   1   3   5   3   1   1   2   2   0   1   3  43   9   0   1   3  0.58 0.36
  416 K    0  2  1 -1 -4  1  0 -2 -1 -2 -3  3 -1 -3 -1  1  0 -4  1  0    8  10   7   2   0   7   5   2   1   1   1  23   2   1   3   9   7   0   5   7  0.28 0.20
  417 G   -1 -1  2  0 -2 -1 -2  3  1 -3 -2  0 -3 -1  0  2  0  1 -1 -2    5   3  12   6   1   3   1  24   4   1   3   6   0   2   4  15   5   2   2   3  0.30 0.18
  418 G   -1  0  1  0  3 -3 -3  4  0 -2 -4  0 -2 -2  0  2  0 -5 -4 -2    4   5   7   4   7   0   0  31   2   2   0   5   1   2   4  19   5   0   0   2  0.50 0.28
  419 G    0  1  0  0  1  0 -1  3 -1 -3 -3 -1 -3 -2  1  1  1  1 -4 -2    6   9   5   5   3   5   3  25   1   1   1   3   0   1   7  11   8   2   0   3  0.30 0.18
  420 S    0  2  1  0 -4  1 -1 -1 -1 -4 -4 -2 -1 -5 -1  4  1 -5 -2 -2    8  11   7   6   0   8   2   4   1   0   0   1   2   0   3  35   7   0   1   2  0.50 0.31
  421 P    1 -1  0  0 -1 -1 -3 -1 -3 -4 -3  0 -4 -2  5  1  1 -5 -1 -4   12   3   4   4   2   2   0   4   0   0   3   7   0   2  34  13   7   0   2   0  0.70 0.32
  422 R   -1  4 -1 -1 -4  1 -1 -1  0 -2 -3  1  0 -2 -1  2  0 -4 -2 -1    4  29   2   3   0   5   3   5   3   2   1   8   3   2   3  15   5   0   1   6  0.37 0.22
  423 A    3  0  1 -3  0  1 -2 -1  1 -3 -2 -1  1 -2 -1  2  2  0 -2  0   26   4   6   0   2   7   0   3   3   0   2   3   4   2   3  13  13   1   1   6  0.28 0.21
  424 E    0  2 -1  0 -5  1  5 -1  1 -5 -5 -1 -4 -5  0  1 -1 -5 -2 -4    6  11   2   3   0   7  41   5   4   0   0   2   0   0   4  11   3   0   2   0  0.73 0.37
  425 S    0  1  1 -2 -1  0 -2 -1  1 -3 -1  0 -1 -2 -1  4  1 -5 -4 -1    4   7   6   1   1   3   1   4   4   0   6   4   1   1   2  42   9   0   0   4  0.47 0.30
  426 M   -1 -3 -2 -2  0  0 -3 -1 -2  3  1 -1  3  0 -4  0  1 -4 -1  2    2   0   2   3   3   5   0   4   1  19  12   3  12   3   0   7   7   0   1  16  0.24 0.18
  427 R   -2  6  0 -2 -1  1 -3 -3 -1 -1 -5  2 -4 -5 -4  2 -1 -5 -2 -4    2  50   5   2   2   5   0   2   1   4   0   9   0   0   0  14   4   0   1   0  0.97 0.42
  428 P    0 -2 -1 -2  1 -3 -3 -2 -4 -1  1  0  0 -4  6 -1 -2 -5 -4  0    8   2   3   2   3   0   0   4   0   3  13   6   3   0  41   4   2   0   0   5  0.81 0.29
  429 L    0  0  0 -1  1  0 -2 -1  1  0  1 -1  1 -1 -2 -1  0 -2  2  1    7   7   4   2   4   4   0   3   5   5  21   2   5   0   2   1   7   0   9  10  0.08 0.08
  430 T    0 -1  0 -1  1  0 -1  0  0 -2 -1  0 -2 -3  1  2  3 -4 -1  0    5   1   5   2   4   4   2   6   3   0   5   5   0   0   7  19  22   0   2   6  0.23 0.13
  431 S    1  0  2  1 -3 -2 -1  0 -2 -1 -1 -1 -2 -3  0  3  0 -4 -1 -3   10   4  12   9   0   0   3   5   0   4   6   2   0   0   4  36   2   0   3   0  0.36 0.19
  432 Y   -1 -3 -2 -3  1 -2 -3  1  1 -1 -1 -1  0  2  2  1  1 -2  3 -1    0   0   0   0   5   0   0  10   3   3   6   3   3  13  12  15   9   0  14   3  0.27 0.13
  433 Y   -1  0  0 -2 -3  0 -1 -3  2  0  0 -1  0  1  0  2  0 -2  2  0    3   3   5   0   0   3   4   0   6   5  12   3   2   5   4  23   5   0   8   9  0.12 0.09
  434 G    2  0  1  0  0  1 -2  3  1 -4 -4 -1 -3 -4  0  1  0 -4 -3 -3   20   5   9   4   2   6   0  27   3   0   0   0   0   0   5  13   5   0   0   0  0.40 0.15
  435 R    0  4  1 -2 -4  0  0 -3 -2 -2 -3  2 -2 -3  2  1  1 -4 -1 -1    5  31   7   0   0   3   6   0   0   3   0  12   0   0   9  10   8   0   2   3  0.45 0.17
  436 G   -1 -2  0  2  0 -1 -1  4 -3 -3 -3 -1 -3 -2  2 -1  1 -5 -4 -3    3   2   5  14   3   2   3  39   0   2   2   2   0   2   9   0  13   0   0   0  0.51 0.18
  437 K   -1  2  0  0 -4  2  0 -1 -2 -4 -4  4 -3 -4  2  0 -1  2 -3 -2    3  13   5   4   0   9   3   3   0   0   0  36   0   0   9   6   3   3   0   3  0.55 0.21
  438 R   -1  6  2 -1 -5  1 -2 -2  1 -5 -5  1 -3 -5 -4  0 -2 -5 -4 -4    5  58  13   3   0   6   0   2   2   0   0   5   0   0   0   6   0   0   0   0  1.06 0.32
  439 E    0  0  1  2 -4  1  3  1  0 -1 -3  0 -1 -4  2  0 -1 -4 -3 -3    5   6   7  11   0   6  21  13   2   4   0   3   3   0  11   3   3   0   0   0  0.35 0.12
  440 S    1 -1  1  0 -3 -2  0 -1 -2 -3 -2 -2 -3 -4  1  4  0 -4 -3 -3   11   3   5   4   0   0   4   3   0   0   3   0   0   0   7  54   4   0   0   0  0.64 0.24
  441 C    1 -2  0  0  5  0 -2  1 -2 -2 -1 -2 -2 -3 -3  2  2 -4 -3  0   11   0   4   4  22   4   0  10   0   0   4   0   0   0   0  17  15   0   0   6  0.37 0.15
  442 V    0 -1 -2 -3  3 -1 -1  0  0  2  0 -2  0  1 -2 -1 -1 -3 -1  2    8   3   0   1  10   3   5   8   4  15   7   1   0   7   1   1   3   0   0  22  0.12 0.08
  443 S    1  0  2 -2 -3  2  0 -2  0 -4 -4 -1 -3 -4 -3  5  0 -4 -3 -3    8   4   9   0   0  13   4   0   2   0   0   0   0   0   0  55   4   0   0   0  0.76 0.26
  444 S    0 -2  1  1 -3 -1  2 -2 -2 -3 -2 -2 -2  1  1  3  0 -4  0 -3    4   0   5  10   0   0  13   0   0   0   4   0   0  10   6  40   5   0   3   0  0.42 0.16
  445 A    0 -2 -1  1 -3 -1  1 -3  2  0 -1  0 -1 -2  0  1  1 -3  1  1    7   0   0   8   0   0   9   0   9   4   5   4   0   0   4  17  10   0   8  14  0.16 0.09
  446 T    1  0 -1  0 -2 -1 -2 -2 -2 -2 -3  0 -2 -3 -2  3  4 -4 -3  0   10   4   0   5   0   0   0   0   0   0   0   5   0   0   0  23  44   0   0   8  0.57 0.18
  447 T   -1 -2  0 -2  3 -2 -2 -3  2  0 -1 -2  0 -3 -3  3  4 -4 -3 -2    0   0   3   0   9   0   0   0   7   5   5   0   2   0   0  25  43   0   0   0  0.59 0.20
  448 T    0 -2 -1 -2 -2 -1 -2 -2  3  1 -1 -2  1 -2 -2  1  3 -3 -2  1    6   1   1   1   0   0   1   1  10   9   1   1   6   0   1  12  33   0   0  16  0.32 0.11
  449 T   -1 -2  2 -1 -2 -1 -2 -2 -2 -2 -2 -1 -2 -3 -2  2  5 -4 -3  0    1   1  11   1   0   0   1   1   0   1   1   1   0   0   1  21  54   0   0   7  0.67 0.16
  450 L   -1 -2 -3 -3 -2 -2  0 -3 -2  1  3 -2  2  1 -3 -1 -1 -2  1  2    1   1   0   1   0   0   6   1   0   4  36   1  10   7   1   7   1   0   5  19  0.26 0.07
  451 V   -2 -2 -3 -3 -2  0 -2 -4  1  2  2 -2  0 -1  2 -2 -1 -3 -2  2    0   0   0   0   0   7   0   0   6  19  32   0   0   0   9   0   0   0   0  23  0.36 0.09
  452 G    0 -2  2  1 -3  1 -1  5 -2 -4 -4 -2 -3 -4 -3 -1  1 -4 -3 -3    6   0  14   6   0   7   0  52   0   0   1   0   0   0   0   0  10   0   0   0  0.71 0.12
  453 Q    0  0  1 -1 -3  2  1 -2 -1 -2  0  1 -1 -2 -2  2  1 -3  1 -2    4   5   5   0   0  11   8   0   0   0  12   8   0   0   0  30   8   0   7   0  0.24 0.06
  454 H   -1 -1  4  0 -3 -1  0  0  1 -2 -1  0 -1  1 -2  1 -1 -3  0  0    0   0  32   0   0   0   8   8   5   0   9   8   0   7   0   9   0   0   4   8  0.22 0.06
  455 A    1 -2 -1 -2  3 -2 -2  2 -2 -3 -3 -2 -2 -3  2  2  2  4 -2 -2   12   0   0   0   9   0   0  18   0   0   0   0   0   0   8  22  21   9   0   0  0.45 0.08
  456 P    1 -2 -2 -2 -3 -1  1  2 -2 -3 -3 -1 -3 -4  5  1  2 -4 -3 -2    9   0   0   0   0   0   9  16   0   0   0   0   0   0  38  10  19   0   0   0  0.86 0.09
  457 L   -1 -2  1 -1 -3 -1  1 -3  4 -1  0 -2 -1  3 -3  1  0 -2  0  0    0   0   9   0   0   0   9   0  22   0  15   0   0  19   0  13   6   0   0   7  0.25 0.07
  458 S    1 -2  2 -1 -2 -1 -1  1 -2 -2 -1 -1 -1 -3 -2  4  1 -4 -3 -2   10   0  13   0   0   0   0   7   0   0  10   0   0   0   0  52   7   0   0   0  0.45 0.08
  459 L   -1  1 -2 -2 -3 -1  1  0 -2  0  2 -1  0  1 -3  0 -1 -3 -1  0    0  11   0   0   0   0  11  11   0   0  42   0   0   8   0   8   0   0   0   9  0.16 0.05
  460 H   -2 -1  4 -1 -4  0 -1 -3  6  0 -1  1 -2 -2 -3 -1 -2 -4  0 -2    0   0  30   0   0   0   0   0  42   9   8  11   0   0   0   0   0   0   0   0  0.66 0.11
  461 R    0  4  2  4 -4  0  0 -2  2 -4 -4  0 -3 -4 -2 -1 -1 -4 -2 -3   11  37  14  30   0   0   0   0   9   0   0   0   0   0   0   0   0   0   0   0  0.63 0.08
  462 G   -1 -2  3 -1 -3 -1 -2  4 -2 -2 -1  0 -2 -3 -3  1 -1 -4 -3 -1    0   0  22   0   0   0   0  42   0   0   9   8   0   0   0  11   0   0   0   8  0.46 0.06
  463 S    0 -1  0 -1 -3  2 -1  1 -1 -3 -3 -1 -2 -4  3  4  0 -4 -3 -3    0   0   0   0   0  12   0  13   0   0   0   0   0   0  13  62   0   0   0   0  0.66 0.09
  464 N   -2  2  4 -1 -3  0 -1 -2 -1 -2 -2  1  2 -3  2  0  1 -4 -3 -2    0  13  40   0   0   0   0   0   0   0   0   9  13   0  13   0  13   0   0   0  0.52 0.07
  465 N   -2 -1  2  3 -4  2  0  1  3  0 -2  1 -2 -3 -3 -1 -1 -4 -2 -2    0   0  10  27   0  14   0  11  14  14   0  11   0   0   0   0   0   0   0   0  0.34 0.04
  466 A    3 -2 -1 -2 -2 -1 -1  2 -2 -3 -3 -1 -2 -3 -2  4  0 -4 -3 -2   34   0   0   0   0   0   0  14   0   0   0   0   0   0   0  52   0   0   0   0  0.61 0.07
  467 L   -2 -3 -4 -5 -2 -3 -4 -4 -3  3  3 -3  3  3 -4 -3 -2 -2  0  1    0   0   0   0   0   0   0   0   0  29  43   0  13  16   0   0   0   0   0   0  0.50 0.04
  468 H   -2 -1  0  2 -5  0  2 -3  6 -4 -4 -1 -3 -3  3 -1 -2 -4  0 -4    0   0   0  17   0   0  18   0  50   0   0   0   0   0  16   0   0   0   0   0  0.86 0.06
  469 T    0  0  0 -1 -2  0  2 -2 -1 -2 -3  2 -2 -3 -2  2  4 -4 -3 -1    0   0   0   0   0   0  19   0   0   0   0  17   0   0   0  17  48   0   0   0  0.51 0.04
  470 M   -1 -2 -2 -2 -2  0  2 -4 -2  1  1 -1  5 -1 -3 -2 -1 -2 -2  2    0   0   0   0   0   0  22   0   0   0   0   0  57   0   0   0   0   0   0  21  0.42 0.04
  471 P   -1 -2 -2 -1 -4 -1  2  2 -2 -4 -4 -1 -3 -4  6 -1 -2 -5 -4 -3    0   0   0   0   0   0  21  19   0   0   0   0   0   0  60   0   0   0   0   0  1.46 0.04
  472 T    0  0  0 -1 -2  0 -1 -2 -2 -2 -2  2 -1 -3 -2  2  4 -4 -2 -1    0   0   0   0   0   0   0   0   0   0   0  21   0   0   0  19  61   0   0   0  0.57 0.03
  473 L   -1 -2 -2 -2 -2 -1 -2 -2 -2  1  3 -2  4  0 -2 -1 -1 -1 -1  0    2   1   1   1   1   1   2   2   1   1  49   2  27   1   1   2   2   0   1   2  0.29 0.01
  474 A    4  3 -2 -2 -1 -1 -1 -1 -1 -2 -2  0 -2 -3 -1  1  0 -3 -2 -1   76  24   0   0   0   0   0   0   0   0   0   0   0   0   0   0   0   0   0   0  0.52 0.02
  475 A    3 -2 -2 -2 -2 -2 -2  3 -2 -3 -3 -1 -2 -3  4  0 -1 -4 -3 -2   49   0   0   0   0   0   0  27   0   0   0   0   0   0  24   0   0   0   0   0  0.73 0.02
  476 N   -2 -1  6  1 -4 -1 -1 -1  0 -4 -4 -1 -3 -4  4  0 -1 -5 -3 -3    0   0  76   0   0   0   0   0   0   0   0   0   0   0  24   0   0   0   0   0  1.06 0.03
  477 A    3  0 -1 -1 -1  3  0 -1 -1 -2 -2  0 -1 -2 -1  1  0 -2 -2 -1   51   1   1   1   1  25   2   2   1   1   2   2   1   1   1   2   2   0   1   2  0.32 0.01
  478 M   -1  3 -1 -2 -2  0 -1  2 -1 -1  0  0  3 -2 -1 -1 -1 -2 -2 -1    2  29   1   1   1   1   2  26   1   1   2   2  23   1   1   2   2   0   1   2  0.24 0.01
  479 S    1 -2  0 -1 -2 -1 -1 -1 -2 -1  1 -1  0 -2 -2  4  1 -3 -2 -1    0   0   0   0   0   0   0   0   0   0  27   0   0   0   0  73   0   0   0   0  0.44 0.02
  480 S    0 -1  3  0 -2 -1 -1  3 -1 -3 -3 -1 -2 -3 -2  2  2 -4 -3 -2    0   0  27   0   0   0   0  27   0   0   0   0   0   0   0  22  24   0   0   0  0.52 0.01
  481 G    0 -2  0  3 -3 -1  0  2 -2 -4 -4 -1 -3 -3 -2  3  0 -4 -3 -3    0   0   0  27   0   0   0  22   0   0   0   0   0   0   0  51   0   0   0   0  0.58 0.02
  482 S    0 -2 -1 -1 -3  0  3 -2 -2 -4 -3 -1 -3 -4  6  2 -1 -4 -3 -3    0   0   0   0   0   0  27   0   0   0   0   0   0   0  51  22   0   0   0   0  1.24 0.02
  483 T   -1  0 -1 -1 -2  0 -1 -2  0 -1 -1  2 -1  0 -1  0  2  0  4 -1    2   1   1   1   1   1   2   2   1   1   2  28   1   1   1   2  24   0  25   2  0.25 0.01
  484 L   -1 -2 -2 -2 -1 -1 -2 -2 -2  1  3 -2  1  0 -2 -1 -1 -2 -1  2    2   1   1   1   1   1   2   2   1   1  49   2   1   1   1   2   2   0   1  28  0.23 0.01
  485 S    0  1  0  0 -2  1  3 -1 -1 -2 -2  3 -1 -2 -1  2  0 -2 -2 -2    2   1   1   1   1   1  26   2   1   1   2  28   1   1   1  24   2   0   1   2  0.34 0.01
  486 V    2 -2 -2 -2 -1 -1 -1 -1 -2  1  0 -1  0 -1 -1  0  0 -2 -1  3   29   1   1   1   1   1   2   2   1   1   2   2   1   1   1   2   2   0   1  48  0.18 0.01
  487 M    1 -2 -3 -4 -2 -1 -2 -3 -3  2  1 -2  5 -1 -2 -1 -1 -2 -2  1   24   0   0   0   0   0   0   0   0  27   0   0  49   0   0   0   0   0   0   0  0.35 0.02
  488 P   -1 -2 -3 -2 -4 -2 -2 -3 -3 -4 -4 -2 -3 -4  8 -1 -2 -5 -4 -3    0   0   0   0   0   0   0   0   0   0   0   0   0   0 100   0   0   0   0   0  2.70 0.04
  489 R    2  5 -1 -2 -3  0 -1 -2 -1 -3 -3  1 -2 -3 -2  0 -1 -3 -2 -2   34  66   0   0   0   0   0   0   0   0   0   0   0   0   0   0   0   0   0   0  0.66 0.01
  490 A    4 -2 -2 -3 -1 -1 -2 -1 -2  0 -1 -1 -1 -2 -1  0  0 -3 -2  2   66   0   0   0   0   0   0   0   0   0   0   0   0   0   0   0   0   0   0  34  0.39 0.01
  491 I    0 -1 -1  0 -2  0  3 -2 -1  2 -1 -1 -1 -2 -2  2  0 -4 -2  0    0   0   0   0   0   0  34   0   0  32   0   0   0   0   0  34   0   0   0   0  0.29 0.01
  492 S    1 -1  0 -1 -2 -1 -1 -1 -1 -3 -3 -1 -2 -3 -1  5  1 -4 -2 -2    0   0   0   0   0   0   0   0   0   0   0   0   0   0   0 100   0   0   0   0  0.76 0.02
  493 P   -1 -2 -3 -2 -4 -2 -2 -3 -2 -4 -3 -1 -3 -4  8 -1 -2 -5 -4 -3    0   0   0   0   0   0   0   0   0   0   0   0   0   0 100   0   0   0   0   0  2.65 0.01
  494 L   -2 -3 -4 -5 -2 -3 -4 -4 -3  1  4 -3  2  0 -3 -3 -2 -2 -2  1    0   0   0   0   0   0   0   0   0   0   0   0   0   0   0   0   0   0   0   0  0.00     0.00
  495 M   -1 -2 -3 -4 -2  0 -2 -4 -2  1  2 -2  6  0 -3 -2 -1 -2 -2  1    0   0   0   0   0   0   0   0   0   0   0   0   0   0   0   0   0   0   0   0  0.00     0.00
  496 R   -2  6 -1 -2 -4  1 -1 -3  0 -3 -3  2 -2 -4 -2 -1 -1 -3 -2 -3    0   0   0   0   0   0   0   0   0   0   0   0   0   0   0   0   0   0   0   0  0.00     0.00
  497 Q   -1  1  0 -1 -3  6  2 -2  1 -3 -3  1  0 -4 -2  0 -1 -3 -2 -2    0   0   0   0   0   0   0   0   0   0   0   0   0   0   0   0   0   0   0   0  0.00     0.00
  498 G    0 -3 -1 -2 -4 -2 -3  6 -3 -5 -4 -2 -4 -4 -3 -1 -2 -4 -4 -4    0   0   0   0   0   0   0   0   0   0   0   0   0   0   0   0   0   0   0   0  0.00     0.00
  499 L   -2 -3 -4 -5 -2 -3 -4 -4 -3  1  4 -3  2  0 -3 -3 -2 -2 -2  1    0   0   0   0   0   0   0   0   0   0   0   0   0   0   0   0   0   0   0   0  0.00     0.00
  500 E   -1 -1 -1  1 -5  2  5 -3  0 -4 -4  1 -2 -4 -2  0 -1 -4 -3 -3    0   0   0   0   0   0   0   0   0   0   0   0   0   0   0   0   0   0   0   0  0.00     0.00
  501 E   -1 -1 -1  1 -5  2  5 -3  0 -4 -4  1 -2 -4 -2  0 -1 -4 -3 -3    0   0   0   0   0   0   0   0   0   0   0   0   0   0   0   0   0   0   0   0  0.00     0.00
  502 N   -2 -1  6  1 -3  0 -1 -1  0 -4 -4  0 -3 -4 -3  0  0 -4 -3 -3    0   0   0   0   0   0   0   0   0   0   0   0   0   0   0   0   0   0   0   0  0.00     0.00
  503 S    1 -1  0 -1 -2  0  0 -1 -1 -3 -3 -1 -2 -3 -1  5  1 -4 -2 -2    0   0   0   0   0   0   0   0   0   0   0   0   0   0   0   0   0   0   0   0  0.00     0.00
  504 V    0 -3 -3 -4 -1 -2 -3 -4 -3  3  1 -3  1 -1 -3 -2  0 -3 -2  4    0   0   0   0   0   0   0   0   0   0   0   0   0   0   0   0   0   0   0   0  0.00     0.00

                      K         Lambda
Standard Ungapped    0.1795     0.3510
Standard Gapped      0.1100     0.3190
PSI Ungapped         0.1795     0.3510
PSI Gapped           0.1100     0.3190
