
Last position-specific scoring matrix computed, weighted observed percentages rounded down, information per position, and relative weight of gapless real matches to pseudocounts
           A  R  N  D  C  Q  E  G  H  I  L  K  M  F  P  S  T  W  Y  V   A   R   N   D   C   Q   E   G   H   I   L   K   M   F   P   S   T   W   Y   V
    1 M   -2 -2 -3 -4 -2 -1 -3 -4 -3  1  3 -2  6  0 -3 -2 -1 -2 -2  0    0   0   0   0   0   0   0   0   0   0  21   0  79   0   0   0   0   0   0   0  0.69 0.05
    2 G    2 -2 -1 -2 -2 -2 -2  5 -2 -4 -3 -1 -3 -3 -2  2  0 -4 -3 -2   20   0   0   0   0   0   0  55   0   0   0   0   0   0   0  24   0   0   0   0  0.73 0.02
    3 Y   -1 -1 -2 -3 -3 -1 -2 -3  0 -1 -1  1 -1  3 -3  0  3  0  5 -1    0   0   0   0   0   0   0   0   0   0   0  12   0  20   0   0  33   0  35   0  0.48 0.02
    4 D   -1 -2  0  3 -2 -1  0 -2 -1 -1 -1 -1 -1  4 -2  0  2 -1  1 -1    1   1   1  30   0   1   1   1   0   1   2   1   0  33   1   1  22   0   1   1  0.34 0.02
    5 Q   -1  0 -1  0 -4  2  4 -2 -1 -3 -3  3 -2 -3 -2  1 -1 -3 -3 -3    1   1   0   1   0   5  43   1   0   1   1  35   0   0   1  10   1   0   0   1  0.64 0.08
    6 T   -1  0 -1 -2 -3  2 -1 -2 -2 -2 -3  1 -2 -3  2  2  4 -4 -3 -2    0   4   0   0   0  12   0   0   0   0   0   9   0   0   9  15  51   0   0   0  0.59 0.10
    7 R    0  4  1  1 -4  2  0  0  2 -4 -4  2 -2 -4  1 -1 -2 -4 -2 -3    7  37   8   8   0  10   0   8   7   0   0   8   0   0   7   0   0   0   0   0  0.50 0.08
    8 K   -2  2  3  2 -4  0  2  0 -1 -3 -2  3 -2 -4 -2  0 -1 -4 -3 -3    0  10  22  13   0   0  12   6   0   0   5  27   0   0   0   6   0   0   0   0  0.46 0.09
    9 L   -2 -4 -4 -5 -3 -3 -4 -5 -3  2  3 -4  1  4 -4 -3 -2 -2  1  2    0   0   0   0   0   0   0   0   0  14  32   0   3  23   0   0   0   0   5  23  0.58 0.13
   10 S    0  0  2  1 -3  1  2 -2  1 -2 -1  0 -2 -3 -2  2  1 -4 -3 -1    3   4  13   6   0   4  18   0   4   0   7   5   0   0   0  24   9   0   0   3  0.32 0.10
   11 D   -3 -2  0  6 -5  2  2 -3 -2 -5 -5  1 -4 -5 -3  0 -2 -6 -5 -5    0   0   0  65   0   8  14   0   0   0   0   9   0   0   0   4   0   0   0   0  1.26 0.26
   12 E   -1  2  1  3 -4  1  1 -3  4 -3 -2  1 -2  0 -3 -1 -2 -3  0 -2    5  12   8  21   0   8   9   0  14   0   4   8   0   6   0   0   0   0   3   4  0.35 0.10
   13 Y   -4 -4 -5 -6 -5 -4 -5 -6  0 -4 -3 -4 -3  2 -6 -4 -4  5  8 -4    0   0   0   0   0   0   0   0   0   0   0   0   0   4   0   0   0   7  89   0  2.37 0.44
   14 E   -2  1  2  2 -5  1  4 -3  2 -2 -2  2 -2 -4 -3 -1  0 -5 -3 -2    0   7  10  13   0   4  36   0   5   3   3  11   0   0   0   0   4   0   0   3  0.53 0.15
   15 I   -2 -4 -4 -5 -3 -3 -4 -5 -4  4  2 -4  3  0 -4 -3  0 -3 -2  3    0   0   0   0   0   0   0   0   0  38  23   0   7   3   0   0   5   0   0  24  0.68 0.18
   16 S    0 -1 -1 -2 -4  0 -1  4  2 -1  0  0 -2 -3 -3  1 -1 -4 -3 -1    4   2   0   0   0   4   3  46   7   4  10   6   0   0   0  10   4   0   0   3  0.46 0.14
   17 E   -2  0  1  1 -5  0  4 -1  0 -4 -4  2 -3 -5 -1  1 -1 -5 -4 -4    0   2   7   7   0   0  45   4   2   0   0  17   0   0   3  11   2   0   0   0  0.69 0.19
   18 I   -1  0 -2  0 -3  0  2 -4 -2  1  1  0  2 -2  0 -1 -1 -4 -3  2    0   4   0   4   0   3  22   0   0  11  10   8   8   0   3   3   3   0   0  21  0.22 0.10
   19 L   -3 -4 -5 -6 -3 -4 -5 -6 -5  1  5 -4  1 -1 -5 -4 -3 -4 -3  1    0   0   0   0   0   0   0   0   0   6  87   0   0   0   0   0   0   0   0   7  1.14 0.27
   20 G   -2 -4 -2 -3 -5 -4 -4  7 -4 -6 -6 -4 -5 -6 -5 -2 -4 -5 -6 -6    0   0   0   0   0   0   0 100   0   0   0   0   0   0   0   0   0   0   0   0  2.11 0.38
   21 R    0  4  1  0 -4  0  1 -3  1 -3 -3  2 -2 -4 -3  2  1 -4 -3 -1    5  30   5   3   0   0   7   0   3   0   0  17   0   0   0  16  11   0   0   4  0.49 0.17
   22 G   -2 -4 -2 -3 -5 -4 -4  6 -4 -5 -5 -4 -5 -5 -5 -2 -3 -5 -6 -1    0   0   0   0   0   0   0  93   0   0   0   0   0   0   0   0   0   0   0   7  1.87 0.40
   23 G    2 -2  1 -2 -3  3 -1  3  1 -1 -3  0 -2 -4 -3  2 -1 -4 -3 -2   22   0   7   0   0  20   0  22   4   5   0   3   0   0   0  16   0   0   0   0  0.45 0.18
   24 F   -4  0 -1 -5 -4 -1 -5 -5 -3 -2 -2 -4 -2  7 -5 -4 -4 -1  3 -3    0   5   3   0   0   3   0   0   0   0   0   0   0  81   0   0   0   0   7   0  1.69 0.41
   25 S    3  0 -2 -3  1 -2 -2  2 -3 -4 -4 -2 -3 -4 -2  4  1 -5 -4 -3   35   4   0   0   3   0   0  14   0   0   0   0   0   0   0  38   6   0   0   0  0.69 0.27
   26 V   -2 -2 -3 -3 -3  0  1 -4 -3  2  1  1  1 -2 -3 -1  1 -4 -3  3    0   0   0   0   0   4  10   0   0  13  10  12   3   0   0   2  12   0   0  34  0.33 0.17
   27 V    0 -4 -5 -5 -3 -4 -4 -5 -5  2 -1 -4 -1 -3 -4 -3  0 -5 -4  6    5   0   0   0   0   0   0   0   0   6   0   0   0   0   0   0   6   0   0  83  1.20 0.40
   28 R   -3  5  1 -3 -5 -1 -2 -4  3 -4 -3  2  0  1 -3 -1  0 -3  1 -3    0  43   8   0   0   0   0   0   8   0   0  13   3   9   0   3   7   0   6   0  0.71 0.26
   29 K   -2  3 -2 -3 -4 -1 -1 -4 -1  1  1  4 -1 -3 -3 -1 -2 -5 -3 -2    2  15   0   0   0   0   3   0   2  13  20  42   0   0   0   3   0   0   0   0  0.59 0.27
   30 G    2 -4 -3 -4  6 -3 -4  3 -4 -2  0 -3 -2 -3 -4 -2 -2 -5 -4  2   24   0   0   0  22   0   0  29   0   0   8   0   0   0   0   0   0   0   0  17  0.69 0.27
   31 T   -1  2 -2 -2 -3  0  0 -1  1  1 -2  1  0 -3 -3  0  3 -4 -3  1    2  12   0   0   0   3   8   5   4  14   0   8   3   0   0   3  27   0   0  12  0.26 0.17
   32 K   -2  2  2  2 -4  1  2 -3  5 -4 -3  2 -3 -3  0  0 -2 -4  0 -4    0  14   9  14   0   3  13   0  20   0   2  11   0   0   3   6   0   0   3   0  0.52 0.19
   33 K   -2  3 -2 -3 -4  1  0 -1 -2 -3 -2  5 -2  0 -3 -2 -2 -4 -3 -2    1  19   0   0   0   3   3   5   0   0   3  54   0   6   0   0   0   0   0   3  0.83 0.31
   34 S    0  0  1  0 -3 -1  0 -1 -1 -1 -2 -1 -2 -2  0  3  2  0  1  0    2   6   5   3   0   2   6   2   0   3   3   1   0   0   5  33  14   2   6   6  0.26 0.15
   35 G    0  0  2  1 -3 -1  0  1 -2 -3 -3 -1 -2 -3 -2  2  3 -3 -3 -2    3   6  10   8   0   1   7  11   0   1   1   1   0   1   1  21  26   0   0   1  0.38 0.16
   36 N   -2 -1  3  2 -4 -1  0  3  3 -3 -4  1 -3 -4 -1  0 -2 -4 -3 -4    0   1  21  11   0   0   5  31  10   1   0   9   0   0   3   4   0   0   0   0  0.58 0.22
   37 E   -2  1  1  3 -3  1  3 -1 -1 -2 -2  0  0 -3  2 -1 -1 -3 -3 -1    1  10   7  17   0   5  25   4   0   1   1   4   3   1   9   1   3   0   0   8  0.37 0.14
   38 K   -1  1  1 -1 -3  2  1  0 -1 -2 -2  3 -2 -2 -1  0  0 -2  0 -2    4   6   7   1   1   8  10   9   1   1   2  30   1   1   1   5   5   0   4   2  0.30 0.11
   39 T    1 -1  0 -2  2 -1 -1 -2 -1 -1  0 -1 -1  0  0  1  2 -2  1  0   13   2   5   1   6   2   2   2   1   1  14   3   1   4   4  11  15   0   8   6  0.10 0.07
   40 Q    1  1  0  0 -3  2  1 -1  0 -2 -2  0  0  0 -2  0  0 -2  1 -1   14   9   5   3   0  15  11   4   2   1   1   5   3   5   1   4   7   0   5   5  0.17 0.09
   41 V    0 -2 -3 -1  2 -2 -2 -3 -2  0 -1  0 -1  3 -3 -1 -1 -2  2  3    9   1   1   5   6   1   1   1   0   1   1   8   0  17   1   4   1   0   8  37  0.30 0.19
   42 A    4 -2  0 -1 -3 -2 -2 -2 -2 -3 -3  2 -3 -1  0  0 -1 -3  1 -2   59   0   4   3   0   0   1   1   0   0   1  14   0   3   3   5   0   0   5   1  0.63 0.30
   43 I    0 -3 -3 -4  2 -3 -3 -1 -2  3  1 -3  0  2 -3 -2 -1 -2  2  2    8   0   0   0   5   0   1   4   0  26  16   0   0   9   0   1   2   0   9  17  0.31 0.15
   44 K   -1  3  0 -2 -4 -1 -1 -3 -2  0 -3  5 -2 -1  0 -2 -2 -4 -3 -3    5  14   5   0   0   0   0   0   0   8   1  56   0   3   5   0   0   0   0   0  0.77 0.31
   45 T    0 -1 -2 -2  2 -1  0 -3 -2  0 -1  0  0  2 -2  1  3 -3 -1  0    7   3   0   0   6   0   5   0   0   6   5   7   2  12   0  11  29   0   0   6  0.23 0.16
   46 L   -2 -1 -2 -1 -2 -2 -2 -1 -2  3  2  1  2 -1 -3 -1 -1 -3  0  2    1   3   1   5   0   1   1   5   0  23  21  10   6   0   1   3   1   0   4  14  0.19 0.13
   47 R   -2  4 -1  0 -4  1  1 -1 -1 -4 -3  4 -3 -1  1  0 -2 -4 -3 -3    1  28   0   5   0   6   9   4   0   0   1  32   0   4   6   4   1   0   0   1  0.61 0.24
   48 R   -1  3 -1 -2 -4  1  0 -1 -2  0 -1  4 -2 -3  0 -1 -1 -3  0 -2    3  19   0   0   0   5   4   4   0   6   4  38   0   0   3   4   3   0   4   0  0.45 0.23
   49 L    0  1  0 -2 -3 -1 -2 -3  1  1  1  1  0  0  2 -1 -1 -2  1  0   10  11   5   0   0   0   1   1   4   9  18  13   0   5   9   1   0   0   6   6  0.13 0.10
   50 G    0  1  1 -1 -3  1  1  0 -1  0  0 -1 -1 -2  2  0 -1 -2  1 -1    9   9   9   0   0   9   9   9   0   9   9   0   0   0   9   9   0   0   9   1  0.13 0.10
   51 S    1 -1 -1  1 -3  1  1  0  1 -2 -2  0 -2 -1  0  2  1 -3  0 -2   10   1   1   9   0   8   6   5   5   2   3   6   0   3   4  21  12   0   3   1  0.21 0.11
   52 S    0  0  1 -1 -3  0  0  3 -1 -3 -3  1 -2 -1  2  1 -1 -3  1 -2    8   5   8   2   0   3   5  23   0   1   1   8   0   3   9  13   3   0   6   2  0.26 0.11
   53 P    0  0  0 -1 -3  1  1  0 -1 -3 -3  0 -1 -3  4  1  1 -3 -1 -2    8   4   4   1   0   6   9   7   1   1   2   5   2   1  22  14   8   0   3   3  0.38 0.12
   54 S    0  1  0 -1 -2 -1 -1 -1  0 -1 -1  0 -1  2 -2  2  1 -2  2 -1    7   9   3   3   0   1   4   3   3   4   7   5   1  13   1  18  10   0   8   1  0.13 0.08
   55 G    0  0  0 -1 -1  0  0  4 -2 -2 -2 -1 -2 -1 -1  0 -1 -3 -1  0    6   7   5   2   2   3   5  38   1   1   2   3   1   2   2   4   4   0   2  10  0.32 0.12
   56 T    1  2  1 -1  0  1 -1 -2 -1  0 -1  1  0 -2 -1  0  2 -3 -2  0   11  12   8   1   2   6   2   2   1   7   3   8   3   1   3   7  16   0   1   7  0.14 0.07
   57 G    0  0  0 -1 -1 -1  0  3 -1 -2 -2  1 -2 -2 -1  0  0 -1 -2  0    9   4   4   3   1   2   5  28   2   1   4  11   1   1   2   7   7   1   1   8  0.21 0.08
   58 G    1  1  0  0  0  0 -1  2 -1 -2 -1  0 -2 -2 -2  0  0 -2  1 -1   16  10   5   7   2   3   3  22   1   3   5   5   1   1   1   4   4   0   7   2  0.15 0.07
   59 G   -1  0 -1  0 -1  0  0  3 -1 -1 -1  1 -2 -2 -1  0  1 -3 -2 -1    3   5   1   5   1   3   5  28   1   3   6   8   1   1   2   6  12   0   1   6  0.20 0.09
   60 Q   -1 -1  0  0  2  3  3 -1  4 -3 -2  1 -1 -3 -1  0  1 -3 -2 -3    2   2   4   3   5  15  22   4  13   1   3   6   1   1   3   5   8   0   1   1  0.39 0.17
   61 K   -1  3 -1 -2 -4 -1 -1 -2  0  0 -2  5 -2 -2 -1 -1  0 -4 -3  0    4  15   3   2   0   1   2   2   2   5   2  40   0   2   2   3   7   0   0   6  0.53 0.24
   62 S    1  0  0  0 -3 -1  2  0 -2 -2 -2  0 -2 -1 -1  3  0  0  0  0   13   5   3   5   0   1  14   5   0   2   2   5   0   3   2  25   4   1   4   7  0.21 0.14
   63 T    1  0  0 -2  0 -1 -1 -1 -1 -1 -1 -1 -2 -2 -2  1  4  0 -3 -1   15   4   4   2   2   3   2   4   1   2   7   2   0   2   1   8  36   2   0   4  0.35 0.21
   64 A    2 -1 -1 -2  0 -1 -1  4 -2 -2 -3  0  1 -1  0 -1 -1 -3 -3 -1   21   3   2   2   2   2   4  34   1   2   1   6   4   4   4   2   2   0   0   5  0.38 0.17
   65 T    0  0  0  0 -1  1  1 -2  0 -1 -1  2 -1 -2 -1  0  2 -3 -1  0    9   5   4   6   1   5   7   2   2   3   4  14   1   2   3   4  17   0   2   8  0.14 0.09
   66 V    0 -1 -1 -1  0  0  0 -1  1  1  0  0  0 -1 -1  0  0  0 -2  1   10   2   2   3   2   4   8   4   5  13   6   8   1   2   2   5   3   2   0  16  0.05 0.06
   67 M   -2  1 -1 -2 -1 -1 -1 -2 -1  2  1  0  2  2 -1 -2 -1  0  1  0    1  12   2   2   2   1   5   3   1  14  15   4   8  12   2   1   2   1   6   6  0.14 0.10
   68 G    4 -1 -1  1 -3  0  0  1  0 -2 -2  1 -2 -2 -1  0 -2 -1 -3 -2   43   2   2   7   0   3   4  12   3   2   4   7   0   1   2   4   1   1   0   2  0.38 0.20
   69 F    0 -2  0 -3  2 -2 -2 -3  0  2  0  0  1  2 -3 -1  0 -2  1  2    7   1   5   1   5   1   1   1   3  17   6   8   4  12   1   2   4   0   6  16  0.17 0.11
   70 P   -1 -1 -1 -2 -4  0 -1 -1 -2 -1 -3  5 -3 -1  3 -2 -1 -4 -2 -2    3   1   2   1   0   4   2   4   0   4   2  48   0   2  16   2   3   0   1   3  0.74 0.29
   71 S    1 -1 -1 -1  0 -1 -1 -1 -2  0 -2  1  0  0 -1  2  1 -3 -1  0   16   3   1   4   2   2   2   2   0   5   2  10   2   5   2  20  11   0   1   8  0.17 0.12
   72 L   -2 -1 -3 -3  1 -2 -3 -3 -3  3  2  0  1  0 -2 -2 -1  3  0  1    2   3   1   1   4   1   1   1   0  26  22   8   3   2   2   2   2   4   4  10  0.30 0.15
   73 R   -1  5  0 -1 -4  0  0 -3  0 -4 -2  4 -3 -4 -1  0 -1 -4 -2 -2    3  34   4   3   0   2   4   1   1   1   3  27   0   0   2   7   2   0   2   3  0.70 0.29
   74 Q   -1  2  0 -1 -2  3  0 -2  0 -1 -1  4 -1 -4 -3  0 -1 -4 -3 -2    5   8   3   3   1  16   5   2   3   4   7  30   1   0   0   7   3   0   0   1  0.43 0.23
   75 V    1 -1 -1 -2  2  0 -2 -1 -1  1 -1 -1  1 -1 -2  0  0 -3 -1  2   12   3   3   2   6   4   1   4   1  10   3   4   4   2   1   9   5   0   2  25  0.13 0.11
   76 S    0  0  0 -1 -3  0  0 -1  0 -3 -2  3 -3 -2 -3  4  0 -4 -2 -2    8   4   5   2   0   2   5   4   2   1   3  19   0   1   1  34   5   0   1   1  0.42 0.23
   77 V    0 -1 -1 -1 -1  0 -1  1 -2  2  0  0  0 -1 -2  0 -1 -3 -2  2    8   2   2   2   1   4   3  13   1  15  10   8   2   2   2   5   2   0   1  18  0.09 0.09
   78 S    0  2  1  0 -3  0  0 -2 -1 -1 -3  2 -1 -2 -3  3  1 -4  0 -2    7  10   5   5   0   3   4   1   1   4   2  16   1   2   0  25   8   0   4   2  0.31 0.19
   79 D   -2  1  1  3  0  0  4 -3  1 -3 -4  2 -2 -4  0 -1 -1 -5 -1 -2    2   6   7  20   2   1  29   1   3   1   1  11   1   0   4   2   3   0   2   3  0.54 0.26
   80 A    2 -1 -1 -1  0  0  1 -1  3 -2 -1  1 -2 -3 -1  1  0 -4 -2  0   26   2   2   3   2   4   8   4   8   2   5  10   0   1   3   9   4   0   1   6  0.20 0.15
   81 L    0 -1 -2 -2 -4 -2  0 -2  0  1  3 -1  5 -1 -3 -1 -1 -4 -3  1    7   3   1   2   0   1   5   2   3   6  27   4  21   1   1   3   3   0   0   7  0.37 0.24
   82 L   -3 -3 -4 -2 -1 -4 -5 -5 -5  3  4 -2  2  0 -5 -3 -2 -3 -4  3    1   1   1   3   1   0   0   1   0  21  38   2   5   3   0   2   1   0   0  18  0.71 0.33
   83 T   -1  3 -1  0 -4  1  2 -3  0 -2 -2  2  0 -3  0 -1  2 -2 -1 -1    5  16   2   4   0   7  17   1   2   3   4  11   2   1   3   3  13   0   2   4  0.29 0.19
   84 N   -3  3  6  1 -4  1  1 -3  0 -5 -5  1 -4 -6 -5  0 -1 -6 -3 -4    1  18  39   6   0   5   7   1   2   0   1   7   0   0   0   7   3   0   1   1  0.94 0.45
   85 E   -3 -2 -3  1 -4 -1  7 -5 -2 -8 -7 -2 -2 -8 -6 -4 -5 -8 -7 -7    2   2   1   5   0   1  84   0   1   0   0   1   1   0   0   0   0   0   0   0  2.23 0.86
   86 I   -3 -4 -6 -6 -2 -4 -5 -7 -4  6  1 -6  0 -4 -6 -3 -3 -3 -2  4    1   1   0   0   1   1   1   0   0  46  11   0   2   0   0   1   1   0   1  33  1.31 0.53
   87 L    1  0  0  0 -1  1  1 -2  0 -1  0  0  1 -1 -3  1  0 -4 -1 -1   16   6   4   6   1   5  13   2   2   4  12   3   5   3   0  11   3   0   1   2  0.12 0.12
   88 V   -1 -3 -2 -2 -3 -4 -4 -6 -1  5  0 -2  0 -2 -5 -2 -2 -5 -4  3    5   1   2   2   0   0   1   0   2  44   8   2   2   1   0   2   2   0   0  25  0.89 0.41
   89 M   -5 -4 -6 -6 -5 -2  1 -7 -3 -1  4 -4  7 -2 -6 -4 -3 -5 -1 -1    0   1   0   0   0   1  10   0   1   2  46   1  32   1   0   1   1   0   2   2  1.38 0.59
   90 R   -2  5  0 -3 -3  0 -1 -3  0 -2 -4  4  0 -4 -5 -1 -2 -6 -5 -1    3  40   5   1   1   4   3   1   2   2   1  26   2   1   0   3   2   0   0   4  0.97 0.45
   91 R   -1  5 -1 -2 -2  3  0 -3  1 -3 -2  3 -1 -5 -3 -1 -1 -5 -4 -3    4  32   2   2   1  15   5   1   3   2   4  18   1   0   1   4   3   0   0   1  0.73 0.37
   92 I   -3 -5 -5 -4  0 -4 -1 -5 -5  5  3 -5  1 -2 -5 -4 -4 -5 -4  3    2   0   0   1   2   0   4   1   0  37  28   0   3   1   0   1   0   0   0  20  1.02 0.43
   93 V   -1  0 -1 -2  0 -1 -1 -1  0  1  2 -1  3 -1 -1  0 -1  0 -1  1    5   5   3   2   2   2   3   4   2   6  22   3  12   2   2   8   3   1   1  10  0.12 0.08
   94 E    0  1  0  0 -2  2  2 -1  1 -1 -1  1  1 -1 -1  0  0 -2 -1 -1    6   6   3   5   1  10  14   5   4   3   6  10   5   2   2   7   4   1   3   4  0.12 0.05
   95 N    0  0  3  0 -2  0  0  0  2 -1 -1  1  0 -1 -1  0  0 -1 -1 -1    7   5  17   4   1   4   5   6   7   4   7   7   2   2   2   8   5   1   2   3  0.13 0.06
   96 V    0 -1 -1 -1  0 -1 -1 -1  0  1  2 -1  1 -1 -1 -1  0 -1 -1  2    6   3   3   3   2   3   4   4   2   7  25   3   3   2   3   4   4   1   2  15  0.09 0.05
   97 S    0  0  0  0  0  0  0  0  0 -1  0  0 -1 -1  0  2  0 -2 -1 -1    7   4   5   4   2   4   4   9   2   3  11   6   2   2   3  21   5   1   2   4  0.09 0.05
   98 P   -1  1  1  2 -3  1  0  2  2 -3 -3  1 -3 -3  1  0 -1 -3 -2 -2    3  10   7  15   0   5   3  15   5   1   2  10   0   1   8   6   4   0   1   2  0.29 0.14
   99 H   -6 -4 -2 -6 -4 -1 -5 -5 10 -7 -7 -5 -6 -4 -7 -5 -4 -7 -2 -6    0   1   2   0   1   2   0   1  89   0   0   0   0   0   0   1   1   0   1   0  3.67 1.20
  100 P   -3 -1 -4 -2 -5  0 -1 -6 -2 -6 -7  0 -3 -7  7 -3 -4 -8 -7 -4    1   3   0   2   0   4   5   0   1   0   0   5   1   0  71   2   1   0   0   1  2.16 0.84
  101 N   -4  0  7 -3  0 -3 -5 -3  5 -7 -5 -1 -4 -3 -6 -2 -4 -3 -1 -7    1   4  66   0   2   1   0   1  12   0   1   4   0   1   0   2   0   0   3   0  1.95 0.81
  102 V   -4 -7 -7 -8  0 -4 -7 -8 -7  6  1 -7 -1 -4 -7 -5 -3 -7 -5  4    1   0   0   0   2   1   0   0   0  56  11   0   1   0   0   1   1   0   0  27  1.69 0.66
  103 I   -1 -6 -5 -7 -1 -6 -5 -7 -7  5  1 -5  2 -4 -5 -4 -3 -6 -5  5    4   0   1   0   1   0   1   0   0  33  12   1   4   0   0   1   1   0   0  41  1.26 0.55
  104 D   -1  3  0  0  1  3  0 -2  1 -4 -3  3 -2 -3 -3  0  0 -5 -1 -4    4  18   4   5   4  15   5   3   3   0   2  21   1   1   1   6   6   0   2   1  0.50 0.31
  105 L   -4 -7 -7 -8  0 -6 -7 -8 -7  1  6 -7  1  2 -7 -6 -4 -6 -3  0    1   0   0   0   2   0   0   0   0   7  73   0   3   7   0   0   1   0   1   5  1.57 0.64
  106 Y   -4  0 -3 -4  0 -2  0 -6  5  1  0  1 -1  2 -5 -4 -4  0  5  0    1   5   1   1   2   1   5   0  18  10   8   9   1   7   0   0   0   1  23   7  0.73 0.39
  107 D   -1 -3 -2  5 -4  0  5  0 -1 -7 -6 -1 -6 -7 -5 -2 -3 -8 -5 -6    6   1   1  40   0   3  34   7   2   0   0   2   0   0   0   2   1   0   0   0  1.30 0.60
  108 V    1 -5 -5 -3  0 -3 -1 -4  0  2 -1 -4  0  2 -5 -1  0  2  0  4   13   0   0   1   2   0   3   1   2   9   4   0   2   9   0   3   7   3   4  37  0.55 0.34
  109 C   -4 -6 -6 -6 -2 -4 -4 -7  0  0 -1 -5 -2  6 -7 -4 -5  1  7 -2    1   0   0   0   1   1   1   0   2   5   4   0   1  36   0   1   0   2  40   3  1.78 0.71
  110 E   -3 -2 -2  2 -7  1  6 -5  0 -4 -4 -2 -3 -4 -4 -1 -1 -7 -3 -4    2   2   1  13   0   6  58   0   2   1   2   2   1   1   0   4   3   0   1   1  1.27 0.61
  111 D   -2 -5  0  5 -3 -2  1 -3 -3 -5 -5 -3 -4 -4 -4  1  4 -4 -4 -4    2   0   4  41   0   1   9   2   1   0   1   0   0   1   0  12  24   0   0   1  1.09 0.54
  112 S    0  1  0  2 -3  1  2 -1  0 -3 -4  2 -2 -4  2  1 -1 -6 -3 -3    9   8   4  12   0   5  14   4   2   1   0  12   1   0  11  11   3   0   0   1  0.38 0.24
  113 N   -1  0  2  3 -1  0  1 -1  2 -3 -3  2 -2 -2 -3  1  1 -4 -2 -3    3   5  12  15   2   3  10   4   5   1   3  13   1   2   1  10  10   0   1   1  0.34 0.23
  114 G   -1  1  2  0  0  0  2 -1  4 -4 -4  1 -1  1 -3  0 -1 -2  2 -3    4   8  11   3   3   3  15   3  10   0   1   9   2   6   1   7   4   0   9   1  0.33 0.23
  115 V   -2 -4 -4 -4  0 -4 -4 -5 -1  3  2 -3  2  3 -4 -3 -1 -1  3  3    1   0   0   0   2   0   0   1   1  17  15   1   7  11   0   1   2   1  13  26  0.58 0.28
  116 H   -2 -2 -2 -4  0 -2 -3 -5  5 -1 -1 -4 -2  3 -5 -2 -2  1  6 -1    2   2   1   1   2   1   1   0  18   4   5   0   1  10   0   2   1   1  41   5  1.08 0.44
  117 L   -3 -4 -5 -6  0 -4 -5 -5 -5  3  4 -4  3  1 -3 -4 -2 -4 -2  0    1   0   0   0   2   0   0   0   0  24  51   0   9   6   1   0   1   0   1   3  0.93 0.38
  118 V   -2 -5 -5 -5 -1 -3 -3 -5 -5  3  0 -4 -1 -2 -3 -3 -2 -5 -4  6    2   0   0   0   1   1   1   0   0  16   5   0   1   1   1   2   1   0   0  66  1.16 0.47
  119 L   -3 -4 -4 -5 -2  0 -3 -4 -4  0  3 -4  7  1 -4 -1  2 -4 -1 -1    0   0   0   0   1   4   1   1   0   4  23   0  40   5   0   4  13   0   1   2  0.95 0.45
  120 E   -3 -3 -2  2 -6  0  6 -4 -1 -5 -3 -2 -4 -6 -3 -3 -3 -6 -5 -4    1   0   1  13   0   3  73   1   1   0   3   1   0   0   1   0   1   0   0   1  1.59 0.61
  121 L   -2 -3 -5 -5  0 -3 -4 -6  0  0  4 -3  1  2 -3 -3 -3 -3  4 -1    2   1   0   0   2   1   1   0   3   5  54   1   3   9   1   1   1   0  14   1  0.81 0.37
  122 C    2 -4 -5 -5  8 -3 -4 -3 -5  1  0 -4  2 -3 -3 -2 -3  1 -2  2   16   0   0   0  38   1   0   1   0   6  10   0   6   0   1   1   0   2   1  14  0.99 0.39
  123 S    0  0  0  1 -2  1  1 -1 -1 -3 -3  0 -1 -3  0  2  2 -4  0 -2    7   6   3   9   1   5   8   2   1   1   1   6   2   0   5  22  13   0   5   1  0.27 0.17
  124 G   -1 -4 -1 -2 -1 -4 -2  6 -4 -6 -6 -3 -5 -5 -1 -3 -4  3 -5 -5    5   0   2   2   1   0   2  77   0   0   0   1   0   0   3   0   0   4   0   0  1.57 0.47
  125 G   -2 -2 -3 -4 -1 -2 -3  6 -1 -6 -6 -2 -5 -6 -1 -1 -3 -6 -5 -4    1   2   0   0   2   2   2  78   2   0   0   2   0   0   3   3   1   0   0   1  1.55 0.48
  126 E   -3 -1 -2  3 -6  1  5 -2 -3 -5 -5 -2 -1 -5 -2 -1  1 -6 -5 -2    0   2   0  15   0   4  57   4   0   0   0   0   2   0   1   2   9   0   0   2  1.07 0.42
  127 L   -4 -5 -6 -6 -4 -4 -1 -7 -5  2  5 -5  2 -2 -5 -5 -4 -5 -4  1    0   0   0   0   0   0   5   0   0  12  72   0   5   0   0   0   0   0   0   7  1.26 0.45
  128 F   -2 -5 -5 -6  3 -5 -2 -6  0 -1  2 -5  0  6 -6 -4 -4  1  3 -1    2   0   0   0   7   0   3   0   2   3  16   0   2  50   0   0   0   2   9   3  1.15 0.41
  129 D   -2 -1  1  5 -5  1  2 -2  1 -3 -5  2 -4 -2 -3 -1 -1 -5 -1 -4    3   2   5  45   0   5  12   2   3   2   0  12   0   2   0   2   3   0   2   0  0.83 0.32
  130 R   -1  5 -1 -2 -2  1  0 -3  2 -3 -1  2 -1 -1 -4 -2 -2  1  1 -2    4  44   1   2   1   4   4   1   6   1   5  11   1   2   0   2   1   2   5   2  0.68 0.31
  131 I   -3 -5 -5 -5  2 -4 -2 -6 -5  6  2 -5  2  0 -5 -4 -1 -4 -3  2    0   0   0   0   4   0   2   0   0  53  16   0   6   3   0   0   3   0   0  10  0.99 0.37
  132 V    0 -2 -3 -4  1 -2 -1 -4 -3  3  0 -1  0 -3 -5 -1  1 -3 -3  4    9   2   1   1   3   2   4   1   1  18   8   3   2   0   0   5   9   0   0  31  0.51 0.30
  133 A    2  0 -1  2 -3  2  3  0 -2 -4 -3  2 -1 -5 -2  1 -1 -5 -4 -3   16   4   2  10   1  10  17   6   1   1   2  12   2   0   2  11   3   0   0   1  0.38 0.26
  134 Q   -2  3  0  1 -3  2  1 -4  1 -4 -3  4  0 -3 -3  0 -2 -6 -2 -3    3  17   5   9   1  11   9   1   3   1   3  25   2   1   1   5   1   0   2   2  0.57 0.33
  135 D   -2  0  0  3 -6  0  1  4  0 -4 -5  1 -5 -6 -2 -1  0 -7 -6 -2    2   4   5  15   0   4   9  34   3   1   0   8   0   0   2   5   6   0   0   3  0.62 0.34
  136 K   -2  3  1 -2  1  0 -1 -2  4 -4 -4  3 -3  0 -2  1  0 -5  1 -2    3  15   6   1   3   3   4   3  12   0   1  16   0   5   2  10   7   0   5   2  0.42 0.28
  137 Y   -7 -7 -8 -8 -3 -7 -8 -9  0 -1  2 -7  0  6 -8 -6 -4 -4  7 -2    0   0   0   0   1   0   0   0   2   3  16   0   2  37   0   0   1   0  36   3  1.93 0.75
  138 A   -3 -3  0 -1  0 -2 -2 -3 -3 -4 -4  0 -3 -3 -1  4  4 -7 -2 -2    1   1   4   3   2   2   3   1   1   1   1   5   0   1   4  39  29   0   1   2  0.91 0.53
  139 E   -6 -6 -6 -2-10 -3  7 -8 -2 -9 -3 -5 -3 -9 -7 -6 -4 -9 -4 -8    0   0   0   1   0   1  91   0   1   0   3   0   1   0   0   0   1   0   1   0  2.75 1.10
  140 T    1  3 -1  0 -2  1  0 -3  1 -2 -3  2 -2 -3 -1  0  1 -2 -2 -1   13  20   3   4   1   4   6   1   4   2   2  15   1   1   3   7   8   0   2   4  0.32 0.23
  141 E   -2 -3 -1  5 -2  0  5 -3 -1 -3 -6 -1 -3 -5 -6 -3 -1 -8 -2 -3    3   1   2  32   1   3  40   1   2   2   0   4   1   0   0   1   4   0   2   2  1.16 0.57
  142 A    6 -5 -6 -5  2 -6 -4 -4 -6 -3 -4 -3 -3 -7 -3  0  0 -8 -7 -1   73   0   0   0   4   0   1   1   0   2   2   1   0   0   1   5   4   0   0   4  1.61 0.75
  143 A    4  2 -3 -3  0 -1 -3 -2 -3  0 -4  0 -2 -6 -5  2 -2 -1 -4  0   40  12   1   1   2   2   1   3   0   6   1   5   1   0   0  15   2   1   0   5  0.65 0.41
  144 A    0  2  1  0  1  1  0 -1  2 -1 -1  1 -1 -1 -3  0  0 -2 -2  0    9  11   6   5   3   5   5   5   7   3   7  10   1   3   1   8   5   1   1   6  0.10 0.09
  145 V   -2 -6 -6 -7  1 -6 -6 -6 -3  4  2 -5  3  3 -6 -5 -1 -1  2  3    3   0   0   0   3   0   0   0   1  27  17   0   7  10   0   0   4   1   8  19  0.89 0.41
  146 V   -1 -5 -5 -6  3 -4 -5 -3 -4  3  1 -4  4  3 -5 -2  0 -4 -1  2    4   0   0   0   6   0   0   2   0  21  10   0  16  15   0   2   6   0   2  16  0.64 0.33
  147 R   -2  5 -1 -4  0  1 -1 -2  1 -2 -1  3 -1 -1 -4 -1 -1  0  0 -2    2  36   2   0   2   4   2   2   4   2   5  19   1   2   0   4   4   1   4   2  0.61 0.33
  148 Q   -1 -1  0  1 -1  6  0 -3  1 -2 -3  0  1 -5 -2 -1  1 -5 -2 -2    5   2   5   8   2  43   3   2   4   3   1   4   4   0   2   4   7   0   1   3  0.70 0.41
  149 I   -1  0 -4 -5  2 -3 -4 -4 -4  4  2 -3  2  1 -4 -3  0 -3 -2  2    6   6   0   0   6   0   0   0   0  32  18   0   7   6   0   0   6   0   0  14  0.44 0.20
  150 A    0 -1 -1 -3  2 -2 -3 -1 -3  1  3 -2  1  2 -3 -1  0 -3 -1  1    7   4   4   0   7   0   0   4   0   5  33   0   5  12   0   4   5   0   0   8  0.21 0.13
  151 A    0  0  0  1  0  2  3 -1  0 -2 -1  0  0 -2 -3  2  0 -4 -1 -2    9   3   4   6   2  10  20   3   2   2   5   5   2   2   0  18   3   0   2   2  0.23 0.16
  152 G    5 -5 -5 -5 -3 -5 -5  4 -6 -3 -5 -5 -2 -3 -4 -1 -1 -6 -6  1   48   0   0   0   1   0   0  28   0   1   0   0   1   1   1   3   4   0   0  11  1.17 0.52
  153 L   -3 -7 -8 -8 -4 -7 -7 -8 -7  3  3 -7  0 -4 -7 -6 -3 -7 -6  5    2   0   0   0   0   0   0   0   0  18  29   0   2   0   0   0   2   0   0  46  1.50 0.57
  154 E    2  1  2  0 -2  2  2 -1  1 -4 -4  1 -3 -3 -4  1 -2 -4 -1 -2   21   7  12   4   1  10  12   4   4   1   1   9   0   1   0   8   1   0   2   3  0.39 0.25
  155 A   -2 -6 -6 -8 -1 -2 -4 -5  5 -5 -6 -6 -4  2 -8 -5 -4 -3  8 -2    4   0   0   0   2   2   1   1  14   0   0   0   0   6   0   1   1   0  63   3  2.32 0.81
  156 V   -3 -7 -8 -9  7 -7 -8 -8 -8  1  4 -7  5 -4 -8 -5 -5 -7 -6 -1    2   0   0   0  27   0   0   0   0   6  46   0  14   0   0   1   0   0   0   3  1.80 0.64
  157 H   -6 -5 -4 -8-10 -3 -6 -9 11-10 -9 -7 -8 -8 -9 -5 -8 -9 -4-10    1   0   0   0   0   1   0   0  97   0   0   0   0   0   0   1   0   0   0   0  4.48 1.34
  158 K    1  0  0  2 -2  2  2  0 -1 -4 -3  1 -2 -3 -4  3 -1 -6 -4 -4   11   5   4  12   1   8  11   6   1   1   2   9   1   1   0  25   3   0   0   0  0.43 0.27
  159 A   -1  3  3 -4 -1  2 -2 -5  4 -2  1  2  3 -3 -4 -2 -3 -5 -2 -3    4  14  13   0   2  11   2   0  12   2  13  12   8   1   1   2   0   0   1   1  0.57 0.32
  160 D   -3 -1  5  1 -4 -1 -2  5  2 -7 -6  0 -4 -4 -4 -1 -4 -7 -3 -6    1   3  25   7   0   2   3  40   5   0   1   6   0   1   1   4   0   0   1   0  1.07 0.46
  161 I   -6 -7 -7 -8 -1 -7 -7 -8 -7  7 -2 -7 -4 -3 -7 -7 -5 -7 -2  4    0   0   0   0   1   0   0   0   0  66   2   0   0   1   0   0   0   0   1  28  2.17 0.73
  162 V    1 -7 -7 -8  2 -6 -7 -4 -7  2 -1 -7  2 -3 -7 -5 -2 -7 -6  6   10   0   0   0   5   0   0   2   0  12   5   0   5   1   0   0   3   0   0  57  1.39 0.56
  163 H   -8 -6 -6 -8  0 -5 -6 -9 11-10 -6 -7 -8 -5 -6 -7 -8 -9 -2 -9    0   0   0   0   2   0   0   0  95   0   1   0   0   0   0   0   0   0   1   0  4.36 1.31
  164 R   -7  8 -6 -7 -2 -5 -6 -3 -2 -7  0 -2 -2 -3 -8 -6 -7 -8 -7 -7    0  82   0   0   1   0   0   2   1   0  11   1   1   1   0   0   0   0   0   0  2.53 0.91
  165 D   -7 -7  0  8 -1 -6 -4 -4 -6 -8 -9 -6 -8 -8 -7 -6 -6 -9 -8 -8    0   0   4  92   1   0   0   2   0   0   0   0   0   0   0   0   0   0   0   0  3.06 1.00
  166 L   -6 -8 -8 -9 -6 -7 -8 -9 -8  4  6 -8  1 -4 -8 -7 -6 -7 -6 -1    0   0   0   0   0   0   0   0   0  22  72   0   2   0   0   0   0   0   0   3  1.98 0.70
  167 K   -6 -1 -6 -7 -1 -4 -5 -8 -6 -9 -8  8 -7 -9 -7 -6 -3-10 -8 -8    0   3   0   0   1   0   0   0   0   0   0  94   0   0   0   0   1   0   0   0  3.03 1.05
  168 P   -4 -8 -8 -8 -9 -7 -7 -9 -8 -5 -1 -7 -3 -6  8 -7 -2-10 -9 -6    1   0   0   0   0   0   0   0   0   1   7   0   1   0  88   0   2   0   0   0  3.11 1.07
  169 E   -6 -6 -5  0 -9 -2  7 -3 -4 -9 -8 -4 -7 -2 -7 -3 -4 -9 -8 -8    0   0   0   4   0   1  88   2   0   0   0   0   0   2   0   1   1   0   0   0  2.57 0.94
  170 N   -7 -6  8 -2 -9 -6 -6 -6 -2 -9 -9 -6 -4 -9 -8 -2 -6-10 -8 -9    0   0  94   2   0   0   0   0   1   0   0   0   0   0   0   3   0   0   0   0  3.36 1.12
  171 C   -4 -6 -6 -6  3 -5 -6 -6 -5  5  3 -6 -1  4 -6 -5 -4  1 -3  1    1   0   0   0   7   0   0   0   0  30  29   0   1  16   0   0   0   2   0   9  1.13 0.42
  172 L   -5 -6 -7 -8 -6 -6 -5 -8 -7  0  6 -6  4 -2 -7 -6 -5 -6 -5  0    1   0   0   0   0   0   1   0   0   4  75   0  10   1   0   0   0   0   0   7  1.82 0.65
  173 F   -4 -6 -6 -6  3 -5 -6 -6 -4 -1  3 -6  1  5 -6 -5 -4 -4  5  1    1   0   0   0   7   0   0   0   0   2  27   0   4  28   0   1   1   0  19   9  1.23 0.46
  174 L    1  0 -2  0  1  0  1 -3 -1 -1  1  0  0 -2 -2  0  0 -3  0  1   14   5   1   4   3   4   8   1   1   2  18   7   2   1   1   6   7   0   4  11  0.11 0.10
  175 D   -2 -1  3  4 -3  0  0 -3  1 -4 -4 -1 -4 -4 -4  3  2 -6 -4 -3    2   3  13  23   0   4   5   2   3   1   1   3   0   1   1  24  12   0   1   1  0.68 0.34
  176 S   -1  1  1  0 -1  0  1 -2  0 -3 -3  3 -1 -4  1  1  1 -4 -3 -3    5   8   7   5   1   3  10   3   2   1   1  18   2   1   8  13  11   0   1   1  0.33 0.21
  177 R   -1  2  1  3 -2 -1  2  0  0 -4 -3  1 -4 -4 -2  2  0 -6 -4 -4    5  11   6  18   1   2  11   8   2   0   2   8   0   1   2  15   6   0   0   0  0.41 0.23
  178 K   -1 -1  1  3 -2 -1  3  0 -1 -3 -4  1 -3 -5  2  0  0 -3 -4 -1    4   2   6  16   1   2  22   6   1   1   2  10   0   0   9   6   5   0   0   5  0.42 0.24
  179 D   -4 -2  4  5 -3 -2  0  1  1 -4 -4 -2 -5 -4 -1  1 -1 -5 -3 -3    1   2  17  36   1   1   6  10   3   1   2   2   0   1   3   9   3   0   1   2  0.83 0.39
  180 S    3 -2  0 -2 -1 -1 -2 -1  0 -2 -2 -1 -2 -3 -1  4  0 -1 -4 -2   23   1   4   2   1   2   2   4   3   2   3   3   1   1   3  36   6   1   0   2  0.55 0.32
  181 P    0  1  0  0 -2  1  1 -3  0 -1 -2  1 -2 -4  4  1  0 -3 -3 -1    7   7   5   6   1   5   8   1   2   3   4   9   1   1  21   9   7   0   1   4  0.34 0.19
  182 L   -5 -7 -7 -8 -4 -5 -7 -8 -7  5  4 -7  1 -3 -6 -6 -4 -7 -6  2    0   0   0   0   0   0   0   0   0  37  43   0   3   0   0   0   0   0   0  16  1.56 0.57
  183 K   -5  0 -5 -6 -2 -3 -5 -7 -6 -4 -2  7  1 -8 -7 -6 -5 -9 -7 -1    1   4   0   0   1   1   0   0   0   1   4  80   3   0   0   0   0   0   0   5  2.27 0.86
  184 I    0 -7 -7 -8 -3 -7 -7 -5 -7  6  4 -7 -1 -4 -7 -5 -4 -7 -6  1    9   0   0   0   0   0   0   1   0  42  37   0   1   0   0   0   1   0   0   9  1.43 0.55
  185 M    3 -4 -6 -6  2 -5 -6  0 -6  5 -3 -5  1 -5 -6 -1  2 -7 -6  1   26   1   0   0   4   0   0   6   0  34   0   0   3   0   0   5  14   0   0   7  0.95 0.46
  186 D   -8 -8 -2  8-10 -6 -4 -2 -7-10-10 -7 -9-10 -8 -6 -7-11-10-10    0   0   1  96   0   0   0   3   0   0   0   0   0   0   0   0   0   0   0   0  3.32 1.08
  187 F   -8 -8 -9 -9 -8 -8 -9 -9 -3 -6 -4 -9 -4  9 -9 -8 -8  2 -1 -7    0   0   0   0   0   0   0   0   1   0   1   0   0  93   0   0   0   3   1   0  3.54 1.08
  188 G   -3 -7 -2 -5 -8 -7 -5  7 -4 -9 -9 -7 -8 -8 -8 -4 -7 -8 -2 -8    2   0   2   1   0   0   1  92   1   0   0   0   0   0   0   1   0   0   1   0  2.69 0.89
  189 L   -4 -7 -8 -8 -1 -4 -8 -5 -7  0  5 -7  1  4 -8 -4 -1 -1 -2 -2    1   0   0   0   1   1   0   1   0   6  62   0   3  14   0   2   3   1   1   3  1.49 0.76
  190 S    5 -4 -4 -4 -2 -6 -6 -3 -3 -7 -5 -6 -7 -8 -3  5 -3 -8 -7 -4   48   1   1   1   1   0   0   2   1   0   1   0   0   0   1  41   1   0   0   1  1.67 0.97
  191 S    0  3 -2 -2  0  1 -1 -2  1 -2 -4  3  0 -4 -5  1  1 -6 -2 -1    8  19   2   2   2   5   3   3   3   2   1  21   2   1   0  11   9   0   1   5  0.47 0.37
  192 V   -1  0 -2 -2 -2 -1 -1 -3  0  2  1  1  2  2 -2 -2  0 -1  0  2    4   5   2   2   1   2   3   2   3  12  14   9   5  10   2   2   5   1   3  13  0.18 0.15
  193 E   -1 -1 -1  0  1  0  1 -2  0  1  0  0  0  2 -1 -1 -1 -1  2  0    3   3   2   5   3   4  12   3   2   9  11   6   2  12   3   4   2   1   7   7  0.12 0.12
  194 E   -1 -1  1  3 -2  1  3  0  1 -3 -3  2 -2 -3 -1  0  0 -1 -1 -2    4   3   6  16   1   6  17   6   4   1   2  13   1   1   3   7   5   1   2   2  0.34 0.28
  195 F   -1  0  0  0 -5  0  1  0 -1 -2 -2  0 -1  1  4  0  0 -2 -2  0    4   4   5   6   0   4  10   7   1   2   4   6   2   5  19   6   5   1   1   6  0.24 0.20
  196 T   -1 -1  2  2 -3  1  0  3  0 -4 -3  0 -2 -2 -1  1  1 -6 -2 -2    4   3  10  10   0   5   7  20   2   1   3   4   1   2   3  10  10   0   1   3  0.30 0.26
  197 D   -2 -1  2  3 -2  2  3  0  2 -4 -5  1 -3 -4 -3  1 -1 -7 -6 -2    3   3   9  14   1  10  20   7   5   1   1   9   1   1   1   8   4   0   0   3  0.50 0.38
  198 P   -1  0 -1 -1 -1  0  0 -2 -1 -1  0  2  0 -2  4  0  0 -1 -1 -1    5   5   2   3   1   3   6   3   1   3   9  12   2   1  19   9   7   1   2   5  0.24 0.22
  199 V   -4 -3 -7 -4 -1 -4 -4 -4 -3  1  4 -3  6  1 -4 -3 -2  1 -1  1    1   2   0   1   2   1   1   1   1   7  36   2  22   6   1   2   3   2   2   9  0.99 0.57
  200 V   -1  1  0 -2 -2  0 -1 -3  2 -2 -2  3  1  1 -3  1  2 -2  1 -1    6   7   5   2   1   4   4   1   5   2   3  16   4   5   1  10  15   0   4   4  0.26 0.25
  201 G   -1 -2 -1  1 -3  0  0  2 -1 -4 -5 -2 -3 -4 -4  1  5 -7 -2  0    4   2   3   7   0   5   6  15   2   1   1   3   1   1   1  10  33   0   1   6  0.61 0.47
  202 L    0  0 -2 -4  0 -1 -3 -4 -2  1  2  0  3  1  1 -1  0 -2 -2  2    7   5   2   1   2   2   1   1   1  10  17   5   7   6   6   5   7   1   1  13  0.22 0.18
  203 F    0 -7 -5 -7  8 -5 -4 -5  0 -1 -2 -4  0  3 -7 -3 -2 -2 -1  2    8   0   0   0  40   1   1   1   2   4   4   1   3  13   0   2   2   1   3  14  1.50 0.60
  204 G   -5 -8 -3 -7 -9 -8 -5  7 -8 -9 -9 -7 -8  0 -4 -6 -3 -8 -2 -9    1   0   1   0   0   0   1  88   0   0   0   0   0   4   1   0   2   0   1   0  2.63 1.02
  205 S   -4 -6 -6 -6 -7 -6 -6 -5 -2 -3 -7 -6 -6 -7 -3  3  7 -8 -7 -6    1   0   0   0   0   0   0   1   1   1   0   0   0   0   1  24  68   0   0   0  2.22 0.99
  206 I    0 -4 -7 -7 -3 -2 -5 -7 -4  0 -1 -5 -3  0  7 -2 -3 -1 -4 -1    8   1   0   0   1   2   1   0   0   6   7   0   1   5  58   3   2   1   1   5  1.65 0.76
  207 D   -2 -4  0  1 -2  0  2  3  1 -3 -3 -3 -2  0 -3 -2  0  0  5 -3    4   1   4   7   1   3  13  21   4   2   3   1   1   4   1   3   7   1  19   1  0.50 0.31
  208 Y   -8 -9 -9-10 -2 -8 -9-10 -5 -8 -5 -9 -8  4 -9 -8 -5 -5  9 -8    0   0   0   0   1   0   0   0   0   0   1   0   0  14   0   0   1   0  82   0  3.55 1.29
  209 V    1 -7 -7 -8  2 -5 -7 -6 -8  2  0 -7  4 -4 -7 -3 -2  0 -5  5   11   0   0   0   4   0   0   0   0  12  10   0  12   1   0   2   2   1   0  43  1.19 0.57
  210 S    7 -8 -8 -4 -2 -7 -7 -6 -8 -8 -8 -7 -8 -9 -3  1 -6 -9 -3 -7   86   0   0   1   1   0   0   0   0   0   0   0   0   0   2   9   0   0   1   0  2.42 1.06
  211 P   -8 -9 -9 -9-11 -9 -8-10  0-11-10 -8-10-11  8 -8 -9-12-10-10    0   0   0   0   0   0   0   0   2   0   0   0   0   0  98   0   0   0   0   0  3.86 1.50
  212 E   -4 -6 -4 -3-10 -1  8 -8 -6 -9 -9 -5 -8 -9 -7 -5 -7 -9 -9 -8    1   0   1   1   0   2  93   0   0   0   0   0   0   0   0   1   0   0   0   0  2.99 1.18
  213 A   -2 -3 -8 -8 -4 -3 -7 -6 -8  4 -1 -7  2 -6 -7 -5 -2 -7 -4  6    3   2   0   0   0   1   0   0   0  23   5   0   5   0   0   0   3   0   0  56  1.64 0.68
  214 L   -3 -8 -8 -9 -7 -7 -8 -9 -4  3  5 -8  1  0 -8 -7 -4 -2 -3  1    2   0   0   0   0   0   0   0   1  17  62   0   3   4   0   0   1   1   1   9  1.56 0.65
  215 S    1  1  2  0 -2  0  0 -1 -1 -3  0  2 -1 -3 -3  1  1 -4 -3 -3   11   7  12   5   1   3   7   4   2   1   9  13   2   1   1  12   9   0   1   1  0.23 0.17
  216 Q   -2  3  1 -1 -4  2  1  1  1 -5 -3  3 -2 -1 -3 -1 -2 -3  2 -4    2  16   6   4   0  11  10  11   3   0   3  16   1   2   1   5   1   0   7   1  0.43 0.27
  217 G   -1  0  0  1 -1  2  2  3 -1 -4 -3  2 -3 -4 -3  0  0 -5 -2 -3    4   5   4   7   2   8  13  21   2   1   3  15   1   0   1   7   5   0   1   2  0.37 0.23
  218 K   -1  0  0 -2 -2 -1  1  2 -1 -5 -4  2 -2 -3  4  0 -2 -5  0 -3    5   5   5   2   1   3   8  19   1   0   2  13   1   1  18   8   2   0   4   2  0.44 0.27
  219 I   -4 -5 -4 -7 -2 -4 -7 -4  3  0 -3 -6  1 -2 -6 -3 -4 -2  8  0    1   1   1   0   1   1   0   2   7   6   3   0   3   1   0   2   1   0  63   7  2.13 0.83
  220 T   -3 -4  1  3 -2 -3 -3  4 -1 -7 -5 -3 -4 -5 -4  2  2 -4 -1 -3    1   1   6  18   1   1   1  33   1   0   1   1   0   0   1  14  14   0   3   2  0.84 0.44
  221 A    0  0 -1 -3 -1  0  2 -1  0 -4 -1  3 -1  0  2  0  0 -2  0 -3    7   5   2   1   1   4  12   4   2   0   8  19   1   5  11   7   5   0   4   1  0.26 0.20
  222 K    2  0 -3 -5 -4  0  3 -3 -5 -6 -4  4 -4 -5  3  1 -2 -3 -3 -4   18   4   1   0   0   4  17   1   0   0   1  24   0   0  14  11   2   0   1   1  0.75 0.44
  223 S    2 -6 -3 -5  7 -6 -4 -4 -5 -1 -4 -6 -5 -6 -5  1  1 -7 -5  4   15   0   2   0  25   0   1   1   0   3   1   0   0   0   0   9   8   0   0  34  1.29 0.56
  224 D   -8 -8 -5  8 -9 -7 -5 -7 -7 -9 -9 -7 -9 -9 -8 -7 -7-10 -9 -9    0   0   0  98   0   0   0   0   0   0   0   0   0   0   0   0   0   0   0   0  3.55 1.23
  225 M   -5 -7 -3 -8  0 -6 -5 -8 -7  4  1 -7  7 -5 -7 -5 -4 -7 -3  3    1   0   1   0   2   0   1   0   0  25  14   0  33   0   0   1   1   0   1  20  1.63 0.66
  226 W  -11-11-12-13-11-10-11-11-10-10 -9-11 -9 -1-12-11-11 12 -2-10    0   0   0   0   0   0   0   0   0   0   0   0   0   2   0   0   0  97   1   0  5.57 1.72
  227 S    3 -5 -4 -7 -3 -6 -6 -3 -7 -3 -8 -6 -7 -8 -7  6 -3 -9 -3 -7   20   0   0   0   1   0   0   1   0   2   0   0   0   0   0  74   1   0   1   0  2.12 0.94
  228 L    1 -7 -7 -8  5 -6 -7 -7 -7  4  3 -7  2 -3 -7 -4 -2 -7 -6  3   13   0   0   0  12   0   0   0   0  21  29   0   4   1   0   1   3   0   0  17  1.06 0.47
  229 G   -6 -9 -7 -8-10 -8 -9  7 -9-11-10 -8-10-10 -9 -7 -8-10-10-10    0   0   0   0   0   0   0 100   0   0   0   0   0   0   0   0   0   0   0   0  3.29 1.12
  230 V   -4 -7 -8 -8 -2 -7 -7 -8 -8  2 -3 -7 -4 -6 -2 -6 -3 -8 -7  7    1   0   0   0   1   0   0   0   0   9   1   0   0   0   2   0   1   0   0  84  2.35 0.82
  231 I   -5 -7 -7 -7 -3 -6 -7 -7 -7  7  0 -6  1 -5 -7 -4 -3 -6 -6  2    0   0   0   0   1   0   0   0   0  71   8   0   4   0   0   1   1   0   0  12  2.02 0.68
  232 L    1 -5 -4 -6  2 -4 -5 -5 -5 -1  4 -5  3 -2 -5 -1  3 -5 -4  0   10   0   0   0   4   0   0   1   0   3  41   0   7   1   0   3  22   0   0   6  0.85 0.40
  233 Y   -7 -7 -7 -8 -7 -7 -7 -8  0 -6 -6 -7 -6  4 -7 -7 -6 -3  9 -6    0   0   0   0   0   0   0   0   2   0   0   0   0  17   0   0   0   0  78   0  3.22 1.00
  234 I   -1 -6 -5 -7 -3 -3 -4 -6 -2  6  0 -6  3  0 -6 -4  1 -6 -4  2    4   0   1   0   0   1   1   0   1  50   5   0   8   4   0   0   8   0   0  15  1.25 0.50
  235 L   -6 -5 -8 -8  1 -6 -7 -8 -7 -1  6 -7  5 -4 -7 -5 -3 -6 -6 -1    0   0   0   0   3   0   0   0   0   2  75   0  14   0   0   0   1   0   0   3  1.91 0.69
  236 L   -6 -8 -9 -9 -7 -7 -8 -9 -8 -1  6 -8  0 -4 -8 -5 -6 -7 -6 -1    0   0   0   0   0   0   0   0   0   2  92   0   1   0   0   1   0   0   0   3  2.32 0.81
  237 S   -1 -5 -4 -7  8 -4 -5 -2 -7 -6 -6 -6 -2 -5 -7  4  1 -8 -4  0    6   1   1   0  40   1   0   3   0   0   0   0   1   0   0  33   7   0   1   7  1.79 0.68
  238 G    1 -1  2  2 -3  2  0  1  3 -3 -3  1 -2 -3 -2 -1 -1 -3 -2 -3   12   0  12  12   0  12   0  12  12   0   0  12   0   0   0   0   0   0   0   0  0.27 0.10
  239 Y   -2  1 -1 -2 -1  2  0 -2  0 -1 -1  1  0  2 -4 -1  0 -2  4 -1    2   7   1   2   2  10   7   3   2   2   6  10   2   9   0   4   4   0  23   3  0.30 0.18
  240 P    1 -2 -1 -2 -1 -2 -2 -2 -1 -2 -1 -2  2  1  4  2 -1 -4 -1 -1   12   2   3   1   1   1   1   2   2   1   5   2   7   9  24  20   2   0   2   3  0.45 0.22
  241 P   -1 -4 -4 -4  2 -4 -4 -5 -4 -4 -5 -4 -4 -5  8 -3 -4 -6 -5 -1    5   0   0   0   4   0   1   1   0   0   1   0   0   0  80   1   0   0   0   5  2.44 0.60
  242 F   -4 -1 -5 -5 -4 -5 -5 -5 -4 -1 -1 -5 -3  8 -5 -4 -4  3  1 -3    1   3   0   0   0   0   1   1   0   3   4   0   0  76   0   1   0   4   3   1  1.94 0.53
  243 I   -1  2  0  1 -2  0 -1 -1  1 -1 -1 -1  1 -1  1  0  0  3  2 -1    3  11   5   9   1   5   2   6   4   4   6   2   4   3   6   7   5   6   7   4  0.13 0.10
  244 A    2 -1 -2  1 -2 -2  1  4 -1 -4 -4 -3 -2 -6  0  1 -3 -6 -2 -3   19   3   1   9   1   1  11  31   2   1   1   1   1   0   5  10   1   0   1   1  0.57 0.30
  245 Q   -2  1  2  2 -6  1  4 -2 -1 -4 -4  2 -2 -4  0 -1  0 -6 -3 -4    3   7   8  14   0   7  25   3   1   1   1  11   1   1   4   4   7   0   1   1  0.52 0.32
  246 N   -2  0  4  2 -1  0 -1 -1 -1 -4 -4 -1 -3 -6 -1  2  3 -6 -3 -4    3   4  22  14   1   3   4   5   1   1   2   2   1   0   3  16  16   0   1   1  0.58 0.37
  247 N   -1  1  2  4 -1  1  1 -2  0 -1 -2  0 -2 -2  0 -1  0 -5 -1  0    4   7   9  25   2   5   9   3   2   4   3   4   1   1   4   3   6   0   3   6  0.31 0.22
  248 R    0  1  0  2 -5  3  1 -2  1 -3 -2  1 -2 -2 -1  1  1 -2 -2 -2    6   9   5  10   0  13   9   2   4   1   3   8   1   2   3   9  10   1   2   3  0.26 0.20
  249 Q    0 -1 -2  2 -3  2  4  1 -1 -3 -3  0  0 -4 -2 -2 -1 -6 -3 -3    7   4   2  11   1  10  32  11   1   1   3   5   2   1   2   2   3   0   1   2  0.54 0.35
  250 K   -2 -2 -2 -1 -2 -2  1 -3 -4  3  2 -1  2  0 -1 -2  1 -1  0  0    3   1   2   4   1   1   8   2   0  18  18   5   6   4   3   2  11   1   4   7  0.24 0.19
  251 Q   -2 -2 -2 -2 -3  0  1 -5 -2  1  2  0  3  4 -3 -2 -2 -2  2 -1    3   1   2   2   1   3  10   1   1   6  19   5   9  19   2   3   3   0   8   3  0.41 0.28
  252 Q    0  2  0  2  1  2  3 -3  1 -3 -2  1 -1 -2 -2 -1 -1 -2 -2 -2    6  11   4  11   3  10  18   1   3   1   5  10   2   1   1   5   2   1   1   3  0.33 0.25
  253 M    0  1  2 -2 -2  3  1 -4 -1  0 -1  3  2  0 -3 -1 -3 -5 -3 -2   10   8  11   1   1  12   7   1   1   6   7  19   5   4   1   4   1   0   1   1  0.36 0.29
  254 I   -2 -2 -1 -4  2 -4 -5 -7 -7  6 -2 -6  0 -2 -7 -5 -2 -2 -6  3    4   2   3   1   4   1   1   0   0  56   2   0   2   1   0   1   3   1   0  19  1.48 0.68
  255 I    0  0  0  0  2  1  0  0 -1  0  0  0  1  0 -3  0  0 -3  1  0    6   6   6   6   6   6   6   6   0   6   6   6   6   6   0   6   6   0   6   6  0.03 0.07
  256 N    0  1  2  0  0  1  0 -1  1 -1 -2  1  0 -1 -1  1  0 -4  0 -1    9   8  13   3   3   7   6   3   4   3   4   8   3   3   3   9   6   0   3   3  0.13 0.14
  257 G    0  0  0  0  2  1  0 -1  2  0 -1  0  1 -2  1  0  0 -3  1  0    6   6   5   6   5   5   6   6   5   6   6   6   5   0   6   6   6   0   5   6  0.05 0.08
  258 N   -1  2  3  2 -2  1  1 -2  1 -3 -3  2 -2 -3  0  0 -1  0 -2 -1    3   9  13  11   1   7  10   2   3   1   2  15   1   1   4   5   4   2   1   4  0.32 0.25
  259 F   -3 -5 -6 -6 -6 -5 -2 -6  0  0  1 -2 -1  4 -1 -5 -3  4  6  2    2   0   0   0   0   0   3   0   2   6  12   3   2  16   4   0   2   5  31  12  1.01 0.52
  260 S   -2  0  0  4  0 -1  2 -2  1 -2 -3  0 -2 -4  1  1  1 -1 -1 -2    2   4   5  23   2   2  12   3   4   2   2   5   1   0   8   9   9   1   2   2  0.36 0.26
  261 F   -4 -6 -6 -1 -1 -6 -1 -7 -5 -2  0 -2  2  7 -7 -6 -2  1  2 -3    2   0   0   3   2   0   4   0   0   2   7   3   5  58   0   0   3   2   7   2  1.66 0.76
  262 Y   -2 -2  0  3 -2 -1  1 -4  3 -4 -3 -1 -3 -1  4  1 -1 -5  2 -3    3   2   4  18   1   2   9   1   8   1   2   3   1   2  20   9   4   0   7   2  0.58 0.38
  263 E   -1 -2 -2  3 -3 -1  2  1  0 -4 -4 -1 -2 -3  2  2 -1 -3 -1 -4    5   2   1  18   1   2  16  11   3   1   1   3   1   1  10  18   3   0   2   1  0.47 0.35
  264 K   -2  1  1  1 -6  0  3 -2  0 -4 -3  1 -3 -3  4 -1 -2  0 -1 -2    4   7   6   7   0   5  17   3   2   1   3   9   0   1  24   4   2   1   2   3  0.54 0.37
  265 T    0  0 -1  0  0 -1  2 -3  1  0 -3 -2 -2  0  2  0 -1  2  4 -1    8   5   3   5   2   2  13   1   3   6   2   1   1   4  10   7   4   3  16   4  0.30 0.24
  266 W   -5 -4 -7 -8  0 -3 -7 -5 -7 -7 -4 -7 -6  4 -2 -7 -4 11 -2 -7    1   1   0   0   2   1   0   1   0   0   2   0   0  15   2   0   1  68   1   0  3.58 1.36
  267 K   -1  0  0  3 -2  1  1 -2 -1 -3 -2  2 -4 -5  2  1 -1 -6 -5 -4    6   5   3  20   1   6   9   3   1   2   4  14   0   0  11  10   4   0   0   1  0.45 0.32
  268 G   -1 -1  3  1 -1  0  0  2  2 -3 -3  0 -3 -1 -1  2  0 -5  0 -3    5   3  15   9   2   3   5  14   6   1   2   6   0   3   3  13   6   0   3   2  0.28 0.22
  269 I   -4 -4 -7 -8 -1 -7 -3 -8 -7  6  0 -3  1 -1 -4 -6 -2 -7 -6  5    1   1   0   0   1   0   2   0   0  40   9   2   3   2   1   0   3   0   0  34  1.41 0.66
  270 T   -5 -7 -2 -7 -7 -6 -5 -4 -2 -8 -5 -6 -2 -8 -4  7  1 -9 -4 -3    0   0   2   0   0   0   1   1   1   0   1   0   1   0   1  82   7   0   1   2  2.25 1.14
  271 Q    0 -1  1  3 -2  0  3 -3 -1 -3 -3  0 -1 -4  2  1 -2 -2 -4 -3    8   3   6  17   1   4  20   1   2   2   2   5   2   1  11   9   2   1   1   2  0.42 0.33
  272 S    0 -4  0  2 -3  1  4 -1 -1 -4 -1 -3 -2 -5  0  2 -1 -7 -3 -4    6   0   5  11   1   6  29   5   1   1   5   1   1   0   5  18   3   0   1   1  0.57 0.41
  273 A    6 -7 -8 -8  2 -7 -7 -2 -8 -7 -4 -3 -7 -8 -3 -1 -3 -9 -8 -1   81   0   0   0   4   0   0   3   0   0   1   1   0   0   2   3   1   0   0   4  2.09 1.02
  274 K   -3  2 -6 -7 -3  0 -4 -3 -6 -1 -3  7 -1 -5 -7 -6 -5 -9 -8 -3    2  10   0   0   1   4   1   2   0   4   3  70   1   1   0   0   1   0   0   2  1.97 0.95
  275 Q   -2 -3  1  7 -5  1  1 -4  0 -4 -6 -5 -4 -8 -3 -1 -4 -9 -5 -6    3   1   6  62   0   6   8   1   2   1   1   0   1   0   1   4   1   0   0   0  1.68 0.79
  276 L   -5 -8 -9 -9 -2 -8 -9 -9 -8 -3  5 -8  0  6 -9 -4 -5 -6 -4 -2    1   0   0   0   1   0   0   0   0   1  58   0   2  34   0   1   1   0   0   2  1.97 0.85
  277 I   -6 -8 -9 -9  0 -8 -8 -9 -9  7  0 -8 -1 -4 -8 -5 -3 -8 -7  4    0   0   0   0   2   0   0   0   0  62   6   0   2   1   0   1   1   0   0  26  2.08 0.86
  278 S   -1  4  0  0 -2  1 -1 -3 -2 -5 -2  3 -1 -4 -5  3  1 -3 -4 -2    6  21   3   4   1   6   3   1   1   0   3  15   1   1   0  23   7   0   0   2  0.56 0.39
  279 S   -1  4  0 -3 -1  1 -3  0  2 -7 -4  4 -2 -5 -5  1 -2 -4 -3 -4    5  23   5   1   1   7   1   7   4   0   1  29   1   0   0   9   2   0   1   1  0.79 0.47
  280 L   -4 -8 -9 -9  2 -7 -8 -9 -8  0  5 -8  7 -3 -8 -5 -5 -7 -7 -3    1   0   0   0   5   0   0   0   0   4  54   0  32   1   0   1   1   0   0   1  2.07 0.87
  281 L   -4 -5 -4 -9 -3 -7 -8 -9 -8  0  6 -8  2 -1 -8 -7 -5 -7 -6 -3    1   1   1   0   1   0   0   0   0   5  84   0   4   2   0   0   0   0   0   1  2.06 0.85
  282 T   -2 -1  1 -1  1  3  1 -5  0 -1 -3  0 -1 -5 -5 -1  3 -6 -5  2    2   3   7   3   3  15   9   0   2   4   1   5   1   0   0   4  22   0   0  18  0.53 0.38
  283 V   -2  2 -3 -3 -2 -1 -4 -5 -2  1  0  3  0 -2  0 -3 -1 -5  1  4    2   9   1   1   1   2   0   0   1   7   7  20   2   2   4   2   4   0   5  30  0.54 0.35
  284 D   -5 -3  4  7 -5 -3  0 -6  0 -6 -7 -2 -8 -8 -4 -3 -4 -9 -8 -4    1   2  18  62   0   1   5   0   2   1   1   3   0   0   1   2   1   0   0   1  1.94 0.85
  285 P   -1 -3 -4 -6 -4 -2 -5 -6 -2 -5 -7 -1 -4 -5  7 -3 -3 -4 -2  0    6   1   1   0   0   2   1   0   1   1   0   3   0   1  71   2   1   0   1   6  2.17 0.98
  286 S    1  2  1  1 -4  0  2 -2  1 -4 -4  3 -3 -3 -4  2  0 -3 -3 -4   11  10   7   6   0   4  14   2   3   1   1  18   1   1   0  14   5   0   1   1  0.43 0.31
  287 K   -1  2 -1  0 -3  2  2 -5  1 -4 -2  5 -2 -5 -6 -2 -2 -2 -5 -3    5  10   3   4   1  10  11   1   3   1   4  40   1   0   0   2   2   1   0   2  0.85 0.50
  288 R   -8  8 -7 -8-10 -5 -7 -9 -7 -2 -9 -4 -8-10 -9 -7 -8-10 -9 -9    0  97   0   0   0   0   0   0   0   3   0   0   0   0   0   0   0   0   0   0  3.51 1.34
  289 P   -1 -4 -5 -6 -4 -5 -6 -6 -5  3  2 -5  4  2  3 -2 -4  0  1 -2    6   1   0   0   0   0   0   0   0  18  23   0  12   8  17   3   0   1   6   2  0.83 0.44
  290 S   -4 -4 -1 -3 -2 -4 -5 -4 -7 -6 -7 -1 -4 -8 -4  4  6 -9 -8 -6    0   1   3   2   1   0   0   1   0   0   0   3   0   0   1  34  53   0   0   0  1.77 0.87
  291 A    6 -7 -7 -5  1 -6 -6 -4 -7  1 -2 -6  1 -3 -3  0 -2 -4 -5  0   65   0   0   0   3   0   0   1   0   8   3   0   3   1   1   6   2   0   0   6  1.44 0.72
  292 Q    1  0 -1  2 -4  2  3 -3  1 -3 -3  1 -3 -3 -3  1  0 -3 -2 -2   12   4   2  10   0  11  19   1   4   1   2  10   0   1   1   9   6   0   1   3  0.39 0.28
  293 E    0  0  1  0  2  1  0  0  2  0 -1  0  1 -3 -3  0  0  3 -2  0    6   6   6   6   6   6   6   6   6   6   6   6   6   0   0   6   6   6   0   6  0.11 0.14
  294 L    2 -4 -4 -5  4 -4 -4 -1 -5  1  1 -4  2  1 -4  0  0 -5 -3  2   22   0   0   0  11   0   0   5   0  10  17   0   5   5   0   6   5   0   0  14  0.45 0.26
  295 L   -2  1 -5 -5  2 -1 -2 -5 -4  0  4 -2  2  0 -5 -2 -2  1  0 -1    3   7   0   0   6   2   2   0   0   4  53   2   4   3   0   3   2   2   3   3  0.63 0.35
  296 S    0  1  1  0 -1  3  1 -2  0 -2 -2  1 -1 -4 -2  1  1  0  0 -2    8   8   8   4   2  15  10   2   2   2   3  10   2   0   1   9   7   1   3   2  0.25 0.20
  297 H   -6 -5  1  0 -2 -2 -3 -6  9 -7 -3 -3 -1 -3 -6 -1 -3 -7 -1 -4    0   0   6   6   1   1   1   0  68   0   3   2   2   1   0   4   1   0   1   1  2.42 0.97
  298 P   -1  0 -3  0 -2 -2  1 -4  1 -3 -4 -1 -5 -3  7  0 -3 -7 -3 -3    5   4   1   4   1   2   8   1   3   1   1   3   0   1  54   6   2   0   1   1  1.33 0.63
  299 W   -6 -7 -7 -7  1 -6 -7 -7 -6 -6 -2 -7 -5  1 -7 -7 -7 12 -3 -6    0   0   0   0   3   0   0   0   0   0   5   0   0   5   0   0   0  83   0   0  4.17 1.21
  300 V   -2 -5 -2 -5 -1 -4 -5 -5 -5  4  3 -4  3  1 -5 -4 -2 -4 -1  2    3   0   2   0   1   0   0   0   0  28  31   0   8   6   0   0   2   0   1  15  0.80 0.34
  301 R    0  2  0 -2 -2  3 -1 -2  1 -2 -1  2  0 -3 -1  0  1 -2 -3 -1    7  12   4   1   1  16   3   2   3   2   5  17   2   1   3   5  11   1   0   3  0.30 0.20
  302 G    0 -1  0  1  1  0  0  3  0 -2 -2  0 -1 -1 -2  0  0 -4 -2 -2    7   3   5   7   3   4   6  29   2   2   3   5   1   3   2   8   6   0   1   2  0.27 0.16
  303 D   -1 -1  3  3 -2  0  2  0  1 -2 -2  0 -2 -1 -1  0 -1 -1 -1 -2    5   3  15  18   1   4  12   6   4   2   3   5   1   2   3   6   3   1   2   2  0.28 0.17
  304 K    0  1  1  0 -2  1  1 -1  1 -2 -2  1 -2 -3  0  1  2 -2 -2 -1    9   7   5   4   1   6   9   4   4   3   2  11   1   1   4  11  14   1   1   3  0.19 0.15
  305 A    3 -1 -1 -2 -1 -1 -1 -1 -1 -1 -2 -1 -2 -3  1  1  1 -2 -1  0   31   3   2   2   1   3   4   4   1   4   4   3   1   1   7  13   9   0   2   6  0.32 0.24
  306 K    0  1  0 -1  0  1  0 -1  0 -2 -1  2  0 -2  1  2  0 -5 -3 -1    6   8   5   2   3   7   5   5   2   1   5  15   3   1   8  15   5   0   1   3  0.21 0.18
  307 D   -1 -2  2  4 -3 -1  1 -1  0 -3 -2 -1 -1 -3  0  1  1 -3 -2 -2    5   2  10  26   1   3   7   4   3   1   5   3   1   1   4  11   9   0   1   3  0.39 0.27
  308 E    0  0  0  0 -3  1  2 -2  1 -2 -2  2  1 -2  0  0  0 -5 -2  0    9   5   5   5   1   4  17   2   3   2   3  14   4   1   4   7   6   0   2   6  0.22 0.18
  309 Q   -2  0  2  1 -2  2  1 -3  2  0 -1  0  0 -4  2  0 -1 -6 -3 -1    3   5  12   7   1  12   8   2   6   5   5   7   2   1  10   6   4   0   1   4  0.26 0.21
  310 M   -1 -2 -2 -3 -3 -2 -3 -3  1  3  3 -2  4 -1 -1 -1 -1 -3 -2  0    5   2   2   1   1   2   1   2   4  17  28   3  13   2   3   4   3   0   1   6  0.49 0.29
  311 D   -1  0  1  4 -2  0  0 -1  3 -2 -1  0 -2 -4 -2  1  0 -5 -2 -2    4   5   7  21   1   4   6   5   9   2   6   5   1   0   2  10   5   0   2   3  0.33 0.23
  312 P    0  0 -1 -1 -1  1 -1  0  0 -2 -1  0 -2 -3  4  1  0 -5 -3 -1    7   6   3   4   1   6   4   6   3   3   7   6   1   1  21  12   7   0   1   3  0.30 0.22
  313 E    0  0  1  2 -3  0  3 -1 -1 -2 -2  1 -1 -4 -2  2  1 -6 -3 -2    9   4   5  11   1   3  19   4   2   2   4   7   2   0   2  14   8   0   1   3  0.28 0.23
  314 I    0 -2 -1 -4 -1 -2 -3 -4 -2  3  2 -2  1 -1 -2 -1  0 -5 -1  3    6   2   4   1   1   2   1   1   1  15  16   2   2   2   2   5   7   0   2  27  0.40 0.25
  315 V   -1 -1 -2 -3  0 -1 -2 -2 -2  1  2  0  2 -1  0  1  0 -4 -2  2    4   3   1   1   2   3   2   3   1   6  26   5   5   2   4  10   6   0   1  16  0.24 0.19
  316 S    0  0  1  1 -4  1  2 -1  0 -2 -2  1 -1 -3 -1  2  1 -5 -4 -2    7   5   6   9   0   5  14   4   2   2   3  10   2   1   3  15   9   0   0   3  0.26 0.21
  317 R   -2  4  3 -2  1  2  0 -1  2 -3 -3  2 -2 -4 -3 -1 -2 -2 -3 -2    3  21  14   2   3  10   5   5   4   1   3  14   1   1   1   5   2   1   1   3  0.49 0.33
  318 L   -3 -1 -6 -4 -3 -4 -4 -5 -3  2  5 -3  4  0 -5 -4 -3 -6 -4 -2    2   3   0   1   0   1   1   1   1  12  54   2  12   4   1   1   1   0   0   2  1.13 0.57
  319 Q   -1  4 -2 -2 -3  3  0 -3  2 -3 -4  5 -2 -4 -4 -1 -2 -6 -3 -4    4  19   1   2   1  12   7   2   4   1   1  34   1   1   1   5   2   0   1   1  0.85 0.51
  320 S    1  2  3 -1 -2  2  0 -2  2 -5 -3  3 -2 -4 -3  2  0 -6 -3 -3   10   9  13   3   1  10   4   3   5   0   2  17   1   0   1  14   4   0   1   2  0.44 0.34
  321 F   -2 -4  1 -4 -7 -5 -4 -6 -3 -1 -1 -4 -1  8 -5 -4 -4 -1  3 -5    3   1   6   1   0   1   1   1   1   4   6   1   1  61   1   2   1   1   8   1  1.81 0.81
  322 N   -1  1  5  0 -2  0 -2 -3  1  0 -2 -1 -1  1 -3  0  0 -6 -1 -2    6   7  32   6   1   5   1   2   3   6   4   4   1   6   1   7   4   0   2   3  0.50 0.35
  323 A    4 -1  0 -2 -3 -2 -2 -1 -1 -1 -1 -1  0 -3 -1  1 -1 -6 -1 -1   42   3   4   2   0   2   2   5   2   4   5   3   2   1   3   8   4   0   3   5  0.47 0.36
  324 R   -1  5 -2 -3 -1  1 -1 -3 -1 -3 -2  3  2 -2 -3 -1 -2 -6 -1 -2    4  38   2   1   1   6   3   2   2   1   3  16   6   1   1   4   2   0   2   4  0.79 0.49
  325 R   -2  6  2 -3 -7  1 -2 -3 -2 -6 -5  1 -2 -6 -2  1  0 -7 -4 -3    3  42   9   1   0   7   2   2   1   0   1   9   1   0   2  10   7   0   1   2  0.97 0.58
  326 K   -2  3 -1 -3 -7 -1 -2 -3 -1 -5 -4  6 -4 -1 -2 -2 -1 -4 -3 -3    3  16   3   1   0   3   2   2   2   1   1  50   0   3   2   3   5   0   1   2  1.16 0.65
  327 L   -3 -3 -5 -5 -6 -3 -5 -6 -3  0  4 -2  1  4 -4 -4 -4  8 -4 -1    2   2   1   1   0   1   1   1   1   5  40   2   3  15   1   1   1  20   0   4  1.28 0.63
  328 R   -3  5 -2 -2 -7  2 -2 -5  1 -3 -4  5 -4 -5 -4 -2 -2 -2 -4 -3    2  31   2   2   0  10   2   1   3   1   2  35   0   0   1   2   2   1   0   2  1.19 0.66
  329 A    2  2 -2 -3 -2  2 -1  0 -1 -1 -2  3 -2 -3 -2  1 -1 -5 -2 -2   18  11   2   1   1  10   2   7   1   3   4  20   1   1   2  10   2   0   1   3  0.35 0.28
  330 A    5 -1 -2 -3 -4 -1 -2 -2  0 -1 -2 -2  0 -1 -2 -1  0 -2 -3  0   49   3   2   2   0   3   3   3   2   4   3   2   2   2   2   4   6   1   1   6  0.66 0.45
  331 A    3 -2 -1 -4  0 -2 -3  0 -1  1 -1 -1  0 -1 -3  0  0 -4  0  2   31   2   3   0   2   2   1   7   1   8   5   3   3   2   1   6   5   0   4  13  0.31 0.25
  332 I   -2 -2  1 -3 -4 -2 -3 -2 -1  2  3  0  2  0 -4 -2  0 -4 -1  1    3   2   8   1   0   2   2   3   2  12  33   5   5   4   1   2   5   0   2   9  0.36 0.24
  333 A    4 -1 -2 -2 -1  0 -1 -1 -1 -3 -2  0  0 -2 -3  1  1 -4 -2 -1   37   4   1   2   1   4   4   5   1   1   4   6   3   1   1   8   9   0   2   4  0.42 0.30
  334 S    1  0  1 -2 -1 -1 -2 -2  0  0 -1 -1  0  0 -2  1  2 -3  0  1   15   6   7   1   1   3   2   2   2   3   7   3   2   5   1  10  14   0   4  13  0.15 0.14
  335 V   -1 -1 -2 -3 -2 -2 -3 -3 -2  3  1 -2  3  0 -2 -2  0 -3 -1  3    4   4   2   1   1   2   2   2   1  22  13   3   8   4   2   3   4   0   2  21  0.38 0.21
  336 W    2  0 -1 -2 -2  0 -1 -1  0  0  0  0  1  0 -1 -1  0  4  0  1   20   6   2   1   1   3   3   4   2   4  11   6   4   5   2   3   5   6   2   9  0.12 0.10
  337 S    1  1  2 -1 -1  1  0 -1 -1 -2 -1  0  0 -2 -1  2  1 -3 -2 -1   11   7  10   2   1   8   6   3   1   2   5   4   2   2   2  20   7   0   1   5  0.19 0.15
  338 S    0  0  1 -2  0  2 -1 -1  0 -2 -2  0  0  1 -1  3  2 -3  0 -1    7   4   7   1   2   9   3   4   2   1   3   4   3   7   2  23  12   0   3   3  0.24 0.19
  339 T    0  1  0 -1 -1  0 -1 -1  0 -1  0  1  0  0 -1  1  2 -2 -1  0    9   9   6   3   1   4   3   4   2   4   8   8   3   4   2   9  14   0   1   6  0.08 0.07
  340 I    0  0  0 -1 -1  0 -1 -1 -1  1  1  0  2  0 -1  0  0 -2 -1  1    9   5   6   2   1   3   3   4   1  10  12   5   7   4   2   9   5   0   2  10  0.05 0.05
  341 F   -1 -1 -1 -2 -2 -1  0 -1  0  0  1  0  1  3  0  0  0 -2  1 -1    5   4   3   2   1   3   5   5   2   6  16   5   5  17   4   6   5   0   4   4  0.10 0.09
  342 L    0  0  0  0 -1  0 -1 -2  0  0  2  0  2  0 -1  1 -1 -2 -1 -1    9   4   6   4   1   3   3   3   2   5  25   5   7   3   2   9   3   0   2   3  0.10 0.10
  343 R   -1  4  0 -1 -1  1  1 -2  0 -3 -1  2  0 -3 -1 -1  0 -3 -1 -1    5  23   5   2   1   6   8   3   2   1   5  15   2   1   3   4   5   0   2   4  0.31 0.19
  344 T   -1  0  0 -2 -2  0  0 -1 -1  1  1  0  1  0 -1  0  2 -2 -1  0    5   5   6   2   0   5   6   4   1   9  12   7   5   5   2   6  15   0   2   4  0.08 0.09
  345 K    0  1  0 -2 -3  2  0 -2  2 -2 -3  4  0 -2 -2  0 -1 -3 -3 -1    8   6   5   2   0   7   5   2   4   2   2  35   3   2   2   6   3   0   1   5  0.47 0.28
  346 K    0  2 -1 -1 -2  3  1 -2  0 -2 -2  3 -1 -2 -1 -1 -1 -3 -1 -1    9  11   3   3   1  12   9   2   2   2   3  25   1   2   3   4   2   0   2   5  0.35 0.22
  347 L    0 -2 -2 -3 -3 -1 -2 -2 -2  1  4 -2  3  1 -3 -2 -1 -3 -2  0    7   2   2   1   0   3   3   3   1   7  43   2   6   5   1   3   4   0   1   6  0.42 0.25
  348 R    1  3 -1 -1 -1  0  0 -1  1 -2 -1  3  0 -1 -1  0  0 -3 -2 -1   16  16   2   2   1   4   4   4   3   2   6  18   3   2   2   5   6   0   1   3  0.23 0.17
  349 S    0  0  1  0 -3  1  0  0  2  0  0  0  1  0 -3  0  0 -3  1  0    6   6   6   6   0   6   6   6   6   6   6   6   6   6   0   6   6   0   6   6  0.05 0.07
  350 L   -1 -1 -1 -1 -3  0 -1 -2  1  0  1 -1  2  2 -1 -1  1 -3  1  0    3   4   3   3   0   3   3   3   4   6  19   3   7  10   3   4   8   0   6   6  0.10 0.13
  351 V    1 -1 -3 -1  1 -1 -1 -4  0  1  0 -1  1  2 -3 -1  0 -3  1  2   10   2   0   5   3   2   4   0   3  10   6   3   4  11   0   4   4   0   4  22  0.19 0.20
  352 G    1 -1  0  0 -3  1  0  2  1  1 -1  0  1 -3 -3  0  0 -4 -3 -1   11   3   5   5   0   5   5  20   3  11   6   4   5   0   0   6   6   0   0   3  0.15 0.15
  353 T    2 -1  1 -1 -1  1  0 -1  0 -2 -2  0  0 -1 -2  1  3 -4 -1 -2   20   2   6   2   2   6   7   4   3   2   4   5   2   3   2   7  23   0   3   0  0.26 0.26
  354 Y   -1  0  0 -1 -3  1  0 -3  3  0  1 -1  0  2 -2 -1 -2  1  4 -1    4   7   4   3   0   7   5   1   7   6  12   3   2  10   2   3   1   2  17   4  0.25 0.20
  355 D    0 -1  2  4  0  1 -1 -2  2 -2 -2 -1 -1 -3 -3  0 -1  0 -3 -1    7   3  10  31   2   7   2   3   6   3   3   4   2   1   1   7   3   2   0   4  0.42 0.27
  356 L    0 -3 -1 -1  0 -2 -2 -2 -3  1  3 -1  1 -1 -1  0  0 -3  0  1    6   1   2   3   2   1   2   2   0   8  34   5   4   2   2   9   7   0   3   7  0.21 0.19
  357 K   -1 -1  1  1 -4  0  0 -1 -2 -2 -2  3  0 -4  0  2  2 -4 -3 -2    3   2   7   8   0   4   5   5   0   3   3  18   3   0   5  16  15   0   0   2  0.30 0.25
  358 E   -1 -1  1  3 -1  2  3 -1  0 -2 -2  0 -3 -4  1  0 -1 -4 -3 -2    5   2   8  15   1   8  24   4   2   2   5   5   0   1   7   8   2   0   0   2  0.36 0.24
  359 E   -1  1  1  2 -4  1  4 -1  0 -2 -3  0 -3 -4 -3  0 -1  0 -2 -3    5   6   6  10   0   5  35   4   2   3   3   4   0   0   1   8   2   1   1   1  0.47 0.33
  360 E   -2  0  0  2 -5  0  5  0 -1 -4 -3  0 -2 -4 -1 -1 -1 -5 -1 -3    3   4   4  12   0   3  44   7   2   0   2   5   1   0   3   2   3   0   2   1  0.71 0.44
  361 I   -2 -2 -1 -2 -1 -2 -1 -4 -3  4  2 -1  1 -1 -3 -2 -1 -4 -3  2    3   2   3   2   1   2   3   1   0  30  18   4   4   2   1   2   3   0   0  18  0.41 0.28
  362 E    0 -1 -1  2 -5  2  4  0 -1 -1 -3  2 -1 -4 -2 -1 -2 -5 -4 -2    7   2   2  10   0   8  32   8   1   4   3  13   2   0   1   2   2   0   0   2  0.49 0.34
  363 S    0  0  1  0  2  1  0  0  2  0 -1  0  1 -3  1  0  0 -4 -2  0    6   6   6   6   6   6   6   6   6   6   6   6   6   0   6   6   6   0   0   6  0.07 0.09
  364 L   -3 -1  0 -4 -3  0 -3 -1 -3  2  3 -1  2  1 -4 -1  0 -3  1  0    1   4   5   0   0   4   0   5   0  12  34   4   5   6   0   4   5   0   4   5  0.29 0.23
  365 R   -1  4  0 -1 -4  2  0 -2  2 -2 -2  3  0 -1 -3 -1  0 -4  0 -3    4  23   3   4   0  10   5   3   5   3   3  21   2   3   0   3   4   0   4   0  0.43 0.29
  366 I    0  1  0  1 -3  1  2 -2  1  1 -1  1 -2 -1 -3 -1 -1 -4 -3  0    8   6   5   7   0   8  14   3   3  10   5  11   0   3   0   3   3   0   0   9  0.16 0.15
  367 H    0 -1  1 -2 -3  1  0 -1  1  0  1 -1  2  1 -3  0  0 -3 -2  0    7   3   6   2   0   7   7   4   5   5  16   2   9   7   1   5   7   0   0   7  0.10 0.12
  368 F   -5 -2 -2 -1 -6 -6 -6 -4 -5 -2 -1 -6  1  8 -6 -5 -5 -3  1 -2    0   2   2   5   0   0   0   2   0   2   5   0   3  72   0   0   0   0   3   3  1.98 0.81
  369 K    0  1  0  1 -2  2  1 -2 -1 -2 -2  3  1 -3 -3  0  0 -1 -2 -2    8   8   4   7   1  11   8   1   1   2   4  25   4   1   0   7   4   1   1   2  0.34 0.25
  370 K    1  1  0  0 -3  1  1  0 -1 -2 -1  2  1 -1 -3  1 -1 -4 -2 -1   17   7   5   4   0   5  11   6   1   1   7  13   5   2   0   8   3   0   1   4  0.15 0.14
  371 I   -2 -4 -2 -1 -4 -2 -3 -5 -4  3  4 -4  4  1 -4 -4 -3 -4 -1  1    2   0   2   5   0   2   2   1   0  17  39   0  15   5   0   1   0   0   1   7  0.71 0.38
  372 C    0 -3  1  5  1 -1 -1 -2 -2 -2 -2 -1 -3  0 -3  0  1 -4  0 -2    9   1   5  40   4   2   1   2   0   2   3   4   0   5   1   5  10   0   3   3  0.55 0.31
  373 G    0  0  1  2 -3  0  0  1 -1 -3 -2  1 -2 -3 -2  1  1  2  0 -2    7   4   6  13   0   4   3  13   1   1   3  12   0   0   1  10  12   3   4   2  0.22 0.16
  374 N   -2 -2  5  4 -4 -2  1 -1 -2 -2 -2  0 -3 -1 -4  0 -1 -5 -4 -3    2   2  32  25   0   0   8   4   0   2   4   6   0   4   0   5   3   0   0   2  0.70 0.39
  375 G   -1 -1  1  0 -4  0 -1  4  2 -4 -2  0 -3 -2 -4  1  0 -4  0 -4    3   4   5   5   0   3   2  39   6   0   4   5   0   2   0  12   6   0   4   0  0.51 0.30
  376 D   -2 -3  1  5 -4 -1  1  2 -1 -4 -4 -1 -4 -1 -2  1 -1 -5 -4 -2    2   0   5  39   0   2   9  14   2   0   1   3   0   3   2  10   4   0   0   4  0.66 0.36
  377 N   -2 -1  3 -1 -1  1 -2  4  0 -3 -2  0  1 -4 -2  0  1 -4 -2 -2    1   2  14   2   2   6   2  33   2   1   5   7   4   0   2   4   8   0   1   2  0.42 0.27
  378 A    1 -1 -1 -1 -1  0 -1 -1 -2  2  0  0  0 -1 -3  1  1 -3 -1  1   16   3   2   3   1   5   2   5   0  15  11   7   1   1   0   9   7   0   2  10  0.10 0.12
  379 T   -2 -3 -1  0 -4 -1  0  0 -3  1 -1  0 -2 -3 -3  2  4 -4  1 -1    0   0   2   5   0   1   7   7   0   8   7   6   0   0   0  15  32   0   5   3  0.37 0.32
  380 L   -1 -1 -2 -2 -1  0 -1 -4 -3  2  2  0  1  1 -2 -1  0 -3  0  0    4   4   1   2   1   4   3   0   0  15  27   8   4   7   1   3   8   0   3   6  0.19 0.17
  381 S    0  0  0  0 -4  2  3 -2 -1  0 -2  1 -2 -4 -2  2  1 -5 -2 -1    7   3   3   5   0   8  23   1   1   8   3   9   1   0   1  15   7   0   1   5  0.30 0.24
  382 E   -2  0  1  1 -5  1  5 -1 -1 -1 -5 -1 -4 -5 -4 -1  0 -5 -5 -4    2   4   6   5   0   6  54   5   1   4   0   3   0   0   0   2   7   0   0   0  0.98 0.52
  383 F   -3 -4 -1 -4 -1 -1 -1 -2 -3  2  3 -4  1  4 -4 -3 -3 -3  3  0    0   0   4   0   1   2   4   3   0  12  27   0   4  25   0   2   0   0   9   4  0.58 0.33
  384 V   -1  1 -2 -1 -1  1  1 -2  0  2  0  1  0 -1 -3 -1  0 -3  0  1    2   8   1   4   2   5  13   3   2  14   9  12   2   2   0   4   4   0   3  11  0.11 0.13
  385 E   -1 -1  0  1 -5  3  4 -1 -2 -3 -3  1 -1 -3 -4  0 -1 -6 -5 -1    5   2   3   7   0  14  37   4   1   1   2   8   1   1   0   7   2   0   0   4  0.63 0.40
  386 V    1 -3 -3 -4 -1 -2 -1  2 -3  1  1 -2  0 -1 -4 -1  0 -4  1  2   11   1   0   0   1   1   3  21   0   8  13   2   2   1   0   3   6   0   7  19  0.25 0.22
  387 L   -2 -1 -2 -5 -2 -3 -3 -5 -1  2  4  1  3  1 -3 -3 -3 -4  2 -1    2   3   2   0   1   1   1   0   1  10  44   9   9   6   1   1   0   0   7   1  0.58 0.37
  388 K   -1  2  0  0 -1  2  0 -1  0 -2 -2  4  0 -3 -3 -1  0 -5 -4 -2    5   8   4   5   1  12   6   4   2   2   2  32   3   1   1   4   5   0   0   2  0.44 0.32
  389 A    1  1  0  1 -3  0  1  1  0 -2 -2  1 -1  0 -1  0  0 -4 -1 -1   16   7   3   8   0   4   7  13   3   2   2  10   1   5   2   8   5   0   1   4  0.15 0.13
  390 M   -2  0 -2 -1 -1  0 -1 -3  0  2  2 -1  4  0 -4 -1 -1 -1  0  0    3   4   2   3   1   5   3   2   2  11  23   4  14   3   0   5   3   1   4   7  0.23 0.20
  391 K   -2  1  0  1 -3  1  1  3 -1 -3 -2  4 -2 -2 -3 -1 -2 -5 -1 -3    2   5   5   8   1   6   8  21   1   1   5  26   1   2   1   4   1   0   2   2  0.41 0.30
  392 M   -1  0  0 -1 -2  1  1 -2  1  1  1 -1  2  0 -2  0 -2  0  0  0    2   6   4   4   1   8   9   3   4   8  19   3   6   5   1   6   1   1   2   6  0.09 0.13
  393 P    0  0  1  1 -2  1  1 -1  0 -2 -2  2 -2 -4  3  0  0 -4 -1 -1    9   4   8   7   1   6   9   4   2   3   3  12   1   0  13   6   4   0   2   6  0.22 0.17
  394 S    0  0  1  1 -2  0  1  1 -1 -1 -1  0 -1 -1 -1  2 -1  0 -1 -1    6   4   6   6   1   3  10  11   1   3   7   7   1   2   2  20   2   1   2   4  0.13 0.14
  395 L    1 -1  0  1 -2  0  0 -1  0  1  1  0  0 -1 -1  0  0 -3 -2 -1   14   2   3   8   1   4   5   4   2   9  19   7   2   2   3   8   4   0   1   2  0.07 0.10
  396 I   -1 -1  0  0 -3  0  2 -1 -1  1  0  0  0 -1  0 -1  0 -3 -1  1    4   3   6   4   0   3  19   4   1  12   9   7   3   3   4   3   5   0   2   9  0.11 0.12
  397 P    0 -1  0  2 -4  1  3 -2 -1 -2 -2  1 -2 -3  3  0  0 -4 -2 -2   10   3   3  10   0   5  19   2   1   2   5   8   1   1  15   7   5   0   1   2  0.34 0.24
  398 L   -1 -2 -2  1 -4  1  4 -4 -1  1  1 -1  0 -1 -3 -1 -1 -4 -2 -1    5   1   1   9   0   6  29   1   1   8  17   4   3   2   1   3   4   0   1   3  0.38 0.28
  399 A    2 -2 -3 -1 -3 -2  1 -3 -1  2  0 -2  0 -2 -1  0 -2 -4 -1  3   20   1   0   4   0   1   8   2   2  13   7   2   2   1   3   6   1   0   2  24  0.28 0.24
  400 P   -1  1  1  3 -4  2  3 -3 -2 -3 -2  1 -1 -2  2  0  0 -4 -4 -4    4   6   7  18   0   8  18   1   1   2   3   7   1   2   9   5   5   0   0   1  0.43 0.28
  401 R   -2  3  0  1 -5  3  2 -3  0 -3 -2  2  1 -4 -2 -1 -1 -5 -2 -4    3  19   4   6   0  16  15   1   2   2   4  15   3   0   2   2   3   0   1   1  0.54 0.35
  402 I   -2 -5 -2 -5 -4 -5 -5 -6 -5  5  3 -5  3 -3 -5 -4 -3 -5 -3  2    3   0   2   1   0   0   0   0   0  40  30   0   8   0   0   0   0   0   1  12  1.09 0.47
  403 F   -3 -1 -2 -5 -4 -1 -4 -5 -4  1  2 -3  5  5 -5 -3 -3 -3  1  0    1   4   2   0   0   3   1   0   0   6  18   1  20  29   0   1   0   0   4   5  0.85 0.42
  404 D   -1  0  1  4 -5  3  3 -2  1 -5 -5  2 -4 -5 -3 -1 -1 -5 -4 -4    3   4   7  23   0  13  24   2   3   0   1  11   0   0   1   4   3   0   0   1  0.72 0.37
  405 L    2  0 -1 -1 -3  1  1 -2  0  0  1  0  1 -3 -3  0  0 -4 -1 -1   21   6   2   3   0   6   8   2   2   5  18   6   3   0   0   6   5   0   2   4  0.15 0.15
  406 F    0 -4 -4 -3 -1 -4 -4 -2 -4  3  2 -4  3  3 -4 -2 -2 -4 -2  3    9   0   0   2   1   0   0   3   0  19  18   0   8  14   0   2   1   0   0  19  0.52 0.28
  407 D   -4 -5 -2  8 -7 -4 -2 -5 -1 -7 -7 -1 -7 -7 -6 -3 -5 -8 -7 -7    1   0   1  88   0   0   1   0   1   0   0   4   0   0   0   2   0   0   0   0  2.60 0.95
  408 N   -1 -3  1 -1 -3  1 -2 -2  0  1  0  0  1 -1 -2  0  2 -2  0  2    5   0   6   3   0   6   2   2   3  10   6   5   3   2   2   9  13   1   4  21  0.16 0.17
  409 N   -3 -3  5  6 -7 -2 -1 -2 -4 -7 -5 -4 -6 -7 -3  0  0 -8 -6 -4    2   1  31  46   0   1   2   2   0   0   1   0   0   0   1   5   5   0   0   1  1.45 0.65
  410 R   -2  2  2 -1 -2  0 -2  4  3 -6 -3  1 -2 -2 -5 -1 -3 -6 -4 -5    2  11   8   2   1   5   2  39   9   0   2  11   1   2   0   4   1   0   0   0  0.74 0.39
  411 D   -1 -3  4  4 -6 -3 -1 -4  0 -6 -6 -2 -6 -6  0  4 -1 -7 -6 -5    4   1  23  23   0   0   3   0   2   0   0   1   0   0   4  35   3   0   0   1  1.09 0.57
  412 G   -4 -6 -1 -1 -7 -1 -2  6  1 -5 -5 -2 -7 -7 -6 -3 -3 -7 -7 -7    0   0   3   3   0   3   2  79   3   1   1   2   0   0   0   1   2   0   0   0  1.89 0.75
  413 T   -1 -1  0 -3 -4  1  2 -3  0 -2 -1  1 -1 -1 -4  1  3  0  1  0    4   3   3   0   0   8  14   1   2   0   6   8   1   3   0   8  23   2   6   7  0.29 0.26
  414 I   -5 -7 -7 -8 -5 -7 -7 -8 -7  7  1 -7 -2 -4 -7 -6 -5 -7 -5  4    0   0   0   0   0   0   0   0   0  67   9   0   0   0   0   0   0   0   0  24  1.98 0.77
  415 D   -3 -5  2  6 -2 -2  2 -2  1 -7 -7 -2 -6 -7 -5  0 -1 -8 -6 -5    2   0   9  56   1   1  10   3   3   0   0   2   0   0   0   8   3   0   0   0  1.39 0.62
  416 M   -6 -7 -7 -8 -2 -6 -7 -8 -3 -1 -1 -7  1  3 -8 -5 -2  2  8 -1    0   0   0   0   1   0   0   0   0   3   5   0   4  10   0   1   3   2  69   3  2.30 0.87
  417 R   -2  2  1  0 -3 -2  0  0 -1 -2 -4 -1 -2 -5 -3  3  4 -6 -3 -3    1  12   5   4   1   1   6   6   2   2   1   2   1   0   1  25  29   0   1   1  0.60 0.40
  418 E   -3 -5 -4  1 -9 -1  7 -7 -2 -8 -8 -4 -7 -8 -6 -2 -5 -8 -7 -7    2   0   0   8   0   2  85   0   1   0   0   0   0   0   0   2   0   0   0   0  2.37 0.96
  419 I   -7 -8 -8 -8 -7 -8 -8 -8 -6 -1 -2 -8 -1  8 -8 -7 -6  2 -2 -2    0   0   0   0   0   0   0   0   0   3   2   0   1  87   0   0   0   3   0   3  2.91 1.02
  420 L   -5 -6 -7 -7  0 -2 -4 -7 -6  5  4 -6  1 -2 -6 -6 -4 -6 -5  3    0   0   0   0   2   2   1   0   0  34  43   0   2   1   0   0   0   0   0  16  1.26 0.55
  421 C    5 -5 -3 -5  3 -2 -4 -2 -5 -1 -2 -4  2 -5 -4  0  2 -6 -5  1   51   0   1   0   7   2   0   2   0   3   3   0   6   0   0   6  11   0   0   8  0.90 0.50
  422 G    6 -5 -5 -3  0 -4 -4  2 -5  0 -5 -4 -4 -6 -4  0 -3 -6 -5 -2   70   0   0   1   2   0   0  13   0   5   0   0   0   0   0   5   0   0   0   3  1.40 0.66
  423 F    1 -3 -4 -4  4 -4 -4 -3 -2 -2  0 -4  3  1 -4  1  4  0 -1 -1   12   1   0   0  10   0   0   1   1   1   9   0   7   6   0  12  33   1   2   3  0.62 0.39
  424 S    0 -5 -1 -3 -2 -4 -5 -5 -5  4  3 -4  4 -2 -3  0 -1 -5 -2  1    9   0   3   1   1   0   0   0   0  24  27   0  12   1   1   8   2   0   1   9  0.62 0.36
  425 S   -1 -2  3  4 -5  2  0 -3  5 -3 -2 -1 -3 -4 -3  1 -1 -6 -3 -4    4   1  15  22   0  10   6   1  16   1   4   2   1   1   1  10   4   0   0   1  0.66 0.38
  426 L   -1  2 -2 -3  0  2  0 -4  1  0  2  2  1 -2 -3 -2 -1  2 -2 -1    3  15   2   0   2  10   5   0   4   4  22  13   5   1   1   2   4   3   1   5  0.30 0.23
  427 K   -3  4  2 -1 -6  2  2 -1  1 -3 -3  3 -4 -5 -2  1 -1 -6 -2 -3    0  21  11   3   0   8  11   4   4   2   3  19   0   0   1   9   2   0   1   1  0.55 0.33
  428 N   -2  1  2 -1 -5  2 -1 -2  1  0  0  3 -2 -2 -4 -1 -1 -5 -1  0    2   8  11   3   0   9   1   3   4   6   9  26   0   2   0   3   3   0   2   9  0.33 0.26
  429 S    0 -3 -1 -3 -1 -2 -3 -4 -1  1  2 -1  3  1 -4  1 -1 -3  3  1    6   0   3   1   1   1   1   0   1   7  24   4   8   5   0  13   3   0  12  10  0.32 0.23
  430 K   -1  0 -1 -2 -4  1  2 -3  1  0  3  0  2  0 -4 -1 -1 -4 -2 -1    4   5   2   2   0   6  14   1   4   5  31   4   6   3   0   4   3   0   1   3  0.26 0.21
  431 G   -2  2  3 -1 -5  2  0  1  2 -5 -3  1 -4 -5 -4  2  2 -5 -3 -4    1  10  13   2   0  10   4  12   5   0   2   9   0   0   0  17  12   0   1   0  0.46 0.29
  432 D   -3  0  0  4 -6  1  4 -4  0 -4 -4  2 -5 -6 -2 -1 -1 -6 -5 -4    1   4   3  23   0   6  35   1   2   1   1  15   0   0   1   3   3   0   0   1  0.90 0.44
  433 D   -2 -2  0  5 -7  1  5 -3  0 -4 -6  1 -5 -6 -5  0 -2 -7 -6 -3    2   1   3  32   0   5  37   1   2   1   0   7   0   0   0   5   2   0   0   2  1.06 0.49
  434 A    2  2  1 -2 -2 -1 -2 -4  4 -2  0  3 -1 -1 -4 -1 -1  0 -2 -1   18  12   8   1   1   2   1   0  13   2   9  19   1   3   0   3   2   1   1   4  0.37 0.27
  435 L   -3 -6 -6 -7  4 -5 -3 -7 -6  3  4 -6  1 -1 -4 -4 -4 -5 -4  1    2   0   0   0   9   0   2   0   0  19  54   0   3   1   1   1   0   0   0   9  1.12 0.48
  436 R   -3  5 -2 -3 -6  2  2 -3  0 -1 -1  2 -1 -2 -3 -2 -4  4  1 -3    1  31   1   1   0  10  12   2   2   3   6  12   1   2   1   1   0   8   4   1  0.69 0.38
  437 L    1  1  1  0 -4  2  1 -2 -2 -2  0  2  0 -2 -3  0  0 -4 -2 -2   17   7   7   5   0   8   8   1   0   2  13  13   3   1   0   6   6   0   1   1  0.21 0.18
  438 C    5 -5 -5 -6  4 -3 -5 -4 -5  0  0 -4 -4 -5 -3 -1 -1 -6 -5  1   61   0   0   0  10   1   0   0   0   5   8   0   0   0   1   2   3   0   0   9  1.15 0.56
  439 F   -4 -8 -8 -8 -7 -8 -8 -8 -6 -2 -4 -8 -5  9 -8 -4 -6 -4  1 -5    2   0   0   0   0   0   0   0   0   2   0   0   0  93   0   2   0   0   2   0  3.14 1.03
  440 Q   -2  2  1  1 -2  4  1 -4  1 -5 -3  4 -2 -6 -4 -1 -1  0 -4 -5    3  11   7   6   1  22   9   0   3   0   2  25   1   0   0   4   3   2   0   0  0.73 0.40
  441 M   -1  0 -2 -4 -4 -1 -2 -5  2  1  1  0  4  1 -4 -2 -2 -3  3  1    6   6   1   0   0   3   3   0   7   8  13   6  14   6   0   2   2   0  14   9  0.36 0.24
  442 Y   -5 -6 -6 -7 -5 -6 -6 -7 -4  1  1 -6  1  8 -6 -6 -5 -3  3 -2    0   0   0   0   0   0   0   0   0   7  10   0   3  67   0   0   0   0   8   2  2.00 0.70
  443 D   -6 -6 -1  8 -8 -5 -3 -6 -5 -8 -8 -3 -7 -8 -6 -5 -5 -9 -7 -8    0   0   2  96   0   0   0   0   0   0   0   1   0   0   0   0   0   0   0   0  3.00 1.01
  444 T   -1  0 -1 -4 -4  1 -2 -4 -1  1  1  3 -2 -3 -3  0  2 -5 -4  1    5   4   2   0   0   8   1   0   1   9  14  23   0   0   1   6  12   0   0  13  0.34 0.26
  445 D   -5 -4  2  7 -7 -2 -2 -2 -5 -7 -5 -3 -7 -7 -6 -1 -4 -8 -7 -7    0   1  10  77   0   1   1   2   0   0   2   1   0   0   0   4   1   0   0   0  2.14 0.79
  446 R   -3  2  4  1 -6  0 -3  5  0 -6 -6  1 -1 -6 -5 -2 -4 -6 -5 -6    1  12  19   9   0   3   0  44   2   0   0   7   2   0   0   2   0   0   0   0  1.03 0.47
  447 S   -3 -1  4  4 -5 -1 -3 -3 -4 -5 -6 -1 -5 -2 -4  4  1 -6 -5 -3    0   3  18  25   0   2   0   1   0   0   0   3   0   2   0  36   8   0   0   1  1.00 0.51
  448 G   -3 -6 -1 -3 -7 -4 -4  7 -6 -8 -8 -5 -7 -7 -6 -4 -4 -7 -7 -7    1   0   3   1   0   1   1  92   0   0   0   0   0   0   0   0   1   0   0   0  2.46 0.84
  449 C   -2  1 -2 -4  2  1 -1 -3  1 -2 -1  1 -2  2 -4 -1  0 -2  5  0    3   6   1   0   5   8   3   2   4   1   5   9   1  10   0   5   5   0  27   6  0.48 0.29
  450 I   -5 -7 -7 -7 -2 -6 -7 -8 -7  7  0 -7 -2 -4 -7 -6 -5 -6 -5  1    0   0   0   0   1   0   0   0   0  85   5   0   0   0   0   0   0   0   0   7  2.27 0.81
  451 T   -3 -3  0  0 -5 -3  0 -3 -4 -5 -4 -3 -4 -5 -4  4  5 -6 -5 -4    0   1   4   5   0   0   7   2   0   0   2   1   0   0   0  34  43   0   0   0  1.15 0.57
  452 K    1  1 -2 -3 -3 -1 -1 -2 -2  1  0  3  0 -1  0 -1 -1 -4 -1  1   13   8   1   0   0   2   3   2   0   9   8  25   2   2   5   4   2   0   2   9  0.22 0.19
  453 E   -2 -1  0  4 -5  2  4 -2  0 -3 -4 -1 -2 -5 -2 -1 -2 -6 -5 -4    3   3   4  30   0   9  31   2   2   2   1   3   1   0   2   5   2   0   0   0  0.85 0.40
  454 E   -4 -4  2  3 -7 -2  6 -4 -4 -6 -6 -2 -5 -6 -5 -1 -4 -6 -6 -6    0   0   9  15   0   0  68   1   0   0   0   1   0   0   0   4   0   0   0   0  1.75 0.70
  455 V   -4 -5 -5 -5 -4 -4 -5 -5 -5  2  5 -5  1  1 -5 -4 -4 -4  0  1    1   0   0   0   0   0   0   1   0  12  64   0   2   6   0   1   0   0   3   8  1.14 0.45
  456 A    1  2 -1 -2 -2  2  1 -2 -1 -3 -2  3  1 -1 -3  0 -2 -3 -1 -1   15  13   3   1   1  10  11   2   1   1   4  19   4   2   1   5   1   0   2   6  0.30 0.20
  457 S   -1  1  1  2 -4  3  3 -3  2 -4 -3  1 -1 -2 -3  1 -1 -4 -1 -3    5   7   8   9   0  15  18   1   4   1   1  10   2   1   1  10   2   0   2   2  0.42 0.22
  458 M    0 -3 -3 -3 -3 -2 -3 -3 -3  3  1 -3  4  0 -3 -2 -1 -3 -2  3   10   1   1   1   0   1   1   1   0  18  11   1  15   4   1   1   2   0   1  28  0.55 0.25
  459 L   -2 -1 -3 -3 -3 -3 -3 -3 -1  1  4 -3  4  3 -3 -3 -2 -3 -2  0    2   3   1   1   0   1   1   2   2   8  45   1  12  12   1   1   1   0   1   5  0.65 0.27
  460 C    0  1  0 -1  3  0  0  2  0 -1 -2  0 -1 -1 -1  0  0 -2 -1 -1    8   9   3   4   8   3   5  22   2   3   4   5   1   2   2   7   5   0   2   6  0.14 0.07
  461 A    3  0  0 -1 -1  0 -1  2  0 -1 -1  0 -1 -2 -1  0  0 -3 -2 -1   28   5   5   2   1   4   3  16   2   3   4   5   2   2   2   7   5   0   1   3  0.21 0.12
  462 L   -1 -2 -2  0 -1 -1  0 -2  0  1  3 -1  2  0 -2 -2 -1 -2 -1  0    5   1   1   5   1   2   5   3   3   8  34   4   8   4   2   2   2   0   2   6  0.19 0.11
  463 P    0  0  0  1 -2  0  0  1 -1 -1 -1  0 -1 -2  2  0  0 -1 -2  0    7   4   5   7   1   5   7  12   1   2   8   7   1   1  12   7   5   1   1   7  0.14 0.06
  464 E   -1  2  1  2 -3  1  3  0  0 -2 -2  0 -2 -3 -1  0 -1 -3 -2 -2    3  11   5  14   1   7  24   6   2   2   3   5   1   1   2   4   3   0   1   3  0.34 0.15
  465 E    0 -1  1  2 -1  1  3 -1  2 -2 -3  1 -1 -2 -1  0 -1 -3 -1 -1    9   3   6  12   1   7  22   3   6   2   2   8   1   2   2   6   2   0   2   4  0.27 0.14
  466 C    0  0 -1 -1  3 -1 -1  0  0  0  0 -1  1  0 -2  0  0 -1  1  0    6   4   3   4  11   3   2   9   2   7   8   3   7   3   2   9   4   1   7   6  0.06 0.06
  467 L   -1 -1 -2 -2 -2 -1  0 -1 -2  0  2  0  2  1 -2 -1  0  3  0  0    4   4   2   2   1   1   6   5   1   3  25   8   7   6   2   3   4   6   3   7  0.13 0.08
  468 P    0  0  0  0 -2  0  1  2 -1 -2 -2  1 -2 -2  3  0 -1 -3 -2 -1    7   4   5   4   1   5   9  17   1   3   3   9   1   1  16   5   3   0   1   5  0.26 0.10
  469 A    0  0  0  1 -3  1  1  1  0 -1 -1  1 -1  0 -2  0  0 -3  0  0    9   5   3   7   0   6   9  14   3   4   4   8   2   5   1   5   5   0   4   6  0.08 0.08
  470 D   -2 -1  2  4 -5  1  1  1 -3 -2 -3 -1  0 -1 -4  0 -2  1 -4 -2    3   4  10  30   0   5   9  11   0   3   2   4   2   3   0   6   2   2   0   3  0.49 0.34
  471 I    0 -1 -1 -1  0 -2 -1 -1 -1  2  1 -1  2  1 -1  0  0 -3 -2  2    5   2   2   3   2   0   4   4   2  12  15   5   8   8   2   7   4   0   0  13  0.12 0.14
  472 T    0 -1  0  0  0  1  0 -1  0  0 -1  0 -1  0 -1  1  2  2  0  0    6   3   5   4   2   5   4   5   2   5   4   6   2   4   2   9  19   3   4   6  0.11 0.13
  473 E   -2 -1  2  3 -1  0  4 -2  0 -1 -2 -1 -3 -4 -3 -1 -1  0 -1 -1    3   3   8  18   2   4  32   3   2   3   3   4   0   0   1   4   2   2   2   4  0.53 0.35
  474 P    0 -1  0  2 -3  0  2  0 -1 -2 -1  1  0 -3  2  0  1 -1 -3 -1    6   3   3  10   0   3  14   8   2   2   5   9   3   1  11   7   8   1   1   5  0.19 0.13
  475 G    1  0  1  0 -2  1  0  1  1 -2 -1  1 -2 -1 -2  1  0 -3 -2 -1   16   5   5   6   0   6   7  11   4   2   5   9   1   2   1   9   5   0   1   4  0.13 0.10
  476 K    0  1  0  0 -1  1  1 -1  0 -1  0  2 -1 -1 -1  0  0  3 -1  0    6   7   3   6   2   5   8   5   3   3   9  13   1   2   2   6   5   5   2   7  0.08 0.07
  477 L   -1 -4 -4 -4 -4 -3 -1 -4 -1  3  3 -4  2 -1 -4 -4 -2  6 -3  2    5   1   1   1   0   1   4   1   2  19  30   1   5   2   1   1   2  13   0  12  0.74 0.38
  478 D    0  0  0  4 -4  2  3 -2  0 -4 -4  2 -2 -4 -3  0  0 -4 -3 -3    6   4   4  23   0   8  21   2   2   1   1  12   1   1   1   5   6   0   0   1  0.54 0.26
  479 E    0 -1 -1  2 -5  2  5 -4 -3 -1 -3  0 -3 -1 -2 -1 -3 -5 -4 -2    7   3   3  10   0  11  44   1   0   4   2   4   0   2   1   4   0   0   0   2  0.76 0.38
  480 I   -2 -4 -5 -5  1 -4 -2 -5 -5  5  2 -1  4  0 -5 -4 -3 -4 -3  3    2   0   0   0   3   0   3   0   0  35  15   4  13   4   0   0   0   0   0  17  0.79 0.36
  481 F   -4 -4 -5 -5  1 -4 -2 -3 -4  4  2 -4  4  4 -5 -4 -3 -3  1 -1    1   0   0   0   3   0   3   2   0  27  21   0  11  22   0   1   0   0   4   3  0.82 0.36
  482 D    0  2  1  2 -4  2  1  0  0 -4 -2  3 -3 -4 -3  0  0 -4 -2 -3    8  13   7  13   0  11   7   6   2   0   3  18   0   0   0   4   5   0   1   1  0.38 0.22
  483 L   -2  0 -2  1  0  3  5 -2  2 -4 -2 -1 -3 -2 -3  0 -2 -4 -4 -3    2   5   1   8   3  13  41   2   5   1   5   3   0   2   1   5   2   0   0   2  0.70 0.35
  484 M    1 -4 -4 -5  4 -4 -4  0 -1  2  1 -4  2 -1 -4 -3 -1 -4 -2  4   15   0   0   0  11   0   0   7   2   9  12   0   7   2   0   0   3   0   1  30  0.54 0.30
  485 D   -6 -5  0  8  0  0 -2 -3 -5 -7 -8 -5 -7 -7 -6 -4 -5 -8 -7 -7    0   0   3  86   2   4   1   2   0   0   0   0   0   0   0   0   0   0   0   0  2.54 0.88
  486 A    1  0 -1 -2 -3  1 -1 -2 -1  0 -1  2 -1  0 -1  0  2 -4  0 -1   13   4   1   1   0   6   2   1   1   6   6  19   1   4   3   7  16   0   3   4  0.20 0.18
  487 N   -5 -2  6  5 -7  0 -2 -5 -1 -7 -3  1 -6 -7 -5 -1 -1 -8 -6 -6    0   2  37  38   0   4   1   0   1   0   3   8   0   0   0   3   3   0   0   0  1.42 0.60
  488 S   -2  0  3  0 -2  1  0  3  2 -5 -2  2 -4 -5 -4  0  0 -6 -4 -5    2   4  16   4   1   8   5  29   6   0   4  12   0   0   0   5   5   0   0   0  0.56 0.31
  489 D   -5 -4  4  6 -7 -1 -1 -5  0 -7 -7  0 -6 -7 -6  0 -2 -8 -6 -7    0   0  20  60   0   2   2   0   2   0   0   5   0   0   0   7   2   0   0   0  1.75 0.69
  490 G   -1 -6 -1 -3 -7 -2 -6  7 -1 -8 -8 -6 -7 -8 -7 -4 -6 -8 -7 -7    4   0   2   1   0   2   0  89   2   0   0   0   0   0   0   0   0   0   0   0  2.38 0.82
  491 K   -3  3 -1 -1 -1  2  2 -4  0 -3 -2  4  2 -1 -4 -1 -1 -5  0  0    0  14   3   3   2   8  12   1   2   0   3  29   6   2   0   3   3   0   4   8  0.48 0.30
  492 V   -5  0 -7 -8 -5 -6 -7 -8 -7  7  0 -6 -2 -4 -7 -6 -4 -6 -5  3    0   5   0   0   0   0   0   0   0  76   4   0   0   0   0   0   0   0   0  15  1.99 0.72
  493 T   -1  0  2  5 -1 -1  1 -4 -3 -6 -6 -3 -5 -2 -4  3  1 -7 -5 -5    3   5  10  34   2   2   6   0   0   0   0   0   0   2   0  29   7   0   0   0  0.92 0.44
  494 F   -6 -6 -6 -7 -6 -2 -4 -7 -3 -4 -1 -2 -1  7 -1 -6 -5  3  6 -5    0   0   0   0   0   2   1   0   0   0   4   3   1  51   3   0   0   3  32   0  1.94 0.68
  495 E   -1 -3  2  4 -6  2  4  1  0 -5 -3 -1 -4 -6 -4 -1 -1 -6 -5 -5    6   0   8  28   0   9  26  11   2   0   3   3   0   0   0   2   2   0   0   0  0.76 0.35
  496 E   -4 -1 -2  1 -8  0  7 -2 -4 -6 -6 -2 -5  0 -5 -4 -4 -7 -5 -2    0   2   1   5   0   2  77   3   0   0   0   1   0   5   0   0   0   0   0   4  1.75 0.68
  497 F   -6 -7 -7 -8 -6 -7 -8 -8 -5 -4  0 -7 -4  9 -8 -6 -6 -3  1 -5    0   0   0   0   0   0   0   0   0   0   6   0   0  92   0   0   0   0   2   0  2.95 0.86
  498 K   -1  2 -2 -4  1  0 -1 -4 -3  0  0  2  3 -1 -4 -2  0 -1 -2  2    4  11   1   0   4   3   4   0   0   3   8  18   9   2   0   2   6   1   1  23  0.30 0.21
  499 A    2  1 -1  0 -2  3  2 -2  1 -2 -3  0 -2 -4 -3  0  1 -5 -3  0   23   7   2   6   1  13  11   1   3   2   1   5   0   0   0   4  11   0   1   7  0.31 0.21
  500 A    2 -5 -5 -6  0 -4 -5 -1 -5  0  2 -4  7  0 -5 -2 -2 -5 -2  0   22   0   0   0   2   0   0   4   0   5  16   0  40   3   0   1   1   0   1   6  1.00 0.45
  501 M    0 -5 -6 -7 -5 -4 -6 -6 -6  0  3 -5  8 -1  0 -5 -4 -5 -5 -2    7   0   0   0   0   0   0   0   0   3  23   0  58   2   6   0   0   0   0   1  1.80 0.66
  502 Q   -2  3 -1 -1 -5  4  1 -4  0 -4 -3  3  0 -5 -4 -1  1 -5 -4 -1    1  20   2   2   0  25   9   0   2   0   1  18   2   0   0   3   9   0   0   5  0.70 0.33
  503 R   -1  3 -1  1  0  2 -1 -1  0 -4 -2  4 -3 -5 -3  0 -2 -5 -4 -4    3  16   1   8   3  12   2   4   2   0   5  36   0   0   0   7   0   0   0   0  0.62 0.29
  504 D   -3 -3  2  5 -5 -2  1  1  1 -4 -4  0 -4 -4 -3 -1 -2 -5 -1 -3    0   0  12  49   0   0   9  11   4   0   2   4   0   0   0   3   0   0   3   2  0.87 0.27
  505 S    0 -1  2  2 -3 -1  0 -2 -1 -1 -3 -1 -1 -4  1  3  3 -5 -3 -1    4   2   8  16   0   0   6   0   1   2   0   0   1   0   7  24  21   0   0   5  0.40 0.17
  506 S    1  0  1  0  0 -1  0 -2  3 -3 -2  0 -2 -3 -1  3  1 -4 -2 -1   14   5   8   4   3   0   5   0   9   0   2   3   0   0   2  33   5   0   0   5  0.33 0.15
  507 L   -1 -1 -2 -1 -2  0  0 -3  1  2  3 -2  1 -1 -3 -1 -2 -3 -2  1    5   2   0   3   0   4   7   1   5  14  49   0   0   0   0   4   0   0   0   5  0.29 0.11
  508 Q   -2 -1  1 -2 -4  6  1 -3  2 -2 -3  0 -1 -4 -3 -1 -2 -4 -3  1    0   0   6   0   0  64   6   0   6   0   0   0   0   0   0   3   0   0   0  15  0.93 0.23
  509 D   -2 -2  0  5 -4  2  2  2 -1 -4 -4 -1 -3 -4 -2 -1 -2 -4 -3 -3    1   1   0  49   0  10  13  20   0   1   1   1   0   0   1   1   1   0   0   1  0.74 0.08
  510 M    1 -1 -2 -3 -2  1 -1 -2 -2  1  0  0  2 -2 -2  1  1 -3 -2  3   14   0   0   0   0   7   0   0   0   5   0   7  13   0   0  11  10   0   0  34  0.23 0.06
  511 L   -2 -3 -4 -5 -2 -3 -4 -5 -2  2  3 -3  1  3 -4 -3 -2 -1  2  2    0   0   0   0   0   0   0   0   0  10  39   0   0  19   0   0   0   0  10  22  0.48 0.06
  512 L   -2 -2 -4 -4 -3 -2 -3 -4 -3  1  4  0  4  1 -4 -3 -2 -2 -1  0    0   0   0   0   0   0   0   0   0   0  65  10  18   7   0   0   0   0   0   0  0.59 0.10
  513 S    1 -1  3  2 -3  0  0 -1 -1 -3 -3  1 -2 -3 -2  3  0 -4 -3 -3   12   0  22  12   0   0   0   0   0   0   0  13   0   0   0  41   0   0   0   0  0.51 0.05
  514 S    1  2  2 -1 -3  2  0 -2  2 -3 -3  0 -2 -3  2  2  0 -4 -2 -2   12  13  14   0   0  14   0   0   9   0   0   0   0   0  12  27   0   0   0   0  0.44 0.04
  515 L    0 -3 -3 -3 -2 -1  1 -3 -3  1  3 -2  1  1 -3 -2 -1 -3 -1  1   12   0   0   0   0   0  14   0   0   0  54   0   0   9   0   0   0   0   0  12  0.29 0.04
  516 R   -1  4 -1 -2 -3  2  0 -2 -1 -1 -2  1 -1 -3 -2  1  0 -3 -2  0    0  48   0   0   0  17   0   0   0   0   0   0   0   0   0  21   0   0   0  15  0.51 0.03
  517 P   -1 -2 -3 -2 -4 -2 -2 -3 -3 -4 -4 -2 -3 -4  8 -1 -2 -5 -4 -3    0   0   0   0   0   0   0   0   0   0   0   0   0   0 100   0   0   0   0   0  2.69 0.03
  518 S    1 -1  5  0 -2  0 -1 -1  0 -3 -3  0 -2 -3 -2  2  0 -4 -3 -2   21   0  58   0   0   0   0   0   0   0   0   0   0   0   0  21   0   0   0   0  0.62 0.01

                      K         Lambda
Standard Ungapped    0.1791     0.3450
Standard Gapped      0.1100     0.3190
PSI Ungapped         0.1791     0.3450
PSI Gapped           0.1100     0.3190
