
Last position-specific scoring matrix computed, weighted observed percentages rounded down, information per position, and relative weight of gapless real matches to pseudocounts
           A  R  N  D  C  Q  E  G  H  I  L  K  M  F  P  S  T  W  Y  V   A   R   N   D   C   Q   E   G   H   I   L   K   M   F   P   S   T   W   Y   V
    1 M   -1 -2 -3 -4 -2  0 -3 -4 -2  1  2 -2  6  0 -3 -2 -1 -2 -2  1    0   0   0   0   0   0   0   0   0   0   0   0 100   0   0   0   0   0   0   0  0.57 0.00
    2 V    2 -2 -2 -2 -1 -1 -2 -2 -2  1 -1 -2  0 -2 -2  1  3 -3 -2  2   22   0   0   0   0   0   0   0   0   0   0   0   0   0   0   0  40   0   0  38  0.33 0.00
    3 K   -1  2  0 -1 -4  3  1 -2 -1 -3 -3  5 -2 -4 -2 -1 -1 -4 -3 -3    0   0   0   0   0  17   0   0   0   0   0  83   0   0   0   0   0   0   0   0  0.77 0.00
    4 L   -2 -2 -3 -4 -2 -1 -3 -4 -3  1  3 -2  6  0 -3 -2 -1 -2 -2  0    0   0   0   0   0   0   0   0   0   0  32   0  68   0   0   0   0   0   0   0  0.61 0.02
    5 L   -2 -3 -4 -5 -2 -2 -4 -4 -3  1  4 -3  5  0 -4 -3 -2 -2 -2  0    0   0   0   0   0   0   0   0   0   0  66   0  34   0   0   0   0   0   0   0  0.67 0.05
    6 P    0 -2 -2 -1 -4 -1  2 -3 -2 -4 -4 -1 -3 -4  7 -1  0 -5 -4 -3    6   0   0   0   0   0  22   0   0   0   0   0   0   0  64   0   7   0   0   0  1.59 0.06
    7 A    4 -2 -2 -2 -1 -1 -1 -1 -2 -1 -2 -1 -1 -3 -1  2  1 -4 -3  1   63   0   0   0   0   0   0   0   0   0   0   0   0   0   0  18   7   0   0  11  0.49 0.05
    8 Q    0  1  2  1 -3  4  2 -2  0 -3 -3  0 -2 -3  2  0  0 -3 -3 -3    6   9  10   9   0  37  12   1   0   0   1   0   0   0   9   1   4   0   0   0  0.52 0.05
    9 E   -2 -1 -1  4 -5  2  5 -1 -1 -5 -4  0 -3 -5  0 -1 -2 -5 -4 -4    0   0   0  24   0   8  53   5   0   0   0   4   0   0   5   0   0   0   0   0  0.88 0.12
   10 A    2 -2  0 -2 -2  2 -1 -2 -1 -1  0 -1 -1  1 -2  1  1 -2  1  0   26   0   4   0   0  12   0   0   0   0  11   0   0   8   0  11  13   0   5   9  0.18 0.05
   11 A    3 -1 -1 -2 -2  1 -1  0 -2 -2 -2  0  0 -3 -2  3  2 -4 -3 -1   38   0   0   0   0   6   0   7   0   0   0   4   4   0   0  24  17   0   0   0  0.44 0.09
   12 K    1  3 -1  0 -4  2  0 -2  3 -3 -2  3 -2 -3 -2 -1  0 -4 -2 -3   17  22   0   4   0   8   0   0  12   0   2  30   0   0   0   0   4   0   0   0  0.49 0.09
   13 I    0 -3 -3 -4  1 -2 -3 -4 -3  3  3 -1  2 -1  1 -2  0 -3 -2  1    8   0   0   0   5   0   0   0   0  28  31   4   9   0   6   0   4   0   0   6  0.32 0.06
   14 Y   -3 -1 -3 -5 -4 -3 -4 -5  3 -3 -2 -3 -2  2 -5 -3 -3  1  8 -3    0   4   0   0   0   0   0   0   8   0   3   0   0   0   0   0   0   0  84   0  1.59 0.20
   15 H    0  0  1  0 -4  3  0 -3  7 -4 -4  1 -2 -3 -3 -1  0 -3  1 -3   12   3   7   5   0  18   0   0  41   0   0   6   0   0   0   0   6   0   3   0  0.69 0.13
   16 T    0  0 -1  0 -3  0  1 -2 -2 -2 -1  1 -2  0 -2  2  4 -4 -2 -2    6   4   0   3   0   3   7   0   0   0   4   7   0   5   0  13  49   0   0   0  0.45 0.10
   17 N   -1  2  4  3 -4  0  1 -2  0 -4 -4  1 -3 -4 -3  0  0  3 -3 -3    5  11  36  15   0   0   6   0   1   0   0  11   0   0   0   3   5   6   0   0  0.57 0.09
   18 Y   -4 -4 -4 -5 -4 -4 -4 -5  0 -3 -2 -4 -3  4 -5 -3 -3  1  8 -3    0   0   0   0   0   0   0   0   0   0   0   0   0  17   0   0   0   0  83   0  1.80 0.23
   19 V   -1 -1  0 -3 -2 -2 -2 -4 -3  3  1  0  2 -2 -3 -2 -1 -4 -3  4    0   3   7   0   0   0   3   0   0  15   7   6  10   0   0   0   0   0   0  49  0.37 0.09
   20 R   -2  6 -1 -3 -5  2 -1 -3 -1 -4 -4  2 -3 -4 -3  0 -2  2 -3 -4    0  73   0   0   0   7   0   0   0   0   0  11   0   0   0   5   0   3   0   0  1.17 0.17
   21 N   -2  0  7  0 -4 -1  0 -2 -1 -5 -5  0 -4 -5 -3  1 -1 -5 -4 -4    0   5  78   0   0   0   5   0   0   0   0   3   0   0   0   9   0   0   0   0  1.22 0.19
   22 S    2 -2 -1 -2 -2 -2 -2  0 -2 -3 -2 -2 -2  1 -2  4  0  5  1 -2   17   0   0   0   0   0   0   4   0   0   3   0   0   7   0  52   0  12   5   0  0.57 0.13
   23 R   -3  7 -2 -3 -5  0 -1 -4 -1 -4 -4  3 -3 -2 -3 -2 -2 -4 -3 -4    0  83   0   0   0   0   0   0   0   0   0  15   0   2   0   0   0   0   0   0  1.41 0.20
   24 A    5 -3 -3 -3 -2 -2 -2 -1 -3  0 -2 -2 -2 -3  1  1 -1 -4 -3  1   69   0   0   0   0   0   0   0   0   6   0   0   0   0   7   4   0   0   0  14  0.64 0.14
   25 V   -2 -4 -4 -5 -2 -3 -4 -5 -4  4  2 -4  1 -1 -4 -3 -2  4 -2  3    0   0   0   0   0   0   0   0   0  48  12   0   3   0   0   0   0   7   0  30  0.69 0.12
   26 G    1 -3 -2 -3  0 -3 -3  5 -3 -3 -2 -2 -3 -4 -3  1  0 -4 -4 -1   11   0   0   0   3   0   0  61   0   0   4   0   0   0   0   8   7   0   0   5  0.79 0.12
   27 V    1 -4 -4 -5  3 -3 -3 -4 -4  2  0 -3  0 -2 -3 -2 -1 -4 -3  5   17   0   0   0   7   0   0   0   0   2   3   0   0   0   0   0   0   0   0  71  0.66 0.15
   28 M   -1 -4 -4 -5  2 -3 -4 -5 -4  2  4 -3  3 -1 -4 -3 -2 -3 -2  1    2   0   0   0   7   0   0   0   0   6  63   0  11   0   0   0   0   0   0  11  0.64 0.12
   29 W   -5  0 -5 -7 -5 -4 -5 -5 -4 -5 -4 -4 -3 -1 -6 -5 -5 12  0 -5    0   7   0   0   0   0   0   0   0   0   0   0   0   0   0   0   0  93   0   0  3.44 0.34
   30 G    3 -3 -2 -3 -2 -2 -2  4 -3  0 -2 -2 -1 -3  1  0 -1 -4 -3  0   39   0   0   0   0   0   0  36   0   6   0   0   2   0   7   4   0   0   0   6  0.54 0.10
   31 T   -1 -3 -3 -4  1 -3 -3 -1 -4  3  2 -3  0  1 -4  0  0 -3 -2  2    0   0   0   0   4   0   0   5   0  38  17   0   0   6   0   7   8   0   0  15  0.32 0.08
   32 L   -3 -4 -5 -5  5 -4 -5 -5 -3  1  2 -4 -1  6 -5 -3 -3 -1  1 -1    0   0   0   0  19   0   0   0   0   7  17   0   0  57   0   0   0   0   0   0  0.95 0.16
   33 T    0 -2 -1 -2 -2 -2 -2 -3 -3 -2 -3 -2 -2 -3 -3  2  6 -5 -3 -1    6   0   0   0   0   0   0   0   0   0   0   0   0   0   0  11  82   0   0   0  1.10 0.21
   34 I   -1 -4 -4 -5  2 -3 -4 -5 -4  4  2 -4  3 -1 -4 -3 -1 -3 -2  2    3   0   0   0   5   0   0   0   0  51  19   0  12   1   0   0   1   0   0   8  0.58 0.11
   35 C   -2 -5 -5 -6  9 -5 -6 -5 -5  0  0 -5 -2  1 -5 -3 -3 -4 -3 -2    0   0   0   0  77   0   0   0   0   6   8   0   0   9   0   0   0   0   0   0  1.69 0.23
   36 F   -2 -4 -3 -4 -3 -3 -4 -4 -2  0  0 -4 -1  6 -4  0 -2  4  4 -2    0   0   0   0   0   0   0   0   0   7   4   0   0  58   0  12   0   6  13   0  0.89 0.15
   37 S    4 -3 -2 -3  2 -2 -2  2 -3 -2 -2 -2 -2  0 -2  2 -1 -4 -3 -1   50   0   0   0   6   0   0  19   0   0   3   0   0   5   0  15   0   0   0   3  0.48 0.11
   38 V   -2 -4 -5 -5 -2 -4 -4 -6 -5  6  2 -4  2 -1 -4 -4 -2 -4 -3  2    0   0   0   0   0   0   0   0   0  76   8   0   7   0   0   0   0   0   0   9  0.90 0.17
   39 L   -2 -4 -4 -5 -2 -3 -4 -5 -4  4  3 -4  2 -1 -4 -3 -2 -3 -2  2    0   0   0   0   0   0   0   0   0  41  43   0   6   0   0   0   0   0   0  10  0.70 0.12
   40 V   -1 -1  5  1 -4  1  2  0  2  0 -2 -1  0 -3 -3 -1 -1 -4 -3  0    2   0  40   6   0   8  13   5   6   6   0   0   4   0   0   1   0   0   0  10  0.44 0.10
   41 M   -1 -4 -4 -5  1 -3 -4 -4 -4  3  1 -3  2 -1 -4 -2 -1 -3 -2  4    3   0   0   0   4   0   0   0   0  23  13   0   7   2   0   3   0   0   0  46  0.53 0.11
   42 A    0 -4 -4 -5 -2 -3 -4 -4 -4  1  1 -4  0 -2 -4 -2  0 -4 -3  5    5   0   0   0   0   0   0   0   0   0  11   0   0   0   0   0   4   0   0  80  0.81 0.18
   43 L    2 -3 -3 -4  2 -3 -3 -3 -4  2  0 -3  0 -2 -3 -1  0 -4 -3  4   20   0   0   0   6   0   0   0   0  15   5   0   0   0   0   3   2   0   0  48  0.45 0.12
   44 F   -3 -4 -5 -5 -3 -4 -5 -5 -3  1  3 -4  0  6 -5 -4 -3  2  1  0    0   0   0   0   0   0   0   0   0   6  31   0   0  56   0   0   0   3   0   4  0.95 0.17
   45 I   -1 -4 -4 -5 -2 -4 -4 -5 -4  5  1 -4  0  0 -4 -2 -2 -4 -2  3    2   0   0   0   0   0   0   0   0  55   9   0   0   3   0   2   0   0   0  29  0.71 0.15
   46 Q   -2 -1  1  1 -4  6  0 -3  2 -4 -4  0 -2 -4 -3 -1  2 -4 -3 -3    0   0   5   6   0  67   0   0   6   0   0   0   0   0   0   0  16   0   0   0  1.13 0.24
   47 P    0 -4 -4  0 -5 -3 -3 -4 -4 -5 -5 -3 -4 -5  8 -2 -3 -6 -5 -4    9   0   0   5   0   0   0   0   0   0   0   0   0   0  87   0   0   0   0   0  2.52 0.29
   48 Y    0 -1 -1 -1 -4  3  3 -3  3 -3 -3 -1 -2  1 -3  1  1 -2  4 -3    5   0   0   0   0  19  27   0   8   0   0   0   0   5   0   9  10   0  18   0  0.51 0.13
   49 W   -5 -5 -6 -8 -5 -5 -6 -6 -5 -5 -4 -6 -4 -2 -7 -6 -6 12  0 -5    0   0   0   0   0   0   0   0   0   0   0   0   0   0   0   0   0 100   0   0  4.09 0.44
   50 I   -2 -4 -5 -5 -2 -4 -4 -5 -4  5  2 -4  0  0 -4 -3 -2 -4 -2  3    0   0   0   0   0   0   0   0   0  50  17   0   0   4   0   0   0   0   0  29  0.77 0.15
   51 G   -1 -3 -2 -3 -4  2 -2  6 -3 -5 -4 -2 -4 -4 -3 -2 -3 -4 -4 -4    1   1   0   1   0  11   1  80   0   1   1   1   0   0   1   1   1   0   0   1  1.43 0.29
   52 D   -2 -2  2  5 -3 -2  0  0 -2 -3 -3 -2 -3 -4 -2 -1  3 -4 -3 -3    1   1   9  48   0   1   1   8   0   1   1   1   0   1   1   1  24   0   0   1  0.82 0.21
   53 S   -1  2  1 -2 -3 -1 -2  1 -2 -3 -3  0 -2 -3  1  3  3 -4 -3 -2    1  11   6   1   0   0   1  13   0   1   1   6   0   0   6  23  29   0   0   1  0.47 0.23
   54 V    0  0  0 -1 -2 -1  1 -1 -2  1  0  0  1 -2  2  0  0 -3 -2  1    7   4   4   1   0   1  15   5   0   8  10   4   4   1   9   5   7   0   1  13  0.11 0.06
   55 S    0  0  1  4 -3 -1  1  0  1 -2 -2 -1 -2 -3  1  0  1 -4 -3 -1    5   5   8  29   0   1   9   5   3   1   5   1   0   0   6   7   9   0   0   6  0.33 0.14
   56 T    1 -2  1 -2 -3 -2 -2  1  2 -1 -3 -2 -2 -3 -2  3  3 -4 -2 -1   10   1   5   1   0   0   1  13   7   4   1   1   0   0   1  23  28   0   0   4  0.41 0.19
   57 P    0  0  0  0 -4 -1  2 -2  0 -3 -1  1 -3 -3  4 -1 -1 -4  0 -3    6   4   4   3   0   0  20   3   2   0   7  12   0   0  27   3   3   0   5   0  0.53 0.19
   58 Q   -1  0  0 -2 -4  3 -1  2 -1 -3 -3  0  0 -2 -1  0  1 -2  3 -2    4   3   5   0   0  20   0  20   0   0   0   5   4   0   3   3  11   0  17   3  0.35 0.18
   59 A    1  0 -2 -3 -3 -2 -2 -1 -3 -1 -3  2 -2 -1  4  0  2 -4  0  0   16   3   0   0   0   0   0   3   0   3   0  14   0   3  25   6  16   0   3   6  0.50 0.17
   60 G    2  2  0  2 -3 -1 -1  2 -2 -3 -3  0 -3 -4 -2  2 -1 -4 -3 -3   20  20   0  20   0   0   0  20   0   0   0   0   0   0   0  20   0   0   0   0  0.41 0.04
   61 Y   -3  2  0 -4 -5 -2 -3 -4  4 -4 -3  0 -3  2 -4  0  0 -1  6 -4    0  14   3   0   0   0   0   0  13   0   0   6   0   7   0   6   7   0  42   0  0.95 0.30
   62 F   -5 -6 -6 -7 -5 -6 -6 -6 -4 -2  1 -6  2  8 -6 -5 -4 -2  0 -1    0   0   0   0   0   0   0   0   0   0  11   0   5  81   0   0   0   0   0   4  2.00 0.50
   63 G   -2 -2 -3 -4 -6 -4 -2  7 -5 -7 -7 -4 -6 -6 -5 -1 -4 -6 -6 -6    0   3   0   0   0   0   3  90   0   0   0   0   0   0   0   4   0   0   0   0  1.99 0.47
   64 L   -4 -5 -6 -7 -4 -5 -6 -7 -5  1  6 -5  0  0 -5 -5 -4 -4 -3  0    0   0   0   0   0   0   0   0   0   6  87   0   0   3   0   0   0   0   0   4  1.43 0.40
   65 F   -5 -5 -6 -7 -6 -5 -6 -6 -2 -4 -3 -6 -4  5 -7 -5 -5  9  7 -4    0   0   0   0   0   0   0   0   0   0   0   0   0  31   0   0   0  31  38   0  2.28 0.51
   66 S   -2  2  1 -2 -5  4  2 -3  3 -5 -4  2 -3 -5 -3  2 -1 -5 -3 -4    0  13   6   0   0  25  13   0   9   0   0  12   0   0   0  20   2   0   0   0  0.72 0.26
   67 Y   -3  0 -4 -5 -4 -1 -4 -5  2  0 -3 -3  0  1 -5  0 -2 -1  7  1    0   5   0   0   0   2   0   0   5   6   0   0   2   4   0   8   2   0  50  14  1.02 0.33
   68 C   -4 -7 -6 -7 11 -7 -8 -7 -7 -5 -5 -7 -5 -6 -7 -5 -4 -6 -6 -4    0   0   0   0 100   0   0   0   0   0   0   0   0   0   0   0   0   0   0   0  3.77 0.73
   69 V   -1  1  1 -2 -3  1  1 -3 -2  1  0 -1  0 -1  0 -2  1 -3  2  1    3   8   8   0   0   7   9   0   0  13   8   0   2   0   5   0  10   0  12  15  0.16 0.12
   70 G    0  0  2 -2 -4 -1  1  3 -2 -3  0 -1 -2 -1  1  0 -1 -4 -3 -3    6   7  10   0   0   2  14  32   0   0  11   2   0   2   6   6   2   0   0   0  0.35 0.15
   71 N   -1  0  4  3 -4 -2  0  2 -2 -3 -2 -2 -3 -1 -4  1  0 -4  0 -4    2   4  27  18   0   0   4  17   0   2   4   0   0   2   0  11   3   0   5   0  0.48 0.19
   72 V    0 -2  2  2 -3  1  2  2 -1 -2 -3 -1 -3 -3 -1  0  0 -3  1 -1    9   0  14  12   0   6  15  18   0   2   1   0   0   0   3   5   5   0   6   4  0.29 0.12
   73 L   -1 -2 -1  1  1  0 -1 -2 -1  1  1 -2  0 -1 -1  0  0  4  0  0    4   0   3  10   5   6   3   2   1   8  21   1   2   2   3   7   4   7   3   8  0.09 0.06
   74 S    0 -1 -1  0  2  0  0  3 -2 -3 -2 -2 -2  0  2  1  1 -4 -3 -2    6   2   2   5   6   4   7  26   0   0   3   0   0   5  12  12   8   0   0   2  0.31 0.12
   75 S    0  2  0  1 -4  2  1  2 -2 -3 -2 -1 -2 -1 -2  1 -1  4 -2 -1    5  12   4   7   0  11  10  16   0   0   4   0   0   2   1   9   3   8   0   7  0.24 0.12
   76 E   -1  0  0  2 -4  0  3 -1 -2 -1 -2 -1 -2 -3  1 -1  0  3 -3 -1    2   5   5  14   0   3  31   5   0   6   4   0   0   0   7   2   6   6   0   4  0.37 0.15
   77 L   -2 -2 -2  0 -3 -2  1 -1 -2  1  3 -2  0  1  0 -2 -2 -2  2  0    1   1   1   7   0   1  10   5   0   7  40   1   0   6   4   1   1   0   8   5  0.24 0.12
   78 I   -1  0 -1  1 -2  1  0 -3 -2  2 -1  0 -1  0 -2  1  1 -3 -2  1    1   4   1  10   0   6   6   1   0  18   3   6   0   5   1  11  12   0   0  13  0.13 0.09
   79 C   -3 -5 -5 -6 10  2 -5 -6 -5 -3  0 -5 -3 -4 -6 -4 -4 -5 -5 -3    0   0   0   0  79  11   0   0   0   0  10   0   0   0   0   0   0   0   0   0  2.41 0.54
   80 K    0  3  2  0 -3  1  2 -2  1 -2 -3  2 -2 -3 -2  1  0 -3 -2 -1    5  18  12   2   0   7  12   1   5   2   1  17   0   0   1   8   3   0   0   6  0.34 0.11
   81 G   -1  0  0 -2 -3 -2 -3  5 -3  1 -3 -2 -3 -3 -3 -2 -2 -3 -3 -2    1   7   5   1   0   1   1  65   0  10   1   1   0   1   1   1   1   0   1   1  0.94 0.23
   82 G   -1  2 -1  1 -3  0  1  1 -2 -1 -3  3 -2 -3  0  2  0 -4 -3 -2    1  13   1   8   0   2  11  10   0   5   1  20   0   0   5  17   4   0   0   1  0.30 0.12
   83 P   -1 -3 -3  0 -3 -3 -3 -3 -3  0  2 -3 -1  4  4 -2 -2  4  0  0    5   1   1   6   0   0   1   1   0   4  26   1   0  24  20   1   1   6   0   4  0.51 0.17
   84 L    0 -1  1  1 -2 -1  1  0 -1 -1  0 -1  0  1 -2  0  1 -2 -1 -1    6   3   7   9   0   1  11   9   0   3  13   1   2  10   1   7  11   0   1   4  0.07 0.04
   85 D   -1 -2  1  4 -3  0  1  0  0 -3 -3  0 -2 -3  1  1  1 -3 -3 -1    2   1   5  36   0   3   7   5   3   1   2   4   0   1   5  10   9   0   1   4  0.44 0.12
   86 F   -3 -4 -4 -4 -3 -4 -4 -4 -3  1  1 -4 -1  7 -4 -1 -3  4  1 -2    1   0   0   0   0   0   1   1   0  10  15   1   0  58   0   5   1   6   0   1  1.02 0.27
   87 S    1 -2  1 -1 -3  0 -1  1  0 -2 -1 -1  0 -1 -3  3  1 -4 -2  0   11   0   8   1   0   4   3  12   2   0   7   3   3   3   0  27   6   0   0  10  0.20 0.11
   88 S    0 -2  0 -2 -3  2  0 -1 -2  0 -3  0 -2 -4  1  3  3 -5 -3 -2    7   0   5   0   0  10   6   4   0   8   0   4   0   0   8  24  25   0   0   0  0.39 0.17
   89 I   -3 -5 -5 -6 -3 -4 -5 -6 -4  6  2 -5  1  0 -5 -4 -2 -4  0  2    0   0   0   0   0   0   0   0   0  62  17   0   2   3   0   0   0   0   4  11  0.99 0.29
   90 P   -1 -1 -2 -2 -4 -3 -3 -4 -4 -1  2 -3  3 -3  6  1 -1 -5 -4 -2    2   4   2   2   0   0   0   0   0   2  22   0   9   0  45  10   2   0   0   0  1.01 0.26
   91 S   -1 -2  4 -1 -3 -2 -2  1  3 -3 -2 -2 -3 -4 -3  4  2 -4 -3 -3    0   0  27   0   0   0   0   9   8   0   4   0   0   0   0  37  12   0   0   0  0.64 0.23
   92 R    1 -1  0  1 -2 -1 -1  1 -2  1  0  0 -1  0  1  1  1 -3 -2  0   10   2   4   8   0   0   1  15   0  12   7   6   0   6   6   9   9   0   0   4  0.09 0.04
   93 A    3 -3 -2 -3 -3 -2 -2 -2  0 -3 -3 -2 -2 -2  4  2  0 -3  2 -1   36   0   0   0   0   0   0   0   3   0   1   0   0   0  18  21   4   0  10   4  0.60 0.20
   94 F   -5 -5 -6 -6 -5 -5 -6 -6 -4 -2 -2 -6  2  8 -6 -5 -4  4  1 -3    0   0   0   0   0   0   0   0   0   0   0   0   6  88   0   0   0   6   0   0  2.13 0.48
   95 K   -2  3 -1 -2 -4  3  0 -3  1 -3 -3  4  0 -4 -2  0 -2 -4 -3 -1    1  17   0   0   0  17   4   0   4   0   1  36   2   0   0   9   0   0   0   7  0.62 0.20
   96 T    3 -2 -2 -1 -2 -2 -2 -2 -3  1  0 -2 -1 -2 -2  1  1 -4 -3  2   40   0   0   4   0   0   0   1   0  12   6   0   0   0   0   8  11   0   0  14  0.33 0.14
   97 A    1 -2 -1 -2  4 -1 -1 -2 -2 -1 -2 -1 -1 -2  3  1  2 -3 -2  1   15   1   1   1  15   1   1   1   0   1   1   1   0   1  15  15  15   0   0  15  0.33 0.06
   98 M    3 -2 -2 -3 -2 -2 -2 -2 -3 -2  0 -2  2 -3 -2  2  4 -4 -3 -1   27   0   0   0   0   0   0   0   0   0   6   0   9   0   0  15  42   0   0   0  0.56 0.17
   99 F   -2 -4 -4 -5 -3 -4 -4 -2 -3  2  0 -4  1  5 -4 -3 -2 -2  0  3    0   0   0   0   0   0   0   3   0  17   0   0   4  44   0   0   0   0   0  31  0.71 0.19
  100 F   -3 -4 -5 -5  1 -4 -5 -5 -3 -1  2 -4  1  6 -5 -4 -3 -1  3 -2    0   0   0   0   3   0   0   0   0   0  27   0   3  61   0   0   0   0   6   0  1.05 0.22
  101 V   -1 -4 -4 -5  0 -3 -4 -5 -4  2  1 -4  2 -2 -4 -3 -1 -4 -1  5    2   0   0   0   2   0   0   0   0   9   8   0   7   0   0   0   0   0   3  69  0.77 0.22
  102 A    0 -3 -2 -3  0 -3 -3  5 -3 -2  1 -3 -1  0 -4  0 -2 -4 -3 -1    4   0   0   0   3   0   0  53   0   0  20   0   0   6   0   8   0   0   0   6  0.60 0.16
  103 L    0 -3 -4 -4 -2 -3 -4 -1 -3  2  3 -3  2  2 -3 -2 -2 -3 -1  2   11   0   0   0   0   0   0   4   0   8  34   0   8  14   0   0   0   0   0  21  0.38 0.12
  104 A    3 -2 -1 -2  1 -2 -2 -2 -3 -3 -4 -2 -3 -4 -2  5  0 -5 -3 -2   34   0   0   0   4   0   0   0   0   0   0   0   0   0   0  62   0   0   0   0  0.92 0.26
  105 M    0 -3 -1 -4 -1 -2 -3 -4 -3  2  1 -3  4  1 -3 -1  1 -3 -2  3    8   0   4   0   1   0   0   0   0  13  12   0  18   6   0   2   8   0   0  29  0.33 0.12
  106 F    0 -3 -3 -4 -2 -2 -3 -3 -3  2  2 -3  2  2 -3 -2  0  3 -1  2   12   0   0   0   0   0   0   0   0  17  27   0   5   9   0   0   6   5   0  17  0.31 0.09
  107 L   -1 -3 -4 -5 -3 -3 -4 -4 -4  2  4 -3  3  0 -4 -1 -1 -3 -2  1    6   0   0   0   0   0   0   0   0   9  59   0  13   2   0   4   3   0   0   5  0.59 0.16
  108 I    1 -3  0 -3 -2 -3 -3 -3 -3  3  0 -3  1  1 -3  0  0 -3 -2  3   17   0   5   0   0   0   0   0   0  27   0   0   3   7   0   8   5   0   0  28  0.31 0.12
  109 I   -1 -3 -3 -4 -2 -3 -3 -1 -3  2  3 -3  2  1 -3 -2 -1  3 -1  1    4   0   0   0   0   0   1   5   0  18  40   1   5   8   0   1   4   6   0   7  0.34 0.10
  110 G    0 -3 -2 -3 -2 -2 -3  2 -3  1  2 -2  0  1 -3 -1  0 -3 -2  1    7   0   0   0   0   0   1  22   0  10  30   1   0   8   0   3   7   0   0   9  0.22 0.08
  111 S    1 -2 -1 -2  6 -2 -2 -2 -3 -2 -3 -2 -2 -3 -2  3  3 -4 -3 -1    7   0   0   0  28   0   1   1   0   0   1   1   0   0   0  34  21   0   0   4  0.68 0.20
  112 I   -2 -4 -4 -5  0 -3 -4 -5 -4  5  1 -4  3  0 -4 -3 -1 -3 -2  3    0   0   0   0   2   0   0   0   0  49  10   0  11   3   0   0   2   0   0  21  0.66 0.19
  113 I    0 -3 -3 -4  3 -3 -4  0 -3  2  2 -3  0  2 -3 -1 -1 -3 -1  1   10   0   0   0  11   0   0   8   0  19  22   0   0  14   0   2   3   0   0  13  0.27 0.10
  114 C    1 -3 -3 -3  7 -2  0 -3 -3  0 -2 -3 -2  0 -3  1  0 -4 -3  0    9   0   0   0  42   0   9   0   0   6   2   0   0   5   0  16   3   0   0   7  0.68 0.21
  115 F   -3 -4  1 -4 -3 -3 -4 -4 -3  1  2 -3  5  5 -4 -3 -2 -2  0  0    0   0   9   0   0   0   0   0   0   9  20   0  25  32   0   0   0   0   0   5  0.64 0.21
  116 S    0 -2 -2 -3  2 -2 -2 -1 -3  0  2  0  2  1  0  0  0 -3 -2  0   10   0   0   0   5   0   0   6   0   3  30   9   7   7   5   8   3   0   0   6  0.13 0.07
  117 L   -3 -4 -5 -6  1 -4 -5 -5 -4  0  5 -4  2  1 -4 -4 -3 -3 -2  1    0   0   0   0   4   0   0   0   0   0  77   0   5   6   0   0   0   0   0   8  0.90 0.24
  118 F   -3 -1 -4 -5 -4 -4 -5 -5 -3 -1  1 -4 -1  7 -5 -1 -3 -1  3 -2    0   4   0   0   0   0   0   0   0   0  16   0   0  69   0   5   0   0   6   0  1.16 0.28
  119 F   -2 -1 -4 -5  5 -3 -4 -4 -3  0  1 -3 -1  5  0 -1 -2  4  0 -1    0   5   0   0  17   0   0   0   0   4  15   0   0  37   5   6   0   7   0   4  0.58 0.18
  120 V   -2 -4 -4 -5  1 -4 -4 -5 -3  1  2 -4  0  6 -4 -1 -2 -2  1  0    2   0   0   0   4   0   0   0   0  11  19   0   0  54   0   5   0   0   0   5  0.78 0.21
  121 C   -2 -4 -4 -5  8 -4 -5 -5 -4  0  1 -4  2  2 -5 -3  0 -3 -1  0    0   0   0   0  51   0   0   0   0   2  14   0   6  11   0   0   5   0   2   8  1.03 0.24
  122 N    0  1  4 -1 -3  2 -1 -2  3 -3 -3  2  0 -4 -3  1  2 -4 -2 -3    5   4  25   0   0   8   0   0   8   0   0  19   4   0   0  12  14   0   0   0  0.46 0.15
  123 T    2 -2 -1  0 -3 -1  0 -2 -2 -3 -3  1 -2 -4  1  3  4 -5 -3 -2   15   0   0   4   0   0   4   0   0   0   0   8   0   0   7  30  32   0   0   0  0.55 0.16
  124 A    2  1 -1 -2 -2 -1 -1  2 -2  0 -2 -1 -2 -3  2  2  2 -4 -3 -1   22   8   0   0   0   0   2  16   0   9   0   0   0   0   8  14  19   0   0   2  0.31 0.10
  125 T   -1  0 -2 -3 -3 -2 -2 -3 -2 -1 -1 -1 -1 -1  2  0  5 -3  2  0    3   5   0   0   0   0   0   0   0   0   6   2   0   2   9   4  52   0   8   8  0.52 0.18
  126 V   -1 -4 -3 -4 -2 -3 -3 -1 -4  2  1 -3  0 -2 -4  0  0 -4 -3  5    0   0   0   0   0   0   0   6   0   5   9   0   0   0   0   8   4   0   0  67  0.62 0.20
  127 Y   -3 -4 -4 -5  3 -4 -5 -5 -1 -2  0 -4 -2  6  1 -3 -3 -1  5 -2    0   0   0   0   9   0   0   0   0   0   7   0   0  47   8   0   0   0  29   0  1.09 0.23
  128 K   -1  2  1 -2 -4  0 -1 -3  4 -1  1  3  1 -2 -3 -2 -2 -3  0 -2    2  11   9   0   0   0   2   0  16   3  18  31   4   0   0   0   0   0   3   0  0.39 0.14
  129 I   -2 -4 -4 -5 -3 -4 -4 -5 -4  5  1 -4  3  2 -4 -3 -1 -3 -2  3    0   0   0   0   0   0   0   0   0  53  10   0   8  11   0   0   2   0   0  16  0.70 0.18
  130 C    0 -5 -5 -6  9 -4 -5 -5 -5 -2  0 -5  3 -3 -5 -3 -3 -5 -4 -2    8   0   0   0  75   0   0   0   0   0   8   0   9   0   0   0   0   0   0   0  1.83 0.34
  131 A    3 -3 -2 -3 -3 -2 -2  3 -3 -3 -2 -2  2 -1 -2  2 -1 -4 -3 -2   34   0   0   0   0   0   0  30   0   0   0   0  11   2   0  22   0   0   0   0  0.58 0.17
  132 W   -2 -5 -5 -6 -5 -4 -5 -1 -3 -1 -3 -5 -3 -1  1 -4 -2 11  3 -2    2   0   0   0   0   0   0   6   0   5   0   0   0   0   8   0   2  66   9   2  2.21 0.35
  133 M   -2 -3 -4 -5 -3  0 -3 -5 -3  1  3 -3  5  2  2 -3 -2 -3 -2  1    0   0   0   0   0   4   0   0   0   3  34   0  29  10   9   0   0   0   0   9  0.57 0.16
  134 Q   -2 -1 -2 -2 -4  7  1 -4  2 -3  0  0 -1 -4 -3 -2 -2 -4 -3  0    0   0   0   0   0  74   3   0   4   0   9   0   0   0   0   0   0   0   0   9  1.15 0.29
  135 L    0 -3 -3 -4 -3 -3 -3 -4  2  2  3 -3  1  2 -4 -2 -1 -3 -1  0   11   0   0   0   0   0   0   0   9  12  49   0   0  13   0   0   2   0   0   4  0.44 0.13
  136 A    0 -3 -3 -4  3 -3 -3 -4 -3  2  3 -3  1  2 -3 -1  1 -3 -1  1    8   0   0   0  10   0   0   0   0  18  34   0   1  12   0   4  10   0   0   4  0.33 0.10
  137 A    3 -2  0 -2 -2 -2 -2 -1 -2 -3 -4 -2 -3 -4  2  4  0 -5 -3 -2   34   0   2   0   0   0   0   2   0   0   0   0   0   0  10  51   0   0   0   0  0.77 0.20
  138 A    4 -3 -2 -3  0 -2 -1  4 -3 -3 -3 -2 -3  1 -2  0 -1 -4 -2 -2   49   0   0   0   3   0   3  34   0   0   0   0   0   8   0   3   0   0   0   0  0.65 0.17
  139 T    0 -3 -3 -3  2 -2 -1 -4 -3  2  2 -1  2  1 -3 -1  1 -3 -1  1   10   0   0   0   5   0   4   0   0  19  25   3   5   8   0   0  10   0   0  11  0.22 0.07
  140 G   -2 -4 -4 -5  8 -4 -5  1 -4 -2 -1 -4  1  1 -4 -1  0 -4 -3 -2    0   0   0   0  60   0   0  11   0   0   6   0   5   8   0   3   6   0   0   0  1.14 0.23
  141 L   -2 -3 -4 -5 -3  0 -3 -5 -3  1  4 -3  6 -1 -4 -3  0 -3 -3  0    0   0   0   0   0   5   0   0   0   5  42   0  43   0   0   0   5   0   0   0  0.82 0.21
  142 M    1 -3 -3 -4 -2 -2 -3 -3 -3  2  2 -3  3  3 -3 -2  0 -2 -1  2   14   0   0   0   0   0   0   1   0  16  16   0  14  17   0   0   7   0   0  14  0.31 0.10
  143 I    0 -3 -4 -5 -2 -3 -4 -1 -4  2  3 -3  1 -1 -4 -2 -2 -3 -2  2    8   0   0   0   0   0   0   7   0  13  50   0   0   0   0   0   0   0   0  23  0.46 0.10
  144 G    3 -3 -2 -3  0 -3 -3  5 -3 -4 -4 -2 -3 -4 -3  1 -2 -4 -4 -3   31   0   0   0   2   0   0  59   0   0   0   0   0   0   0   8   0   0   0   0  0.96 0.15
  145 C   -2 -5 -4 -5  9 -4 -5 -5 -5  0 -2 -5 -2 -3 -5 -1 -2 -5 -4  1    0   0   0   0  74   0   0   0   0   5   0   0   0   0   0   5   0   0   0  15  1.63 0.24
  146 L    0 -3 -4 -5  0 -3 -4 -4 -4  2  3 -3  3  1 -3 -2 -1 -3 -2  2    8   0   0   0   3   0   0   0   0   8  40   0  12   5   0   0   0   0   0  24  0.46 0.10
  147 V    0 -4 -4 -5 -2 -3 -4 -4 -4  5  2 -4  0 -1 -4 -2 -1 -4 -3  3    8   0   0   0   0   0   0   0   0  58  12   0   0   0   0   2   0   0   0  20  0.64 0.14
  148 Y   -4 -4 -4 -5 -4 -4 -5 -5  0 -2 -2 -4 -2  6 -5 -4 -3  0  7 -3    0   0   0   0   0   0   0   0   0   0   0   0   0  47   0   0   0   0  53   0  1.57 0.23
  149 P   -2 -4 -4 -4 -5 -3 -3 -4 -4 -5 -5 -3 -4 -5  8 -3 -3 -6 -5 -4    0   0   0   0   0   0   0   0   0   0   0   0   0   0 100   0   0   0   0   0  3.03 0.31
  150 D    2 -1  1  4 -3 -2 -1  0 -2 -3 -1 -2 -2  2 -3  0 -1 -3 -1 -2   24   3   9  29   0   0   0   8   0   0   5   0   0  15   0   7   0   0   0   0  0.33 0.09
  151 G   -1 -3 -2 -3 -4 -3 -3  6 -3 -6 -5 -3 -4 -5 -4  1 -2 -5 -5 -5    0   0   0   0   0   0   0  88   0   0   0   0   0   0   0  12   0   0   0   0  1.53 0.21
  152 W   -5 -5 -6 -7 -5 -4 -6 -5 -4 -5 -4 -6 -3 -1 -7 -5 -5 12  0 -5    0   0   0   0   0   0   0   0   0   0   0   0   0   0   0   0   0 100   0   0  3.89 0.40
  153 D   -3 -3  2  6 -5 -1  2 -1 -2 -5 -5 -2 -4 -5 -3 -1 -2 -6 -5 -5    0   0   9  76   0   0   9   3   0   0   0   0   0   0   0   3   0   0   0   0  1.36 0.19
  154 S    2 -2  2  2 -3 -1 -1 -2  4 -2 -3 -1 -2 -3 -2  3  0 -4 -2 -2   21   0  11  11   0   0   0   0  15   4   0   0   0   0   0  37   0   0   0   0  0.49 0.12
  155 S    1 -2  0  4 -3 -1  2 -2 -2 -4 -4 -1 -3 -4  2  3  0 -5 -3 -3   11   0   0  30   0   0  17   0   0   0   0   0   0   0  10  29   4   0   0   0  0.60 0.08
  156 L   -2 -3 -4 -5 -2 -3 -4 -5 -4  4  3 -3  3  0 -4 -3 -1 -3 -2  2    0   0   0   0   0   0   0   0   0  45  34   0  11   0   0   0   0   0   0  10  0.55 0.05
  157 L   -1 -3 -4 -5 -2 -3 -4 -5 -4  3  3 -3  1 -1 -3 -3 -1 -3 -2  3    0   0   0   0   0   0   0   0   0  34  29   0   0   0   0   0   0   0   0  37  0.52 0.03
  158 V   -1  4 -2 -3 -2  0 -2 -3 -1  1 -1  1  0 -2 -3 -2 -1 -3 -2  3    0  50   0   0   0   0   0   0   0   0   0   0   0   0   0   0   0   0   0  50  0.42 0.00
  159 P   -1 -2 -3 -2 -4 -2 -2 -3 -3 -4 -4 -2 -3 -4  8 -1 -2 -5 -4 -3    0   0   0   0   0   0   0   0   0   0   0   0   0   0 100   0   0   0   0   0  2.65 0.00
  160 A    5 -2 -2 -2 -1 -1 -1  0 -2 -2 -2 -1 -1 -3 -1  1  0 -3 -2  0    0   0   0   0   0   0   0   0   0   0   0   0   0   0   0   0   0   0   0   0  0.00     0.00

                      K         Lambda
Standard Ungapped    0.1838     0.3554
Standard Gapped      0.1100     0.3190
PSI Ungapped         0.1838     0.3554
PSI Gapped           0.1100     0.3190
