
Last position-specific scoring matrix computed, weighted observed percentages rounded down, information per position, and relative weight of gapless real matches to pseudocounts
           A  R  N  D  C  Q  E  G  H  I  L  K  M  F  P  S  T  W  Y  V   A   R   N   D   C   Q   E   G   H   I   L   K   M   F   P   S   T   W   Y   V
    1 S    0 -1  5  1 -2  0 -1 -1  0 -3 -3  0 -2 -3 -2  3  1 -4 -2 -3    0   0  56   0   0   0   0   0   0   0   0   0   0   0   0  44   0   0   0   0  0.70 0.00
    2 P   -1 -2 -3 -2 -4 -2 -2 -3 -3 -4 -4 -2 -3 -4  8 -1 -2 -5 -4 -3    0   0   0   0   0   0   0   0   0   0   0   0   0   0 100   0   0   0   0   0  2.68 0.03
    3 P   -1 -2 -2 -3 -3 -2 -2 -3 -2 -1  1 -2  0  3  5  1 -1 -2  0 -1    0   0   0   0   0   0   0   0   0   0  21   0   0  22  35  21   0   0   0   0  0.67 0.01
    4 S    1  0  0 -1 -2  0  0 -1 -1 -3 -3  2 -2 -3 -1  4  1 -4 -2 -2    0   0   0   0   0   0   0   0   0   0   0  17   0   0   0  83   0   0   0   0  0.65 0.03
    5 F   -1 -2 -2 -3 -2 -2 -2 -3 -2  0  1 -2  0  4 -3  2  0 -2  1  1    0   0   0   0   0   0   0   0   0   0  15   0   0  37   0  30   0   0   0  19  0.29 0.02
    6 D   -1 -1  1  5 -4  0  1 -2 -1 -4 -4  1 -3 -4 -2  1 -1 -5 -4 -4    0   0   0  70   0   0   0   0   0   0   0  15   0   0   0  15   0   0   0   0  0.91 0.04
    7 P    1 -2 -1 -2 -2 -1 -1 -2 -2 -1 -2 -1 -2 -3  5  2  0 -4 -3  0   15   0   0   0   0   0   0   0   0   0   0   0   0   0  37  34   0   0   0  15  0.80 0.03
    8 N    0 -1  4  2 -3 -1 -1  1 -1 -4 -4 -1 -3 -4 -2  3  0 -4 -3 -3    0   0  38  12   0   0   0  12   0   0   0   0   0   0   0  37   0   0   0   0  0.62 0.04
    9 M   -1 -1 -2 -2 -2  0  1 -3 -2  1  1  1  4 -1 -3 -1  1 -3 -2  1    0   0   0   0   0   0  12   0   0   5  16  12  26   0   0   0  12   0   0  16  0.22 0.03
   10 L   -2 -3 -3 -4 -2 -3 -3  0 -3  2  3 -3  1 -1  2 -2 -2 -3 -2  0    0   0   0   0   0   0   0  10   0  13  63   0   0   0  14   0   0   0   0   0  0.47 0.05
   11 L   -1 -2 -2 -2 -3  1  1 -3 -2  0  3 -1  1 -1  2  0 -1 -3 -2 -1    0   0   0   0   0  10  10   0   0   0  56   0   0   0  11  13   0   0   0   0  0.32 0.04
   12 H    1  2 -1 -1 -3  2  2 -2  5 -3 -3  1 -2 -3 -2  0  1 -3 -1 -2   13  15   0   0   0   9  14   0  28   0   0  10   0   0   0   0  11   0   0   0  0.46 0.04
   13 R   -1  5 -1 -2 -4  0 -1 -3 -1 -3 -3  2 -2 -4 -2  1  1 -4 -3 -3    0  69   0   0   0   0   0   0   0   0   0  10   0   0   0  11  10   0   0   0  0.85 0.07
   14 L   -2  1 -3 -4 -3 -2 -3 -4 -2  0  2 -2  0  4  3 -2 -2 -1  1 -1    0  13   0   0   0   0   0   0   0   0  31   0   0  40  15   0   0   0   0   0  0.50 0.05
   15 S    0  2  2 -1 -3  2  0 -2 -1 -3 -3  0 -2 -3  2  3  0 -4 -3 -3    0  15  13   0   0  10   0   0   0   0   0   0   0   0  11  51   0   0   0   0  0.55 0.06
   16 V    0 -3 -2 -3 -2 -2 -3  1 -3  1  1 -3  0 -2 -3  0 -1 -3 -2  3    0   0   0   0   0   0   0  14   0   0  15   0   0   0   0  13   0   0   0  58  0.30 0.05
   17 A    3 -2 -1 -2 -2 -1 -1 -1 -2 -2 -2 -1 -1 -3 -2  2  4 -4 -2 -1   34   0   0   0   0   0   0   0   0   0   0   0   0   0   0   7  60   0   0   0  0.63 0.07
   18 P    2 -2 -2 -2 -2 -2 -2 -2 -2 -2  0 -2 -1 -3  5  2  0 -4 -3 -2   20   0   0   0   0   0   0   0   0   0  12   0   0   0  41  27   0   0   0   0  0.91 0.07
   19 H   -2  3 -1 -3  3  0 -2 -4  6 -3 -3 -1 -2  2 -3 -2 -2 -1  4 -3    0  25   0   0  12   0   0   0  35   0   0   0   0   9   0   0   0   0  18   0  0.66 0.08
   20 E    0 -1 -1 -1 -3  2  3  1 -1 -1 -2 -1 -1 -3 -2  2  2 -4 -3  0    0   0   0   0   0  11  24  12   0   0   0   0   0   0   0  18  22   0   0  12  0.34 0.05
   21 T   -1 -2 -2 -2 -2 -2 -2 -3 -2  0  1 -2  0  2  2  0  3 -2 -1  1    1   1   0   1   0   0   1   1   0   1  13   1   0  14  13   1  34   0   0  19  0.30 0.04
   22 Q   -1  0 -1 -2 -3  5  0 -3 -1 -1  2  0  0 -2 -2  1 -1 -3 -2 -2    0   0   0   0   0  59   0   0   0   0  27   0   0   0   0  13   0   0   0   0  0.62 0.10
   23 A    2 -1 -1 -2 -2  1 -1 -2 -2 -1  1 -1  0 -2 -2  2  2 -3 -2 -1   35   0   0   0   0  12   0   0   0   0  20   0   0   0   0  13  20   0   0   0  0.30 0.05
   24 Q   -1  0 -1 -2 -4  5  0  1  4 -4 -3  0 -2 -4  2 -1 -2 -3 -1 -3    0   0   0   0   0  54   0  13  21   0   0   0   0   0  12   0   0   0   0   0  0.80 0.10
   25 R    1  4 -1  2 -4  2  2 -2 -1 -4 -3  1 -2 -4 -2 -1 -1 -4 -3 -3   13  45   0  12   0  11  18   0   0   0   0   0   0   0   0   0   0   0   0   0  0.63 0.07
   26 G    1 -2 -1  2 -3  0  3  4 -2 -4 -4 -1 -3 -4 -2  0  1 -4 -4 -3   12   0   0  12   0   0  27  38   0   0   0   0   0   0   0   0  11   0   0   0  0.55 0.05
   27 R   -1  2 -1  1 -3 -1 -1  3 -2 -2 -1 -1 -1 -3 -3  0  2 -4 -3 -2    0  16   0  12   0   0   0  34   0   0  11   0   0   0   0   0  27   0   0   0  0.37 0.05
   28 E    1  2 -1  2 -4  1  4  0 -1 -4 -4  1 -3 -4 -2 -1 -1 -4 -3 -3   12  13   0  11   0   0  45   9   0   0   0   9   0   0   0   0   0   0   0   0  0.57 0.06
   29 C   -2 -3 -2  1  5 -2 -2 -3 -3 -1  1 -3  2  4 -3  0 -1 -2  0 -1    0   0   0  11  22   0   0   0   0   0  12   0  13  33   0   9   0   0   0   0  0.38 0.06
   30 Q   -1  0  1  0 -4  3  4 -2 -1 -3 -2  1  2 -3 -2  1 -1 -4 -3 -2    0   0   9   0   0  24  36   0   0   0   0   9  10   0   0  13   0   0   0   0  0.55 0.07
   31 C   -1 -3  1 -3  7 -3 -3 -3 -3 -3 -3 -3 -3 -3  3  0 -1  5 -2 -2    0   0   9   0  49   0   0   0   0   0   0   0   0   0  20  10   0  11   0   0  0.98 0.10
   32 G    0 -2  0  2 -3 -1 -1  3  4 -4 -4 -1 -3 -3 -2  3  0 -4 -1 -3    0   0   0  13   0   0   0  24  21   0   0   0   0   0   0  42   0   0   0   0  0.56 0.08
   33 L   -2 -3 -4 -5 -2 -3 -4 -4 -2  1  3 -3  1  4 -4 -3 -2 -1  3  2    0   0   0   0   0   0   0   0   0   0  41   0   0  24   0   0   0   0  13  22  0.50 0.06
   34 E    0 -1 -1  2 -4  0  4  1 -1 -4 -4 -1 -3 -2 -2 -1 -2 -2  2 -3    9   0   0  11   0   0  56  11   0   0   0   0   0   0   0   0   0   0  13   0  0.63 0.08
   35 A    4  1 -2 -2 -2 -1 -1 -1 -2 -2 -2 -1 -2 -3 -1  2  0 -4 -3  0   68  13   0   0   0   0   0   0   0   0   0   0   0   0   0  11   0   0   0   9  0.51 0.08
   36 S    2 -2 -1 -2  3 -1 -1 -2 -2 -1 -2 -1 -2 -3 -2  3  2 -4 -3  1   16   0   0   0  11   0   0   0   0   0   0   0   0   0   0  48  13   0   0  13  0.45 0.07
   37 S    1  0  0 -1 -3  2  0  3 -1 -3 -3  2 -2 -4 -2  3  0 -4 -3 -3   10   0   0   0   0  13   0  24   0   0   0  18   0   0   0  35   0   0   0   0  0.47 0.06
   38 V   -1  1  1 -2 -3  2 -1 -3  2  1  1 -1  2 -2 -3 -2 -1 -3 -2  2    0  11   9   0   0  13   0   0   9   0  17   0  13   0   0   0   0   0   0  28  0.21 0.05
   39 Y   -2  1 -2 -3 -3 -1 -2 -4  4  0 -1 -1 -1  3  1  0 -2  0  5 -1    0  10   0   0   0   0   0   0  20  11   0   0   0  13   6   7   0   0  33   0  0.49 0.07
   40 S    0 -2 -1 -1 -2 -1  1 -2 -2  1  0 -1 -1 -2  2  3  0 -4 -3  0    0   0   0   0   0   0  10   0   0  21   9   0   0   0  11  48   0   0   0   0  0.36 0.07
   41 D    0 -2  0  5 -3 -1  2  1 -2 -4 -4 -1 -3 -4 -2  0  1 -5 -4 -3   11   0   0  45   0   0  18  13   0   0   0   0   0   0   0   0  13   0   0   0  0.64 0.06
   42 H   -1  1  4  2  3  0 -1 -2  4 -3 -3  0 -2 -3 -2  0 -1 -3 -1 -3    1  12  29  12  13   0   1   1  20   1   1   1   0   0   1   7   1   0   0   1  0.45 0.05
   43 T    3  1 -1 -2 -2 -1 -1  1 -2 -1 -2 -1 -1 -3 -2  1  2 -4 -3  0   38  11   0   0   0   0   0  11   0   0   0   0   0   0   0   9  20   0   0  10  0.33 0.05
   44 N    0 -1  4  0 -3  0  1 -2  3  0 -2 -1 -2 -3  2  0  1 -4 -2 -1    9   0  35   0   0   0  13   0  10  13   0   0   0   0  11   0   9   0   0   0  0.39 0.06
   45 A    2 -2 -1 -2 -2 -1 -2  2 -2 -1 -2 -1 -2 -3 -2  2  2 -4 -3  0   29   0   0   0   0   0   0  20   0   0   0   0   0   0   0  20  20   0   0  11  0.39 0.05
   46 N   -1 -1  3  4 -4  2  0  1 -1 -4 -4 -1 -3 -4  2  0  1 -4 -3 -3    0   0  20  31   0  13   0  11   0   0   0   0   0   0  10   0  15   0   0   0  0.56 0.06
   47 S   -1 -1  0 -1 -3  2  1  0  3 -2 -1 -1 -1 -3  2  1 -1 -3 -2 -1    0   0   4   0   0  18  11   7  13   0  10   0   0   0  11  19   0   0   0   6  0.28 0.04
   48 L   -1 -2 -2 -3  3  1 -2 -3  2  0  3 -2  1 -1 -3  0 -1 -3 -1  1    0   0   0   0   9   9   0   0  11   0  45   0   0   0   0  13   0   0   0  13  0.25 0.05
   49 P   -1 -2 -2 -2 -3  1 -1 -3 -2 -2 -1 -1 -1  2  6  0  1 -3 -1 -2    0   0   0   0   0  11   0   0   0   0   9   0   0  13  44   9  14   0   0   0  0.90 0.07
   50 F   -3 -2 -3 -4 -3  1 -2 -4  3 -1  0 -2  2  6 -4 -3 -2 -1  2 -2    0   0   0   0   0  11   0   0  10   0   0   0  13  66   0   0   0   0   0   0  0.77 0.11
   51 L   -2  1 -4 -5 -2 -2 -3 -5 -3  1  4 -2  1  0 -4 -3 -2 -3 -2  1    0  10   0   0   0   0   0   0   0   0  83   0   0   0   0   0   0   0   0   6  0.64 0.09
   52 M    1 -2 -2 -3 -2  1 -1 -3 -2  1  1 -1  5 -1 -3  1 -1 -3 -2  0   10   0   0   0   0  11   0   0   0  11  13   0  37   0   0  18   0   0   0   0  0.32 0.07
   53 D   -1 -2  2  4 -3  1  0  1 -1 -3  0 -1 -2 -3 -2  1 -1 -4 -3 -3    0   0  13  35   0  11   0  10   0   0  13   0   0   0   0  18   0   0   0   0  0.43 0.05
   54 L   -1 -1 -2 -2 -2  1 -1 -3 -2  1  3 -1  1 -1 -2 -1  1 -2 -2  1    1   1   1   1   0  13   1   1   0   8  41   1   0   1   1   1  12   0   1  13  0.20 0.03
   55 P   -1 -2 -1 -1 -3 -1  1 -2 -2 -2  0 -1 -1 -2  6  1 -1 -3 -2 -2    1   1   1   1   0   1  10   1   0   1  13   1   0   1  49  14   1   0   1   1  0.96 0.06
   56 S    0 -2  0  2 -2 -1 -1  1 -2 -4 -4 -1 -3 -3 -2  5  1 -4 -3 -3    0   0   0  11   0   0   0  13   0   0   0   0   0   0   0  76   0   0   0   0  0.74 0.10
   57 A    3 -2 -1  1 -2 -1  1 -1 -2 -1 -2 -1 -2 -3  1  2  0 -4 -3  1   38   0   0  11   0   0   9   0   0   0   0   0   0   0   6  19   0   0   0  17  0.33 0.05
   58 G    1 -2  2 -1 -3 -1 -2  3 -2 -2 -2 -1  1 -3 -2  1  2 -4 -3 -2    9   0  13   0   0   0   0  35   0   0   0   0  11   0   0  10  22   0   0   0  0.44 0.05
   59 R   -1  3  2  2 -3  0  1  1 -1 -4 -4  1 -3 -4 -2  2  0 -4 -3 -3    0  24  13  10   0   0   9  11   0   0   0   9   0   0   0  24   0   0   0   0  0.43 0.04
   60 S    2  1  0  1 -2 -1 -1  0 -2  0 -2 -1 -2 -3 -2  3  0 -4 -3 -1   18   9   0   9   0   0   0   6   0  10   0   0   0   0   0  48   0   0   0   0  0.36 0.06
   61 V   -1 -2  1 -2 -2 -2 -2 -3 -1  1  1 -2  1 -1 -2 -1  1 -2  2  3    1   1  13   1   0   0   1   1   0   1  11   1   5   0   1   1   9   0  10  44  0.21 0.04
   62 L   -1 -1 -1 -1 -2 -1  1 -2 -2  1  1 -1  0 -1  1  0  2 -2 -2  1    2   1   1   1   0   1  13   2   1  14  22   1   1   1   6   2  20   0   1  11  0.14 0.02
   63 E    1 -1 -1  1 -3  0  3  2 -1  0 -2 -1 -2 -3 -2 -1 -1 -3 -3 -1   12   1   1   7   0   1  37  21   0  13   1   1   0   1   1   1   1   0   0   1  0.33 0.04
   64 A    2 -1 -1 -1 -2 -1  1  2 -1 -2 -2 -1 -1 -2 -1  1  2 -2 -2 -1   22   1   1   1   0   1  10  23   0   1   2   1   1   1   1  13  17   0   1   1  0.29 0.03
   65 S    2 -1  0  1 -2  0  1 -1 -1 -2 -2 -1 -2 -2 -1  3  0 -3 -2 -1   26   1   1  10   0   1  12   2   0   1   2   1   1   1   1  36   1   0   1   1  0.34 0.04
   66 D   -1  2  0  3 -3  0  3 -2 -1 -2 -2  2 -2 -3 -2  0 -1 -4 -3  0    1  12   0  24   0   0  24   1   0   0   1  13   0   0   0   9   1   0   0  12  0.39 0.04
   67 Q   -1  2 -1 -1 -3  4  2 -3  1 -1  0  0  0 -2 -2 -1 -1 -3 -2  0    1  12   0   0   0  42  14   1   4   0  13   1   0   0   0   1   1   0   0   9  0.43 0.06
   68 E   -1 -1 -1  0 -4  2  5 -3 -1 -1  0  0 -1 -3 -2 -1 -1 -4 -3  0    0   0   0   0   0   9  68   0   0   0  13   0   0   0   0   0   0   0   0  10  0.72 0.09
   69 E   -1 -1 -1  2 -4  3  4  0 -1 -4 -3  0 -2 -4  2 -1  1 -4 -3 -3    0   0   0  11   0  22  35   9   0   0   0   0   0   0  13   0  10   0   0   0  0.62 0.06
   70 H   -2 -2  2 -2 -3 -1 -2 -3  6  0 -2 -2 -1  0 -3 -2 -1 -1  4  2    0   0  13   0   0   0   0   0  33   0   0   0   0   0   0   0   0   0  22  33  0.53 0.09
   71 L   -2 -3 -3 -4 -2 -3 -3 -5  2  3  3 -3  1  2 -4 -3 -2 -2  0  1    0   0   0   0   0   0   0   0  11  42  36   0   0  10   0   0   0   0   0   0  0.46 0.07
   72 S    1 -2  2 -1 -2 -1 -1  1 -2 -3 -3 -1 -2 -3  2  3  3 -4 -3 -2    7   0  13   0   0   0   0  11   0   0   0   0   0   0  11  34  24   0   0   0  0.51 0.06
   73 Q   -1 -1 -2 -2 -3  3 -1 -2 -1 -3 -3 -1 -2 -3  6  0 -1 -4 -3 -3    1   1   1   1   0  20   1   1   0   1   1   1   0   0  61   9   1   0   0   1  1.45 0.09
   74 L   -2 -3 -3 -4 -2 -3 -3 -4 -3  3  3 -3  1 -1 -3 -2  1 -3 -2  2    0   0   0   0   0   0   0   0   0  23  53   0   0   0   0   0  11   0   0  13  0.49 0.06
   75 D   -1 -1  0  4 -3 -1  0  2  2 -3 -1  0 -2 -3 -2  1 -1 -4 -2 -3    0   0   0  35   0   0   0  22  10   0   9   8   0   0   0  16   0   0   0   0  0.42 0.04
   76 F   -2 -3 -4 -4 -3 -3 -3 -4 -2  0  2 -3  0  5  3 -3 -2 -1  1  0    0   0   0   0   0   0   0   0   0   0  21   0   0  53  16   0   0   0   0  11  0.65 0.06
   77 L   -2 -2  0 -3 -2 -2 -3 -4  2  1  3 -2  1  1  2 -2 -1 -3 -1  1    0   0   8   0   0   0   0   0   9   0  46   0   0   6  11   0   0   0   0  20  0.30 0.04
   78 R   -2  4  1 -1 -4  3  0 -3  3 -3 -1  2 -1 -3 -2 -1 -1 -3 -2 -3    0  43  10   0   0  18   0   0  14   0   7   8   0   0   0   0   0   0   0   0  0.60 0.05
   79 S    1 -1  0 -1 -2  0 -1 -1 -1 -2 -2  1 -2 -2  3  3  1 -3 -2 -2   10   1   1   1   0   1   1   1   0   1   1  10   0   1  14  46   9   0   0   1  0.46 0.03
   80 A    2 -1 -1  1 -2 -1  1  1 -1 -2 -2 -1  0 -2 -1  2  1 -3 -2 -1   35   1   1  10   0   1   8   9   0   1   1   1   5   1   1  17   7   0   0   1  0.26 0.02
   81 S    1  1  1 -1 -2 -1 -1  2 -1 -2 -2 -1 -2 -2 -1  3  0 -3 -2  0    8   8   5   1   0   1   1  17   0   1   1   1   0   1   1  44   1   0   0   9  0.31 0.03
   82 F   -1 -2 -2 -3  3 -2 -2 -3 -1  1  0 -2  0  4 -2  0 -1 -1  2  1    1   1   1   1  10   1   1   1   0  12   1   1   0  36   1   8   1   0   8  16  0.28 0.03
   83 P   -1 -2 -2 -2 -3 -1 -2 -2 -2 -2  0 -1  1 -3  6  1 -1 -3 -3 -2    1   1   0   1   0   0   1   1   0   1  10   1   7   0  62  13   1   0   0   1  1.35 0.06
   84 L   -1 -2 -2  0 -2  1 -2 -1 -2  0  3 -2  2 -1 -2  0 -1 -2 -2  0    1   0   0   7   0   8   1   6   0   0  56   1  10   0   0   7   1   0   0   1  0.25 0.03
   85 G    1 -2 -1 -2 -2 -1 -2  3 -2  0  0 -1  2 -2 -2  0 -1 -3 -2  0   18   0   0   0   0   0   1  33   0   7   7   5  14   0   0   6   1   0   0   6  0.24 0.02
   86 T    1 -1 -1 -2 -2  1 -1 -2 -2 -1  0 -1 -1 -2 -2  3  3 -3 -2  0    8   0   0   0   0   7   0   0   0   0  12   0   0   0   0  29  38   0   0   6  0.38 0.04
   87 I    0 -3 -3 -3 -2 -2 -3  0 -3  3  1 -3  2  1 -3 -1  0 -3 -1  2    4   0   0   0   0   0   0   8   0  39   0   0   7   7   0   5   5   0   0  24  0.25 0.03
   88 N   -1  0  4  0 -4  0  2  0 -1 -4 -4  2 -3 -4  1  1 -1 -4 -3 -3    0   0  37   0   0   0  23   5   0   0   0  18   0   0   6  12   0   0   0   0  0.55 0.05
   89 H   -2  2  1 -1 -4  5  1 -3  5 -4 -3  1 -2 -3 -2 -1 -1 -3 -1 -3    0  15   5   0   0  44   5   0  31   0   0   0   0   0   0   0   0   0   0   0  0.79 0.07
   90 R   -2  5  0 -2 -4  1  0 -3 -1 -4 -3  4 -2 -4 -2 -1 -2 -4 -3 -3    0  62   4   0   0   0   0   0   0   0   0  34   0   0   0   0   0   0   0   0  1.00 0.09
   91 L   -2 -1 -3 -4 -2 -2 -3 -4 -3  1  4  1  3  0 -3 -3 -2 -3 -2  0    0   0   0   0   0   0   0   0   0   6  68  16  10   0   0   0   0   0   0   0  0.50 0.07
   92 N    0 -1  4  0 -3  2  0 -1 -1 -3 -3  0 -2 -3 -2  4  1 -4 -3 -3    0   0  28   0   0  16   0   0   0   0   0   3   0   0   0  50   3   0   0   0  0.62 0.08
   93 N   -1  2  3 -1 -4  0  0 -2 -1 -4 -3  5 -2 -4 -2  0 -1 -4 -3 -3    0   6  22   0   0   0   0   0   0   0   0  65   0   0   0   7   0   0   0   0  0.76 0.09
   94 R   -2  6 -1 -3 -5  0 -1 -3 -1 -4 -3  2 -2 -4 -3 -2 -2 -4 -3 -3    0  96   0   0   0   0   0   0   0   0   0   4   0   0   0   0   0   0   0   0  1.37 0.13
   95 E   -1  0 -1  2 -5  1  5 -3 -1 -4 -4  3 -3 -4 -2 -1 -1 -4 -3 -3    0   0   0   6   0   0  70   0   0   0   0  24   0   0   0   0   0   0   0   0  0.97 0.10
   96 R   -1  5 -1 -2 -3  1  0 -2 -1 -2 -2  4 -2 -3 -2 -1 -1 -3 -2 -2    1  48   1   1   0   1   1   1   0   4   1  35   0   1   1   1   1   0   1   1  0.68 0.06
   97 S   -1 -1  5  0 -2  0 -1 -1  0 -1 -2 -1 -2 -3 -2  2  0 -3 -2 -2    1   1  56   1   0   1   1   1   0   6   1   1   0   1   1  24   1   0   1   1  0.60 0.07
   98 K   -1  4 -1 -2 -4  1  0 -3  2 -4 -3  4 -2 -4 -2  0 -1 -4 -2 -3    0  33   0   0   0   0   0   0   8   0   0  54   0   0   0   4   0   0   0   0  0.83 0.08
   99 L   -2  0 -3 -4 -2 -2 -3 -4 -3  3  3 -2  1  0 -3 -1  0  3 -2  1    0   7   0   0   0   0   0   0   0  27  51   0   0   0   0   5   5   6   0   0  0.39 0.05
  100 R   -1  2  1 -1 -3  0  1 -2 -1 -3 -3  4 -2 -4 -2  0  2 -4 -3 -2    0   8   8   0   0   0   5   0   0   0   0  55   0   0   0   0  23   0   0   0  0.61 0.08
  101 T    0 -2  1 -1  1 -1 -1  0 -2 -2 -1 -1 -1 -3 -2  4  3 -4 -3 -2    0   0   7   0   5   0   0   4   0   0   7   0   0   0   0  54  22   0   0   0  0.48 0.07
  102 L   -2  0 -2  2 -3 -2 -2 -4 -3  1  4 -2  2 -1 -3 -2 -2 -3 -2  0    0   7   0  16   0   0   0   0   0   0  72   0   5   0   0   0   0   0   0   0  0.47 0.07
  103 R    1  6 -1 -2 -4  0 -1 -3 -1 -3 -3  2 -2 -4 -2 -1 -2 -4 -3 -3   16  78   0   0   0   0   0   0   0   0   0   6   0   0   0   0   0   0   0   0  0.99 0.10
  104 R   -2  5  2 -1 -4  2 -1 -3  0 -4 -3  2 -2 -4 -3 -1 -2 -4 -3 -3    0  68  16   0   0   7   0   0   0   0   0   9   0   0   0   0   0   0   0   0  0.95 0.09
  105 Q    1  4 -1 -2 -4  2  0 -2 -1 -3 -3  4 -2 -4 -2 -1 -1 -4 -3 -3   16  28   0   0   0   6   0   0   0   0   0  49   0   0   0   0   0   0   0   0  0.70 0.07
  106 Q   -2  2 -1 -2 -4  6  1 -3  2 -2  0  1  0 -3 -2 -1 -2 -3 -2 -2    0  12   0   0   0  67   0   0   5   0  16   0   0   0   0   0   0   0   0   0  0.77 0.10
  107 R   -2  6 -1  2 -4  0 -1 -3 -1 -4 -4  1 -3 -4 -3  0 -2 -4 -3 -3    0  78   0  16   0   0   0   0   0   0   0   0   0   0   0   6   0   0   0   0  1.02 0.11
  108 R   -2  5 -1 -1 -4  2  1 -3  1 -3 -2  3  1 -3 -2 -1 -1 -3 -2 -3    0  48   0   0   0   9  10   0   3   0   1  19   6   0   0   0   0   0   0   0  0.71 0.11
  109 E   -2  3 -1  0 -5  1  6 -3 -1 -4 -4  0 -3 -5 -2 -1 -2 -5 -4 -4    0  19   0   0   0   0  81   0   0   0   0   0   0   0   0   0   0   0   0   0  1.20 0.19
  110 R   -2  4 -1 -1 -4  2  2 -2 -1 -2  1  2 -1 -3 -3 -1  0 -4 -3 -2    0  38   0   0   0   8  19   3   0   0  19   8   0   0   0   0   6   0   0   0  0.45 0.09
  111 W   -3  1 -3 -5  2 -3 -4 -4 -2 -4 -3 -3 -3 -1 -5  0 -3 10  3 -3    0   9   0   0   6   0   0   0   0   0   0   0   0   0   0  10   0  66   9   0  1.98 0.23
  112 L   -2  2 -2 -4 -3 -1 -2  0  2  1  3  0  0 -1 -3 -2 -2  4 -1  0    0  14   0   0   0   0   0   9   7   5  44   7   0   0   0   0   0   7   0   7  0.28 0.10
  113 Q   -1  0 -1 -1 -3  5  1  2  2 -2 -1  2 -1 -3 -2 -1 -1 -3 -2 -1    1   0   0   0   0  42   5  16   7   0   6  14   0   0   0   0   0   0   0   6  0.48 0.14
  114 K   -1  2  2 -1 -3  4  0 -2  2 -3 -3  3 -1 -3 -2  1 -1 -3 -2 -3    1   8  11   1   0  35   1   1   4   1   1  21   0   1   1  10   1   0   0   1  0.54 0.12
  115 Q   -1  2 -1 -1 -3  4  0 -2 -1 -2 -1  0 -1 -3  1  1  1 -3 -2 -2    1  14   1   1   0  40   1   1   0   1   8   1   0   1   6  14  10   0   0   1  0.46 0.12
  116 G    0  0  1 -1 -2  2  1  1 -1 -1  0  1 -1 -2 -2  0 -1 -3 -2  0    8   5   7   1   0  17   6  15   0   1  12   9   0   1   1   5   1   0   1   8  0.16 0.07
  117 K   -1  1 -1  1 -3  3  3 -1 -1 -3 -3  3 -2 -3 -2  1 -1 -3 -2 -2    2   5   1   8   0  16  24   5   0   1   2  22   0   1   1   9   1   0   1   1  0.45 0.13
  118 Y    0 -1  0 -1 -2  1  1 -2 -1  0  0  0  0  1  0 -1  2 -2  1  0    7   1   4   1   0   7  13   1   0   5  14   5   0   7   5   1  18   0   6   5  0.11 0.07
  119 S    1 -1  1 -1 -3  2  1  0 -1 -3 -3  2 -2 -3 -2  3  0 -4 -3 -2    9   0   6   0   0  14  11   5   0   0   1  14   0   0   0  34   0   0   0   3  0.42 0.17
  120 G   -1  0  1  2  2  1  0  2 -2 -2 -1  1 -2  0 -2  1 -1 -3 -2 -2    1   4   6  13   7   6   5  16   0   0   9  12   0   7   0  12   0   0   0   1  0.16 0.08
  121 V    0 -2  0 -3  2  0 -2 -3 -2  1  2 -2  0  1 -2  1  0 -3 -2  2    9   0   5   0   7   4   1   1   0   3  24   0   0   7   0  12   5   0   0  22  0.16 0.10
  122 G    0 -1  1  0 -3  1  1  3  1 -3 -3  0 -2  1 -2 -1  2 -3 -2 -2    6   0   6   5   0   6  12  26   4   0   1   5   0  10   0   1  17   0   0   1  0.28 0.12
  123 L   -1  2 -2 -2  2 -1  1 -1  1 -1  2 -1  1  1 -3  0 -1 -3 -1  0    1  17   0   1   8   0  10   5   5   1  25   1   5   7   1   7   1   0   0   7  0.14 0.11
  124 L    0 -1  1 -2  2  1 -1 -2 -2  0  2  0  0  0 -2  1  0 -3 -2  0    5   1   7   1   6  10   1   1   0   4  31   5   0   5   1  11   6   0   0   6  0.14 0.11
  125 D   -1  0  1  4  1  1  0 -2  2 -3 -2  0 -2 -3  1  0  0  3 -2 -3    4   5   6  29   5   8   0   0   6   0   5   6   0   0   6   7   6   5   0   0  0.36 0.16
  126 H    0  0  2  2 -3  2 -1 -2  4 -3 -2 -1 -2 -3 -2  2  0 -4 -2 -1    5   5   9  13   0  13   0   0  18   0   5   0   0   0   0  18   6   0   0   5  0.37 0.19
  127 M    0  0 -2 -2 -3  2  0 -3 -2  0  2  0  2 -2 -3 -1  1 -3 -2  0    5   6   0   0   0  13   5   0   0   5  31   6   7   0   0   0  14   0   0   5  0.24 0.15
  128 T    0 -3 -2  0 -3 -2  0 -3  1 -2  0 -2 -1 -3  1  0  4  4 -2  0    6   0   0   6   0   0   7   0   4   0  10   0   0   0   7   6  41   7   0   7  0.43 0.22
  129 V    1 -1 -1 -2 -2  0  0  0 -2  1  1  0  1 -1 -2  1 -1 -2  0  1   11   0   0   1   0   6   5   9   0   7  18   7   4   0   0  17   1   0   4   9  0.09 0.07
  130 S    1 -1  2  1 -3  1 -1  0 -1 -2 -1  2 -2 -3 -2  2  0 -3 -3 -1    9   0  15   8   0   5   1   7   0   0   5  16   0   0   0  20   5   0   0   5  0.25 0.12
  131 N   -1 -1  2  3  1  2  1  0 -1 -3 -3 -1 -2 -3 -2  2 -1 -4 -3 -1    1   0  15  19   5  16  10   7   0   0   1   1   0   0   0  18   1   0   0   6  0.40 0.17
  132 E   -1 -1  3  3 -4  3  2 -2  2 -3 -3 -1  0 -4 -3  2  1 -4 -3 -3    0   0  16  16   0  15  16   0   7   0   0   0   4   0   0  16   6   0   0   0  0.53 0.19
  133 M    0  1 -1  1 -3  2  0 -2 -2 -1  1 -1  3 -2 -2  0  1 -3 -2 -1   10   8   1  12   0  13   5   1   0   1  15   1  16   0   1   7   8   0   0   1  0.21 0.12
  134 S    0 -1  1  1 -3  2  1  0  2 -2 -1  0 -2 -3 -2  2  1 -3 -2 -2    8   0   5   9   0  10   8   7   6   0  10   3   0   0   0  26   7   0   0   1  0.25 0.11
  135 T   -1 -2  0 -1 -3  1  3 -1 -2 -3 -2 -1 -2 -3 -2  2  4  4 -2 -2    1   0   5   0   0   5  23   5   0   0   4   0   0   0   0  14  33   7   0   1  0.50 0.21
  136 D   -2  0  1  5 -4 -1  3  1 -2 -4 -4  0 -3 -4 -3  0 -2 -5 -4 -4    1   4   6  41   0   0  21  11   0   0   1   5   0   0   0   7   0   0   0   1  0.77 0.22
  137 E    0  0 -1  4 -4  0  4 -2 -2 -4 -4 -1 -3 -4 -2  0  0 -4 -3 -3    9   4   0  26   0   0  41   1   0   1   1   1   0   0   1   6   7   0   0   1  0.74 0.24
  138 E   -2 -2 -2  3 -4  0  5  1 -2 -3 -4 -1 -3 -4 -3 -2 -2 -4 -4  0    1   0   0  18   0   0  57  10   0   1   1   1   0   0   1   1   1   0   0   8  0.98 0.34
  139 T    0 -2  2  3 -3 -1  2  0  3 -3 -1 -1 -2 -3 -1  1  1 -4  0 -3    6   0  11  18   0   0  15   6  10   0   7   0   0   0   3   8  10   0   4   0  0.32 0.17
  140 E   -1 -2  0  2 -4  1  5 -1 -2 -1 -1 -1  0 -4  1 -2 -2 -4 -4 -1    4   0   3   9   0   5  48   4   0   3   8   0   3   0   6   0   0   0   0   4  0.59 0.29
  141 F   -1 -2 -1  0  0 -1  1  0  4 -1  1 -2 -1  0 -3  1 -1 -2  2 -2    1   1   0   6   3   0  12   9  14   4  19   1   0   5   1  14   1   0   9   1  0.19 0.16
  142 P    0  2 -1  0  1  0  0 -1 -2  0 -1  0  1 -3  3  0  0 -3 -3 -2    7  17   3   4   3   4   7   5   0   6   4   5   8   0  14   6   5   0   0   1  0.22 0.12
  143 E   -2  1 -1  1 -4  2  1  1 -2 -2  0  1  2 -2 -3  0 -2  5 -2 -2    0  10   0  10   0  10  10  10   0   0  10  10  10   0   0  10   0  10   0   0  0.29 0.15
  144 E   -2 -1  1  5 -4  1  3 -1  1 -3 -4 -1 -3 -4 -2 -1 -1 -5 -3 -1    0   0   7  44   0   6  32   2   3   0   0   0   0   0   0   0   0   0   0   6  0.78 0.06
  145 K   -1  5 -1 -2 -4  0 -1 -2 -1 -3 -2  4  1 -3  1 -1 -1 -3 -2 -2    1  44   0   1   0   0   1   1   0   1   1  36   6   0   6   1   1   0   0   1  0.72 0.06
  146 D   -2 -2 -1  4 -5  0  5 -3 -1 -4 -4 -1 -3 -4 -2 -1 -2 -4 -4 -3    1   0   0  28   0   0  66   1   0   0   1   0   0   0   0   0   0   0   0   0  1.14 0.13
  147 S    0 -2  2  1 -3 -1 -1  4 -2 -3 -3 -1 -3 -3 -2  2 -1 -4 -3 -2    7   0  15  10   0   0   0  37   0   0   1   0   0   0   0  23   0   0   0   4  0.54 0.07
  148 Y   -2 -3 -3 -4 -1 -2 -3 -4  3  1  3 -3  2  1 -4 -3 -1 -1  4 -1    0   0   0   0   1   0   0   0  11   5  43   0   5   4   0   0   3   0  26   0  0.57 0.10
  149 M   -1 -2 -2 -3  1  0 -2 -4 -3  3  1 -2  1 -2 -3  0  4 -4 -3  1    0   0   0   0   4   6   0   0   0  28   8   0   4   0   0   3  41   0   0   5  0.43 0.09
  150 C   -2 -5 -5 -6 10 -5 -6 -5 -6 -3 -3 -5 -3 -4 -5 -3 -3 -5 -5 -3    0   0   0   0 100   0   0   0   0   0   0   0   0   0   0   0   0   0   0   0  2.66 0.25
  151 A    4 -3 -2 -3 -2 -2 -2 -2 -3 -3 -3 -2 -3 -4  5  2 -1 -5 -4 -2   51   0   0   0   0   0   0   0   0   0   0   0   0   0  34  15   0   0   0   0  1.07 0.13
  152 V   -1 -4 -4 -5 -2 -4 -4 -5 -4  3  0 -4  0 -2 -4 -3 -1 -4 -3  5    0   0   0   0   0   0   0   0   0  15   0   0   0   0   0   0   0   0   0  85  1.02 0.15
  153 C   -2 -5 -5 -6 10 -5 -6 -5 -6 -3 -3 -5 -3 -4 -5 -3 -3 -5 -5 -3    0   0   0   0 100   0   0   0   0   0   0   0   0   0   0   0   0   0   0   0  2.66 0.25
  154 L   -3 -4 -5 -6 -3 -3 -5 -5 -4  0  5 -4  1 -1 -4 -4 -3  3 -2  0    0   0   0   0   0   0   0   0   0   0  94   0   0   0   0   0   0   6   0   0  1.09 0.15
  155 D   -3 -3  0  7 -5 -1  2 -3 -2 -5 -6 -2 -5 -5 -3 -2 -2 -6 -5 -5    0   0   0  90   0   0  10   0   0   0   0   0   0   0   0   0   0   0   0   0  1.75 0.18
  156 V   -2 -4 -4 -5 -2 -3 -4 -5 -4  3  2 -4  1 -1 -4 -3 -1 -3 -2  4    0   0   0   0   0   0   0   0   0  26  25   0   0   0   0   0   0   0   0  49  0.70 0.10
  157 Y   -3 -4 -4 -5 -4 -4 -4 -5  0 -2 -1 -4 -2  5 -5 -3 -3  1  7 -3    0   0   0   0   0   0   0   0   0   0   4   0   0  28   0   0   0   0  68   0  1.56 0.18
  158 F   -3 -4 -4 -5  1 -4 -4 -5 -1 -1 -1 -4 -2  6 -5 -3 -3  0  6 -2    0   0   0   0   4   0   0   0   0   4   2   0   0  49   0   0   0   0  41   0  1.26 0.15
  159 N   -1  2  3  1  1  0 -1 -2  3 -1 -1 -1 -2 -3 -3  3  0 -4 -2 -2    0  15  18   6   4   3   0   0  10   4   5   0   0   0   0  36   0   0   0   0  0.38 0.08
  160 P   -2 -4 -4 -3 -5 -3 -3 -4 -4 -5 -5 -3 -4 -5  8 -2 -3 -6 -5 -4    0   0   0   0   0   0   0   0   0   0   0   0   0   0 100   0   0   0   0   0  3.03 0.23
  161 Y   -3  0 -2 -4 -4 -1 -2 -4  6 -3 -2 -2 -2  1 -4 -2 -1  0  6 -3    0   7   0   0   0   0   0   0  35   0   4   0   0   0   0   0   4   0  50   0  1.21 0.16
  162 M    0  3 -2 -3 -3 -1 -2 -3 -2  0  0  2  5 -2 -3  1  1 -4 -3  0    5  20   0   0   0   0   0   0   0   4   2  18  28   0   0  12   7   0   0   5  0.40 0.11
  163 C   -2 -5 -4 -5  9 -4 -5 -4 -5 -2 -3 -4 -3 -4 -4  0  1 -5 -4  1    0   0   0   0  74   0   0   0   0   0   0   0   0   0   0   7   9   0   0  10  1.70 0.22
  164 Y   -2  1  1 -2 -4  3  1 -3  3  0 -1  0 -1  1 -3 -1 -2 -2  3 -2    0   7   8   0   0  20  10   0  11  11   6   5   0   5   0   1   0   0  17   0  0.32 0.08
  165 P    0 -3 -3 -3 -4 -2 -2 -3 -3 -4 -3 -2 -3 -4  7 -2 -2 -4 -4 -3    8   1   1   1   0   0   1   1   0   1   1   1   0   0  82   1   1   0   0   1  2.23 0.19
  166 C   -2 -6 -5 -6 10 -5 -6 -5 -6 -3 -4 -6 -4 -4 -5 -3 -3 -5 -5 -3    0   0   0   0 100   0   0   0   0   0   0   0   0   0   0   0   0   0   0   0  2.85 0.31
  167 H    0  0  2 -1 -4  0  0  4  3 -4 -4  0 -3 -4 -3  0 -1 -4 -2 -4    8   3  15   0   0   4   3  41  12   0   0   6   0   0   0   8   0   0   0   0  0.59 0.09
  168 H   -3 -2 -1 -3 -6 -1 -2 -4 10 -5 -5 -2 -4 -3 -4 -3 -3 -4  0 -5    0   0   0   0   0   0   0   0 100   0   0   0   0   0   0   0   0   0   0   0  2.60 0.32
  169 I   -2 -4 -4 -5  1 -4 -4 -5 -4  5  0 -4  0 -2 -4 -1 -1 -4 -3  4    0   0   0   0   4   0   0   0   0  53   0   0   0   0   0   6   0   0   0  38  0.79 0.15
  170 F   -4 -5 -5 -5 -4 -5 -5 -5 -3 -2 -1 -5 -2  8 -5 -4 -4 -1  3 -3    0   0   0   0   0   0   0   0   0   0   0   0   0  94   0   0   0   0   6   0  1.91 0.25
  171 C   -2 -6 -5 -6 10 -5 -6 -5 -6 -3 -4 -6 -4 -4 -5 -3 -3 -5 -5 -3    0   0   0   0 100   0   0   0   0   0   0   0   0   0   0   0   0   0   0   0  2.85 0.31
  172 E   -2 -2  0  2 -5  0  6 -1 -1 -5 -5 -1 -4 -5 -3  0 -2 -5 -4 -4    0   0   4   6   0   0  80   6   0   0   0   0   0   0   0   5   0   0   0   0  1.24 0.19
  173 P   -2 -3 -4 -3 -4 -3 -3 -4 -3 -4 -2 -3 -3  0  7 -1  0 -5 -3 -3    0   0   0   0   0   0   0   0   0   0   5   0   0   6  80   3   6   0   0   0  2.16 0.22
  174 C   -2 -6 -5 -6 10 -5 -6 -5 -6 -3 -4 -6 -4 -4 -5 -3 -3 -5 -5 -3    0   0   0   0 100   0   0   0   0   0   0   0   0   0   0   0   0   0   0   0  2.85 0.31
  175 L   -3 -4 -5 -6 -3 -4 -5 -5 -4  1  5 -4  1 -1 -4 -4 -3 -3 -3  0    0   0   0   0   0   0   0   0   0   6  94   0   0   0   0   0   0   0   0   0  1.14 0.18
  176 R   -3  7 -2 -3 -5  0 -2 -4 -2 -5 -4  1 -3 -5 -4 -2 -3 -5 -4 -4    0 100   0   0   0   0   0   0   0   0   0   0   0   0   0   0   0   0   0   0  1.94 0.26
  177 T    0  3 -1 -2 -3  2 -1 -3 -2 -2 -1  1  1 -3 -3  0  4 -4 -3 -1    7  26   0   0   0  12   0   0   0   1   6   5   4   0   0   0  38   0   0   1  0.49 0.11
  178 L   -3 -3 -4 -5 -3 -3 -4 -5  2  2  4 -3  2 -1 -4 -3 -2 -3 -2  1    0   0   0   0   0   0   0   0   7  12  70   0   4   0   0   0   0   0   0   6  0.76 0.13
  179 A    5  0  0 -3 -2 -2 -2  1 -3 -3 -3 -2 -2 -4 -2  0  1 -4 -3 -2   74   6   5   0   0   0   0   8   0   0   0   0   0   0   0   0   8   0   0   0  0.74 0.15
  180 K    0  3  1 -2 -4  1 -1 -3 -2 -3 -3  4  1 -3 -3 -1  0  3 -3 -3    6  17   9   0   0   2   0   0   0   0   0  48   7   0   0   0   5   6   0   0  0.66 0.13
  181 D   -2  0  5  3 -4 -1  1 -1 -1 -4 -4 -1 -3 -1  0  1 -1 -5 -3 -4    0   5  44  19   0   0   7   4   0   0   0   0   0   3   4  14   0   0   0   0  0.73 0.12
  182 N   -1  3  3  1  0  0 -1 -1  1 -4 -4  1 -3 -4 -3  2  1 -4 -3 -3    0  23  21   6   3   0   0   3   3   0   0  10   0   0   0  20  11   0   0   0  0.48 0.09
  183 P    1 -3 -3  0  1 -2 -2 -1  1 -3 -4 -2 -1 -4  7 -1 -2 -5 -4 -2   11   0   0   6   5   0   0   5   5   0   0   0   3   0  60   3   0   0   0   2  1.43 0.16
  184 A    1  0  1 -1 -2  0 -1 -2 -2 -1  0  0  1  0 -2  0  2 -3 -2 -1   20   7  11   3   0   4   0   1   0   1   7   5   6   6   0   3  24   0   0   3  0.19 0.06
  185 S   -1 -1  4  3 -4 -1 -1 -2  1 -3 -3  1 -3  1 -3  2 -1 -4 -2 -2    0   0  32  16   0   0   0   0   4   0   0  12   0   9   0  24   0   0   0   3  0.53 0.11
  186 T   -1 -3 -1  0 -3 -2 -2 -3 -3 -1 -3 -2 -2 -3  1  1  6 -5 -3 -1    2   0   0   6   0   0   0   0   0   5   0   0   0   0   7   6  75   0   0   0  0.96 0.18
  187 P   -2 -3 -3 -3 -4 -2 -3 -4  0 -3  0  0 -2 -4  7 -2  0 -5 -4 -1    0   0   0   0   0   0   0   0   4   0  12   6   0   0  68   0   7   0   0   3  1.67 0.18
  188 C   -2 -6 -5 -6 10 -5 -6 -5 -6 -3 -4 -6 -4 -4 -5 -3 -3 -5 -5 -3    0   0   0   0 100   0   0   0   0   0   0   0   0   0   0   0   0   0   0   0  2.85 0.31
  189 P   -2 -4 -4 -4 -5 -3 -3 -4 -4 -5 -5 -3 -4 -6  8 -3 -3 -6 -5 -4    0   0   0   0   0   0   0   0   0   0   0   0   0   0 100   0   0   0   0   0  3.09 0.28
  190 L   -3 -4 -5 -6 -3 -3 -5 -5 -4  0  5 -4  3 -1 -4 -4 -3 -3 -3  0    0   0   0   0   0   0   0   0   0   0  94   0   6   0   0   0   0   0   0   0  1.17 0.18
  191 C   -2 -6 -5 -6 10 -5 -6 -5 -6 -3 -4 -6 -4 -4 -5 -3 -3 -5 -5 -3    0   0   0   0 100   0   0   0   0   0   0   0   0   0   0   0   0   0   0   0  2.85 0.31
  192 R   -3  7 -2 -3 -5  0 -2 -4 -2 -5 -4  1 -3 -5 -4 -2 -3 -5 -4 -4    0 100   0   0   0   0   0   0   0   0   0   0   0   0   0   0   0   0   0   0  1.94 0.26
  193 T    0  2 -1  1 -3  2  1 -3 -2 -1 -3  1 -2 -3 -2  0  4 -4 -3 -2    4  13   0   7   0  10   6   0   0   6   0   8   0   0   0   4  43   0   0   0  0.46 0.10
  194 I   -1  0 -2 -3 -2  0 -1 -3 -3  3  1 -2  0 -2 -3  0  1 -3 -2  2    3   5   0   0   0   6   3   0   0  26  18   0   0   0   0   6  13   0   0  19  0.25 0.06
  195 I   -3 -5 -5 -6 -3 -4 -5 -6 -5  6  0 -4  0 -2 -5 -4 -2 -4 -3  2    0   0   0   0   0   0   0   0   0  97   0   0   0   0   0   0   0   0   0   3  1.38 0.22
  196 S    1  0 -1 -2  2  0 -1 -1 -2 -2 -1  1 -1 -2 -2  2  2  3  0 -1   10   3   0   0   7   5   0   4   0   0   7  10   0   0   0  23  17   6   5   4  0.22 0.06
  197 R   -2  2  3 -1 -4  1 -1 -3  5 -4 -4  1 -3 -1 -3  1 -1 -2  3 -3    0  12  19   0   0   8   0   0  23   0   0   9   0   0   0  13   0   0  16   0  0.60 0.11
  198 V   -1 -4 -3 -4  6 -3 -4 -4 -4  1 -1 -3 -1 -3 -4 -1  3 -4 -3  3    2   0   0   0  29   0   0   0   0   6   0   0   0   0   0   0  23   0   0  40  0.75 0.14
  199 F   -1 -2  1  1 -1  0  0 -1 -2  0  0 -1  0  3 -3  0  0 -2  0 -1    2   0  11  10   2   5   6   4   0   7  10   3   4  25   0   6   5   0   2   0  0.14 0.05
  200 L   -1 -3 -3  0 -3 -3 -1 -4 -3 -1  2 -3  0  5  2 -1 -2 -2  0 -1    5   0   0   6   0   0   4   0   0   0  30   0   0  41   9   4   0   0   0   2  0.50 0.11
  201 Q   -2 -1  1  2  4  5  0 -3  5 -4 -4 -1 -2 -4 -3 -2 -2 -4 -2 -4    0   0   8  14  15  46   0   0  18   0   0   0   0   0   0   0   0   0   0   0  0.92 0.17
  202 T   -1  2 -1  1 -4  0  2 -3 -1 -3 -3  3 -2 -4  1  1  2 -4 -3 -3    0  12   0   9   0   1  20   0   0   0   0  25   0   0   6   9  19   0   0   0  0.51 0.09
  203 E   -2 -2  0  3 -6  1  5  1 -2 -5 -5  0 -4 -5 -3 -2 -2 -5 -4 -4    0   0   4  17   0   5  61  12   0   0   0   2   0   0   0   0   0   0   0   0  1.07 0.24
  204 L   -3 -4 -4 -4 -3 -3  1 -5 -4  0  5 -3  1  1 -4 -4 -3 -3 -2 -1    0   0   0   0   0   0  12   0   0   0  82   0   0   7   0   0   0   0   0   0  0.95 0.25
  205 N    0 -1  4  2 -4 -1  1 -2  0 -3  0  1 -2 -3 -3  1  0 -5 -3 -3    6   0  35  13   0   0   8   0   2   0  12  11   0   0   0   9   5   0   0   0  0.47 0.14
  206 N   -1  0  3 -1 -4  4  0 -3  3 -3 -1  0 -2 -3 -3  1  1 -4 -2 -3    4   3  21   0   0  25   4   0  11   0   6   4   0   0   0   8  12   0   0   0  0.50 0.16
  207 A    0  0 -1  0 -1  2 -1  1 -2 -1 -2  2  0 -2 -2  0  3 -4 -3 -2    9   4   0   6   2  10   0  12   0   4   0  14   2   2   0   4  32   0   0   0  0.30 0.12
  208 T    2 -3 -2 -3 -2 -2 -2 -3 -3  2  1 -2  0 -2 -3  0  3 -4 -3  2   23   0   0   0   0   0   0   0   0  13  11   0   2   0   0   4  32   0   0  15  0.41 0.15
  209 K   -1  3 -1 -2 -5  1  0  1  0 -4 -2  5  0 -4 -3 -2 -2 -5 -3 -3    2  16   0   0   0   7   3  12   2   0   4  52   3   0   0   0   0   0   0   0  0.75 0.20
  210 T    0 -2 -1  3 -3  1  1 -2 -2 -3 -3 -1 -2 -4 -3  2  4 -5 -3 -2    8   0   0  21   0   9   6   0   0   0   0   0   0   0   0  17  39   0   0   0  0.65 0.19
  211 F   -3  0 -3 -4  0  0 -1 -4  0 -1  2 -2 -1  5 -4 -1  0 -2  0 -2    0   8   0   0   3   4   5   0   2   1  23   0   0  44   0   3   7   0   0   0  0.53 0.17
  212 F   -4 -4 -4 -5 -4 -4 -5 -5  2 -2  1 -4 -1  7 -1 -4 -3 -1  3 -2    0   0   0   0   0   0   0   0   5   0  12   0   0  68   4   0   0   0  11   0  1.33 0.28
  213 T   -2 -3 -3  0 -4 -2  0 -4 -3 -3 -1 -2 -3 -4  7 -1 -1 -5 -4 -1    0   0   0   6   0   0   5   0   0   0   6   0   0   0  70   3   4   0   0   7  1.74 0.24
  214 K   -2  2  2  2 -4  1  1 -3 -1 -3 -3  4  1 -4 -3 -1 -1 -4 -3 -2    0   9  11  12   0   4   8   0   0   0   0  44   7   0   0   0   2   0   0   4  0.58 0.14
  215 E   -1 -2 -2  1 -3  1  4 -3 -2  1  0 -1 -1 -3 -3  1 -1 -4 -3  1    0   0   0   5   0   7  39   0   0  14  12   0   0   0   0  12   0   0   0  11  0.39 0.12
  216 Y   -1 -4 -4 -5 -4 -3 -4 -5  0 -3 -3 -4 -3  3 -5 -3 -3  4  8 -3    7   0   0   0   0   0   0   0   0   0   0   0   0   7   0   0   0   5  81   0  1.79 0.30
  217 L    0  1  0 -2  2  1  0 -3  0 -1  2  1  0 -2 -2  0  1 -3 -2 -1   11   6   4   0   6   7   6   0   2   0  30  13   2   0   0   6   8   0   0   0  0.16 0.07
  218 K    1  2  1 -2  2  0 -1 -2  0 -3 -2  4 -2 -4 -2  2  0 -4 -3 -2   14   8   7   0   6   0   0   0   2   1   2  38   0   0   0  18   6   0   0   0  0.45 0.13
  219 I   -3  6 -2 -3 -4  0 -2 -4 -2 -1  0  1 -2 -3 -3 -2 -2 -4 -3 -3    1  79   0   0   0   0   0   0   0   4  11   0   0   0   0   0   0   0   0   0  1.24 0.24
  220 K   -2  4  1 -2 -4  0 -1 -3  2 -3 -1  4 -2 -4 -3  0 -2 -4 -3 -3    0  25   7   0   0   2   0   0   7   0   9  45   0   0   0   6   0   0   0   0  0.70 0.17
  221 Q   -2  3  2  1  0  4  2 -3  0 -4 -4  2 -2 -4 -3 -1 -2 -4 -3 -4    0  17  12   7   4  29  14   0   2   0   0  15   0   0   0   0   0   0   0   0  0.68 0.15
  222 S    0 -2  4 -1 -1 -1  1 -2 -2 -1 -2  0  2  0 -3  1  2 -4 -2  0    4   0  27   0   2   0  10   0   0   2   0   4  10   7   0  12  13   0   0  10  0.28 0.11
  223 F   -3 -3 -3 -2 -4 -1  4 -1 -2 -2  1 -2 -1  5 -4 -3 -3 -2  0 -2    0   0   0   0   0   0  35   5   0   0  14   0   0  46   0   0   0   0   0   0  0.78 0.21
  224 Q    0  3  1 -2 -4  4  1 -3  2 -3 -1  1 -2 -4 -3  0 -1 -4 -2 -3    9  18   5   0   0  35   7   0   7   0   7   5   0   0   0   7   0   0   0   0  0.56 0.15
  225 K   -1  2  2 -1 -4  1  0 -3 -1 -4 -4  5 -3 -4 -3  0  0 -5 -3 -3    4  12  14   0   0   6   3   0   0   0   0  50   0   0   0   4   6   0   0   0  0.74 0.17
  226 S    2 -2  2  1 -3 -1 -1 -2  2 -2 -1 -1 -2 -3 -2  3  2 -4 -2 -2   20   0  13  10   0   0   0   0   6   2   8   0   0   0   0  29  12   0   0   0  0.37 0.12
  227 S    0  1  2 -1  1  1  0 -1 -1 -2 -1  1 -2 -3  2  2 -1 -4 -3  0    2   8  16   0   4   5   6   2   0   0   5   8   0   0  10  24   0   0   0  10  0.26 0.09
  228 S   -1 -3  2  0  6 -2 -2 -3 -2 -2  0 -2 -2 -2  2  2  0 -3  1  0    0   0  12   4  27   0   0   0   0   0   9   0   0   0   9  23   3   0   6   6  0.44 0.14
  229 A    2  0  0 -2 -2  1 -1 -2 -2 -3 -3  1 -2  0 -2  3  1 -4 -2 -1   28   3   4   0   0   6   0   0   0   0   0  12   0   6   0  28  11   0   0   2  0.38 0.12
  230 K   -2  1  2 -1 -4  0  1 -3  3 -2 -1  3 -2  0 -3  0 -1 -4 -2  1    0   7  13   0   0   0   6   0  10   0   4  35   0   4   0   7   0   0   0  14  0.36 0.12
  231 W   -4 -4 -1 -5 -4 -3 -4 -5 -3 -3 -1 -4  1  2  0 -3  0 10  3 -3    0   0   3   0   0   0   0   0   0   0   6   0   4   7   4   0   9  56  11   0  1.82 0.28
  232 P   -2 -4 -3 -3 -5 -3 -3 -4 -4 -4 -4 -3  1 -5  7  1 -2 -6 -5 -4    0   0   0   0   0   0   0   0   0   0   0   0   5   0  83  12   0   0   0   0  2.40 0.32
  233 L   -3 -4 -5 -6  3 -4 -5 -5 -5  0  5 -4  1 -1 -5 -4 -3 -4 -3 -1    0   0   0   0   9   0   0   0   0   0  91   0   0   0   0   0   0   0   0   0  1.17 0.25
  234 P   -2 -4 -4 -4 -5 -3 -3 -5 -4 -3 -4 -3 -4 -5  8 -3 -3 -6 -5  0    0   0   0   0   0   0   0   0   0   0   0   0   0   0  90   0   0   0   0  10  2.68 0.35
  235 S    0  1  1 -2 -3 -1  0  1  0 -3 -1 -1 -2 -3 -3  4  0  4 -2 -3    0   8   8   0   0   0   4  10   2   0  10   0   0   0   0  50   0   8   0   0  0.44 0.13
  236 C    0 -3 -2 -3  8 -3 -3 -1 -3  0 -2 -3 -2 -3 -3  1  0 -3 -3 -1    6   1   0   1  54   0   1   6   0  10   1   1   0   0   1  14   3   0   0   1  0.89 0.15
  237 R    1  5  2 -2 -3  0 -1 -2 -1 -3 -3  2 -2 -3  2 -1 -1 -3 -3 -2   14  45  10   1   0   1   1   1   0   1   1  12   0   1  10   1   1   0   0   1  0.62 0.15
  238 K    0  2  1 -1 -3  1  1  0 -1 -3 -3  3 -2 -3 -2  1  0 -3 -2 -2    6  15   6   1   0   6   8   6   0   1   1  26   0   1   1  14   6   0   0   1  0.35 0.08
  239 G    0  1  0 -2 -3  0 -2  2  0  0  0 -1  2  2  0  0 -1 -3 -1  0    6   9   4   0   0   5   0  23   4   6   7   0   9  12   3   5   0   0   0   6  0.13 0.09
  240 F   -2 -3 -3 -4 -3  0 -3 -4 -2  0  1 -3 -1  6 -4  1  1 -2  1  0    0   0   0   0   0   5   0   0   0   5   9   0   0  52   0  15   8   0   0   5  0.66 0.24
  241 H   -2  5 -2  0  2  1 -2  0  4 -3 -3  0 -3  0  0 -2 -2 -4 -2 -1    0  42   0   6   7   4   0   7  17   0   0   0   0   6   4   0   0   0   0   7  0.55 0.22
  242 L   -2 -3 -3 -4  2 -3 -3 -2 -2  2  2 -3  0  1 -3 -1  0  4  2  2    0   0   0   0   7   0   0   4   0  11  28   0   0   5   0   4   7   7   8  17  0.28 0.10
  243 F   -1 -1 -4 -5  2 -4 -4 -4 -3  1  1 -3 -1  6 -4 -2 -3  4  1  0    6   4   0   0   5   0   0   0   0   6  13   0   0  51   0   2   0   6   0   6  0.75 0.24
  244 G    0  0  0 -1  2  1  0  1 -2 -2  0  0 -2 -2  1 -2 -2  6 -2 -2   12   4   4   3   7   7   7  13   0   0  14   4   0   0   6   0   0  18   0   0  0.34 0.14
  245 G    1  0 -2 -3  4 -2  0  5 -3 -3 -4 -2 -3 -4 -3 -1 -2 -5 -4 -1   13   7   0   0  11   0   7  54   0   0   0   0   0   0   0   3   0   0   0   5  0.80 0.23
  246 F   -3  0  0 -3  1  0 -1 -4  4 -1 -1 -2 -2  5 -4 -1 -2 -2  3 -2    0   6   5   0   4   6   4   0  13   3   3   0   0  42   0   6   0   0   8   0  0.60 0.23
  247 H   -2  3  1 -2 -5  4  0  0  4 -5 -4  1 -3 -4  1 -1 -2 -4  0 -4    0  21   5   0   0  31   2   8  17   0   0   6   0   0   6   2   0   0   3   0  0.72 0.25
  248 R   -2  6  0 -3 -4 -1 -2  1 -2 -4 -4  1 -3 -4 -3  1  0 -5 -4 -4    0  70   3   0   0   0   0  10   0   0   0   0   0   0   0  11   6   0   0   0  1.08 0.25
  249 R   -1  3 -1 -1 -4  4  0 -1  4 -3 -3  0 -2 -4 -1  1  0 -4 -2 -1    0  23   0   2   0  28   0   5  14   0   0   0   0   0   2  14   5   0   0   6  0.52 0.16
  250 A    3 -1 -1  0 -2 -2 -2  2 -2 -3 -3 -1 -2 -4  1  3  1 -4 -3 -2   34   2   0   5   0   0   0  15   0   0   0   0   0   0   7  25  11   0   0   0  0.50 0.14
  251 A    4 -2 -1  2 -2 -1  0  0 -2 -3 -3 -2 -3 -4 -2  2  1 -4 -3 -2   50   0   0  14   0   0   5   4   0   0   0   0   0   0   0  22   5   0   0   0  0.59 0.17
  252 P    1  1 -2 -2 -3  0  0  1  2 -3 -2 -1 -2 -3  4  0  1 -4 -3 -2   18  10   0   0   0   2   6  11   6   0   4   0   0   0  27   6   8   0   0   0  0.52 0.10
  253 V    1 -3 -3 -3 -2 -2 -3 -1 -3  2  0 -3  0  2 -3 -1  1  5 -1  2   12   0   0   0   0   0   0   6   0  12   6   0   0  10   0   3  13  11   0  25  0.29 0.10
  254 T    2  2  1 -2 -3 -1 -2  0 -2  0 -2 -1 -2 -3 -3  0  3  4 -2  0   20  17   8   0   0   0   0   6   0   8   0   0   0   0   0   0  27   9   0   6  0.34 0.13
  255 R   -3  6 -2 -3 -5 -1 -2  2 -2 -5 -4  0 -3 -4 -4 -2 -3  3 -3 -4    0  77   0   0   0   0   0  17   0   0   0   0   0   0   0   0   0   6   0   0  1.38 0.30
  256 R   -3  6 -2 -4 -5 -1 -2 -4  3 -5 -4  0 -3 -3 -4 -3 -3  7 -2 -4    0  71   0   0   0   0   0   0   8   0   0   0   0   0   0   0   0  21   0   0  1.61 0.32
  257 Q   -2  4 -1 -2 -4  4  0 -3  5 -4 -3  0 -2  0 -3 -2 -2  4  1 -3    0  28   2   0   0  34   0   0  20   0   0   0   0   5   0   0   0   8   3   0  0.83 0.18
  258 F   -3 -4 -4 -5 -3 -4 -4 -5  1 -1  2 -4 -1  6 -5 -4 -3  6  1 -2    0   0   0   0   0   0   0   0   5   0  22   0   0  55   0   0   0  18   0   0  1.13 0.21
  259 P   -1  1 -2 -2 -3 -1 -2 -3  1 -2 -1 -1 -2  0  6  0  1 -3 -2  0    1   9   0   1   0   0   1   1   5   1   6   1   0   5  45   4  14   0   0   7  0.89 0.12
  260 H    0  1  0 -2 -4  1 -1 -3  8 -4 -3 -1 -3 -2  1 -1 -2 -3  0 -3    8   7   3   1   0   5   1   1  63   1   1   1   0   0   7   1   1   0   0   1  1.09 0.20
  261 G    1  0  0 -2 -3 -2 -2  5 -2 -4 -4 -2 -3 -4 -3 -1 -2 -4 -3 -3   13   7   5   1   0   0   1  68   0   1   1   1   0   0   1   1   1   0   0   1  0.94 0.14
  262 A    3 -2 -2 -2 -2 -2 -2  4 -2 -2 -3 -2 -2 -3  0  0 -1 -3 -3 -1   36   1   0   1   0   0   1  44   0   1   1   1   0   0   3   5   1   0   0   6  0.62 0.12
  263 H   -2 -2 -2 -3 -3 -2 -2 -2  5 -2 -2 -2 -2  5 -3 -2 -2  0  5 -2    1   1   0   1   0   0   2   2  20   1   1   1   0  34   1   1   1   0  33   1  0.89 0.16
  264 R   -1  4  1 -2 -3  1 -1  1  1 -3 -3  0 -2 -3  0  1  1 -4 -3 -3    0  40   7   0   0   7   0  13   3   0   0   0   0   0   5  14  10   0   0   0  0.49 0.11
  265 M   -1 -3 -4 -4 -3  0 -3 -4 -3  1  4 -3  4  1  1 -3 -2 -3 -2  0    4   0   0   0   0   5   0   0   0   7  54   0  17   7   7   0   0   0   0   0  0.53 0.13
  266 D    1 -3  1  5 -4 -2  0  0 -2 -3 -1 -2 -3 -4 -3 -1  1 -5 -4 -3   13   0   7  57   0   0   0   7   0   0   7   0   0   0   0   0  10   0   0   0  0.76 0.16
  267 Y    3 -2 -2 -2 -2  1 -1  0 -1 -2 -2 -1 -1  0 -2  1  0 -2  3  0   39   0   0   0   0  10   0   7   0   0   0   0   0   5   0   8   6   0  15   7  0.29 0.10
  268 L   -2  1 -3 -4 -2 -2 -3 -4 -3  1  3 -2  3  1 -3 -2 -2 -2 -2  1    1  10   0   0   0   0   1   1   0   7  50   1  15   4   0   1   1   0   0   7  0.43 0.10
  269 H   -2 -2  1  5 -3 -1  0  0  2 -3 -3 -1 -3 -2  2 -1 -2 -3  1 -3    1   1   5  50   0   1   1   8   7   1   2   1   0   1  11   1   1   0   7   1  0.65 0.11
  270 F   -2  1 -3 -3 -3  1 -2 -3 -2 -1  1 -1 -1  5 -3 -2 -2  2  1 -2    1  12   1   1   0   9   1   1   0   1  14   1   0  52   1   1   1   3   0   1  0.57 0.13
  271 E    0  0  1  2 -3  1  3 -2 -1 -2 -2  0 -2 -3  1  0  1 -3 -2 -1    5   3   7  11   0   4  35   1   0   1   2   1   0   1   8   1  14   0   1   4  0.40 0.07
  272 D   -1 -1  3  4 -3  1  0  1 -1 -2  0 -1 -2 -2 -2 -1  0 -3 -3 -2    1   1  20  33   0   7   4  10   0   1  11   1   0   1   1   1   5   0   1   1  0.41 0.08
  273 D   -2 -2  0  5 -3  1  1 -1  2 -3 -2 -1  2 -3 -2  1 -1 -4 -2 -3    1   0   0  48   0   7   5   3   7   0   1   1  13   0   0  11   1   0   0   1  0.63 0.13
  274 S    1 -2  1 -2 -2 -1 -1  1  3 -2 -2 -1  1 -1  2  2  1 -3 -2 -1   12   0   6   0   0   0   0  10  13   0   0   0   9   2   9  25   8   0   0   5  0.29 0.09
  275 R    0  5 -1 -2 -1  2 -1 -3  1 -3 -3  1 -2 -3 -2  0  1  2 -2 -3    6  55   0   0   2  10   0   0   4   0   1   0   0   0   0   7   9   3   0   0  0.69 0.15
  276 G    0 -1 -1 -2 -3 -2 -2  5  2 -4 -3 -2 -3 -3 -2 -1 -2 -3 -3 -3    7   4   1   1   0   1   1  72   7   1   1   1   0   1   1   1   1   0   0   1  1.00 0.15
  277 W   -2 -2 -2 -3 -2 -2 -2 -2 -2 -2  0 -2 -1 -1 -2 -2  0 10  0 -2    2   1   1   2   1   1   2   2   1   1  11   2   1   1   1   2   8  57   1   2  1.50 0.17
  278 W   -2  4 -2 -2 -3 -1 -2 -1 -1 -1  1  0 -1  3  1 -2 -2  2  0 -2    1  38   1   1   0   1   1   4   0   1  14   1   0  22   7   1   1   4   1   1  0.38 0.10
  279 F   -2 -2 -2 -2 -2 -2 -2 -2 -2 -1  0 -2 -1  6 -2  0 -1  3  1 -1    2   1   1   1   0   1   2   2   1   1   7   1   1  60   1   9   1   4   1   2  0.66 0.12
  280 D   -2 -2  1  5 -3 -1  0 -2  4 -3 -1 -1 -2 -2 -2 -1 -1 -3  1 -3    1   1   6  53   0   1   1   1  14   1   8   1   0   1   1   1   1   0   5   1  0.69 0.12
  281 M   -2 -3 -3 -4 -2 -2 -3 -4 -3  3  2 -3  6 -1 -3 -2  0 -3 -2  0    1   0   0   0   0   0   1   1   0  26  11   0  50   0   0   1   7   0   0   1  0.71 0.18
  282 D   -2 -3  0  6  1 -2  0  2 -3 -5 -5 -2 -4 -5  2 -2 -2 -6 -5 -4    0   0   0  66   5   0   0  19   0   0   0   0   0   0  10   0   0   0   0   0  1.13 0.20
  283 M   -2 -3 -3 -4 -3  1 -3 -4 -3  0  3 -2  6  0 -4 -2  0 -3 -2 -1    0   0   0   0   0  10   0   0   0   0  30   0  50   3   0   0   7   0   0   0  0.77 0.21
  284 V   -1 -3 -3 -1 -2 -3 -3 -4 -3  2  1 -3  0  0 -3 -2 -1 -3 -2  4    1   0   0   5   0   0   0   0   0   7  11   0   0   5   0   0   0   0   0  67  0.55 0.15
  285 I   -2 -4 -4 -5 -2 -4 -4 -5 -4  5  2 -4  0 -1  2 -3 -2 -4 -3  2    0   0   0   0   0   0   0   0   0  66  16   0   0   0  10   0   0   0   0   8  0.76 0.17
  286 I   -2 -4 -4 -5 -2 -3 -4 -5 -4  4  3 -4  1  2 -4 -3 -2 -3 -1  2    0   0   0   0   0   0   0   0   0  56  27   0   0  10   0   0   0   0   0   5  0.67 0.15
  287 Y    0 -3 -3 -4 -3 -2 -3 -4  4  0 -2 -3 -2  2 -4 -1 -2  0  7 -2   10   0   0   0   0   0   0   0  11   7   0   0   0   7   0   3   0   0  60   0  1.00 0.20
  288 I   -2 -3 -3 -4 -2 -3 -3 -4 -4  5  0 -3  0 -2  1 -2  2 -4 -3  2    0   0   0   0   0   0   0   0   0  60   0   0   0   0   8   0  17   0   0  15  0.60 0.14
  289 Y   -2  2 -2 -3 -4  0 -2 -4  3 -2  0 -1 -1  2 -4  0 -2  0  6 -2    0  14   0   0   0   3   0   0   7   0  11   0   0   8   0   8   0   0  48   0  0.69 0.14
  290 S    1 -2 -1 -2 -2 -1 -1 -2 -2  0 -2 -1 -2 -3 -2  5  1 -4 -3 -1   11   0   0   0   0   0   0   0   0  11   0   0   0   0   0  73   5   0   0   0  0.73 0.17
  291 V    1 -3 -3  0 -2 -3 -2 -3 -4  3  1 -3  0 -2 -3 -2 -1 -4 -3  4   14   0   0   8   0   0   0   0   0  22   5   0   0   0   0   0   0   0   0  51  0.44 0.11
  292 N   -2 -1  6  0 -4 -1 -1 -2  2 -3  0  1 -2 -2 -3  0 -1 -3  1 -3    0   0  61   0   0   0   0   0   7   0  11   8   0   0   0   6   0   0   8   0  0.74 0.16
  293 W   -4 -4 -5 -6 -4 -4 -5 -5 -4 -2  1 -5 -1  2 -5 -4 -4 10  1 -3    0   0   0   0   0   0   0   0   0   0  17   0   0  11   0   0   0  72   0   0  2.39 0.27
  294 V   -1 -4 -4 -5 -2 -3 -4 -5 -4  4  1 -3  0 -1 -4 -3 -1 -4 -2  4    3   0   0   0   0   0   0   0   0  44   8   0   0   0   0   0   0   0   0  45  0.69 0.14
  295 I   -2 -3 -3 -4 -2 -3 -3 -4 -3  4  2 -3  2 -1  0 -2 -1 -3 -2  2    1   0   0   0   0   0   1   1   0  45  25   0   4   0   4   1   0   0   0  16  0.46 0.08
  296 G    1 -2 -1 -2 -3 -2 -2  4 -2  0 -2 -2 -2 -3 -2  1  0 -3 -3 -1   12   0   0   0   0   0   1  54   0  11   1   1   0   0   0  13   5   0   0   1  0.60 0.08
  297 F   -3 -4 -4 -5 -3 -4 -4 -5 -3  0  1 -4  0  6 -4 -3 -3 -1  2  1    0   0   0   0   0   0   0   0   0   0  13   0   0  76   0   0   0   0   0  12  1.05 0.16
  298 V   -2 -2 -3 -4  3 -3 -3 -4 -3  3  2  0  0  2 -3 -3 -1 -2 -1  2    0   0   0   0  10   0   0   0   0  29  19   8   0  15   0   0   0   0   0  19  0.34 0.07
  299 V   -2 -4 -4 -5 -2 -3 -4 -5 -4  4  2 -3  1  2 -4 -3 -1 -3 -1  3    0   0   0   0   0   0   0   0   0  43  22   0   0  10   0   0   0   0   0  25  0.56 0.09
  300 F    0 -4 -4 -5 -3 -3 -4 -4 -3  0  3 -3  0  5 -4 -3 -2 -1  1 -1   10   0   0   0   0   0   0   0   0   0  39   0   0  51   0   0   0   0   0   0  0.72 0.12
  301 C   -1 -4 -3 -4  8 -3 -4 -2 -4 -1  0 -3 -1 -2 -4  0 -1 -4 -3  0    0   0   0   0  61   0   0   4   0   1  12   0   0   0   0  11   0   0   0  10  0.95 0.14
  302 F   -2 -3 -4 -4 -3 -3 -4 -2 -2  0  0 -3 -1  5 -4 -3 -2 -1  4  2    0   0   0   0   0   0   0   4   0   0   4   0   0  52   0   0   0   0  14  24  0.69 0.12
  303 L   -2 -3 -4 -4 -2 -3 -4 -4 -3  2  5 -3  1  0 -3 -3 -2 -3 -2  1    0   0   0   0   0   0   0   0   0   6  86   0   0   0   0   0   0   0   0   4  0.77 0.12
  304 C    1 -3 -3 -4  7 -3 -3 -1 -3 -1  1 -3 -1 -2 -3  0 -1 -3 -3 -1   12   0   0   0  49   0   0   4   0   0  23   0   0   0   0  10   0   0   0   0  0.71 0.12
  305 Y   -2 -2 -3 -4 -4 -2 -3  1  0  0 -2  0 -2  2 -4 -2 -2  1  7 -2    0   0   0   0   0   0   0  12   0   8   0  10   0   2   0   0   0   0  68   0  0.95 0.16
  306 F   -3 -4 -4 -5  2 -4 -4 -5 -2 -1  2 -4  0  6 -4 -3 -3  0  4 -1    0   0   0   0   5   0   0   0   0   0  23   0   0  57   0   0   0   0  15   0  0.87 0.13
  307 F   -3 -4 -4 -5 -3 -4 -4 -5 -3  1  2 -4  0  6 -4 -3 -3 -1  2 -1    0   0   0   0   0   0   0   0   0  10  18   0   0  72   0   0   0   0   0   0  1.02 0.15
  308 F   -3 -4 -4 -5 -3 -4 -5 -5 -2 -1  1 -4 -1  7 -5 -3 -3 -1  2 -2    0   0   0   0   0   0   0   0   0   0   8   0   0  92   0   0   0   0   0   0  1.33 0.16
  309 P    0 -2 -2 -2 -3 -2 -1 -2 -2 -4 -3 -1 -3 -4  7  2 -1 -5 -3 -3    0   0   0   0   0   0   0   0   0   0   0   0   0   0  70  30   0   0   0   0  1.76 0.05
  310 F   -3 -4 -4 -4 -3 -4 -4 -4 -2  0  1 -4  0  6 -4 -3 -2  0  3 -1    0   0   0   0   0   0   0   0   0   0   6   0   0  94   0   0   0   0   0   0  0.98 0.03

                      K         Lambda
Standard Ungapped    0.1797     0.3479
Standard Gapped      0.1100     0.3190
PSI Ungapped         0.1797     0.3479
PSI Gapped           0.1100     0.3190
