
Last position-specific scoring matrix computed, weighted observed percentages rounded down, information per position, and relative weight of gapless real matches to pseudocounts
           A  R  N  D  C  Q  E  G  H  I  L  K  M  F  P  S  T  W  Y  V   A   R   N   D   C   Q   E   G   H   I   L   K   M   F   P   S   T   W   Y   V
    1 M   -6 -7 -8 -9 -7 -6 -8 -9 -8  0  2 -7  9 -5 -8 -7 -6 -7 -7  1    0   0   0   0   0   0   0   0   0   5  20   0  66   0   0   0   0   0   0   9  2.69 1.08
    2 K   -1  1  0  0 -7  0  4 -5 -4 -5 -5  5 -5 -7 -4 -2  0 -7 -6 -2    5   7   3   5   0   4  24   0   0   0   1  38   0   0   0   2   6   0   0   4  0.97 0.56
    3 I   -4 -6 -8 -9 -2 -7 -8 -7 -8  4 -1 -8 -2 -3 -6 -6 -4 -8 -7  6    1   0   0   0   1   0   0   0   0  24   6   0   1   1   0   0   1   0   0  65  1.94 0.86
    4 E   -2  1  0 -1 -3  3  4 -6  2 -2 -5  1 -5 -6 -4  1  2 -7 -6 -2    2   8   4   3   1  11  32   0   4   2   1   9   0   0   1   9  11   0   0   2  0.74 0.49
    5 V   -4  1 -4 -7 -6 -4 -5 -7 -3  5 -1 -1  0 -3 -7 -4 -1 -7 -5  4    1   9   1   0   0   0   1   0   1  40   5   4   2   1   0   1   4   0   0  30  1.19 0.61
    6 K   -3  1 -2 -4 -2  1  0 -3  1  3  0  3  0 -3 -5 -1  1 -6 -5  1    1   8   1   0   1   7   5   2   3  18  10  17   2   1   0   5   9   0   0  10  0.38 0.30
    7 D    0  1  0  0 -2 -1  4 -1 -1 -5 -7  0 -4 -6 -2  4 -1 -4 -6 -5    6   6   4   4   1   3  24   4   2   1   0   5   0   0   2  34   3   0   0   0  0.76 0.52
    8 S   -1  3 -2 -5  0 -1 -2 -4 -2 -3 -4  3 -5 -5  2  3  1 -3 -6 -1    3  17   1   0   2   2   3   1   1   2   1  15   0   0  10  27  10   0   0   4  0.69 0.49
    9 T   -2 -1 -3 -2  3  0  4 -5  0 -2 -4  1 -3 -2 -5  0  2 -4  1  1    3   4   1   2   6   4  28   0   2   2   1   9   1   1   0   8  13   0   5  10  0.54 0.40
   10 M   -2 -4 -2 -6 -1 -6 -6 -7 -2  2  3 -4  5  1 -7 -3  2 -2 -3  1    3   1   2   0   1   0   0   0   1  12  32   1  14   5   0   2  14   1   1  11  0.82 0.47
   11 I   -6 -9 -9-10 -7 -8 -9-10 -9  6  0 -9 -2 -3 -9 -5 -6 -8 -7  6    0   0   0   0   0   0   0   0   0  38   7   0   1   1   0   1   0   0   0  53  2.13 0.95
   12 K    0  2 -3 -6 -2  0 -2 -4 -1 -3 -4  5 -3 -1 -1 -1  1 -7 -3  0    8  10   1   0   1   4   3   1   2   1   1  40   1   3   4   5  10   0   1   6  0.77 0.52
   13 P   -2 -6 -9 -9-10 -8 -8 -9 -9-10 -6 -6 -9-10  8 -4 -8-11-10 -7    4   0   0   0   0   0   0   0   0   0   1   1   0   0  93   1   0   0   0   0  3.46 1.54
   14 S    3 -4 -2 -3  0 -4 -1 -5 -4 -4 -4 -2 -6 -3 -2  5 -3 -4 -2 -2   27   1   2   1   2   0   4   0   0   1   2   3   0   1   2  47   1   0   1   2  1.11 0.71
   15 A    0  0 -1 -1 -1  1  2 -1 -2 -2 -3  1 -2 -4 -1  3  1 -4 -1 -1    7   6   2   3   1   5  16   4   1   2   2   9   1   1   3  25   7   0   2   4  0.35 0.31
   16 E    0 -3 -5 -2 -4  0  2 -4 -4 -6 -3 -2 -3 -5  6  0 -2 -9 -8 -3    8   2   0   3   0   5  14   1   0   0   2   3   1   0  49   7   2   0   0   2  1.34 0.77
   17 T   -2 -4 -4 -5 -4 -3 -4 -6 -4 -3 -4 -5 -1 -5 -4  0  7 -9 -6 -3    4   1   1   0   0   1   1   0   0   2   2   1   2   0   1   6  76   0   0   2  2.08 1.09
   18 P   -2 -3 -9 -5 -1 -3 -2 -9 -4 -9 -5 -3 -9 -4  8 -3 -5  1 -9 -4    3   2   0   1   1   1   3   0   1   0   1   2   0   1  79   2   1   2   0   1  2.63 1.27
   19 G   -2  3  2  0 -2  1  0  1  4 -4 -2  1 -2 -6  1  1 -1 -3 -3 -5    2  16   9   6   1   6   5   9   9   1   4   9   1   0   7   9   3   0   1   0  0.40 0.32
   20 G   -1  2  0 -1  1  1  2  2  3 -4 -3  2 -4 -6 -2 -1 -1 -4 -4 -2    4  12   5   4   3   6  15  16   7   1   2  11   0   0   2   4   3   0   0   3  0.40 0.29
   21 S    0  1  1 -3  0 -2 -2 -1  3 -1 -1  0 -2 -1 -1  1  3 -2 -3  0    6   8   6   1   2   1   2   6   8   4   6   5   0   2   3  12  19   0   1   6  0.24 0.24
   22 L   -4 -1 -4 -7 -2 -3 -6 -3  1  0  4  2  1  2 -2 -5 -4 -5  3  0    1   3   1   0   1   1   0   2   3   5  40  11   3   9   2   0   1   0  11   5  0.77 0.47
   23 W   -2  1 -1 -3 -4  1 -2 -4  1 -2 -2  3 -4  2  2 -1 -2  7  2 -5    3   8   4   1   0   6   3   1   4   2   4  16   0   9  10   5   2  15   8   0  0.64 0.42
   24 L   -7 -5 -1 -8 -2 -7 -8 -6 -7  1  6 -3 -1  0 -5 -5 -4 -1 -5 -2    0   1   3   0   1   0   0   1   0   6  76   2   1   4   1   1   1   1   0   2  1.72 0.83
   25 S   -3 -7 -3 -5  2 -6 -6 -5 -1 -5 -4 -6 -4 -6 -5  7  1 -9 -4 -3    1   0   1   1   3   0   0   0   2   1   2   0   0   0   1  78   7   0   1   2  2.08 1.11
   26 N   -3 -4  5  3 -3 -4 -1 -3 -2 -2  1 -3 -4  2  0 -1 -2 -1 -2 -1    2   1  28  16   1   0   3   2   1   2  14   1   0  10   4   5   3   1   1   5  0.61 0.43
   27 L   -5 -7 -5 -6 -1 -7 -8 -6 -5  4  5 -7  2  2 -6 -2 -4  0 -3 -1    1   0   1   0   1   0   0   0   0  21  50   0   4  10   0   4   1   1   1   4  1.27 0.64
   28 D   -8 -8 -3  8 -2 -4 -2 -8 -8 -6-10 -7-10-10 -8 -2 -2-11-10-10    0   0   1  89   1   1   2   0   0   0   0   0   0   0   0   3   3   0   0   0  3.03 1.35
   29 L   -5  0 -1  2 -3  6 -1 -6 -1 -1  3 -3 -1 -2 -5 -4 -3 -6 -4 -1    1   5   3  10   1  33   4   1   2   3  24   1   1   2   0   1   2   0   0   5  0.87 0.57
   30 L   -2 -2 -1 -4 -1  2 -3 -4  0  3  3 -3  2  2 -3 -3  0 -1 -2  1    3   2   3   1   1  11   1   1   2  15  25   1   4   9   1   2   5   1   1  10  0.42 0.28
   31 S    1 -1  0  0  0  0  0 -1 -1  0  0 -1  2 -1 -1  1  0  2 -1  1   16   3   4   6   2   5   5   3   1   6   7   2   6   3   3  10   4   3   2  10  0.08 0.11
   32 P    0  0 -3 -2 -1  0 -3  0 -2 -2 -1  0 -2 -1  5 -1  0 -5 -2 -1    9   6   1   2   1   5   2   7   1   2   6   6   1   3  32   4   5   0   2   5  0.56 0.36
   33 A    1  0 -1 -3 -1 -1 -3 -2  0 -1  1 -2 -1  0  2  1  0 -3 -2  1   15   4   3   1   2   2   1   3   3   3  17   2   1   3  11  11   4   0   1  11  0.20 0.20
   34 N   -1  4  2 -1 -3 -1 -2 -2  1  1 -1 -2  1  0 -1  0  1 -2 -2  0    6  22   9   3   0   2   3   3   3   7   6   1   4   4   3   7   8   0   1   8  0.25 0.23
   35 Y   -2 -3 -2 -4 -2 -4 -3 -2  1 -1 -1 -5  2  4 -3 -1 -2 -1  6  0    3   1   2   1   1   1   2   4   3   4   7   0   5  16   2   4   3   1  35   6  0.96 0.51
   36 H   -2 -1  0 -1 -3  1 -2 -3  6  0 -1 -2  0 -1 -1 -2 -1 -4  4  0    3   3   5   4   1   6   3   2  24   5   5   3   3   2   3   3   4   0  13   7  0.58 0.37
   37 T   -1 -2 -2 -4 -4 -2 -3 -2 -3  2 -2 -2  1 -3  3  0  4 -3 -2  2    5   3   1   1   0   1   2   3   1  10   3   2   3   1  16   6  24   0   1  17  0.52 0.38
   38 L   -3  0 -2 -3 -3 -1 -1 -3 -1  1  1 -2  1  0  4  0 -1 -3  0  0    2   5   2   2   1   3   4   2   1   8  15   2   3   4  24   7   4   0   4   7  0.39 0.28
   39 S    0 -2 -1 -2 -1 -2 -2 -1 -1  2  1 -1  0  1 -2  1  2 -1  0  1    7   2   2   2   1   2   2   5   2  13  12   3   2   5   1  11  15   1   3   9  0.15 0.13
   40 V   -2 -5 -5 -7  0 -4 -6 -6 -6  4  2 -6 -1  1 -3 -4 -2 -6 -1  4    4   0   0   0   2   1   0   1   0  27  19   0   1   5   2   1   2   0   2  32  1.01 0.52
   41 H   -2 -4 -2 -5 -2 -1 -3 -4  4 -2  0 -3 -1  5 -5 -3 -4 -4  6 -2    4   1   2   1   1   3   2   1   9   2  10   2   1  27   0   2   1   0  29   3  1.20 0.61
   42 F   -2 -6 -6 -6 -3 -3 -5 -7 -3  0 -2 -5 -4  7 -8 -4 -4 -3  5  1    4   0   0   1   1   1   1   0   1   5   4   1   0  52   0   1   1   0  18   9  1.77 0.83
   43 Y   -3 -3 -3 -4 -2 -3 -3 -7  0 -7 -3 -3 -6  5 -1 -3 -4 -2  8 -5    3   2   1   1   1   1   2   0   2   0   3   2   0  19   3   2   1   0  56   1  2.00 0.94
   44 S    1  3  0 -1 -2 -1 -1 -2 -1 -4 -4  2 -3 -2  2  2  0 -6  0 -4   10  19   5   4   1   3   3   2   1   1   1  11   1   2  12  15   6   0   3   1  0.44 0.35
   45 H    1  1  2 -2 -3  0 -1 -1  4 -2 -3  1 -1 -2  3  1 -1  0  0 -3   10   6  10   2   0   3   4   4  10   2   2   7   1   2  15  10   3   2   3   2  0.34 0.28
   46 D   -2  0  4  3 -1  0  1  0  0 -3 -4  0 -3 -5  2  1  0 -3 -3 -4    3   5  20  17   1   3   7   6   2   2   1   4   0   0   9  10   7   0   1   1  0.46 0.33
   47 G    1 -2  2  0 -2 -1  0  3  0 -3 -3 -1 -2 -4  3  1  1 -6 -4 -3   10   1   9   6   1   2   5  22   3   1   2   3   1   0  13  10   8   0   1   2  0.38 0.27
   48 S    1  0  1  1 -1  0  0  0  0 -1 -2  0 -2 -2  2  2  1 -5 -2 -1   10   4   6   7   1   3   7   9   2   3   3   4   1   2   9  16   8   0   1   4  0.17 0.15
   49 D    0 -1  1  3 -4  0  1  0  0 -2 -3 -1  1 -3  1  1  1 -5 -3 -2    6   3   8  19   0   5   8   6   2   2   2   3   5   1   8  11   8   0   1   3  0.29 0.22
   50 N    0 -1  4  2 -2  0  0  1  1 -3 -4  0 -2 -2  0  1  0 -2 -3 -3    8   3  22  11   1   3   5   9   4   1   2   4   1   1   5  10   6   1   1   1  0.37 0.26
   51 F    0 -1 -1 -1 -2 -1  0 -1  0  0  0 -1 -1  3  0  0  0  0  1  0    6   3   3   4   1   3   5   6   3   6  10   3   1  19   5   7   5   1   4   6  0.10 0.11
   52 F    0 -1 -1  1 -1  0  0 -1  0  0  0  0  0  3 -1  0  0  0  0  0    8   2   2   7   1   5   4   4   3   6   8   5   2  18   2   8   5   1   3   6  0.08 0.10
   53 D   -1 -1  2  4 -4  0  1 -3  0 -1 -1  0 -2 -3  1  1  0 -5 -3 -1    5   4   8  26   0   4   7   1   2   4   7   4   1   1   7   9   6   0   1   4  0.34 0.24
   54 A    3 -1 -1 -2  0 -2 -3 -2 -1  1  0 -1 -1 -2  2  1 -1 -5 -2  1   25   3   2   2   2   1   1   3   1  10   8   2   1   1  11  11   3   0   1  11  0.27 0.23
   55 A    2  0  0  1 -1  0  1  1  0 -1 -2  0 -1 -3 -1  1  1 -4 -2  0   17   5   4   9   2   4  11  10   2   3   2   5   2   1   2   8   7   0   1   6  0.15 0.13
   56 G    0  2  0  0 -2  1  0  0  0 -1 -1  1 -1 -2 -2  0  0  0 -2  1    9  15   5   5   1   6   4   7   2   2   5   6   1   1   2   8   5   2   1  11  0.11 0.11
   57 L   -3 -5 -6 -6 -5 -2 -6 -6 -5  3  5 -5  3 -1 -1 -4 -4  0 -2  1    2   0   0   0   0   2   0   0   0  16  56   0   7   2   4   1   0   1   1   8  1.08 0.50
   58 K   -1  3 -2 -4 -6  1  1 -4 -1 -2 -4  6 -2 -2 -4 -2 -3 -6 -3 -2    5  15   1   0   0   6   9   1   1   3   1  49   1   2   0   1   1   0   1   3  1.02 0.54
   59 E    1  1  1  1 -2  1  3 -1  0 -3 -3  2 -2 -4 -3  0  0 -5 -3 -3   13   7   6   8   1   5  19   5   2   1   2  14   1   0   0   7   6   0   1   1  0.34 0.24
   60 S    3 -1 -1 -4 -2 -2 -3  1 -4 -5 -5 -2 -4 -5  0  4  0 -1 -3 -3   28   4   2   0   1   1   1   9   0   0   0   2   0   0   4  41   4   1   1   1  0.84 0.50
   61 L   -3 -3 -6 -7 -5 -5 -6 -7 -5  0  5 -5  2  0 -1 -4 -4 -5 -1 -1    1   2   0   0   0   0   0   0   0   4  73   0   5   3   4   1   0   0   2   3  1.37 0.62
   62 S    2  0 -2 -3 -2 -1  0 -1 -3 -3 -3 -2 -2  0  0  4 -1 -5 -4 -1   20   6   1   1   1   3   5   5   0   1   2   1   1   4   5  38   2   0   0   5  0.53 0.38
   63 R    0  3  0  0 -3  1  2 -2 -1 -3 -3  4 -2 -4  0 -2 -2 -1 -2 -2    7  15   5   6   1   4  16   2   1   1   3  27   1   0   4   1   1   1   1   2  0.49 0.31
   64 A    3 -4 -1 -4  0 -3 -2 -2 -4 -1  0 -3  0 -2  0 -1  3  2 -4  1   33   0   2   0   2   0   2   3   0   3   7   0   2   2   4   3  21   3   0  13  0.47 0.33
   65 L   -2 -5 -6 -6 -5 -1 -6 -6 -6  0  6 -5  1  0 -6 -2 -4 -5 -4 -1    4   0   0   0   0   3   0   0   0   4  73   0   3   3   0   3   0   0   0   4  1.41 0.59
   66 V    0 -2  0 -1  0 -1 -2 -2  0  0  0 -3  0 -1 -1  1  3 -5 -4  3    5   2   4   3   2   2   2   3   2   3   8   0   2   2   2   8  20   0   0  27  0.33 0.29
   67 E   -1  1 -1 -1  0  0  0 -2  3  0  0  0  0  0  1 -1  0  0  2  0    4   7   3   3   2   3   6   2   9   6  10   4   2   4   8   3   6   2   9   5  0.10 0.11
   68 F    0 -2  1 -3  3  1 -2 -3  3 -1  0 -2  2  2 -3 -2 -2  4  2  0    9   0   9   0   8   9   1   1   9   0   9   0   9   9   0   1   0   8   9   9  0.24 0.16
   69 Y   -3  1 -1 -1  1 -2 -3 -4  3 -3 -1 -2 -3  2  3 -1 -3 -1  6 -3    0  11   4   5   3   0   0   0   7   0   5   0   0   6  16   4   0   0  36   0  0.74 0.33
   70 P    0 -3 -3  0  0 -1 -1 -4  0  0 -1 -3  0  0  6 -1 -1 -4 -3  0    7   0   0   6   2   3   4   0   3   5   6   0   4   6  41   3   2   0   0   6  0.78 0.29
   71 Y   -1 -3 -4 -4  0 -1 -3 -3 -1  1  3 -3  3  4 -4 -3 -1  2  1  1    5   0   0   0   3   4   0   2   1   5  32   0   9  22   0   0   2   3   3   8  0.44 0.22
   72 A    4 -2 -2 -3  1  0 -1  0 -3 -2 -3 -2 -2 -3  0  1  1 -4 -3  0   55   0   0   0   4   5   4   5   0   0   1   0   0   0   4   7   8   0   0   7  0.55 0.27
   73 G    0  0 -2  0  1 -2 -1  5 -3 -4 -4 -2 -4 -4 -3  0 -2 -4 -4 -4    6   5   0   6   4   0   5  63   0   0   1   0   0   0   0   6   0   0   0   1  0.95 0.30
   74 R    0  1  1 -2  2  1  0  0  2  0 -2  0 -2 -3 -2  0  0  3 -2  0    7   7   7   0   6   7   7   7   6   7   1   7   0   0   0   7   7   6   0   7  0.10 0.15
   75 L   -3 -4 -3 -6  0 -3 -6 -3 -5  2  4 -6  2  2 -2 -4 -3 -1  1  1    1   1   1   0   2   1   0   2   0  11  46   0   4   7   2   1   2   1   4   7  0.78 0.51
   76 K    0  4 -1 -2 -1 -1 -1  0  1 -2 -2  2 -1 -2 -2  0  0 -1 -2  0    9  23   2   2   1   2   4   6   3   2   3  13   2   1   2   5   5   1   1   7  0.26 0.29
   77 L    0  0 -1  0  1  0  1 -2  0  0  0  0  0 -1  0 -1  1  1  0  1    5   4   2   6   3   4   9   3   2   6  12   4   2   3   4   4   8   2   3  10  0.01 0.06
   78 N   -2 -1  4  3 -1 -1  0  0  1 -2 -3 -1 -4 -2  0  1  0  0 -1 -2    3   3  19  15   2   3   5   6   3   2   2   4   0   2   4  11   6   2   2   2  0.27 0.31
   79 G    0  0  0  0  0  0  0  2  0 -2 -2  0 -3 -1  0  1  1  1  0 -2    9   4   4   5   3   3   5  15   3   3   3   4   0   3   4  13   7   2   3   3  0.08 0.14
   80 N   -1 -1  3  2  0  0  0  1  1 -2 -2 -1 -3 -1 -1  0  0 -4 -1 -2    3   4  14  15   3   3   5  12   4   3   3   3   0   3   3   7   4   0   3   3  0.18 0.23
   81 R   -2  5 -1  0 -1  0  0 -1  1 -3 -2  1 -1 -2 -1 -1 -2  0 -2 -2    3  29   3   4   2   3   6   5   3   2   4   9   1   2   4   5   3   1   2   3  0.40 0.33
   82 L   -2 -1 -3 -3  0 -2 -3 -3 -1  0  3  0  1  1  0 -3  0  1  0  2    4   3   1   2   2   2   2   3   1   5  28   5   3   6   4   2   5   2   3  12  0.26 0.21
   83 E   -1 -2 -2 -1  3 -1  3 -3  0 -2 -3  0  0  0 -2  1  0  0  0  0    5   2   2   4   5   3  22   2   2   3   3   5   2   5   2  10   7   1   3   7  0.24 0.23
   84 I   -1 -2 -2 -3  3 -2 -2 -3 -2  1  1 -2  2  2  2 -1  1 -2  2  1    1   0   0   0   9   0   1   1   0  10  10   1   9   9  10   1  10   0   9  10  0.16 0.11
   85 D   -2 -1  0  3  0  1  0 -1  3  0 -2 -1  0 -1 -4 -1 -1  2  0 -1    3   3   4  17   3   7   6   5  10   5   4   3   3   3   0   4   3   3   3   4  0.16 0.18
   86 C   -1 -2 -2 -1  9 -4 -3 -3 -1 -2  0 -5 -2 -2 -5 -2 -2 -5  1 -3    4   3   2   4  53   0   2   2   1   2   8   0   1   1   0   2   2   0   5   1  1.48 0.67
   87 N   -2 -2  5  1 -1  0  0 -1  0 -3 -5 -1 -4 -2 -4  0  1  1 -1 -4    2   2  38   6   2   3   7   5   2   1   0   2   0   2   0   6  10   2   2   0  0.64 0.44
   88 N    0 -1  1  4 -4  0 -1  2  0 -4 -4 -1 -1 -4 -1  0  0 -4 -1 -2    6   3   7  27   0   4   3  17   2   0   1   2   2   0   2   7   4   0   2   2  0.34 0.26
   89 E    0  0  0  1  0  1  2  0  1 -1 -1  0  0 -3 -2  0 -1 -3 -1 -1    6   4   3   9   3   6  16   6   3   3   4   5   3   0   0   8   3   0   3   6  0.08 0.11
   90 G    1  1 -1  1 -2 -1  1  1 -1 -2 -2 -1 -2 -2 -2  1  1  5 -2 -2   11  11   0  11   0   0  11  11   0   1   1   1   0   0   1  11  11  10   0   1  0.21 0.09
   91 L    0  0 -2 -3 -2 -2 -2 -3 -2  2  1 -2  1  1 -2  0  0 -2 -1  2   10   5   0   0   0   0   0   0   0  15   8   0   5  10   0   5   5   0   0  25  0.13 0.10
   92 L   -1  0  0 -1  1  0  0 -2  0  0  1  0  0  0  2  0 -1  0  0  0    2   6   6   3   4   4   6   2   2   3  18   4   3   3   9   5   3   2   3   6  0.02 0.07
   93 L   -4 -4 -4 -5  0 -4 -5 -1  0 -1  1 -4  0  6 -5 -4 -2  1  3 -1    0   0   0   0   2   0   0   5   2   3  14   0   2  45   0   0   2   2   9   4  0.87 0.44
   94 V   -1 -3 -3 -4 -2 -3 -4 -4 -2  3  0 -3  0  0 -5 -2  1 -5 -1  4    5   1   1   1   1   1   1   1   1  16   7   1   2   4   0   2   8   0   2  39  0.58 0.38
   95 E   -3 -1 -3 -1 -7 -1  6 -4  1 -2 -3 -1 -1 -2 -5 -2 -2 -7 -3  1    2   2   1   3   0   2  53   1   3   2   2   3   1   1   0   3   2   0   1  10  0.94 0.58
   96 A    0  1 -1 -2  3 -1  0  0 -2 -1  0 -1 -1  1 -2  1  1 -2 -1  0    9   9   0   0   8   0   9   9   0   0   9   0   0   9   0   9   9   0   0   9  0.03 0.09
   97 E   -1  2  0  2  0  1  1 -2  1 -1 -2  1  0 -1 -3  0 -1 -4  0 -1    3  10   3  13   3   8   7   3   3   3   4  11   3   3   0   8   4   0   3   3  0.12 0.16
   98 C    2 -4 -2 -2  2 -3 -3 -2 -1  0 -1 -3  0  0 -4  1  1 -4 -1  3   23   0   2   2   5   0   0   2   2   5   3   0   3   5   0   8   7   0   2  24  0.30 0.31
   99 D   -2 -1  3  5 -1 -1  0 -2  0 -3 -5  0 -4 -2  1  0  0 -5 -2 -3    3   3  16  32   1   2   5   3   2   2   0   4   0   1   6   5   5   0   2   2  0.55 0.38
  100 G    1 -2 -1 -2  5 -2 -2  2 -1 -1 -1 -1  0 -1 -4  1 -1 -2 -2  1   13   2   3   2  15   1   2  17   1   4   4   3   2   3   0  10   4   1   2  11  0.31 0.25
  101 A    1  0  0  0  1  0  0 -2 -1 -2 -2  0 -2 -3  0  2  3 -2 -4  0   14   5   4   5   3   4   4   2   2   2   3   4   1   1   4  13  21   1   0   6  0.26 0.25
  102 L   -1 -1 -5 -2  0 -4 -3 -3  0  1  4 -2  3  1 -5 -1  0 -5 -4  0    4   3   0   2   2   0   2   2   2   8  44   3   8   5   0   4   6   0   0   5  0.57 0.38
  103 D    1 -1  0  3  0  0  1 -2  0 -2 -1 -1 -1 -2  0  1 -1 -4 -1  0   10   3   4  19   2   4  11   3   3   2   7   3   2   2   4  11   3   0   2   6  0.19 0.19
  104 E   -2 -1  0  4  0  2  4 -3  1 -2 -3 -1 -1 -2 -1  0 -1 -6 -1 -2    4   3   5  22   2   8  25   2   3   2   2   3   2   2   2   6   3   0   2   3  0.49 0.39
  105 L   -1 -2 -2 -2  0 -2 -2 -3  0  2  3 -2  1  3 -5 -2 -1  2  0  1    6   2   2   2   2   2   2   2   2  10  31   2   3  13   0   2   3   3   3   8  0.36 0.28
  106 G   -1  0  0  1 -1 -1  0  2 -1 -1  0  0  0  0 -1  0 -1 -4 -1 -1    4   4   5   8   2   2   4  21   2   4  13   7   3   5   2   7   2   0   2   3  0.12 0.13
  107 D   -2 -1  1  4 -1  0  1 -1  2 -3 -2  0 -2 -2  1 -1 -1 -5 -1 -2    2   4   7  30   1   4   9   6   5   1   5   5   1   1   6   3   3   0   2   3  0.43 0.34
  108 F   -1 -1  0 -1 -1  0 -2 -3  1  0  1 -1  0  4  0 -1 -1 -1  1  0    5   3   5   3   1   4   3   2   4   5  15   4   2  22   4   5   3   1   4   5  0.24 0.22
  109 A    1 -1  0  1 -1 -1  0 -1  0  0  0  0  0 -2  3  0  1 -4 -1 -1   12   3   5   8   1   2   7   3   2   5  11   5   2   1  13   7   7   0   2   4  0.14 0.14
  110 P   -1  0  0  0 -2  0  0 -2  0 -2 -2  0 -2 -3  5 -1 -1 -6 -2 -2    4   5   4   6   1   5   7   3   2   2   5   6   1   1  36   5   3   0   1   4  0.67 0.48
  111 R   -1  2  1  1  1  1  0 -2  1 -1 -1  0  0  0  1  1  0 -4  0 -2    5  12   8   7   3   5   4   2   4   3   5   5   2   5   6  12   5   0   3   3  0.13 0.16
  112 P    0  0  0  0  1  0  0 -1  1  0 -1  0  1  0  0  0  0 -3  1  0    5   5   5   5   5   5   5   5   5   5   5   5   5   5   5   5   5   0   5   5  0.03 0.05
  113 E   -1 -1  0  1  1  1  3 -2  1 -1 -1  0  1  0 -1 -1 -1  2  0  0    6   3   4   7   3   5  18   3   4   4   6   5   3   4   3   5   3   3   3   7  0.15 0.13
  114 L   -2 -1 -1 -1  1  0 -1 -1  0  0  2 -1  1  2 -1  0 -1  2  0  0    4   3   3   4   3   4   4   5   3   4  21   4   4   7   3   7   3   3   4   7  0.11 0.09
  115 N    0  0  0  0  1  0  0 -1  1  0 -1  0  1  0  0  0  0 -3  1  0    5   5   5   5   5   5   5   5   5   5   5   5   5   5   5   5   5   0   5   5  0.03 0.05
  116 L    0  0 -2  0  2  0  0 -1  1  0 -1  0  1  0  0  0  0  3  1  0    5   5   0   5   5   5   5   5   5   5   5   5   5   5   5   5   5   5   5   5  0.06 0.10
  117 I   -3 -3 -2 -3  1 -3 -3 -4  0  2  4 -3  0  1 -3 -3 -2  0 -1  3    3   2   2   2   3   1   2   2   2   9  35   2   2   5   2   2   3   1   3  18  0.63 0.36
  118 P   -2 -3 -2 -1  1 -1 -1 -2  1 -2  0 -2 -2  1  6 -2 -2 -8  1 -2    3   2   3   4   3   3   4   3   3   2   8   3   1   6  38   3   3   0   4   3  0.79 0.54
  119 K   -1  0  0  1  1  2  0 -2  1 -2 -2  2 -1  0  1  0  0  1 -1 -1    6   6   5   7   3   9   7   4   3   2   4  11   2   4   8   7   5   2   2   5  0.13 0.14
  120 V    0 -1  0  0  0  0  0 -1  0  0  1 -1  1  1  1  0  0  1  0  1    7   3   3   4   3   4   6   5   3   5  13   3   3   6   6   5   4   3   3  10  0.03 0.03
  121 D   -1 -1  1  3  1  0  0 -1  1 -1 -1 -1  0  0  2 -1  0 -6  0  0    4   3   6  16   3   4   6   6   3   4   5   4   3   3  10   5   5   0   3   6  0.17 0.15
  122 Y   -1 -1  0  1  0  0  0 -1  2 -1 -1 -1  1  1  1 -1 -1  2  3 -1    5   3   4   7   3   4   6   6   4   4   6   4   3   6   7   5   4   3  11   4  0.13 0.11
  123 S    1 -2  0  0  1  0  0 -1  1 -2 -3 -1 -1 -1  2  3  1  1  0 -2    9   2   5   6   3   4   6   5   3   3   3   4   2   2   9  19   8   2   3   3  0.20 0.21
  124 R    0  1  0  0  0  0  2 -1  1 -2 -2  1  0 -2  1  0  0  0 -1 -1    7   9   4   6   2   5  12   6   3   3   5   9   2   2   6   6   5   2   2   4  0.09 0.11
  125 G    0 -2  2  2 -1 -1  1  2  1 -2 -3 -1  1 -1  1 -1 -1 -6 -2 -1    7   2   8  12   2   3   8  17   3   2   3   4   3   3   7   5   4   0   2   4  0.22 0.18
  126 I    0 -1 -2 -1  0 -1 -1 -2  0  3  1 -2  1  1  0 -1 -1 -5  0  1    7   3   2   3   2   2   4   3   2  19  12   3   3   6   5   5   4   0   3  11  0.21 0.14
  127 S    0 -1  0  1  1  0  0 -1  1 -1 -1  0  0 -1  0  2  0  2  0 -1    8   3   4   7   3   4   7   5   4   4   7   5   3   3   5  14   5   3   3   5  0.07 0.08
  128 T    0  0  0  0  1  0  0 -1  1  0 -1  0  1  0  0  0  0 -3  1  0    5   5   5   5   5   5   5   5   5   5   5   5   5   5   5   5   5   0   5   5  0.03 0.05
  129 Y    0  0 -1  0  0  0  0 -1  1  0  0  0  0  0  0  0  0  2  1  0    6   3   3   5   3   3   4   5   4   7   9   8   2   4   3   8   4   4   7   5  0.02 0.03
  130 P   -1 -2 -2 -2 -1 -1 -2 -2  0 -2 -3 -3  0 -3  6 -1 -1 -5 -2  0    6   2   1   2   1   3   3   4   3   3   2   1   2   1  49   5   3   0   2   7  1.08 0.54
  131 L   -1 -2 -2 -4  0 -1 -4 -3 -1  1  4 -3  1  0  1 -2 -1 -4 -1  1    4   2   2   0   2   2   0   2   2   6  50   0   3   4   7   2   3   0   1   7  0.50 0.33
  132 M   -1 -1 -3 -4  0  0 -3 -1 -1  2  3 -3  2  1 -2 -1 -1 -3 -1  2    4   4   0   0   2   4   0   5   2  10  32   0   6   5   2   6   3   0   2  13  0.27 0.22
  133 V    1 -1  0 -3  0 -1 -1 -2  0  1  1 -1  2  1 -3  0  0 -3  0  2   15   3   4   0   2   3   2   3   2   6  14   3   6   5   0   7   4   0   3  18  0.10 0.13
  134 F    0 -2 -2 -3  1  1 -2 -1 -2  1  0  0  1  0 -3  0  1  2  0  2    7   0   0   0   4  10   0   5   0  11   6   5   5   4   0   7  10   3   4  16  0.12 0.15
  135 Q    0  1  1 -2 -3  1  0  0  2 -2 -1  1 -1 -2  1  0  0 -3  1  0    7   7   7   0   0   7   7   7   6   0   7   7   0   0   7   7   7   0   6   7  0.08 0.11
  136 L    0 -2 -2 -2  2 -1  0  0 -2  0  0  0  2  1 -2  0  0 -2  1  0    8   0   0   0   7   0   8   8   0   8   8   8   7   7   0   8   8   0   7   8  0.07 0.10
  137 T   -1  1  1  1  2 -1  0  0 -1  0 -2  1 -2 -2  1  0  0 -3  1  0    1   8   7   8   7   0   8   8   0   8   1   8   0   0   8   8   8   0   7   8  0.11 0.11
  138 R   -1  3 -1 -1 -1  0  1 -1  3 -2 -1  0  0  0  0  0  0  1  0 -1    3  21   2   3   2   4   9   4   8   2   6   4   2   6   5   5   6   2   3   3  0.16 0.16
  139 F   -1 -4 -1 -5  1 -4 -4 -5 -3  0  1 -1  1  6 -1 -1 -1 -3  1  0    5   0   4   0   3   0   0   0   0   6  11   4   3  44   4   4   3   0   3   5  0.77 0.44
  140 K    0  0  0  0 -3  1  0 -1  1  0 -1  0  1  0  1  0  0 -3  1  0    6   6   5   6   0   5   6   6   5   6   6   6   5   5   6   6   6   0   5   6  0.05 0.06
  141 C   -1 -1  0  0  8  1 -2  0 -4 -4 -4 -1  0 -1 -1 -1 -1  2  0 -1    4   3   4   5  39   6   3   6   0   0   0   3   3   3   3   4   3   3   3   4  0.93 0.54
  142 G    0  1  1  0  2  1  0  0  2 -2 -1  0 -2  1 -3  0 -1 -3  1 -1    7   7   7   7   6   7   7   7   6   0   7   7   0   6   0   7   0   0   6   7  0.08 0.11
  143 G    0  0  1  0  2 -1  0  0 -2 -2 -1  0 -2  0  1  0  0  3 -2  0    7   7   7   7   6   0   7   7   0   0   7   7   0   6   7   7   7   6   0   7  0.10 0.11
  144 V   -1 -1 -3 -3  1 -2  0 -2  0  2  1 -2  1  1 -3 -1  0  2  0  2    4   4   0   0   3   0   7   4   3  12  13   0   4   7   0   4   4   3   3  24  0.16 0.16
  145 A    2 -1 -2 -3  3 -2 -2 -2  2  1 -1 -2  1 -1 -1  1  1 -4 -2  2   20   4   0   0   8   0   0   2   6   7   2   0   4   3   2  11   8   0   0  20  0.23 0.19
  146 L    0 -2 -2 -3 -2  1 -2  0 -2  1  1 -2  2  2 -3 -2 -2  5  2  1   10   0   0   0   0   9   1  10   0  10  10   1   9   9   0   1   1   9   9  10  0.21 0.12
  147 G    0 -2 -1  1  2  1  1  0 -1 -1  0 -1 -1  1 -2  0  1 -2  1  0    8   0   0   8   8   8   8   8   0   0   8   0   0   8   0   8   8   0   8   8  0.09 0.10
  148 V    0 -3 -1 -3  1 -1 -3 -2  0  2  0 -2  1  1  1  0  0  2  0  2    6   0   3   0   3   3   0   3   3  12   9   0   5   7   7   6   6   4   3  16  0.14 0.13
  149 A    1  1 -1 -2  3 -1 -1  0  0 -2 -2 -1 -1 -1  1  2  1  0 -1 -1   13  10   3   2   8   2   3   6   2   2   4   2   2   2   8  16   7   2   2   4  0.16 0.17
  150 N   -1 -2 -1 -3  0 -2 -4 -3 -1  2  1 -2  2  2  0 -1  1  2  0  1    5   2   3   2   2   2   0   2   2  14  14   2   6  11   6   4   9   3   2   9  0.23 0.18
  151 E    0 -1  0 -1  3  0 -1 -4  4 -1 -2 -1  0 -1 -1  2  0  2  2 -2    8   3   4   3   7   5   3   0  13   4   3   3   3   3   3  19   4   3   7   3  0.32 0.24
  152 H   -2  1  1 -2  2 -1  0  0  2  0  0 -1  2  1  1 -1  0 -3 -1 -1    1   8   8   0   8   0   8   8   8   8   8   0   8   8   8   1   8   0   0   0  0.11 0.13
  153 H   -1 -1 -1 -3  1  0 -1 -2  3 -1  1 -1  2  0  1  0  1  2  0  0    5   3   3   0   4   3   3   4  10   3  12   4   7   5   7   7   8   3   3   7  0.13 0.13
  154 L    0 -3  0 -3  2 -2 -3 -4  1  3  1 -3  3  0 -3 -1  0 -3 -2  2    7   0   5   0   4   0   0   1   4  18  15   0   9   5   0   5   6   0   0  19  0.29 0.20
  155 S    1 -2 -1 -2  2 -2 -1  1  0  0  0 -1  1  1 -3  0  0  2 -1  0   16   0   3   0   6   0   4  10   3   5  10   4   5   9   0   5   7   3   0   8  0.08 0.10
  156 D   -6 -6 -1  8 -7 -1 -2 -3 -6 -7 -7 -5 -7 -7 -6 -5 -2 -7 -7 -7    0   0   2  84   0   3   2   2   0   0   0   0   0   0   0   0   3   0   0   0  2.63 1.01
  157 G    3 -1 -4 -3 -1 -5 -3  5 -5 -1 -1 -5  0 -5 -1 -3 -1 -6 -6 -2   21   3   0   1   2   0   1  49   0   3   5   0   2   0   3   1   4   0   0   2  1.00 0.49
  158 V    0 -2 -1 -2  0  0 -2 -2  1  1  0 -2  0  1 -1  1  2  2  1  0   10   2   2   1   2   3   2   2   4   7  11   2   2   8   3  11  13   3   4   7  0.12 0.12
  159 A    2 -7 -1 -7  1 -7 -7  2 -7 -2 -2 -7  0 -1 -7  4  2 -7 -7 -2   14   0   3   0   2   0   0  17   0   2   5   0   2   2   0  34  12   0   0   3  0.92 0.55
  160 A    2 -2 -3 -3 -1  0 -3  0 -1  0  2 -2  3  2 -3 -1  0  0  0  0   17   2   1   2   2   4   2   7   2   6  18   3   6   7   2   4   5   1   3   7  0.23 0.15
  161 L    1 -1 -2 -3  1 -2 -2 -2  1  0  0 -2  1  2 -3  2  1  3 -1  0   10   3   2   2   3   2   3   4   3   5   9   2   4   9   1  15  10   4   2   5  0.22 0.17
  162 H   -1 -1  1  0  0  3  0 -2  4 -2 -1 -2  1 -2 -3  1  2  0  0 -3    5   3   7   5   2  12   7   4  11   3   6   2   4   2   2   9  11   1   3   2  0.34 0.25
  163 F   -7 -7 -7 -8  0 -7 -8 -2  1 -2 -1 -7  1  8 -8 -7 -7  3  0 -3    0   0   0   0   2   0   0   3   3   3   6   0   3  67   0   0   0   4   3   2  2.47 0.94
  164 I    0  0  0 -2  2  1  0 -3 -2  0  0 -2  1  1  1  0  0  3  1  0    6   6   6   0   6   6   6   0   0   6   6   0   6   6   6   6   6   6   6   6  0.12 0.15
  165 N    0  0  3  0  0  1  0 -1  1 -1 -2  1  0 -1 -1  0  0 -4  0 -1    7   4  16   4   3   6   6   3   3   4   3  11   3   3   3   7   7   0   3   5  0.15 0.15
  166 T    3 -1  1  0  1 -1  0 -1  0 -2 -1 -1  0 -4 -3  2  2 -4 -1 -1   25   3   8   4   3   2   6   3   2   2   5   2   2   0   0  15  11   0   2   3  0.25 0.27
  167 W    0  1 -3 -4 -3 -2 -3 -4 -2  1  1 -2  2  2 -3 -2  1  5  2  1   10  10   0   0   0   0   0   0   0  10  10   0  10  10   0   0  10  10  10  10  0.30 0.14
  168 A    3 -2  0 -2  3  0  0  2 -3 -1 -1 -1  0 -1 -3  1  1 -4 -3  0   28   0   3   0   7   4   4  15   0   4   4   4   4   4   0   7   7   0   0   4  0.22 0.16
  169 H    0  0  0  2 -4  0  3 -1  0 -2 -1  0 -1 -2 -3  1  0 -4 -1 -2    7   4   3  14   0   3  28   3   3   2   6   5   2   2   0  10   5   0   2   2  0.32 0.21
  170 L    0  0  0  0  1  0  0 -1  1  0 -1  0  1  0  0  0  0 -3  1  0    5   5   5   5   5   5   5   5   5   5   5   5   5   5   5   5   5   0   5   5  0.03 0.05
  171 S    3 -1 -1 -4  4 -3 -1 -2  1 -1 -2 -3  1  0 -1  1  0 -4  1 -1   27   3   3   0   9   0   3   3   3   3   4   0   3   4   3  12   5   0   6   4  0.32 0.32
  172 R   -1  5  0 -2  2  0 -2 -2  0 -2 -2  1  0 -1 -2  0 -1 -5 -1 -2    5  37   3   2   4   4   2   2   2   2   3   6   3   3   2   7   4   0   2   2  0.55 0.44
  173 G    0  0  1  0  2  1  0  0  1  0 -1  0 -1  0  1  0  0 -3 -2  0    6   6   6   6   6   6   6   6   6   6   6   6   0   6   6   6   6   0   0   6  0.05 0.07
  174 A    0  0  0  0  1  0  0  2  0 -1 -1  0  0  0  0  1  0 -4 -1 -1    6   4   4   6   4   4   6  16   3   3   6   4   3   4   5  12   4   0   3   3  0.08 0.08
  175 P    0  0  0  0 -3  1  0 -1  1  0 -1  0  0 -1  3  1  0 -4  0 -1    6   4   5   7   0   6   6   5   3   7   7   4   3   2  16   9   5   0   3   3  0.16 0.13
  176 A    1 -1  0  1 -1  0  1  0  1  0 -1  0  0 -1  0  1  0  0 -1 -1   12   3   5   8   2   3   7   7   3   6   7   7   2   2   4   9   6   1   1   5  0.05 0.05
  177 P    0 -2  0  0 -1 -1  1 -2  1  0 -1  0 -1 -1  4  0  0 -1 -2  0    7   2   4   6   2   3  10   2   3   5   5   5   1   3  21   6   6   1   1   6  0.28 0.23
  178 T    0 -2  0 -1 -1 -1 -1 -2  0  0  0 -1  0 -1 -1  2  2 -5 -2  2    7   2   4   4   1   2   4   2   3   6   7   4   2   3   3  15  13   0   1  15  0.15 0.18
  179 P   -1 -2 -1 -1  1 -1  0 -3 -1  1 -1 -1  0 -2  4 -1  0  0 -2  2    6   2   3   3   3   3   6   2   2   8   6   4   3   1  22   5   5   1   1  14  0.33 0.26
  180 L    0  0 -1 -2  1 -1 -1 -2  0  1  1 -1  1 -1  2  0 -1  0 -1  1    7   5   2   2   3   3   4   3   3   6  18   3   4   3   9   8   3   1   2  11  0.11 0.11
  181 P    0  0  0  0  1  0  0 -1  1  0 -1  0  1  0  0  0  0 -3  1  0    5   5   5   5   5   5   5   5   5   5   5   5   5   5   5   5   5   0   5   5  0.03 0.05
  182 H   -2  0  0  0  2  1 -1 -2  5  0 -2 -1  1  0  0 -1 -1  2  0  1    4   6   5   5   4   7   4   3  16   4   5   4   3   4   5   5   3   3   4   9  0.31 0.22
  183 F   -2 -1 -1 -1  0 -1 -3 -3  3  0  0 -2  1  5  0 -3 -2  5  0  0    3   4   3   4   2   3   2   2   6   6  10   3   3  22   4   2   3   8   3   6  0.53 0.31
  184 D   -2  0  2  5  0  0  0  0  0 -1 -3 -1 -6 -1 -1 -1 -2  1 -2 -2    4   5   8  29   2   4   7   6   3   3   3   3   0   3   3   6   3   2   2   3  0.46 0.34
  185 R   -1  5 -2 -1  0 -2 -2 -2  2 -2 -2  0 -2 -1  0 -1 -1  0 -1 -3    6  36   2   4   2   2   3   3   4   3   4   5   1   3   5   5   4   1   2   3  0.63 0.45
  186 S    1 -1 -1  0  0 -1  1  0  2 -2 -3 -2 -2 -2  0  2  2  0 -2 -1   10   4   3   6   2   3   9   6   4   2   3   2   1   2   5  15  12   1   2   4  0.17 0.21
  187 S    0 -1 -1 -2  0 -1 -2 -2 -1  0  1 -2  0  0 -1  3  0  0 -1  0    8   3   3   3   2   2   3   3   2   5  16   3   3   5   3  19   5   1   2   6  0.14 0.17
  188 L   -1  0 -2  0  2  0  0 -1  1  0 -1  0  1  0  0  0  0  3  1  0    5   5   0   5   5   5   5   5   5   5   5   5   5   5   5   5   5   5   5   5  0.03 0.10
  189 S   -1  1  0  0  1  1 -1 -2  0 -1 -3  1  0  1  1  2  0  1 -1 -2    6   7   4   5   3   5   4   3   3   3   3   9   2   7   6  13   5   2   2   3  0.08 0.16
  190 A    3 -2 -1 -1  0 -1 -2 -1  1 -1 -2 -2 -1 -1  2  0 -1  1 -1  0   25   2   3   3   2   3   3   4   3   3   5   2   2   3  11   7   4   2   2   5  0.22 0.25
  191 R   -3  5 -2 -2  1  0  0 -3  0 -1 -2 -1 -1 -1  0 -1  0  1  0 -2    3  29   2   3   3   4   6   3   3   3   5   4   2   2   5   5   6   2   3   3  0.40 0.35
  192 N   -2 -2  3  2  0  0  0 -2  1 -1 -1 -1  0  1  1  1 -1  1  0 -1    3   3  14  10   2   3   6   4   3   3   6   4   2   7   6  11   3   2   4   4  0.18 0.17
  193 P    0  0  0  0 -3  1  0 -1  1  0 -1  0  1  0  1  0  0 -3  1  0    6   6   5   6   0   5   6   6   5   6   6   6   5   5   6   6   6   0   5   6  0.05 0.06
  194 P   -1  0  0  0  2  0  0 -1  2  0 -1  0  2  1  0 -1  0  3  1 -1    5   5   5   5   5   5   5   5   5   5   5   5   5   5   5   5   5   5   5   5  0.09 0.08
  195 Q    0  1  0 -1  0  1  0 -2  1 -1  0  0  1  0  1  1  0  2  0 -1    6   7   4   4   3   7   5   3   4   4   9   6   3   4   8   9   5   3   3   4  0.08 0.08
  196 P   -2  0 -1  0  1 -2 -1 -2  1  1 -1 -1 -1 -2  5 -3 -1 -7  0  0    4   5   3   5   2   2   4   3   3   8   7   3   2   2  29   2   4   0   4   8  0.51 0.37
  197 Q   -1  1  0  0  0  2  1 -2  0 -2 -1  1  0 -2  0  1  0  0 -2 -1    5   8   5   6   2   8  11   3   3   3   7   7   2   2   5   9   7   1   2   4  0.09 0.12
  198 F   -2 -2 -2 -1  1 -2 -2 -3  2  0  0 -3  0  6 -1 -1 -2  0  2  0    4   3   2   4   3   2   3   3   4   5   9   2   2  28   4   4   3   1   6   6  0.55 0.32
  199 S    0  0  0  0  1  0  0 -1  1  0 -1  0  1  0  0  0  0 -3  1  0    5   5   5   5   5   5   5   5   5   5   5   5   5   5   5   5   5   0   5   5  0.03 0.05
  200 H   -2 -1  0 -1  1  0 -1 -1  6 -1 -2 -1  1  0  1  0 -1  2  1 -1    4   3   4   4   3   4   4   5  23   3   4   4   3   3   7   6   4   2   4   5  0.49 0.32
  201 A    1  1 -1 -1  0 -1 -1 -1  2  0  0  0  0 -1  2  0  0  0 -1  0   11   7   3   4   3   2   3   5   5   5  10   4   2   3   9   8   5   1   2   7  0.07 0.07
  202 E   -1 -1  0  0 -1  0  4 -1  0 -2 -2 -1  1 -2 -1  0 -2  1 -1 -2    6   4   5   6   1   5  30   6   2   3   4   3   3   2   3   7   3   2   2   4  0.37 0.32
  203 Y   -2 -2 -1 -2  0 -2 -2 -4  2  0  0 -2  0  4  0 -1 -2  1  5 -1    4   2   3   2   2   2   3   2   4   5   9   3   2  15   5   5   3   2  22   5  0.55 0.33
  204 Q   -1  0  0  1 -2  2  1 -2  1 -1 -1  1  0  0 -1  1  0  1 -1 -1    6   4   4   8   1   8  10   3   3   4   5  10   3   4   3  11   5   2   2   4  0.13 0.13
  205 P   -1  0  0  0  2  0  0 -1  2  0 -1  0  2  0  0 -1  0  3  1 -1    5   5   5   5   5   5   5   5   5   5   5   5   5   5   5   5   5   5   5   5  0.04 0.08
  206 P   -1  0  0  0  2  0  0 -2  1  0 -1  1  1  0  2 -1  0 -5  0  0    5   4   4   5   4   3   6   4   3   5   6   8   4   4  13   5   7   0   3   7  0.12 0.11
  207 P   -1 -1 -1  0  0 -1  0 -1  0 -1 -2  0  0  0  4  0  1  1 -2  0    6   4   3   5   2   2   6   5   2   3   4   5   3   4  22   6   7   2   2   6  0.28 0.25
  208 T    0 -2  0  1  0 -1  0 -1  0 -1 -1  0  0 -1  0  1  2 -1 -5  0    7   2   5   9   2   3   5   6   2   4   5   6   3   3   5  10  14   1   0   7  0.12 0.14
  209 L   -1 -2  0 -1  0 -2 -2 -2 -1  2  2 -1  2  0 -1 -1  0  0 -1  1    5   2   4   4   2   2   2   4   2  12  20   4   6   5   3   5   5   1   2   9  0.17 0.12
  210 E   -1  0  0  1 -1  0  2  0  1 -2 -2  1  0 -2  1  1  1  1 -2 -1    5   5   4   7   1   4  13   7   4   3   5   8   3   2   6   9   8   2   2   5  0.11 0.12
  211 N   -1  0  4  1 -2  0  0  0  0 -2 -2  0 -1 -1  0  1  1  0 -2 -1    5   4  19   8   1   4   5   7   2   3   4   6   2   3   4   9   8   1   2   4  0.25 0.21
  212 P   -1 -1  0  0 -6  0 -1 -1 -1 -1 -1  0 -1  0  4  1  0  0 -2 -1    6   4   4   5   0   4   4   4   2   3   6   6   2   4  20  10   6   2   2   5  0.25 0.22
  213 L   -1  0  0  0  2  0  0 -1  2  0 -1  0  2  1  0 -1  0  3  1 -1    5   5   5   5   5   5   5   5   5   5   5   5   5   5   5   5   5   5   5   5  0.09 0.08
  214 P    0 -1  0  0  0  0  1 -2  0 -2 -3  1  0 -1  4  0  0  1 -1 -1    8   4   4   6   2   4   7   4   2   3   3   7   2   2  21   6   6   2   2   5  0.28 0.24
  215 H    0  1  1 -1 -1  1  1  0  3 -2 -2  1  0 -1  0  0  0  0  0 -2    7   7   6   4   1   6   8   6   8   2   5   8   3   3   5   7   6   2   3   3  0.12 0.12
  216 T    0 -1  0  1  0  0  1  0  0 -1 -2  1  0 -1  0  1  2 -6 -1 -1    6   3   4   8   2   5   8   6   2   4   4   7   3   3   5   9  12   0   3   5  0.11 0.12
  217 D    0  0  0  0  2  1  0 -1  1  0 -1  0 -2  0  1  0  0  3 -2  0    6   6   5   6   5   5   6   6   5   6   6   6   0   5   6   6   6   5   0   6  0.06 0.09
  218 I   -1 -2 -2 -2  1 -1 -1 -2 -1  2  1 -1  3  2 -2 -2  0  1  0  2    4   2   2   3   3   2   4   3   2  14  14   4   6   9   2   3   6   2   3  12  0.23 0.15
  219 A    1 -1 -1  0  1  0 -1 -1  1  1 -1  0  1 -1  0  0  0 -5  0  2   10   4   3   5   4   4   4   4   3   7   5   5   3   3   4   7   7   0   3  14  0.05 0.08
  220 H   -1  0  0  0  2  0  0 -1  2  0 -1  0  2  1  0 -1  0  3  1 -1    5   5   5   5   5   5   5   5   5   5   5   5   5   5   5   5   5   5   5   5  0.09 0.08
  221 S    0  2 -1  0  2  1  0 -2  1 -2 -2  2  0 -1 -1  2  0  1 -1 -1    8   9   3   5   4   5   5   3   3   2   4  13   2   2   3  13   5   2   2   4  0.16 0.16
  222 R   -1  3  0 -2  1 -1 -1 -3  0  1 -1  0  2  0 -2  1  0 -6  0 -1    6  15   4   2   3   3   4   2   2   8   6   6   5   4   3  12   6   0   4   5  0.15 0.16
  223 F   -1  0  0  0  2  0  0 -1  2  0 -1  0  2  0  0 -1  0  3  1 -1    5   5   5   5   5   5   5   5   5   5   5   5   5   5   5   5   5   5   5   5  0.04 0.08
  224 K   -1  0 -1 -1  0  0 -1 -2  2 -1 -2  3 -1  0  0  0  0 -5 -1  1    5   5   2   3   2   4   3   2   5   3   4  20   2   4   4   7   5   0   2  12  0.14 0.22
  225 L   -1 -4 -4 -1  1 -4 -2 -2  1  1  1 -1  1  4 -1 -1 -1 -4  0  0    4   0   0   4   4   0   3   3   3   8  14   3   4  23   3   4   4   0   3   7  0.28 0.28
  226 T   -1  0  0  0  0 -1 -1 -1  0  1 -1 -1  0 -1  1  1  2 -4  0  0    5   4   3   5   3   3   3   3   3   8   3   4   3   3   8   8  16   0   4   5  0.07 0.15
  227 R    1  3 -1 -1  0  0  0 -1 -1 -3 -2  1  0 -1  2  1  0 -1 -4 -1   10  17   2   4   3   3   4   5   1   1   3   9   3   2   9  10   6   1   0   4  0.18 0.24
  228 D   -1 -1  1  3 -2  0  1 -2  0 -1 -1  1 -2  0 -1  1 -1 -1 -1 -2    5   2   6  16   1   4  10   3   2   3   5   9   1   5   3  11   4   1   2   3  0.13 0.18
  229 Q    0  0  0  1 -1  2  1 -1  1 -2 -2  1  0  0 -1  0  0 -4 -1 -1    8   4   4   7   1  12   7   4   3   3   3  11   3   5   2   8   5   0   2   4  0.10 0.17
  230 L   -2 -3 -5 -6 -5 -1 -3 -4 -2  4  2 -2  1  2 -2 -3 -1 -5 -2  2    3   2   0   0   0   2   2   1   1  29  18   2   4   7   2   2   4   0   1  15  0.57 0.43
  231 N    2  0  2  2 -2  0  1 -1 -2 -2 -2  1 -2  0 -2  1  0 -5  0 -2   16   4   9  11   1   3   9   3   1   2   3   8   1   4   2  10   6   0   3   2  0.15 0.22
  232 S    1  0 -1  0  0  1  1  0  0  0 -2  1  0  1 -1  1  0 -3  0 -1   10   5   3   6   2   6   8   6   2   6   3   8   3   9   2   9   4   0   2   2  0.03 0.11
  233 L   -1 -2 -1 -4  2 -1 -2 -2  0  1  3 -2  1  0 -2 -2 -1 -4  0  0    4   2   3   0   4   2   2   4   2   8  35   2   3   4   2   3   4   0   3   7  0.25 0.27
  234 K   -1  2 -1 -1 -1  0  0 -2  0 -1 -2  4  0 -2  0 -1 -1 -5 -1 -2    5  13   3   4   2   3   5   2   2   4   4  26   3   2   4   4   3   0   2   3  0.26 0.30
  235 S    1  1  0 -1  2  0  0  0  1 -1 -2  1  1  0 -1  1  0 -6 -5 -1   12   8   5   4   5   5   6   6   4   4   4   8   3   3   3  12   5   0   0   4  0.15 0.13
  236 K   -1  1  0 -1  1  1  1 -2  2 -1 -1  3  1 -1 -1 -1 -1  4  0 -2    5   8   4   3   3   6   7   4   5   4   6  17   4   3   3   5   3   5   3   4  0.23 0.18
  237 F    1  0 -1 -1  2 -1 -2 -2  0  0  1 -1  2  2 -1 -1 -1  1  1  1   12   5   3   4   4   2   3   3   2   6  12   3   5   8   3   4   3   2   4  11  0.11 0.08
  238 K    0  1  1 -1 -1  0  0 -1  0  0  0  2  2 -1  0  0  0  0 -1 -1    7   8   7   4   2   4   6   5   2   5   7  12   6   2   4   6   6   1   2   3  0.09 0.08
  239 T   -1  0  0  0  2  0  0 -1  2  0 -1  0  2  0  0 -1  0  3  1 -1    5   5   5   5   5   5   5   5   5   5   5   5   5   5   5   5   5   5   5   5  0.04 0.08
  240 A    1 -1  1  0  1  0  0  0  2  1 -1  0  0 -1 -1  0  0 -5  0  0   14   4   6   4   3   4   6   7   5   7   6   5   3   3   3   7   4   0   3   6  0.06 0.06
  241 P    0 -1  1 -1  0  1  0 -1  0 -2 -1  1  2 -2  3  0 -1  1 -1 -1    8   3   6   4   2   5   6   4   2   3   6   8   5   2  15   8   4   2   2   4  0.16 0.15
  242 A    2  0  0 -1  0  0 -1  0  1  0 -1  0  0 -1  0  1  0  1 -1  0   16   4   5   4   2   4   5   7   4   4   6   5   3   2   4   9   5   2   2   7  0.07 0.07
  243 D   -1 -1  2  3  0  0  2 -1  2 -3 -3  1  0 -2 -1  0  0 -6 -2 -3    6   4   8  15   2   4  11   6   4   2   3  10   2   2   4   8   5   0   2   2  0.23 0.19
  244 G    0  0  0  0  1  0  0 -1  1  0 -1  0  1  0  0  0  0 -3  1  0    5   5   5   5   5   5   5   5   5   5   5   5   5   5   5   5   5   0   5   5  0.03 0.05
  245 G    0 -1  2  0 -1  1  0  2  0 -2 -1 -1 -1 -1  1  1  0 -3 -1 -1    6   4  11   5   1   6   6  17   3   2   7   4   1   2   6   9   4   0   2   5  0.13 0.11
  246 A    0 -1  1 -1  1  0  0  0  0  0 -1  0 -1 -1  1  1  1 -1 -1  0    9   3   6   4   3   5   6   6   2   5   6   5   2   2   7  11  10   1   2   7  0.07 0.07
  247 G    0 -1  1 -1  1  0  0  1  0 -1 -1  0  0 -2  0  1  1  1 -1  0    6   3   8   3   3   3   5  14   2   2   6   5   2   2   5   8   9   2   2   7  0.08 0.08
  248 K    0  3 -1 -2 -1  1 -1 -2  2 -2 -3  3 -2 -2  1  0  0 -5 -1  0    6  14   3   2   2   6   3   3   5   2   3  21   1   2   7   6   7   0   2   6  0.30 0.26
  249 S    1  1  1 -1  0  0 -1 -1  0 -1 -2  1 -1 -1  2  1  0  0 -1 -1   11  10   8   3   2   5   4   4   3   3   2   7   1   3  10  12   4   1   2   6  0.15 0.15
  250 Y   -1  0 -1 -3  3 -1 -2 -3  2  0 -1 -2  0  1  2  1 -1  0  3  0    5   7   2   0   8   2   2   2   5   7   6   2   2   5  12  10   2   2  10   8  0.22 0.20
  251 S   -1  0 -1 -1  0 -1 -1 -2  0 -2 -2 -1 -3  0 -1  3  3  2 -3 -2    3   4   3   4   2   2   2   2   3   2   4   3   0   4   2  29  25   4   0   2  0.45 0.39
  252 T   -1  2  0  0  1  0 -1 -1  0  0 -1  0  0 -3 -1  1  3 -4 -3 -1    4  15   4   4   3   3   3   3   3   5   7   4   3   0   3   9  22   0   0   3  0.21 0.22
  253 F   -2 -1 -1 -1 -4  0 -1 -2 -3  0 -1 -1  1  5 -4 -1  0  3  2  1    3   3   3   3   0   4   3   3   0   4   5   3   3  32   0   4   7   4   6  10  0.42 0.33
  254 E   -1 -1  0  2 -1  2  5 -2 -1 -3 -3  0 -1 -5 -3  0 -1 -5 -4 -1    5   2   3  13   2   9  41   2   1   1   2   5   1   0   0   5   4   0   0   5  0.64 0.35
  255 V    3 -3 -3 -4  2 -3 -3 -2  1  1  0 -3  1 -1 -3  0  0 -4 -3  3   27   0   0   0   5   0   0   2   4   8   9   0   3   3   0   6   3   0   0  28  0.41 0.28
  256 L    0 -3 -3 -3  1 -2 -1 -3  1  2  3 -3  1  1 -3 -1  0 -3 -1  2    8   0   0   0   3   0   3   0   6  13  33   0   3   5   0   3   4   0   0  16  0.26 0.15
  257 A    2 -2 -2 -3  2 -2 -2 -1 -2  0 -1 -2  1 -2  0  1  2 -3  0  1   27   0   0   0   5   0   0   4   0   4   5   0   7   0   3  13  15   0   4   9  0.23 0.16
  258 G    4 -2  0 -1  1 -2 -1  1 -2 -2 -1  0 -2 -3 -2  1  0 -4 -3 -1   51   0   4   3   4   0   3   7   0   0   6   4   0   0   0   7   4   0   0   3  0.38 0.22
  259 H    0  0 -1 -2  2 -1 -2 -3  6 -1  0 -1  0  2 -4 -1 -2  0  2 -1    7   4   2   1   6   2   1   1  29   2  11   4   2  10   0   3   2   1   7   5  0.47 0.30
  260 I   -1 -4 -4 -4  0 -3 -4 -2  0  3  2 -4  1  1 -2 -2  0 -3 -1  2    4   0   0   0   2   0   0   4   2  22  24   0   4   5   1   2   7   0   2  18  0.38 0.23
  261 W   -2  0  1 -3  2 -2 -2  0  2  0  0  0  2  1 -3  0 -2  4  2  0    1   7   7   0   7   0   0   7   7   7   7   7   7   7   0   7   0   7   7   7  0.14 0.15
  262 R   -1  3  0  0  0  0 -1 -2  1  0 -2  3  1 -3 -3 -1  0  2 -3  0    5  17   3   6   3   4   3   3   3   5   3  21   4   0   0   4   7   3   0   6  0.25 0.21
  263 S    2  1 -1 -3  5 -1 -1 -2  1 -1 -1  0  0 -1 -3  2  0 -4  0 -1   17   7   2   0  14   2   3   2   3   4   5   5   2   2   0  18   6   0   3   4  0.26 0.24
  264 V    1  1  0 -3  0 -1 -2 -3 -1  1  0 -1  1  1 -3 -1 -1  2 -1  2   14  10   5   0   2   2   2   0   2  10   8   3   4   7   0   3   3   3   2  19  0.17 0.19
  265 C    1 -2 -1 -4  6 -3 -4 -3 -4  1  0 -2  2 -1 -4  0  2 -4 -2  0   12   2   3   0  21   0   0   2   0   8   7   2   7   2   0   7  18   0   2   7  0.50 0.34
  266 I    1  2 -1 -2  0  0 -1 -1 -1  1  0  2  1 -1 -2  0  0 -1 -3  0   13  13   2   2   2   3   3   3   1  10   9  13   4   2   1   5   5   1   0   8  0.12 0.14
  267 A    5 -2 -1 -2  1 -2 -2 -2 -1  0 -3 -2  0 -5 -2  1  0 -5 -5  0   53   1   2   2   3   2   2   2   1   5   2   2   3   0   1   8   5   0   0   5  0.71 0.49
  268 R   -1  4 -1 -1 -2 -1 -1 -3  1 -2  0  1  0  0 -2  1  0 -1 -2 -2    4  32   2   3   1   2   3   1   3   2  11   7   3   4   2  10   5   1   1   2  0.39 0.31
  269 G    0  2  1  1 -2  0 -1  3  0 -3 -3  1 -2 -2 -2  1 -1 -1 -3 -2    9  10   7   7   1   5   3  25   2   2   2   7   1   2   2   8   4   1   1   2  0.28 0.22
  270 L    0  0 -2 -2  0 -1 -1 -3  1  1  3 -1  2  0 -1  0 -1 -4  0  0    7   6   2   2   2   2   3   1   4   7  30   4   5   3   3   8   4   0   3   4  0.18 0.18
  271 P    0  0  0  2 -2 -1  0 -1  0 -2 -2  1 -1 -2  4  0 -1 -2 -3 -1    7   5   4  11   1   2   6   5   2   3   3  10   2   2  19   8   4   1   1   4  0.29 0.23
  272 E   -1  0  0  2 -1  0  1 -2  2 -5 -2  1 -4 -2  3  1 -1 -5 -1 -3    5   5   5  10   2   3  10   4   6   0   3   9   0   2  18  12   3   0   2   2  0.37 0.29
  273 G    0  0  1  3 -3 -1  1  3  1 -5 -4  1 -2 -3 -1  1 -1 -2 -5 -4    6   6   6  17   1   2  10  20   3   0   1   7   1   1   3  10   4   1   0   1  0.40 0.30
  274 Q    0  1  0  0  0  3  1 -1  1 -1 -2  1  0 -1  0  0  0 -4  0 -1    8   8   3   5   3  14   9   4   4   5   4   9   3   3   3   6   4   0   3   4  0.13 0.15
  275 E    0  0  0  1  0  1  1 -3  1 -1 -1  0  0 -1  0  0  0  1  0 -1    5   6   4   8   3   6  10   0   3   4   6   5   3   3   5   8   7   2   3   5  0.07 0.11
  276 T   -1 -2 -1 -2  2 -4 -2 -3 -1  0 -1 -1  0 -1 -2  2  4  0 -2  2    5   2   3   2   4   0   2   2   1   5   5   3   2   3   2  14  28   1   1  15  0.43 0.39
  277 K   -1  2 -1 -2  1 -1 -2 -2  0  0 -1  1  1  0  1  0  2  2  0  0    5   9   3   3   3   3   3   3   3   6   5  10   3   3   7   7  13   3   3   7  0.14 0.13
  278 L   -1 -2 -1 -8  2 -1 -2 -3  1  0  3 -2  2  3 -2 -2 -2  2  1  1    4   3   3   0   5   3   3   3   3   6  23   3   5  11   3   4   3   3   5  10  0.35 0.22
  279 H    0  0 -1 -3  1 -1 -1  0  4  0  0 -2  1  0 -3  1  1  0  2 -1    7   6   3   2   3   3   4   6  10   5   8   2   4   4   1   9   9   1   8   4  0.20 0.16
  280 I    0  0  0 -3  2  1 -2 -3  2  0  0  0  1  1 -3  0  0  3  1  0    6   6   6   0   6   6   0   0   6   6   6   6   6   6   0   6   6   6   6   6  0.14 0.16
  281 P    2 -1  0 -1  1 -1 -1 -1  0  0  0 -3  1  0  2  0  0  2  0  0   18   3   4   3   4   3   3   3   3   5   7   0   5   5  11   5   6   3   3   7  0.14 0.16
  282 F    0 -4 -2 -4 -1 -2 -4 -3  1  2  1 -4  2  2 -4 -1 -1  0 -1  4    7   0   2   0   2   2   0   2   4  11  13   0   4   9   0   5   4   1   2  31  0.43 0.28
  283 D   -1  3  2  3 -4  0 -1 -1  0 -1 -3  0  0 -1 -3  0  1 -4 -3 -1    5  18  12  20   0   3   3   3   2   4   1   3   3   3   0   6   8   0   0   4  0.35 0.24
  284 G    2 -1  0 -3  1 -1 -1  2 -1 -1 -1 -1  0  0  0  0  0  0 -1  0   24   2   4   0   4   3   3  15   2   4   4   2   3   4   5   5   5   2   2   7  0.14 0.15
  285 R    0  1  1 -2 -3  1 -1 -2  2  1  0  1  2 -2 -2  0 -1 -3 -2  0    9   9   9   0   0   9   1   1   9   9   9   9   9   0   0   9   0   0   0   9  0.14 0.11
  286 G    0  1  0 -1  0  0 -1  0  0  0 -1  0  2 -1  0  0  1  1 -2 -1    7   7   5   3   3   3   3   9   3   7   5   5   7   3   5   7  11   3   0   4  0.06 0.08
  287 R   -1  0  0  0  2  0  0 -1  2  0 -1  0  2  1  0 -1  0  3  1 -1    5   5   5   5   5   5   5   5   5   5   5   5   5   5   5   5   5   5   5   5  0.09 0.08
  288 L   -1 -1 -1 -2  1 -1 -6 -3  0  0  3 -2  3  1  2 -2 -1  2  0  0    6   4   3   3   3   3   0   3   3   5  25   3   7   5   9   4   3   3   3   6  0.30 0.21
  289 Q    0  1  1  1  0  1  0  0  0 -2 -1  1  0 -4  1  0  0  1 -1 -1    7   8   9   7   3   8   5   6   3   2   5   8   3   0   8   5   4   3   2   5  0.13 0.15
  290 L   -1 -1 -3 -3 -1 -2 -3 -4 -2  2  4 -2  1 -2  0 -2 -2 -5 -4  2    6   3   1   1   1   1   2   2   1  11  41   3   3   1   5   3   2   0   0  12  0.54 0.38
  291 P    0  0  1  0 -3  1  0  0  2 -2 -1  0  1  0  1  0  0 -3 -2  0    6   6   6   6   0   6   6   6   6   0   6   6   6   6   6   6   6   0   0   6  0.09 0.10
  292 P   -1  0  0  1 -4  1  2 -1  1 -2 -1  1  0 -3  3  0  0  0 -1 -2    4   5   4   9   0   6  15   4   4   2   5   9   2   0  13   7   4   2   2   3  0.23 0.18
  293 G   -1 -1  3  1  0 -1 -1  3  1 -4 -2  0 -3 -1  0  0  0 -4  0 -2    3   3  15   8   2   2   4  24   4   0   4   4   0   2   4   8   4   0   3   2  0.28 0.23
  294 F    0 -2  1 -2  2  1  0 -3  2  0  0 -2  2  1 -3  0  0 -2  1  0    7   0   7   0   7   7   7   0   7   7   7   0   7   7   0   7   7   0   7   7  0.12 0.14
  295 F   -1 -3 -1 -3  3 -2 -3 -1  1  0  1 -3  1  4  0 -1 -1  0  2  0    4   0   4   0   7   2   1   4   5   6  14   1   3  21   5   4   2   1   9   7  0.28 0.19
  296 G    0 -1 -3 -4  1  0 -1  6 -4 -5 -5 -3 -4 -1 -4  0 -3 -5 -5 -1    6   4   0   0   3   5   4  61   0   0   0   0   0   3   0   7   0   0   0   4  1.10 0.51
  297 N   -3 -3  6  1 -1  0 -3  0  0 -1 -2 -1  2 -5 -5 -1 -1 -5 -2 -3    2   0  52   6   1   3   0   8   2   4   3   2   7   0   0   2   3   0   1   2  1.00 0.53
  298 A    3 -2  1  0  2 -1 -2  1 -1 -1  0 -2  0  0 -1  0 -1 -3 -1  0   28   2   6   5   5   2   2  12   1   4   9   0   3   4   2   3   3   0   1   5  0.16 0.16
  299 I    0 -2  1 -3  0  0 -3 -2 -1  2  1 -3  1  1  0 -1 -1  1  0  2    9   1   9   0   2   5   0   2   1  16  15   0   2   6   4   4   2   2   4  16  0.17 0.16
  300 F   -1 -1 -1 -3 -1 -1 -3 -2  0  0  0 -2  0  4 -3 -2  0  3  3  1    5   4   3   1   1   4   1   3   2   6   9   1   3  20   1   2   7   5  12   9  0.30 0.22
  301 F   -1  0  0  0  2  0  0 -1  2  0 -1  0  2  1  0 -1  0  3  1 -1    5   5   5   5   5   5   5   5   5   5   5   5   5   5   5   5   5   5   5   5  0.09 0.08
  302 A    3 -2 -2 -2  1 -2 -3 -1  0  0 -2 -3  1  0  1  0  1  1 -1  2   22   3   2   2   3   2   2   6   2   4   5   2   3   4   7   6  10   2   2  12  0.26 0.22
  303 T    0  0  0 -2  2 -1 -2 -2  0  0  0 -2  1  1  0  0  2  1  0  1    7   4   4   3   5   3   2   4   2   4   9   3   3   5   4   8  13   2   3  11  0.11 0.11
  304 P    3 -3 -2 -3  2 -2 -3 -3 -2 -1 -1 -2 -1 -2  3  0  0 -7 -2  2   27   2   2   2   4   2   2   2   1   4   5   3   2   2  14   8   6   0   2  13  0.46 0.35
  305 I   -1  0 -1 -2  0  0  0 -2 -1  3  0  0  1  0 -2  0  1  0 -2  2    6   6   3   2   2   3   6   3   2  15   7   5   3   3   2   6  10   1   2  13  0.16 0.13
  306 A    4 -1 -2 -2  4 -2 -2 -1 -7 -2 -2 -1  0 -2 -1  2  1  0 -2 -1   31   3   2   3   7   2   3   4   0   2   5   3   2   2   3  12   7   1   2   4  0.46 0.35
  307 T   -1  0  0 -1 -1  0  0 -3 -1 -2 -2  2 -1 -1  0  1  4 -1 -1 -1    6   4   4   4   2   4   6   2   1   2   5  11   2   3   5   9  23   1   2   5  0.30 0.28
  308 C    3 -2 -1 -2  3 -3  0 -3 -7 -1 -2 -1  0 -1 -2  1  0 -7 -3  2   26   2   4   2   6   1   6   3   0   3   3   4   2   3   3   9   5   0   1  16  0.40 0.31
  309 G    0  0  0  0  1  0  0  3  1 -1 -2  0  0 -1  0  0  0 -4 -3 -1    5   5   5   5   4   4   7  25   4   4   4   5   3   3   4   5   4   0   0   4  0.17 0.16
  310 E    0  0  0  0  2  1  0 -1  2  0 -1  0  1 -2  1  0  0 -3  1  0    6   6   5   6   5   5   6   6   5   6   6   6   5   0   6   6   6   0   5   6  0.05 0.08
  311 I    0  0  0  0  2  1  0  0 -2  0  0  0  1  0  1  0  0 -3 -2  0    6   6   6   6   6   6   6   6   0   6   6   6   6   6   6   6   6   0   0   6  0.05 0.07
  312 E    0 -1  0  1  1  1  2 -1 -1 -1  0  0  0 -2 -2  1  0  0 -4  0    6   3   4   8   4   5  17   5   1   3   9   7   3   1   2   9   5   1   0   7  0.13 0.15
  313 S    0  0  0  1  0  1  1  0  0 -1 -1  1  0 -1 -1  1  0 -4 -1 -1    5   5   5   8   2   5  11   6   2   3   6   7   3   3   2  14   5   0   2   5  0.10 0.11
  314 N   -1  1  2  1 -1  0  2  1  1 -2 -2  1  0 -2  0  0 -1  0 -1 -2    4   7  11   6   1   4  13   9   3   2   4  10   2   2   5   7   3   1   2   3  0.15 0.17
  315 S   -1 -2  0  2 -1 -1  2  1  0 -4 -2 -1 -2 -2  4  1  0 -5 -2 -2    5   2   3  11   1   2  12   9   2   0   4   4   1   2  20  11   6   0   1   3  0.36 0.31
  316 L    0  0 -2  0  2  0  0 -1  1  0 -1  0  1  0  0  0  0  3  1  0    5   5   0   5   5   5   5   5   5   5   5   5   5   5   5   5   5   5   5   5  0.06 0.10
  317 N    0  0  1  0  1 -1  0  1  2 -2 -1  0 -1  0 -1  1 -1  2 -1  0    7   4   7   5   3   2   6  12   6   3   5   5   2   4   3  10   3   3   2   7  0.09 0.09
  318 Y   -1  0  0  0  2  0  0 -1  2  0 -1  0  2  1  0 -1  0  3  1 -1    5   5   5   5   5   5   5   5   5   5   5   5   5   5   5   5   5   5   5   5  0.09 0.08
  319 A    3 -1 -2 -2  0 -1  0 -1 -1  0  1 -2  0 -2 -2 -1  1 -4 -3  1   27   3   1   2   2   2   5   4   2   6  16   2   2   2   2   3   9   0   0  10  0.22 0.22
  320 V    3 -4 -5 -5  0 -2 -3 -3 -1  1  1 -2  2 -1 -2 -1 -1 -5 -4  4   26   0   0   0   2   2   2   2   1   6  10   2   6   2   2   4   2   0   0  30  0.55 0.41
  321 R    0  2  0  0  0  1  1  0  2 -1 -2  1  0 -3  0  0  0  2 -3 -1    7  13   5   5   3   5   8   7   6   3   4  10   3   0   4   6   4   3   0   3  0.15 0.14
  322 R   -1  1  1  0  1  2  0 -3  1 -1  1  1  1 -3 -1 -1 -1  2 -3  0    4  10   6   4   3  12   5   0   3   4  15  10   4   0   3   4   3   3   0   6  0.16 0.18
  323 V   -1 -3 -1 -4  0  0 -2 -2 -4  4  1 -2  2  0 -1 -1 -1 -4 -3  3    4   0   3   0   2   4   3   3   0  26  14   3   5   4   3   4   3   0   0  19  0.33 0.26
  324 S    0  3  1 -2 -1  1  0 -2  3 -2 -2  2  1 -1 -4  0 -1  0 -1 -2    6  20   7   2   1   7   4   3   7   2   3  13   5   2   0   8   4   1   2   2  0.32 0.27
  325 D   -1  1  0  2 -5  0  4 -2  0 -2 -2  3 -2 -3 -2 -1 -1 -5 -4 -3    4   6   5  13   0   3  28   3   3   2   4  17   1   1   1   3   3   0   0   1  0.51 0.37
  326 G    3 -2 -1  0 -1  1  1  1 -1 -2 -3  0 -1 -1 -3  0 -1 -5 -2 -2   33   2   3   4   1   6   9  12   1   2   2   6   2   3   0   7   4   0   1   3  0.35 0.31
  327 V    0  0  1 -2 -3  1  0  0  2  0  0  0  1  0  1  0  0 -3 -2  0    6   6   6   0   0   6   6   6   6   6   6   6   6   6   6   6   6   0   0   6  0.07 0.09
  328 S    1  1  1  0 -1 -1  1 -1  0 -2 -1  1  1 -2 -3  1  0  0 -1  0   14   6   6   4   2   2  10   4   2   2   5   9   4   2   0  13   6   2   2   6  0.12 0.16
  329 R    0  3  1 -1  0  1  1 -2  0 -2 -2  2  0 -2 -4  0 -1 -5  0  0    6  18   7   3   2   5   7   3   2   2   4  14   3   2   0   8   3   0   3   8  0.26 0.25
  330 L   -1 -2 -2 -3  0 -2 -1 -2  0  2  1 -2  4  1 -2 -1 -1  1  0  3    5   2   2   2   3   2   3   3   3  10  14   2  11   5   2   4   4   2   3  21  0.29 0.23
  331 D   -2 -1  2  4  2 -1 -1 -1  2 -2 -3  0 -1 -2 -2  0  3 -6 -5 -3    2   4  11  26   5   2   3   4   4   2   2   5   1   1   2   6  17   0   0   2  0.52 0.40
  332 E    0 -1  1  4 -2 -1  3 -1  0 -3 -3  1 -1 -3 -2 -1 -1 -6 -2 -1    7   3   7  22   1   2  23   4   2   2   2   7   2   1   2   4   4   0   2   4  0.45 0.36
  333 D   -1 -1  1  4 -2 -1  4 -1 -1 -4 -4  1 -6 -4 -5 -2 -2 -1 -3 -2    5   3   6  21   1   3  33   4   2   1   2   9   0   1   0   3   2   1   1   3  0.76 0.52
  334 Y   -1 -2 -1 -3  0 -3 -1 -3  1 -1 -1  0 -1  3 -4 -2 -2 -1  7 -2    5   2   4   2   2   1   4   2   4   3   6   6   1  12   1   3   2   1  37   3  0.89 0.54
  335 L    0 -3 -3 -5  0 -4 -3 -2 -2  3  2 -2  3  1 -2 -2 -1  0 -1  3    8   1   1   0   2   0   2   3   1  16  21   3   8   6   2   2   4   1   2  18  0.43 0.29
  336 R   -3  5  0 -2 -2  2  0 -1 -1 -3 -2  3 -1 -4 -3 -2 -3 -1 -3 -3    2  33   4   2   1   9   5   4   1   2   4  20   2   1   1   3   1   1   1   2  0.76 0.52
  337 S    0 -2 -1 -1 -1 -2  0  1 -3 -4 -3  0 -2 -4 -3  5 -1  0 -2 -4    7   3   3   3   2   2   6  11   1   1   2   6   1   1   1  43   3   1   1   1  0.72 0.54
  338 S    2 -1 -2  0 -2  0 -1  0 -1  0  0  0  1  0 -2  1  0  0 -2  1   16   3   1   4   1   4   4   6   1   4   8   4   4   5   2  12   7   1   1  10  0.10 0.13
  339 I    0 -2 -2  0 -2 -1 -1 -2 -1  4  1 -1  2 -2 -3 -2 -2 -1 -1  2    8   2   2   5   1   2   4   3   2  24  15   4   4   2   1   3   3   1   2  14  0.32 0.22
  340 D    0 -2  0  6 -6 -3  2  1 -1 -4 -6 -1 -3 -3 -4 -1 -2 -2 -6 -3    7   2   4  40   0   1  14  10   2   1   1   5   1   1   1   5   2   1   0   2  0.92 0.55
  341 F   -2 -3 -2 -3  0 -4 -1 -1  1 -1  0 -2  1  5 -3  1 -3  4  4 -1    3   1   2   2   2   1   4   4   4   3   9   3   3  24   2   9   1   7  13   4  0.61 0.37
  342 L   -2 -2  0 -4  0 -2 -1 -2 -2  2  3 -2  4  0 -3 -2 -1  4 -1  0    3   2   4   1   2   2   4   4   1  10  30   2   9   4   2   3   4   5   2   7  0.47 0.28
  343 E    0  0 -1  0  0  0  4 -1  0 -4 -3  1  0 -4 -2  0 -1 -2 -6 -1    9   4   3   6   2   3  33   5   2   1   3   9   3   1   2   6   3   1   0   5  0.50 0.38
  344 L   -1  0 -1 -2  0 -1 -2 -1  0  2  2  0  3  0 -3 -1 -1  2 -1  1    5   5   4   2   2   2   3   6   2   9  18   5   8   4   1   4   4   3   2   9  0.19 0.12
  345 Q   -1  0  0  0  2  0  0 -1  2  0 -1  0  2  1  0 -1  0  3  1 -1    5   5   5   5   5   5   5   5   5   5   5   5   5   5   5   5   5   5   5   5  0.09 0.08
  346 E   -1  1  0  0  1  0  2  0  1 -1 -2  1  1 -6  1  0 -1 -6  0 -1    5   8   4   6   3   4  16   6   4   3   4   9   3   0   8   6   4   0   3   4  0.20 0.18
  347 D   -1  0  2  2  0  1  1  0  0 -1 -2  0  1  0 -1 -1 -1  2  0 -1    4   5   9  12   3   6   8   8   3   3   3   5   4   4   4   5   4   3   3   4  0.13 0.12
  348 I   -1 -1 -1 -1  1 -1 -1 -2  0  1  2  0  2  1  0 -1 -1  2  0  1    6   4   3   4   3   3   3   4   3   8  18   5   6   5   5   4   3   3   4   9  0.09 0.07
  349 S    0  0  1  0  0  0  0  0 -1 -2 -2  1  1 -2  1  1  0  1 -1 -1    7   5   6   6   2   4   6   6   2   3   4   8   4   2   9  12   7   2   2   4  0.10 0.11
  350 K   -1  0  0  0 -1  1  1 -1  0 -2 -2  3  0 -1  1  0 -2  1  1 -2    6   6   5   5   2   5  11   6   2   3   4  17   2   3   6   7   3   2   4   2  0.19 0.18
  351 L   -1 -1 -2 -2  0 -1 -2 -2  0  1  2 -2  2  2 -1 -2  0  2  0  1    5   4   3   2   2   3   2   4   2   8  22   2   6   9   4   3   5   3   3   9  0.23 0.15
  352 A    2  0  0 -1 -1 -1 -1  1  0 -1 -1 -1  1  0  1  0  0 -1 -1  0   15   6   5   3   1   3   4  10   2   4   6   4   3   3   7   8   4   1   2   7  0.08 0.08
  353 Q   -1  2  0  1 -1  2  2 -1  0 -2 -2  2  1 -2  0 -1 -1 -1 -2 -1    5  10   4   9   2   8  13   5   3   2   3  10   3   2   5   5   4   1   2   4  0.19 0.18
  354 G    0  0  0  1  0 -2  0  4 -2 -2 -1 -1  0 -2 -2  0 -2  0 -2 -1    8   5   4   7   2   2   6  30   1   2   6   4   2   2   3   6   3   1   2   4  0.33 0.24
  355 A    1  0 -1 -1 -1  0  0  0 -1 -1  0 -1  0  0  1  0  0 -1  0  0   13   5   3   4   1   4   7   9   2   4   8   3   3   4   7   8   4   1   3   7  0.04 0.05
  356 H   -1  1  2  1 -1  1  0  0  3 -1 -1  0  0 -1  1  0  0  0  0 -2    4   6   8   7   1   5   6   8   7   4   6   4   2   3   8   6   5   2   4   3  0.11 0.10
  357 S    0  0  1  0 -1 -2  0 -1 -1 -1 -1  0 -1  1 -1  2  1  0  0  0    6   5   8   5   1   2   6   5   2   4   6   6   2   5   4  15   9   1   3   6  0.10 0.11
  358 F   -2 -1  0 -1 -2 -2 -2  0 -2  0  0 -1  2  3 -2 -1 -1 -1  3  1    3   3   4   4   1   2   3   8   1   4  10   3   5  14   2   5   5   1  11  11  0.27 0.17
  359 R   -1  2 -1  0 -2 -1  1  1 -2 -2 -1  0  0 -1  1  0  1  0 -1 -2    5  12   3   6   1   3  11   9   1   2   7   6   2   3   7   7   7   1   2   4  0.12 0.12
  360 C    0 -3  1 -1  5 -1 -1  1 -1  0 -1 -1  1 -3 -2  0  0 -1 -1  1    6   1   8   3  13   3   4  10   1   5   6   3   3   1   3   8   6   1   3  11  0.25 0.15
  361 P   -1 -2  0  1 -2 -1  0 -1 -1 -2 -3 -1 -2 -2  5  0  1 -2 -1 -1    6   2   5   7   1   3   5   6   2   2   3   4   1   2  29   7   8   1   2   4  0.49 0.35
  362 N   -2  0  2  2  1 -1 -1  0  1 -1 -3 -1  1  1 -1  0  0  2  0 -1    4   5  11  14   3   3   4   7   3   3   3   3   3   6   3   8   7   3   3   5  0.18 0.14
  363 L   -2 -1 -1 -7  2 -1 -7 -2  1  1  2 -6  3  2 -7 -2  0  2  4  0    4   4   4   0   5   3   0   4   3   7  20   0   7   7   0   4   7   3  13   6  0.52 0.29
  364 W   -1 -1  0 -1  0  0  0 -1 -1  0  0 -1  2  2 -2  0  0  3  2  0    4   4   5   2   2   3   6   5   1   7   8   3   6   9   1   9   6   5   7   6  0.08 0.10
  365 V   -1 -2 -3 -3  2 -4 -5 -3 -5  3  0 -2  1  1 -2 -1 -1  0 -1  4    4   2   1   1   5   0   0   2   0  19   9   3   3   7   3   5   3   1   2  30  0.53 0.34
  366 I   -1 -1  0 -1 -1 -3 -2 -1 -1  0 -1 -2 -1 -1 -2  2  3 -1 -2  2    4   3   4   4   1   0   2   4   1   5   5   2   2   3   2  20  21   1   1  16  0.33 0.31
  367 S   -1 -2  0  1 -1 -2 -3 -2 -5 -3 -6 -1 -1 -3 -3  6  0  0 -6 -4    4   2   4   7   1   2   1   3   0   1   0   3   1   1   1  59   4   2   0   1  1.14 0.75
  368 W   -3 -4 -2  0  0 -6 -4 -1 -2 -3  0 -4  0  0 -7  1 -3 10 -1 -4    2   1   2   5   2   0   1   4   1   1   9   1   3   4   0  10   1  47   2   2  1.91 0.93
  369 V   -1  0 -1 -3  5 -2 -1 -2 -2  0  1 -3  1 -1  1  1  1  3 -3  1    3   6   3   1  14   1   3   3   1   5  12   0   3   2   6  10  10   5   1  10  0.26 0.22
  370 W   -2  5  1 -2 -3  0 -2  1  2 -5 -4  2 -4 -2 -4 -1  0  1 -1 -5    3  35   7   2   1   4   2  13   5   0   2  12   0   2   0   4   5   2   2   0  0.68 0.41
  371 L   -2 -1 -3 -5 -4 -1 -4 -2  0  1  3 -3  3  4 -3 -1 -2 -3  0 -1    2   4   1   0   0   2   0   4   2   7  32   1  10  22   1   4   2   0   3   3  0.54 0.31
  372 P   -1 -1  0  0 -5 -1 -1  4 -2 -3 -4 -1 -2 -1  5  0 -2 -5 -4 -2    4   3   3   5   0   3   3  31   1   1   1   3   1   3  27   5   2   0   0   3  0.72 0.35
  373 I   -2 -3 -4 -5 -4 -2 -4 -1 -1  2  2 -3  2  4 -4 -2 -1  0  1  1    2   1   0   0   0   1   0   6   1  11  26   1   5  25   0   3   4   1   3   7  0.50 0.27
  374 Y   -2 -2  0  1 -2 -1  1  0  4 -4 -2 -2 -2  2 -4 -2 -2  0  6 -3    3   2   5   7   1   2  11   9  11   0   3   1   1   7   0   2   1   1  31   1  0.65 0.35
  375 E    0 -1  1  3 -2  0  4  0  1 -4 -3  0 -1 -4 -3 -1 -1  0  0 -3    8   3   5  19   1   3  28   8   3   0   2   5   2   0   0   2   4   2   3   1  0.45 0.26
  376 P    2 -3 -1 -1  0 -1 -2 -1 -1  1  1 -2  0 -2 -2  0  0 -3 -2  2   20   0   3   4   2   3   2   5   1  10  13   0   2   1   2   6   5   0   1  19  0.15 0.14
  377 D   -1  1  1  4 -3  1  2 -1 -1 -2 -1  0  0 -3 -2  0 -1 -3 -3  0    1   8   4  30   0   7  13   5   0   1   5   4   5   0   1   7   1   0   0   8  0.32 0.11
  378 F   -3 -3 -4 -4  3 -3 -4 -4 -2  0  0 -3 -1  6 -4 -3 -2 -1  3  0    1   1   0   1   8   0   1   1   0   5   8   1   0  57   1   1   1   0   9   5  0.89 0.25
  379 G    0 -2 -1  0 -3 -2  0  4 -2 -3 -3  0 -3  0  1  0 -2 -4 -3 -1    8   0   0   5   0   0   5  48   0   0   1   7   0   6   7   7   0   0   0   4  0.54 0.16
  380 W   -2 -2  0  0  0 -3 -2  0  2 -2 -2 -1  1  0 -4 -2 -2  9  0  0    3   2   4   5   2   0   2   8   6   2   2   5   4   3   0   2   3  38   2   7  1.07 0.37
  381 G    1 -3 -2 -1 -4 -2  1  5 -3 -4 -4 -1 -3 -4 -3 -1 -1 -4 -4 -1   13   0   0   3   0   0   9  58   0   0   1   3   0   0   0   3   3   0   0   6  0.88 0.30
  382 K   -1  3 -1 -1 -2  0  1 -1  2 -3 -3  4 -1 -3  0  0 -1 -4 -2 -3    5  14   2   2   1   3  11   5   6   1   2  30   1   1   4   7   3   0   1   1  0.43 0.23
  383 A   -1 -2 -5 -3 -2 -2 -2 -3  0 -2 -1 -4  2 -5  7 -2 -2 -6 -5 -3    5   2   0   1   1   1   2   2   3   2   6   0   5   0  64   2   3   0   0   1  1.68 0.59
  384 V    0 -2 -2 -2  1 -2 -2 -3 -2  2  1 -1  0  0 -1 -1  0  3 -2  3    9   2   1   2   3   1   2   1   1  12  12   4   2   3   3   5   6   5   1  25  0.24 0.18
  385 Y   -1 -1 -2 -5  0 -1 -3  0  4 -3 -1 -2 -1  4 -6 -3 -3  5  5 -1    5   3   2   0   2   2   2   7  12   1   4   2   2  20   0   1   1   8  21   5  0.77 0.38
  386 M    0  0  0 -2  2  1  0  0 -2  0  0 -1  1  1 -3  0  0 -2  1  0    7   7   7   0   6   7   7   7   0   7   7   0   6   6   0   7   7   0   6   7  0.06 0.10
  387 G    0  1 -1 -1  1  0 -1  3  0 -1 -2 -1  1 -3 -1  1  0 -4 -1 -1    6   8   3   3   4   3   4  26   3   4   4   3   4   0   3  11   4   0   3   4  0.21 0.18
  388 P    0  0 -1 -2  1 -1 -1  0  0 -1 -2 -3  0  0  5  0  0 -5 -1  0    6   7   3   2   3   2   3   8   2   3   4   0   3   5  29   7   7   0   2   6  0.45 0.31
  389 W    1 -1 -1 -2  0 -1 -2  2 -1  0 -1 -1  0  0  1  0  0  3  0  1   15   4   3   2   3   2   2  15   2   4   5   2   3   4   6   4   7   5   3  11  0.11 0.13
  390 A    1  0  1 -1  0 -1 -1  1  0 -1 -2 -1  0 -1 -1  1  1  0  1  1   10   4   7   3   2   2   3  11   2   2   3   3   2   3   3  11   9   1   5  10  0.08 0.11
  391 A    0 -1  1 -1  0 -1 -1  0  2  1  1 -1  3 -1 -2  1 -1  0 -1  0    8   3   6   3   2   3   4   7   5   7  14   3   7   3   2   9   3   1   2   8  0.09 0.08
  392 P   -1 -2  0  1 -1 -1 -2 -1  0 -1 -1  0  1 -1  5 -1 -1 -6 -1 -1    5   2   5   7   1   3   3   5   2   4   6   5   4   3  29   5   5   0   3   4  0.44 0.33
  393 F   -2  0 -1 -3  0 -2 -2 -2  1  1  1 -1  0  4 -3 -1 -2  1  3  1    3   6   4   2   2   1   3   4   3   7  11   4   2  16   1   5   3   2  11   9  0.33 0.19
  394 E   -2 -1  1  3 -3 -2  3 -1 -1 -2 -4  2  0 -2  0  0 -2 -2 -2 -2    4   3   7  17   1   2  21   4   1   2   2  12   2   2   6   6   3   1   1   3  0.44 0.33
  395 G   -2 -3  3  0 -2 -3 -1  5 -2 -3 -4 -2  0 -3 -2 -1 -4 -8 -8 -2    4   2  14   6   1   1   5  44   1   2   2   3   3   2   2   5   1   0   0   3  0.93 0.54
  396 K   -1  0  0 -1  0 -2 -2 -2  0  1  0  2  1  2 -3 -1  0 -1  1  1    4   4   4   4   2   1   2   4   2   7  10  15   4   9   1   5   6   1   4  10  0.18 0.13
  397 S    1 -4 -1 -8  4 -7 -8  0 -1  3  0 -5  2  1 -4  1  0 -2 -4  3   11   1   4   0   7   0   0   6   2  13   8   1   4   6   1  10   5   1   1  19  0.53 0.32
  398 Y   -2 -2 -2 -3  1 -4 -7 -5 -1  2  1 -4  1  4 -7 -2  0  0  5  2    4   2   2   1   3   1   0   1   2  10  12   1   4  19   0   3   5   1  17  12  0.71 0.41
  399 L   -2 -4 -5 -8 -1 -2 -7 -5 -3  3  3 -4  3  3 -5 -3 -3 -7 -1  2    3   1   1   0   1   2   0   1   1  16  31   1   8  13   1   2   1   0   2  16  0.88 0.49
  400 L   -3 -3 -4 -4  1 -3 -6 -5 -3  1  4 -4  5  2 -5 -3 -2 -6  0  2    2   1   1   1   3   1   0   1   1   7  34   1  16   8   1   2   2   0   3  11  0.81 0.49
  401 P   -2  0 -1  2 -1 -1  0 -3 -1 -2 -1  0  1 -4  5  0 -1 -7 -3 -2    3   5   3  12   1   3   5   2   1   2   6   6   3   1  31   6   4   0   1   4  0.59 0.43
  402 N   -1 -2  2  2  1 -1 -2  1  0 -4 -1 -3 -1 -3 -2  3  2 -1 -2 -1    4   3  10  10   2   2   2  12   2   1   6   2   2   1   2  21  12   1   1   4  0.36 0.31
  403 P    0  1 -1  1  0 -2 -1 -1 -2 -3 -2  1  0 -2  4  0  0 -3 -1 -2    7   8   3   7   2   2   3   5   1   2   4  10   3   1  23   7   7   0   2   2  0.37 0.31
  404 E   -1  1  1  3 -2 -1  2  0 -3 -2 -4  2 -3 -4 -3  1  0 -3 -3 -3    5   7   7  15   1   2  15   8   1   2   2  13   1   1   1  10   7   0   1   2  0.37 0.30
  405 K   -2  1  1  2 -1 -1  0  4 -3 -5 -5  3 -4 -5 -4 -2 -2 -8 -4 -4    3   7   7  10   1   2   7  35   1   1   1  17   0   1   1   2   2   0   1   1  0.78 0.50
  406 D   -3 -1  1  5 -2 -3  2  2 -2 -8 -8  0 -8 -8 -2 -1 -3 -2 -2 -6    2   3   7  38   1   1  14  15   1   0   0   6   0   0   2   5   2   1   2   1  1.02 0.62
  407 G   -3 -1 -2  1 -4 -1  0  6 -3 -5 -7  0 -8 -9 -8 -5 -4 -9 -9 -6    2   4   2   7   0   2   6  66   1   1   1   5   0   0   0   1   1   0   0   1  1.68 0.89
  408 S    0 -2 -1  0  0 -1  0  4 -2 -2 -4 -2 -3 -5 -4  3 -2 -5 -5 -2    8   2   3   5   2   2   6  32   1   2   2   2   1   1   1  25   2   0   0   3  0.67 0.41
  409 L   -2 -1 -4 -5 -3 -4 -8 -5 -8  5  1 -7  2 -1 -8 -5 -1  0 -3  4    3   4   1   1   1   1   0   1   0  37  13   0   6   3   0   1   4   1   1  25  1.14 0.61
  410 F   -1  0  0  2 -2 -2  4 -4 -3  1 -1 -2 -1 -2 -6  0 -1 -3 -1  1    6   5   4  10   1   1  26   1   1   7   7   2   2   2   0   8   3   0   2  12  0.39 0.32
  411 V    3 -8 -8 -9 -3 -7 -5 -5 -8  2  1 -8  1 -2 -8 -4 -4 -8 -7  6   21   0   0   0   1   0   1   1   0   9  12   0   3   1   0   1   1   0   0  49  1.40 0.75
  412 S    1 -3 -3 -5  0 -1 -1 -2 -3 -1  0 -3  0  1  1  0  0  7  1  0   11   2   1   0   2   2   4   4   0   4  11   1   3   6   8   8   6  16   4   7  0.45 0.32
  413 I   -2 -8 -5 -9 -2 -5 -8 -9 -4  5  2 -8  4 -2 -6 -5 -2 -2 -4  5    4   0   1   0   1   1   0   0   0  27  15   0  10   2   0   1   3   1   1  35  1.30 0.67
  414 T    1 -2 -1 -4  6 -3 -4  0  0 -4 -3 -5  1 -3 -2  3  3 -1 -1 -2    9   2   3   1  20   1   1   8   2   1   2   0   3   1   3  20  16   1   2   3  0.72 0.48
  415 L   -5 -9-10-10 -8 -8 -9-10 -9 -1  6 -4  3 -1 -9 -6 -4 -8 -7  0    1   0   0   0   0   0   0   0   0   3  77   1   8   3   0   1   1   0   0   6  2.04 0.96
  416 H   -2 -1  0  0 -3  2  3 -3  0 -4 -3  1 -2 -1  4  0 -1  0 -4 -4    3   3   4   6   1  10  17   2   2   1   3   7   1   3  25   6   3   2   1   1  0.60 0.44
  417 K    0  0 -2 -1 -2  0  4 -4 -1 -2 -4  1 -2 -3  3  0 -1 -8 -5  0    9   5   2   3   1   4  27   1   1   2   2  10   1   1  15   7   4   0   0   6  0.52 0.40
  418 Q    0  0  0  1 -3  2  4 -3  1 -4 -3  1 -2 -5  1  0  0 -3 -6 -3    8   5   5   8   0   7  26   2   4   1   3   9   1   1   6   8   5   0   0   2  0.46 0.36
  419 H    2 -3  0  2 -2  0  1 -4  6 -1 -4 -2 -2 -3 -4 -2 -1 -7 -1  0   18   1   5  13   1   4  10   1  22   3   1   2   1   1   1   3   4   0   2   6  0.71 0.47
  420 M   -2 -4 -9-10 -8 -7 -9-10 -9  1  1 -5 10 -3 -9 -8 -7 -8 -3  1    3   1   0   0   0   0   0   0   0   6  10   1  69   1   0   0   0   0   1   8  2.90 1.29
  421 E    2 -2  0  2 -7  2  3 -3 -1 -4 -4  2 -5 -5  0  0 -2 -7 -4 -3   15   2   5  13   0   8  22   2   1   1   2  13   0   1   5   5   3   0   1   2  0.54 0.40
  422 R    2  3 -1 -1 -2 -1  1 -3 -2  0  0  3 -1 -3 -4 -1  0 -6 -2 -1   15  16   2   3   1   2   8   2   1   5   9  18   1   1   0   4   7   0   1   4  0.33 0.28
  423 F   -8 -9 -9 -5 -8 -9 -9 -9 -7 -4  2 -9  0  8 -9 -8 -8 -6  0 -3    0   0   0   1   0   0   0   0   0   1  17   0   2  74   0   0   0   0   2   2  2.79 1.16
  424 E   -2  0 -2  0 -1  4  5 -4 -2 -4 -5  3 -2 -8 -6 -3 -3 -8 -7 -3    2   6   1   5   1  17  41   1   1   1   1  16   1   0   0   1   1   0   0   2  1.13 0.66
  425 K   -4  3  0  0 -8  4  2 -5  1 -4 -5  5 -3 -4 -6 -1 -3 -7 -4 -5    0  15   4   4   0  16  14   0   3   1   1  33   0   1   0   4   1   0   1   1  1.02 0.60
  426 L   -2 -5 -2 -3  2 -2 -2 -6  2  2  3 -5  1  3 -6 -4 -3  0  2  0    3   0   2   1   4   2   3   0   5  13  38   0   3  11   0   0   1   1   7   6  0.62 0.35
  427 F   -3 -7 -7 -8  4 -6 -7 -7 -6  0  2 -7  3  6 -7 -6 -5  0 -1  1    2   0   0   0   9   0   0   0   0   5  22   0   6  45   0   0   0   1   1   8  1.43 0.61
  428 Y   -1 -2 -4 -3 -1 -5 -3 -4  2 -4 -1 -4 -4  2 -6 -2 -1  0  8 -5    6   2   1   2   1   0   1   1   5   0   6   1   0   9   0   2   4   1  57   0  1.57 0.66
  429 E   -1 -2 -2  3 -6  1  5 -2  0 -6 -6  1 -3 -6 -4  1  0 -7 -5 -4    4   1   1  20   0   5  41   2   2   0   0   7   1   0   0  11   6   0   0   1  0.95 0.47
  430 I   -3 -5 -6 -6 -4 -4 -5 -6 -5  5  3 -5  4 -2 -5 -5 -3 -5 -4  2    0   0   0   0   0   0   0   0   0  37  33   0  14   0   0   0   0   0   0  16  1.13 0.40

                      K         Lambda
Standard Ungapped    0.1801     0.3428
Standard Gapped      0.1100     0.3190
PSI Ungapped         0.1801     0.3428
PSI Gapped           0.1100     0.3190
