
Last position-specific scoring matrix computed, weighted observed percentages rounded down, information per position, and relative weight of gapless real matches to pseudocounts
           A  R  N  D  C  Q  E  G  H  I  L  K  M  F  P  S  T  W  Y  V   A   R   N   D   C   Q   E   G   H   I   L   K   M   F   P   S   T   W   Y   V
    1 M   -2 -3 -4 -5 -3 -1 -3 -4 -3  1  2 -3  8 -1 -4 -3 -2 -3 -2  1    0   0   0   0   0   0   0   0   0   0   7   0  85   0   0   0   0   0   0   8  1.16 0.19
    2 A    3  2 -1 -2 -2 -1 -1 -1 -2 -3 -3 -1 -2 -3 -2  3  1 -4 -3 -2   48  13   0   0   0   0   0   0   0   0   0   0   0   0   0  29  10   0   0   0  0.56 0.11
    3 E    1 -1  1  2 -4  1  3 -2  2 -3 -3  1  1 -3 -2  1 -1 -4 -2 -3   12   0   6  13   0   4  27   0   8   0   0  11   9   0   0   9   0   0   0   0  0.42 0.11
    4 L   -2 -2 -4 -5 -3 -3 -4 -5 -4  3  3 -4  4  0 -4 -3 -1 -3 -2  3    0   2   0   0   0   0   0   0   0  17  34   0  18   4   0   0   3   0   0  22  0.70 0.23
    5 K   -1  3 -1 -1 -5  1  1  0  2 -4 -2  3 -1 -4  0 -1 -1 -5 -3 -3    3  23   1   3   0   7   7   8   6   0   4  29   1   0   3   1   1   0   0   1  0.49 0.19
    6 L   -2 -4 -5 -5 -3 -4 -5 -5 -4  3  2 -4  3  4 -5 -2 -3 -3  1  2    2   0   0   0   0   0   0   0   0  25  17   0   8  27   0   2   0   0   3  16  0.75 0.27
    7 G   -2 -2  0 -2 -6 -4 -4  6 -4 -6 -6 -2 -5 -6 -5 -1 -1 -1 -6 -6    0   2   4   2   0   0   0  82   0   0   0   2   0   0   0   4   3   1   0   0  1.73 0.49
    8 Y   -1 -4 -4 -5 -4 -4 -4 -5 -2  1  0 -4  0  3 -5 -1 -1  3  6  1    5   0   0   0   0   0   0   0   0  11   9   0   2  12   0   3   3   3  42   8  0.91 0.33
    9 K    0  1  0 -3 -3  1 -2 -1  3 -2 -2  1  1  2  0  0  0  3 -1  0    5   6   4   0   0   8   0   4  11   0   2  12   5  12   4   6   7   6   0   7  0.21 0.16
   10 A    3 -3 -1 -2  0 -3 -3  1 -4  1  2 -3  0 -3 -2 -1 -1 -4 -3  1   33   0   3   2   2   0   0  12   0   6  24   0   2   0   2   2   2   0   0   9  0.33 0.21
   11 S    1  0  0 -1 -4 -2  0  1 -1 -2 -2 -2  1 -2  3  3 -1 -5 -3 -3   10   5   5   2   0   0   8  12   1   2   2   0   5   2  14  32   1   0   0   0  0.43 0.23
   12 A    1  0 -2 -1  1  0 -1 -1  4 -1  0 -2  0 -3  2  1  1 -4  0 -1   12   6   0   3   4   4   1   4  14   2  12   0   2   0  12   9   9   0   3   4  0.22 0.15
   13 E   -2 -2 -1  1 -6  2  5 -3  0 -5 -3 -1 -4 -5  2 -2 -1  2 -4 -4    1   1   3   5   0   7  57   1   2   0   3   2   0   0  11   2   3   3   0   0  1.04 0.40
   14 Q   -1  2 -1 -1 -4  5  2  0 -2 -4 -2  0  2 -4 -3 -1 -1 -4  0 -3    4  11   2   1   0  32  16   9   0   0   2   2   8   0   0   4   3   0   4   0  0.59 0.29
   15 F    0 -3 -3 -4  0 -1 -2 -2  2  0  0 -3  1  4 -2 -1 -1  3  3  0    7   0   0   0   2   4   2   2   5   5   8   0   5  26   2   4   3   5  11   7  0.35 0.18
   16 A    0  0  0  1 -3 -1  0  1 -1 -2 -3 -1 -1 -4  2  2  1 -4 -3 -1    8   4   2  10   0   2   3  14   1   2   0   3   2   0  12  20  10   0   0   5  0.31 0.15
   17 P   -2 -3 -4 -4 -5 -4 -2 -3 -4 -1 -2 -4  1 -2  7 -2  0  3  0 -4    3   1   0   0   0   0   2   2   0   4   3   0   4   1  65   2   5   4   3   0  1.74 0.53
   18 R    0  3  1  2 -4  2  2  0  0 -3 -3  1 -2 -4 -1  1 -1 -5 -4 -2    5  23   5  12   0   8  12   7   1   1   2   8   1   0   2   9   1   0   0   2  0.39 0.21
   19 E   -1  1 -1  3 -6  1  5 -2  0 -3 -4  0 -2 -5 -2  0 -2 -6 -5 -4    3   8   2  16   0   5  44   2   2   1   1   5   1   0   1   6   2   0   0   0  0.81 0.38
   20 L   -2 -4 -5 -6 -1 -2 -3 -6 -2  2  4 -4  0 -1 -2 -3 -1  2 -2  1    3   0   0   0   1   2   2   0   1  14  53   0   1   1   2   1   3   3   1  11  0.75 0.35
   21 V   -1  0 -3 -4 -4 -2 -2 -5 -4  2  3 -3  0  0 -5 -3 -1  1 -2  4    5   6   1   1   0   1   2   0   0  13  28   1   1   3   0   0   2   2   1  33  0.56 0.29
   22 E    0  1  1  3 -3  2  4 -3  1 -5 -5  1 -2 -5 -3 -1 -1 -1 -3 -4    9   7   5  18   1   7  32   1   4   0   0   6   1   0   1   3   3   1   1   1  0.64 0.32
   23 L   -1 -2 -2 -2 -2  1 -2 -5  2  1  3 -2  0  1 -4 -2  0 -3  2  0    5   2   2   2   1   7   2   0   6  10  37   2   1   4   0   1   5   0   8   6  0.34 0.23
   24 A    5 -4 -4 -5  1 -4 -4  0 -4  0 -1 -4 -3 -4 -2 -1  0  0 -2  2   56   0   0   0   3   0   0   5   0   6   4   0   0   0   1   3   4   2   1  14  0.82 0.43
   25 V    0  2 -3 -1  0  3  1 -3 -1  1 -1  1 -1 -4 -4 -2 -1 -5 -4  2    6  12   0   3   2  14  11   1   1   8   4  11   1   0   0   1   3   0   0  22  0.33 0.24
   26 L    2  2 -3 -2 -3  0  0 -3  0  0  2 -1  1  1 -3 -1  1 -3  1 -1   19  12   0   1   0   4   6   1   2   4  23   2   3   7   0   2   8   0   4   2  0.20 0.19
   27 A    6 -5 -5 -1  1 -4 -4 -2 -5 -4 -4 -4 -1 -3 -4 -1 -2 -6 -3  0   78   0   0   4   3   0   0   2   0   0   1   0   1   1   0   3   1   0   1   6  1.43 0.63
   28 E   -2 -1 -3  2 -8  0  6 -6  1 -7 -3 -3 -5 -7 -5 -4 -4 -7 -6 -6    2   3   0  13   0   3  73   0   4   0   2   0   0   0   0   0   0   0   0   0  1.81 0.71
   29 S    1  1  0  2 -5  2  3 -2 -1 -4 -5  2 -4 -5 -3  1 -2 -6 -4 -1   16   8   3  12   0  11  22   1   1   0   0  11   0   0   0  11   1   0   0   4  0.54 0.31
   30 A    3 -2 -1 -4 -1 -2 -2 -1  2 -1  2 -3  0 -3 -2  0 -2  1 -1 -1   33   2   2   0   1   2   2   4   6   3  28   0   2   0   2   8   1   2   2   3  0.40 0.30
   31 G   -2 -6 -1 -3 -7 -6 -2  7 -6 -8 -8 -5 -7 -2 -6 -4 -5 -7 -7 -7    2   0   3   1   0   0   2  89   0   0   0   0   0   2   0   0   0   0   0   0  2.33 0.79
   32 M   -1 -6 -6 -7 -5 -6 -6 -7 -4  0  0 -6  1  7 -7 -5 -5  4  4 -1    6   0   0   0   0   0   0   0   0   5   8   0   4  54   0   0   0   6  14   4  1.61 0.63
   33 D   -1 -1  0  7 -7 -2  1 -3  0 -7 -7 -2 -6 -2 -5 -1 -1 -7 -2 -6    6   3   3  64   0   1   7   2   2   0   0   2   0   2   0   4   4   0   1   0  1.49 0.66
   34 S    2  0 -3 -3 -1 -3 -3  1  1 -3 -2 -3 -2  1 -4  4  0 -1  1 -2   17   5   0   1   1   0   0  11   4   1   3   0   1   6   0  36   4   1   6   3  0.54 0.39
   35 A    1 -5 -5 -5  0 -4 -3 -1 -5  2  2 -4 -1  2 -2 -1 -2 -4 -3  3   14   0   0   0   2   0   1   4   0  14  20   0   0  12   2   5   1   0   0  25  0.47 0.31
   36 T   -1 -5 -5 -4  1 -1 -4 -1 -2 -3 -2 -4  1  2 -5 -1  1  9  0  1    6   0   0   1   3   3   1   4   1   1   3   1   4   9   0   4  10  37   2   9  1.29 0.56
   37 V    0 -1 -4 -4  1 -3 -4 -3  0  2  1 -3  1  0 -2  0  2 -4 -2  3    7   3   0   0   3   0   0   1   3  12  15   0   3   4   2   6  13   0   1  26  0.36 0.25
   38 S    1 -3  0 -1  0 -1  0  1  0 -2 -3 -3  0 -1  2  3  0  3 -1 -2   11   0   3   2   2   2   6  13   3   3   2   0   2   3  11  24   5   5   2   2  0.32 0.26
   39 D   -5 -5  1  7 -7  0  2 -2  1 -7 -7 -4 -6 -7 -5 -2 -4 -7 -6 -6    0   0   5  65   0   4  15   3   3   0   0   0   0   0   0   2   0   0   0   0  1.83 0.76
   40 H   -2 -1 -2 -5 -1 -2 -4 -2  9 -6 -4 -4  0 -1 -6  0 -5  2  0 -2    2   3   2   0   2   1   0   4  63   0   2   0   3   3   0   8   0   3   3   3  2.04 0.93
   41 F   -3 -4 -4 -1  0 -1 -4 -5  1  0  2 -4  1  5 -1 -2 -1  2  3  0    1   0   0   3   2   2   0   1   3   4  24   0   3  27   3   3   3   3  11   6  0.61 0.36
   42 Q    0  0  0  0 -3  2 -1  0  2  0  0 -1  1  0 -1  0 -1  1  0  0    6   6   4   4   0  12   3   6   6   4   9   2   5   5   2   9   3   2   4  10  0.06 0.10
   43 P    0  0  0 -1 -3  0 -1 -1 -2 -1 -1  0  1  0  4  0  0 -3  1  0    9   6   6   3   0   5   3   5   0   4   4   4   4   4  21   5   5   0   5   6  0.26 0.19
   44 W    0  0  0  0 -3 -2 -2  0  2  0  0 -2  1  1  1  0  0  3  1  0    6   6   6   6   0   0   0   6   6   6   6   0   6   6   6   6   6   6   6   6  0.10 0.13
   45 R   -1  2  0  0 -3  0 -1  0  0 -2  0  0  0 -1  2  1 -1  2 -1 -1    4  15   4   7   0   4   3   9   3   2   8   5   3   2   9  11   3   3   2   4  0.14 0.14
   46 H    0  1 -1  2 -4  0  0 -1  3 -1 -2 -1  1  0  1 -1  1 -1 -1 -1    7   8   2  12   0   3   7   4  10   4   4   2   4   4   8   4   8   1   2   5  0.17 0.16
   47 E    0  0  0  2 -1  0  2 -2  0 -2 -3 -1 -1 -1  2  1  0  0 -1 -2    6   6   4  12   2   3  16   3   2   2   2   3   2   3  11  12   7   1   2   2  0.24 0.20
   48 G   -1 -1  1  1 -4  1 -1  3  0 -2 -2 -1 -3  0  1  0 -1  2  0 -2    5   3   6   7   0   8   4  25   2   2   4   3   0   3   7   5   4   3   4   3  0.23 0.19
   49 G    0  0 -1  0 -4 -1 -1  3  1 -2 -1 -1  1 -1 -2  0  0  1 -1 -1    9   4   2   5   0   2   4  30   3   2   6   3   5   2   2   5   5   2   2   6  0.24 0.19
   50 H    0  0  0  1 -4  1  1 -1  5 -3 -2 -1 -3  0  0 -1  0  1  2 -2    7   4   5   9   0   5   9   4  19   1   4   2   0   5   5   3   5   2   9   3  0.34 0.27
   51 A    1  0  0  0  1  0  0  0 -1 -3 -1 -2  1 -3  0  2  1  1 -1 -1   13   7   4   6   3   4   6   6   2   0   5   0   4   0   5  18   8   2   2   5  0.15 0.18
   52 P   -1 -1 -1  0  1 -3 -1  0  0 -1 -2 -2  0 -1  5 -1  0  2  0 -1    5   4   3   4   3   0   4   9   2   5   4   2   2   3  32   4   5   3   3   3  0.52 0.34
   53 F   -1 -3  0  0  0  0  0 -2  0 -1 -1 -3  0  4  1 -1  0  3  2 -1    5   0   4   6   3   4   7   3   2   2   7   0   2  21   6   4   5   5   8   3  0.27 0.23
   54 S    0  0  0 -3  2  1  0 -3  2  0  0 -2  1  1  1  0  0  3  1  0    6   6   6   0   6   6   6   0   6   6   6   0   6   6   6   6   6   6   6   6  0.12 0.15
   55 L   -2 -3 -3 -1 -2 -4  0 -4 -4  1  3 -4  2  1 -5 -3 -1  7  1  0    4   1   1   4   1   0   6   1   0   8  32   0   4   5   0   1   4  21   4   4  0.74 0.38
   56 A    3 -3 -3 -3  0 -3 -1 -1 -4  0  0 -3 -1 -4  2  3  2 -5 -4  1   24   0   0   0   2   0   3   3   0   4   7   0   1   0   9  24  11   0   0  11  0.43 0.30
   57 W    1 -1 -4 -5  0 -2 -4 -2 -4 -1  0 -3  1 -1 -3 -2  2  8  1  1   13   4   0   0   2   2   0   2   0   3   9   1   4   1   1   2  12  27   4  11  0.80 0.39
   58 M   -2 -5 -2 -6 -4 -3 -5 -6 -2  1  5 -5  4 -1 -5 -1  0 -5 -2 -1    2   0   2   0   0   1   0   0   1   9  57   0  11   2   0   4   7   0   1   2  0.96 0.48
   59 T    3 -4 -3 -4 -4 -1 -1  3 -4 -2 -2 -3 -1 -5 -2  2  3 -6 -5 -2   24   0   0   0   0   2   3  21   0   2   5   0   2   0   1  14  24   0   0   1  0.65 0.41
   60 A    5 -1 -4 -5 -4 -2 -3 -1 -1 -1  0 -3 -2 -1 -1 -1 -1  1  0 -1   57   4   0   0   0   1   1   3   1   3   7   1   1   3   2   3   3   2   3   4  0.73 0.46
   61 V    2 -4 -4 -4 -1  0 -4 -2 -4  3  2 -3  1 -2 -4 -2  0 -4 -1  3   21   0   0   0   1   4   0   2   0  16  21   0   3   1   0   1   6   0   2  20  0.45 0.29
   62 G    4 -3 -2 -4 -1 -3 -3  1 -1 -1 -1 -3 -1 -2 -2  0  0 -4 -1 -2   51   0   2   0   1   0   1  12   1   3   7   0   2   1   1   7   6   0   3   2  0.65 0.38
   63 E    2  0 -1 -2  0  2  2 -1  0 -1 -1 -2  0 -2 -1  0  0 -4 -1 -1   19   5   2   1   3  12  16   5   3   3   6   0   2   1   3   6   5   0   2   5  0.19 0.19
   64 R    2  4  0 -2  1  0  0 -2  2 -1 -2  0 -1 -3 -3 -1 -1 -4 -1  0   17  27   4   2   4   3   6   2   5   4   4   5   1   0   0   3   4   0   2   8  0.32 0.24
   65 T   -1 -5 -4 -2 -5 -4 -4 -5 -5  0 -1 -4 -4 -1  0  0  6 -6 -5  0    3   0   0   3   0   0   0   0   0   5   5   0   0   3   5   4  65   0   0   7  1.33 0.67
   66 K   -1  2  0  0  0  1  2 -1  0 -2 -2  2 -3 -4 -1  1  1 -4 -3 -2    3  13   3   6   3   4  15   4   2   2   5  13   0   0   3  13  10   0   0   2  0.27 0.21
   67 N   -1  3  1  0  0  0 -1  0  1 -2 -1  2 -2 -4 -1  1  1 -4 -3 -2    3  21   7   5   2   3   3   7   3   3   5  11   0   0   3   9  11   0   0   2  0.26 0.20
   68 L    0 -1 -4 -4 -3  0 -1 -4  0  3  2 -1  2 -2 -4 -3 -1 -4 -3  2    7   4   0   0   0   4   5   0   3  25  23   4   6   0   0   0   3   0   0  14  0.42 0.28
   69 V    0  3  0  0 -3  0  0 -1  0 -1  0  0  0 -1  0  0  0 -4 -1  0    6  20   5   4   0   4   4   4   2   2  11   5   2   2   5   9   5   0   2   7  0.14 0.13
   70 L   -3 -5 -5 -6 -4 -4 -5 -4 -5  2  4 -5  2  3 -3 -3 -2 -1 -2  2    1   0   0   0   0   0   0   1   0  10  52   0   6  11   1   1   1   1   0  14  0.87 0.40
   71 G    0 -4 -2 -4 -3 -4 -4  6 -5 -3 -2 -4 -1 -2 -5 -1 -1 -6 -3 -3    8   1   1   0   1   0   0  72   0   2   3   0   1   1   0   2   4   0   1   2  1.38 0.54
   72 T   -1 -4 -1 -4  1 -2 -3 -3 -1 -1 -1 -3 -1 -3  0  1  5 -5 -4 -1    4   0   3   0   4   2   0   1   2   4   4   0   2   1   4  11  56   0   0   4  0.89 0.48
   73 S    1 -1  1 -1  0 -2 -2  2 -2 -1  0 -2  2 -2 -2  2  0 -1 -1 -1   13   3   6   3   3   0   0  18   1   3   8   0   9   1   2  18   4   1   2   4  0.18 0.16
   74 V   -1 -5 -5 -6 -4 -4 -5 -5  0  3 -1 -5  1 -3 -5 -4 -1 -5 -2  6    5   0   0   0   0   0   0   0   3  13   4   0   3   0   0   0   3   0   1  66  1.20 0.52
   75 L    0 -3 -1 -3 -1 -1 -3 -3 -3  1  2 -3  1  1 -2 -1  2 -1 -1  2    8   0   2   0   1   2   1   1   0   8  25   0   4   6   1   3  19   1   2  14  0.27 0.19
   76 T    0 -3  1 -2  5 -1 -2 -1 -2  1 -1 -2  0 -3  1  1  1 -1 -3  1    8   0   7   2  15   2   2   4   1  10   6   1   2   0   8  12   8   1   0  11  0.23 0.17
   77 P    1 -3  1 -1 -3 -1 -2 -2 -3  0  1 -1  0 -3  5 -1 -1 -4 -3  0   12   1   8   4   0   2   2   2   0   4  17   2   2   0  30   3   3   0   0   9  0.51 0.23
   78 T    0 -3 -1 -1 -1 -2 -2  1 -3  0  1 -2  0 -2  3  1  1 -4 -3  1    9   0   2   4   1   0   0  11   0   6  13   0   2   1  18   9  12   0   0   9  0.29 0.17
   79 F   -2 -2 -2 -4 -4  1 -2 -3  1 -1  1 -3  1  4  0 -2  0  2  4 -1    3   1   1   0   0   7   3   2   4   2  18   0   3  20   5   2   6   2  19   3  0.40 0.23
   80 R   -2  6  0 -3 -4  0 -1 -2  0 -4 -3  0 -3 -4  0 -1  0 -4 -4 -4    3  62   4   0   0   3   2   3   2   0   3   3   0   0   4   3   5   0   0   1  1.12 0.44
   81 Y   -1  3 -2 -3  0  0 -2 -3  5  0 -1 -1  0  0 -2 -2 -1  2  4 -1    5  18   1   1   2   3   1   2  23   6   5   1   2   2   1   1   3   3  16   4  0.51 0.23
   82 N    0  1  2  0 -4  2  0 -1  3 -3 -2 -1 -3 -4  4  0  0 -4 -3 -3    6   8  11   4   0  10   3   3  10   0   4   0   0   0  27   7   5   0   0   0  0.57 0.20
   83 P    0 -4 -5 -5 -5 -4 -4 -5 -5  0 -4 -4 -4 -5  7 -3  0 -7 -5  0    7   0   0   0   0   0   0   0   0   7   0   0   0   0  72   0   7   0   0   7  2.06 0.54
   84 A    3 -3 -2 -3 -2 -1 -2  0  0  0  0 -2  1  1 -1  0  1  2  0  0   35   0   0   0   0   3   0   7   3   5   8   0   4   6   3   3  10   3   2   7  0.23 0.16
   85 V   -1  0 -3 -2 -3 -1 -2 -4 -1  2  2 -2  1 -1 -2 -2 -1 -1  0  3    5   5   1   2   0   3   2   0   2   9  27   2   3   1   2   3   4   1   3  28  0.32 0.20
   86 I   -1 -3 -4 -5 -3 -4 -4 -5  0  2  4 -4  2  0 -5 -2  1 -4 -3  2    5   1   0   0   0   0   0   0   2  12  43   0   5   2   0   1   9   0   0  18  0.67 0.31
   87 A    6 -4 -5 -5 -4 -4 -4 -3 -5 -4 -3 -1 -4 -5 -4  0 -1 -6 -5 -1   86   0   0   0   0   0   0   0   0   0   2   4   0   0   0   4   2   0   0   3  1.67 0.67
   88 Q   -1  2  0 -3 -5  4  1 -4  1 -2 -2  3  1 -4 -4 -1 -1  1  0 -2    5   8   4   0   0  26   8   0   4   3   3  23   3   0   0   3   2   2   4   2  0.57 0.36
   89 A    2 -1  0  1 -3  2  1 -2  0  0 -2 -1  1 -3 -3  1  1 -4 -1 -1   22   3   3   8   0  10  10   2   2   7   3   3   4   0   0  11   8   0   2   4  0.22 0.20
   90 F    3 -4 -4 -4  0 -3 -4 -2 -4  1  0 -3  1  2 -3 -1  0  1  0  2   37   0   0   0   2   0   0   3   0   8   7   0   5   9   0   2   6   2   3  15  0.45 0.32
   91 A    5  0 -1 -2 -4 -1 -2 -1  0 -3 -1 -3  0 -4 -1  0 -1  1 -1 -1   56   4   3   1   0   2   2   3   3   0   5   0   2   0   2   4   3   2   2   4  0.65 0.43
   92 T   -1 -4 -1  1  0  0 -2 -3  0 -3 -3 -3  0 -5 -4  1  5 -6 -4  0    4   0   2   7   2   4   2   2   3   0   2   0   3   0   0  11  55   0   0   5  0.93 0.53
   93 M    0 -4 -4 -5  0 -3 -4 -5 -4  2  4 -4  3 -2 -4 -2 -1 -4 -3  2    6   0   0   0   2   0   0   0   0  13  52   0  11   0   0   2   3   0   0  11  0.73 0.28
   94 G    3 -2  0  5  0  1  0  0 -1 -4 -5 -2 -4 -5 -3  0 -2 -1 -4 -3   33   2   2  39   2   7   2   5   2   0   0   0   0   0   0   5   0   1   0   0  0.77 0.32
   95 C    1  1  0  0  2  0  1 -2  2  0  0 -1  0 -1 -3  0  0 -3  0  1   14   8   3   4   6   5  10   2   7   5   9   0   1   1   0   5   4   0   4  11  0.07 0.08
   96 L   -1 -4 -4 -5 -1 -1 -4 -5 -1  2  3 -3  5  2 -2 -3 -2 -3  0  0    3   0   0   0   1   3   0   0   2  11  41   0  23   7   1   0   1   0   2   2  0.66 0.28
   97 Y    1 -3  0 -3  0 -2 -2 -2  1 -2 -1 -2 -1  1 -3  4  2 -3  3 -2   10   0   3   0   2   0   0   1   3   1   4   0   2   8   0  38  12   0  15   0  0.49 0.26
   98 P   -1 -1  0  1 -5  0  0  3 -3 -5 -3  0 -4 -5  5 -1 -2 -5 -2 -4    2   4   5   9   0   3   4  25   0   0   2   5   0   0  37   2   1   0   2   0  0.91 0.28
   99 G    1  0  1  0  1  0 -1  4 -2 -4 -4  0 -3 -4 -3  1 -2 -5 -4 -3   14   6   5   4   3   4   4  48   0   0   0   3   0   0   0   8   0   0   0   0  0.65 0.19
  100 R   -2  6  0 -2 -5 -1  1 -1 -2 -5 -4  1 -3 -5  2 -2  0 -5 -4 -4    0  61   5   0   0   0   7   5   0   0   0   5   0   0  10   0   6   0   0   0  1.04 0.31
  101 I    0 -3 -3 -4 -3 -3 -3 -4  1  1  1 -3  1  4  1 -1 -1 -2  2  1    6   0   0   0   0   0   0   0   4   6  17   0   4  27   7   3   3   0   9  14  0.37 0.14
  102 F   -1 -1 -1  1  0  0  1 -2  0  1 -1 -1  0  1 -4  0  0  4  0  0    3   4   3   9   3   3  12   3   3  11   6   3   3   7   0   8   6   8   3   5  0.16 0.14
  103 L   -1 -6 -6 -7  2 -5 -6 -7  1  0  4 -6  2  2  0 -1 -1  3 -4  0    5   0   0   0   4   0   0   0   4   5  43   0   5   8   5   5   4   4   0   7  0.77 0.40
  104 G    0 -4 -3 -4  1 -4 -2  6 -4 -4 -3 -4 -4  1 -4 -1 -1 -5 -4 -1    6   0   0   0   4   0   2  67   0   0   2   0   0   7   0   3   4   0   0   4  1.15 0.35
  105 V   -1 -4 -5 -5 -3 -4 -4 -5 -4  3  3 -4  1  2 -4 -3 -1  2 -2  3    3   0   0   0   0   0   0   0   0  16  31   0   2  12   0   0   2   4   0  30  0.69 0.24
  106 G    0 -4 -3 -3  1 -4 -1  6 -4 -6 -6 -4 -5 -6 -5 -1 -3 -6 -6 -5    8   0   0   0   3   0   5  79   0   0   0   0   0   0   0   5   0   0   0   0  1.63 0.43
  107 T    2 -1 -2 -3 -2 -1 -2 -2  0  0 -1 -2  0 -3  1  2  2 -4 -1  1   24   4   0   0   0   2   0   0   3   5   5   0   2   0   7  14  18   0   2  14  0.31 0.17
  108 G   -1 -4 -3 -3 -5 -4 -4  6  0 -2 -5 -4 -4 -5 -4 -1 -3 -5 -5 -4    3   0   0   0   0   0   0  83   3   3   0   0   0   0   0   4   0   0   0   0  1.70 0.42
  109 E   -1  0 -1  0 -4  1  3 -1  1 -2 -1 -2  2 -2 -2 -1 -1  6  0 -1    4   5   3   4   0   7  24   5   3   1   5   1   8   1   2   3   4  13   4   4  0.37 0.18
  110 A    2  1  0 -1 -3  1 -1  0  0 -2 -2  0  0 -1  1  1 -1  1 -1 -1   21   9   5   3   0   5   2   7   3   2   4   6   4   2   7   8   3   2   2   4  0.15 0.11
  111 L   -1  1 -1  0  1  1  0 -1  0 -1 -1  0  2  0  2 -1 -1  2  0 -1    5   7   3   5   3   6   7   4   3   4   7   5   6   4  11   3   4   3   3   5  0.09 0.11
  112 N   -1  1  3  2 -6 -4  1 -1  2 -1 -2 -1 -5 -1  1 -1  0  4 -5 -1    6   9  14  10   0   0  10   5   4   4   4   4   0   3   6   5   5   6   0   4  0.33 0.26
  113 E   -2 -1 -1  0 -6 -1  6 -3  1 -3 -1 -1 -2 -4 -1 -2 -3 -1 -4 -4    3   3   2   4   0   1  60   2   3   1   6   2   1   1   3   2   2   1   1   1  1.20 0.64
  114 I   -1 -1 -2  0 -2  0  0 -1  3  2  0 -2 -1  2 -3 -1  0  0  1  1    5   3   1   6   1   3   5   4  10  13   7   2   1  12   1   4   4   2   5  11  0.15 0.13
  115 A    3 -2 -2 -2 -1 -1  1 -2  0  1 -1 -2  0 -1  2 -1 -1 -1 -2  1   25   1   1   2   1   3  12   3   3  10   4   1   3   3  11   4   3   1   1   9  0.27 0.22
  116 T    1  0 -1 -1 -1  0  0 -2  0 -1  0 -1  1  0 -1  0  2  0  1  0   13   6   2   3   1   3   7   3   3   2  11   2   4   5   2   5  14   1   6   8  0.07 0.10
  117 G    1  0 -1  0 -2 -1  0  5 -1 -2 -2 -2 -2 -4 -2 -1 -2 -4 -2 -3   14   6   2   5   1   3   5  43   1   2   4   2   1   1   2   3   2   0   1   2  0.62 0.33
  118 Y   -1 -1 -1 -3 -3 -1 -1 -1  1  1  0 -2  0  4 -2 -2 -2  4  4  0    4   3   3   1   0   2   3   5   3   8  10   2   3  18   2   2   2   5  17   6  0.40 0.23
  119 A    1 -1 -1 -1 -1 -1  0  3  1 -2 -1 -1  0 -1  0  0  0 -3 -1 -1   15   3   3   4   1   2   6  22   4   2   6   3   2   2   5   8   6   0   2   4  0.18 0.13
  120 G    2 -2 -1  0 -3 -1 -1  3 -2  0 -1 -2  0  0 -1 -1 -1  2  0 -1   17   2   3   6   0   2   3  26   1   7   6   2   2   5   2   2   3   3   3   4  0.23 0.15
  121 E    0  1  0  1  0  0  2 -1  0 -1 -1  0  0 -1  3  0 -1 -3 -2 -1    8   7   3  10   2   5  14   4   2   3   6   4   2   3  14   4   4   0   1   5  0.19 0.11
  122 W   -2 -1 -2 -1 -4 -1 -2  1 -1 -2 -1 -1 -1  2 -1 -1 -2  8  0 -1    3   4   2   3   0   2   3  11   2   2   6   3   2  10   3   4   3  30   2   4  0.81 0.34
  123 P   -1 -1 -1 -2 -4 -2 -2 -1 -1 -1 -1 -2 -1 -3  6 -1 -2 -4 -3  0    4   3   3   2   0   2   2   5   2   4   5   2   2   1  48   5   2   0   1   7  1.02 0.40
  124 E   -1 -1  0  2 -3 -1  3 -1 -1 -3 -3 -1 -3 -3  3  2  1 -4 -3 -2    5   3   4  13   0   2  20   4   1   2   2   3   0   1  15  14   8   0   1   2  0.42 0.23
  125 F    0  0 -1 -2 -3 -1 -2 -1  0  0  0  0  0  3  2 -1  0  0  2  0    8   4   2   2   0   2   1   4   3   3   8   6   3  18  10   3   4   1   8   9  0.17 0.12
  126 K    1  2 -1  1 -3  0  1  1 -1 -2 -3  2 -1 -3  0  1  0 -4 -3 -2   13  13   2   9   0   3  10  10   1   2   2  11   2   1   5   8   5   0   0   1  0.24 0.16
  127 E   -1  1 -1  1 -4  1  3 -1  1 -2 -3  1 -1 -2 -1  0  0 -4 -3  0    4   9   2   8   0   5  28   4   3   2   1   8   2   1   2   6   7   0   0   8  0.32 0.19
  128 R   -2  7 -2 -4 -1  0 -3 -5 -3 -3 -2  1 -4 -5  2 -2 -4 -5 -5 -5    3  67   1   0   1   3   0   0   0   1   3   5   0   0  10   2   0   0   0   0  1.53 0.60
  129 F    0 -1 -1 -2 -3 -1 -3  2  0  1  1 -2  1  1 -4 -2 -1 -1  0  2    6   3   3   2   0   3   0  19   3  10  17   2   4   7   0   1   2   1   4  16  0.18 0.14
  130 A    3  2 -1  1 -4  1  1  0 -3 -4 -3 -1 -3 -4  0  0  0 -5 -4 -2   34  12   2   9   0   7  10   6   0   0   2   3   0   0   3   6   5   0   0   1  0.43 0.27
  131 R   -1  6 -3 -1 -5  0 -1 -4  0 -2 -2  1  4 -5 -4 -2 -2 -1 -4 -1    6  52   0   4   0   2   3   1   2   2   3   5  12   0   0   1   2   1   0   4  1.00 0.47
  132 L   -1 -4 -4 -5 -4 -4 -4 -3 -4  0  4 -4  3  2 -5 -1  2 -4  0 -1    5   0   0   0   0   0   0   1   0   2  52   0   8   9   0   4  12   0   4   3  0.75 0.38
  133 R    0  3 -1  3 -5  0  3 -3 -1 -2 -2  0 -3 -3 -4 -2  0 -5 -3 -1    9  20   2  18   0   2  26   1   1   3   3   3   0   1   0   0   6   0   1   4  0.53 0.31
  134 E   -2 -1 -4  1 -8  0  7 -2 -1 -7 -7 -3 -6 -7 -5 -2 -4 -7 -6 -6    3   3   0   7   0   2  80   2   1   0   0   0   0   0   0   2   0   0   0   0  1.94 0.76
  135 S    3 -2 -3 -2  1  0 -3  1 -1 -3 -2 -3  0 -1 -1  1  1  0  3 -2   33   2   0   2   3   5   0  10   1   1   2   0   2   3   2  10  11   1  11   1  0.38 0.28
  136 V   -1 -5 -5 -6  0 -5 -5 -6 -5  4  3 -5  1 -3 -5 -2 -2 -5 -4  4    5   0   0   0   2   0   0   0   0  26  29   0   3   0   0   2   2   0   0  30  0.91 0.40
  137 R    0  3  0  2 -5  2  3 -1  0 -3 -3  1 -3 -5 -2 -2  1 -5 -4 -2    7  18   3   9   0   8  26   5   3   2   2   6   0   0   1   1   8   0   0   2  0.48 0.28
  138 L    1 -2 -3 -5 -3 -4 -5 -4 -5  4  3 -4  1 -1 -5 -3 -1 -5 -4  3   11   2   1   0   0   0   0   1   0  29  25   0   4   1   0   0   4   0   0  23  0.70 0.34
  139 M   -1 -4 -4 -5  1 -4 -4 -5 -4  4  2 -4  3  1 -4 -2 -1 -3  0  2    5   0   0   0   3   0   0   0   0  36  19   0  10   5   0   3   3   0   3  11  0.64 0.31
  140 R   -1  5  0  1 -4  1 -2 -2  1 -2 -2  2 -3 -4 -3 -1  0  1 -1 -1    4  39   3   7   0   5   0   2   3   3   3  13   0   0   0   2   7   3   2   4  0.59 0.32
  141 E    2  2  0 -1 -3  1  0  0  1 -1 -1  1  0 -3 -1  0  0 -4 -3 -1   21  14   5   3   0   7   7   7   4   3   7   6   2   0   2   3   5   0   0   2  0.18 0.14
  142 L   -1 -4 -1 -5  2 -1 -5 -3 -5  0  4 -4  2  1 -2 -4 -3  2 -3  0    6   0   3   0   5   3   0   2   0   4  57   0   4   5   2   0   0   4   0   6  0.74 0.39
  143 W   -3 -5 -5 -6  2 -4 -2 -3  0  0  2 -5  1  2 -6 -5 -2  9  0 -3    2   0   0   0   5   0   3   2   2   5  19   0   4   7   0   0   2  46   2   0  1.67 0.60
  144 L    1  1  0  0 -1  0  0 -1  0 -2 -2  0 -3 -4 -3  2  3 -1 -4 -1    9   9   4   4   1   4   6   5   2   1   4   4   0   0   0  18  25   1   0   4  0.32 0.25
  145 G   -1 -2 -1  0 -6  1  2  5  0 -6 -4 -1 -2 -6 -2  0 -1 -6 -5 -5    3   2   2   6   0   6  12  53   2   0   1   2   1   0   2   5   3   0   0   0  0.93 0.45
  146 D   -1  0 -1  3 -6  1  4  2 -1 -5 -5  0 -4 -6 -1 -1 -2 -6 -5 -4    3   4   2  20   0   5  38  15   1   0   0   4   0   0   3   3   1   0   0   1  0.82 0.43
  147 R   -1  2 -1 -1 -2  0  1 -1  0 -2 -2  1 -1 -1  3  0  1  2 -1 -2    4  16   3   4   1   4   9   4   2   1   2   9   2   3  13   4  12   4   3   3  0.27 0.19
  148 V    0  0 -2 -3  2  1 -2 -1  2  0  0  0  1  1  1  0  0  3  1  0    6   6   0   0   6   6   0   6   6   6   6   6   6   6   6   6   6   6   6   6  0.11 0.14
  149 D    0 -1  1  3 -4 -2  1 -2 -1 -3 -5 -3 -4 -5 -1  3  3 -6 -2 -3    9   2   5  22   0   0   8   1   2   1   0   0   0   0   3  23  22   0   1   1  0.63 0.39
  150 F   -3 -1 -4 -5 -5 -2 -3 -4  5 -2 -2 -4  1  5 -6 -3 -1  2  5  0    2   3   0   0   0   2   2   1  15   2   2   0   4  31   0   1   4   3  21   8  1.00 0.49
  151 D    0  1  1  4 -5  0  3 -3  3 -3 -4  0 -4 -3 -2 -1  0 -5  0 -2    6   9   4  25   0   4  19   1   9   1   0   5   0   1   2   4   5   0   4   3  0.51 0.30
  152 G   -1 -5  0 -2 -6 -4 -5  6 -5 -6 -6 -4 -5 -5 -5  0 -2 -6 -1 -6    4   0   4   2   0   0   0  77   0   0   0   0   0   0   0   6   2   0   2   0  1.75 0.68
  153 E    0  3 -1  1 -5  1  3 -1 -1 -4 -4  2 -2 -5  1 -1  0 -5 -4 -3    8  19   2   8   0   4  26   4   1   0   0  10   1   0   8   2   4   0   0   2  0.53 0.31
  154 Y   -3  0 -2 -4 -5 -2 -2 -2  5 -2 -2 -1 -3  4 -1 -2 -2  4  5 -2    1   5   1   0   0   1   2   3  16   2   2   4   0  20   3   3   2   6  24   3  0.80 0.41
  155 Y   -4 -3 -5 -5 -5 -4 -3 -6  4  0 -1 -4  0  5 -2 -3 -2  3  6  0    0   1   0   0   0   0   2   0  11   4   6   0   2  26   3   1   3   3  30   6  1.08 0.50
  156 R    0  3  0  0 -1  2  0 -2  1 -2 -2  0 -3 -4 -1  1  1 -4 -3 -2    8  24   3   6   1  11   5   3   3   1   3   5   0   0   3   9  12   0   0   2  0.35 0.24
  157 T   -1 -4 -3 -2 -1 -3 -4 -5  0  1  3 -4  1  2 -4 -2  2  1  0  3    4   0   1   2   1   0   0   0   2   7  27   0   3   8   0   1  12   2   3  24  0.45 0.29
  158 K   -1  2  1  2 -5  2  2 -2  2 -3 -3  2 -3 -3 -1  0  0 -5 -3 -2    5  11   6  13   0   8  17   3   5   1   2  11   0   1   3   6   6   0   0   2  0.36 0.23
  159 G   -1  0  2  3 -5 -1  1  3  0 -5 -3 -1 -2 -2  0 -1 -2  1 -4 -4    5   6   8  18   0   1  10  29   3   0   2   2   1   2   4   3   2   2   0   1  0.49 0.29
  160 A    4 -2 -2 -4  0 -1 -3 -1 -4 -1 -1 -2  0  1 -1  0 -1 -4 -2  1   50   1   1   0   2   3   0   5   0   3   4   1   2   8   2   5   3   0   1   9  0.57 0.39
  161 S    0  3  0 -1 -1  1  0 -1  1 -2 -2  2 -1 -1  0  0  0 -2  0 -1    5  21   3   2   1   5   6   5   4   2   2  13   1   2   4   8   7   1   4   5  0.21 0.17
  162 I   -1 -3 -4 -5  2 -2 -4 -3 -4  2  3 -4  1  2  1 -1 -1 -4 -2  1    3   1   0   0   5   1   0   2   0  13  34   0   3  10   7   4   3   0   0  10  0.43 0.27
  163 Y   -1  0  0 -1 -3 -1  0 -2  2 -2 -1 -2 -2  2 -1 -2  0  4  5 -2    6   7   4   3   0   2   7   3   5   2   7   2   0   9   3   2   5   7  24   1  0.41 0.28
  164 D   -1 -2  0  1 -1 -1 -1 -3 -1 -1 -2 -3 -4  0  5  0  2 -5 -3 -3    3   2   4  10   1   3   3   2   2   4   4   1   0   5  35   6  13   0   1   1  0.73 0.40
  165 V   -1  2 -3 -2 -2  0 -1 -2 -1  0  1  2  0 -3  1 -1 -1 -4 -2  1    5  15   0   1   1   2   4   2   1   5  16  16   3   0   8   4   4   0   1  11  0.24 0.21
  166 P   -1 -3 -6 -4 -2 -1 -5 -3 -6 -3 -5 -5 -3 -7  8 -3 -2 -7 -7 -3    5   2   0   1   1   3   0   2   0   1   1   0   1   0  77   1   3   0   0   2  2.37 0.96
  167 E    0  2 -1  1 -4  2  3 -2  1 -4 -2  1 -3 -3  2  0 -1 -5 -2 -2   10  12   1   9   0   9  19   2   4   0   3   8   0   1   9   5   3   0   1   3  0.35 0.24
  168 G    0  2  0 -1 -4  1  1  2  1 -2 -3  0 -2 -4  3  0  1 -4 -2 -2    7  11   5   3   0   8   8  16   3   2   2   4   1   0  13   6   8   0   1   3  0.28 0.19
  169 G   -1  2 -1  0 -2  0  0  1  3 -4 -2  0 -1 -4  4  0 -1 -5 -3 -3    4  12   1   6   1   4   5  12   7   0   3   4   1   0  26   5   3   0   1   2  0.53 0.29
  170 I   -2 -4 -5 -3 -5 -5 -5 -6 -5  4 -1 -5 -2 -2  5 -3 -2 -2 -3  3    3   1   0   1   0   0   0   0   0  26   5   0   1   1  32   2   2   1   1  25  1.11 0.52
  171 P   -3  0 -6 -2 -7 -2 -3 -3 -3 -7 -4 -2 -6 -7  8 -3 -4 -8 -7 -5    1   5   0   2   0   2   2   3   0   0   2   2   0   0  79   1   1   0   0   1  2.43 0.93
  172 V   -3 -6 -4 -7 -4 -6 -6 -7 -6  6  2 -6  1 -2 -1 -5 -4 -5 -2  3    1   0   1   0   0   0   0   0   0  50  16   0   4   1   3   0   0   0   1  24  1.30 0.57
  173 Y   -3 -4 -5 -6 -5 -3 -4 -4  1  1  1 -5  2  1 -2 -3 -3  8  5  0    2   1   0   0   0   1   1   2   3   7  13   0   5   6   2   1   1  25  23   8  1.18 0.52
  174 I   -3 -5 -6 -6 -1 -5 -6 -1 -2  5  2 -5  1  0 -6 -5 -2 -5 -3  4    1   0   0   0   1   0   0   5   1  35  16   0   3   4   0   0   1   0   1  32  0.97 0.47
  175 A    4 -5 -4 -5 -5 -4 -4  4 -5 -3 -4 -4 -1 -6 -4  1 -3 -1 -6 -4   45   0   0   0   0   0   0  40   0   1   1   0   2   0   0   9   1   1   0   0  1.28 0.62
  176 A    5 -5 -3 -5 -4 -4 -3  4 -5 -2 -5 -4 -4 -5 -4  0 -1 -6 -5  0   50   0   1   0   0   0   1  31   0   2   0   0   0   0   0   6   2   0   0   7  1.16 0.58
  177 G   -1 -1  1 -2 -4  0 -1  2  2 -1  0 -1  0  1 -3  1  0 -2  0  0    4   4  10   1   0   3   2  20   7   4   9   2   3   6   0   9   6   1   3   7  0.15 0.14
  178 G   -1 -1  1 -4 -5 -3 -3  5 -2 -5 -6 -2 -5 -4 -3  2  0 -1 -5 -3    4   3   6   0   0   1   1  54   1   1   0   2   0   1   1  17   6   1   0   2  1.06 0.52
  179 P   -1  1 -2  0 -3 -1  1 -4  0 -4 -5  1 -5 -6  6 -2 -1 -7 -6 -3    5   6   1   6   1   2   8   1   2   1   1   9   0   0  50   2   3   0   0   1  1.28 0.57
  180 V    1  3 -1 -3 -4  1  0 -1 -1 -2 -1  3  0 -2  0 -1 -1 -5 -2 -1   16  21   3   0   0   6   4   3   1   2   5  19   2   1   5   2   2   0   1   5  0.36 0.26
  181 V    2 -3 -1 -2 -3 -2 -2 -1 -3  0 -1  0  4  0 -1  1  2 -4 -3  0   19   0   2   2   0   0   2   5   0   4   5   5  15   4   3  13  15   0   0   7  0.29 0.27
  182 A    3 -1 -3 -1 -1 -1  0 -2 -1  0  1 -3  0 -1 -2 -1 -1  0 -2  0   39   3   0   3   1   2   6   1   1   5  19   0   2   2   1   2   4   1   1   5  0.33 0.28
  183 K    0  4 -3 -2 -5  0  1  0  0 -5 -3  3  0 -5  0 -1 -1 -5 -1 -4   10  33   0   2   0   3  10   6   3   0   2  16   2   0   5   3   3   0   3   0  0.60 0.37
  184 Y   -1  3 -1 -4 -1 -1 -2 -4 -1  0  2 -1  1  1 -4 -1 -2  3  1  1    5  17   3   0   1   2   2   0   1   4  28   2   2   8   0   4   1   5   5   9  0.30 0.23
  185 A    4  0 -4 -5  1 -3 -4 -2 -4  0 -1 -3  1 -4 -4  0  1 -5  0  1   49   5   0   0   3   0   0   2   0   4   4   0   4   0   0   6   8   0   4  11  0.67 0.44
  186 G    3  0 -1 -4 -4 -3 -2  5 -4 -5 -3 -3 -4 -5 -2 -1 -2  0 -5 -4   31   5   3   0   0   0   2  48   0   0   2   0   0   0   2   4   2   2   0   0  1.01 0.48
  187 R    1  5 -2 -1 -5  1  2 -2  0 -4 -3  1 -1 -4 -4 -1  0  0  0 -4   12  38   0   3   0   7  12   2   2   0   1   9   1   0   0   2   5   2   3   0  0.67 0.38
  188 A    1  0 -2 -4  0 -1 -1 -4  3  1  1 -2 -1  0 -4 -1  0  4  3  0   12   5   1   0   2   3   3   0   8   8  18   1   1   2   0   2   5   8  12   6  0.29 0.22
  189 G    3 -4 -3 -4  1 -3 -4  5  2 -4 -2 -3 -4 -4 -4 -1 -1 -5 -1 -2   33   0   0   0   3   0   0  44   5   0   3   0   0   0   0   3   2   0   3   2  0.94 0.41
  190 D   -1 -2  0  7 -7 -4 -1 -5 -5 -7 -4 -4 -6 -7 -5 -2 -4 -8 -7 -7    5   2   3  84   0   0   2   0   0   0   2   0   0   0   0   2   0   0   0   0  2.26 0.78
  191 G   -1 -1 -3 -1 -6 -4  0  6  2 -6 -4 -4 -2 -5 -5 -2 -3 -1 -5 -4    4   3   0   3   0   0   5  71   5   0   2   0   1   0   0   1   1   1   0   1  1.40 0.52
  192 F   -3 -5 -5 -6 -4 -4 -5 -4  0  1  2 -5  1  3 -5 -4 -2  9  1  1    1   0   0   0   0   0   0   1   2   8  19   0   3  11   0   0   2  35   4  12  1.35 0.47
  193 I   -1 -3  1 -3 -3 -3 -4 -5 -1  4  2 -4  2  1 -2 -3 -1  3 -1  1    4   1   9   1   0   1   0   0   1  33  18   0   6   5   2   1   2   5   1  10  0.49 0.28
  194 C    1 -3  0 -3  3 -2 -3 -1 -2  0 -1 -3  0  0  3  0  3  1 -1 -1   14   0   5   0   7   1   0   5   1   7   4   0   2   4  16   4  21   2   2   4  0.34 0.21
  195 T    0 -2  0 -1 -1 -1 -2 -2  1  0  0 -2  0 -1  0  0  3  3  0  2    5   2   4   4   1   2   0   2   5   3   8   0   3   3   5   7  23   4   3  17  0.20 0.19
  196 S    1  0  0 -2 -3 -1 -1  2  1 -1  0 -2 -1 -1  2  2 -1  2 -1 -1   13   4   4   1   0   1   4  15   5   2   9   1   1   2   9  18   3   3   2   4  0.18 0.15
  197 G    0 -2  0 -2  0 -1 -2  3  0 -2  0  0  1 -1  3  0  0 -4 -2 -1    8   1   4   1   2   3   2  25   2   2   9   4   4   3  14   7   6   0   1   3  0.27 0.17
  198 K   -1  1  0  1 -2  1  0 -1  0 -2 -2  1 -1 -2  3  0  1 -4 -1 -1    4   8   3   9   1   5   4   4   3   2   4  11   1   1  15   7  11   0   2   4  0.23 0.15
  199 G    1 -2  0  0 -4 -3 -2  2 -2 -3 -1 -1 -3 -2  4  1  1  3 -2 -1   12   1   5   4   0   0   1  16   1   1   6   3   0   1  19  12   8   4   1   4  0.38 0.23
  200 E    0  1 -1  1 -4  0  3 -2  0 -1 -3 -1  0 -2  3  0 -1 -2 -4 -1    7   8   2   9   0   4  22   3   3   4   2   3   2   1  17   6   3   1   0   4  0.38 0.23
  201 E   -1  0 -2  3 -5  1  4 -1  1 -2 -2  0  0 -3  0 -1 -1 -5 -2 -3    4   5   1  15   0   6  33   4   3   2   3   6   2   1   5   5   2   0   1   1  0.52 0.30
  202 L   -1 -2 -2 -1 -1 -1 -1 -3 -3  1  3 -2  1  0 -2 -2  0 -1  1  1    4   2   1   4   1   3   4   2   0   7  35   2   4   3   1   3   8   1   6   7  0.24 0.17
  203 Y    0 -1 -1  0 -1 -1 -1 -2  0  0  0 -1 -1  2 -1 -1  0  1  4  1    7   4   3   5   1   2   3   2   3   6   9   3   1  11   2   4   5   2  19  10  0.21 0.13
  204 A    2  2  0  0 -1  0 -1 -1 -2 -1 -1  0 -1 -2 -1  0  1 -3 -2  0   26  12   3   5   1   3   3   4   0   4   8   5   1   1   2   5  11   0   1   5  0.18 0.14
  205 E    0  1 -1  1 -4  1  4 -2  2 -4 -3 -1  0 -3  2 -1 -1  0 -1 -3    6   7   1   9   0   6  31   3   6   1   2   3   2   1   9   5   3   2   2   2  0.48 0.29
  206 K   -1  2  0  1 -4  2  1 -3  1 -2 -2  3 -2 -3  0 -1  0  0 -2  0    5  11   3   9   0   9   9   1   3   2   3  21   1   1   4   2   7   1   1   7  0.30 0.21
  207 L    0 -1 -3 -3  0 -2 -2 -3 -1  2  3 -2  3  0 -3 -2 -1 -3 -2  2    7   4   1   1   2   1   2   2   1  10  34   3   7   4   1   2   4   0   1  13  0.36 0.20
  208 I   -2  1 -1 -2 -3 -1 -2 -2 -1  2  2 -1  0  1 -3 -2 -1  0 -1  2    2   8   3   3   0   2   2   3   1  14  21   3   2   6   1   3   2   2   2  20  0.22 0.15
  209 P    1  1 -1  2 -4  0  1 -1  0 -2 -3  0 -1 -4  4 -1 -1 -4 -2 -3   14   7   2  14   0   4  10   5   2   2   2   6   1   0  21   3   2   0   2   1  0.45 0.26
  210 A    3  1 -1  0 -2  1  0 -2  0  1 -1 -1  0 -2 -2  0  0 -1  0  0   27   9   3   4   1   7   6   2   2   8   3   3   2   1   1   4   4   1   3   8  0.18 0.18
  211 V    0 -1 -3 -3 -2 -1 -3 -1 -2  2  1 -2  1  2 -1 -1 -2  2  1  2    8   4   0   0   0   3   0   4   0  11  15   0   5  13   3   3   0   3   6  20  0.20 0.15
  212 K    0  3  0  1 -4  1  1  0  1 -3 -2  2 -2 -1 -3 -1 -1 -4 -3 -1    9  25   4   6   0   4  12   6   4   0   5  12   0   3   0   3   3   0   0   4  0.30 0.18
  213 E    1  2  0  1 -3  2  3 -1 -1 -3 -3  1 -2 -3 -2  0  0 -3 -3 -1   14  11   4   8   0  10  26   4   0   1   1   5   0   1   1   5   4   0   0   4  0.36 0.19
  214 G    2 -1  0 -1 -3 -2 -2  4  2 -2 -2 -1 -1 -1 -3  0 -1 -3 -1 -2   20   4   5   2   0   1   2  34   6   3   4   4   1   3   1   4   3   0   2   2  0.40 0.24
  215 A    4 -1 -1 -3  3 -2 -2  1  1 -1 -1 -1 -1 -2 -1  0  0 -4 -1 -1   41   2   2   0   8   0   2   9   3   3   5   3   1   1   3   5   5   0   2   2  0.38 0.29
  216 A    2  2 -1  0 -1  1  1  1  0 -1 -2  1 -2 -3  0  0  0 -4 -3 -1   21  13   2   4   2   6   8  10   3   3   3   8   0   0   3   3   6   0   0   6  0.19 0.16
  217 A    3  0 -1  1 -1  0  2  0 -2 -3 -3  1 -3 -4 -1  1 -1 -4 -1 -2   30   6   2   6   1   3  16   8   0   0   2   7   0   0   2   8   3   0   3   3  0.32 0.25
  218 A    3 -2  0 -3 -3 -2  0  1  1 -1 -1 -1 -1 -1 -1  1 -1 -4  0  0   34   2   4   0   0   0   6  13   3   2   6   4   2   3   3   7   1   0   3   5  0.27 0.23
  219 D   -2 -1  0  3 -4 -1 -1  5 -3 -5 -4  0 -4 -1  1 -2 -3 -4 -4 -4    2   3   3  21   0   3   4  44   0   1   1   5   0   3   6   2   1   0   0   1  0.80 0.37
  220 R   -2  6 -1 -1 -5 -1 -1 -2 -3 -4 -2  3 -3 -4 -1 -3 -3 -5 -4 -2    3  59   2   3   0   2   2   3   0   1   3  14   0   0   3   1   1   0   0   3  1.22 0.53
  221 D   -2 -2  2  4 -4  0  1 -1  0 -3 -3  0 -3 -1  1 -1  0  0  1 -2    2   2   9  34   0   4   8   5   2   1   2   4   0   3   6   3   6   1   6   3  0.48 0.27
  222 A    1 -1 -1 -2  0 -1 -1  1 -3 -1  0 -1 -1 -1  5  0 -1 -4 -2 -1   11   3   3   2   3   2   4  11   0   3   8   4   1   3  29   6   2   0   1   3  0.44 0.22
  223 D    1  0  0  3 -3 -1  3  1  1 -2 -2 -1 -1 -1 -1  0  0 -3 -3 -2   13   5   2  18   0   2  20  10   3   2   4   3   2   4   3   4   4   0   1   2  0.27 0.17
  224 A    1  0  0  1 -1  0  1  2 -1 -2 -2  0 -2 -3  0  1  0 -3 -1 -1   16   5   4  10   2   4   7  17   1   2   3   3   0   1   4   9   4   0   3   4  0.17 0.11
  225 I   -2 -2 -3 -3 -1  0 -3 -1 -3  3  2  0  1  1 -3 -3 -2 -3  0  2    1   1   1   1   1   4   1   5   0  25  17   6   3   6   1   1   1   0   4  20  0.35 0.21
  226 D   -1  0 -1  3 -4  0  2  0 -2 -3 -3  0 -1 -3  3 -1  0  1 -3 -2    5   5   2  20   0   4  17   8   0   1   2   3   2   1  13   4   5   2   0   3  0.39 0.21
  227 R   -1  4 -2 -3 -1 -1 -2 -1  1  1 -1  3  0 -2 -1 -2 -1  0 -1  1    5  26   1   1   1   1   1   5   4   9   4  18   2   1   2   1   3   2   2  11  0.33 0.23
  228 M    1 -1 -2 -3  1 -2 -2 -2  0  1  0 -2  2 -1  1  0  1 -1  1  1   10   2   0   1   3   0   2   3   3   9   8   1   9   2   6   6  13   1   6  14  0.15 0.14
  229 I    0 -3 -3 -4 -1 -3 -3 -1 -3  3  2 -3  2  1 -3 -2  0 -1  1  2    9   0   0   0   2   0   1   6   0  17  20   1   5   5   0   1   4   1   6  20  0.32 0.20
  230 E   -1  1  0 -1 -1  4  2  0  0 -2 -2  0  0 -1 -2 -1 -2 -1 -1 -1    3   6   5   3   2  27  16   7   2   2   3   5   2   3   1   3   0   1   3   5  0.35 0.27
  231 I    0 -4 -4 -5 -1 -3 -4 -2 -1  2  2 -4  1  0 -1 -2  1  3  0  3    9   0   0   0   2   0   0   2   2  12  19   0   4   3   4   2   9   5   3  24  0.36 0.25
  232 K    0  0 -1  0 -1  0 -1 -1  1  0 -1  2  0 -1  2  1  0  0 -1 -1    9   3   2   4   2   4   2   3   5   6   3  16   2   3  12  10   7   1   1   4  0.16 0.13
  233 I    0 -4 -4 -2  0 -3 -4 -3 -1  2  0 -4  2  2  0 -3  1  1  0  3    8   0   0   2   3   0   0   1   2  15   7   0   6  12   4   0   9   2   3  26  0.39 0.27
  234 S    1 -3 -2  1  5 -3 -3 -1 -4 -2 -2 -3 -3 -1 -4  4 -1 -1 -2 -2   14   1   1   8  14   0   0   3   0   2   5   0   0   3   0  42   2   1   1   3  0.69 0.45
  235 Y    0 -4 -4  0 -1 -4 -3 -5 -3  1 -1 -3 -1  2 -5 -4 -4  7  5  2    8   0   0   5   2   0   1   0   0   7   5   1   1   9   0   0   0  21  25  14  0.99 0.46
  236 D    3 -3  0  5 -4 -1  0  0  3 -2 -2 -3 -4 -5 -4  0 -1 -6 -4 -2   25   0   4  37   0   1   3   6   7   2   3   0   0   0   0   6   2   0   0   3  0.69 0.40
  237 T    0  1  0  1  0 -1  2  0  0 -2 -4 -1 -1 -4  3  0  1 -5 -4 -2    5   7   4   8   3   2  19   9   2   2   0   2   1   0  15   6  12   0   0   1  0.37 0.23
  238 D    0  1  1  1 -3 -1  0  0 -1  0  0  1  1 -2 -2  0  0 -3  1 -1    8   8   7   8   0   0   8   8   0   8   8   8   7   0   0   8   8   0   7   0  0.08 0.10
  239 P    0  0 -2  1 -4  0  1  0  1 -1  0  0  0  0  4 -1  0 -3  1 -2    7   5   0   7   0   4  10   7   3   3   9   4   4   4  20   3   4   0   5   0  0.26 0.17
  240 E    1  0 -2  3 -4  1  4 -2  0 -4 -4  1 -3 -4 -1  0  0 -5 -1 -3   14   3   0  16   0   5  31   3   2   0   0   7   0   0   3   6   6   0   2   0  0.54 0.31
  241 L    1  1 -2  0  0  1  1 -1 -2  0  1  1  0 -2 -2  0  0 -3 -3  0   11   9   0   5   2   6  13   3   0   6  15   7   2   0   0   7   6   0   0   6  0.12 0.11
  242 A    5 -1 -3 -3 -3 -2 -3  0 -3 -1 -2  0 -3 -4 -3  1 -1  1 -3  0   58   2   0   0   0   0   0   5   0   4   2   5   0   0   0  11   3   2   0   5  0.70 0.40
  243 L    0  0 -2  0 -3  1  0 -3  2  0  0  0  1  1 -3  0  0  3  1  0    6   6   0   6   0   6   6   0   6   6   6   6   6   6   0   6   6   6   6   6  0.12 0.13
  244 E    0  2  1  1 -4  1  3 -1  1  0 -1  2 -2 -4  0  0 -2 -4 -3 -3    7  13   6   7   0   5  21   4   4   7   5  11   0   0   4   4   0   0   0   0  0.30 0.22
  245 N    1  2  1  0 -3  0  0  0  1 -1 -2  0 -2 -3  1  1  0  2 -2 -1   12  12  10   5   0   5   4   8   3   5   3   4   0   0   7   9   6   4   0   5  0.16 0.13
  246 T    2  0 -3 -2  0 -2 -1 -1  0  0 -1  0  1  0 -3  0  0  2  0  1   27   6   0   2   3   0   3   5   2   4   4   4   5   5   0   4   6   3   3  12  0.15 0.19
  247 R   -2  4 -1  0 -4  0  2  0  1 -3  0  2 -3 -3 -3 -1 -1 -4  0 -3    3  30   3   4   0   3  12   6   4   0  11  13   0   0   0   5   3   0   3   0  0.46 0.31
  248 F   -1  0 -1 -3 -3  2 -1 -2  2  0  0 -1 -1  3 -1  0  0  2  1  0    4   5   2   0   0  12   3   2   6   6   9   2   0  19   3   5   6   3   4   6  0.19 0.18
  249 W   -1 -2 -5 -5 -5  1 -2 -2  0  0 -4 -4 -1 -1 -2 -2 -4 10  1 -1    6   2   0   0   0   6   3   4   2   6   1   0   2   2   3   3   0  51   5   5  1.84 0.72
  250 A    3  3 -3 -3 -3 -2 -2 -1  0 -2 -1  1 -1  0  2  0 -2  3 -3 -1   27  18   0   0   0   0   0   5   2   2   4   8   1   5   9   8   0   4   0   4  0.36 0.29
  251 P    1 -1  1 -3 -3  0 -2  0  0 -1 -1 -2 -2  1  4 -1  0 -3  0 -1   15   4   6   1   0   4   2   8   3   3   6   1   0   9  24   3   5   0   2   4  0.37 0.23
  252 L    0 -1  1  0  1  0  0 -1  1  0  0 -2  0  0 -3  0  1  3  0  0    8   4   8   6   3   4   6   4   4   4   8   0   3   4   0   8   8   6   3   7  0.08 0.10
  253 S    1  0 -3 -3  2  0  0  0  1  0  0 -2  1  1 -3  1  0  3  2 -1   12   4   0   0   6   4   5   7   4   5   8   0   4   5   0  11   6   6   8   5  0.16 0.18
  254 L   -1  0 -1 -1 -3 -1 -1  0  0  1  2 -2 -1  1  1  0 -2  2 -2  0    5   5   2   3   0   3   3   9   2  10  26   0   0   6   7   7   0   3   0   8  0.14 0.17
  255 T    1  0  0  0 -3 -2  0  0 -3 -2 -1  1  1 -3  3  1  1 -4 -4  0   12   6   3   7   0   0   4   8   0   0   6  10   5   0  13   8  11   0   0   6  0.23 0.20
  256 A    1  0  1  0 -4 -1  0  3 -3 -1 -2 -2 -2 -4  1  0 -2  1 -4  1   16   5   9   4   0   3   5  22   0   3   4   0   0   0   6   6   0   2   0  14  0.24 0.22
  257 E   -2  1 -1  2 -4 -1  3 -1  1 -2 -2  0  1  1  0 -1 -1  4  0 -1    1   7   2  11   0   2  21   5   3   1   3   5   5   8   5   4   4   6   2   5  0.24 0.22
  258 Q   -1 -2  0  0 -4  2  1 -1 -2 -1  1  0  1  2 -2 -1 -1 -3  1  1    5   0   4   4   0   9  12   6   0   3  14   6   5  11   1   2   4   0   5  10  0.13 0.17
  259 K   -1  2  1  1 -4  0  0  0 -2 -3 -2  1  0  0  0 -1  1 -4 -1  0    4  15   7   7   0   3   6   7   0   0   3  11   3   5   5   3  10   0   2   7  0.17 0.17
  260 H    0 -1  1  0 -1  2  1 -1  3 -3 -2 -1 -1  0  0  0 -1  3  2 -1    9   2   6   6   1  12   9   3  10   0   3   3   1   4   3   5   2   4  10   4  0.24 0.20
  261 S    0  0  1  3  0 -1  1  1  1 -2 -2 -1 -3 -4 -1  2  0 -5 -4 -1    9   4   8  18   2   2   8   9   3   2   3   3   0   0   2  16   5   0   0   6  0.25 0.20
  262 I   -1 -2 -4 -4 -4 -3  0 -5 -4  4  3 -4  1  0 -4 -3 -1  1  0  1    4   2   0   0   0   0   7   1   0  26  34   0   2   3   0   0   3   2   3   9  0.60 0.35
  263 D    0  2  0  2 -4  0  0 -3  2 -3 -1 -1 -3 -3  3  1 -2 -3  2 -3    7  16   3  11   0   3   6   1   6   0   8   2   0   0  17  11   0   0   8   1  0.41 0.26
  264 D   -3  0  1  4 -4  1  1 -1  0 -4 -1  0 -3 -4 -1  0  2 -5 -4 -4    1   5   6  31   0   7  10   4   2   0   6   4   0   0   3   7  12   0   0   0  0.52 0.30
  265 P   -1 -5 -5 -5 -5 -2 -2 -5 -5 -3 -3 -1  1 -5  7 -2 -4 -6 -2 -2    5   0   0   0   0   2   2   0   0   2   2   3   4   0  71   3   0   0   2   4  2.05 0.78
  266 I    0  3 -2 -1 -3  0  1 -1 -2  1 -1  0  1  1 -3 -1 -1  1  0  1    6  19   0   3   0   3  11   4   0   9   5   6   3   6   0   4   3   2   4  12  0.15 0.15
  267 E   -1  1  0  3 -4  1  3 -2  2 -3 -1  0  0 -4  0  0 -1 -4 -2 -1    4   9   5  17   0   6  22   2   6   0   7   3   3   0   4   5   2   0   1   5  0.33 0.22
  268 M   -1 -1  0 -2 -4 -1 -1 -4 -3  1  1 -3  3  4 -4 -2 -3  2  3  1    3   3   5   2   0   3   3   0   0  11  10   0  10  24   0   2   0   3  10   9  0.45 0.27
  269 E   -1  0  0  2 -6  3  5 -1 -3 -5 -1 -2 -1 -5 -4 -3 -3 -5 -5 -4    4   5   4  12   0  16  45   5   0   0   6   0   2   0   0   0   0   0   0   0  0.92 0.47
  270 K    1  2 -1  0 -4  2  1 -3  0 -3 -2  1  0 -1 -3  0  1 -4 -1 -1   11  15   2   6   0  10  11   0   2   0   2  10   3   3   0   7  10   0   2   6  0.26 0.19
  271 A    3  0 -1 -1 -3 -2  0 -1  1 -1 -1 -1  2 -1 -1 -1 -1  1 -1  0   36   5   3   3   0   0   6   5   4   1   5   2   6   2   3   3   2   2   2   9  0.23 0.22
  272 A    3  1 -2 -3 -3 -2 -1  1 -3  0 -2 -1  0 -3 -3  1  1 -4 -4  0   31   9   0   0   0   0   4  12   0   5   3   2   2   0   0  12  11   0   0   8  0.35 0.25
  273 D    0  1  0  3 -1  2  3 -1  0 -2 -2  0 -3 -4 -3  0  0 -4 -4 -3   10   7   3  21   1   8  20   5   2   2   3   4   0   0   0   5   6   0   0   0  0.40 0.23
  274 A    1  0 -1  1 -3  0  0 -1  2 -1  0  0  0  0 -1  1  0 -3  0 -1   13   4   0  11   0   3   6   4   6   4  13   6   3   3   3   9   7   0   2   4  0.07 0.08
  275 L   -2 -4  0 -2 -3 -4 -4 -5 -4  2  2 -4  1 -3  0 -3 -1 -4 -3  4    2   0   5   3   0   0   0   0   0  13  24   0   2   0   5   0   3   0   0  40  0.66 0.35
  276 P   -1  1 -2  1 -4 -2  0  0  0 -4 -4 -2 -1 -5  5  1  2 -5 -4 -1    2  10   0  10   0   0   5   7   2   0   0   1   2   0  30  10  14   0   0   5  0.67 0.33
  277 I   -1  1 -1  2  0 -2  0 -2 -2  0 -1  0 -2  1  3  0  1 -4 -2 -2    4  10   2  15   2   0   7   3   0   9   5   4   0   8  14   5  11   0   0   0  0.22 0.16
  278 E   -4  0 -2  4 -7 -1  5 -2 -3 -5 -3 -2 -5  0 -1 -3 -4 -6 -5 -3    0   6   0  31   0   1  47   3   0   0   2   0   0   4   4   0   0   0   0   2  1.20 0.54
  279 Q    0  1 -2  3 -4  2  2 -2 -2 -1 -1  2  1 -4 -1 -1  1 -4 -4 -2    7   8   0  17   0  11  16   2   0   3   7  11   4   0   2   2   9   0   0   2  0.32 0.21
  280 V    0  1 -5 -5 -4 -4 -4 -5 -4  2  2 -4  4  2 -5 -3  1 -4 -3  2    9   9   0   0   0   0   0   0   0  15  18   0  14  10   0   0   9   0   0  17  0.59 0.30
  281 A    2  1  1 -1  1  1  0 -1  2  0 -1  0  0  0 -3  0  0 -4 -2 -1   22   7   6   4   3   6   5   3   5   5   5   7   3   6   0   5   4   0   0   4  0.11 0.11
  282 K    0  2  0  2 -5  1  3  1  1 -5 -5  2 -3 -5 -3  0  0 -5 -4 -4    9  11   3  12   0   6  22  11   3   0   0  15   0   0   0   4   4   0   0   0  0.50 0.26
  283 R    0  3  2  0 -4  1  1 -2  2 -3 -3  1  0 -1 -1  0 -1  2  1 -1    7  20  10   4   0   5   7   2   6   0   0   7   4   2   3   8   2   3   5   4  0.26 0.17
  284 W   -2 -5 -4 -5  1 -4 -5  1 -4  1  0 -4  2  3 -5 -3  0  7  2  2    2   0   0   0   3   0   0  11   0   9   6   0   7  14   0   0   7  19   7  16  0.73 0.33
  285 I    0  0 -1 -3  2 -1 -3 -1 -3  1  1 -1  0  1  1  0  0 -3  0  1    8   6   3   0   6   2   0   3   0  13  20   1   1   6   7   8   6   0   2   7  0.12 0.10
  286 V   -1 -2 -5 -5  4 -4 -5 -5 -1  4  1 -4 -1  0 -5 -3 -1 -4 -1  4    3   2   0   0  11   0   0   0   2  29  11   0   0   3   0   0   3   0   2  33  0.70 0.31
  287 A    2 -3  0 -3  0 -3 -3  3  0 -1 -2 -3 -2 -1 -3  2  1 -4  1 -1   17   0   4   0   2   0   0  26   2   4   3   0   0   3   0  20   8   0   6   4  0.37 0.21
  288 S    0 -3  0  0  0 -2 -1  3 -1 -4 -4 -2 -3 -4  2  3  3 -5 -4 -3    7   0   3   5   3   0   4  24   2   0   0   0   0   0   8  22  22   0   0   0  0.57 0.28
  289 D   -2 -1  1  5 -4  0  1 -2 -3 -4 -4 -2 -4 -4 -1  2  1 -5 -4 -2    1   3   5  47   0   3   6   2   0   0   1   0   0   0   2  15  11   0   0   3  0.84 0.33
  290 P    1 -4 -4 -4 -4 -4 -4 -2 -4  0  0 -3 -3 -4  6 -3 -2 -5 -5  1   14   0   0   0   0   0   0   3   0   6   9   0   0   0  55   0   2   0   0  10  1.40 0.45
  291 D   -1 -3  0  6 -6  1  4 -1 -3 -6 -6 -1 -5 -6 -4 -1 -3 -6 -5 -5    6   0   1  49   0   7  29   4   0   0   0   2   0   0   0   2   0   0   0   0  1.22 0.41
  292 E    0  1 -2  4 -5  2  4 -4 -2 -4 -4  0 -3 -2  0 -2 -1 -5 -1 -1    7   8   0  23   0   9  35   0   0   0   0   3   0   1   4   0   2   0   2   5  0.69 0.29
  293 A    0 -3 -3 -4  5 -1 -3 -3  6  1  1 -3  0  0 -4 -3 -3 -4  1  1    8   0   0   0  16   3   0   1  29   9  14   0   1   3   0   0   0   0   5  10  0.68 0.31
  294 V    1  0 -4 -5 -3 -3 -3 -3 -4  4  1 -2  1 -1 -4 -3 -1 -4 -3  3   12   6   0   0   0   0   1   1   0  34   9   2   2   2   0   0   3   0   0  27  0.52 0.25
  295 E    1  0 -2  3 -5  1  4 -2  0 -5 -5  1 -4 -5 -2  0 -2 -5 -4 -4   16   4   0  15   0   4  41   2   1   0   0  10   0   0   1   5   0   0   0   0  0.76 0.31
  296 K    0  3 -1 -3 -4  1  0 -3  2  0 -1  2 -2 -3 -2 -1 -1  5  0 -1   11  19   2   0   0   8   3   1   6   6   5  16   0   0   1   3   2   9   2   4  0.35 0.19
  297 V   -2 -5 -5 -6 -3 -4 -5 -6 -5  5  2 -5  1 -2 -5 -4 -2 -4  0  3    2   0   0   0   0   0   0   0   0  49  23   0   2   0   0   0   1   0   3  20  0.97 0.35
  298 G    1  3  0  1 -4  3  3 -1  0 -4 -4  1 -3 -5 -3  0 -1 -5 -4 -4   12  17   4   5   0  13  25   5   2   0   0   8   0   0   0   7   2   0   0   0  0.53 0.23
  299 Q    1  2 -2  0 -4  3  3 -2  0 -4 -4  1 -1 -5  2 -1 -1 -5 -4 -3   16  11   0   4   0  18  23   2   2   0   0   9   1   0   9   2   2   0   0   0  0.56 0.25
  300 Y   -3 -3 -4 -1  1 -4 -4 -5  1 -1  2 -4 -1  4 -5 -4 -3  2  6 -2    2   1   0   5   4   0   0   0   3   2  25   0   1  18   0   0   0   3  35   1  0.90 0.34
  301 V    2  1 -3 -4 -3 -2 -2 -3 -3  2  2 -1  0  0 -3 -1 -1 -4 -3  3   23   9   0   0   0   0   2   0   0  12  18   3   1   3   0   2   1   0   0  26  0.35 0.20
  302 K    0  0  0  4 -5  0  3 -1 -2 -5 -5  2 -4 -5 -3  0 -1 -6 -4 -4    8   4   2  32   0   3  20   5   0   0   0  18   0   0   0   5   3   0   0   0  0.71 0.28
  303 W    3 -1 -2 -1  2 -1 -2 -3 -3  0  2 -2  1 -1 -3 -1 -1  2 -1  0   33   4   2   3   6   2   0   0   0   3  24   2   5   2   0   2   3   4   1   4  0.27 0.19
  304 G   -2 -5 -3 -2 -6 -5 -5  7 -5 -7 -6 -4 -6 -1 -5 -3 -4 -6 -6 -6    2   0   0   2   0   0   0  93   0   0   0   0   0   3   0   0   0   0   0   0  2.17 0.59
  305 L    0 -4 -4 -5 -3 -4 -2 -4 -3  1  1 -4  0  6 -1 -3 -3 -2  1  2   11   0   0   0   0   0   4   0   0   6  10   0   1  43   3   0   0   0   3  18  0.72 0.29
  306 N   -1 -2  2  5 -4  0  0 -2 -3 -4 -4  0 -3 -5 -3  1  3 -6 -4 -2    4   1  12  37   0   2   4   2   0   0   0   4   0   0   0  11  21   0   0   3  0.73 0.29
  307 H   -1  2 -1 -1 -5  2  3 -2  7 -5 -5 -1 -4 -4 -1 -1 -3 -5  0 -3    6  10   2   1   0   8  20   2  40   0   0   2   0   0   3   2   0   0   2   1  1.01 0.38
  308 L   -3 -5 -5 -6 -3 -4 -5 -6 -5  4  2 -5 -1  3 -5 -4 -3 -4 -2  4    0   0   0   0   0   0   0   0   0  35  18   0   0  15   0   0   0   0   0  32  0.95 0.34
  309 V   -2 -2 -4 -2  1 -3 -3 -5  0  2  0 -4  2  0 -2 -3 -2  0  4  3    2   1   0   3   4   0   2   0   2  13   5   0   6   3   2   1   0   1  24  33  0.56 0.26
  310 F   -3 -4 -5 -5  0 -4 -5 -5 -4  2  4 -4  1  4 -4 -4 -3 -3  0  2    0   0   0   0   2   0   0   0   0  10  46   0   2  19   0   0   0   0   2  16  0.78 0.28
  311 H   -2 -1 -1 -3  0  3 -2  0  8 -2 -3 -2 -1 -3 -4 -2 -1  1  0 -2    2   2   2   0   2  18   0   7  48   2   2   0   1   0   0   2   3   2   2   3  1.13 0.41
  312 A   -1 -2  4  0  0  3 -1 -2  1 -1 -2 -2  0  0  0  1  1 -4 -3 -1    5   0  24   4   3  17   0   2   3   4   1   0   2   6   4  11   8   0   0   5  0.33 0.21
  313 P    0 -3 -2 -4 -3 -3 -3 -3 -1  1 -1 -3  0 -1  4  1  1 -5 -3  3    7   0   1   0   0   0   0   1   2  10   3   0   3   2  24  12   7   0   0  29  0.57 0.25
  314 G   -1 -4  0  1 -5 -1 -3  5 -1 -5 -2 -3 -4 -5 -1  3 -2 -5 -5 -4    1   0   4   7   0   3   0  52   1   0   4   0   0   0   2  24   0   0   0   0  0.95 0.35
  315 H   -1  1  0  1 -5  0  0 -2  3 -2 -3 -2 -3 -4  5  0 -1  1 -3 -2    3   8   6   8   0   4   4   3   8   3   2   0   0   0  37   7   2   3   0   2  0.77 0.27
  316 D   -2  0  4  6 -6 -1  2 -2 -3 -5 -4 -2 -5 -5 -1 -1 -1 -6 -5 -5    2   6  19  49   0   1  12   1   0   0   1   0   0   0   3   3   2   0   0   0  1.10 0.38
  317 Q   -3 -1 -1 -1 -5  6  1 -2  1 -2 -1 -2 -1 -5  3 -3 -2 -5 -4 -1    0   2   2   3   0  49   6   3   3   2   7   0   1   0  18   0   2   0   0   4  0.96 0.41
  318 R    0  1  0  1 -3  0  2  0  1  0 -2  1 -1 -3  1  0 -1 -4 -2 -1    8   8   4   9   0   1  20   6   5   7   3   8   1   0   6   5   2   0   1   3  0.19 0.10
  319 R    1  2  0  0 -4  1  2  2 -2 -4 -4  2 -3 -2  0 -1 -1 -4  0 -3   13  13   3   4   0   4  15  17   0   0   0  14   0   2   5   2   4   0   4   0  0.32 0.15
  320 F    1 -4 -2 -4 -4 -2 -4 -1 -3 -2 -1 -4 -2  6 -4 -1  1  2  1 -2   13   0   2   0   0   2   0   4   0   0   2   0   0  57   0   3   8   2   3   2  1.01 0.38
  321 L   -3 -3 -5 -6  0 -4 -5 -6 -5  5  3 -4  2  1 -5 -4 -3 -4 -3  1    0   1   0   0   2   0   0   0   0  43  38   0   5   7   0   0   0   0   0   3  0.98 0.35
  322 E   -3  3  0  3 -6  2  4 -4  0 -5 -5  1 -4 -5 -3 -2 -1 -6 -4 -4    0  20   4  17   0   7  40   0   2   0   0   7   0   0   0   0   4   0   0   0  0.94 0.34
  323 L    0 -2 -3 -1  0 -1 -3 -4 -3  0  2 -3  1  3 -4 -1  0  2 -1  1   10   2   0   4   2   3   0   0   0   4  26   0   4  17   0   5   5   4   0  13  0.27 0.16
  324 F   -2 -4 -5 -6  1 -4 -5 -5 -2  1  0 -4  1  5 -5 -2 -3  3  5  0    2   0   0   0   4   0   0   0   0   8   9   0   3  32   0   2   0   5  30   6  1.00 0.34
  325 K    2  2 -2 -1  0  1  2  4 -3 -4 -4  0 -3 -5 -3 -1 -2 -5 -4 -2   21  11   0   1   2   7  13  37   0   0   0   4   0   0   0   2   0   0   0   2  0.61 0.25
  326 R    0  3 -1  1 -4  1  3 -2  0 -4 -4  3 -3 -5 -3  0  0 -5 -4 -3   10  20   0   7   0   5  27   2   1   0   0  18   0   0   0   7   5   0   0   0  0.59 0.23
  327 D   -2  1  1  3 -5  1  4 -3 -1 -4 -3  2 -3 -5 -3  0  0 -5 -4 -4    1   6   5  20   0   4  34   0   1   0   3  18   0   0   0   5   4   0   0   0  0.71 0.26
  328 L   -3 -5 -3 -6 -3 -4 -5 -6 -5  3  3 -4  0 -2 -5 -4 -2 -4 -3  5    0   0   1   0   0   0   0   0   0  22  25   0   0   0   0   0   0   0   0  51  1.02 0.35
  329 E    0  0 -4 -3 -3 -3 -2 -3 -4  2  4 -1  2  0 -4 -3 -2 -4 -3  0    9   5   0   1   0   0   2   1   0  15  52   3   6   2   0   0   0   0   0   2  0.54 0.24
  330 P   -3 -4 -5 -4 -6 -2 -2 -3 -5 -6 -6 -2 -5 -6  8 -4 -4 -7 -6 -5    0   0   0   0   0   2   2   2   0   0   0   2   0   0  93   0   0   0   0   0  2.98 0.64
  331 R    1  4 -1 -3 -1  1 -1 -3  4 -2 -2  1  0 -3 -3 -1 -1  1  1 -1   15  30   1   0   1   7   2   0  14   2   2   8   3   0   0   1   2   2   7   3  0.47 0.21
  332 L   -3 -4 -5 -6 -3 -4 -5 -6 -4  2  4 -5  1  4 -5 -4 -3 -3 -1  1    0   0   0   0   0   0   0   0   0   9  63   0   2  20   0   0   0   0   0   6  1.03 0.32
  333 R   -3  6 -2  0 -6  0  0 -4  0 -5 -4  3 -3 -5 -1 -1 -3 -5 -4 -4    0  65   0   4   0   2   3   0   2   0   0  20   0   0   2   2   0   0   0   0  1.32 0.36
  334 K    0  4  0  1 -4  1  3 -1  1 -4 -4  1 -3 -4  0  1 -1 -4 -3 -3    5  35   2   7   0   4  22   4   4   0   0   6   0   0   3  10   0   0   0   0  0.55 0.13
  335 L   -2 -3 -4 -5  2 -3 -4 -5 -4  2  4 -3  1  1 -4 -3 -2 -3 -1  2    0   0   0   0   8   0   0   0   0   6  59   0   0   7   0   0   0   0   0  20  0.54 0.08
  336 A    3 -1 -1 -2 -1 -1 -1 -1 -2 -2 -2 -1 -2 -3 -1  3  2 -4 -2 -1   42   0   0   0   0   0   0   0   0   0   0   0   0   0   0  38  20   0   0   0  0.53 0.03

                      K         Lambda
Standard Ungapped    0.1776     0.3393
Standard Gapped      0.1100     0.3190
PSI Ungapped         0.1776     0.3393
PSI Gapped           0.1100     0.3190
