
Last position-specific scoring matrix computed, weighted observed percentages rounded down, information per position, and relative weight of gapless real matches to pseudocounts
           A  R  N  D  C  Q  E  G  H  I  L  K  M  F  P  S  T  W  Y  V   A   R   N   D   C   Q   E   G   H   I   L   K   M   F   P   S   T   W   Y   V
    1 M   -1 -2 -3 -4 -2  0 -2 -4 -2  1  2 -2  6  0 -3 -2 -1 -2 -2  1    0   0   0   0   0   0   0   0   0   0   0   0 100   0   0   0   0   0   0   0  0.59 0.00
    2 T    0 -2  0 -1 -2 -1 -1 -2 -2 -1 -2 -1 -1 -3 -2  3  5 -4 -2 -1    0   0   0   0   0   0   0   0   0   0   0   0   0   0   0  22  78   0   0   0  0.73 0.04
    3 L   -1 -2 -2 -1 -3  0  2 -3  4  0  1 -1  0 -2  3 -1 -1 -3 -1  1    0   0   0   0   0   0  21   0  21   0  17   0   0   0  19   0   0   0   0  22  0.38 0.02
    4 S    1 -1  0 -1 -2 -1 -1 -1 -1 -2 -3 -1 -2 -3 -1  4  3 -4 -2 -2    0   0   0   0   0   0   0   0   0   0   0   0   0   0   0  79  21   0   0   0  0.72 0.04
    5 G   -1 -3 -1 -2 -3 -2 -3  5 -3 -4 -4 -2 -3 -3 -3 -1  1  6 -2 -3    0   0   0   0   0   0   0  67   0   0   0   0   0   0   0   0  15  17   0   0  1.00 0.04
    6 R   -1  4  2 -1 -4  2  0 -2  0 -4 -3  2 -2 -4 -2  1 -1 -4 -3 -3    0  45  15   0   0  12   0   0   0   0   0  12   0   0   0  17   0   0   0   0  0.65 0.05
    7 I   -1 -2 -2 -3  4 -1 -2 -3 -3  1  1  1  3  1  1  0 -1 -3 -2  1    0   0   0   0  14   0   0   0   0   6   8  11  23   7   9  12   0   0   0   9  0.21 0.05
    8 P    2 -1  1 -2 -2  0 -1 -2  3 -3 -3  2 -2 -3  3  1  2 -4 -2 -2   26   0   7   0   0   0   0   0  11   0   0  16   0   0  14   9  17   0   0   0  0.41 0.05
    9 L   -2 -3 -4 -5 -2 -3 -4 -5 -3  2  4 -3  3  1  1 -3 -2 -3 -1  0    0   0   0   0   0   0   0   0   0  16  61   0   8   7   8   0   0   0   0   0  0.58 0.07
   10 G    0  2 -1 -2 -3  0 -1  2 -2 -3 -3  3 -2 -3 -2  1  0  4 -2 -3    7  13   0   0   0   0   0  18   0   0   0  31   0   0   0  14   7  10   0   0  0.46 0.07
   11 G   -1 -2  3  4 -4  1  2  2 -1 -4 -4 -1 -3 -4 -3  0 -1 -5 -4 -4    0   0  21  34   0   7  11  21   0   0   0   0   0   0   0   6   0   0   0   0  0.69 0.08
   12 Q   -1  5  0  0 -4  3  1 -3 -1 -3 -2  2 -2 -4 -3 -1 -2 -4 -3 -2    5  45   4   4   0  15  11   0   0   0   5   9   0   0   0   0   0   0   0   4  0.64 0.12
   13 V    0 -3 -4 -5 -2 -3 -4 -4 -4  2  3 -3  3 -1 -3 -2 -1 -3 -2  2    9   0   0   0   0   0   0   0   0  13  49   0   9   0   0   0   4   0   0  17  0.53 0.11
   14 T    2 -2 -1 -2 -2 -2  0 -2 -3 -2 -3 -2 -2 -3 -2  2  4 -4 -3  1   22   0   0   0   0   0   4   0   0   0   0   0   0   0   0  20  44   0   0   9  0.63 0.18
   15 D    2  0 -1  4 -3 -1  1 -2 -2 -3 -2 -1 -3 -4 -2  0  2 -5 -4 -1   27   5   0  37   0   0   9   0   0   0   2   0   0   0   0   0  18   0   0   3  0.57 0.16
   16 L    2 -3 -3 -4 -3 -3 -3  1 -3 -1  3 -3  0 -2 -3 -1 -2  4 -2  0   26   0   0   0   0   0   0  14   0   0  43   0   0   0   0   4   0   8   0   6  0.45 0.16
   17 G    3 -3 -3 -3 -3 -3 -3  5 -4 -3  0 -3 -2 -4 -3 -1 -2 -4 -4 -1   32   0   0   0   0   0   0  52   0   0  12   0   0   0   0   0   0   0   0   4  0.86 0.22
   18 Y   -2 -4 -5 -6 -5 -4 -5 -6 -1 -3 -3 -4  1  4 -5 -4 -2  0  8 -4    4   0   0   0   0   0   0   0   0   0   0   0   3  15   0   0   2   0  75   0  1.98 0.45
   19 A    2  3 -2 -3 -3 -1 -2 -1 -2 -1  1  1  0  0 -3  0 -1 -3 -1 -1   24  25   0   0   0   0   0   3   0   1  19   9   1   5   0   3   3   0   2   4  0.28 0.15
   20 A    4 -3 -3 -4 -2 -3 -3 -2 -3  1  2 -3 -1 -3 -3  0  1 -4 -3  1   50   0   0   0   0   0   0   0   0   6  20   0   0   0   0   6   8   0   0  10  0.54 0.23
   21 G    3 -4 -3 -3 -4 -3 -4  6 -4 -5 -5 -3 -4 -5 -4 -1 -3 -5 -5 -4   28   0   0   0   0   0   0  70   0   0   0   0   0   0   0   3   0   0   0   0  1.45 0.35
   22 W   -2 -5 -1 -6 -5 -4 -1 -5 -4 -3 -2 -5 -3  1 -6 -2 -5 11 -1 -4    3   0   4   0   0   0   5   0   0   2   4   0   0   6   0   3   0  75   0   0  2.85 0.56
   23 R    1  4 -2 -3 -4  1 -1 -1 -2 -2 -2  3  1 -4 -3  1  0 -4 -3 -3   12  32   0   0   0   7   0   5   0   3   1  21   5   0   0   9   4   0   0   0  0.54 0.21
   24 L    1 -3 -4 -4 -3 -3 -4 -1  1  2  3 -3  1  1 -4 -2 -1 -3 -2  2   13   0   0   0   0   0   0   5   4  15  36   0   1   7   0   0   2   0   0  15  0.39 0.17
   25 V    2 -4 -4 -4 -3 -3 -3 -4 -4  2  0 -3  1  0  0  0  0 -4 -3  4   20   0   0   0   0   0   0   0   0   9   7   0   4   4   5   5   4   0   0  42  0.50 0.24
   26 R   -2  4  0 -3  2  1  0  1 -1 -4 -4  1 -3 -4  2  0 -2 -5 -4 -1    1  38   4   0   6   4   6  13   1   0   0   7   0   0   9   6   0   0   0   5  0.55 0.23
   27 A    2  1 -2 -3 -3  0  0 -3  2 -1  1  0 -1  1 -3 -1  0  3  0  0   21  11   0   0   0   3   5   0   8   0  19   6   0   7   0   1   5   6   2   6  0.22 0.16
   28 M   -1 -4 -5 -5 -3 -4 -4 -5 -5  1  4 -4  3 -2 -4 -3  0 -4 -3  2    5   0   0   0   0   0   0   0   0   7  60   0   7   0   0   1   4   0   0  16  0.85 0.31
   29 P   -1 -5 -5 -5 -6 -4 -4 -5 -5 -6 -6 -4 -5 -7  8 -4 -4 -7 -6 -5    5   0   0   0   0   0   0   0   0   0   0   0   0   0  95   0   0   0   0   0  3.16 0.72
   30 E   -2  1 -2 -1 -5  3  5 -4  2 -4 -1 -1 -3  0 -3 -2  0 -5 -3 -3    2   6   0   0   0  15  51   0   6   0   6   2   0   6   0   0   6   0   0   1  0.86 0.35
   31 A    1  2 -1 -1 -1 -1  0 -2 -1 -3 -3  1 -3 -1  4  1  0  0 -3 -2   16  12   2   3   2   2   6   2   2   0   0   7   0   3  24  11   4   1   0   3  0.47 0.18
   32 M    1 -1 -4 -5 -3 -3 -4 -4 -4  2  3 -3  2  0 -4 -2 -1  2 -2  3   15   4   0   0   0   0   0   0   0  11  29   0   8   3   0   2   2   3   0  24  0.44 0.21
   33 A    4 -3 -3 -4 -3 -3 -3  2 -4 -1  0 -3 -2 -3 -3  0 -1 -5 -4  1   52   0   0   0   0   0   0  15   0   2  12   0   0   0   0   5   2   0   0  12  0.64 0.30
   34 Q    1  4 -2 -1 -4  1  0 -3 -1 -1 -1  0 -2 -1 -3  0 -1 -2  3 -1   12  35   0   4   0   4   5   0   0   3   4   1   0   2   0   5   3   0  16   4  0.45 0.22
   35 G    3  1 -1 -3 -3 -1 -2  2 -2 -3 -1  0 -2 -1 -1  1 -1  2 -2 -2   33   8   3   0   0   2   0  20   0   0   6   5   0   4   2  10   0   4   0   1  0.34 0.18
   36 V    0 -3 -4 -4 -1 -3 -4 -3 -4  2  4 -3  1  0 -1 -2 -2 -3 -2  2    7   1   0   0   1   0   0   2   0   9  49   0   2   3   2   2   0   0   0  19  0.54 0.22
   37 F    0 -5 -4 -5 -1 -4 -5  0 -4 -1  0 -4 -2  7 -5  0 -1 -2  0 -3   10   0   0   0   1   0   0   7   0   2   9   0   0  60   0   8   3   0   0   0  1.09 0.40
   38 G    1  2  1  2 -4 -1  0  2  0 -1 -2 -1 -3 -3 -3 -1  0  0 -1 -2   15  16   7  17   0   0   3  18   3   5   3   0   0   0   0   1   6   2   2   2  0.27 0.16
   39 A    3  3 -3 -3  2 -2 -3  1 -3 -1 -2 -1 -1  0 -3  0  1  1 -3  0   35  18   0   0   5   0   0  10   0   3   3   1   1   4   0   3  10   2   0   5  0.35 0.22
   40 G    2 -3 -2  0 -3 -3 -1  4 -3  1  0 -3 -2 -2 -3 -1 -1  0 -3  0   19   0   0   7   0   0   3  35   0   9  11   0   0   1   0   3   2   2   0   8  0.40 0.20
   41 A    5  0 -3 -4 -3 -3 -3  2 -4 -3 -2 -3 -3 -4 -3 -1  0 -5 -4  0   65   6   0   0   0   0   0  15   0   0   3   0   0   0   0   0   6   0   0   5  0.91 0.40
   42 R    0  3 -1  4 -4 -2 -1 -2 -1 -2 -2 -1 -1 -4 -3  1 -1 -5 -4  1   10  22   0  32   0   0   0   2   2   2   4   0   2   0   0  11   3   0   0  12  0.48 0.26
   43 Y    0 -2 -4 -4 -3 -2 -3 -3 -1  0  2 -2 -1  2 -4 -2  0  5  4  2    8   1   0   0   0   1   0   1   1   3  20   2   0   8   0   2   4   9  20  17  0.45 0.21
   44 A    3  1 -3 -3 -3 -1 -1  1 -3 -1  0 -1  0  0 -3  0 -1 -4 -3  0   39  11   0   0   0   2   3   9   0   3   7   2   3   4   0   5   3   0   0   9  0.29 0.20
   45 A    2  0 -2 -3 -3 -1 -2  0 -2 -1  0  0  2  2  0  0 -1  2 -1  0   24   5   0   0   0   2   0   5   0   3  10   6   7  12   4   8   2   4   1   5  0.16 0.13
   46 R   -1  5  2 -1 -4  0 -2 -2  2 -3 -2  1 -3 -1 -3  0  0 -4 -3 -2    4  44  13   2   0   1   0   2   7   0   5   5   0   3   0   6   5   0   0   2  0.64 0.29
   47 N   -2  2  3 -1 -4 -1 -2  1  2 -1  1  0  0 -1  0 -1  0 -3 -1 -2    0  14  17   3   0   0   0  14   8   3  15   4   2   2   4   1   8   0   2   2  0.20 0.15
   48 G   -1  2 -1 -2 -4  0 -1  3 -2 -3 -2  2 -1 -4  2  0  0 -4 -4 -2    4  12   2   0   0   4   1  32   0   0   3  13   2   0  10   7   6   0   0   3  0.43 0.19
   49 G   -1  0  0 -3 -5 -1 -2  5 -3 -5 -5  0 -4 -5 -2  1 -3 -5 -5 -5    3   5   3   0   0   3   1  64   0   0   0   6   0   0   2  12   0   0   0   0  1.12 0.37
   50 P    0  1  0 -3 -3 -2 -2 -2 -3  0  0  0  1 -3  4  0  0 -4 -3  2    8  10   5   0   0   0   1   2   0   1   8   5   5   0  21   6   5   0   0  24  0.39 0.20
   51 E   -1  3 -1  1 -5  2  3 -1  1 -4 -3  2 -3 -4 -3  0 -2 -5 -3 -2    4  23   1   8   0   9  22   4   3   0   3  13   0   0   0   6   1   0   0   3  0.52 0.24
   52 Q   -1  4  1 -3 -5  6  0 -2  0 -3 -4  0 -3 -5 -4 -2 -2 -5 -4 -2    5  25   7   0   0  47   4   3   2   1   0   2   0   0   0   0   1   0   0   3  1.08 0.47
   53 L   -1 -1 -4 -3 -3 -1 -4 -5 -4  1  4 -1  2 -2 -4 -3 -3  3 -1  1    4   3   0   1   0   3   0   0   0   8  54   3   4   0   0   0   0   6   2  11  0.66 0.30
   54 R   -2  6 -3 -3  0  2  2 -5 -3 -1 -3  1 -3 -5 -4 -1 -2 -6 -5 -4    3  56   0   0   2  10  13   0   0   5   2   4   0   0   0   3   2   0   0   0  1.13 0.48
   55 R    1  4  1 -1 -4 -1  0 -2  0 -3 -1  2 -2 -4 -3  1  0 -5 -4 -2   17  27   7   2   0   0   5   2   2   0   9  13   0   0   0   8   7   0   0   1  0.41 0.25
   56 N   -2  0  8 -2 -6 -3 -2 -4  0 -6 -6 -3 -1 -6 -6 -3 -3  0 -1 -6    3   4  84   0   0   0   2   0   2   0   0   0   2   0   0   0   0   2   2   0  2.18 0.79
   57 L   -1 -2 -4 -5  1 -1 -3 -5  2  1  4 -4  1 -2 -5 -4 -2 -3  2  0    4   2   0   0   3   3   1   0   7   9  53   0   3   0   0   0   2   0   9   5  0.70 0.35
   58 A    3  2 -1 -1 -3  1  1 -1  0 -3 -4 -1 -1 -4 -3  1  1 -5 -4 -2   35  11   3   2   0   5  11   3   3   1   0   2   1   0   0  12  10   0   0   2  0.45 0.29
   59 R   -2  6 -1 -1 -5  2 -2 -4  4 -4 -3  1 -3 -5 -2 -3  0 -5 -4 -2    3  54   2   3   0   9   0   0  10   0   3   6   0   0   2   0   5   0   0   3  1.10 0.47
   60 V    1 -5 -5 -6 -3 -2 -4 -5 -5  3  1 -4 -1 -1 -5 -3 -1 -5 -4  5   11   0   0   0   0   2   0   0   0  17  15   0   0   2   0   0   3   0   0  51  0.91 0.41
   61 V    0  0 -1 -2 -3 -1 -3 -3 -1  0  3 -2  1  1 -3  0  1 -3 -1  2    7   6   2   2   0   3   0   0   2   3  32   0   2   6   0   6   9   0   2  17  0.23 0.17
   62 G    0 -4 -3 -4 -5 -2 -4  5 -4 -5 -3 -3 -4 -1  3  0 -2 -5 -4 -4    7   0   0   0   0   2   0  61   0   0   3   0   0   3  14   6   2   0   0   0  1.19 0.45
   63 K    0  1  0  0  0  0  1 -1  1  0  0  1 -1 -2  0  0  0  1 -2  0    5  11   3   7   3   4   9   4   4   6  10  13   0   1   4   4   7   2   0   5  0.08 0.06
   64 P    1  1  0 -1 -3  1 -1 -1 -1 -2  0  0  0 -2  3 -1  1  1 -1 -1   15   9   6   3   0   6   2   4   1   1  10   5   2   1  19   3   8   2   2   3  0.26 0.13
   65 P    2 -2 -2  1 -3 -1 -1  0 -1 -1 -2 -1  0 -3  4  1  0 -4 -3 -1   17   1   1   7   0   2   3   7   1   3   3   2   4   1  27  11   6   0   0   2  0.49 0.21
   66 A    2  0  0  1 -2  0  1  2  0 -3 -2 -1 -2 -3  0  1  0 -4 -1 -2   19   6   3  10   1   3   7  16   2   0   2   2   0   0   5  12   6   0   2   2  0.23 0.14
   67 D    0  0  1  4 -4  0  3 -2 -2 -3 -1  1 -3 -4 -2 -1  0 -1 -2 -3   11   5   8  27   0   2  19   1   0   1   6   6   0   0   2   3   4   1   2   0  0.45 0.23
   68 V    0  0 -1  0 -2  1  1 -3  0  1  1 -1  0 -1 -1 -1 -1 -3 -1  2    9   6   1   6   0   6  12   1   3   7  14   2   2   1   3   4   2   0   2  20  0.10 0.09
   69 P    0  0  0  0 -2 -1  0  0 -2 -1  1 -1 -1 -2  4 -1  0 -3 -2  0    8   6   4   4   0   2   4   7   1   3  20   1   1   1  20   4   6   0   1   7  0.24 0.11
   70 D   -2  3  1  4 -5  1  2 -2 -1 -4 -2  1 -3 -4 -1 -1 -1  0 -4 -4    3  19   5  26   0   7  14   2   1   0   5   8   0   0   2   2   3   2   0   0  0.55 0.27
   71 D    0  3 -1  1 -4  0  3 -1  0 -4 -3  1 -2 -4 -1  0 -1  1 -2 -2    9  22   2   8   0   3  24   4   1   0   2   6   1   0   3   5   3   2   2   2  0.39 0.22
   72 L   -1  0 -4 -4 -3 -3 -2 -4  1  2  3 -2  2  0 -4 -2  0 -3 -1  1    4   5   0   0   0   0   3   0   3  11  43   2   6   3   0   1   6   0   2  10  0.44 0.25
   73 I    1  1 -3 -4  0 -2 -3 -3 -2  2  0 -1  0 -3 -3  0  0 -4 -3  4   15   8   0   0   2   1   0   1   1  10   6   3   1   0   0   7   5   0   0  39  0.43 0.28
   74 R   -1  6 -2 -1 -2 -1 -1 -2 -1 -4 -1  2 -3 -5 -2 -2 -1 -5 -4 -3    5  61   1   3   1   1   2   2   1   1   6   8   0   0   2   2   3   0   0   1  1.13 0.50
   75 A    3  2 -1  2 -4  2  1  0 -2 -2 -2  0 -1 -4 -3  0  0 -5 -4 -1   27  12   2  11   0   9  10   5   0   2   2   3   2   0   0   5   4   0   0   4  0.31 0.23
   76 S    3 -2 -2 -2 -3 -1 -3  2  1 -2 -2 -3  0 -1 -3  2  0 -5 -3  1   25   1   0   1   0   2   0  19   4   0   2   0   3   2   0  20   5   0   0  14  0.42 0.29
   77 L   -2 -3 -5 -6 -4 -2 -5 -6 -4 -1  2 -2  5  5 -5 -4 -1 -3  3  2    1   1   0   0   0   1   0   0   0   0  18   2  19  27   0   0   4   0   9  17  0.85 0.42
   78 A    1  5 -1 -3 -1  1  0 -2 -1  0 -2  0 -3 -4 -4 -1 -1 -5 -4  1   14  42   2   0   1   7   6   2   1   6   2   1   0   0   0   2   2   0   0  11  0.64 0.36
   79 S   -1  0  4 -3 -5 -1 -1 -2  2 -5 -5 -2 -4 -5 -4  5  0 -6 -2 -3    2   5  19   0   0   2   3   1   6   0   0   1   0   0   0  54   4   0   1   2  1.05 0.55
   80 Y   -3 -5 -2 -6 -5 -2 -5 -6  2 -1  1 -5 -3  3 -6 -3 -2  4  7 -2    2   0   2   0   0   2   0   0   6   4  12   0   0  12   0   2   3   6  47   2  1.31 0.54
   81 A    4 -2 -4 -4 -2 -3 -2  2 -4  0  0 -3  3  1 -4 -1  0 -4  0 -1   39   1   0   0   1   0   2  17   0   4   8   0   9   6   0   1   4   0   3   3  0.48 0.33
   82 R   -2  6  0 -3 -6  1 -2 -5  2 -5 -3  2  1 -5 -1 -3 -1 -5  0 -4    3  54   5   1   0   5   2   0   6   0   2   9   4   0   2   0   4   0   3   1  1.11 0.51
   83 Y   -1 -4  3 -2 -5 -4 -5 -5  1 -4 -1 -4  3  0 -6 -2  0 -2  7 -2    6   0  13   2   0   0   0   0   3   0   4   0   8   2   0   2   6   0  51   2  1.30 0.59
   84 W   -3 -6 -3 -7  2 -2 -6 -1 -4 -2  0 -6 -4  4 -7 -5 -3  9  5 -5    2   0   2   0   4   2   0   6   0   2   8   0   0  17   0   0   2  38  18   0  1.79 0.67
   85 R    2  1 -3 -4  3 -1 -2 -1 -3 -1  0 -2  1  1 -4 -1 -1 -3  2  2   18  11   0   0   8   2   1   5   0   1  10   0   5   7   0   3   2   0  10  17  0.26 0.23
   86 E   -4 -1 -2  4 -7  1  6 -3 -4 -6 -4 -3 -5 -7 -5 -2 -2 -7 -6 -4    0   4   1  22   0   4  61   1   0   0   1   0   0   0   0   2   2   0   0   1  1.54 0.68
   87 A    3 -4 -1 -4 -3  0 -3 -2 -1 -2  1 -3  2  2 -4  1  1 -4  0  1   31   0   3   0   0   3   0   1   1   0  17   0   6   8   0   8   9   0   3  10  0.37 0.30
   88 F   -1 -5 -5 -6  0 -5 -5 -3 -4  1  2 -5  3  6 -2 -3 -2 -3 -1  0    6   0   0   0   2   0   0   2   0   6  19   0   8  46   2   2   1   0   0   6  1.02 0.47
   89 R   -1  6 -1 -5  0 -1 -3 -2 -1 -5 -2  0  1 -5 -5  0  1  3 -1 -5    6  54   3   0   2   2   1   2   2   0   3   2   3   0   0   6   7   5   2   0  1.07 0.57
   90 L   -2 -5 -6 -7 -5 -5 -3 -4 -5  0  5 -5  3  3 -6 -5 -2  0  0 -1    3   0   0   0   0   0   2   1   0   3  63   0   9  11   0   0   2   1   3   3  1.16 0.56
   91 P    0 -2 -3 -1 -5 -1 -2  1  1 -2 -5 -4 -4 -2  6  0 -1  1 -5 -2    6   2   1   3   0   3   2  10   3   2   0   0   0   2  48   7   4   2   0   3  1.14 0.53
   92 A    1  1 -1 -1  0  0  0  1  0 -2 -2  1 -2 -1 -1  2  1 -1  0  0   13   8   1   3   2   3   4   9   3   0   2  11   0   2   2  17   8   1   4   7  0.16 0.15
   93 M   -2  0 -4 -5 -4 -1 -1 -5 -1  1  2 -2  6  0 -1 -3 -2  6 -1  0    2   6   0   0   0   3   4   0   2   7  23   1  24   3   3   1   2  11   1   4  0.67 0.39
   94 D    0  0  1  3 -4 -1 -1  0 -1 -4 -3 -1 -4 -4  1  4  1 -5 -4 -4    5   5   6  16   0   2   3   7   1   0   2   4   0   0   6  33  10   0   0   0  0.51 0.34
   95 H    0  3 -1  1 -4  1 -1 -1  2 -2 -1  1 -1 -2  2 -1 -1 -4  0 -2    7  18   2  10   0   6   3   4   6   1   6  10   2   2  12   3   2   0   3   3  0.28 0.20
   96 G    1  0 -2  2 -5  1  3  1  1 -5 -3  0 -4 -1 -1  1 -2 -5 -4 -4   14   5   0  15   0   7  22  11   3   0   2   6   0   3   2   9   1   0   0   0  0.43 0.30
   97 R   -1  4 -1  1 -1  3  2 -2 -1 -2 -3  1 -1 -3 -4 -1 -2 -5  0 -1    6  23   3   9   1  14  15   3   1   2   1   6   1   1   0   4   2   0   3   5  0.43 0.30
   98 L   -1 -5 -5 -3 -4 -3 -5 -6 -5  4  3 -3  2  1 -2 -4 -3  0 -1  2    5   0   0   2   0   1   0   0   0  29  34   2   4   4   2   0   0   2   2  13  0.77 0.41
   99 G    0  2  0  0 -3 -1  0  0  1 -1  0  0 -2 -2  0  0 -1  2  1  0   10  16   3   6   0   0   5   8   4   5   8   6   0   0   4   5   4   3   7   6  0.10 0.11
  100 E    1  2  0  2 -4  2  1  0  1 -3 -4  1 -3 -1  1  0  0 -5 -3 -1   11  12   4  12   0  12   8   5   4   0   0   6   0   4   7   6   4   0   0   4  0.28 0.21
  101 Q    0  4  0 -3 -4  2 -1 -1  2 -2 -1  1  2 -2 -3  0  1 -4  0 -2    6  29   4   0   0   9   2   4   5   1   8   6   6   1   0   6   8   0   3   3  0.36 0.22
  102 L   -1 -3 -5 -6 -3 -4 -5 -4 -5  3  2 -4  3  2 -5 -3 -1 -4 -3  4    4   1   0   0   0   0   0   1   0  16  21   0   7  10   0   1   4   0   0  36  0.71 0.32
  103 D   -1  4  1  3 -5  0  1 -2  2 -3 -4  0 -4 -5 -3  0  2 -5 -4 -3    3  25   5  20   0   3  10   3   6   1   0   4   0   0   0   7  13   0   0   1  0.57 0.28
  104 V    1  1 -3 -3 -1 -2 -3 -1  0  2  0 -2  0  1  0 -1  0 -3  0  2   11   9   0   1   2   1   0   6   3  16   4   0   1   8   4   4   5   0   3  23  0.18 0.16
  105 I    0 -1 -1  1 -4  0  3 -1  0  0 -2  0  0 -1 -2  0 -1 -4 -2  1    7   3   2   7   0   3  26   4   2   6   2   5   3   3   1   6   2   0   0  16  0.22 0.16
  106 D   -2 -2  1  2 -6 -2  1  5 -2 -3 -5 -3 -5 -6 -1 -1 -3 -6 -6 -5    1   2   8  11   0   1   8  60   1   1   1   0   0   0   2   3   1   0   0   0  1.12 0.40
  107 I   -1 -1 -2  0 -3  0  1 -2 -1  1  2 -1  0  0  0 -1 -1  2  1  1    5   3   0   5   0   3  10   2   1   8  27   3   1   3   5   4   2   4   5   9  0.12 0.10
  108 D    0 -1 -1  3 -5  0  5 -2  3 -3 -4 -2 -4 -2 -1 -2 -2 -6 -4 -4    8   2   2  18   0   2  46   2   9   2   1   0   0   2   3   2   1   0   0   0  0.87 0.37
  109 H    0  1  1 -2 -5  1  0 -4  7 -3 -2 -1 -1 -1 -1 -2 -3  0  3 -1    7   6   8   1   0   6   4   0  38   1   4   2   1   3   2   2   0   1   9   4  0.78 0.34
  110 L   -1 -3 -5 -3  0 -3 -2 -5 -1  1  4 -4  1  1 -2 -4 -3 -4 -3  2    5   1   0   1   2   0   3   0   2   7  51   0   3   7   2   0   0   0   0  16  0.62 0.28
  111 W   -1  3  0  4 -4  1  1 -3  1 -2  0  0 -2 -2 -3 -2 -1  2  0 -2    5  19   2  26   0   5  11   0   4   2  11   2   0   2   0   1   3   3   3   2  0.38 0.20
  112 S    2  2 -1  1 -4  1  3  0 -1 -2 -3  0 -1 -4  0 -1  1 -5 -4 -3   23  14   1   6   0   4  22   5   1   2   2   5   2   0   4   2   8   0   0   0  0.35 0.19
  113 A    4 -1 -2 -1 -3 -1 -1 -1  1 -1  0 -2 -2 -1  0  0 -1 -5 -3 -1   56   2   1   3   0   2   3   4   3   3   8   1   0   2   3   5   1   0   0   4  0.53 0.28
  114 L   -1 -2 -2 -2 -1  0 -2 -4 -1  1  3 -2  2  0 -4 -2  0 -3 -1  1    5   2   1   2   1   4   2   0   1   8  44   2   6   4   0   2   5   0   2   9  0.36 0.18
  115 D    3  1  0  1 -3  0  2 -1  0 -3 -4  1 -3 -4 -2  1 -1 -5 -3 -2   41   8   3   9   0   2  12   2   2   0   0   9   0   0   0   7   2   0   0   1  0.46 0.22
  116 A    3  2 -1 -1 -1  2  1  0  0 -2 -2  0 -2 -3  0  1  1 -4 -1 -2   31  12   2   2   2   9   8   5   2   2   2   3   0   0   3   7   8   0   2   0  0.27 0.15
  117 G   -1 -2 -2 -2 -5 -2 -2  6  0 -6 -5 -1 -2 -5 -2 -2 -2 -5 -5 -5    1   2   0   2   0   1   2  79   2   0   0   3   2   0   2   1   2   0   0   0  1.46 0.39
  118 R   -1  4 -1 -2 -4  1  0  0 -1 -3  0  3 -2 -4 -1  0  0 -4 -3 -3    2  37   2   0   0   3   5   6   1   0  11  21   0   0   3   5   4   0   0   0  0.54 0.22
  119 G    0 -2 -2 -3 -4 -3 -4  6 -4 -5 -3 -3 -4 -5  0  0 -3 -5 -5 -3    7   2   1   0   0   0   0  74   0   0   3   0   0   0   4   7   0   0   0   2  1.29 0.34
  120 A    3 -3 -3 -4  1 -2 -3 -3 -4  2  0 -3  0 -2 -2 -1 -1 -4 -2  4   29   0   1   0   3   1   0   1   0   8   6   0   1   1   1   3   2   0   1  41  0.47 0.22
  121 V   -2 -4 -5 -5 -3 -4 -4 -5 -5  5  1 -4  0 -2  0 -3 -2 -4 -3  4    2   0   0   0   0   0   0   0   0  41  12   0   1   0   4   1   0   0   0  38  0.85 0.28
  122 L    0 -3 -3 -3  2 -2 -3 -2 -3  2  2 -3  1  1 -3 -1 -1 -2 -1  2   10   1   1   1   7   1   1   2   0  14  28   1   4   8   1   2   2   0   0  17  0.26 0.10
  123 A    3 -2 -2 -3 -1 -2 -2 -1 -3  0  1 -2 -1  0 -1 -1  1 -3 -1  2   40   1   1   1   1   1   1   2   0   5  14   1   0   5   1   1   8   0   1  16  0.30 0.15
  124 L    0 -2 -2 -2 -2 -2 -2 -1 -2  0  2 -2  2  0  0  1  2 -3 -2  0    8   1   1   1   0   1   1   5   0   2  32   1   7   3   3  12  18   0   0   4  0.22 0.11
  125 P    2 -2 -2 -2 -1 -2 -2  2 -2 -2 -1 -2  0 -3  4  0  0 -3 -3 -1   20   1   1   1   1   1   1  20   0   1   6   1   3   1  27   6   4   0   0   6  0.56 0.15
  126 H   -3 -2 -2 -3 -5 -1 -2 -4  9 -4 -4 -2 -3 -3 -3 -3 -3 -4  0 -4    1   1   1   1   0   1   1   1  88   1   1   1   0   0   1   1   1   0   0   1  2.50 0.53
  127 S    0 -2 -2 -3  1  0 -2 -3 -2  1  1 -2  3  2 -2  1  1 -2  0  1    6   1   1   1   4   6   1   1   0   7  15   1  14  14   1  12   7   0   2   8  0.19 0.10
  128 G    0 -3 -2 -3 -4 -3 -3  6 -3 -4 -4 -3 -4 -4 -3 -2 -3 -4 -4 -4    8   1   1   1   0   1   1  81   0   1   1   1   0   0   1   1   1   0   0   1  1.50 0.33
  129 N   -1 -1  6 -1 -4 -2 -2  1  0 -4 -4 -2 -3 -3  1  2  0 -4  0 -3    4   2  47   1   0   0   1   8   2   1   1   1   0   0   7  18   3   0   3   1  0.81 0.31
  130 W   -4 -4 -4 -5 -4 -4 -4 -4 -3  0 -3 -4  1  4  0 -4 -4  9  4 -3    1   1   0   1   0   0   1   1   0   6   1   1   4  17   6   1   1  47  13   1  1.84 0.46
  131 D   -2 -2  1  4 -4 -1  5 -3 -2 -4 -4 -1 -3 -4 -3  0  0 -5 -4 -4    1   1   7  32   0   0  42   1   0   1   1   1   0   0   1   7   6   0   0   1  0.98 0.32
  132 M   -1 -1 -3 -4 -2 -1 -3 -4 -1  1  2 -2  2  1 -3 -2  0  3  2  2    2   4   0   1   0   2   1   1   2   7  29   1   6   5   1   2   5   5   7  21  0.31 0.14
  133 A    3 -2 -2 -2 -2 -1 -2  1 -3  0 -1 -2  0  0  0  0  0 -3 -2  2   38   1   0   2   0   3   1  11   0   2   6   1   3   4   3   3   3   0   0  19  0.29 0.18
  134 G    2 -1 -2 -3 -3 -2 -2  4 -3 -1 -1 -2 -2  1  0  0 -2 -3 -2 -1   23   4   0   1   0   0   1  38   0   3   5   1   0   9   4   7   1   0   0   3  0.47 0.20
  135 V    2  1 -2 -2 -1  1  0  0 -1  0 -1 -1  0 -1  0  1  0 -3  0 -1   24   8   0   1   1   9   4   6   1   5   5   2   3   3   3  12   3   0   4   4  0.13 0.09
  136 W    2 -4 -5 -5 -2 -4 -4 -2 -4  0  0 -4  0  1 -5 -1 -2  9  3  0   17   0   0   0   1   0   0   3   0   5   7   0   2   4   0   4   1  36  11   7  1.26 0.46
  137 L    2 -4 -4 -5  0 -3 -4 -4 -2  1  3 -4  2  1 -1 -1 -2  0 -2  1   18   0   0   0   2   0   0   0   1   8  38   0   6   7   2   5   1   1   0  10  0.46 0.26
  138 V    3 -2 -3 -2  4 -2 -2 -1 -4  0 -1 -2 -2 -2 -1  1  0 -5 -4  2   38   2   0   2  10   2   2   4   0   3   5   1   0   1   2   8   4   0   0  17  0.42 0.27
  139 Q    1  1 -1 -2  0  2 -2 -2  2 -1  1  0  2 -1  0  1 -1 -4 -2  0   16   8   1   1   2  14   0   2   6   3  13   4   6   2   3  10   2   0   0   5  0.17 0.16
  140 N   -1  3  0  0 -4  1  0 -2  3 -2  0  1 -1  0 -3 -1  0 -3  1 -1    3  18   4   5   0   8   5   3   9   1   9  10   2   4   0   3   5   0   4   6  0.19 0.15
  141 Y   -2 -2 -1 -2 -5 -3 -4  5  2 -2  0 -3 -3  1 -4 -3 -3 -2  2 -1    2   2   2   2   0   0   0  51   5   2  12   1   0   7   0   0   0   1   8   4  0.78 0.35
  142 G    0 -3 -2 -2 -3 -3 -3  3  0  0  0 -3 -1  2 -4 -2 -1  2  4  0   10   0   1   2   0   0   1  23   3   6  12   0   1   8   0   1   4   3  17   7  0.33 0.20
  143 P   -3 -1 -3  0 -6  0 -1 -1  0 -5 -3  1 -4 -5  6 -1  1 -6 -1 -5    1   3   0   6   0   3   3   4   2   0   2   8   0   0  54   3   8   0   2   0  1.34 0.49
  144 F   -3 -2 -5 -2 -4 -4 -2 -6 -5  2  2 -4  2  3 -3 -4 -1 -4 -2  4    0   2   0   2   0   0   2   0   0  13  19   0   4  14   1   0   3   0   0  38  0.71 0.34
  145 T    1 -2  0 -1  0 -1 -3 -3  1 -1 -1 -3 -2 -1 -3  1  4  3  0  1   11   1   5   3   2   1   0   1   5   3   6   0   0   3   0   8  31   4   2  13  0.35 0.26
  146 T    3 -4 -3 -4 -3 -3 -3 -1 -4  0 -2 -3 -2 -2 -4  2  4 -5 -2  2   25   0   0   0   0   0   0   5   0   4   3   0   0   1   0  14  33   0   1  14  0.64 0.37
  147 V   -2 -5 -6 -6 -4 -5 -5 -4 -6  2  1 -5 -2 -2 -1 -4 -3 -5 -4  6    3   0   0   0   0   0   0   1   0   9  14   0   0   1   3   0   0   0   0  69  1.32 0.54
  148 A    5 -4 -4 -5 -3 -2 -4 -1 -4 -1 -3 -4 -1 -4 -4 -2  0 -5  1  3   54   0   0   0   0   2   0   3   0   3   0   0   2   0   0   0   6   0   6  25  0.90 0.47
  149 E   -1  2 -2  0 -5  0  5 -3  0 -4 -2  1  0 -4 -3 -2 -1 -5 -1 -4    3  14   0   2   0   3  52   2   2   0   4   7   3   0   0   2   2   0   2   0  0.89 0.41
  150 R   -1  5 -1  0 -5  0 -1 -3  1 -4 -4  2 -4 -5  3 -1  0 -5 -4 -2    4  38   2   6   0   3   3   2   3   0   0  14   0   0  13   3   5   0   0   4  0.73 0.35
  151 L   -1 -3 -4 -2 -4  2 -3 -5  2  1  4 -2  1 -1 -1 -3 -1 -4 -3  1    4   0   0   2   0  11   0   0   6   6  50   1   3   2   3   0   3   0   0   9  0.59 0.34
  152 K    0  2  1  1 -4  1  2  0  0 -4 -4  3 -1 -4  0  0 -1 -4 -2 -2    6   9   7   7   0   6  13   7   2   0   0  24   2   0   4   7   2   0   1   2  0.36 0.20
  153 P   -3 -4  4  3 -6 -1 -2 -4 -1 -6 -6 -2 -5 -2  6 -1 -3 -6 -5 -5    1   0  25  15   0   3   1   0   1   0   0   1   0   2  46   4   0   0   0   0  1.51 0.57
  154 E    0  1  1  0 -5  0  3 -2 -3 -3 -4  1  0 -5  4 -1 -2 -6 -5 -3    8   8   6   4   0   2  25   2   0   1   1  10   3   0  25   2   1   0   0   1  0.68 0.33
  155 S    1  2 -2  0 -4  0  2  0  0 -3 -1  0 -1 -1  0  1 -1 -1  0 -2   16  16   0   4   0   2  13   9   3   0   6   5   1   2   4  10   2   1   3   1  0.20 0.16
  156 L   -3 -4 -4 -2 -3 -1 -2 -5 -1  2  3 -4  3  1 -4 -3 -2  1 -2  2    1   0   0   3   0   4   3   0   2  15  40   0   7   7   0   1   2   2   0  15  0.57 0.29
  157 Y   -1 -4  1  2 -5 -2 -1 -3  3 -3 -1 -3 -1  5 -4 -1 -1 -3  3 -3    5   0   6  14   0   1   4   1   9   0   6   0   2  29   0   5   4   0  13   0  0.61 0.33
  158 R    0  4  0  3 -3  2  3 -4 -2 -5 -4  1 -4 -5 -4  0  0 -6 -4 -4    8  25   3  18   1   8  19   0   0   0   1   6   0   0   0   6   6   0   0   0  0.68 0.34
  159 R    0  2 -3 -2 -4  0  0 -3 -2 -1  1  0  0  2 -4 -2  0  5  2 -2   10  14   0   2   0   3   8   1   0   2  19   6   1  13   0   0   5   9   6   1  0.32 0.23
  160 F   -4 -2 -6 -6 -5 -2 -5 -6 -4  1  2 -5  1  6 -6 -5 -4 -3  1  2    0   2   0   0   0   2   0   0   0   7  17   0   4  50   0   0   0   0   4  13  1.23 0.49
  161 V   -1  0  2  0 -3 -1 -1 -4 -2  2  1 -1 -1 -1 -4 -1  1 -4 -3  2    2   5  13   5   0   3   4   0   1  15  13   3   0   2   0   2  10   0   0  22  0.24 0.19
  162 E    1  3  0  1 -4  0  3 -1 -1 -4 -3  0 -3 -4 -3  2  0 -1  0 -4   13  18   2   9   0   3  21   4   1   0   1   3   0   0   0  15   4   1   3   0  0.43 0.26
  163 Y   -1 -2 -2 -5 -1  0 -3 -4  2  1  2 -2  2  2 -5 -3 -1  0  5  0    5   2   1   0   1   4   1   1   7   6  26   1   5   9   0   0   3   1  23   4  0.51 0.28
  164 R   -5  8 -4 -6 -7 -3 -4 -6 -4 -2 -6 -1 -5 -7 -6 -5 -5 -7 -6 -6    0  97   0   0   0   0   0   0   0   3   0   0   0   0   0   0   0   0   0   0  2.81 0.94
  165 E    1  3 -1 -1 -1  2  3 -1 -1 -3 -4  0 -2 -4 -3  1  1 -5 -4 -2   12  17   1   1   1   9  26   3   1   1   0   3   1   0   0  11  11   0   0   2  0.49 0.28
  166 S    2  3 -1 -1 -4  1 -1  1  0 -1 -3  0  1 -4 -3  3 -1 -5 -4 -3   17  16   2   3   0   6   2  10   2   4   1   4   5   0   0  24   3   0   0   0  0.37 0.26
  167 L    0 -1 -2 -3  0 -2 -3 -1  0  0  3  0  2  0 -2  0 -1 -3  0  1    8   3   1   1   2   0   0   6   3   4  34   8   6   3   2   6   2   0   3   8  0.19 0.16
  168 G   -3 -2 -1 -2 -7 -5 -5  7  0 -7 -7 -3 -6 -7 -6 -3 -2 -7 -6 -7    0   2   3   2   0   0   0  87   3   0   0   1   0   0   0   0   2   0   0   0  2.09 0.70
  169 F   -3 -4 -2 -5 -2 -1 -4 -1 -1  2  1 -4  5  2 -5 -1 -3 -4 -1  3    0   0   2   0   1   4   0   6   2  14  11   0  25   9   0   4   0   0   2  21  0.58 0.33
  170 E   -1  2  1  0 -4  1  3  0  2 -3 -4  2 -1 -4 -3  0  1 -5 -3 -2    2  13   6   3   0   5  20   7   7   1   0  17   2   0   0   6   8   0   0   3  0.42 0.23
  171 V   -1 -4 -4 -4 -3 -3 -4 -2 -4  4  1 -1  1  0 -4 -3  0 -4 -1  4    5   0   0   0   0   0   0   3   0  34  10   4   3   3   0   0   5   0   2  30  0.62 0.32
  172 L   -1 -3 -3 -4 -3 -3 -1 -4  1  4  2 -2 -1  2 -4 -3 -1 -3  2  1    5   0   0   0   0   0   4   1   4  34  21   3   0   7   0   1   3   0   9   7  0.45 0.26
  173 P    0 -3 -1 -1 -4 -1  0 -1  0 -3 -2 -1 -3 -3  5  1 -1 -4  1 -2    8   1   3   3   0   3   7   5   3   1   4   3   0   0  39  10   3   0   5   2  0.77 0.31
  174 L    0  1 -1 -3 -3  0 -2 -3  1  1  1  1  1 -1  0 -1  0 -3  0  1   10   7   2   1   0   4   1   1   6   6  19  10   3   2   5   2   3   0   4  15  0.12 0.11
  175 T    0  0 -1  0 -3  0  0  2 -2 -1 -2  1 -2  0 -2  1  2 -3 -2 -1    7   6   1   7   0   2   5  19   0   3   3  12   0   5   1   8  18   0   0   3  0.22 0.16
  176 G    1  1  0 -1 -3  1 -1  3  2 -2 -2  0 -1 -3 -1  0  1 -3 -2 -2   13   7   4   3   0   6   3  26   6   3   3   4   2   1   3   6   9   0   0   2  0.25 0.14
  177 G    2 -2 -2 -1 -4 -2 -1  5 -2 -4 -3 -1 -3 -4 -2  0 -1 -4 -4 -2   16   2   0   4   0   0   4  50   1   1   2   3   0   0   2   5   4   0   0   4  0.74 0.29
  178 E    0 -1 -1  1 -3  1  2  0 -1 -1 -1  0  0 -2  1 -1  0 -4 -2  1   10   1   3   8   0   5  19   6   1   2   4   6   3   2   7   3   4   0   1  14  0.16 0.12
  179 R   -1  4  0 -1 -3  1 -1 -1  1  0 -1  2 -1 -1 -1 -1  0 -3 -2 -1    5  31   4   3   0   5   2   4   3   6   4  15   1   3   3   4   4   0   0   3  0.35 0.18
  180 P    1  1  0  0 -3  0  0  1  1 -1 -2  0 -2 -3  3  0 -1 -3 -2 -1   11   9   4   7   0   3   4  10   5   3   3   4   0   1  19   8   2   0   1   5  0.29 0.12
  181 P    1 -1 -2 -1  0 -2 -2  0 -3  0  0 -2  2  0  3 -1  1 -3 -2  2   16   3   1   4   2   1   2   7   0   4   6   1   7   4  14   2   9   0   0  16  0.21 0.14
  182 F   -2  0 -2 -2 -3 -2 -3 -2 -1  1  2 -2  2  3 -1 -1 -1 -2  2  1    2   5   1   2   0   1   1   3   2  10  23   1   6  19   3   3   3   0   7   8  0.27 0.15
  183 E    0  3  0  0 -3  1  2  0 -1 -2 -2  2 -2 -2  0  0 -1 -3 -3 -2    7  20   4   6   0   5  15   6   1   2   3  13   0   2   5   5   3   0   0   3  0.30 0.15
  184 V    1  1 -1 -2  0  0  0 -1  0  0  1  0 -1 -2 -2  0  1 -3 -2  1   14   8   3   1   2   5   5   4   2   5  13   5   0   0   1   6  10   0   0  14  0.08 0.08
  185 L   -1 -4 -5 -6 -4 -4 -5 -5 -5  1  5 -4  2 -1 -5 -3 -2 -4 -2  1    4   0   0   0   0   0   0   0   0   6  69   0   6   2   0   1   2   0   1   8  1.09 0.43
  186 A    1  2 -2 -2  1 -1  0 -2  0  1  0  0  1 -1 -2  0  0 -3 -2  1   16  16   1   1   3   2   6   2   2   7  10   6   4   2   1   4   4   0   1  12  0.13 0.11
  187 E    0  4  0  1 -4  2  3 -1 -2 -4 -3  2 -3 -4 -3 -1 -1 -4 -3 -3    7  28   2   8   0   8  20   3   0   1   2  11   0   0   1   4   3   0   0   1  0.55 0.25
  188 R    2  2 -1  0 -1  0  0 -1  1 -1 -1  0  0 -1 -2  0  0 -3 -1  0   21  16   1   6   2   3   7   5   5   4   5   5   3   3   1   4   5   0   1   6  0.13 0.10
  189 L    0 -1 -3 -4 -3 -3 -2  0 -2  0  4 -2  1 -2 -2 -3 -2 -3 -1  0    6   4   1   1   0   1   2   7   1   4  54   2   4   1   2   1   2   0   2   6  0.49 0.24
  190 T    0  5  1 -2 -2  1  1 -2 -2 -2 -4  2 -3 -2 -3  0  0 -4 -3 -2    8  35   6   0   1   6  10   3   0   2   1  11   0   2   0   7   6   0   0   2  0.56 0.27
  191 D    1  1  1  1  0  2  2  1 -2 -3 -3  1 -1 -3 -1  0 -1 -4 -3 -3   15  10   9   7   3   8  16  11   0   1   2   6   2   0   3   4   1   0   0   1  0.28 0.15
  192 N   -2 -1  4 -1 -5 -2 -2  5  0 -3 -4  0 -4 -5  0 -1 -3 -5 -5 -5    2   3  24   2   0   1   2  47   2   2   2   5   0   0   5   2   0   0   0   0  0.92 0.38
  193 R   -1  3 -1 -2 -4  2  2  3  1 -4 -2  1 -3 -4 -3 -1 -1 -2  0 -2    5  22   1   1   0   8  14  23   4   0   3   8   0   0   0   2   2   0   3   3  0.44 0.24
  194 P    1 -3 -4 -4  0 -3 -3 -2 -2  2  2 -2  1  0 -1 -2  0  0 -2  3   12   1   0   0   2   0   0   3   1  13  19   2   3   3   3   0   4   1   1  31  0.37 0.21
  195 I   -2 -5 -6 -6 -4 -5 -5 -6 -6  4  2 -5  1 -2 -5 -4 -3 -5 -4  5    3   0   0   0   0   0   0   0   0  23  15   0   3   1   0   0   0   0   0  54  1.23 0.48
  196 C    3 -4 -4 -4  6 -4 -4  2 -4  0 -3 -4 -3 -2  2 -1 -2 -5 -4  0   31   0   0   0  21   0   0  17   0   6   2   0   0   2  11   2   2   0   0   6  0.77 0.36
  197 L   -4 -5 -6 -6 -4 -5 -6 -6 -5  3  5 -5  2  0 -5 -5 -4 -5 -4  0    0   0   0   0   0   0   0   0   0  17  70   0   5   3   0   0   0   0   0   4  1.35 0.50
  198 M   -1 -5 -5 -6 -4 -3 -5 -4 -5  1  5 -5  3 -2 -2 -4 -2 -5 -4  2    4   0   0   0   0   1   0   1   0   4  58   0   9   0   2   0   2   0   0  19  0.99 0.43
  199 A    4 -4 -2 -2  2 -3 -3  2 -4  0 -2 -3  0 -2 -1  1 -2 -5 -4  0   48   0   1   2   5   0   0  17   0   5   2   0   2   1   3   7   1   0   0   6  0.63 0.35
  200 E   -5 -5 -2  7 -7 -1  1 -5 -4 -7 -7 -4 -6 -7 -5 -4 -4 -7 -6 -6    0   0   0  88   0   2   9   0   0   0   0   0   0   0   0   0   0   0   0   0  2.46 0.78
  201 R   -4  7 -3 -5 -6  4 -3 -5  0 -6 -3 -1 -4 -6 -5 -4 -4 -6 -5 -5    0  71   0   0   0  24   0   0   1   0   2   0   0   0   0   0   0   0   0   0  2.04 0.72
  202 D   -1 -5  1  7 -7 -4 -2 -3  2 -7 -7 -2 -6 -7 -3 -2 -4 -8 -6 -7    5   0   4  81   0   0   0   2   5   0   0   1   0   0   1   2   0   0   0   0  2.11 0.71
  203 L    0 -4 -4 -5 -3 -2 -4 -2 -4  3  3 -4  2  1 -1 -2 -1 -4 -3  1    8   0   0   0   0   2   0   4   0  19  39   0   5   8   4   1   3   0   0   7  0.52 0.27
  204 T    0  0  1 -1 -4  1 -1  1 -1 -4 -3  1 -3 -3 -2  3  3 -5 -4 -2    5   3   5   2   0   5   4  12   1   0   2   7   0   1   1  33  18   0   0   2  0.46 0.28
  205 R    1  4  0 -1 -4 -1  0  3  0 -4 -3  0 -3 -4 -3  0 -1 -5 -4 -3   16  24   3   3   0   2   5  27   2   0   3   4   0   0   0   5   4   0   0   1  0.51 0.26
  206 S    0  2  2  1 -4  0  1  0  2 -4 -3  1 -3 -4 -1  2  1 -5 -2 -3    6  16   9   8   0   2   7   7   7   0   1   6   0   0   2  18  10   0   1   0  0.36 0.21
  207 G   -2 -5 -2 -2 -6 -5 -5  7 -5 -7 -7 -2 -6 -7 -6  0 -4 -7 -7 -7    1   0   1   2   0   0   0  87   0   0   0   2   0   0   0   6   0   0   0   0  2.11 0.68
  208 V   -2 -2 -5 -6 -4 -4 -4 -6 -2  4  0 -5  1 -3 -2 -4 -3 -1 -4  5    2   2   0   0   0   0   1   0   1  27   7   0   3   0   2   0   0   1   0  54  1.12 0.47
  209 Q   -1 -1 -2 -1 -2  0  3 -2 -1 -1 -1  0 -1  3  3 -1 -1 -1 -1 -1    5   2   1   2   1   3  22   2   1   3   4   5   1  18  17   2   3   1   1   5  0.37 0.23
  210 V   -1 -4 -5 -6 -4 -5 -5 -4 -2  0  0 -5  1 -4 -5 -1  0 -6 -4  6    3   1   0   0   0   0   0   1   1   2   6   0   3   0   0   6   4   0   0  74  1.29 0.55
  211 D   -3  0  1  4 -5  0  2 -4  0 -5 -5 -1 -4 -5  3  0  1 -6 -5 -2    0   6   6  26   0   3  16   0   2   0   0   3   0   0  19   5  10   0   0   3  0.74 0.33
  212 F   -2 -6 -7 -7 -5 -6 -7 -7 -5 -2  1 -6 -1  8 -7 -5 -5  4  1 -3    3   0   0   0   0   0   0   0   0   1  13   0   1  72   0   0   0   6   3   1  2.04 0.68
  213 F   -2 -4 -6 -4  2 -5 -6 -1 -4 -3  0 -5  0  7 -2 -5 -2  0 -1 -3    3   1   0   1   5   0   0   6   0   0   7   0   3  69   3   0   2   1   0   1  1.63 0.60
  214 G   -2 -3  1 -1 -6 -5 -5  6 -5 -7 -7 -3 -6 -7 -5 -2 -1 -7 -7 -6    2   1   6   4   0   0   0  80   0   0   0   1   0   0   0   2   3   0   0   0  1.84 0.61
  215 E    0  4 -2 -2 -2  1  3 -1  2 -2 -4  0 -1 -2 -2  0 -1 -5 -1 -2    9  26   0   0   1   6  22   4   7   3   0   4   1   2   1   8   3   0   2   2  0.47 0.27
  216 A   -1  2 -2 -1 -5 -1  1 -3 -1 -3 -1  1  0 -3  5 -2  1  0 -2 -2    4  11   1   4   0   2   8   1   1   0   5   9   3   1  34   2   9   1   1   2  0.68 0.30
  217 T    4 -4 -4 -4  1 -2 -3 -2 -1  0 -2 -2 -1 -4 -4  0  3 -5 -4  1   51   0   0   0   3   1   0   1   1   6   2   1   2   0   0   3  22   0   0   9  0.82 0.42
  218 R   -1  4  0 -2 -1 -1 -3 -2  0 -3  0 -1  2 -3 -1  2  2 -4  0 -3    2  29   4   1   1   1   0   3   2   1  11   2   6   0   2  19  12   0   4   0  0.42 0.28
  219 M   -2 -4 -4 -5 -4 -3 -4 -5  0  0  1 -4  5  2 -5 -2  3 -4 -3  3    2   0   0   0   0   0   0   0   2   2  14   0  22   9   0   2  27   0   0  20  0.78 0.40
  220 P    3 -5 -1 -5 -5 -4 -4 -5  0 -3 -4 -4 -1 -2  7 -2 -2 -6 -3 -2   25   0   3   0   0   0   0   0   2   1   1   0   1   1  57   2   2   0   1   3  1.67 0.59
  221 A    3  1 -3 -1 -3 -1 -2  0 -3 -1 -2  0 -1 -4  3  0  1 -5 -2  1   33   7   0   3   0   2   0   6   0   3   3   5   1   0  14   4  10   0   1   9  0.39 0.24
  222 G   -1 -6 -4 -5 -6 -5 -5  7 -6 -7 -5 -5 -6 -7 -6 -1 -3 -7 -7 -6    4   0   0   0   0   0   0  91   0   0   1   0   0   0   0   3   1   0   0   0  2.27 0.71
  223 P    1 -5 -5 -5 -1 -5 -5 -5 -1 -3 -1 -4 -5 -6  7 -2 -3 -7 -6 -3   12   0   0   0   1   0   0   0   2   1   7   0   0   0  72   3   1   0   0   1  2.15 0.69
  224 A    6 -5 -5 -5 -4 -4 -4 -2 -2 -1 -3 -4 -4 -5 -2 -2 -1  0 -5  1   78   0   0   0   0   0   0   1   1   3   1   0   0   0   2   0   2   1   0  11  1.39 0.59
  225 K    2  2 -3 -3 -3  0  0 -3  1  0  1  0  0 -1 -3 -1  0 -4 -3  1   25  12   0   0   0   4   6   0   4   3  20   5   2   2   0   2   7   0   0   9  0.25 0.19
  226 L   -4 -5 -6 -7 -4 -5 -6 -7 -5  2  5 -5  2  2 -6 -5 -4 -4 -3  0    0   0   0   0   0   0   0   0   0   9  71   0   5  10   0   0   0   0   0   5  1.33 0.48
  227 A    6 -4 -4 -3 -4 -4 -4 -3  0 -3 -5 -4 -4 -5 -4  2 -3 -6 -5 -3   84   0   0   1   0   0   0   0   2   1   0   0   0   0   0  11   0   0   0   0  1.64 0.64
  228 I   -1  2 -4 -4 -4  2 -3 -5 -3  1  3  0  2 -1 -4 -3 -2 -4  0  0    6  14   0   0   0  12   0   0   0   7  40   5   4   1   0   1   2   0   3   6  0.48 0.27
  229 E   -1  5 -1  1 -5  1  1 -4  1 -3 -1  2  0 -5 -4 -2 -1 -1 -4 -3    5  42   3   7   0   6   8   0   3   1   6  14   2   0   0   1   2   1   0   1  0.75 0.34
  230 T    0 -4 -3 -4  1 -3 -3 -2 -1 -2 -1 -2 -2 -1 -4  1  6 -5 -1 -1    7   0   0   0   3   0   1   2   1   2   7   1   1   2   0  10  59   0   2   3  0.97 0.46
  231 G   -3 -1  1  0 -6 -1 -2  6 -1 -7 -7 -1 -6 -6 -5 -3 -4 -1 -6 -6    0   3   5   5   0   2   2  76   2   0   0   4   0   0   0   0   0   1   0   0  1.64 0.54
  232 A    5  0 -3 -5  0 -3 -3 -3 -4 -2 -1 -3 -3 -5 -2  0 -1 -6 -5  0   70   5   1   0   2   0   1   0   0   1   5   0   0   0   1   4   2   0   0   7  1.06 0.48
  233 A    2 -4 -4 -1 -1 -3 -3 -4 -3 -3 -2 -4 -1 -5  6 -2 -1 -6 -4 -1   23   0   0   3   1   1   1   0   0   1   3   0   2   0  55   2   4   0   0   4  1.50 0.51
  234 L   -3 -5 -6 -6 -4 -5 -5 -6 -5  3  4 -5  1 -1 -5 -5 -3  0 -4  3    1   0   0   0   0   0   0   0   0  15  56   0   3   1   0   0   0   2   0  23  1.12 0.42
  235 F   -3 -2 -5 -5  0 -4 -4 -5  1  2  2 -4  1  3 -5 -4 -3  2  3  3    0   2   0   0   2   0   0   0   4  15  18   0   3  15   0   0   0   3  10  27  0.62 0.27
  236 P    0 -4 -4 -4 -1 -4 -4  0 -2 -3 -4 -4 -1 -2  7 -2  1 -6 -3  1    7   0   0   0   2   0   0   6   1   0   0   0   1   2  57   2   8   0   1  12  1.48 0.49
  237 V    2 -4 -4 -4 -1 -3 -4  1 -4  1  0 -4  2 -2 -4 -1  1  0 -3  4   20   0   0   0   1   0   0  10   0   7   6   0   5   1   0   2   8   1   0  40  0.52 0.29
  238 H    2 -1  1 -1  0 -2 -2 -1  3 -2 -2 -3  0  4 -3  0  1 -3  2 -1   18   2   6   4   2   0   1   4  11   1   3   0   2  22   0   7  10   0   6   2  0.33 0.22
  239 C    0 -2 -3 -2  4 -3 -3 -1 -4  3  0 -3  2 -1 -2  0  1 -4 -3  2    8   1   1   2  13   0   0   5   0  21   9   0   6   2   1   7  10   0   0  13  0.33 0.20
  240 W   -2  1 -3 -4 -2 -1 -2 -4  4  0 -1 -1 -1  1 -3 -1  0  6  3  0    2  10   0   0   1   2   2   0  15   5   5   3   1   7   1   5   5  16  12   7  0.56 0.26
  241 F   -2  4 -1 -4 -5 -1 -3 -5  0 -2  0 -1 -1  4  0 -1 -1 -2  4 -2    2  27   2   0   0   2   0   0   2   1  11   2   1  22   4   3   3   0  16   1  0.61 0.31
  242 E   -1  0 -1  2 -5  1  4 -1  2 -2 -3  1 -3 -4  1 -1  1 -5 -4 -2    3   5   2  12   0   4  32   4   5   3   2   6   0   0   7   3  10   0   0   2  0.45 0.23
  243 G    0  1 -2  1 -5 -3 -1  5 -4 -3 -5  0 -4 -5  2 -1 -1 -5 -5 -3    5  10   1   7   0   0   4  49   0   1   0   5   0   0   9   3   4   0   0   2  0.78 0.32
  244 D   -1  1  2  4 -5  1  1  0  2 -5 -4  0 -4 -5  0  1  0 -5 -4 -3    3   9   9  28   0   5   8   9   5   0   1   4   0   0   4  11   5   0   0   1  0.50 0.23
  245 G    0  3 -2 -2 -5 -1 -2  5 -1 -3 -5 -1 -3 -4 -2 -1 -1 -5 -1 -3    6  20   1   1   0   3   1  48   1   1   0   3   0   0   2   4   3   0   2   2  0.80 0.34
  246 W   -2 -2 -4 -5 -2 -3 -3 -3  5 -1  0 -4  1  0 -3 -1 -2  8  4 -1    2   3   0   0   1   0   1   1  15   4   8   0   5   3   1   4   2  25  19   5  1.04 0.40
  247 G    0  2 -1 -2 -2  0  0  3  3 -2 -2  0 -3  0 -1  0 -1 -4  0  0    5  15   1   1   1   3   7  25   8   2   4   4   0   4   2   5   3   0   3   6  0.24 0.17
  248 M   -1 -3 -4 -3  0 -2 -4 -1  0  3  2 -4  3  1 -3 -2 -2 -4  0  2    5   1   0   1   3   2   0   5   3  22  18   0  10   8   1   2   1   0   3  13  0.36 0.22
  249 R   -2  4 -2  0 -1  1  1 -3  3  0 -2  1 -1 -1 -2 -1  0 -2 -3  1    2  25   0   5   1   7  10   1   8   5   2   8   2   4   2   2   6   1   0  11  0.33 0.23
  250 V    0 -5 -5 -4 -1 -3 -2 -5 -5  4  1 -4  0  1 -3 -3  0 -5 -2  4    6   0   0   1   1   1   3   0   0  28   9   0   2   5   1   1   5   0   1  37  0.70 0.34
  251 Y   -1  1 -1 -2 -2  0  1 -1  4  0 -1 -2 -1  2 -2  1 -1  3  2  0    3   8   3   1   1   2  11   4  12   5   5   0   1   9   2  11   3   5  10   6  0.20 0.17
  252 P   -1 -4 -4  1 -6 -1  2 -1 -1 -2 -3 -2 -5 -3  6 -3 -4 -7 -6 -1    5   0   0   7   0   2  12   5   2   2   3   2   0   1  55   1   0   0   0   4  1.40 0.53
  253 E    1  1 -1  0 -5 -1  2 -2 -3 -1 -3  0 -4 -5  5 -1 -3 -5 -1 -2   13  10   3   4   0   2  18   2   0   4   1   5   0   0  29   2   0   0   2   3  0.67 0.33
  254 L   -1 -1 -4 -4 -3 -1 -1 -2 -4  3  2 -2  1  0 -1 -1  1 -4 -3  1    3   3   0   0   0   3   4   3   0  28  21   2   4   3   3   2  11   0   0  10  0.33 0.22
  255 D   -1 -1  1  4 -5 -1  3  1 -1 -5 -4 -1 -4 -5  2  0 -2 -5 -1 -2    5   2   6  26   0   1  21  10   1   0   1   3   0   0  12   6   1   0   2   3  0.58 0.29
  256 T    0 -1  1  0  1 -2  0 -1  0  1  0 -1 -1 -2  1  0  2 -4 -1  1    7   3   8   5   3   0   7   3   3   8   7   1   1   1   7   5  14   0   2  15  0.10 0.10
  257 S    0  2 -1  0 -4  0  2 -1 -2 -3 -2  0 -1 -4  2  1  1 -4 -4 -1    9  13   2   6   0   3  19   4   0   0   3   4   1   0   9  13   9   0   0   4  0.32 0.19
  258 S    1  1 -1  1 -4  1  2  0  0 -3 -3 -1 -1 -4  2  1  1 -4 -3 -1   11  10   1   8   0   6  13   7   2   0   1   2   1   0   9  11  12   0   0   5  0.28 0.17
  259 G    1 -2 -1  1 -2 -1  1  4 -3 -4 -3 -2 -4 -4 -1  0 -1  0 -2 -4   14   2   2   7   1   3   9  43   0   0   2   1   0   0   3   6   4   1   1   0  0.62 0.29
  260 D   -1  2 -1  6 -6 -1  2 -1 -3 -5 -5  1 -5 -6 -3 -1  0 -6 -5 -5    6  10   1  47   0   2  13   4   0   0   0   7   0   0   1   3   5   0   0   0  0.98 0.42
  261 V   -1 -2 -3 -5 -4  0 -4 -3 -4  3  1 -3  2 -3 -2 -2  0 -5 -4  4    5   2   1   0   0   4   0   1   0  20  12   1   6   0   2   1   5   0   0  39  0.63 0.33
  262 T    2  1 -1 -1 -4  3  2  0  0 -2 -1  1 -2 -3  0 -1  0 -4 -1 -1   18   7   1   1   0  14  18   6   2   1   6   6   0   1   4   3   6   0   2   3  0.26 0.19
  263 A    3  3  0  1 -2  1  2 -2  0 -3 -1  0 -3 -4 -3  0 -1 -5 -2 -1   30  16   4   7   1   6  12   1   2   1   5   3   0   0   0   4   3   0   1   3  0.36 0.25
  264 I    0 -1  0 -1 -3 -3 -2 -1 -1  2  1 -2  4  0 -4 -1  1 -4 -3  1    6   2   5   4   0   0   1   6   1  14  16   2  16   3   0   3   8   0   0  13  0.25 0.19
  265 T    0 -4 -2 -5  0 -4 -4 -5 -5 -1  0 -4  2 -2 -5  0  6 -6 -4  1    5   0   1   0   2   0   0   0   0   3   8   0   6   1   0   5  59   0   0   9  1.11 0.53
  266 Q   -1  2 -2 -1 -1  7  0 -4 -1 -6 -5  1 -4 -6 -5 -2 -1 -6 -5 -3    6  12   1   3   1  58   5   1   1   0   0   6   0   0   0   1   3   0   0   2  1.37 0.61
  267 A    2  2 -2  1 -4  2  2 -2 -1 -1 -2  1 -1 -4 -3  0  0 -5 -1 -1   24  15   0   9   0   8  12   1   1   3   2   6   2   0   0   6   4   0   2   5  0.31 0.22
  268 L   -3 -5 -3 -6  3 -1 -4 -5 -4  2  3 -5  4 -1 -5 -3 -2  7  1  1    1   0   1   0   8   2   1   1   0  11  27   0  12   2   0   1   1  19   4   9  0.90 0.38
  269 A    4 -4  0 -4 -1 -3 -4 -3 -1  0 -1 -3  1 -4 -4 -1  2 -5 -4  3   45   0   5   0   1   0   0   0   2   4   4   0   5   0   0   3  11   0   0  20  0.70 0.40
  270 D    0  1  1  4 -4  1  0 -1  0 -3 -3  0 -3 -4 -3  1  0 -5 -1 -2   10   7   8  29   0   6   5   5   2   1   3   6   0   0   0   9   4   0   3   2  0.42 0.23
  271 R    1  2 -1 -1  0  0  1 -2  1  1 -1 -1 -1  0 -3 -1 -1  1  0  1   15  16   2   3   2   5   9   2   4   9   5   0   1   4   0   2   3   2   3  13  0.12 0.14
  272 F   -4 -5 -6 -6 -4 -3 -6 -6 -5  2  3 -5  4  6 -6 -5 -1  2 -1  1    0   0   0   0   0   1   0   0   0   9  27   0  10  37   0   0   3   2   1   9  1.09 0.45
  273 A    3 -4 -3 -2 -5 -1  5  0 -1 -5 -2 -3 -4 -6 -4  0 -2 -6 -5 -2   24   0   0   0   0   1  53   8   1   0   4   0   0   0   0   6   1   0   0   3  1.05 0.51
  274 A    1  2  0  1 -4  2  2 -1 -1 -3 -3  1 -1 -4  1  0  0 -5 -2 -3   16  14   5   7   0   9  15   5   1   2   1   7   2   0   7   3   5   0   1   0  0.33 0.20
  275 N    1  1  1 -2  0  1 -1  1  1 -1  1 -2  3 -1 -3 -1 -1  2  1 -1   11   8   7   2   2   6   2  10   3   3  14   0  11   2   0   3   2   4   7   3  0.12 0.14
  276 I   -4 -6 -7 -7 -4 -6 -6 -7 -7  6  1 -6  1 -3 -6 -5 -4 -6 -5  3    0   0   0   0   0   0   0   0   0  65  11   0   3   0   0   0   0   0   0  21  1.69 0.61
  277 A    2  6 -3 -4 -2  1  0 -2 -3 -5 -3  0 -1 -5 -4  0 -1 -6 -5 -3   20  49   0   0   1   4   4   2   0   0   2   4   2   0   0   6   4   0   0   1  1.00 0.47
  278 T    2  4 -1  1 -4  2  2 -4 -3 -4 -2  2  0 -5 -2 -2  0 -5 -4 -3   22  24   2   7   0   8  14   0   0   0   5  10   2   0   2   1   4   0   0   1  0.51 0.30
  279 Y   -1  0  0  1  0 -2 -3 -5  8 -3 -5 -1 -5 -2 -5  0 -2  1  3 -3    6   5   4   7   2   1   0   0  48   1   0   3   0   1   0   6   1   2  13   2  1.35 0.55
  280 P   -3 -6 -6 -6 -2 -5 -5 -6 -6 -3 -3 -5 -5 -7  8 -3 -2 -8 -2 -1    1   0   0   0   1   0   0   0   0   2   3   0   0   0  83   2   3   0   1   5  2.60 0.84
  281 A    1 -1 -1  2 -5  2  4 -1  1 -4 -2 -1 -3 -5 -3  0  0 -5 -4 -1   14   3   2  13   0  12  30   3   3   0   3   2   0   0   0   6   6   0   0   5  0.52 0.30
  282 D   -4 -3 -1  5 -7  5  2 -5  0 -7 -5 -3 -5 -7 -5  0 -4 -7 -6 -6    0   0   1  44   0  36  10   0   2   0   1   0   0   0   0   6   0   0   0   0  1.56 0.63
  283 W   -8 -8 -9-10 -8 -7 -8 -8 -7 -7 -7 -8 -6 -4 -9 -8 -8 12  2 -7    0   0   0   0   0   0   0   0   0   0   0   0   0   0   0   0   0  95   5   0  4.96 1.30
  284 H   -2 -4 -4 -5 -6 -1 -4 -6  8 -4  0 -4  0  4 -4 -4 -3 -5  1  0    2   0   0   0   0   2   0   0  54   0  10   0   3  16   1   0   1   0   3   7  1.72 0.65
  285 M   -3 -5 -3 -7 -1 -4 -6 -6 -6 -1  0 -5  8 -3 -6 -3 -4  7 -4  3    1   0   1   0   1   0   0   0   0   1   6   0  47   0   0   2   0  19   0  20  1.82 0.67
  286 L   -3 -5 -5 -6  0 -2 -5 -6 -1  0  4 -5  4  4 -5 -4 -1 -4 -2 -1    2   0   0   0   2   2   0   0   2   2  54   0  12  19   0   0   3   0   0   2  1.07 0.45
  287 Q   -2  1 -3 -4 -6  7  0 -4  5 -6 -4 -2 -4 -2 -5 -2 -4 -5  0 -3    2   6   0   0   0  62   4   1  17   0   1   0   0   1   0   1   0   0   2   2  1.71 0.68
  288 P   -1  4 -2  0 -6 -1 -2 -5 -4 -5 -5  2 -5 -6  6 -1 -2 -7 -5 -4    5  23   1   5   0   1   1   0   0   0   0  14   0   0  43   4   1   0   0   1  1.32 0.48
  289 Q   -2  3  0 -4 -4  0 -3 -5 -3  2  1 -2  1  1 -3 -3 -3 -4 -3  3    1  22   6   0   0   4   0   0   0  15  13   0   4   6   1   0   0   0   0  28  0.53 0.29
  290 W   -6 -7 -7 -8 -7 -6 -7 -7 -5 -6 -5 -7 -5  5 -8 -4 -6 11  1 -6    0   0   0   0   0   0   0   0   0   0   0   0   0  27   0   2   0  68   4   0  3.54 0.90
  291 I   -2 -1  0 -1 -3 -2 -2 -4 -3  2  2 -1  0 -2  3 -1  1 -4 -3  2    0   2   5   3   0   0   2   0   0  11  23   5   1   0  15   4   9   0   0  18  0.29 0.13
  292 A    3 -1  0  0 -3 -1  2 -1 -2 -3 -3  0 -3 -4  0  2  0 -5 -4 -1   40   3   3   6   0   0  14   2   0   0   0   3   0   0   4  17   4   0   0   4  0.47 0.21
  293 D   -2 -1  1  7 -6 -2  2 -3 -3 -6 -6 -1 -5 -6 -4 -2 -3 -7 -6 -5    4   3   4  77   0   0  10   1   0   0   0   3   0   0   0   0   0   0   0   0  1.70 0.43
  294 L   -3  0 -4 -5 -3 -3 -4 -5  0  2  4 -3  0  1 -4 -2 -3  2  1  0    0   8   0   0   0   0   0   0   2  10  62   0   0   4   0   2   0   3   5   4  0.68 0.23
  295 S    0 -1  0  5 -4  0  0 -1 -2 -4 -4 -2 -3 -4 -2  2  1 -5 -4 -2    6   2   2  48   0   3   2   4   0   0   0   0   0   0   1  18   9   0   0   4  0.75 0.22
  296 D    0 -1 -2  2 -4  2  2 -3 -2 -3 -1 -1  1 -4  4  0 -2 -5 -4 -3   10   2   0  17   0  12  14   0   0   0   9   2   5   0  23   7   0   0   0   0  0.55 0.17
  297 E    1  2  1  3 -4  0  4 -3 -2 -3 -2 -1 -3 -4 -1  1 -2 -5 -4 -2   12  11   5  16   0   0  37   0   0   0   4   0   0   0   3   9   0   0   0   2  0.55 0.19
  298 R   -3  7  1 -3 -5 -1 -2 -4 -2 -4 -2  2 -3 -5 -4 -1 -3 -5 -4 -4    0  78   7   0   0   0   0   0   0   0   5   7   0   0   0   2   0   0   0   0  1.45 0.33
  299 R    0  5 -3 -4 -4 -1 -2 -4 -2 -1  3  0 -1 -2 -3 -2 -2 -3  0 -1    9  48   0   0   0   0   0   0   0   0  36   0   0   0   0   0   0   0   3   3  0.64 0.17
  300 A    4  1 -2 -2 -2 -1  1  0 -2 -3 -3  0 -2 -3 -2  0 -1 -3  0 -2   69   8   0   0   0   0   9   4   0   0   0   4   0   0   0   0   0   0   5   0  0.60 0.15
  301 R   -1  6 -1 -2 -5  2  1 -3 -1 -4 -4  1 -3 -4 -3 -1 -2 -4 -3 -3    6  75   0   0   0  10   6   0   0   0   0   0   0   0   0   3   0   0   0   0  1.16 0.18
  302 L    0  1 -2 -3 -2 -1 -2 -3 -2  2  3 -1  2 -1 -3  0 -1 -3 -2  0   11  11   0   0   0   0   0   0   0  14  43   0  10   0   0  11   0   0   0   0  0.26 0.03
  303 G   -1  1  0  2 -4 -2 -1  5 -2 -5 -4 -1 -4 -4 -3 -1 -2 -4 -4 -4    0  10   0  18   0   0   0  72   0   0   0   0   0   0   0   0   0   0   0   0  0.94 0.03
  304 T    0 -1  0 -1 -2 -1 -1 -2 -2 -1 -2 -1 -1 -2 -2  3  4 -4 -2 -1    0   0   0   0   0   0   0   0   0   0   0   0   0   0   0  31  69   0   0   0  0.64 0.01

                      K         Lambda
Standard Ungapped    0.1787     0.3405
Standard Gapped      0.1100     0.3190
PSI Ungapped         0.1787     0.3405
PSI Gapped           0.1100     0.3190
