
Last position-specific scoring matrix computed, weighted observed percentages rounded down, information per position, and relative weight of gapless real matches to pseudocounts
           A  R  N  D  C  Q  E  G  H  I  L  K  M  F  P  S  T  W  Y  V   A   R   N   D   C   Q   E   G   H   I   L   K   M   F   P   S   T   W   Y   V
    1 K   -1  2  0 -1 -4  1  0 -2 -1 -3 -3  5 -2 -3 -1 -1 -1 -4 -2 -3    0   0   0   0   0   0   0   0   0   0   0 100   0   0   0   0   0   0   0   0  0.83 0.00
    2 K   -1  2  0 -1 -4  1  0 -2 -1 -3 -3  5 -2 -3 -1 -1 -1 -4 -2 -3    0   0   0   0   0   0   0   0   0   0   0 100   0   0   0   0   0   0   0   0  0.86 0.01
    3 N   -2  3  5  1 -3  0 -1 -1  0 -4 -3  1 -2 -4 -2  0 -1 -4 -3 -3    0  30  70   0   0   0   0   0   0   0   0   0   0   0   0   0   0   0   0   0  0.82 0.01
    4 K   -1  1 -1 -1 -4  1  0 -2 -1 -3 -3  4 -2 -4  4 -1 -1 -4 -3 -3    0   0   0   0   0   0   0   0   0   0   0  70   0   0  30   0   0   0   0   0  0.95 0.01
    5 Q   -1  1  0 -1 -4  5  1 -2  0 -3 -3  3 -1 -3 -2  0 -1 -3 -2 -3    0   0   0   0   0  70   0   0   0   0   0  30   0   0   0   0   0   0   0   0  0.83 0.01
    6 S    2 -1  0 -1 -2 -1 -1 -1 -2 -2 -3 -1 -2 -3  3  3  1 -4 -2 -1   30   0   0   0   0   0   0   0   0   0   0   0   0   0  15  54   0   0   0   0  0.62 0.00
    7 A    3  3 -1 -2 -2  0 -1 -1 -1 -2 -2  0 -1 -3 -1  1  0 -3 -2 -1   70  30   0   0   0   0   0   0   0   0   0   0   0   0   0   0   0   0   0   0  0.49 0.01
    8 P   -1 -1 -1 -2 -4  2  0 -3  5 -3 -3 -1 -2 -3  6 -1 -2 -4 -1 -3    0   0   0   0   0  15   0   0  30   0   0   0   0   0  54   0   0   0   0   0  1.36 0.01
    9 V    2 -2 -2 -3 -1 -2 -2 -2 -2  1  0 -2  0 -2 -2  1  0 -3 -2  3   30   0   0   0   0   0   0   0   0   0   0   0   0   0   0  15   0   0   0  54  0.29 0.00
   10 S    0 -1  0  0 -2  0  3 -1 -1 -3 -3  0 -2 -3 -1  3  2 -4 -2 -2    0   0   0   0   0   0  30   0   0   0   0   0   0   0   0  54  15   0   0   0  0.56 0.01
   11 S    2 -1  0 -1 -1 -1 -1 -1 -1 -2 -3 -1 -2 -3 -1  4  1 -4 -2 -2   15   0   0   0   0   0   0   0   0   0   0   0   0   0   0  85   0   0   0   0  0.66 0.01
   12 K   -1  4  0 -1 -4  1  0 -2 -1 -3 -3  4 -2 -3 -2 -1 -1 -4 -2 -3    0  30   0   0   0   0   0   0   0   0   0  70   0   0   0   0   0   0   0   0  0.82 0.01
   13 S    2 -1  0 -1 -2 -1 -1 -1 -2 -2 -3 -1 -2 -3  3  3  1 -4 -2 -1   30   0   0   0   0   0   0   0   0   0   0   0   0   0  15  54   0   0   0   0  0.62 0.00
   14 S    1  3  0 -1 -2  0 -1 -1 -1 -3 -3  1 -2 -3 -1  4  1 -4 -2 -2    0  30   0   0   0   0   0   0   0   0   0   0   0   0   0  70   0   0   0   0  0.59 0.01
   15 L   -2 -3 -3 -4 -2 -2 -3 -4 -1  1  3 -3  1  1 -3 -3 -2  0  4  0    0   0   0   0   0   0   0   0   0   0  70   0   0   0   0   0   0   0  30   0  0.54 0.01
   16 E   -1 -2  0  4 -4  0  3  3 -1 -4 -4 -1 -3 -4 -2 -1 -1 -4 -4 -3    0   0   0  34   0   0  36  30   0   0   0   0   0   0   0   0   0   0   0   0  0.72 0.00
   17 V    1 -3 -3 -4 -1 -2 -2 -3 -3  2  0 -2  0 -1 -2 -1  0 -3 -2  4   13   0   0   0   0   0   0   0   0   0   0   0   0   0   0   0   0   0   0  87  0.44 0.01
   18 L   -1 -3 -3 -4  5 -2 -4 -4 -3  1  3 -3  3  0 -3 -2 -1 -2 -2  0    0   0   0   0  30   0   0   0   0   0  54   0  15   0   0   0   0   0   0   0  0.51 0.01
   19 P   -1 -2 -3 -2 -4 -2 -2 -3 -2 -3 -3 -1 -3 -4  7 -1 -2 -5 -4 -3    0   0   0   0   0   0   0   0   0   0   0   0   0   0 100   0   0   0   0   0  2.66 0.01
   20 S    1 -1  0 -1 -2  0 -1 -1 -1 -3 -3 -1 -2 -3 -1  5  1 -4 -2 -2    0   0   0   0   0   0   0   0   0   0   0   0   0   0   0 100   0   0   0   0  0.75 0.01
   21 Q   -1  0 -1 -1 -3  5  1 -3  0 -3 -3  1 -1 -4  4 -1 -1 -3 -3 -3    0   0   0   0   0  70   0   0   0   0   0   0   0   0  30   0   0   0   0   0  1.05 0.01
   22 V    0 -2 -2 -3 -1 -2 -2 -3 -3  2  0 -2  0 -1 -2  0  3 -3 -2  3    0   0   0   0   0   0   0   0   0   0   0   0   0   0   0   0  30   0   0  70  0.40 0.01
   23 Y   -2 -2 -3 -3 -3 -2 -2 -4  1 -2 -2 -2 -2  2  4 -2 -2  1  6 -2    0   0   0   0   0   0   0   0   0   0   0   0   0   0  30   0   0   0  70   0  1.12 0.01
   24 S    3 -1  0 -1 -1 -1 -1 -1 -1 -2 -2 -1 -2 -3 -1  4  1 -3 -2 -1   30   0   0   0   0   0   0   0   0   0   0   0   0   0   0  70   0   0   0   0  0.60 0.01
   25 L   -1 -3 -4 -4 -2 -2 -3 -4 -3  2  3 -3  2  0 -3 -2 -1 -2 -2  2    0   0   0   0   0   0   0   0   0   0  70   0   0   0   0   0   0   0   0  30  0.51 0.00
   26 V   -1 -3 -3 -4  5 -3 -3 -4 -3  2  0 -3  0  1 -3 -2 -1 -2 -1  3    0   0   0   0  30   0   0   0   0  15   0   0   0  13   0   0   0   0   0  42  0.42 0.00
   27 G   -1  1 -1 -2 -3 -2 -2  4 -2 -3 -2 -1 -2  3 -3 -1 -2 -2  0 -3    0  13   0   0   0   0   0  57   0   0   0   0   0  30   0   0   0   0   0   0  0.60 0.00
   28 S    1 -1  0 -1 -2  0 -1 -1 -1 -3 -3 -1 -2 -3 -1  5  1 -4 -2 -2    0   0   0   0   0   0   0   0   0   0   0   0   0   0   0 100   0   0   0   0  0.76 0.01
   29 S    1 -1  0 -1 -2 -1 -1 -1 -1 -2 -2 -1 -2 -3 -1  4  3 -4 -2 -2    0   0   0   0   0   0   0   0   0   0   0   0   0   0   0  80  20   0   0   0  0.67 0.01
   30 P    1 -2 -3 -2 -3 -2 -2 -2 -2 -2 -2 -2 -2  2  6 -1 -1 -3 -1 -2   20   0   0   0   0   0   0   0   0   0   0   0   0  20  60   0   0   0   0   0  1.32 0.01
   31 L   -2 -3 -3 -4 -2 -2 -3 -4 -3  1  4 -3  3  0 -3 -2 -1 -2 -2  1    0   0   0   0   0   0   0   0   0   0  69   0  20   0   0   0   0   0   0  11  0.53 0.01
   32 R   -2  4 -1 -3 -3  0 -1 -3  2 -1 -2  1 -1 -2 -3 -2 -1  6  0  1    0  49   0   0   0   0   0   0  11   0   0   0   0   0   0   0   0  20   0  20  0.60 0.01
   33 T    1 -1  1 -1 -1 -1 -1 -1 -1 -1 -2 -1 -1 -2 -1  1  4 -3 -2 -1   20   0  11   0   0   0   0   0   0   0   0   0   0   0   0   0  69   0   0   0  0.54 0.01
   34 T    0 -1  0 -1 -2 -1 -1  2 -2 -2 -2 -1 -2 -3 -2  3  4 -4 -2 -1    0   0   0   0   0   0   0  20   0   0   0   0   0   0   0  32  48   0   0   0  0.53 0.01
   35 S    1 -1  0 -1 -2  0  0 -1  4 -3 -3 -1 -2 -2 -1  4  1 -3 -1 -2    0   0   0   0   0   0   0   0  20   0   0   0   0   0   0  80   0   0   0   0  0.62 0.01
   36 S    1 -1  0 -1 -2  0 -1 -1 -1 -3 -3 -1 -2 -3 -1  5  1 -4 -2 -2    0   0   0   0   0   0   0   0   0   0   0   0   0   0   0 100   0   0   0   0  0.76 0.01
   37 Y   -2 -2 -1 -3 -3 -1 -2 -3  4 -2 -2 -2 -2  2 -3  0 -1  1  6 -2    0   0   0   0   0   0   0   0  20   0   0   0   0   0   0  12   0   0  68   0  0.83 0.01
   38 N    0 -1  5  1 -2  0 -1 -1  0 -3 -3  0 -2 -3 -2  3  0 -4 -2 -3    0   0  60   0   0   0   0   0   0   0   0   0   0   0   0  40   0   0   0   0  0.74 0.01
   39 S    2 -1  0 -1 -1 -1 -1 -1 -1 -2 -2 -1 -1 -3 -1  3  3 -3 -2 -1   20   0   0   0   0   0   0   0   0   0   0   0   0   0   0  48  32   0   0   0  0.54 0.01
   40 L   -1 -2 -2 -3 -2 -2 -3 -3 -3  1  4 -2  2  0 -3  1 -1 -2 -2  0    0   0   0   0   0   0   0   0   0   0  80   0   0   0   0  20   0   0   0   0  0.42 0.01
   41 V   -1 -3 -3 -4 -2 -3 -3 -4 -3  2  2 -3  1  3 -3 -2 -1 -2  0  3    0   0   0   0   0   0   0   0   0   0  20   0   0  20   0   0   0   0   0  60  0.39 0.01
   42 P   -1 -2 -2 -2 -3 -2 -1 -3 -2 -3 -3 -1 -2 -4  7  0  1 -4 -3 -2    0   0   0   0   0   0   0   0   0   0   0   0   0   0  80   0  20   0   0   0  1.99 0.01
   43 V    0 -1 -1 -2 -1 -1 -1 -2 -2  2  0 -1  0 -1 -1 -1  0 -1 -1  3    3   2   2   2   1   2   3   3   1   2   4   2   1   2   2   3   2   1   1  62  0.17 0.00
   44 Q   -1  0 -1  0 -3  3  3  1  0 -3 -3  0 -1 -3  3  0 -1 -3 -2 -2    1   1   1   1   0  26  33  16   0   1   1   1   0   1  14   1   1   0   0   1  0.53 0.00
   45 D   -2  3  2  4 -4  0  1 -2 -1 -3 -3  0 -3 -3 -2 -1 -1 -4 -3 -3    1  25  13  49   0   0   6   1   0   0   1   0   0   0   0   1   1   0   0   1  0.68 0.01
   46 Q   -1  2  0 -1 -3  5  1 -2  0 -3 -2  1 -1 -3  1 -1 -1 -2 -2 -2    1  12   0   0   0  73   1   1   0   0   1   0   0   0   8   1   0   0   0   1  0.81 0.02
   47 H   -1  3  0 -1 -3  2  0 -2  5 -3 -3  1 -2 -2 -2  2  0 -3  0 -2    1  29   0   0   0  12   1   1  28   0   1   0   0   0   0  24   0   0   0   1  0.50 0.01
   48 Q   -1  1  0 -1 -4  6  1 -3  0 -3 -3  1 -1 -4 -2 -1 -1 -3 -2 -3    0   0   0   0   0 100   0   0   0   0   0   0   0   0   0   0   0   0   0   0  1.20 0.06
   49 P   -1 -2 -1 -2 -3 -1 -1 -3 -2 -2 -3 -1 -2 -3  6  0  3 -4 -3 -2    0   0   0   0   0   0   0   0   0   0   0   0   0   0  55   0  45   0   0   0  1.39 0.04
   50 I   -2 -3 -4 -4 -2 -3 -4 -5 -4  5  1 -3  1 -1 -4 -3 -1 -3 -2  2    0   0   0   0   0   0   0   0   0 100   0   0   0   0   0   0   0   0   0   0  0.71 0.04
   51 I   -1 -3 -3 -4 -2 -3 -3 -4 -3  4  1 -3  1 -1 -3 -2  1 -3 -2  3    0   0   0   0   0   0   0   0   0  61   0   0   0   0   0   0   8   0   0  31  0.51 0.03
   52 I   -2 -3 -4 -4 -2 -3 -4 -5 -4  5  1 -3  1 -1 -4 -3 -1 -3 -2  2    0   0   0   0   0   0   0   0   0 100   0   0   0   0   0   0   0   0   0   0  0.71 0.04
   53 P    0 -2 -1 -1 -3 -1  1 -2 -2 -3 -3 -1 -3 -4  6  2  0 -4 -3 -3    0   0   0   0   0   0   8   0   0   0   0   0   0   0  55  37   0   0   0   0  1.35 0.03
   54 D   -2 -2  1  6 -4 -1  1 -2 -2 -4 -5 -1 -4 -4 -2 -1 -2 -5 -4 -4    0   0   0 100   0   0   0   0   0   0   0   0   0   0   0   0   0   0   0   0  1.46 0.05
   55 T    0 -2 -1 -2 -2 -1 -1 -2 -2 -1 -2 -1 -1 -2 -2  1  5 -4 -2 -1    0   0   0   0   0   0   0   0   0   0   0   0   0   0   0   0 100   0   0   0  0.90 0.05
   56 P   -1 -2 -3 -2 -4 -2 -2 -3 -3 -4 -4 -2 -3 -4  7 -1 -2 -5 -4 -3    0   0   0   0   0   0   0   0   0   0   0   0   0   0 100   0   0   0   0   0  2.74 0.05
   57 S    1 -1  0 -1 -2 -1 -1 -1 -1 -3 -3 -1 -2 -3 -1  5  1 -4 -2 -2    0   0   0   0   0   0   0   0   0   0   0   0   0   0   0 100   0   0   0   0  0.85 0.05
   58 P   -1 -2 -3 -2 -4 -2 -2 -3 -3 -4 -4 -2 -3 -4  7 -1 -2 -5 -4 -3    0   0   0   0   0   0   0   0   0   0   0   0   0   0 100   0   0   0   0   0  2.74 0.05
   59 P    3 -2 -2 -2 -1 -1 -1 -1 -2 -2 -2 -1 -2 -3  3  1  2 -4 -3 -1   62   0   0   0   0   0   0   0   0   0   0   0   0   0  19   0  20   0   0   0  0.63 0.03
   60 V   -1 -3 -3 -4 -1 -3 -3 -4 -4  2  0 -3  0 -1 -3 -2 -1 -3 -2  5    0   0   0   0   0   0   0   0   0   0   0   0   0   0   0   0   0   0   0 100  0.65 0.04
   61 S    1 -1  0 -1 -2 -1 -1 -1 -1 -3 -3 -1 -2 -3 -1  5  1 -4 -2 -2    0   0   0   0   0   0   0   0   0   0   0   0   0   0   0 100   0   0   0   0  0.85 0.05
   62 V   -1 -3 -4 -4 -1 -3 -3 -4 -4  4  1 -3  1 -1 -3 -2 -1 -3 -2  4    0   0   0   0   0   0   0   0   0  46   0   0   0   0   0   0   0   0   0  54  0.57 0.03
   63 I   -2 -3 -4 -4 -2 -3 -4 -5 -4  5  1 -3  1 -1 -4 -3 -1 -3 -2  2    0   0   0   0   0   0   0   0   0 100   0   0   0   0   0   0   0   0   0   0  0.71 0.04
   64 T    0 -2 -1 -2 -2 -1 -1 -2 -2 -1 -2 -1 -1 -2 -2  1  5 -4 -2 -1    0   0   0   0   0   0   0   0   0   0   0   0   0   0   0   0 100   0   0   0  0.90 0.05
   65 I   -2 -3 -4 -4 -2 -3 -4 -5 -4  5  1 -3  1 -1 -4 -3 -1 -3 -2  2    0   0   0   0   0   0   0   0   0 100   0   0   0   0   0   0   0   0   0   0  0.71 0.04
   66 R    0  2  0 -1 -3  1  0 -2  5 -3 -3  0 -2 -2  1  2  0 -3  0 -2    1  16   0   0   0   4   1   1  30   0   1   0   0   0   8  37   0   0   0   1  0.47 0.02
   67 S    1 -1  0 -1 -2 -1 -1 -1 -1 -3 -3 -1 -2 -3 -1  5  1 -4 -2 -2    0   0   0   0   0   0   0   0   0   0   0   0   0   0   0 100   0   0   0   0  0.85 0.05
   68 D   -2 -2  1  6 -4 -1  1 -2 -2 -4 -5 -1 -4 -4 -2 -1 -2 -5 -4 -4    0   0   0 100   0   0   0   0   0   0   0   0   0   0   0   0   0   0   0   0  1.46 0.05
   69 T    0 -1  0 -1 -2 -1 -1 -2 -2 -2 -2 -1 -1 -3 -2  3  4 -4 -2 -1    0   0   0   0   0   0   0   0   0   0   0   0   0   0   0  36  64   0   0   0  0.70 0.03
   70 D   -2 -1  1  5 -4  0  3 -2 -1 -4 -4 -1 -3 -3 -2 -1 -1 -4 -3 -3    1   0   0  63   0   0  31   1   0   0   1   0   0   0   0   1   0   0   0   0  0.98 0.03
   71 E   -1 -1  0  4 -4  1  4 -2 -1 -3 -3  0 -2 -3 -2  0  0 -4 -3 -3    1   0   0  39   0   0  48   1   0   0   1   0   0   0   0   1   7   0   0   0  0.80 0.02
   72 E   -1 -1 -1  2 -5  1  5 -3 -1 -4 -4  0 -3 -4 -2 -1 -1 -4 -3 -3    0   0   0   6   0   0  94   0   0   0   0   0   0   0   0   0   0   0   0   0  1.15 0.04
   73 E   -1 -1  0  4 -4  0  4 -1 -1 -4 -4  0 -3 -4 -2  0  0 -4 -3 -3    0   0   0  44   0   0  43   5   0   0   0   0   0   0   0   0   8   0   0   0  0.84 0.03
   74 D   -2 -1  0  5 -4  0  4 -2 -1 -4 -4  0 -3 -4  1 -1 -1 -5 -4 -3    0   0   0  47   0   0  45   0   0   0   0   0   0   0   8   0   0   0   0   0  0.96 0.03
   75 N    0  2  2  1 -3  3  0  1  2 -3 -3  0 -2 -3 -2  0  1 -3 -2 -2    8  16  15   7   0  22   0  12   7   0   0   0   0   0   0   3   9   0   0   0  0.35 0.01
   76 K   -1  2  0 -1 -4  2  0 -2 -1 -3 -3  5 -2 -4 -2 -1 -1 -4 -3 -3    0   0   0   0   0   7   0   0   0   0   0  93   0   0   0   0   0   0   0   0  0.92 0.04
   77 Y    0 -1 -1 -2 -2  0 -1 -2  4 -1 -1  0 -1  3 -2  0 -1 -1  3  0    6   0   0   0   0   4   0   1  19   0   1   8   0  20   0   9   0   0  19  12  0.26 0.01
   78 K    1  0  1 -1 -3  2  0 -2  3 -2 -2  2  0 -3  1  1 -1 -3 -1 -1   15   0   8   0   0  15   0   0  16   0   0  22   5   0   7   9   0   0   0   3  0.32 0.01
   79 P    1 -2  1 -1 -2 -1 -1 -2 -2 -3 -3 -1 -2 -3  6  0  0 -3 -3 -2   12   1  11   1   0   1   1   1   0   1   1   1   0   0  57   5   6   0   0   1  1.25 0.02
   80 N    2 -1  3  0 -2 -1 -1 -1 -1 -2 -2  0 -2 -3  1  1  2 -3 -2 -1   29   1  31   1   0   0   1   1   0   1   1   4   0   0   5   7  17   0   0   1  0.38 0.02
   81 S    0  1  0 -1  2 -1 -1  1 -1 -2 -2 -1 -2 -3 -1  4  1 -3 -2 -2    1   8   0   1   9   0   1  10   0   1   1   1   0   0   1  59   6   0   0   1  0.44 0.03
   82 S    1 -1  1 -1  2 -1 -1 -1 -1 -1 -1 -1 -1 -2 -1  3  2 -3 -2 -1    8   0   6   0   7   0   0   1   0   0   8   0   0   0   0  48  16   0   0   4  0.35 0.03
   83 S    0 -2  0 -1 -2 -1 -2  3  1 -1  0 -1 -1 -2  0  2 -1 -3 -2  0    1   0   4   0   0   0   0  39   6   0  11   0   0   0   4  23   0   0   0   9  0.33 0.02
   84 L    0  0 -1 -2 -2 -1 -1 -2 -2  0  1 -1  1 -1  1  2  2 -2 -2  0    5   8   1   1   0   1   1   1   0   1  23   1   4   1   8  22  19   0   0   5  0.19 0.01
   85 K    0  2  1 -1 -3  1  1 -2 -1 -3 -3  4 -2 -3 -1  2  0 -3 -2 -2    1   6   8   1   0   0   8   1   0   1   1  48   0   0   1  19   4   0   0   1  0.46 0.03
   86 A    1  0 -1 -1 -3  4  1 -2  4 -3 -2  0 -1 -2  0 -1 -1 -2  1 -2   16   0   0   0   0  45   4   0  23   0   3   0   0   0   3   0   0   0   6   0  0.57 0.05
   87 R   -2  6 -1 -2 -4  1 -1 -3 -1 -4 -3  2 -2 -4 -3 -1 -2 -4 -3 -3    0  94   0   0   0   0   0   0   0   0   0   6   0   0   0   0   0   0   0   0  1.28 0.07
   88 S    1  1  0 -1 -2  0  0 -2 -1 -2 -2  3 -2 -3 -2  2  3 -4 -2 -2    7   4   0   0   0   0   0   0   0   0   0  37   0   0   0  19  33   0   0   0  0.49 0.04
   89 N   -2 -1  6  1 -4 -1 -1 -1  0 -4 -4 -1 -3 -4 -3  0 -1 -5 -3 -4    0   0 100   0   0   0   0   0   0   0   0   0   0   0   0   0   0   0   0   0  1.36 0.08
   90 V   -1 -3 -4 -4 -2 -3 -3 -4 -4  2  0 -3  0 -2 -3 -2 -1 -3 -2  5    0   0   0   0   0   0   0   0   0   0   0   0   0   0   0   0   0   0   0 100  0.74 0.07
   91 I   -2 -4 -4 -5 -2 -4 -4 -5 -4  5  1 -3  1 -1 -4 -3 -1 -3 -2  2    0   0   0   0   0   0   0   0   0 100   0   0   0   0   0   0   0   0   0   0  0.81 0.07
   92 S    1 -1  0 -1 -2 -1 -1 -1 -1 -3 -3 -1 -2 -3 -2  5  1 -4 -2 -2    0   0   0   0   0   0   0   0   0   0   0   0   0   0   0 100   0   0   0   0  0.94 0.07
   93 Y   -2 -4 -3 -4  8 -3 -4 -4 -1 -2 -2 -4 -2  1 -4 -2 -2 -1  4 -2    0   0   0   0  67   0   0   0   0   0   0   0   0   7   0   0   0   0  26   0  1.16 0.07
   94 V   -1 -3 -4 -4 -2 -3 -3 -4 -3  2  1 -3  0  1 -3 -2 -1 -3 -1  4    0   0   0   0   0   0   0   0   0   0   7   0   0   7   0   0   0   0   0  86  0.60 0.05
   95 T   -1 -2  0  1 -2 -1 -1 -2 -2 -1 -2 -1 -1 -3 -2  1  5 -4 -2 -1    0   0   0   7   0   0   0   0   0   0   0   0   0   0   0   0  93   0   0   0  0.89 0.07
   96 V   -1 -3 -4 -4 -2 -3 -3 -4 -4  3  0 -3  0 -1 -3 -2 -1 -3 -2  5    0   0   0   0   0   0   0   0   0   7   0   0   0   0   0   0   0   0   0  93  0.70 0.06
   97 N   -2 -1  3 -1 -4  0 -1  0  7 -4 -4 -1 -3 -2 -3 -1 -2 -3  1 -4    0   0  22   0   0   0   0   8  70   0   0   0   0   0   0   0   0   0   0   0  1.04 0.06
   98 D   -2 -2  1  6 -4 -1  1 -2 -2 -4 -4 -1 -4 -4 -2 -1 -1 -5 -4 -4    0   0   0  94   0   0   0   0   0   0   1   0   0   0   0   0   0   0   0   0  1.34 0.05
   99 S    1 -1  0 -1 -2 -1 -1 -1 -1 -3 -3 -1 -2 -3 -1  5  1 -3 -2 -2    0   0   0   0   0   0   0   0   0   0   1   0   0   0   0  95   0   0   0   0  0.80 0.05
  100 P   -1 -2 -1  3 -4  1  0 -2 -2 -3 -3 -1 -3 -4  6 -1 -1 -4 -3 -3    0   0   0  25   0  10   0   0   0   0   1   0   0   0  60   0   0   0   0   0  1.47 0.04
  101 D   -1 -2  2  4 -3 -1  1 -2 -1 -2 -3 -1 -2 -1 -2  1 -1 -2  2 -2    0   0  10  47   0   0  10   0   0   5   0   0   0   0   0  14   0   0  14   0  0.58 0.03
  102 S    1 -1  0 -1 -2  0  1 -1 -1 -3 -3 -1 -2 -3 -1  5  1 -4 -2 -2    0   0   0   0   0   0  10   0   0   0   0   0   0   0   0  90   0   0   0   0  0.78 0.05
  103 D   -2 -2  1  6 -4 -1  1 -2 -2 -4 -4 -1 -3 -4 -2 -1  1 -5 -4 -3    0   0   0  86   0   0   0   0   0   0   0   0   0   0   0   0  14   0   0   0  1.19 0.05
  104 S    1  1  0 -1  2 -1 -1 -1 -1 -3 -3  0 -2 -3 -2  4  1 -4 -2 -2    9  10   0   0   8   0   0   0   0   0   0   0   0   0   0  68   5   0   0   0  0.55 0.04
  105 S    1 -1  0 -1 -2 -1 -1 -1 -1 -3 -3 -1 -2 -3 -1  5  2 -4 -2 -2    0   0   0   0   0   0   0   0   0   0   0   0   0   0   0  90  10   0   0   0  0.81 0.05
  106 L    0 -1  1 -1 -2 -1 -1 -2  1 -1  1 -1  0 -1  3  1  2 -2 -1 -1    1   1   7   1   0   1   1   1   7   1  25   1   0   1  17  13  18   0   1   1  0.26 0.01
  107 S    0  0  3 -1  3 -1 -1 -1 -1 -1  0 -1 -1 -2 -2  2  1 -3 -2 -1    6   4  21   0  11   0   0   0   0   0  16   0   0   0   0  34   8   0   0   0  0.28 0.02
  108 S    0 -1  2 -1 -2 -1 -1 -1  1 -3 -3 -1 -2 -3 -2  4  2 -4 -2 -2    0   0  14   0   0   0   0   0   5   0   0   0   0   0   0  65  16   0   0   0  0.61 0.03
  109 P   -1 -2  1 -2 -3 -2 -2 -3 -2 -3 -3 -1 -3 -4  7 -1  0 -5 -4 -3    0   0   9   0   0   0   0   0   0   0   0   0   0   0  81   0  10   0   0   0  2.06 0.05
  110 H   -1  1 -1 -2 -3 -1 -1 -3  3 -2 -2  1 -2  1 -2  1 -1  0  5 -2    0   7   0   0   0   0   0   0   9   0   0  14   0   0   0  22   0   0  49   0  0.54 0.02
  111 P    1 -2 -1 -2 -2 -1 -1 -2 -2 -2 -2 -1 -2 -3  6  2  1 -3 -3 -2    8   0   0   0   0   0   1   1   0   0   1   1   0   0  52  22  11   0   0   1  1.16 0.02
  112 T    0 -1 -1 -2 -2  2 -1 -2  0  0  0 -1  0  0 -2  0  2 -1  3  1    6   1   0   1   0  17   1   1   0   1   9   1   0   0   1   1  24   0  23  14  0.21 0.01
  113 D    0 -1  2  4 -3  0  2 -1 -1 -3 -3  0 -2 -3 -1  0 -1 -3 -3 -2   12   1  17  36   0   0  22   1   0   1   1   1   0   0   1   6   1   0   0   1  0.55 0.01
  114 T    1 -1 -1 -1 -1 -1 -1 -1 -2  0  0 -1  0 -2  2  2  3 -3 -2  1    9   1   1   1   0   1   1   1   0   1   9   1   0   1   8  22  28   0   1  13  0.26 0.01
  115 L   -1  1 -1 -1 -2  2  1 -2 -1  0  2  0  0  0 -2  0 -1 -2 -1  1    1  10   1   1   0  13   9   1   0   1  33   1   0   5   1   9   1   0   1  13  0.13 0.03
  116 S    0 -1  0 -1 -3  2 -1  0  2 -3 -3 -1 -2 -3  2  4  0 -4 -2 -3    0   0   0   0   0  17   0   7   6   0   0   0   0   0   9  61   0   0   0   0  0.63 0.09
  117 A    2  4 -1 -2 -3  1 -1 -2  4 -3 -3  0 -2 -3 -2  0  1 -3 -1 -2   26  38   0   0   0   6   0   0  22   0   0   0   0   0   0   0   9   0   0   0  0.57 0.08
  118 L    0  2  1 -2 -3 -1 -2 -3  2 -1  2 -1  0 -1  1 -1 -1 -3 -2 -1   12  19   9   0   0   0   0   0   9   0  43   0   0   0   8   0   0   0   0   0  0.26 0.05
  119 R    1  4 -1 -2 -3  1 -1  1  4 -3 -3  0 -2 -3  2 -1  0 -4 -2 -3   14  37   0   0   0   5   0  12  17   0   0   0   0   0   9   0   6   0   0   0  0.50 0.06
  120 G   -1 -1  4  0 -3  1 -1  4  2 -4 -3 -1 -3 -3 -2 -1 -1 -3 -2 -3    1   0  35   0   0   6   1  46   6   0   1   1   0   0   0   1   1   0   0   1  0.73 0.07
  121 N   -2 -1  6  0 -4 -1 -1 -1  3 -4 -4 -1 -3 -4 -3  1 -1 -4 -2 -4    0   0  80   0   0   0   0   0  11   0   0   0   0   0   0   9   0   0   0   0  1.20 0.13
  122 S    0 -1  5  0 -3 -1 -1 -1  2 -4 -4 -1 -3 -4 -2  2  0 -4 -2 -3    9   0  59   0   0   0   0   0   6   0   0   0   0   0   0  26   0   0   0   0  0.84 0.10
  123 G    0 -2  2 -1 -3 -2 -2  4 -2 -4 -4 -2 -3 -4 -3  1  1 -4 -3 -3    6   0  17   0   0   0   0  55   0   0   0   0   0   0   0   9  13   0   0   0  0.76 0.07
  124 T   -1 -2  4 -1 -3 -1 -1 -2 -1 -3 -3 -1 -2 -2  2  2  2 -3  1 -2    0   0  35   0   0   0   0   0   0   0   0   0   0   0  10  24  22   0   9   0  0.57 0.08
  125 L    2 -2  1  1 -2 -2 -2 -2 -2  0  2 -2  0 -1 -2  0  1 -2  1  0   28   0   8   9   0   0   0   0   0   0  31   0   0   0   0   0  11   0   9   4  0.17 0.04
  126 L    0 -3 -2  0 -2 -2 -2 -3 -2  0  3 -2  1  2 -3  0  1 -2  1  0    7   0   0   9   0   0   0   0   0   0  45   0   0  12   0   8   9   0   6   4  0.23 0.04
  127 E   -2 -1  0  4 -4  0  4 -3 -1 -4 -4  1 -3 -2 -2 -1  0 -3  1 -3    0   0   0  32   0   0  42   0   0   0   0   9   0   0   0   0   9   0   8   0  0.72 0.08
  128 G    0  0  1  1 -3 -1 -1  2 -2 -2 -1  1 -1 -3 -2  1  2 -4 -3 -2    6   4   8   8   0   0   0  22   0   0   9   9   0   0   0  17  17   0   0   0  0.27 0.03
  129 P   -1  0 -1 -2 -3 -1 -1 -2 -2 -2 -3  3 -2 -3  5  0  2 -4 -3 -2    1   0   0   0   0   0   1   1   0   0   1  31   0   0  35   1  27   0   0   1  0.88 0.08
  130 G    0 -2 -1 -2 -3 -2 -2  4 -2  0 -2  0 -2 -3 -2  1  1 -3 -3 -2    1   0   0   0   0   0   1  57   0  10   1   9   0   0   0   9   9   0   0   1  0.61 0.06
  131 R   -1  3  1 -2 -3  0 -1  1 -1  0  0  0 -1 -2 -2  0  1 -3 -2  0    1  35   8   0   0   0   1  12   0   9  10   0   0   0   0   7   9   0   0   6  0.23 0.04
  132 P   -1 -2 -2  1 -2 -2 -2  0 -2  0  1 -2  0 -2  4 -1  1 -3 -2  1    1   0   0  10   0   0   1   9   0   0  27   0   0   0  22   1  13   0   0  14  0.33 0.04
  133 A    2 -2  1  1  2 -1  2 -2 -1  0 -2 -1 -1 -2 -2  0 -1 -3  1  0   26   0   9   9   7   0  23   0   0   8   0   0   0   0   0   0   0   0   8   9  0.20 0.04
  134 A    2 -2  2 -1 -2 -1 -1  0 -1 -2 -1 -1 -1 -1  1  1  2 -2  1 -1   27   0  20   0   0   0   0   4   0   0   8   0   0   0   7   8  16   0   9   0  0.27 0.05
  135 D   -2 -1  3  4 -4 -1  0 -2  5 -3 -3 -1 -3 -2 -2 -1 -1 -3  2 -3    1   0  18  44   0   0   0   1  23   0   1   0   0   0   0   1   0   0   9   0  0.77 0.08
  136 G   -1 -2  3 -1  5 -2 -2  3 -2 -3 -3 -2 -3 -3 -3  1 -1 -3 -3 -3    1   0  26   0  23   0   0  35   0   0   1   0   0   0   0   9   0   0   0   0  0.62 0.07
  137 I    1 -2  2 -1 -2 -1 -1  1 -1  0 -2 -1 -1 -2 -2  2  3 -3  1 -1   13   0  17   0   0   0   0   9   0   8   0   0   0   0   0  15  30   0   8   0  0.31 0.05
  138 G   -1 -2  4 -1 -4 -2 -2  5 -2 -4 -4 -2 -3 -4 -3  1 -1 -4 -4 -4    0   0  33   0   0   0   0  58   0   0   0   0   0   0   0   9   0   0   0   0  0.99 0.09
  139 T   -1 -2  4  0 -3 -1 -1 -2 -1 -3 -3 -1 -2 -4  4  1  3 -4 -3 -2    0   0  40   0   0   0   0   0   0   0   0   0   0   0  25   9  26   0   0   0  0.85 0.09
  140 R   -2  6 -1 -3 -4  0 -1 -3 -1 -3 -1  1 -2 -4 -3 -2 -2 -4 -3 -3    0  95   0   0   0   0   0   0   0   0   5   0   0   0   0   0   0   0   0   0  1.38 0.14
  141 T   -1 -2 -1 -2 -2 -2 -2 -3 -2 -2 -2 -2 -1 -3 -2  1  6 -4 -3 -1    0   0   0   0   0   0   0   0   0   0   0   0   0   0   0   0 100   0   0   0  1.21 0.15
  142 I   -2 -4 -4 -5 -2 -4 -4 -5 -4  6  1 -4  0 -1 -4 -3 -2 -4 -2  2    0   0   0   0   0   0   0   0   0 100   0   0   0   0   0   0   0   0   0   0  1.02 0.14
  143 I   -2 -4 -4 -5 -2 -4 -4 -5 -4  6  1 -4  0 -1 -4 -3 -2 -4 -2  2    0   0   0   0   0   0   0   0   0 100   0   0   0   0   0   0   0   0   0   0  1.02 0.14
  144 V   -1 -3 -4 -4 -2 -3 -3 -4 -4  4  0 -3  0 -1 -3 -3 -1 -3 -2  4    0   0   0   0   0   0   0   0   0  34   0   0   0   0   0   0   0   0   0  66  0.75 0.10
  145 P   -1 -3 -3 -3 -4 -2 -2 -4 -3 -4 -4 -2 -4 -5  8 -2 -2 -5 -4 -3    0   0   0   0   0   0   0   0   0   0   0   0   0   0 100   0   0   0   0   0  2.90 0.17
  146 P   -1 -3 -3 -3 -4 -2 -2 -4 -3 -4 -4 -2 -4 -5  8 -2 -2 -5 -4 -3    0   0   0   0   0   0   0   0   0   0   0   0   0   0 100   0   0   0   0   0  2.90 0.17
  147 L   -2 -3 -4 -5 -2 -3 -4 -5 -4  1  5 -3  2  0 -4 -3 -2 -3 -2  0    0   0   0   0   0   0   0   0   0   0  95   0   5   0   0   0   0   0   0   0  0.92 0.11
  148 K   -2  1 -1 -2 -5  0  0 -3 -1 -4 -3  6 -2 -4 -2 -1 -2 -5 -3 -3    0   0   0   0   0   0   0   0   0   0   0 100   0   0   0   0   0   0   0   0  1.28 0.15
  149 T   -1 -2 -1 -2 -2 -1 -2 -2 -2 -2 -2 -1 -1 -3 -2  2  6 -4 -3 -1    0   0   0   0   0   0   0   0   0   0   0   0   0   0   0   8  92   0   0   0  1.08 0.14
  150 Q   -2  0 -1 -2 -4  7  1 -3  0 -4 -3  0 -1 -4 -2 -1 -2 -3 -3 -3    0   0   0   0   0 100   0   0   0   0   0   0   0   0   0   0   0   0   0   0  1.56 0.18
  151 L    2 -2 -3 -3 -2 -2 -2 -2 -3  0  3 -2  1 -1 -2 -1 -1 -3 -2  0   42   0   0   0   0   0   0   0   0   0  58   0   0   0   0   0   0   0   0   0  0.37 0.02
  152 G    0 -2  2 -1 -3 -1 -1  4 -1 -4 -4 -1 -3 -3 -2  3  0 -4 -3 -3    0   0  14   0   0   0   0  44   0   0   0   0   0   0   0  42   0   0   0   0  0.68 0.02
  153 D   -2 -1  0  5 -5  0  4 -2 -1 -4 -4  0 -3 -4 -2 -1 -1 -5 -4 -3    0   0   0  58   0   0  42   0   0   0   0   0   0   0   0   0   0   0   0   0  1.06 0.03
  154 C   -1 -4 -3 -4  7 -3 -4 -4 -4  1 -1 -3 -1 -2 -3 -2 -1 -3 -3  3    0   0   0   0  58   0   0   0   0   0   0   0   0   0   0   0   0   0   0  42  0.81 0.03
  155 T   -1 -2 -2 -3 -2 -2 -2 -3 -3  1  2 -2  1 -1 -2  0  3 -3 -2  1    0   0   0   0   0   0   0   0   0  14  42   0   0   0   0   0  44   0   0   0  0.39 0.02
  156 V   -1 -3 -3 -4 -2 -3 -3  0 -3  2  0 -3  0 -1 -3 -2 -1 -3 -2  4    0   0   0   0   0   0   0   8   0   0   0   0   0   0   0   0   0   0   0  92  0.50 0.03
  157 A    3 -1 -2 -1 -2  0  2 -1 -1 -1 -2 -1 -1 -3 -1  1  0 -3 -2  0   62   0   0   0   0   0  26   0   0   0   0   0   0   0   0   0   0   0   0  12  0.41 0.01
  158 T    1 -2 -1 -2  5 -1 -2 -2 -2 -1 -2 -1 -1 -2 -2  1  4 -3 -2 -1   11   0   0   0  26   0   0   0   0   0   0   0   0   0   0   0  63   0   0   0  0.57 0.02
  159 Q   -1  1  0  3 -4  4  1 -2  0 -4 -3  1 -1 -4  2 -1 -1 -3 -3 -3    0  10   0  26   0  53   0   0   0   0   0   0   0   0  11   0   0   0   0   0  0.73 0.02
  160 A    3 -1 -1 -2 -1 -1 -1  0 -2 -2 -2 -1 -1 -3 -1  2  2 -3 -2 -1   62   0   0   0   0   0   0   0   0   0   0   0   0   0   0  26  12   0   0   0  0.52 0.01
  161 S    1 -1  0 -1 -2 -1 -1 -1 -2 -1  1 -1  0 -2 -2  4  1 -3 -2 -1    0   0   0   0   0   0   0   0   0   0  26   0   0   0   0  74   0   0   0   0  0.44 0.02
  162 G    0 -2 -1 -2 -3 -2 -2  5 -2 -4 -4 -2 -3 -4 -3  1 -1 -4 -4 -4    0   0   0   0   0   0   0  88   0   0   0   0   0   0   0  12   0   0   0   0  1.17 0.02
  163 L   -1 -2 -3 -3 -2 -2 -3 -3 -2  2  3 -2  2  0 -2 -2 -1 -2 -1  1    1   1   1   1   0   1   1   1   0  21  66   1   0   1   1   1   1   0   0   1  0.38 0.00
  164 L   -1 -2 -3 -3 -2 -2 -2 -3 -2  1  3 -2  2  0 -2 -2 -1 -2 -1  1    1   1   1   1   0   1   1   1   0   1  72   1   0   1   1   1   1   0   0  15  0.38 0.00
  165 S    1 -1  0 -1 -1  0  0 -1 -1 -2 -2  0 -2 -2 -1  4  1 -3 -2 -2    1   1   1   1   0   1   1   1   0   1   1   1   0   1   1  86   1   0   0   1  0.58 0.01
  166 S    1 -1  2  0 -2  0  0 -1 -1 -2 -2  0 -2 -2 -1  4  1 -3 -2 -2    1   1  13   1   0   1   1   1   0   1   1   1   0   1   1  74   1   0   0   1  0.52 0.00
  167 K   -1  2  0 -1 -4  1  0 -2 -1 -3 -3  5 -2 -3 -1 -1 -1 -4 -2 -3    0   0   0   0   0   0   0   0   0   0   0 100   0   0   0   0   0   0   0   0  0.85 0.01
  168 T    0 -1  0 -1 -1 -1 -1 -2 -2 -1 -2 -1 -1 -2 -2  2  5 -3 -2 -1    0   0   0   0   0   0   0   0   0   0   0   0   0   0   0  21  79   0   0   0  0.67 0.01
  169 K   -1  2  0 -1 -4  1  0 -2 -1 -3 -3  5 -2 -3 -1 -1 -1 -4 -2 -3    0   0   0   0   0   0   0   0   0   0   0 100   0   0   0   0   0   0   0   0  0.85 0.01
  170 P   -1 -2 -3 -2 -4 -2 -2 -3 -2 -3 -3 -1 -3 -4  7 -1 -2 -5 -4 -3    0   0   0   0   0   0   0   0   0   0   0   0   0   0 100   0   0   0   0   0  2.66 0.01
  171 V    0 -3 -3 -4 -1 -2 -3 -4 -3  2  1 -3  1 -1 -3 -2  0 -3 -2  4    0   0   0   0   0   0   0   0   0   0   0   0   0   0   0   0   0   0   0 100  0.54 0.01
  172 A    4 -2 -2 -2 -1 -1 -1  0 -2  0 -1 -1 -1 -2 -1  1  0 -3 -2  1   84   0   0   0   0   0   0   0   0   0   0   0   0   0   0   0   0   0   0  16  0.48 0.01
  173 S    1 -1  0 -1 -2  0  0 -1 -1 -3 -3 -1 -2 -3 -1  4  1 -4 -2 -2    0   0   0   0   0   0   0   0   0   0   0   0   0   0   0 100   0   0   0   0  0.74 0.01
  174 V    0 -3 -3 -4 -1 -2 -3 -4 -3  2  1 -3  1 -1 -3 -2  0 -3 -2  4    0   0   0   0   0   0   0   0   0   0   0   0   0   0   0   0   0   0   0 100  0.53 0.00

                      K         Lambda
Standard Ungapped    0.1648     0.3281
Standard Gapped      0.1100     0.3190
PSI Ungapped         0.1648     0.3281
PSI Gapped           0.1100     0.3190
