
Last position-specific scoring matrix computed, weighted observed percentages rounded down, information per position, and relative weight of gapless real matches to pseudocounts
           A  R  N  D  C  Q  E  G  H  I  L  K  M  F  P  S  T  W  Y  V   A   R   N   D   C   Q   E   G   H   I   L   K   M   F   P   S   T   W   Y   V
    1 M   -1 -2 -3 -4 -2  0 -2 -4 -2  1  2 -2  6  0 -3 -2 -1 -2 -2  1    0   0   0   0   0   0   0   0   0   0   0   0 100   0   0   0   0   0   0   0  0.56 0.00
    2 T    0 -1  0 -1 -1 -1 -1 -2 -2 -1 -2 -1 -1 -2 -2  1  5 -4 -2  0    0   0   0   0   0   0   0   0   0   0   0   0   0   0   0   0 100   0   0   0  0.73 0.00
    3 S    1 -1  0 -1 -2  0  0 -1 -1 -3 -3 -1 -2 -3 -1  5  1 -4 -2 -2    0   0   0   0   0   0   0   0   0   0   0   0   0   0   0 100   0   0   0   0  0.72 0.00
    4 K   -1  2  0 -1 -4  1  1 -2 -1 -3 -3  5 -2 -4 -1 -1 -1 -4 -3 -3    0   0   0   0   0   0   0   0   0   0   0 100   0   0   0   0   0   0   0   0  0.83 0.00
    5 P   -1 -2 -3 -2 -4 -2 -2 -3 -2 -4 -3 -1 -3 -4  8 -1 -2 -5 -4 -3    0   0   0   0   0   0   0   0   0   0   0   0   0   0 100   0   0   0   0   0  2.64 0.00
    6 S    1 -1  0 -1 -2  0  0 -1 -1 -3 -3 -1 -2 -3 -1  5  1 -4 -2 -2    0   0   0   0   0   0   0   0   0   0   0   0   0   0   0 100   0   0   0   0  0.72 0.00
    7 S    1 -1  0 -1 -2  0  0 -1 -1 -3 -3 -1 -2 -3 -1  5  1 -4 -2 -2    0   0   0   0   0   0   0   0   0   0   0   0   0   0   0 100   0   0   0   0  0.72 0.00
    8 S    1 -1  0 -1 -2  0  0 -1 -1 -3 -3 -1 -2 -3 -1  5  1 -4 -2 -2    0   0   0   0   0   0   0   0   0   0   0   0   0   0   0 100   0   0   0   0  0.72 0.00
    9 S    1 -1  0 -1 -2  0  0 -1 -1 -3 -3 -1 -2 -3 -1  5  1 -4 -2 -2    0   0   0   0   0   0   0   0   0   0   0   0   0   0   0 100   0   0   0   0  0.72 0.00
   10 A    3 -2 -1 -2 -1 -1 -1 -1 -2 -1 -2 -1 -1 -2 -1  1  3 -3 -2  0   65   0   0   0   0   0   0   0   0   0   0   0   0   0   0   0  35   0   0   0  0.49 0.00
   11 V   -1 -3 -4 -4 -1 -3 -3 -4 -4  3  1 -3  1 -1 -3 -2 -1 -3 -2  4    0   0   0   0   0   0   0   0   0  35   0   0   0   0   0   0   0   0   0  65  0.49 0.00
   12 A    3 -2 -2 -3 -1 -2 -2 -1 -2  2  0 -2  0 -2 -1  0  0 -3 -2  1   65   0   0   0   0   0   0   0   0  35   0   0   0   0   0   0   0   0   0   0  0.33 0.00
   13 A    3 -1  3  0 -2 -1 -1  0 -1 -2 -2 -1 -2 -3 -1  1  0 -4 -2 -1   65   0  35   0   0   0   0   0   0   0   0   0   0   0   0   0   0   0   0   0  0.48 0.00
   14 A    3 -1  3  0 -2 -1 -1  0 -1 -2 -2 -1 -2 -3 -1  1  0 -4 -2 -1   65   0  35   0   0   0   0   0   0   0   0   0   0   0   0   0   0   0   0   0  0.48 0.00
   15 A    4 -1 -1 -2 -1 -1 -1  0 -2 -2 -2 -1 -1 -3 -1  3  0 -3 -2 -1   73   0   0   0   0   0   0   0   0   0   0   0   0   0   0  27   0   0   0   0  0.54 0.00
   16 A    2  0 -1 -2 -2  0 -1 -1 -2  0 -1  3 -1 -2 -1  0  0 -3 -2  1   39   0   0   0   0   0   0   0   0   0   0  36   0   0   0   0   0   0   0  25  0.28 0.00
   17 A    4 -2 -2 -2 -1 -1 -1  3 -2 -2 -2 -1 -2 -3 -1  1  0 -3 -3 -1   77   0   0   0   0   0   0  23   0   0   0   0   0   0   0   0   0   0   0   0  0.59 0.02
   18 A    2 -2 -1 -2 -2 -1 -1 -1 -2 -2 -2 -1 -2 -3  4  2  3 -4 -3 -1   23   0   0   0   0   0   0   0   0   0   0   0   0   0  25  25  26   0   0   0  0.68 0.01
   19 A    4 -1 -1 -2 -1 -1 -1  0 -2 -2 -2 -1 -2 -3 -1  3  0 -4 -2 -1   64   0   0   0   0   0   0   0   0   0   0   0   0   0   0  36   0   0   0   0  0.57 0.02
   20 A    2  0 -1 -1 -2  4  0 -1 -1 -3 -3  0 -1 -3  3  2  0 -3 -2 -2   23   0   0   0   0  39   0   0   0   0   0   0   0   0  15  23   0   0   0   0  0.57 0.01
   21 S    0 -1  2 -1 -2  0 -1 -1 -1 -2 -1 -1  2 -2 -2  4  2 -3 -2 -1    0   0  14   0   0   0   0   0   0   0   0   0  15   0   0  61  10   0   0   0  0.46 0.02
   22 S    1  1  0 -1 -2  0  0 -1 -1 -2 -1  3  2 -3 -2  2  0 -3 -2 -2   10   0   0   0   0   0   0   0   0   0   0  39  15   0   0  36   0   0   0   0  0.36 0.01
   23 A    2 -1 -1 -2 -3 -1 -1 -2 -2 -3 -3  1 -2 -3  6  1 -1 -4 -3 -2   23   0   0   0   0   0   0   0   0   0   0  15   0   0  48  14   0   0   0   0  1.08 0.02
   24 S    1 -1 -1 -1 -2  2  0 -2  3 -3 -3 -1 -2 -3  4  2  0 -4 -2 -2   12   0   0   0   0  15   0   0  14   0   0   0   0   0  25  33   0   0   0   0  0.64 0.01
   25 S    1 -1  0 -1 -2 -1 -1 -1 -1 -3 -3 -1 -2 -3 -1  5  1 -4 -2 -2    0   0   0   0   0   0   0   0   0   0   0   0   0   0   0 100   0   0   0   0  0.80 0.04
   26 S    2 -2 -2 -2 -3 -1 -1 -2 -2 -3 -3 -1 -2 -4  6  1 -1 -4 -3 -2   24   0   0   0   0   0   0   0   0   0   0   0   0   0  62  14   0   0   0   0  1.49 0.03
   27 W   -4 -4 -5 -6 -4 -3 -4 -4 -3 -3 -3 -4 -2  0 -5 -4 -4 11  2 -3    0   0   0   0   0   0   0   0   0   0   0   0   0   0   0   0   0 100   0   0  2.90 0.08
   28 N    0 -1  4  0 -3 -1 -1  3 -1 -4 -4 -1 -3 -4 -2  2  0 -4 -3 -3    0   0  47   0   0   0   0  29   0   0   0   0   0   0   0  24   0   0   0   0  0.69 0.03
   29 T    0 -1  5  0 -2  0 -1 -1  0 -3 -3 -1 -2 -3 -2  3  2 -4 -3 -2    0   0  52   0   0   0   0   0   0   0   0   0   0   0   0  36  12   0   0   0  0.69 0.03
   30 H   -2 -1  0 -2 -4  1 -1 -3  7 -3 -3 -1 -2  0 -3 -2 -2 -1  5 -3    0   0   0   0   0   7   0   0  64   0   0   0   0   0   0   0   0   0  29   0  0.98 0.04
   31 Q   -1  1  0 -1 -4  6  2 -3  1 -4 -3  1 -1 -4 -2 -1 -1 -3 -2 -3    0   0   0   0   0 100   0   0   0   0   0   0   0   0   0   0   0   0   0   0  1.16 0.06
   32 S    1 -1  0  0 -1  0  0  0 -1 -1 -1  0 -1 -1  0  4  1 -2 -1 -1    3   2   2   2   1   2   3   3   1   2   4   2   1   2   2  61   2   1   1   3  0.34 0.01
   33 V    0 -1 -1 -1 -1 -1 -1 -1 -1  0  1 -1  0  0  2 -1  0 -1 -1  1    5   3   3   3   1   3   4   4   1   3  25   3   1   2  12   4   3   1   2  16  0.10 0.00
   34 N    0 -1  5  0 -2  0 -1  1  0 -3 -3  0 -2 -3 -1  2  0 -3 -2 -2    1   1  48   1   0   1   1   8   0   1   2   1   0   1   1  30   1   0   1   1  0.52 0.02
   35 A    3 -2 -1 -2 -1 -1 -1  1 -2 -2 -2 -1 -1 -3 -1  2  3 -4 -2 -1   41   0   0   0   0   0   0   7   0   0   0   0   0   0   0  17  35   0   0   0  0.47 0.02
   36 A    2 -2 -2 -2 -2 -2 -2  3 -3 -1 -2 -2 -2 -3  4  0 -1 -4 -3  1   25   0   0   0   0   0   0  26   0   0   0   0   0   0  29   0   0   0   0  20  0.64 0.02
   37 W   -2 -3 -3 -4 -3 -2 -3 -3 -3 -3 -2 -3 -2 -1 -4 -1  2 10  1 -2    0   0   0   0   0   0   0   0   0   0   0   0   0   0   0   0  29  71   0   0  1.81 0.06
   38 S    1 -1  0 -1 -2 -1 -1  1 -1 -3 -3 -1 -2 -3 -2  5  1 -4 -3 -2    0   0   0   0   0   0   0  12   0   0   0   0   0   0   0  88   0   0   0   0  0.72 0.04
   39 A    1 -1  0 -1 -2 -1 -1 -1 -2 -2 -2 -1 -1 -3 -2  3  4 -4 -2 -1   12   0   0   0   0   0   0   0   0   0   0   0   0   0   0  29  59   0   0   0  0.61 0.03
   40 P    2 -2 -1 -2 -2 -1 -1  2 -2 -3 -3 -1 -2 -3  3  2  0 -4 -3 -2   33   0   0   0   0   0   0  20   0   0   0   0   0   0  18  29   0   0   0   0  0.59 0.02
   41 S    1 -2  0 -2 -2 -1 -1  0 -2 -3 -3 -1 -2 -2 -2  3  0  7  0 -2   12   0   4   0   0   0   0   7   0   0   0   0   0   0   0  47   0  29   0   0  0.73 0.03
   42 N   -1 -1  4  0 -2  0 -1 -1 -1 -2  0 -1  2 -2 -2  2  0 -3 -2 -2    0   0  47   0   0   0   0   0   0   0   7   0  17   0   0  30   0   0   0   0  0.46 0.03
   43 P    0 -2 -2 -2 -3 -2 -2 -3 -2 -4 -3 -1 -3 -4  7  1 -1 -5 -4 -3    0   0   0   0   0   0   0   0   0   0   0   0   0   0  83  17   0   0   0   0  2.13 0.04
   44 W   -2 -3 -3 -4 -4 -3 -4  3 -3 -4 -3 -4 -2 -1 -4 -3 -3 10  1 -3    0   0   0   0   0   0   0  29   0   0   0   0   0   0   0   0   0  71   0   0  1.92 0.05
   45 G    0 -2 -1 -1 -3 -2 -2  5 -2 -3 -3 -1 -3 -3 -2  1 -1 -3 -3 -3    1   1   1   1   0   1   1  72   0   1   1   1   0   0   1  18   1   0   0   1  0.85 0.02
   46 G    1 -1 -1 -1 -2 -1 -1  3 -1 -2 -2 -1 -1 -1 -1  0 -1 -1  1 -1   21   2   1   2   1   1   2  38   1   2   3   2   1   1   2   7   2   0  10   2  0.31 0.01
   47 L   -1 -1 -2 -2 -2 -1 -2  0 -2  1  2 -1  3  0 -1 -1 -1 -1 -1  1    3   2   1   2   1   1   2  11   1   2  34   2  21   1   2   2   2   0   1   9  0.15 0.01
   48 Q   -1  0  0 -1 -3  4  0  0  5 -3 -2  0 -1  0 -2 -1 -1 -1  3 -2    1   1   1   1   0  35   1  10  24   1   1   1   0   0   1   1   1   0  20   1  0.47 0.02
   49 A    2 -1 -1 -1 -1 -1 -1 -1 -1 -2 -2 -1 -1 -2  2  3  1  4 -1 -1   23   1   1   1   0   1   1   2   1   1   2   1   1   1  11  34   5   9   1   2  0.37 0.01
   50 G    0 -3 -1 -2 -4 -3 -3  6 -3 -5 -5 -2 -4 -4  0 -1 -2 -4 -4 -4    0   0   0   0   0   0   0  96   0   0   0   0   0   0   4   0   0   0   0   0  1.35 0.04
   51 R   -2  6 -1 -3 -4  0 -1 -3 -1 -4 -3  1 -2 -2 -3 -2 -2  6 -1 -3    0  80   0   0   0   0   0   0   0   0   0   0   0   0   0   0   0  20   0   0  1.11 0.05
   52 D   -2 -2  1  6 -4 -1  1  2 -2 -5 -5 -1 -4 -4 -3 -1 -2 -5 -4 -4    0   0   0  80   0   0   0  20   0   0   0   0   0   0   0   0   0   0   0   0  1.11 0.04
   53 P   -1 -2 -1 -2  2 -1 -1  2  5 -4 -4 -2 -3 -3  5 -1 -2 -4 -1 -3    0   0   0   0   7   0   0  20  31   0   0   0   0   0  42   0   0   0   0   0  1.04 0.03
   54 R   -1  6 -1 -2 -4  0 -1 -3 -1 -3 -3  2 -2 -3 -2 -1  2 -4 -3 -2    0  80   0   0   0   0   0   0   0   0   0   0   0   0   0   0  20   0   0   0  0.90 0.04
   55 R   -2  6 -1 -2 -4  3  0 -3  0 -4 -3  2 -2 -4 -2 -1 -2 -3 -3 -3    0  80   0   0   0  20   0   0   0   0   0   0   0   0   0   0   0   0   0   0  1.03 0.04
   56 A    3 -2 -1 -2 -2 -2 -2  4 -2 -2 -3 -1 -2 -3 -2  1  1 -4 -3 -1   48   0   0   0   0   0   0  38   0   0   0   0   0   0   0   0  14   0   0   0  0.57 0.02
   57 V   -1 -3 -3 -3 -2 -2 -3  1 -3  2  2 -3  1 -1 -3 -1 -1 -3 -2  3    0   0   0   0   0   0   0  14   0   0  22   0   0   0   0   6   0   0   0  58  0.30 0.02
   58 G    0  2  3 -1 -3 -1 -2  4 -1 -4 -4  0 -3 -4 -3  0 -1 -4 -3 -3    6  20  25   0   0   0   0  49   0   0   0   0   0   0   0   0   0   0   0   0  0.67 0.02
   59 V   -1 -2 -2 -2 -2 -1  2  1 -2  1  1 -2  2 -2 -3 -1 -1 -3 -2  2    0   0   0   0   0   0  20  18   0   0  11   0  16   0   0   0   0   0   0  35  0.20 0.02
   60 G   -1 -3 -1 -2 -4 -3 -3  5 -1 -4 -4 -2 -3 -1 -3 -1 -2 -2  3 -4    0   0   0   0   0   0   0  80   0   0   0   0   0   0   0   0   0   0  20   0  1.04 0.03
   61 V   -1  2 -3 -4 -2 -1 -2 -4 -3  3  0 -1  2 -1 -3 -2 -1 -3 -2  3    0  20   0   0   0   0   0   0   0  25   0   0   7   0   0   0   0   0   0  48  0.35 0.02
   62 G    0  2  0 -1 -2 -1 -1  4 -1 -2 -2  0 -2 -2 -1  0 -1 -2 -2 -2    3  16   2   2   1   2   2  50   1   2   4   2   1   1   2   3   2   1   1   3  0.43 0.01
   63 V    0 -1 -1 -1 -1 -1 -1  1 -1  1  1 -1  0 -1 -1  0  0 -2 -1  2    3   2   2   2   1   2   2  17   1   2  15   2   1   1   2  11   2   1   1  30  0.07 0.00
   64 G    0 -1  2 -1 -2 -1 -1  3 -1 -1 -1 -1 -1 -1 -1  0  0 -2 -1  0    4   2  13   2   1   2   3  33   1   2   4   3   1   2   2   3   3   1   1  17  0.19 0.01
   65 V    0 -1 -1 -1 -1 -1 -1  2 -1  0  0 -1  2 -1 -1 -1  0 -1 -1  1    3   2   2   2   1   2   3  27   1   2   4   2  14   2   2   3   3   1   1  23  0.12 0.01
   66 G    0 -1  0 -1 -2 -1 -1  5 -1 -2 -2 -1 -2 -2 -1  0 -1 -2 -2 -2    3   2   2   2   1   2   2  64   1   2   4   2   1   2   2   3   2   1   1   3  0.60 0.02
   67 V    0 -1 -1 -1 -1 -1 -1  2 -2  1  0 -1  0 -1 -1 -1  0 -2 -1  2    3   2   2   2   1   2   2  23   1   8   3   2   1   1   2   3   2   1   1  37  0.13 0.01
   68 P   -1 -2 -2 -2 -2 -1 -1 -1 -2 -1 -1 -1  1 -2  6 -1 -1 -3 -2  0    2   1   1   1   0   1   1   4   0   1   2   1   9   1  56   2   1   0   1  14  1.12 0.03
   69 S    0 -2  1 -1 -2 -1 -1  2 -2 -2 -3 -1 -2 -3 -2  3  3 -4 -3 -2    0   0   6   0   0   0   0  23   0   0   0   0   0   0   0  33  38   0   0   0  0.54 0.03
   70 P   -1 -2 -2 -2 -3 -2 -2  2 -2 -3 -3 -2 -3 -4  6  1  1 -5 -4 -3    0   0   0   0   0   0   0  20   0   0   0   0   0   0  60   9  11   0   0   0  1.44 0.05
   71 L   -2 -3 -3 -4 -2 -2 -3 -4  0  2  4 -3  3  0 -3 -3 -1 -2 -1  1    0   0   0   0   0   0   0   0   5   9  65   0  12   0   0   0   0   0   0   9  0.51 0.03
   72 N   -2 -1  6  1 -3  0 -1 -1  0 -4 -4 -1 -3 -4 -3  1  0 -4 -3 -3    0   0  90   0   0   0   0   0   0   0   0   0   0   0   0   7   4   0   0   0  1.11 0.07
   73 P    0 -1 -1 -1 -3  2  0 -2  2 -3 -3 -1 -2 -3  5  3  0 -4 -2 -3    0   0   0   0   0  17   0   0   7   0   0   0   0   0  33  43   0   0   0   0  0.86 0.04
   74 I   -1 -3 -4 -4 -2 -3 -4 -4 -2  5  1 -3  1  0 -3 -2 -1 -2  2  2    7   0   0   0   0   0   0   0   0  82   0   0   0   0   0   0   0   0  11   0  0.52 0.05
   75 S    1 -1  0 -1 -2 -1 -1 -1 -1 -3 -3 -1 -2 -3 -2  5  1 -4 -2 -2    0   0   0   0   0   0   0   0   0   0   0   0   0   0   0 100   0   0   0   0  0.89 0.07
   76 P   -1 -3 -3 -3 -4 -2 -2 -3 -3 -4 -4 -2 -3 -4  8 -2 -2 -5 -4 -3    0   0   0   0   0   0   0   0   0   0   0   0   0   0 100   0   0   0   0   0  2.76 0.08
   77 L   -2 -3 -3 -4 -2 -2 -3 -4 -3  1  4 -3  4  0 -3 -2  0 -2 -2  0    0   0   0   0   0   0   0   0   0   0  69   0  22   0   0   0   9   0   0   0  0.56 0.04
   78 K   -1  2  0 -1 -4  1  0 -2 -1 -4 -3  6 -2 -4 -2 -1 -1 -4 -3 -3    0   0   0   0   0   0   0   0   0   0   0 100   0   0   0   0   0   0   0   0  1.02 0.07
   79 K   -1  2  0 -1 -4  1  0 -2 -1 -4 -3  6 -2 -4 -2 -1 -1 -4 -3 -3    0   0   0   0   0   0   0   0   0   0   0 100   0   0   0   0   0   0   0   0  1.02 0.07
   80 P    0 -2  1 -1 -3 -1 -1 -2 -2 -3 -3 -1 -3 -4  6  2  1 -5 -3 -2    0   0  10   0   0   0   0   0   0   0   0   0   0   0  57  22  11   0   0   0  1.34 0.05
   81 F   -3 -4 -4 -4 -3 -4 -4 -4 -1 -1  0 -4 -1  7 -4 -3 -3  0  4 -2    0   0   0   0   0   0   0   0   0   0   0   0   0  91   0   0   0   0   9   0  1.15 0.07
   82 S    1 -2 -1 -2 -2 -1 -1 -2 -2 -3 -3 -1 -2 -3  6  3  1 -4 -3 -2   10   0   0   0   0   0   0   0   0   0   0   0   0   0  45  40   5   0   0   0  1.11 0.04
   83 S    0 -1  4  0 -2 -1 -1  1 -1 -3 -3 -1 -2 -3 -2  4  1 -4 -3 -3    0   0  33   0   0   0   0  11   0   0   0   0   0   0   0  54   2   0   0   0  0.64 0.04
   84 N   -2 -1  6  1 -3  0 -1 -1  0 -4 -4 -1 -3 -4 -3  1  0 -4 -3 -4    0   0  91   0   0   0   0   0   0   0   0   0   0   0   0   9   0   0   0   0  1.14 0.07
   85 V   -1 -1 -2 -3 -2  3 -1 -4  4  1 -1 -1  0 -2 -3 -2 -1 -3 -1  3    0   0   0   0   0  21   0   0  21   0   0   0   0   0   0   0   0   0   0  58  0.43 0.07
   86 I   -2 -3 -4 -4 -2 -3 -4 -5 -4  5  1 -3  1 -1 -4 -2  0 -3 -2  3    0   0   0   0   0   0   0   0   0  79   5   0   0   0   0   0   5   0   0  11  0.63 0.07
   87 A    3 -2 -2 -2 -2  1 -1 -1 -2 -3 -3 -1 -2 -3  4  2  0 -4 -3 -1   52   0   0   0   0  10   0   0   0   0   0   0   0   0  26  13   0   0   0   0  0.73 0.06
   88 P    0 -2 -2 -2 -3 -2 -2 -2 -2 -2 -1 -2 -2 -3  6  2  0 -4 -3 -2    0   0   0   0   0   0   0   0   0   0  10   0   0   0  58  27   5   0   0   0  1.34 0.07
   89 P   -1 -1 -2 -2 -3  4  0 -3 -1 -2 -2  0 -1 -4  6 -1 -1 -4 -3  0    0   0   0   0   0  42   0   0   0   0   0   0   0   0  45   0   0   0   0  13  1.15 0.08
   90 K   -1  2 -1 -2 -4  1  0 -2 -1 -4 -3  6 -2 -4 -2 -1 -1 -4 -3 -3    0   0   0   0   0   0   0   0   0   0   0 100   0   0   0   0   0   0   0   0  1.10 0.11
   91 F   -3 -3 -4 -4 -3 -3 -4 -4  0 -1 -1 -4 -1  6 -4 -3 -3  1  5 -2    0   0   0   0   0   0   0   0   0   0   0   0   0  65   0   0   0   0  35   0  1.14 0.09
   92 P    0  1 -2 -2 -3  1 -1 -3 -2 -3 -2 -1 -2 -3  6  0  0 -4 -3 -2   10  13   0   0   0   9   0   0   0   0   5   0   0   0  52   5   8   0   0   0  1.13 0.06
   93 R   -2  6 -1 -3 -5  0 -1 -3 -1 -4 -3  2 -2 -4 -3 -1 -2 -4 -3 -3    0 100   0   0   0   0   0   0   0   0   0   0   0   0   0   0   0   0   0   0  1.37 0.11
   94 A    1 -1  2 -1 -2 -1 -1  0 -1 -3 -3 -1 -2 -3  2  3  2 -4 -3 -2   14   0  17   0   0   0   0   4   0   0   0   0   0   0  12  37  16   0   0   0  0.51 0.04
   95 A    1 -2  0 -1 -2 -1 -1  2 -2 -3 -3 -1 -2 -3 -1  3  2 -4 -3 -2   13   0   0   0   0   0   0  22   0   0   0   0   0   0   2  42  21   0   0   0  0.52 0.05
   96 P    2 -2 -1 -2 -3 -2 -2  2 -2 -3 -3 -1 -3 -4  5  2 -1 -4 -3 -2   18   0   0   0   0   0   0  21   0   0   0   0   0   0  40  21   0   0   0   0  0.97 0.05
   97 L   -2 -3 -4 -4 -2 -3 -4 -4 -2  2  3 -3  1  4 -4 -3 -2 -1  3  0    0   0   0   0   0   0   0   0   0  16  45   0   0  26   0   0   0   0  13   0  0.53 0.05
   98 T    1 -1  4  0 -2 -1 -1  1 -1 -2 -3 -1 -2 -3  3  0  2 -3 -3 -2   17   0  33   0   0   0   1  11   0   0   1   1   0   0  15   1  17   0   0   1  0.47 0.04
   99 S    0 -1 -1 -2 -3  2 -1  1  3 -4 -3 -1 -2 -3  5  0  0 -4 -2 -3    2   0   0   0   0  19   0  15  13   0   0   0   0   0  39   8   4   0   0   0  0.88 0.06
  100 K   -1  2 -1 -2 -4  1  0 -2 -1 -4 -3  6 -2 -4 -2 -1 -1 -4 -3 -3    0   0   0   0   0   0   0   0   0   0   0 100   0   0   0   0   0   0   0   0  1.10 0.12
  101 S    0 -2 -1 -2 -3 -1 -1  3 -2 -4 -4 -1 -3 -4  4  3  0 -4 -3 -3    0   0   0   0   0   0   0  31   0   0   0   0   0   0  24  45   0   0   0   0  0.80 0.07
  102 W   -4 -3 -3 -5 -4 -2 -4 -4  3 -4 -3 -4 -2 -1 -5 -4 -4 10  1 -4    0   0   0   0   0   0   0   0  15   0   0   0   0   0   0   0   0  85   0   0  2.61 0.16
  103 M   -2 -3 -3 -4 -2 -2 -3 -4 -3  2  1 -3  6  2 -3 -2 -1 -2 -1  2    0   0   0   0   0   0   0   0   0  11   0   0  58  15   0   0   0   0   0  16  0.58 0.09
  104 E   -1 -1 -1  2 -5  1  5 -3 -1 -2 -3  0 -3 -4  4 -1 -1 -5 -4 -3    0   0   0  13   0   0  63   0   0   4   0   0   0   0  20   0   0   0   0   0  0.95 0.08
  105 D   -2 -1  1  5 -4  2  2 -2 -1 -4 -4 -1 -3 -4  1  0 -1 -5 -4 -4    0   0   0  66   0  15  10   0   0   0   0   0   0   0   5   4   0   0   0   0  0.98 0.08
  106 N    0 -1  4  0 -3  0  2  1 -1 -4 -4  0 -3 -4 -2  3  1 -4 -3 -3    0   0  31   0   0   0  24   9   0   0   0   0   0   0   0  32   4   0   0   0  0.55 0.06
  107 A    1 -2 -3 -3 -2 -2 -2 -3 -3  2  1 -2  3 -1  0 -1 -1 -3 -2  2   13   0   0   0   0   0   0   0   0  21  10   0  23   0   4   0   0   0   0  24  0.30 0.05
  108 F   -2 -2  4 -1 -3 -1 -2  0 -1 -1  0 -1 -1  4 -3 -1  1 -2  0 -2    1   0  35   0   0   0   0   7   0   0  11   0   0  30   0   0  12   0   0   0  0.34 0.06
  109 R   -2  6  2 -2 -4  0 -1 -3 -1 -3 -3  2 -2 -3 -2 -1 -2 -3 -3 -3    1  82  12   0   0   0   0   0   0   0   1   0   0   0   0   0   0   0   0   0  1.04 0.11
  110 T    1 -1  3 -1 -2 -1 -1 -1 -1 -1 -1 -1  2 -2 -2  1  3 -3 -2 -1   11   1  21   1   0   1   1   1   0   1   1   1  12   1   1   5  40   0   0   1  0.36 0.06
  111 D   -2 -2  1  6 -3 -1  1 -2 -2 -2 -1 -1 -2 -3 -2 -1 -1 -4 -3 -3    1   1   1  72   0   1   5   1   0   1  12   1   0   1   1   1   1   0   0   1  0.88 0.08
  112 N   -1 -1  4  0 -3  2  1  2  0 -3 -3  0 -2 -3 -2  0 -1 -3 -2 -3    1   1  44   1   0  11  13  16   0   1   2   1   0   1   1   4   1   0   1   1  0.51 0.05
  113 G    2 -1  1 -1 -1 -1 -1  1 -1 -1 -1 -1 -1 -2 -1  1  0 -2 -1  0   25   2   9   2   1   2   2  11   1   2   3   2   1   1   2  14   4   1   1  13  0.14 0.01
  114 N   -1  2  4  1 -2  0  0 -1  0 -2 -2  0 -2 -1 -1  1  0 -2  2 -2    2  13  40   8   0   1   2   2   1   1   2   1   1   1   1  10   1   0  11   2  0.38 0.04
  115 N   -1 -1  4  0 -2  0  1 -1  3 -3 -2  0 -2 -2 -1  2  0 -3 -1 -2    2   1  39   1   0   1  13   2  11   1   2   1   0   1   1  17   4   0   1   1  0.45 0.05
  116 L   -2 -3 -4 -4  3 -3 -4 -4 -3  2  2 -3  2  3 -4 -3 -1 -2  0  2    0   0   0   0  12   0   0   0   0  23  27   0   8  18   0   0   0   0   0  12  0.39 0.03
  117 L   -2 -2 -3 -3 -3  2 -2 -4 -1  0  2 -2  1  3 -3 -2 -2 -1  3  1    0   0   0   0   0  18   0   0   0   0  38   0   0  20   0   0   0   0  12  12  0.34 0.04
  118 P    0 -2 -1 -2 -3 -1 -1 -2 -2 -3 -3 -1 -2 -3  7  1 -1 -3 -3 -2    1   1   1   1   0   1   1   1   0   1   2   1   0   1  67  17   1   0   1   1  1.56 0.06
  119 F   -2 -3 -3 -3  3 -3 -3 -3 -1  0  1 -3  0  5 -3 -2 -2  0  3 -1    1   1   0   1  11   0   1   1   0   1  18   1   0  51   1   1   1   0  11   1  0.50 0.03
  120 Q   -1  0 -1 -1 -4  4  1 -3  0 -3 -3  0 -1 -4  6 -1 -1 -3 -3 -3    0   0   0   0   0  50   0   0   0   0   0   0   0   0  50   0   0   0   0   0  1.32 0.01
  121 D   -1 -2  0  4 -3  0  3 -3 -2  0 -2 -1 -1 -3 -2 -1 -1 -4 -3  2    0   0   0  41   0   0  24   0   0   0   0   0   0   0   0   0   0   0   0  35  0.52 0.04
  122 R   -2  6 -1 -2 -4  1 -1 -3 -1 -4 -3  3 -2 -4 -2 -1 -2 -4 -3 -3    0  79   0   0   0   0   0   0   0   0   0  21   0   0   0   0   0   0   0   0  1.09 0.07
  123 S    0 -1  2 -1 -2 -1 -1  0 -1 -3 -3  1 -2 -3  2  3  2 -4 -3 -2    0   0  16   0   0   0   0   6   0   0   0  10   0   0   9  43  16   0   0   0  0.48 0.03
  124 R   -1  5  1 -1 -4  0 -1  1 -1 -4 -3  1 -2 -4 -2  2 -1 -4 -3 -3    0  57   9   0   0   0   0  13   0   0   0   0   0   0   0  21   0   0   0   0  0.67 0.07
  125 P   -1 -2  1 -2 -3 -1 -1 -2 -2 -2 -1 -1  2 -3  6  1 -1 -3 -3 -2    1   0  10   0   0   0   0   1   0   0   5   0  11   0  49  20   0   0   0   0  1.02 0.06
  126 Y   -2 -3 -3 -4 -2 -3 -3 -4 -1  1  2 -3  0  4 -3 -2 -2  0  4  0    1   0   0   0   0   0   0   1   0  13  21   0   0  34   0   1   0   0  25   0  0.53 0.05
  127 D   -2 -2  1  6 -4 -1  2 -2 -1 -4 -4 -1 -3 -4 -2 -1 -1 -5 -4 -4    1   0   0  80   0   0  13   1   0   0   1   0   0   0   0   1   0   0   0   0  1.18 0.08
  128 T    0  1 -1 -2 -2 -1 -1  0 -2 -2 -3 -1 -2 -3  2  3  3 -4 -3 -2    3  12   0   0   0   0   0   8   0   0   0   0   0   0  10  28  39   0   0   0  0.49 0.05
  129 F   -2 -3 -3 -4 -2 -3 -3 -4 -2  0  2 -3  2  5 -3 -3 -2 -1  1 -1    1   0   0   0   0   0   1   1   0   0  28   0  10  55   0   1   0   0   0   1  0.62 0.06
  130 N   -1  1  5  2 -3  0 -1 -1  0 -3 -3  0 -2 -3 -2  1  1 -4 -3 -3    1  10  54   8   0   0   1   1   0   0   1   0   0   0   0   9  13   0   0   1  0.63 0.06
  131 L   -2 -2 -3 -3 -2 -1 -2 -3 -2  1  3 -2  5  2 -2 -2 -1 -2 -1  0    1   1   1   1   0   1   1   1   0   1  39   1  38   9   1   1   1   0   0   1  0.43 0.05
  132 H   -2  1  1 -2 -4  1 -1 -3  6 -3 -3  1 -2 -1 -3 -1  0 -2  3 -2    0   9   8   0   0   2   0   0  42   0   0  13   0   0   0   0   9   0  15   2  0.60 0.06
  133 S    0 -2 -1 -2 -2 -1 -1  2 -2 -2 -2 -1  2 -3  3  3  2 -4 -3 -2    0   0   0   0   0   0   0  18   0   0   0   0  13   0  15  42  12   0   0   0  0.48 0.05
  134 L   -2 -3 -4 -5 -2 -3 -4 -5 -4  1  5 -3  2  0 -4 -3 -2 -3 -2  0    0   0   0   0   0   0   0   0   0   0 100   0   0   0   0   0   0   0   0   0  0.85 0.08
  135 E   -1 -1 -1  1 -5  3  6 -3 -1 -4 -4  0 -2 -4 -2 -1 -1 -4 -3 -3    0   0   0   0   0  13  87   0   0   0   0   0   0   0   0   0   0   0   0   0  1.18 0.09
  136 N   -1 -1  4  0 -3  2  0 -1  3 -4 -3  0 -2 -3 -2  3  0 -4 -2 -3    0   0  40   0   0  15   0   0   9   0   0   0   0   0   0  36   0   0   0   0  0.65 0.06
  137 S    0  1  2 -1 -3  2  0 -2  0 -3 -3  0 -2 -2  0  3  0 -3  1 -3    0   9  13   0   0  15   0   0   0   0   0   0   0   0   3  50   0   0   9   0  0.46 0.06
  138 L   -2 -3 -4 -5 -2 -3 -4 -5 -4  2  4 -3  2  0 -4 -3 -2 -3 -2  1    0   0   0   0   0   0   0   0   0  15  85   0   0   0   0   0   0   0   0   0  0.73 0.07
  139 M   -2 -3  0 -3 -2 -2 -3 -4 -2  3  2 -2  4  0 -3 -2 -1 -1  2  1    0   0   9   0   0   0   0   0   0  29  20   0  28   0   0   0   0   0  14   0  0.35 0.05
  140 D   -2 -2  1  6 -4 -1  2 -2 -2 -4 -4 -1 -4 -4 -2  1 -1 -5 -4 -4    0   0   0  75   0   0  12   0   0   0   0   0   0   0   0  14   0   0   0   0  1.10 0.07
  141 M   -2 -3 -4 -4 -2 -2 -3 -4 -2  3  2 -3  4  0 -4 -3 -1 -2  1  1    0   0   0   0   0   0   0   0   0  41  22   0  28   0   0   0   0   0   9   0  0.48 0.05
  142 I   -2 -3 -3 -4 -2 -2 -3 -4 -3  4  1 -3  6 -1 -3 -3 -1 -3 -2  2    0   0   0   0   0   0   0   0   0  41   0   0  52   0   0   0   0   0   0   7  0.62 0.08
  143 R   -2  6 -1 -2 -4  1 -1  0 -1 -4 -3  3 -2 -4 -2 -1 -2 -4 -3 -3    0  78   0   0   0   0   0   7   0   0   0  15   0   0   0   0   0   0   0   0  1.01 0.08
  144 T    2 -2 -1 -2 -1 -1 -1  0 -2 -1 -2 -1 -1 -2 -2  1  3 -4 -2  1   32   0   0   0   0   0   0   7   0   0   0   0   0   0   0   8  40   0   0  14  0.39 0.04
  145 D   -1 -2  2  4 -4  0  3  1 -1 -2 -3 -1 -3 -4 -2 -1 -1 -4 -3  0    0   0  16  36   0   0  23  14   0   0   0   0   0   0   0   0   0   0   0  12  0.55 0.04
  146 H   -1  0  1 -1 -3  4  0 -2  5 -3 -3  0 -2 -3 -2  2  1 -3  0 -3    0   0   6   0   0  29   0   0  34   0   0   0   0   0   0  22   8   0   0   0  0.62 0.06
  147 E   -1 -1  0  4 -3  0  3 -2 -1 -3 -3 -1 -2 -2 -2  0  1 -3  0 -2    1   1   1  44   0   1  32   1   0   1   1   1   0   0   1   1  10   0   5   1  0.66 0.04
  148 P    0 -1  0  1 -2 -1  0 -1 -1 -2 -2  1 -2 -3  5  2  1 -3 -2 -2    1   1   1   9   0   1   1   1   0   1   2  11   0   1  31  29   8   0   1   1  0.66 0.04
  149 L   -1 -2 -2 -3 -2 -1 -2  0  3  1  1 -2  3  2 -3 -2 -1 -2  0  1    1   0   0   0   0   0   0  11  15   8  13   0  19  15   0   0   0   0   0  15  0.24 0.08
  150 K    1  0  0  2 -3  0  2 -2 -1 -3 -3  3 -2 -4 -2  1  1 -4 -3 -2   15   0   0  15   0   0  15   0   0   0   0  34   0   0   0  10  12   0   0   0  0.46 0.10
  151 G    2 -1  0 -1 -1 -1 -1  3 -1 -2 -2 -1 -1 -2 -1  2  0 -2 -2 -1   27   1   1   1   0   1   2  27   1   1   2   1   1   1   1  27   1   0   1   2  0.34 0.01
  152 R   -1  3 -1 -1 -2  2  0 -2  2 -1 -1  1  1  1 -1 -1 -1 -2  0 -1    3  31   1   2   1  10   2   2   8   2   3   9   8   9   2   2   2   0   1   2  0.26 0.03
  153 M    1 -1 -1 -1 -2  1  0 -2 -1  1  1 -1  2 -1 -1 -1 -1 -1  0  1   14   1   1   1   1   8   8   2   1  11  16   2  10   1   1   2   2   0   5  12  0.08 0.02
  154 G    0 -1  2 -1 -2 -1 -1  4 -1 -2 -2 -1 -2 -2  2  0 -1 -2 -2 -2    3   2  13   2   1   1   2  47   1   2   3   2   1   1  12   2   2   0   1   2  0.51 0.04
  155 I   -1 -1 -1 -2  5 -1 -1 -2 -1  1  1  1  0  0 -1 -1 -1 -1  1  0    3   2   2   2  24   2   2   3   1  11  17  12   1   1   2   3   2   0   9   2  0.14 0.03
  156 N   -1 -1  4  0 -2  0 -1  1 -1 -2 -2  0 -2 -2  2  1  1 -2 -2 -2    3   2  38   2   1   1   2  12   1   2   3   2   1   1   9  10   7   0   1   2  0.37 0.04
  157 F   -1 -2 -2 -2 -2 -2 -2 -2  0 -1  0 -2 -1  4 -2 -1  1  0  4 -1    2   1   1   1   0   1   2   2   1   1   6   1   1  38   1   2  13   0  23   2  0.43 0.06
  158 H   -1 -1  2 -1 -3  1 -1 -2  5 -3 -3 -1 -2 -1  4  1 -1 -2  2 -3    1   1  12   1   0   5   1   1  31   1   1   1   0   0  21  13   1   0  10   1  0.63 0.08
  159 H   -2 -1  0 -2 -3  0 -1 -3  6 -3 -2 -1 -2  1 -2  0 -1 -1  4 -3    1   1   3   1   0   0   1   1  46   1   1   1   0   6   1  11   1   0  25   1  0.75 0.11
  160 P   -1 -2 -2 -2 -3  1 -1 -2 -2 -2 -1 -1 -2 -3  7 -1 -1 -3 -3 -2    1   1   1   1   0  11   1   1   0   1   7   1   0   1  67   1   1   0   1   1  1.54 0.11
  161 G    0 -2  1 -1 -3 -1 -2  4 -2 -3 -3  0 -2 -3  2 -1 -1 -3 -3 -2    3   1  10   1   0   1   1  54   0   1   1   6   0   1  12   1   1   0   0   4  0.65 0.07
  162 T    2 -2 -1 -2 -2 -1 -1  2 -2 -1  0 -1 -1 -2 -1  2  2 -3 -2 -1   24   1   1   1   0   1   1  17   0   1  13   1   0   1   1  18  19   0   0   1  0.26 0.04
  163 D   -1 -1  0  5 -3  0  2 -2 -1 -3 -3 -1 -3 -3 -2  2 -1 -4 -3 -3    1   1   1  52   0   1  14   1   0   1   1   1   0   1   1  22   1   0   0   1  0.73 0.09
  164 N   -1  0  3 -1 -3  2  0  2  2 -2 -2  1 -2 -2 -2  0 -1 -2  1 -1    1   1  21   1   0  12   1  18   9   1   1  11   0   1   1   8   1   0   6   6  0.27 0.04
  165 I   -1 -2 -2 -3 -2 -2 -2 -3 -2  2  3 -2  1 -1  3  0 -1 -3 -2  0    1   1   1   1   0   1   1   1   0  19  44   1   0   1  16  11   1   0   0   1  0.36 0.06
  166 M   -1 -2 -2 -2 -2 -1 -2 -2  3  1  3 -2  3  0 -2 -2 -1 -2 -1  0    2   1   1   1   0   1   2   2  12   1  54   1  13   1   1   2   1   0   1   2  0.32 0.06
  167 A    1 -1 -1 -1 -2 -1  0  1 -2 -1  0 -1  2 -2  4  0 -1 -2 -2  0   11   1   1   1   0   1   7  13   1   1   9   1  16   1  22   3   1   0   1   7  0.30 0.04
  168 L   -1 -1 -2 -2 -2 -1 -2 -2 -2  2  3  1  2  0 -2 -2 -1 -2 -1  0    2   1   1   1   0   1   2   2   1  14  49  13   6   1   1   2   1   0   1   2  0.24 0.04
  169 N   -1 -1  5  0 -3  0 -1 -1  0 -3 -3  1 -2 -3 -2  1  0 -3 -2 -3    1   1  63   1   0   1   1   1   0   1   2   9   0   1   1  14   1   0   1   1  0.72 0.09
  170 T    2 -1 -1 -1 -1 -1 -1 -1 -1 -1 -1 -1 -1 -2  3  1  1 -2 -1 -1   34   2   2   2   1   2   2   3   1   2   3   2   1   1  15  15   8   0   1   2  0.32 0.03
  171 R   -1  5 -1 -2 -3  2  0 -2  0 -2 -2  1 -1 -1 -2 -1 -1 -1  2 -2    2  53   1   1   0  11   1   2   0   1   2   4   0   1   1   2   1   0  14   1  0.56 0.07
  172 S    1 -1  2 -1 -2 -1 -1 -1 -1 -2 -2 -1 -1  2 -1  3  1 -2 -1 -1    9   1  14   1   0   1   1   2   0   1   2   1   0  14   1  39   8   0   1   1  0.28 0.05
  173 Y   -1 -2 -2 -2 -2 -1 -2 -2  0 -1 -1 -2  2  1 -2  1 -1  1  6 -1    2   1   1   1   0   1   1   2   0   1   2   1  12   1   1  14   1   0  56   1  0.65 0.09
  174 G   -1 -2 -1  1 -3 -2 -1  5 -2 -3 -3 -2 -3 -3 -2 -1 -2 -3 -3 -3    2   1   1  12   0   1   1  70   0   1   2   1   0   1   1   1   1   0   1   1  0.87 0.08
  175 R   -2  5 -1 -2 -3  0 -1 -2  0 -2  0  1 -1 -1 -2 -1 -1 -1  2 -2    2  56   1   1   0   1   1   2   0   1  14   1   0   1   1   1   1   0  13   1  0.53 0.08
  176 R   -1  4  2  2 -3  0  0 -2 -1 -2 -2  1 -2 -3 -2  0  1 -3 -2 -2    2  45  12  13   0   1   1   2   0   1   2   1   0   1   1   1  13   0   1   1  0.48 0.06
  177 R   -1  4  0  2 -3  2  0 -2 -1 -2 -2  1 -2 -3 -2 -1  1 -3 -2 -2    2  47   1  13   0  12   1   1   0   1   2   3   0   1   1   1  12   0   1   1  0.52 0.07
  178 G   -1 -2 -1 -2 -4  1 -2  6 -2 -5 -4 -2 -3 -4 -3 -1 -2 -4 -4 -4    0   0   0   0   0  11   0  85   0   0   0   0   0   0   0   0   0   0   0   0  1.32 0.16
  179 R    0  4  1 -2 -4  1 -1 -2  3 -4 -3  3 -2 -4 -2 -1 -1 -4 -2 -3   10  39   5   0   0   4   0   0  10   0   0  30   0   0   0   0   0   0   0   0  0.69 0.12
  180 S    0 -2  0  2 -3 -1 -1  1 -2 -4 -4 -1 -3 -4  2  4  1 -4 -3 -3    0   0   0  13   0   0   0  10   0   0   0   0   0   0  10  61   4   0   0   0  0.70 0.15
  181 S    0  1  0  0  0  2 -1 -2 -2 -2 -3 -1 -2 -3  3  3  0 -4 -3  0    5  10   2   4   3  13   0   0   0   0   0   0   0   0  14  39   0   0   0  10  0.43 0.10
  182 L   -2 -3 -3 -4 -3 -2 -3  0  0  0  3 -3  1  1 -3 -2  1 -2  2  1    0   0   0   0   0   0   0  10   3   0  50   0   0   4   0   0  13   0  10   9  0.32 0.09
  183 F   -3 -4 -4 -5 -4 -4 -2 -5 -3 -1  1 -4 -1  7 -5 -4 -3 -1  2 -2    0   0   0   0   0   0   3   0   0   0   9   0   0  87   0   0   0   0   0   0  1.42 0.23
  184 P   -2 -2  0  2 -4 -2 -1 -3 -2 -3 -1 -2 -2 -3  7 -2 -2 -4 -3 -3    1   1   5  14   0   0   1   1   0   1  10   1   0   0  63   1   1   0   0   1  1.50 0.15
  185 F   -1 -2 -1  1 -2 -1  1 -1 -2  1  0 -1  2  1 -2 -1  1 -2  0  0    1   1   0  11   0   0  15   6   0  15   4   1  13  10   1   1  14   0   2   6  0.12 0.05
  186 E   -1 -1 -1  3 -4  0  4 -2 -1 -2  0  0 -2 -3 -2  0 -1 -4 -3 -2    1   1   0  22   0   0  48   1   0   1  14   4   0   0   1   6   1   0   0   1  0.60 0.11
  187 D   -2 -2  3  5 -3 -1  0 -2 -1 -4 -4 -1 -3 -4  2  1 -1 -4 -3 -3    1   1  15  53   0   0   1   1   0   1   1   1   0   0  10  14   1   0   0   1  0.85 0.12
  188 A    2 -2  1 -2 -3 -1 -1  3  3 -3 -3 -1 -2 -3 -2  2  0 -4 -2 -1   21   0   8   0   0   0   0  23  14   0   0   0   0   0   0  25   4   0   0   5  0.43 0.10
  189 F   -3 -3 -4 -5 -3 -3 -4 -5  2 -1  2 -3  3  5 -4 -3 -3 -1  3 -1    0   0   0   0   0   0   0   0   6   0  24   0  10  48   0   0   0   0  12   0  0.81 0.16
  190 L    0 -3 -3 -4 -2 -3 -3  0 -3  0  4 -3  1 -1 -1  0 -1 -3 -2  1    5   0   0   0   0   0   0   8   0   0  64   0   0   0   2  12   0   0   0   9  0.42 0.12
  191 D   -2 -2  0  5 -4 -1  3 -3 -2 -3 -4 -1 -3 -4 -3  1 -1 -5 -4  0    0   0   0  50   0   0  27   0   0   0   0   0   0   0   0  12   0   0   0  10  0.86 0.16
  192 D   -2 -2  0  6 -4 -1  2 -2 -2 -4 -4 -2 -3  1 -3 -1  0 -4 -2 -3    1   0   0  69   0   0  10   1   0   0   1   0   0   9   0   1   6   0   0   1  1.08 0.19
  193 S    0 -1  2  0 -3 -1  1  3 -2 -3 -3  1 -2 -3 -2  2  1 -4 -3 -3    1   0  11   3   0   0   9  28   0   0   1   8   0   0   0  26  11   0   0   0  0.44 0.11
  194 H   -1  2  1 -2 -3  1 -1 -3  6 -3 -2 -1 -2 -3  2  1  1 -3 -1 -3    1  12   7   0   0   8   0   0  35   0   5   0   0   0  10  11   8   0   0   0  0.57 0.15
  195 G   -1 -2  0  1 -3 -2 -2  4  1 -2  0 -2 -2 -3 -2  0  0 -3 -3 -1    2   1   3   8   0   0   1  49   5   1  12   1   0   0   1   6   5   0   0   6  0.47 0.11
  196 D   -1 -2  3  5 -4  2  2 -2 -1 -4 -4 -1 -3 -4 -3  1 -1 -5 -4 -4    4   0  17  45   0   9  14   0   0   0   0   0   0   0   0  10   0   0   0   0  0.88 0.19
  197 Q   -2  1 -1 -2 -4  5  0  0  4 -3 -3  1  1 -3  0 -1 -2 -3 -2 -3    1   8   0   0   0  47   0  10  15   0   1   7   5   0   3   0   0   0   0   0  0.75 0.23
  198 A    3 -1 -2 -3  2 -2 -2  1 -3  0 -1 -1 -1 -3  1  1  0 -4 -3  1   32   2   0   0   8   0   0  10   0   4   6   4   0   0   5  11   2   0   0  15  0.25 0.12
  199 L    0 -3 -3 -3  2 -2  0 -4 -3  1  3 -3  0 -1 -3 -1 -1 -3 -2  2    7   0   0   0   6   0   7   0   0   0  48   0   0   0   0   6   0   0   0  24  0.40 0.16
  200 S    1 -2  1 -1 -3 -1  0 -2  0  0 -2  0 -2 -3  3  2  2 -4 -3  1    9   0  10   0   0   0   7   2   3   4   0   6   0   0  15  17  13   0   0  13  0.32 0.12
  201 S    1 -2  2 -1 -3 -1  0  1 -2 -3 -1 -2 -2 -3  1  3  1  4 -2 -2   12   0  11   0   0   0   6  11   0   0   6   0   0   0   7  30   8   8   0   0  0.38 0.15
  202 G    0 -2 -1  0 -3 -2 -2  3 -2 -2  0  0 -2 -3  3  1  0 -4 -3 -1    5   0   0   5   0   0   0  30   0   0  10   8   0   0  15  15   5   0   0   6  0.38 0.14
  203 L   -1 -3 -3 -3 -3 -2 -1  0 -3  0  3 -3  0 -2  2  1  0 -4 -3  0    3   0   0   0   0   0   5   7   0   0  51   0   0   0   9  13   4   0   0   7  0.38 0.20
  204 S    0  0  3 -2 -3 -2 -2  0 -2 -2  0 -1  1 -3  1  3  1 -4 -3 -2    3   6  18   0   0   0   0   8   0   0  11   0   6   0   6  30  11   0   0   0  0.37 0.20
  205 S    1 -3  1 -2  0 -2 -1  0 -3 -3 -1 -2 -2 -4  1  4 -1 -5 -4 -1    9   0   7   0   3   0   4   4   0   0   6   0   0   0   6  55   0   0   0   5  0.61 0.29
  206 P   -2  1 -3 -3 -5  0  0 -4  1 -4 -4 -1  1 -4  6  1 -2 -5 -1 -4    0   8   0   0   0   4   6   0   3   0   0   3   5   0  58  10   0   0   3   0  1.43 0.36
  207 T    1 -2 -1  0  0 -1  0  1  0 -2 -3 -2 -2  1  2  1  2 -3  0 -1   12   0   2   5   3   0   7   9   3   0   0   0   0  10  10  10  23   0   4   2  0.25 0.14
  208 R   -2  3  0 -3  0  0 -2 -1  4 -3 -1 -1 -2  2  0 -1 -2 -3  2 -3    2  27   5   0   2   4   0   6  17   0   7   0   0  11   5   4   1   0   7   0  0.39 0.20
  209 C    0 -3  0 -2  5 -2 -2 -1  0 -1 -1 -2 -2  1  2  3  0 -3 -1 -2    7   0   3   0  17   0   0   3   3   4   7   0   0   7   9  30   5   0   2   0  0.35 0.18
  210 Q   -2 -1  1  1 -4  5  2 -4  0 -4 -2  0  1 -3  1  0 -2 -3  2 -3    0   0   5   9   0  39  11   0   1   0   4   4   6   0   6   7   0   0   8   0  0.63 0.30
  211 N   -2  0  3  1 -4  0 -1  1 -2 -1 -1  1  1 -1  2  1  0 -4 -3 -2    0   4  22   6   0   5   0  10   0   5   4  12   5   3   9  11   3   0   0   0  0.28 0.17
  212 G   -1  0  2  0 -3  0 -1  1  1 -1 -2  0 -2  0  1  2  0 -4 -2 -1    0   3  12   5   0   6   0  15   4   6   0   4   0   5   8  21   5   0   0   6  0.21 0.13
  213 E   -2 -1  1  1  0  3  4 -3  4 -4 -4  0 -3 -4 -3  1 -2 -4 -3 -4    0   0   7   6   3  15  37   0  12   0   0   3   0   0   0  13   0   0   0   0  0.71 0.28
  214 R   -1  4 -1 -2 -4  1  1 -1  2 -2 -3  1 -2  0  1  1  0 -4 -2 -3    4  33   0   0   0   4  10   3   5   3   0   8   0   4   6  12   6   0   0   0  0.44 0.22
  215 V    0 -2  0 -2 -2 -1  0 -1 -2  1  1 -1  2 -2  2  0  1 -3 -2  1    7   0   6   0   0   0   7   4   0   7  12   4  12   0  10   8   8   0   0  14  0.16 0.11
  216 E    0 -2  0  0 -3  2  3 -3 -2  0  0 -1  1 -3  1  0  0 -3 -3  0    5   0   4   4   0  10  32   1   0   5   9   0   6   0   5   5   5   0   0   6  0.32 0.18
  217 R    0  1  1 -2  3 -1 -2  0 -2  1  0  1 -1 -2 -2 -1  1 -3 -2  1   10  10   9   0   9   0   1  10   0  10  10  10   0   0   0   1  10   0   0  10  0.09 0.08
  218 Y   -4 -4 -4 -5 -5 -4 -2 -5  3 -2 -2 -4 -3  5 -5 -1 -1 -1  6 -2    0   0   0   0   0   0   3   0   7   2   3   0   0  32   0   6   4   0  43   2  1.38 0.37
  219 S    0 -4 -1 -4 -4 -3 -3 -4 -4 -5 -2 -3 -4 -5 -4  6 -2 -6 -5 -5    5   0   2   0   0   0   0   0   0   0   5   0   0   0   0  88   0   0   0   0  1.79 0.56
  220 R   -4  6  0 -4  5 -2 -1 -4 -3 -5 -5  0 -4 -6  0  0 -2 -6 -5 -5    0  62   4   0  16   0   3   1   0   0   0   2   0   0   6   6   1   0   0   0  1.50 0.45
  221 K   -4  0 -3 -4 -7 -2 -2 -1 -4 -6 -6  7 -5 -7 -5 -1 -4 -7 -6 -6    0   2   0   0   0   0   1   4   0   0   0  89   0   0   0   3   0   0   0   0  2.14 0.61
  222 V   -3 -6 -6 -7 -4 -5 -6 -4 -6  2  0 -6 -2 -4 -6 -5 -3 -6 -5  6    0   0   0   0   0   0   0   1   0  10   5   0   0   0   0   0   0   0   0  84  1.80 0.53
  223 F   -6 -7 -7 -7 -6 -7 -7 -7 -5 -4 -1 -7 -3  8 -7 -6 -5 -3  2 -4    0   0   0   0   0   0   0   0   0   0   4   0   0  92   0   0   0   0   4   0  2.83 0.69
  224 V   -2 -5 -6 -6 -4 -5 -5 -6 -6  3  3 -5 -1 -3 -5 -4 -3 -5 -4  5    1   0   0   0   0   0   0   0   0  15  32   0   0   0   0   0   0   0   0  51  1.22 0.39
  225 G   -2 -2 -1 -4 -6 -5 -5  6 -5 -7 -7 -4 -6 -7 -5  0 -4 -6 -7 -6    2   3   2   0   0   0   0  88   0   0   0   0   0   0   0   6   0   0   0   0  2.10 0.54
  226 G   -3 -1 -3 -1  0 -5 -5  6 -5 -6 -6 -4 -6 -6 -6 -3 -1 -6 -6 -2    0   4   0   3   2   0   0  84   0   0   0   0   0   0   0   0   4   0   0   4  1.90 0.51
  227 L   -3 -5 -5 -6 -4 -4 -1 -6 -5  2  4 -5 -1 -2 -5 -4 -2 -4 -1  3    0   0   0   0   0   0   4   0   0  13  53   0   0   0   0   0   1   0   2  26  1.02 0.34
  228 P   -4 -6 -6 -6 -7 -3 -5 -6 -6 -6 -3 -5  0 -7  8  0 -5 -8 -7 -6    0   0   0   0   0   1   0   0   0   0   3   0   3   0  85   7   0   0   0   0  2.82 0.78
  229 P   -1 -3 -4 -5  0 -1 -4 -5  1  1 -2 -1  0 -1  3  0 -1  8  0 -2    4   1   0   0   2   3   0   0   4  12   3   4   3   1  19   7   4  29   3   1  1.07 0.39
  230 D   -4 -1  0  7 -1 -3  1 -4 -1 -6 -6 -1 -1 -2 -5 -1 -3 -7 -2 -6    0   3   3  72   1   0   6   1   2   0   0   3   2   2   0   3   1   0   2   0  1.69 0.54
  231 I   -2 -5 -5 -6 -4 -5 -5 -3 -1  5 -1 -5  0 -3 -5 -1  0  1  0  3    2   0   0   0   0   0   0   2   2  50   2   0   1   0   0   5   6   2   3  24  0.99 0.39
  232 D   -2 -4  2  3 -4 -3  1 -4 -4 -4 -5 -3 -4 -3  0  2  5 -6 -5 -4    1   0   8  18   0   0   9   0   0   0   0   0   0   1   4  14  44   0   0   0  0.97 0.42
  233 E   -1 -1 -3 -1 -6  2  6 -5 -3 -2 -5  0 -4 -5  2 -1 -2 -6 -2 -4    4   3   0   1   0  10  57   0   0   3   0   4   0   0   9   4   2   0   2   0  1.13 0.44
  234 D    1 -3  1  4 -4  0  2  0  1 -2 -3 -1  0 -4 -1  1 -1 -5 -4 -1   11   0   5  30   0   5  12   6   4   2   2   2   3   0   2  11   2   0   0   4  0.48 0.23
  235 E    1 -2  2  2 -4  0  4  0 -2 -2 -3  0  0 -4 -3  1  0 -5 -2 -2   13   0  10  11   0   3  30   6   0   3   2   5   2   0   0   8   4   0   1   2  0.44 0.23
  236 I   -4 -6 -6 -7 -4 -5 -6 -7 -6  4  5 -6 -1  1 -6 -5 -4 -5 -4  1    0   0   0   0   0   0   0   0   0  24  61   0   0   5   0   0   0   0   0  10  1.37 0.46
  237 T   -2  1 -1 -3  0  1 -2 -1  2  1  0  0  1 -2 -4  0  2  3  1  1    0   8   2   0   2   8   1   4   6  10  11   7   4   0   0   5  14   4   5   9  0.17 0.14
  238 A    2  2  2  0 -2  1  1 -2  2 -2 -3  0 -1 -4 -3  1  0 -4  0 -3   19  14   9   4   1   8  10   1   5   2   2   5   2   0   0  10   5   0   3   0  0.31 0.19
  239 S    2 -3 -3 -4 -4 -3 -3 -2 -2  0 -1 -2 -2  4 -4  2  3 -4 -1 -1   20   1   0   0   0   0   1   2   1   6   5   2   0  19   0  17  22   0   1   3  0.52 0.29
  240 F   -6 -7 -7 -8 -6 -7 -8 -8 -5 -4  0 -7 -4  8 -8 -7 -6 -4 -1 -5    0   0   0   0   0   0   0   0   0   0   8   0   0  92   0   0   0   0   0   0  3.01 0.82
  241 R   -1  3  0 -1  0  0  1  0 -3 -5 -4  1 -4 -4 -4  3  0 -5  1 -4    3  23   3   2   3   3   7   8   0   0   1   8   0   0   0  28   5   0   5   0  0.52 0.28
  242 R    0  4 -1 -3 -5  3  0 -2  1 -2 -4  2 -2 -5  1 -1  0 -2 -4 -1    8  29   2   0   0  16   4   2   4   2   0  12   1   0   7   4   6   1   0   4  0.58 0.28
  243 F   -7 -7 -7 -8 -7 -7 -8 -8 -5 -5 -4 -7 -4  8 -8 -7 -6 -3  4 -5    0   0   0   0   0   0   0   0   0   0   0   0   0  87   0   0   0   0  13   0  3.09 0.83
  244 G   -4 -6 -4 -5 -7 -2  0  7  0 -8 -8 -5 -7 -7 -6 -4 -5 -7 -7 -7    0   0   0   0   0   2   7  89   3   0   0   0   0   0   0   0   0   0   0   0  2.36 0.69
  245 P    1  1  1 -1  0  0  0 -3  1 -2 -2  0 -3 -4  4  1  0 -5 -4 -2   10   9   9   2   2   4   5   1   4   2   3   4   0   0  26  11   5   0   0   3  0.50 0.22
  246 L   -1 -4 -1 -4  3 -4 -4 -3 -4  3  2 -4  1 -1 -4 -3 -2 -4 -3  4    6   0   3   0   8   0   1   2   0  15  21   1   3   1   0   1   1   0   0  36  0.67 0.26
  247 V   -1  2 -1 -3  1 -1  0 -3  3  0  0  1 -1  1 -4  0  1 -4  0  1    2  11   2   0   3   1   7   1  10   4   8  10   1   6   0   6  10   0   3  15  0.19 0.15
  248 V   -1 -6 -6 -7 -4 -6 -6 -7 -6  4  0 -6 -2  1 -6 -5 -4 -6 -4  6    5   0   0   0   0   0   0   0   0  24   5   0   0   7   0   0   0   0   0  58  1.45 0.50
  249 D   -4  0 -3  5  1  0  4 -2 -4 -5 -4 -2 -5 -6 -5 -1 -2 -7 -6 -2    0   5   0  38   3   3  35   2   0   0   2   1   0   0   0   4   2   0   0   4  1.15 0.44
  250 W   -1 -7 -8 -9 -7 -7 -8 -8 -7 -2 -6 -8  3  0 -8 -7 -7 11 -3 -1    5   0   0   0   0   0   0   0   0   3   0   0   7   3   0   0   0  78   0   4  3.83 0.97
  251 P   -4 -5 -5 -5 -6 -4 -4 -5 -5 -5 -5 -4  0 -1  8 -4  0 -6 -5 -1    1   0   0   0   0   0   0   0   0   0   1   0   3   2  80   0   6   0   0   4  2.53 0.70
  252 H   -2  0  0 -1 -1  0 -2  2  4 -2 -1  1 -2  1 -2  0 -1  1  0 -1    1   5   4   2   2   4   1  20  14   1   7   9   0   7   2   9   2   2   3   5  0.24 0.16
  253 K   -2  4  0 -2 -6  2  0 -2 -3 -4 -5  5  2 -6 -1 -3 -2 -6 -5 -3    2  25   5   1   0  10   4   4   0   1   0  38   5   0   3   0   2   0   0   1  0.98 0.40
  254 A    2  0  0  1 -3  0  2 -1 -1  0 -2  0 -2 -3  0  1  1 -4 -3  0   18   6   3   9   0   2  17   5   1   6   1   5   0   0   4   8  10   0   0   6  0.22 0.13
  255 E    0 -1  3  2  0  1  2  0  2 -2 -3  0 -1 -1 -2  0 -1 -4 -2 -2    7   2  15  10   3   6  16   9   6   3   1   5   2   3   2   4   2   0   1   3  0.25 0.14
  256 S    0  0  0  0  2  1  0 -1  1  0 -1  0 -2  0  1  0  0  3 -2  0    6   6   5   6   5   5   6   6   5   6   6   6   0   5   6   6   6   5   0   6  0.06 0.09
  257 K    1  1  1  0 -3  0  0  0  1 -1 -1  2  0 -3  1  0  0 -3  0 -1   11   6   8   5   0   3   3   6   5   4   5  17   3   0   5   5   3   0   4   4  0.14 0.14
  258 S    0  1  1  0  0  0  0 -1  1 -1 -2 -1 -3 -4  2  2  1 -4 -3 -3    5   8   7   5   2   5   5   5   4   5   4   3   0   0  10  22   9   0   0   0  0.26 0.24
  259 Y    0  2  1  0 -3  0  0 -1  1 -2 -1  0 -1  1 -2  1  0 -2  2 -1    8  16   6   4   0   3   4   5   3   2   6   6   2   6   1  11   5   0   9   3  0.14 0.13
  260 F   -1  2  0  0  0  0 -1 -1  0  0  0  0  1  1  0  0  0 -2  1  0    5  13   3   7   2   3   3   4   3   8   9   4   4   8   4   8   3   0   5   6  0.03 0.06
  261 P   -1  2 -1  0  0  0  0 -2  0 -1 -2  1 -3 -4  4  0 -1 -4 -3 -1    4  11   3   6   2   4   5   3   3   5   4  10   0   0  24   8   4   0   0   3  0.40 0.25
  262 P    0 -1 -3 -1 -4  0 -1 -2  1 -2 -1  0  1 -4  5  1  0 -5 -4 -1    6   2   0   4   0   4   4   3   4   2   6   7   4   0  32  10   6   0   0   5  0.59 0.36
  263 K    0  0  1  0 -3  1  0  0  2  0 -1  0  1 -2  1  0  0 -3  1 -2    6   6   6   6   0   6   6   6   6   6   6   6   6   0   6   6   6   0   6   0  0.10 0.11
  264 G    1  1  2  2 -3  0  1  1 -1 -3 -3  0 -2 -3 -2  1 -1 -3 -3 -2   13  13  13  13   0   1  13  13   0   1   1   1   0   0   1  13   1   0   0   1  0.31 0.06
  265 Y   -2 -2  0 -2  1 -2 -2 -3  2 -1  0  0 -1  3 -3 -2 -2  0  5 -2    1   1   5   1   5   1   1   1   5   1  12   8   0  16   1   1   1   0  38   1  0.47 0.12
  266 A    3 -2  0 -2  3 -1 -2  0 -2  0  0 -2  1 -2 -2  1 -1 -3 -2  1   37   1   4   1   8   0   1   6   0   5   5   1   4   0   1   8   1   0   0  16  0.22 0.08
  267 F    0 -3 -3 -3 -3 -2 -3 -3  2 -2 -1 -3 -1  5 -3 -2 -2  0  5 -2   12   1   1   1   0   0   1   1   7   1   1   1   0  46   1   1   1   0  25   1  0.77 0.17
  268 L    0 -1 -2 -3  2 -1 -2 -2 -2  1  2  1  2 -1 -2 -1 -1 -2 -2  1   11   1   1   1   7   1   1   1   0  12  27  14   8   1   1   1   1   0   0  13  0.16 0.05
  269 L   -1 -2 -2 -3 -2 -1 -2 -3  2  3  1 -2  3 -1 -2 -1  1 -2 -1  2    1   1   1   1   0   1   1   1   8  27  13   1  14   1   1   1  11   0   0  19  0.26 0.08
  270 F   -2 -3 -3 -3 -3 -2 -3 -3 -1 -1  1 -3  1  6 -3 -2 -2  0  4 -1    2   1   1   1   0   1   1   1   0   1   9   1   6  55   1   1   1   0  14   1  0.82 0.17
  271 Q    0  1  1  1 -3  1  1 -2 -1  0  0  1  1  1 -2  0  1 -3 -2 -1    8   8   7   8   0   7   8   1   0   8   8   8   7   7   0   8   8   0   0   0  0.12 0.11
  272 E    0 -1  2  3  1  0  1 -3  2 -4 -3  0 -3 -4 -4  2  1  0  0 -2    5   3   9  18   3   3  11   0   5   0   2   5   0   0   0  21   9   2   3   2  0.42 0.25
  273 E    0 -4  0  1 -7  0  6 -1 -4 -5 -6 -3 -5  1 -5 -3 -4 -6 -5 -1    7   0   4   8   0   3  62   5   0   0   0   0   0   6   0   0   0   0   0   5  1.28 0.56
  274 S   -1  2  1  0 -1  1  0  0  0 -2 -1  2 -1 -2 -1  1  1 -5 -3 -2    3  13   6   3   2   4   5   7   2   2   5  19   2   1   2  13   8   0   0   3  0.23 0.16
  275 S    0 -1 -3 -1  1  0  0 -2  1 -5 -5 -1  0 -6  0  5 -2 -6 -5 -5    5   2   0   3   4   5   6   2   3   0   0   2   3   0   4  62   0   0   0   0  1.08 0.54
  276 V   -4 -6 -6 -7 -5  0 -6 -1 -7  1 -3 -6 -3 -5 -6 -5 -4 -6 -5  7    0   0   0   0   0   4   0   6   0   5   0   0   0   0   0   0   0   0   0  86  1.99 0.66
  277 Q   -2  3 -1 -2 -2  4  1 -1  2 -2 -1  2 -3 -2 -4  0 -2 -5 -4 -2    2  19   2   2   1  22   9   4   6   2   6  14   0   2   0   7   2   0   0   2  0.50 0.26
  278 A    3  1  1 -1 -4  0  0 -2  1 -2 -1  1 -1 -2 -3  1  1 -4  0 -2   27   9   7   2   0   3   4   2   4   1   6  10   1   1   0  12   7   0   3   1  0.28 0.18
  279 L   -2 -6 -7 -7 -5 -5 -6 -7 -6  0  6 -6  2 -3 -6 -6 -4 -5 -5  0    3   0   0   0   0   0   0   0   0   4  83   0   4   0   0   0   0   0   0   6  1.71 0.56
  280 I   -3 -5 -6 -6 -4 -4 -5 -6 -5  3  4 -5  2  2 -5 -4 -2 -4 -3  2    0   0   0   0   0   0   0   0   0  20  47   0   6   8   0   0   2   0   0  17  0.99 0.33
  281 D    1  1  1  2 -4  2  2 -3  1 -4 -3  0 -3 -4 -3  2  0 -1 -2 -4   10   6   8  13   0  13  13   0   3   0   2   4   0   0   0  22   3   1   1   0  0.46 0.22
  282 A    3  0  1  1  2 -2  0  0  1 -3 -4  0 -1 -4 -3  1 -1 -5 -4 -1   33   6   8   9   5   0   6   7   3   0   0   5   2   0   0  11   3   0   0   3  0.37 0.20
  283 C   -2 -6 -5 -7 10 -6 -6 -6  2 -4 -5 -6 -5 -5 -6  0  0 -6 -2 -1    2   0   0   0  75   0   0   0   6   0   0   0   0   0   0   6   5   0   1   5  2.72 0.67
  284 L   -1  0 -2 -1 -1 -2 -1 -4  1  1 -1 -1  1 -1 -4  1  3  3  1  1    2   5   0   2   1   1   3   0   4  11   5   2   4   2   0  11  27   4   6  10  0.31 0.22
  285 E   -2  3  0 -3  1  3  1 -3  4 -1 -1  0 -1 -1 -2 -1  0 -4 -1  0    1  17   4   0   5  14   7   1  13   4   6   5   2   3   1   2   7   0   2   6  0.30 0.20
  286 E   -1  1  1  3 -1  1  2 -3  1 -2 -2  1  0 -3 -1 -1 -1 -4 -1 -2    4   7   5  24   1   7  18   0   3   3   3   7   2   0   3   4   3   0   3   2  0.38 0.21
  287 D   -1  0  2  3 -4  1  1  2  1 -3 -2  0 -3 -3 -3 -1  0 -4 -2 -2    4   6  10  18   0   5   9  22   3   0   4   4   0   0   0   3   5   0   2   4  0.33 0.19
  288 G    0  0  1  1 -4 -1  1  4 -2 -4 -4  0 -3 -4 -3  1  0 -4 -4 -3    7   5   7  10   0   0  10  39   0   0   1   6   0   0   0   9   4   0   0   0  0.56 0.23
  289 K   -1  1  2  0 -4  1  1  1 -2  0 -3  3 -3 -3 -3  0 -2 -4  0 -3    5   6  10   6   0   8  10  11   0   8   0  24   0   0   0   5   0   0   4   0  0.33 0.22
  290 L    0 -1  0 -1  1 -2 -1 -3  1  0  1 -2 -1  1  0 -2 -1  5  3  0    8   4   5   4   4   0   5   1   4   4  14   0   0   7   5   1   4  11  15   5  0.27 0.18
  291 Y    0 -1  1  1 -3 -1  1  0  2 -2 -1  0 -2  1 -2  1  1 -2  2 -2    8   0   8   8   0   0   8   8   8   0   8   8   0   8   0   8   8   0   8   0  0.13 0.10
  292 L   -1 -2 -3 -3 -3 -2  0 -4  2  3  0 -1 -1  3  1 -2 -2  3  1  1    5   0   0   0   0   0   8   0   8  26   8   4   0  16   6   0   0   4   6   7  0.28 0.19
  293 C   -1  1  0 -1  4 -1 -1 -3 -2 -1 -1  2 -2  1  0  1 -1 -1  0 -1    4   6   5   4  12   1   4   0   0   3   8  20   0   6   5  11   3   1   4   3  0.20 0.18
  294 V   -3  0 -5 -5 -3 -4 -5 -5 -4  4  3 -4  4  0 -5 -4 -3 -4  0  3    0   5   0   0   0   0   0   0   0  28  28   0  11   4   0   0   0   0   3  19  0.80 0.37
  295 S    0  1  0  0 -3  1  0 -3  1 -3 -3  2 -3 -4  1  3  0 -4 -3 -3    6   6   3   4   0   7   5   1   5   2   1  13   0   0   8  34   6   0   0   1  0.47 0.28
  296 S    0 -3  2  1 -3 -1  0 -1 -2 -1 -1 -2  0 -1 -3  3  1 -4 -3  1    4   0   9   6   0   3   4   5   0   4   6   0   3   2   0  36   6   0   0  11  0.34 0.26
  297 P   -1  2 -2  0  1  1 -1  0 -1 -2 -4  1 -3 -4  5  1 -1 -5 -4 -3    5  10   0   6   3   8   3   8   1   3   1   8   0   0  32   9   2   0   0   0  0.67 0.30
  298 T   -1  2  0  0 -4 -2 -1  2 -2 -1  0  0  0 -3 -1  1  2 -4  0 -2    2  14   5   5   0   0   2  15   0   2  11   7   3   0   2   8  17   0   5   2  0.21 0.22
  299 I   -1  0  0 -2  3 -2 -2 -2 -3  2  0  0  3  0 -1  0  1 -4 -1  0    2   5   5   2   7   0   2   2   0  17   7   8  12   5   2   9   7   0   2   6  0.18 0.20
  300 K   -1  3  0  0 -5  0  2 -1  1 -2 -1  3  0 -4 -1 -1 -1 -5 -4 -1    4  15   4   5   0   2  15   4   3   2   5  22   3   0   2   4   3   0   0   4  0.33 0.25
  301 D   -1  0  1  2  1  0  1 -1  1 -1 -2  0 -2 -3  3  1  0 -4 -3 -1    4   5   8  11   3   3   8   4   4   5   4   5   0   0  16  11   4   0   0   4  0.25 0.15
  302 K    0  2  0 -3 -4  1  0 -3 -2  0 -1  4  2 -3 -3 -2  0 -4  1 -1    7  12   4   0   0   4   4   1   0   5   5  35   6   0   0   0   6   0   5   5  0.47 0.31
  303 P   -1  1 -2  0  1  1  1 -2  0 -2  0  1  0 -3  3  1 -1 -4 -1 -2    3  10   0   5   4   7   7   3   3   2   9   9   2   0  16  11   3   0   2   2  0.25 0.15
  304 V    1 -3 -3 -3  4 -3 -3  1 -3  2  1 -3  0 -2 -3 -1 -1 -3 -3  2   17   0   0   0  17   0   0  17   0  17  17   0   0   0   0   0   0   0   0  17  0.26 0.05
  305 Q   -2  0  1  2 -4  4  2 -3  3  0 -2  0 -1 -3 -2  0 -1 -4 -2 -2    0   3   4  14   0  38  15   0   9  14   0   0   0   0   0   3   0   0   0   0  0.53 0.10
  306 I    1 -3 -4 -4 -2 -3 -3 -4 -4  3  1 -3  0 -1 -3 -2 -1 -3 -2  4   14   0   0   0   0   0   0   0   0  17  14   0   0   0   0   0   0   0   0  56  0.52 0.10
  307 R   -1  4 -1 -2 -3  0  1 -3 -1  1 -2  1 -1 -3 -3  1 -1 -4 -3  0    0  41   0   0   0   0  14   0   0  20   0   8   0   0   0  14   0   0   0   4  0.44 0.09
  308 P    0 -3 -3 -3 -4 -3 -2 -4 -3 -2 -3 -2 -2  1  7 -2 -2 -4 -3  0    6   0   0   0   0   0   0   0   0   0   0   0   0   9  73   0   0   0   0  12  1.81 0.16
  309 W   -5 -5 -6 -7 -5 -4 -6 -5 -4 -5 -4 -6 -3 -2 -7 -5 -5 11  0 -5    0   0   0   0   0   0   0   0   0   0   0   0   0   0   0   0   0 100   0   0  4.04 0.42
  310 N    0  2  1 -1  1 -1 -2 -1 -2  2  0  0  0 -1 -3 -1 -1 -3 -1  1    8  18  13   2   4   1   0   3   0  21   6   3   2   3   0   2   0   0   2  14  0.12 0.06
  311 L   -2  0 -3 -4 -3 -2 -3 -4 -3  3  3 -1  2 -1 -4 -2  0 -3 -2  1    0   7   0   0   0   0   0   0   0  21  50   4   5   0   0   0   7   0   0   6  0.49 0.11
  312 S    1  0  2  0 -1  0  0 -2 -1 -3 -3  2 -1 -3 -2  3  1 -4 -2 -2   13   4  11   3   1   2   4   1   1   0   1  13   2   0   0  31   9   0   1   2  0.37 0.13
  313 D   -3 -3  3  6  1 -2  1 -2 -3 -5 -6 -2 -5 -5 -4 -1  0 -6 -5 -5    0   0  13  66   3   0   8   3   0   0   0   0   0   0   0   3   5   0   0   0  1.38 0.30
  314 S    2  0 -2 -3  1  0 -2  0 -2  0 -1  0  0 -3  1  2  0 -4 -3 -1   18   6   0   0   5   5   0   8   0  10   3   5   2   0   7  27   1   0   0   3  0.25 0.11
  315 D   -1  0  3  3 -1  0  2 -3 -1 -2 -2  0 -1  0 -3  0  0  0  0  0    2   3  17  22   2   1  12   0   0   0   4   6   1   4   0   5   5   1   5   8  0.30 0.12
  316 F   -1 -4 -4 -5  4 -3 -4 -4  1 -3 -2 -4 -3  5 -4 -3 -3  4  6 -3    4   0   0   0  12   0   0   1   3   0   1   0   0  27   0   0   0   6  43   0  1.32 0.30
  317 V    0  0 -1 -3  1 -1  0 -4 -3  2  0 -1  2  1 -1  0  0 -3 -1  2    5   5   2   0   4   2   7   0   0  13   6   3   6   6   2   7   6   0   2  24  0.17 0.18
  318 M   -1  1 -2  0  1  0 -1 -3 -2  0  1  1  2  0  2  0 -1 -3 -2  0    3   9   0   5   5   5   3   0   0   5  14   9   9   6  10   5   3   0   0   8  0.15 0.15
  319 D   -2  0  2  4  1  0  1 -1  0 -4 -2  0 -3 -4 -3  2  0 -4  0 -2    0   4  11  28   4   3   8   4   2   0   4   5   0   0   0  15   5   0   3   2  0.45 0.30
  320 G    0  0  1  0  2  1  0  0  2  0 -2  0 -2  0  1  0  0 -4 -2  0    6   6   6   6   6   6   6   6   6   6   0   6   0   6   6   6   6   0   0   6  0.10 0.12
  321 S    0  1  2  1 -5 -3  0 -1  0 -5 -5 -3 -4 -5  2  3  2 -6 -1 -2    6   8  12   8   0   0   5   4   2   0   0   0   0   0   9  29  11   0   2   3  0.54 0.36
  322 Q    0  1 -2  0  0  2 -1 -1 -1  1 -1  0  2 -1 -2  1  1 -4  0  0    7   8   0   5   2  15   3   3   1   8   3   5   6   3   2  10   9   0   3   6  0.13 0.15
  323 P   -1  3  0 -2  0  0  0 -2  0 -2 -2  1  1 -2  4  1 -1 -5 -4 -2    2  16   4   1   2   3   6   2   3   3   3   8   4   2  25  11   4   0   0   2  0.51 0.30
  324 L   -2 -1 -3 -4  1 -3 -3 -4 -3  2  2 -1  2  2  0 -1  0 -3  1  1    0   4   0   0   4   0   0   0   0  17  29   4   6   8   4   4   5   0   6   7  0.30 0.18
  325 D   -1 -1  3  4  1  0  1 -3 -2 -2 -2 -2 -2  1 -3  0 -2  2  0  0    4   4  16  28   4   4   7   0   0   0   4   0   0   6   0   5   0   4   4  10  0.38 0.23
  326 P    0  0  0  1 -4 -2 -2 -1  1 -1 -1 -1 -2 -1  4  0  2  0 -3 -2    8   6   3   7   0   0   0   3   5   5   5   2   0   3  25   7  15   1   0   2  0.43 0.22
  327 R   -2  5  1 -1 -5  0 -1 -2  2 -4 -3  3 -3 -2 -4  0 -1 -5 -3 -4    3  42   7   2   0   3   2   3   7   0   2  20   0   2   0   7   2   0   0   0  0.79 0.36
  328 K   -3  4  2 -3 -5  0 -2 -4  1 -4 -1  3  0  0 -4 -2 -1  1  3 -4    0  31  11   0   0   4   0   0   2   0   6  22   2   4   0   0   3   2  13   0  0.69 0.35
  329 T    0 -2 -1 -3  4 -2 -2 -3 -3  1 -1 -2  2 -2 -2  1  4 -4 -2  0    3   0   0   0  14   0   0   0   0  12   0   0  10   0   0   7  49   0   0   5  0.45 0.07
  330 I    1 -3 -4 -4 -2 -3 -3 -3 -4  3  0 -3  0 -2 -3 -2 -1 -3 -2  4   17   0   0   0   0   0   0   0   0  24   0   0   0   0   0   0   0   0   0  59  0.52 0.08
  331 F   -3 -4 -4 -5 -3 -3 -4 -4 -2 -1  1 -4  3  6 -4 -3 -2 -1  2 -1    0   0   0   0   0   0   0   0   0   0  10   0  12  78   0   0   0   0   0   0  1.06 0.12
  332 V   -1 -3 -4 -4  2 -3 -4 -4 -4  2  1 -3  0  1 -3 -3 -1 -3 -1  4    0   0   0   0   6   0   0   0   0  11  15   0   0   9   0   0   0   0   0  59  0.49 0.07
  333 G   -1 -1 -1 -2  0 -2  0  5 -2 -4 -4 -2 -3 -3 -3  1 -2  3 -3 -4    0   3   0   0   3   0   7  68   0   0   0   0   0   0   0  12   0   7   0   0  0.89 0.08
  334 G    2 -2  2 -1 -3 -2 -2  5 -2 -4 -4 -2 -3 -4  1  0 -2 -4 -4 -3   20   0  14   0   0   0   0  59   0   0   0   0   0   0   7   0   0   0   0   0  0.83 0.08
  335 V   -2 -3 -4 -4 -2 -2 -3 -4 -3  2  2 -3  3  3 -3 -3 -1 -2  0  2    0   0   0   0   0   0   0   0   0  20  20   0  20  20   0   0   0   0   0  20  0.43 0.05
  336 P   -1 -2 -2 -3 -5 -2 -2 -4  6 -4 -3 -2  3 -3  6 -2 -3 -5 -2 -3    4   0   0   0   0   0   0   0  34   0   0   0  11   0  51   0   0   0   0   0  1.62 0.25
  337 R   -1  5 -1 -2 -4 -1 -1  3 -2 -3 -2  2 -3 -4 -3 -1 -2 -4 -4 -3    3  48   0   0   0   0   2  29   0   2   3  11   0   0   0   2   0   0   0   0  0.76 0.16
  338 P   -1  1 -2 -3 -1  0 -2 -2 -1 -1 -1 -1  4 -2  4  0  2 -4 -3 -2    2  12   0   0   2   4   0   3   1   2   3   2  22   1  27   4  15   0   0   0  0.54 0.13
  339 L   -2 -3 -3 -4 -2 -2 -3 -4 -3  3  3 -3  3 -1 -3 -2  1 -3 -2  2    0   0   0   0   0   0   0   0   0  27  38   0   9   0   0   0  16   0   0  10  0.45 0.07
  340 R   -1  2  1 -1 -3 -1 -1 -1  1 -2 -2  1 -2 -3 -2  1  4 -4 -2 -1    0  13   8   0   0   0   0   4   4   0   0  12   0   0   0   5  49   0   0   4  0.45 0.09
  341 A    4 -2 -2 -2 -2 -1 -1 -1 -2 -2 -2 -1 -2 -3 -1  2  2 -4 -3 -1   76   0   0   0   0   0   0   0   0   0   0   0   0   0   0  12  11   0   0   0  0.72 0.12
  342 V   -1  1  0 -2 -4  2  2  0  2 -1 -2  0  0 -1  0  1 -1 -3  0 -1    4   8   3   0   0   8  19   6   5   3   3   6   3   3   5  11   3   0   3   5  0.18 0.17
  343 E    0  1  1  1 -3  1  1  0 -2  0  0  1  1 -2 -2  0  0 -3 -3  0    7   7   7   7   0   7   7   7   0   7   7   7   7   0   0   7   7   0   0   7  0.10 0.08
  344 L   -2 -3 -4 -4 -3 -3 -3 -4 -4  2  4 -3  3 -1 -3 -3 -2 -3 -3  1    1   1   1   1   0   1   1   1   0  14  54   1  10   1   1   1   1   0   0  11  0.80 0.24
  345 A    3 -2 -2 -2  1 -1 -2  0  1 -2 -2  0 -2  1 -2  1  0 -2  1 -1   45   1   1   1   4   1   1   4   4   1   1   6   0   6   1   9   5   0   6   4  0.34 0.17
  346 M   -1  1  0 -1 -1  1  1 -1  3 -1 -1  0  2 -1 -2  1  0  1  1 -1    4   7   3   3   2   5  11   3  11   4   3   6   8   3   0  10   7   3   4   3  0.14 0.09
  347 I   -2 -2 -4 -5  3 -4 -4 -5 -2  5  1 -4  2  2 -4 -3 -1 -3 -2  2    2   2   0   0   8   0   0   0   1  43  13   0   5   8   0   0   2   0   0  14  0.67 0.25
  348 M   -3 -4 -4 -5 -3 -3 -4 -5 -4  1  2 -4  8  1 -4 -3  0 -3 -3  0    0   0   0   0   0   0   0   0   0   8  19   0  56   7   0   0   4   0   0   2  1.25 0.38
  349 D   -1 -2  3  3 -4  2  3  0 -2 -4 -5 -1 -3 -5 -3  1  0 -5 -4 -4    5   0  21  23   0   8  21   6   0   0   0   0   0   0   0  12   4   0   0   0  0.68 0.21
  350 R    0  2  1  3 -4  2  3 -1  0 -2 -2  0 -3 -4 -3  0 -2 -5 -3 -3    8  14   5  24   0  13  19   3   2   2   3   3   0   0   0   4   0   0   0   0  0.50 0.17
  351 L   -1 -1 -1 -3  0 -1 -1 -4 -1  0  3 -1  2 -1 -3 -1  1 -3 -2  1    5   3   4   0   3   2   4   0   2   1  42   4   4   0   0   2  10   0   0  13  0.27 0.14
  352 Y   -4 -5 -5 -6 -4 -4 -5 -6  1  2 -2 -5 -2  6 -6 -4 -4 -1  6 -2    0   0   0   0   0   0   0   0   4  14   0   0   0  42   0   0   0   0  40   0  1.56 0.39
  353 G   -1 -2 -2  0 -5 -3 -2  6 -1 -6 -6 -3 -5 -5  2 -1 -3 -5 -5 -5    2   2   0   4   0   0   2  75   2   0   0   0   0   0  11   4   0   0   0   0  1.44 0.35
  354 G    0 -2  2  1 -2 -1 -1  4 -1 -4 -4  0 -3 -4  3  0  0 -5 -2 -3    4   0  13  10   1   1   1  35   1   0   0   5   0   0  14   6   4   0   2   2  0.56 0.17
  355 V   -1 -5 -5 -6 -3 -4 -4 -5 -5  2  0 -4 -1 -3 -4 -2 -2 -5 -4  6    3   0   0   0   0   0   0   0   0   6   4   0   0   0   0   3   0   0   0  85  1.35 0.40
  356 C    0 -1 -3 -4  5 -3 -2 -3 -4  1  1 -3  0 -2 -3  0  0 -4 -3  2    8   4   0   0  18   0   3   1   0   8  17   0   1   0   0   8   6   0   0  26  0.36 0.16
  357 Y   -2 -4 -4 -4  3 -3 -1 -5 -1 -2  1 -4  2  4 -5 -2 -3 -1  6 -2    2   0   0   0   7   0   5   0   0   0  12   0   6  21   0   3   0   0  44   0  0.96 0.24
  358 A    3 -3 -4 -4  1 -3 -3 -3 -4  0  0 -3 -1 -3 -3 -1  0 -4 -3  4   38   0   0   0   4   0   0   0   0   0   6   0   0   0   0   2   4   0   0  46  0.64 0.22
  359 G    1  0  1 -1  0  1  1  4  0 -4 -4  0 -3 -4 -3  0  0 -4 -4 -3    9   4   7   0   3   6  13  40   3   0   0   4   0   0   0   6   6   0   0   0  0.52 0.14
  360 I   -2 -4 -4 -5 -2 -4 -4 -5 -4  5  2 -4  1  1 -4 -3 -2 -3 -2  2    0   0   0   0   0   0   0   0   0  65  22   0   0   6   0   0   0   0   0   6  0.70 0.11
  361 D   -2 -2  0  5 -4  1  2  0  1 -3  0 -1 -2 -3 -3 -1 -2 -5 -3 -3    0   0   0  53   0   7  17   6   5   0  12   0   0   0   0   0   0   0   0   0  0.74 0.10
  362 T   -1 -3  0 -3  2 -2 -3 -3 -3  2  1 -2  2 -2 -3  0  2 -3 -2  3    0   0   6   0   6   0   0   0   0   9  17   0   6   0   0   6  19   0   0  30  0.29 0.07
  363 D   -3 -2  0  6 -5 -1  3 -3  5 -5 -5 -1 -4 -4 -3 -2 -2 -5 -2 -4    0   0   0  60   0   0  19   0  21   0   0   0   0   0   0   0   0   0   0   0  1.24 0.16
  364 P   -1  0 -1 -2 -3  0  0 -2  0 -2 -1  2 -1 -2  4  0  0 -2  1 -1    4   4   3   1   0   4   5   1   2   1   7  19   2   1  28   5   4   0   6   4  0.48 0.09
  365 E    0  0  1  2  0  0  4 -1  4 -2 -4  2 -3 -4 -3 -1 -2 -5 -3 -3    6   2   5   9   3   0  37   4  13   3   0  17   0   0   0   0   0   0   0   0  0.60 0.16
  366 L   -2 -3 -3 -3 -3 -2 -3 -4  1  0  2 -3  0  2 -3 -2  1 -1  5 -1    1   0   0   1   0   0   1   1   4   5  34   1   0   5   1   1  12   0  33   1  0.52 0.10
  367 K   -1  1  0  0  4  1  2  0  0 -3 -2  4 -2 -2 -3 -1 -2 -4 -3 -3    2   4   3   6  15   4  15   7   2   0   3  38   0   2   0   0   0   0   0   0  0.44 0.10
  368 Y   -4 -4 -4 -5 -5 -4 -5 -5  0 -3 -3 -4 -3  4 -5 -4 -3  0  8 -3    0   0   0   0   0   0   0   0   0   0   0   0   0  15   0   0   0   0  85   0  2.06 0.26
  369 P    0 -1 -1 -1 -2 -1 -1 -1 -1 -1 -1 -1 -1 -2  6  0 -1 -2 -1 -1    4   3   2   3   1   2   3   4   1   3   5   3   1   2  53   4   3   1   2   3  0.99 0.02
  370 K   -1  1  0 -2 -3  0 -1 -2 -1  1  0  3  1 -2 -2  2  0 -4 -2 -1    0   5   4   0   0   0   0   0   0  16   5  39   5   0   0  21   4   0   0   0  0.27 0.04
  371 G   -1 -2  4  0 -4 -1 -1  4 -1 -4 -4 -1 -3 -4 -3  0 -1 -4 -3 -4    0   0  50   0   0   0   0  50   0   0   0   0   0   0   0   0   0   0   0   0  0.84 0.00
  372 A    2 -2 -1 -2  2 -1 -2 -1 -1 -1 -2 -1 -2  0 -2  2  0 -1  3  0   29   0   0   0   7   0   0   0   0   0   0   0   0   0   0  33   0   0  24   8  0.33 0.03
  373 G    3 -2 -2 -2  3 -2 -2  3 -2 -2 -3 -2 -2 -3 -2  0 -1 -4 -3 -1   56   0   0   0  11   0   0  32   0   0   0   0   0   0   0   0   0   0   0   0  0.56 0.03
  374 R   -2  6 -2 -3  2  1 -1 -4 -1 -4 -4  2 -3 -4 -3 -2 -2 -4 -3 -4    0  82   0   0   7   5   0   0   0   0   0   7   0   0   0   0   0   0   0   0  1.39 0.19
  375 V    0 -4 -4 -5 -2 -3 -4 -2 -4  2  0 -4  0 -2 -4 -3 -1 -4 -3  5    4   0   0   0   0   0   0   4   0   4   3   0   0   0   0   0   0   0   0  84  0.86 0.16
  376 A    2 -2 -2 -3  0 -1 -2 -2 -3  0 -1 -2  1 -1 -2  0  4 -4 -2  2   21   0   0   0   2   2   0   0   0   4   0   0   4   2   0   2  43   0   0  22  0.45 0.11
  377 F   -4 -5 -5 -5 -4 -5 -5 -5 -3 -1  0 -5 -1  7 -5 -4 -3 -1  2 -2    0   0   0   0   0   0   0   0   0   0   7   0   0  93   0   0   0   0   0   0  1.73 0.23
  378 S    1  1  2  0 -2 -1 -1 -1 -1  0 -2  0 -1 -1 -2  2  0 -3 -1  1   18   8  11   6   0   0   2   2   0   4   1   2   0   2   0  24   4   0   3  13  0.19 0.05
  379 N   -2  0  5  2 -4  0 -1 -3 -1 -5 -5 -2 -4 -5 -4  3  3 -6 -4 -4    0   4  37  12   0   3   2   0   1   0   0   0   0   0   0  23  19   0   0   0  0.95 0.31
  380 Q   -2  3  0  1 -4  2  1 -3  4 -3 -3  1  0 -2 -3  0  1 -4  1 -3    1  21   4  10   0  10   9   0  13   1   2   7   3   1   0   4   8   0   5   1  0.43 0.17
  381 Q    0  2  0 -1 -5  3  3 -2  4 -4 -4  1 -3 -4 -3  1 -1 -5 -2 -3    6  11   3   2   0  14  27   2  11   0   0   7   0   0   0  12   2   0   1   1  0.57 0.20
  382 S    3 -3 -2 -3 -4 -3 -3  1 -4 -5 -5 -3 -4 -5 -2  5 -1 -6 -5 -4   25   0   0   0   0   0   0   8   0   0   0   0   0   0   1  65   0   0   0   0  1.29 0.41
  383 Y   -5 -5 -6 -6 -6 -5 -6 -7  0 -4 -3 -5 -4  6 -6 -5 -5 -1  7 -4    0   0   0   0   0   0   0   0   2   0   0   0   0  42   0   0   0   0  56   0  2.34 0.52
  384 I   -2  0  0 -3  0 -2 -1 -4  1  3  2 -1  3  1 -4 -2 -2 -3 -1  2    1   5   4   1   2   0   4   0   4  20  22   2  12   8   0   1   1   0   1  13  0.32 0.15
  385 A    3  2 -1 -2 -4  0  0 -3 -2 -2 -3  4 -1 -4 -3  0  0 -5 -4 -1   27  13   3   1   0   3   3   0   1   1   1  31   1   0   0   3   6   0   0   5  0.52 0.21
  386 A    6 -4 -4 -5  1 -4 -4 -2 -4 -4 -4 -3 -4 -5 -3 -1 -3 -6 -5 -3   94   0   0   0   3   0   0   1   0   0   0   0   0   0   0   2   0   0   0   0  1.80 0.50
  387 I   -3 -5 -5 -6 -3 -4 -5 -6 -5  5  2 -5  1 -2 -5 -2 -3 -5 -4  4    0   0   0   0   0   0   0   0   0  48  14   0   4   0   0   3   0   0   0  31  1.11 0.32
  388 S    2  2  1 -1 -2  0  2 -2 -1 -4 -3  2 -3 -4 -3  2  0 -5 -4 -2   22  13   8   2   0   1  12   0   1   0   1  15   0   0   0  17   5   0   0   2  0.44 0.18
  389 A    3  1  0  1  1 -2  0  1 -3 -2 -3  0  3 -2 -3  1  0 -4 -3 -1   28   7   3   7   3   0   5   9   0   1   0   7  10   2   0  12   4   0   0   3  0.28 0.20
  390 R    1  6  0 -4 -5 -2 -3  1  0 -5 -5  2 -4 -6 -4 -2 -3 -6 -5 -3   14  51   5   0   0   0   0  11   3   0   0  12   0   0   0   2   0   0   0   2  1.10 0.43
  391 F   -5 -6 -2 -6  1 -2 -6 -6 -3 -1 -2 -6  0  7 -6 -2 -5 -2  4 -4    0   0   2   0   3   3   0   0   0   3   2   0   2  66   0   3   0   0  16   0  1.86 0.58
  392 V    0 -4 -5 -5 -3 -4 -2 -5 -5  3  2 -4  2  1 -4 -3  0 -4 -3  4    8   0   0   0   0   0   2   0   0  24  20   0   4   6   0   0   5   0   0  31  0.67 0.29
  393 Q   -2 -1  0  1  1  3  3 -4  3 -4 -2  1 -3 -4  0 -1  1 -5 -2 -1    2   2   4   6   4  16  20   0   7   0   5  10   0   0   5   2   8   0   1   4  0.41 0.25
  394 L   -4 -5 -6 -6 -4 -5 -6 -6 -5  4  3 -5  4  3 -6 -5 -1 -4 -3  2    0   0   0   0   0   0   0   0   0  28  34   0  10  11   0   0   3   0   0  14  1.03 0.41
  395 Q   -1  1  0  0  0  1  1 -3  2 -1 -2  2 -2 -1  2 -1  1 -4 -1 -1    3   7   4   5   2   8  10   0   6   4   3  18   0   3  11   2   8   0   1   4  0.27 0.16
  396 H   -3 -3  0 -4  3 -3 -2 -4  6 -2 -2 -1  0  2 -4 -1  4 -4  1 -1    0   0   4   0   7   0   2   0  27   2   3   3   2   9   0   4  27   0   5   3  0.85 0.40
  397 N    0  0  0 -1  0  0  1  2 -2  0 -2 -1  0 -1  1  0  1 -4 -3 -1    8   6   4   3   2   5   8  23   0   7   1   2   2   3   7   5   8   0   0   5  0.18 0.12
  398 D   -2  1  1  4 -6 -2  3  1 -3 -5 -2  3 -4 -6 -4 -3 -3 -6 -5 -5    3   8   6  23   0   0  22  12   0   0   4  22   0   0   0   0   0   0   0   0  0.77 0.37
  399 I   -2 -3 -1 -4  1  0 -1 -2  1  3 -1 -1  1  5 -4  0 -1 -3  1  0    2   0   2   0   4   4   4   3   3  18   4   4   3  28   0   7   2   0   5   7  0.41 0.24
  400 D   -1  1  1  1 -1  1  1  0 -1 -2 -1  0 -1 -1 -1  1  2 -4 -1 -1    2   7   6  10   2   5  12   6   1   2   4   3   2   2   2  11  14   0   2   5  0.16 0.12
  401 K   -5  1 -4 -5  2  0 -3 -1 -5 -7 -7  7 -5 -7 -5 -4 -5 -7 -6 -6    0   7   0   0   4   3   0   5   0   0   0  81   0   0   0   0   0   0   0   0  2.13 0.77
  402 R   -2  1  1  1 -3  2  1 -3  3  0 -2  1  2 -3 -3 -1  1 -4 -2  0    0   9   9   9   0   9   9   0   9   9   0   9   9   0   0   0   9   0   0   9  0.25 0.15
  403 V   -1 -1 -3 -3 -2 -1 -2 -4 -3  2  2  1  3 -1 -3 -2 -1 -3 -2  2    0   0   0   0   0   0   0   0   0  20  20  20  20   0   0   0   0   0   0  20  0.31 0.05
  404 E    0  1 -1  1 -4  3  4 -3 -1 -4 -3  1 -2 -3 -2  0 -1 -3  0 -3    5   5   0   4   0  23  43   0   0   0   0   9   0   0   0   4   0   0   4   0  0.66 0.13
  405 V   -2 -3  0 -3  1 -3 -3 -4 -3  3  2 -3  2  2 -4 -2 -1 -3 -1  2    0   0   9   0   5   0   0   0   0  32  18   0   9  11   0   0   0   0   0  16  0.37 0.10
  406 K   -1  1  0  3 -4  2  0  1 -1 -1 -2  3 -2 -3 -2 -1 -2 -4 -3 -2    2   7   2  19   0  13   2  10   0   8   4  33   0   0   0   0   0   0   0   0  0.40 0.10
  407 P   -2 -4 -4 -4  3 -3 -3 -4 -4 -3 -4 -3 -3 -5  7 -2 -3 -6 -5  0    0   0   0   0  10   0   0   0   0   0   0   0   0   0  82   0   0   0   0   8  2.33 0.26
  408 Y   -3 -3 -3 -4 -4  1 -3 -4  0 -2 -2 -3 -2  4 -4 -2  1  0  6 -2    0   0   0   0   0  10   0   0   0   0   0   0   0  25   0   0  14   0  50   0  1.04 0.19
  409 V    0 -2 -2 -2 -2 -1  1 -2 -2  2  1 -1  1  1 -2 -1  0 -2 -1  2   10   1   1   1   0   1  14   1   0  10  16   1   3   6   1   1   3   0   1  29  0.15 0.04
  410 L    0 -1 -2 -2 -2  1  1 -3 -2  1  1  1  2  1  2 -1 -1 -2 -1  1   10   0   0   0   0   9  10   1   0  10  10  10   9   9  10   1   1   0   0  10  0.16 0.10
  411 D   -2  1  0  3 -4 -1  4  0  1  0 -4  0 -3 -4 -1 -1 -2 -4 -1 -3    2   8   3  23   0   0  29   7   3   7   1   4   0   0   3   4   0   0   2   1  0.51 0.24
  412 D   -1 -2  1  5  1 -2  2 -2 -3 -2 -2 -2 -1  0 -3  0 -2 -4 -1 -1    3   2   5  44   3   0  11   3   0   2   4   0   2   4   0   7   0   0   2   6  0.64 0.28
  413 Q    1 -1 -1 -3 -4  5  0 -2 -2 -2 -2 -1  1 -4  1  2  0 -4 -4  0   12   2   1   0   0  32   3   2   0   2   3   2   4   0   7  17   6   0   0   8  0.50 0.30
  414 M   -2 -2 -1 -1  0  1  0 -2  2  0  1 -1  3  0  0 -1  0  1  2  0    1   0   3   2   2   6   5   2   7   6  15   4  15   2   6   4   4   2   8   7  0.15 0.13
  415 C   -3 -5 -5 -5 10 -5 -5 -5  2 -4 -1 -5 -4 -4 -5 -4 -4 -5 -4 -4    1   0   0   0  80   0   0   1   6   0   7   0   0   0   0   1   0   0   0   1  2.85 0.74
  416 D   -2 -3  1  5 -4  0  3 -3  0 -4 -4 -2  0 -4 -3  2 -2 -5 -4 -4    2   0   5  36   0   4  22   1   2   0   1   0   3   0   0  21   0   0   0   1  0.88 0.35
  417 E   -1 -2 -1  1 -3  1  3 -2  0  1 -1  0  0 -2 -2  0  0  3 -2  0    2   1   1   8   0   5  26   2   2  12   6   4   3   1   1   9   6   5   0   6  0.25 0.15
  418 C   -3 -4 -4 -4  9 -4 -4 -4 -4 -3 -3 -4 -3 -4 -4  1 -3 -4 -4 -1    1   1   1   1  70   1   1   1   0   1   1   1   0   1   1  13   1   0   0   5  2.31 0.58
  419 Q   -2  1  0 -1  1  4  1  0  2 -2 -1 -1  2 -1 -2  0 -1 -3  1 -2    1   8   4   2   3  22  11   6   6   2   5   2   7   2   2   5   2   0   5   2  0.28 0.17
  420 G    0 -1  0 -1  4 -1  0  3 -2 -1 -1  0  0 -1 -1  0  0 -3 -2  0    4   3   5   4  13   1   6  24   0   2   6   5   3   2   2   7   5   0   1   7  0.20 0.11
  421 T    2 -1  1 -2 -3  2  0 -2  0 -2 -2 -1  3 -3 -2  3  2 -3 -1 -1   16   1   6   1   0  10   3   2   2   1   2   3  10   0   1  24  12   0   2   3  0.33 0.21
  422 R   -1  3  1 -1 -4  3 -1 -3 -1  0 -1  1 -1 -3  1  0 -1 -4 -2  0    3  19   6   3   0  17   1   1   1   5   5   9   1   0   8   6   2   0   1  10  0.32 0.19
  423 C   -1 -3  1 -3  8 -2 -2 -2 -2 -2 -1 -2 -2 -2 -1  0  1 -3  0 -2    5   1   6   1  41   2   2   3   1   1   8   1   1   1   3   7   9   0   4   2  0.85 0.28
  424 G    0  1  1  0 -2 -1 -1  2  2 -1 -1  0 -1 -1 -1  1  0 -2  0 -1    4  10   5   4   0   1   3  23   6   4   6   3   1   3   3  11   5   0   3   4  0.15 0.08
  425 G    0  1  1  0 -2  0  0  2  0 -1 -2  0 -2 -2 -1  1  0 -3 -2  0    4  10   9   5   1   4   3  18   3   3   3   4   1   1   3  13   4   0   1  11  0.15 0.08
  426 K    1  2  1 -1 -1  3  0 -2  1 -2 -2  3  0 -1 -1 -1 -1 -2 -2 -1   11   9   5   2   2  20   4   2   3   2   3  19   3   3   2   4   2   0   1   4  0.31 0.14
  427 F    0 -1 -1 -2  0  0 -1 -2  3  0  0 -1 -1  1  2  0 -1 -1  2  0    9   2   1   2   2   4   2   2   9   4  11   4   1   9  11   7   3   0   9   7  0.14 0.08
  428 A    4 -3 -3 -3  1 -3 -3  4 -3 -4 -3  0 -3 -4 -3  0  0 -4 -4 -3   36   1   1   1   3   0   1  38   0   1   2   6   0   0   1   3   5   0   0   1  0.82 0.33
  429 P   -3  0 -1 -3 -4  1 -3 -4  1 -1 -3 -3 -2 -4  6  0  0 -5 -2  0    1   7   3   0   0   7   1   1   3   4   2   1   1   0  50   5   6   0   2   7  1.18 0.41
  430 F   -2 -4 -3 -5  1 -1 -4 -5  1 -2 -1 -4 -1  4 -5 -2 -2 -2  7  0    3   0   1   0   4   3   0   0   3   2   5   0   2  22   0   2   2   0  43   6  1.18 0.44
  431 F   -5 -6 -6 -7  1 -6 -7 -7 -4 -1 -1 -6 -3  8 -7 -5  0 -3  3 -4    0   0   0   0   3   0   0   0   0   2   4   0   0  78   0   0   6   0   7   0  2.25 0.72
  432 C   -1 -8 -7 -8 10 -7 -8 -7 -8 -5 -6 -7 -6 -6 -7 -5 -5 -7 -7 -5    6   0   0   0  94   0   0   0   0   0   0   0   0   0   0   0   0   0   0   0  3.96 1.02
  433 A    1  5 -4 -4 -5  0 -1  0 -3 -5 -4 -1 -4  0  3 -2 -4 -6 -4 -3   13  46   0   0   0   3   2   8   0   0   1   1   0   5  19   1   0   0   0   1  1.02 0.44
  434 N   -2 -1  3  4  2  0  3 -4  4 -5 -5 -1 -4 -5 -4  0 -3 -5 -2 -2    2   2  14  26   5   4  23   0  11   0   0   3   0   0   0   6   0   0   1   3  0.77 0.33
  435 V   -1  2 -2 -4 -3  1 -2 -3 -3  0  2  0  1  1 -1 -2 -1 -3  0  1    3  17   1   0   0   6   2   2   0   5  29   4   2   5   3   1   3   0   2  14  0.27 0.18
  436 T    1  1  0  0  1  0  0 -3 -3 -1 -1 -1  0 -3 -1  2  2 -5 -4  0   10   8   3   6   4   3   7   0   0   3   5   1   3   0   2  24  13   0   0   9  0.24 0.18
  437 C   -5 -8 -7 -8 11 -7 -9 -8 -8 -5 -6 -8 -6 -7 -8 -5 -5 -7 -7 -5    0   0   0   0 100   0   0   0   0   0   0   0   0   0   0   0   0   0   0   0  4.33 1.07
  438 L   -2 -5 -6 -2 -5 -5 -6 -6 -4 -2  4 -5  1  6 -6 -5 -4 -3  0 -1    3   0   0   3   0   0   0   0   0   0  43   0   3  42   0   0   0   0   2   4  1.30 0.48
  439 Q   -3  3  1 -2 -6  5  0 -1  0 -5 -3  4  0 -5 -4 -2 -3 -5 -4 -3    0  20   5   1   0  29   5   4   2   0   3  26   2   0   0   1   0   0   0   1  0.93 0.41
  440 Y   -6 -6 -6 -7  2 -6 -7 -7 -2 -5 -5 -6 -5  2 -7 -6 -5 -2  9 -5    0   0   0   0   4   0   0   0   0   0   0   0   0   8   0   0   0   0  88   0  3.06 0.80
  441 Y   -5 -5 -5 -6 -6 -5 -1 -7  1 -4 -1 -5  3  5 -6 -5 -5 -2  7 -4    0   0   0   0   0   0   4   0   3   0   4   0   8  32   0   0   0   0  48   0  1.87 0.56
  442 C   -5 -8 -7 -8 11 -7 -9 -7 -8 -5 -6 -8 -6 -6 -7 -5 -5 -7 -7 -5    0   0   0   0 100   0   0   0   0   0   0   0   0   0   0   0   0   0   0   0  4.26 0.96
  443 E   -2  4  0  1 -6 -1  4 -1  2 -3 -3  0 -4 -3  1 -3 -3 -2 -4 -2    3  26   3   8   0   0  33   6   4   1   3   2   0   1   8   0   0   1   0   3  0.67 0.31
  444 Y    0 -2  0  0 -4  2 -2 -1  1 -2 -2 -1  3 -1  3  2  2 -4  0 -2    6   0   4   4   0  10   1   3   3   2   1   3  10   2  15  21  12   0   3   1  0.37 0.22
  445 C   -5 -8 -7 -8 11 -7 -9 -7 -8 -5 -6 -8 -6 -6 -7 -5 -5 -7 -7 -5    0   0   0   0 100   0   0   0   0   0   0   0   0   0   0   0   0   0   0   0  4.26 0.96
  446 W   -7 -7 -8 -9 -7 -6 -8 -7 -6 -6 -6 -8  2  0 -8 -4 -7 12 -2 -6    0   0   0   0   0   0   0   0   0   0   0   0   5   4   0   2   0  90   0   0  4.43 0.98
  447 A    0 -1  1  1 -4  3  0 -2  3 -1 -1  1 -2  0 -3  0  0 -3  1 -1    9   2   7   8   0  19   2   1  10   4   5   8   0   6   0   5   5   0   4   5  0.23 0.15
  448 S   -1  3 -1  0 -2  1  0 -4  1 -1 -2  0  1 -1 -4  0  0  6  0 -2    5  19   3   6   1   7   7   0   3   3   2   3   4   3   0   5   5  17   3   3  0.46 0.21
  449 I    0  1 -3 -2 -4  3  0 -4  1  2 -1 -1  3  1 -4 -2 -1  5  0  0    9  10   0   2   0  16   4   0   4  15   2   1   9   5   0   0   3  10   3   7  0.37 0.21
  450 H   -6 -4 -3 -1 -8 -3 -4 -6 10 -8 -7 -5 -6 -5 -6 -5 -5 -6 -2 -7    0   0   0   3   0   0   0   0  97   0   0   0   0   0   0   0   0   0   0   0  3.80 0.93
  451 S    1 -1  2 -1 -1  0 -2 -1  1 -3 -4 -1 -2 -3  0  4  1 -4  1 -3    8   2   9   2   1   3   1   5   3   1   1   3   1   0   4  43   7   0   5   1  0.52 0.25
  452 R   -1  3  2 -1  0  0 -1 -2  1 -1  0  0  2 -3 -1  2  1 -4 -1 -1    3  18  10   2   2   4   1   1   5   4   8   2   6   0   2  18   8   0   2   3  0.22 0.15
  453 A    1  0 -1  3 -4  0  2 -1 -2 -2 -4  0 -2 -4  3  1  0 -5 -4  0   11   6   1  19   0   2  14   3   0   1   0   6   1   0  15  10   4   0   0   7  0.41 0.18
  454 G   -1 -2  0  1 -4 -1  1  4 -2 -1 -3 -1 -2 -4 -3  1  1 -4 -1 -1    2   2   5   6   0   1   9  35   1   5   1   2   1   0   0  14   8   0   2   4  0.42 0.19
  455 R   -2  4 -1 -4 -4 -1 -2 -3 -1 -1  1  1  4 -1 -4 -1  1 -4  1  0    1  26   2   0   0   2   2   1   1   1  15   7  15   1   0   3   8   0   7   7  0.43 0.23
  456 E    0  1  1  0 -4  2  2 -1 -1 -2 -1  0 -1 -2  0  1  0 -2 -3 -2    9   9   9   4   0   9  16   4   1   1   8   5   1   2   3  14   4   1   0   1  0.21 0.12
  457 F   -2 -2  3  1 -4  0  0 -1  4 -2 -2 -2 -1  2 -3  0  0 -1  1 -1    2   0  18   9   0   3   6   4  13   2   3   1   2  13   0   8   7   1   4   4  0.33 0.18
  458 H   -6 -4 -4 -5 -8 -3 -2 -7 10 -8 -7 -5 -6 -5 -6 -5 -6 -7 -2 -7    0   0   0   0   0   0   1   0  99   0   0   0   0   0   0   0   0   0   0   0  3.94 0.96
  459 K   -3  5 -3 -2 -1  0 -2 -5 -2  1 -4  5 -1 -5 -4 -2 -3 -6 -2 -3    1  33   0   1   1   3   1   0   1  10   0  41   2   0   0   1   1   0   1   1  1.12 0.41
  460 P   -1 -6 -6 -6 -7 -2 -5 -6 -6 -7 -7 -5 -6 -7  8 -4 -2 -8 -7 -6    4   0   0   0   0   2   0   0   0   0   0   0   0   0  93   0   2   0   0   0  3.18 0.78
  461 L   -4 -5 -6 -7 -4 -5 -6 -7 -6  0  5 -5  4  1 -6 -5 -4 -5 -4  1    0   0   0   0   0   0   0   0   0   3  72   0  11   4   0   0   0   0   0   9  1.43 0.45
  462 V   -1 -4 -4 -5 -4 -3 -4 -5 -5  2  0 -4  6 -2 -4  1  2 -5 -4  3    2   0   0   0   0   0   0   0   0   8   3   0  29   1   0  11  16   0   0  30  0.91 0.36
  463 K   -3  6 -3 -4 -7 -2 -3 -5  0 -6 -5  4 -4 -6 -5 -3 -4 -6 -5 -5    2  62   0   0   0   0   0   0   2   0   0  34   0   0   0   0   0   0   0   0  1.89 0.52
  464 E   -2  0  3  1 -4  0  3 -1  2 -2 -2  0  0 -4 -3  0  0 -4 -3 -3    0   4  22   5   0   3  26   4   7   2   4   5   3   0   0   8   6   0   0   0  0.46 0.17
  465 G    1 -2  0 -2 -3  1 -2  4 -2 -2 -2  0 -2 -3  1  1 -1 -4 -3 -2   15   0   5   0   0  10   0  38   0   2   4   4   0   0   6  11   2   0   0   0  0.47 0.13
  466 G    2  0  0 -1 -3  1 -1  2  1 -3 -3  3 -2 -1  2  0 -1 -4 -2 -3   21   0   3   3   0   6   0  18   5   0   0  26   0   3  11   3   0   0   0   0  0.38 0.10
  467 D   -2  2  3  4 -4  1  0 -2  1 -3  0  0 -2 -3 -3 -1 -2 -4 -3 -3    0  12  21  31   0   8   4   0   3   0  14   2   0   0   0   3   0   0   0   0  0.50 0.11
  468 R   -2  5  0 -2 -4  2 -1 -3 -1 -4 -4  2 -2 -4 -3  0  2 -4 -3 -3    0  55   3   0   0  10   0   0   0   0   0  11   0   0   0   7  15   0   0   0  0.91 0.18
  469 P   -2  0  0 -3 -4 -2 -2 -3 -3 -4 -4  0 -3 -5  7  0  0 -5 -4 -3    0   4   5   0   0   0   0   0   0   0   0   5   0   0  75   5   6   0   0   0  1.96 0.19
  470 R   -2  5  1 -2 -4  1 -1 -3  1 -3 -3  2  1 -4 -3 -1  0 -4 -3 -3    1  61   6   0   0   6   0   0   4   0   0   8   7   0   0   0   6   0   0   0  0.84 0.13
  471 H    1 -1  1 -2 -3  2 -1 -2  5 -1 -2 -1 -2 -2  0  0  1 -3  2 -1   13   2   7   0   0  14   0   0  31   4   0   0   0   0   3   7   9   0   8   4  0.40 0.08
  472 V    0 -3 -3 -4 -2 -2 -3 -4 -2  3  1 -3  0  0  1  0 -1 -2  2  3    4   0   0   0   0   0   0   0   0  24  18   0   0   1   6   8   0   0  11  29  0.29 0.04
  473 P   -1 -2 -2 -2 -3 -1 -2 -1  2 -2 -2 -2 -2 -3  6  2 -1 -4 -2 -2    0   0   0   0   0   0   0   3  10   2   4   0   0   0  59  22   0   0   0   0  1.35 0.06
  474 F   -3 -3 -3 -4 -3 -2 -3 -4  3 -1  0 -3 -1  6 -4 -3 -2  0  3 -2    0   0   0   0   0   0   0   0  15   0   4   0   0  75   0   0   0   0   6   0  0.87 0.04
  475 R   -2  6 -1 -2 -4  3  0 -3  1 -4 -3  2 -2 -4 -2 -1 -2 -3 -2 -3    0  80   0   0   0  18   0   0   2   0   0   0   0   0   0   0   0   0   0   0  1.04 0.04
  476 W   -2 -3 -2 -4 -3 -2 -3  2 -3 -4 -3 -3 -2 -1 -4  0 -2 10  1 -3    0   0   0   0   0   0   0  18   0   0   0   0   0   0   0  15   0  67   0   0  1.70 0.05
  477 S    0 -1  4  0 -2  0 -1 -1 -1 -3 -3  0 -2 -3 -2  4  1 -4 -2 -3    0   0  37   0   0   0   0   0   0   0   0   0   0   0   0  63   0   0   0   0  0.68 0.02

                      K         Lambda
Standard Ungapped    0.1767     0.3396
Standard Gapped      0.1100     0.3190
PSI Ungapped         0.1767     0.3396
PSI Gapped           0.1100     0.3190
