
Last position-specific scoring matrix computed, weighted observed percentages rounded down, information per position, and relative weight of gapless real matches to pseudocounts
           A  R  N  D  C  Q  E  G  H  I  L  K  M  F  P  S  T  W  Y  V   A   R   N   D   C   Q   E   G   H   I   L   K   M   F   P   S   T   W   Y   V
    1 M   -1 -2 -3 -4 -2  0 -2 -3 -2  1  2 -2  6  0 -3 -2 -1 -2 -2  1    0   0   0   0   0   0   0   0   0   0   0   0   0   0   0   0   0   0   0   0  0.00     0.00
    2 P   -1 -2 -2 -2 -3 -2 -1 -3 -2 -3 -3 -1 -3 -4  7 -1 -2 -5 -4 -3    0   0   0   0   0   0   0   0   0   0   0   0   0   0   0   0   0   0   0   0  0.00     0.00
    3 Q   -1  1  0 -1 -3  6  2 -2  1 -3 -2  1  0 -3 -2  0 -1 -2 -2 -2    0   0   0   0   0   0   0   0   0   0   0   0   0   0   0   0   0   0   0   0  0.00     0.00
    4 L   -2 -3 -4 -4 -2 -2 -3 -4 -3  1  4 -3  2  0 -3 -3 -2 -2 -1  1    0   0   0   0   0   0   0   0   0   0   0   0   0   0   0   0   0   0   0   0  0.00     0.00
    5 G    0 -3 -1 -2 -3 -2 -2  5 -3 -5 -4 -2 -3 -4 -3 -1 -2 -4 -4 -4    0   0   0   0   0   0   0   0   0   0   0   0   0   0   0   0   0   0   0   0  0.00     0.00
    6 G    0 -3 -1 -2 -3 -2 -2  5 -3 -5 -4 -2 -3 -4 -3 -1 -2 -4 -4 -4    0   0   0   0   0   0   0   0   0   0   0   0   0   0   0   0   0   0   0   0  0.00     0.00
    7 G    0 -3 -1 -2 -3 -2 -2  5 -3 -5 -4 -2 -3 -4 -3 -1 -2 -4 -4 -4    0   0   0   0   0   0   0   0   0   0   0   0   0   0   0   0   0   0   0   0  0.00     0.00
    8 R   -2  6 -1 -2 -4  1  0 -3  0 -3 -3  2 -2 -3 -2 -1 -1 -3 -2 -3    0   0   0   0   0   0   0   0   0   0   0   0   0   0   0   0   0   0   0   0  0.00     0.00
    9 G    0 -3 -1 -2 -3 -2 -2  5 -3 -5 -4 -2 -3 -4 -3 -1 -2 -4 -4 -4    0   0   0   0   0   0   0   0   0   0   0   0   0   0   0   0   0   0   0   0  0.00     0.00
   10 G    0 -3 -1 -2 -3 -2 -2  5 -3 -5 -4 -2 -3 -4 -3 -1 -2 -4 -4 -4    0   0   0   0   0   0   0   0   0   0   0   0   0   0   0   0   0   0   0   0  0.00     0.00
   11 G    0 -3 -1 -2 -3 -2 -2  5 -3 -5 -4 -2 -3 -4 -3 -1 -2 -4 -4 -4    0   0   0   0   0   0   0   0   0   0   0   0   0   0   0   0   0   0   0   0  0.00     0.00
   12 A    4 -2 -2 -2 -1 -1 -1  0 -2 -2 -2 -1 -1 -2 -1  1  0 -3 -2  0    0   0   0   0   0   0   0   0   0   0   0   0   0   0   0   0   0   0   0   0  0.00     0.00
   13 G    0 -3 -1 -2 -3 -2 -2  5 -3 -5 -4 -2 -3 -4 -3 -1 -2 -4 -4 -4    0   0   0   0   0   0   0   0   0   0   0   0   0   0   0   0   0   0   0   0  0.00     0.00
   14 G    0 -3 -1 -2 -3 -2 -2  5 -3 -5 -4 -2 -3 -4 -3 -1 -2 -4 -4 -4    0   0   0   0   0   0   0   0   0   0   0   0   0   0   0   0   0   0   0   0  0.00     0.00
   15 G    0 -3 -1 -2 -3 -2 -2  5 -3 -5 -4 -2 -3 -4 -3 -1 -2 -4 -4 -4    0   0   0   0   0   0   0   0   0   0   0   0   0   0   0   0   0   0   0   0  0.00     0.00
   16 G    0 -3 -1 -2 -3 -2 -2  5 -3 -5 -4 -2 -3 -4 -3 -1 -2 -4 -4 -4    0   0   0   0   0   0   0   0   0   0   0   0   0   0   0   0   0   0   0   0  0.00     0.00
   17 G    0 -3 -1 -2 -3 -2 -2  5 -3 -5 -4 -2 -3 -4 -3 -1 -2 -4 -4 -4    0   0   0   0   0   0   0   0   0   0   0   0   0   0   0   0   0   0   0   0  0.00     0.00
   18 G    0 -3 -1 -2 -3 -2 -2  5 -3 -5 -4 -2 -3 -4 -3 -1 -2 -4 -4 -4    0   0   0   0   0   0   0   0   0   0   0   0   0   0   0   0   0   0   0   0  0.00     0.00
   19 S    1 -1  0 -1 -1  0  0 -1 -1 -3 -3 -1 -2 -3 -1  4  1 -3 -2 -2    0   0   0   0   0   0   0   0   0   0   0   0   0   0   0   0   0   0   0   0  0.00     0.00
   20 G    0 -3 -1 -2 -3 -2 -2  5 -3 -5 -4 -2 -3 -4 -3 -1 -2 -4 -4 -4    0   0   0   0   0   0   0   0   0   0   0   0   0   0   0   0   0   0   0   0  0.00     0.00
   21 A    4 -2 -2 -2 -1 -1 -1  0 -2 -2 -2 -1 -1 -2 -1  1  0 -3 -2  0    0   0   0   0   0   0   0   0   0   0   0   0   0   0   0   0   0   0   0   0  0.00     0.00
   22 G    0 -3 -1 -2 -3 -2 -2  5 -3 -5 -4 -2 -3 -4 -3 -1 -2 -4 -4 -4    0   0   0   0   0   0   0   0   0   0   0   0   0   0   0   0   0   0   0   0  0.00     0.00
   23 A    3 -1  0 -1 -1 -1 -1  0 -1 -2 -2 -1 -2 -3 -1  4  1 -3 -2 -1   41   0   0   0   0   0   0   0   0   0   0   0   0   0   0  59   0   0   0   0  0.57 0.00
   24 T    1 -1  0 -1 -2 -1 -1 -1 -1 -2 -3 -1 -2 -3 -1  4  2 -4 -2 -2    0   0   0   0   0   0   0   0   0   0   0   0   0   0   0  83  17   0   0   0  0.73 0.04
   25 S    0  2  0  2 -3 -1 -1  3 -1 -4 -3  0 -3 -3 -2  2  0 -4 -3 -3    0  19   0  15   0   0   0  36   0   0   0   0   0   0   0  30   0   0   0   0  0.52 0.03
   26 G    0 -3 -1 -2 -4 -3 -3  6 -3 -5 -4 -2 -4 -4 -3 -1 -2 -4 -4 -4    0   0   0   0   0   0   0 100   0   0   0   0   0   0   0   0   0   0   0   0  1.48 0.06
   27 G   -1 -3 -1 -2 -4 -3 -3  6 -3 -5 -4 -2 -4 -4 -3 -1 -2  2 -3 -4    0   0   0   0   0   0   0  95   0   0   0   0   0   0   0   0   0   5   0   0  1.46 0.09
   28 D   -2 -2  1  6 -5 -1  2 -2 -2 -5 -5 -1 -4 -4 -3 -1 -2 -5 -4 -4    0   0   0  87   0   0  13   0   0   0   0   0   0   0   0   0   0   0   0   0  1.45 0.12
   29 D   -2 -2  0  6 -5  0  4 -2 -2 -5 -5 -1 -4 -4 -2 -1 -2 -5 -4 -4    0   0   0  66   0   0  34   0   0   0   0   0   0   0   0   0   0   0   0   0  1.31 0.14
   30 L   -2 -3 -3  1 -3 -3 -3 -4 -3  1  4 -3  1  0 -4 -3 -2 -3 -2  0    0   0   0  11   0   0   0   0   0   0  89   0   0   0   0   0   0   0   0   0  0.76 0.12
   31 G   -1 -4 -2 -3  5 -3 -3  5 -3 -4 -4 -3 -3 -4 -4 -1 -2 -4 -4 -3    0   0   0   0  27   0   0  73   0   0   0   0   0   0   0   0   0   0   0   0  1.30 0.13
   32 A    5 -2 -3 -3 -2 -2 -2 -1 -3 -2 -3 -2 -2 -3  2  0 -1 -4 -3 -1   89   0   0   0   0   0   0   0   0   0   0   0   0   0  11   0   0   0   0   0  0.95 0.15
   33 N   -1 -1  5  0 -3 -1 -1 -2 -1 -3 -3  0 -2 -4  2  2  3 -4 -3 -2    0   0  45   0   0   0   0   0   0   0   0   6   0   0  10  13  25   0   0   0  0.72 0.11
   34 D   -3 -3  0  7 -5 -2  0 -3 -2 -5 -5 -2 -5 -5 -3 -2 -2 -6 -5 -5    0   0   0 100   0   0   0   0   0   0   0   0   0   0   0   0   0   0   0   0  1.89 0.22
   35 E   -2 -1 -1  1 -5  1  6 -3 -1 -4 -4  0 -3 -4 -2 -1 -2 -4 -4 -3    0   0   0   0   0   0 100   0   0   0   0   0   0   0   0   0   0   0   0   0  1.42 0.13
   36 L   -2 -2 -3 -4 -2 -2 -3 -4 -3  1  3 -2  5 -1  0 -2  1 -3 -2  0    0   0   0   0   0   0   0   0   0   3  36   0  42   0   4   0  15   0   0   0  0.54 0.08
   37 I   -2 -2 -3 -4 -2 -3 -3 -5 -4  5  1  0  1 -1 -4 -3 -1 -3 -2  2    0   0   0   0   0   0   0   0   0  85   5  10   0   0   0   0   0   0   0   0  0.67 0.10
   38 P    2 -2 -1 -2 -2 -1 -1 -2 -2 -3 -3 -1 -2 -3  5  3  1 -4 -3 -2   18   0   0   0   0   0   0   0   0   0   0   0   0   0  39  34   9   0   0   0  0.99 0.06
   39 F   -3 -4 -4 -4 -3 -4 -4 -4 -2 -1  0 -4 -1  6 -1 -3 -3  0  3 -2    0   0   0   0   0   0   0   0   0   0   0   0   0  88   3   0   0   0   9   0  1.22 0.10
   40 Q   -1  2 -1 -1 -4  2  0 -2  2 -4 -3  5 -2 -4 -2 -1 -1 -4 -2 -3    0   4   0   0   0  11   0   0   7   0   0  78   0   0   0   0   0   0   0   0  0.91 0.09
   41 D   -2 -2  1  6 -4 -1  1 -2 -2 -4 -4 -2 -4 -4 -3 -1  0 -5 -4 -4    0   0   0  93   0   0   0   0   0   0   0   0   0   0   0   0   7   0   0   0  1.44 0.11
   42 E   -1 -1 -1  1 -5  1  6 -3 -1 -4 -4  0 -3 -4 -2 -1 -2 -4 -3 -3    0   0   0   0   0   0 100   0   0   0   0   0   0   0   0   0   0   0   0   0  1.38 0.11
   43 G    0 -3 -1 -2 -3 -2 -3  6 -3 -4 -4 -2 -3 -4 -3 -1 -2 -3 -4 -4    1   0   0   0   0   0   0  94   0   0   1   0   0   0   0   0   0   0   0   0  1.39 0.08
   44 G    0 -1  0  3 -2  0  2  2 -1 -2 -2  0 -1 -2 -1  0 -1 -2 -1 -1    4   2   2  21   1   2  21  21   1   2   4   3   1   2   2   3   3   1   1   3  0.26 0.01
   45 E   -1  0 -1  0 -5  2  5 -3  2 -4 -4  1 -2 -4  1 -1 -1 -4 -2 -3    0   0   0   0   0  11  64   0   7   0   0  10   0   0   8   0   0   0   0   0  0.87 0.07
   46 E   -1  0 -1  1 -4  5  4 -3  0 -4 -3  0 -2 -4 -2 -1 -1 -3 -3 -3    0   0   0   4   0  52  43   0   0   0   0   0   0   0   0   0   0   0   0   0  1.03 0.09
   47 Q   -1  0  0  2 -4  3  4 -3  1 -4 -3  1 -2 -4 -2 -1 -1 -4 -3 -3    0   0   0  10   0  25  52   0   4   0   0   8   0   0   0   0   0   0   0   0  0.83 0.07
   48 E   -1  0 -1  0 -4  1  5 -3 -1  0 -3  2 -2 -3 -2 -1 -1 -4 -3 -2    0   0   0   0   0   0  73   0   0  10   0  16   0   0   0   0   0   0   0   0  0.85 0.08
   49 P   -1  1 -1 -2 -3  0  0 -2 -1 -2 -1  4 -1  1  3 -1 -1 -3 -1 -2    1   0   0   0   0   0   0   1   0   0   5  59   0  11  20   0   0   0   0   0  0.64 0.06
   50 S    1  0  1 -1 -2 -1 -1 -1 -2  2 -1 -1 -1 -2 -1  2  0 -3 -2  0   19   5   6   1   0   0   1   1   0  28   1   1   0   0   1  31   3   0   0   1  0.21 0.03
   51 S    1  0  0 -1 -2  0  1  0 -1 -2 -2  0 -2  0 -1  3  0 -2  0 -1    9   5   1   1   0   4  11   6   0   1   1   1   0   5   1  46   1   0   3   5  0.29 0.04
   52 D    0  0 -1  2 -3  0  4  0 -1 -2 -1  0 -2 -3 -2 -1 -1 -4 -3 -2    8   7   0  15   0   0  47   9   0   3   8   0   0   0   0   0   0   0   0   0  0.45 0.04
   53 S   -1 -1  5  0 -3  0  1  0 -1 -4 -4 -1 -3 -4 -2  3  0 -4 -3 -3    0   0  51   0   0   0   8   5   0   0   0   0   0   0   0  34   2   0   0   0  0.73 0.07
   54 A    2 -2 -2 -2 -2 -1 -2  0  2  1 -1 -2 -1 -2 -2  1  0 -3 -2  2   22   0   0   0   0   0   0   5  10   8   0   0   0   0   0  13   4   0   0  37  0.23 0.04
   55 S    1 -2  0 -2 -2 -1 -1 -1 -2 -2 -2 -1 -2  2 -2  4  1 -3 -1  0    4   0   0   0   0   0   0   0   0   0   0   0   0  13   0  76   0   0   0   7  0.60 0.08
   56 A    3 -1 -1  0 -2  0  2  1 -1 -2 -2 -1 -2 -3 -1  1  1 -3 -2 -1   45   0   0   3   0   0  19   8   0   0   1   0   0   0   0   9  13   0   0   0  0.38 0.04
   57 Q   -1  0 -1  0 -4  3  5 -2 -1 -3 -3  0 -2 -4  1  0 -1 -3 -3 -3    0   4   0   0   0  15  66   0   0   0   1   0   0   0   8   3   0   0   0   0  0.86 0.07
   58 R   -1  5  1 -1 -4  1  1  0 -1 -3 -3  1 -2 -4 -2  0  0 -4 -3 -3    0  59   6   0   0   6  10   8   0   0   0   0   0   0   0   4   7   0   0   0  0.68 0.06
   59 D   -2 -2  1  6 -4 -1  1 -2 -2 -4 -5 -1 -4 -4 -2 -1 -2 -5 -4 -4    0   0   0 100   0   0   0   0   0   0   0   0   0   0   0   0   0   0   0   0  1.49 0.06
   60 L   -2 -3 -4 -5 -2 -3 -4 -4 -3  1  4 -3  2  0 -3 -3 -2 -2 -2  0    0   0   0   0   0   0   0   0   0   0 100   0   0   0   0   0   0   0   0   0  0.77 0.04
   61 D    3 -2  2  4 -2 -1  0 -1 -1 -3 -3 -1 -2 -3 -2  1  0 -4 -3 -2   42   0  10  39   0   0   0   0   0   0   0   0   0   0   0   8   0   0   0   0  0.56 0.03
   62 E   -2 -2  1  6 -4  0  3 -2 -1 -4 -4 -1 -4 -4 -2 -1 -1 -5 -4 -4    0   0   0  78   0   0  22   0   0   0   0   0   0   0   0   0   0   0   0   0  1.22 0.05
   63 V   -1 -3 -4 -4 -2 -3 -3 -4 -4  3  1 -3  1 -1 -3 -2 -1 -3 -2  4    0   0   0   0   0   0   0   0   0  29  11   0   0   0   0   0   0   0   0  60  0.54 0.03
   64 K   -1  2  0 -1 -4  1  0 -2 -1 -3 -3  5 -2 -4 -2 -1 -1 -4 -3 -3    0   0   0   0   0   0   0   0   0   0   0 100   0   0   0   0   0   0   0   0  1.01 0.06
   65 S    1 -1  0 -1 -2 -1 -1 -1 -1 -2 -1 -1 -2 -3 -1  5  1 -4 -2 -2    0   0   0   0   0   0   0   0   0   0   6   0   0   0   0  94   0   0   0   0  0.75 0.05
   66 S    1 -1  0 -1 -2 -1 -1 -1 -1 -3 -3 -1 -2 -3 -1  5  1 -4 -2 -2    0   0   0   0   0   0   0   0   0   0   0   0   0   0   0 100   0   0   0   0  0.88 0.06
   67 L   -2 -3 -4 -5 -2 -3 -4 -4 -3  1  4 -3  2  0 -3 -3 -2 -2 -2  0    0   0   0   0   0   0   0   0   0   0 100   0   0   0   0   0   0   0   0   0  0.77 0.04
   68 V   -1 -3 -3  0 -2 -3 -2 -4 -3  2  0 -3  0 -1 -3 -2 -1 -3 -2  4    0   0   0   6   0   0   0   0   0   7   0   0   0   0   0   0   0   0   0  86  0.54 0.04
   69 N   -2 -1  6  2 -4  0 -1 -1  2 -4 -4 -1 -3 -4 -3  0 -1 -4 -2 -4    0   0  87   7   0   0   0   0   6   0   0   0   0   0   0   0   0   0   0   0  1.11 0.05
   70 E   -1 -1 -1  1 -4  1  5 -2  0 -3 -3  0 -2 -3 -1 -1 -1 -3 -3 -3    1   0   0   0   0   0  93   1   0   0   1   0   0   0   0   1   0   0   0   1  1.07 0.05
   71 S    1 -1  0 -1 -2 -1 -1  1 -1 -2 -3 -1 -2 -3 -1  4  2 -3 -2 -2    1   0   0   0   0   0   0  11   0   0   1   0   0   0   0  76   7   0   0   1  0.61 0.04
   72 E   -1 -1 -1  1 -5  1  6 -3 -1 -4 -4  0 -3 -4 -2 -1 -1 -4 -3 -3    0   0   0   0   0   0 100   0   0   0   0   0   0   0   0   0   0   0   0   0  1.24 0.06
   73 N   -1 -1  4  0 -2 -1 -1  0 -1  1 -2 -1 -1 -3 -2  2  1 -4 -2 -1    0   0  47   0   0   0   0   3   0  19   0   0   0   0   0  24   6   0   0   0  0.45 0.03
   74 Q    0  0  2  0 -2  3  1 -2  1 -1 -2  0 -1 -3 -2  2  0 -3 -2  0    3   0  13   0   0  32   8   0   3   5   1   0   0   0   0  23   3   0   0   8  0.34 0.02
   75 S    0 -1  2  0 -2  1  0  0 -1 -3 -3 -1 -2 -3  3  3  1 -4 -3 -2    0   0  15   2   0   9   0   6   0   0   0   0   0   0  18  46   4   0   0   0  0.58 0.03
   76 S    0 -1  2  0  0  1 -1  0 -1 -3 -3 -1 -2 -3 -2  4  0 -4 -3 -2    2   0  10   4   3   8   0   7   0   0   0   0   0   0   0  66   0   0   0   0  0.60 0.07
   77 S    0 -1  1  1 -2  1  0  1 -1 -3 -3  1 -2 -3  1  4  0 -4 -3 -3    0   0   3   6   0   7   0   8   0   0   0   8   0   0   5  62   0   0   0   0  0.56 0.07
   78 S    1 -1  3 -1 -2 -1  0  1 -1 -3 -3 -1 -2 -3 -2  4  1 -4 -3 -2    4   0  20   0   0   0   4  10   0   0   0   0   0   0   0  58   3   0   0   0  0.62 0.07
   79 D    1 -2  0  4 -3 -1  1  2 -2 -3 -3 -1 -3 -3 -2  2  0 -4 -3 -3   10   0   0  34   0   0  11  15   0   0   0   0   0   0   0  27   0   0   0   0  0.53 0.05
   80 S    2 -1  0 -1 -2 -1 -1 -1  4 -2 -2 -1 -2 -2 -2  4  0 -3 -1 -1   20   0   0   0   0   0   0   0  18   0   0   0   0   0   0  53   0   0   0   6  0.52 0.07
   81 E    0 -1 -1  2 -3  2  4 -2 -1 -2 -3  0 -2 -3  1  0 -1 -4 -3  0   10   0   0  11   0  11  45   0   0   0   0   0   0   0   6   8   0   0   0  10  0.54 0.05
   82 A    3 -2 -2 -2 -2  1 -1  2 -2  0 -2 -1 -1 -3  1  0  0 -3 -3  1   40   0   0   0   0   8   0  15   0   6   0   0   0   0   7   5   3   0   0  16  0.30 0.04
   83 E    0  2  1  2 -3  0  3 -1  0 -3 -3  0 -2 -3 -2  1 -1  1 -2 -2    8  16   5  11   0   0  36   2   2   0   0   0   0   0   0  15   0   3   0   2  0.46 0.06
   84 R   -2  6  1 -2 -4  0  1 -3 -1 -4 -3  2 -2 -4 -2 -1 -2 -4 -3 -3    0  76   8   0   0   0   7   0   0   0   0   5   0   0   0   0   0   0   0   0  1.07 0.11
   85 R   -1  4 -1 -2 -4  3  0  1 -1 -3 -3  2 -2 -4 -2 -1 -2 -3 -3 -3    2  45   0   0   0  21   3  15   0   0   0  11   0   0   0   0   0   0   0   0  0.69 0.08
   86 P    1  1 -2 -2 -3  1 -1 -2 -2 -3 -1 -1 -2 -3  5  1 -1 -4 -3 -2    9  11   0   0   0   8   0   1   0   0   5   0   0   0  47  16   0   0   0   0  1.00 0.08
   87 Q   -1  2 -1 -2 -3  4  0 -2  1 -2 -1  2 -1 -3  2 -1 -1 -3 -2 -1    0   9   0   0   0  45   0   3   2   0   8  14   0   0  10   0   3   0   0   5  0.55 0.08
   88 P    1 -2  0 -2 -3 -1 -1 -1 -2  0 -2 -2 -2 -3  6  0  1 -4 -3 -2   11   0   4   0   0   2   3   3   0  10   0   0   0   0  49   8   9   0   0   0  1.05 0.13
   89 A    1  2 -1  1 -3  1  0  1  1 -3 -3  0 -2 -3  2  1  0 -3 -2 -2   12  15   0  10   0   8   6  12   4   0   1   0   0   0  12  13   5   0   0   0  0.32 0.05
   90 R    0  1 -1 -1 -3  3  0  0 -1 -1  0  0 -1 -2  2  1 -1 -3 -2  0    6  11   0   3   0  24   3   8   0   0  12   0   0   0   9  13   0   0   0   7  0.24 0.06
   91 D   -2  1  1  4 -4  2  2  0 -1 -3 -3  0 -2 -2 -2  0 -1 -3  1 -3    1  12   7  32   0  11  16   5   0   0   1   0   0   0   0   7   0   0   7   0  0.52 0.14
   92 A    1 -2 -1 -2 -2 -2 -2  1 -1 -1  0 -2 -1 -1 -1  3  0 -2  2 -1   15   0   0   0   0   0   0  11   0   4  14   0   0   0   2  33   5   0  13   0  0.26 0.12
   93 F   -2  1 -2  0 -3 -1  1  0  2 -2 -2 -1 -2  3 -3 -2 -2 -1  5 -3    1  13   0   7   0   0  10   9   6   0   1   0   0  20   0   1   0   0  30   0  0.49 0.17
   94 Q    0  2  0  1 -3  2  1  0  4 -3 -3  0 -2 -3 -2  1  0 -3 -1 -2    5  17   0   8   0  12  11   7  17   1   1   1   0   0   1  11   5   0   0   3  0.34 0.11
   95 K   -1  3 -1  0 -3  0  1 -2 -1 -3 -3  4 -2 -3 -2  1  1 -3 -3 -2    1  20   0   5   0   0   7   1   0   1   1  40   0   0   1  13   9   0   0   1  0.57 0.17
   96 P    1  1 -1 -2 -2  0 -1  0  2 -2 -1  2 -1 -2  2  1  0 -3 -2 -2   16   8   0   0   0   4   0   5  10   0   9  17   0   0   9  13   6   0   0   0  0.25 0.09
   97 R   -2  5 -1 -2 -4  1  1 -1  2  0 -3  2 -2 -3 -2 -2 -2 -3 -2 -2    1  58   0   0   0   4   7   5   6   8   1   7   0   0   0   1   0   0   0   0  0.78 0.22
   98 D   -2  1  0  4 -4  2  3 -2  1 -2 -3 -1 -2 -3 -2 -1 -1 -3 -3  0    1   7   0  32   0   9  31   1   5   1   1   1   0   0   1   1   1   0   0   9  0.63 0.17
   99 Y   -1  3 -1  0 -3 -1 -1 -2  4 -2  0  0 -1  0  0  0 -1 -2  3 -2    5  21   1   7   0   1   1   1  22   1  10   1   0   3   4   8   1   0  13   1  0.33 0.13
  100 F   -1 -2 -2 -2 -2  0 -2  0  3 -1  2 -2  0  3  1 -1  0 -2  0 -1    1   1   1   1   0   4   1   7  13   1  29   1   0  23   6   4   5   0   0   1  0.24 0.11
  101 A    1 -1 -1  1 -2  0  3 -1  1  0 -2  1 -2 -2  1  1  0 -3 -2 -1   15   1   1  10   0   1  26   3   4   9   1   7   0   1   7  10   2   0   1   1  0.27 0.08
  102 E   -2  1 -1  3 -4  0  4 -1 -1 -2 -3  2 -2 -3 -2 -1 -1 -4 -3  0    1   8   0  24   0   0  36   3   0   0   1  13   0   0   0   1   1   0   0  10  0.56 0.16
  103 V    0 -2 -1  0 -2 -1  0  2 -2  0  1 -2  0  0 -2  0 -1 -2 -2  2    7   1   1   5   0   1   6  23   0   1  16   1   0   5   1   8   1   0   0  25  0.14 0.06
  104 R    0  3 -1 -1 -3  0  2 -1  2 -2 -1  2 -1 -2  0  0 -1 -3 -2 -2    7  28   1   1   0   1  15   5   7   1   9  16   0   0   3   4   1   0   0   1  0.33 0.09
  105 R   -1  4 -1 -2 -3  1 -1  1  3 -3 -3  2 -2 -3 -2  0 -1 -3 -2 -3    1  38   1   1   0   5   1  11  14   1   1  16   0   0   1   8   1   0   0   1  0.56 0.13
  106 P   -1  1 -1 -2 -3  2 -1  1  0 -2 -1  1 -2 -3  4  0  0 -3 -3 -1    0  11   0   0   0  12   0  13   3   0   5   7   0   0  28   9   3   0   0   7  0.52 0.11
  107 Q   -2  0  0  3 -4  5  2 -2  1 -4 -3  2 -2 -4 -2  0 -1 -3 -3 -3    0   0   0  21   0  41   8   0   4   0   0  15   0   0   0   7   0   0   0   0  0.73 0.18
  108 D   -2 -2  1  5 -4  2  1  0 -1 -4 -4 -1 -3 -4 -2 -1  1 -4 -3 -3    1   0   3  56   0  12   7   8   0   0   1   0   0   0   0   0   9   0   0   0  0.86 0.18
  109 G   -1 -2 -1  2 -3 -2 -2  5 -2 -4 -4 -2 -3 -3 -3  0 -2 -4 -3 -3    1   1   0  15   0   0   1  68   0   1   1   1   0   0   1   8   1   0   0   1  1.02 0.18
  110 A    1 -2 -1 -2 -3 -2 -2  3 -2 -2  1  0  1 -2 -2  1  1 -3 -3 -1   14   0   0   0   0   0   0  32   0   0  17   7   7   0   0  14   9   0   0   0  0.34 0.11
  111 F    0 -1 -2 -3 -3 -1 -2 -1  2 -1  1  1  1  2 -3 -2 -2 -1  4 -1    9   0   0   0   0   0   0   6   7   0  21  14   7  12   0   0   0   0  24   0  0.33 0.12
  112 F    0 -3 -1 -3  2 -2 -3 -3 -2 -1  1 -2 -1  4  1  1  1 -2  2 -1    7   0   3   0   6   0   0   0   0   0  18   0   0  29   7  16   9   0   7   0  0.31 0.11
  113 K   -2  2 -1  2 -5  0  1 -3  1 -4 -4  5 -3 -3 -2 -1 -2 -4  1 -4    0   6   0  14   0   0   7   0   4   0   0  63   0   0   0   0   0   0   6   0  0.85 0.22
  114 G    1 -2 -1 -1 -3  0  0  4  2 -3 -3 -1 -2 -3  0  1  1 -3 -2 -2   10   0   0   0   0   4   6  42  10   0   1   0   0   0   5  10   9   0   0   1  0.48 0.08
  115 P   -1 -2 -2 -2 -3 -1 -2  0  3  0 -2 -2 -2 -3  6  0 -1 -4 -2 -2    1   0   0   0   0   0   1   8  14  10   1   0   0   0  53   8   0   0   0   1  1.17 0.14
  116 A    1 -2 -1 -2 -2 -1 -1  1  1 -1  0 -1 -1 -2  4  1 -1 -3 -2 -1   15   1   0   1   0   0   1  10   5   1  12   1   0   0  31  15   1   0   0   6  0.55 0.07
  117 Y   -2  1 -3 -3  1 -2 -3 -4  0 -2 -2 -2 -2  3 -3 -2 -2  1  7 -2    1  10   0   0   4   0   1   1   0   0   1   0   0   9   0   1   0   0  70   1  1.12 0.19
  118 P    0 -2 -1 -1 -2 -1 -1  1 -2 -1 -2 -1 -2 -2  5  1 -1 -3 -2  0    6   1   1   1   0   1   2  10   1   1   2   1   1   1  41  16   1   0   1  10  0.78 0.08
  119 G    0 -2 -1 -2 -3 -2 -2  4 -2 -3 -2 -2 -2  1 -2  1 -1 -2 -2 -2    4   1   1   1   0   1   1  57   0   1   1   1   0  10   1  17   1   0   0   1  0.66 0.10
  120 Y   -2 -2 -2 -3 -3 -2 -2 -3  0  0 -1 -2 -1  1 -3 -2  1  1  6 -1    1   1   1   1   0   1   1   1   0   9   1   1   0   1   1   1  11   0  68   1  0.95 0.16
  121 P   -1 -2  0 -2 -3 -1 -1 -2 -2 -3 -3 -1 -2 -3  6  0 -1 -3 -3 -2    1   1   6   1   0   3   1   1   0   1   2   1   0   1  68   8   1   0   1   1  1.61 0.15
  122 F   -2 -2 -2 -3 -2 -2 -2 -3  0  1  1 -2  0  4 -2 -2 -2  0  5  0    1   1   1   1   0   1   1   1   0  14  10   1   0  29   1   1   1   0  31   1  0.53 0.09
  123 L   -1 -2 -2 -2 -2 -2 -2 -2 -2  2  2 -2  1  2 -2  1 -1 -2 -1  0    1   1   1   1   0   1   1   1   0  23  37   1   0  10   1  16   1   0   1   1  0.23 0.06
  124 M   -1 -1 -1 -2 -2 -1 -2 -2  2  0  1 -1  5 -1 -2  1 -1 -2 -1  1    2   1   1   1   0   1   1   1   7   1   2   1  50   1   1  13   1   0   1  14  0.36 0.11
  125 I   -1 -1 -2 -2 -2 -1 -2 -2  2  2  2 -1  3  0 -2 -1 -1 -2 -1  1    2   1   1   1   1   1   2   2   9  21  23   1  23   3   1   2   2   0   1   2  0.22 0.05
  126 P    1 -2 -2 -2 -2 -1 -1  1 -2 -3 -3 -1 -2 -3  6  1  0 -3 -3 -2   13   1   1   1   0   1   1  11   0   1   1   1   0   1  53  10   4   0   0   1  1.17 0.10
  127 D   -1 -1  3  3 -3 -1  1 -2 -1 -2 -2 -1 -2  2 -2  1 -1 -2 -1 -2    1   1  23  30   0   1   8   1   0   1   1   1   0  18   1  10   1   0   0   1  0.44 0.07
  128 L   -1 -2 -2 -3 -2 -1 -2  0 -2  2  3 -2  4  0 -2 -2 -1 -2 -2  0    1   1   1   1   0   1   1  10   0  14  38   1  23   1   1   1   1   0   1   1  0.29 0.06
  129 S    1 -1  2  1  1 -1 -1  0  2 -2 -2 -1  0 -2 -1  2  1 -3 -2 -1   17   2  17   7   4   0   1   3   7   1   1   1   6   0   1  20  12   0   0   1  0.24 0.05
  130 S    0 -1  3 -1 -2 -1 -1  0 -1  0 -1 -1 -1 -2 -2  2  0 -3 -2  1    8   1  26   1   0   1   1   5   0   7   1   1   0   1   1  21   1   0   0  23  0.22 0.06
  131 P    1 -2 -2  0 -3 -2 -1 -2 -2 -3 -3 -1 -2 -3  6  0 -1 -4 -3 -2   13   1   0   7   0   0   1   1   0   1   1   1   0   0  66   7   1   0   0   1  1.56 0.13
  132 Y   -2 -2 -2  0 -3 -2 -2  1  0 -2 -2 -2 -2  1  1 -2 -2  0  6  0    1   1   0   7   0   0   1  12   0   1   1   1   0   0   9   1   1   0  56   8  0.65 0.12
  133 L   -2 -2 -3 -3 -2 -2 -3 -3 -2  1  3 -2  3  0  1 -2 -1 -1  2  1    1   1   0   1   0   0   1   1   0   1  46   1  19   0   7   1   1   0  12   8  0.39 0.08
  134 S    0 -1  2 -1 -2 -1 -1  1 -1 -3 -3 -1 -2 -3  4  3  1 -4 -3 -2    1   0  12   0   0   0   1   8   0   0   1   0   0   0  29  40   4   0   0   1  0.73 0.08
  135 N   -2  1  6  0 -3  0 -1 -1  0 -4 -4  1 -3 -4 -1  1 -1 -4 -3 -3    0   7  72   0   0   0   0   0   0   0   0   7   0   0   2  12   0   0   0   0  0.94 0.14
  136 G   -1 -3 -1  1 -4 -2 -2  5 -3 -5 -5 -2 -4 -4  1 -1 -2 -4 -4 -4    0   0   0   8   0   0   0  84   0   0   0   0   0   0   8   0   0   0   0   0  1.25 0.13
  137 P    1 -2 -1 -2 -3 -1 -1 -1 -2 -3 -3 -1 -2 -2  5  3  0 -3  1 -2   12   0   0   0   0   0   0   4   0   0   0   0   0   0  38  39   0   0   8   0  0.92 0.10
  138 L   -2 -2 -3 -3 -2 -2 -3 -3 -1  1  3 -2  3  2 -3 -2 -1 -1  3  1    1   0   0   0   0   0   1   1   0   0  38   0  19   9   0   1   1   0  19   9  0.37 0.05
  139 S    1 -2 -1 -2 -2 -1 -1 -2 -2  0 -1 -1  3 -2 -2  3  2 -3 -2  1   11   0   0   0   0   0   0   0   0   0   0   0  18   0   0  45  10   0   0  16  0.35 0.07
  140 P   -1 -2  0 -2 -3 -1 -1  1 -1 -3 -3 -1 -2 -2  6  0 -1 -2  2 -2    1   1   7   1   0   0   1  11   0   1   1   1   0   0  54   9   1   0  12   1  1.14 0.08
  141 G    1 -2  1 -1 -2 -1 -1  3 -2 -3 -3 -1 -2 -3  2  2  2 -4 -3 -2    6   0   9   0   0   0   0  27   0   0   1   0   0   0   9  23  21   0   0   0  0.49 0.10
  142 G    1 -2  1 -2 -3 -2 -2  4 -2 -1 -2 -2  0 -3  1  1  0 -3 -3 -2   12   0   6   0   0   0   1  46   0   5   1   0   5   0   8   9   5   0   0   1  0.51 0.09
  143 A    2  0 -1 -2 -2 -1 -1  1 -1 -1 -1 -1  1 -1  1  1  0 -2  2  0   28   7   1   1   0   1   1   9   0   1   2   1   7   1   7  12   4   0  10   7  0.18 0.06
  144 R   -1  2 -1 -2 -2  2 -1 -2 -1  1 -1  2 -1 -2  2 -1  1 -3 -2  1    1  13   1   1   0  13   1   1   0  16   1  17   0   0  13   1  10   0   0  10  0.27 0.07
  145 T   -1  1 -1 -2 -2  2 -1 -2 -1 -1  0 -1  0  2 -2  1  2 -2 -1  0    1   9   1   1   0  15   1   1   0   1  13   1   0  13   1  13  21   0   0   9  0.17 0.07
  146 Y   -1 -2 -1 -2 -2 -1 -2 -2  2  0 -1 -2 -1  2 -2  1 -1  0  4  1    1   1   1   1   0   1   1   1   8   1   2   1   0  13   1  16   1   0  30  19  0.29 0.04
  147 L   -1 -2  2 -1 -2 -1 -1 -2 -1  2  2 -1  0 -1 -2  1  0 -2 -2  0    1   1  16   1   0   1   1   1   0  28  24   1   0   1   1  19   1   0   1   1  0.15 0.03
  148 Q    1 -1 -1  2 -2  3  0 -1 -1 -1 -1  0  3 -2  2  0 -1 -2 -2 -1   19   1   1  14   0  25   1   1   0   1   2   1  20   1   9   1   1   0   1   1  0.27 0.05
  149 M   -1 -2 -1 -2 -2 -1 -2  1 -2  1  0 -1  3  1 -2 -1  2 -2 -1  0    2   1   1   1   0   1   1  17   0  15   2   1  24   9   1   2  20   0   1   1  0.15 0.04
  150 K    2  0 -1 -1 -1  1  0 -1 -1  0  0  2  0 -1 -1  0  0 -2 -1  1   28   1   1   1   1   9   2   2   1   1   9  18   1   1   1   2   2   0   1  17  0.13 0.02
  151 W    1 -2 -2 -2 -2 -1 -2 -2 -1 -1  0 -2 -1  0 -2 -1 -1  7  3 -1   16   1   1   1   1   1   2   2   1   1  14   2   1   1   1   2   2  31  16   2  0.61 0.05
  152 P    0 -2  2 -1 -3 -1 -1 -2 -2 -3 -3 -1 -3 -3  7 -1 -1 -4 -3 -2    7   0  14   0   0   0   1   1   0   0   1   1   0   0  71   1   1   0   0   1  1.71 0.11
  153 L    0 -1  0 -2 -2 -1 -2 -2  3  0  2  0  1  2 -2 -1 -1 -2  0 -1   13   0   7   0   0   0   1   1  15   0  35   8   2  14   0   1   1   0   0   1  0.17 0.04
  154 L   -1 -2 -3 -3  2 -2 -2 -3 -2  0  3 -2  2  0  3 -2 -1 -2 -2  0    1   1   1   1   8   1   1   1   0   1  58   1   7   1  16   1   1   0   0   1  0.43 0.06
  155 D   -1 -1  3  4 -3  0  1  1 -1 -3 -2 -1 -2 -2 -1  0 -1 -3 -2 -2    2   1  21  43   1   1   6   9   1   1   2   2   1   1   1   2   2   0   1   2  0.56 0.06
  156 V   -1 -2  1 -1 -2 -1 -1  1 -2  2  0 -1  2 -1 -2 -1 -1 -2 -2  2    2   1  10   1   1   1   2  14   1  13   2   2   9   1   1   2   2   0   1  34  0.13 0.04
  157 P    0 -1 -1 -1 -2  1  1 -1 -1 -2 -2 -1 -2 -2  5  1 -1 -2 -2 -2    7   1   1   1   1   8  10   2   1   1   2   2   1   1  42  14   2   0   1   2  0.83 0.06
  158 S    1  1  1 -1 -2 -1 -1  1 -1 -2  0  0 -1 -2  2  2  0 -3 -2 -1    9  14   8   1   0   1   1  15   0   1  13   1   0   1   9  22   2   0   0   1  0.22 0.03
  159 S    1  2 -1 -2 -2  0 -1 -1  2 -1 -2  0 -1 -1  2  1  0 -2  1  0   14  19   1   1   0   1   1   2   9   1   1   1   0   1  14  14   5   0   9   8  0.26 0.04
  160 A    3 -1 -1 -2 -2  1 -1  1 -1 -1 -1 -1  1  1 -1  2  0 -2 -1 -1   41   1   1   1   0   8   1   9   0   1   1   1   9   8   1  16   1   0   0   1  0.26 0.06
  161 T    2 -1  1  2 -2 -1  0  0 -1 -2 -2 -1 -2 -2 -1  2  1 -3 -2 -1   23   1   9  14   0   1   1   7   0   1   1   1   0   1   1  28  10   0   0   1  0.34 0.05
  162 V    1 -2 -2 -2 -2 -1 -2  0 -1  1  1 -1  0  0  1 -1 -1 -1  2  1   14   1   1   1   0   1   1  10   1  13  17   1   2   1   8   2   1   0  14  10  0.11 0.02
  163 K   -1  3  1 -1 -3  0 -1  0 -1 -2  0  3 -1 -2 -2  0  1 -3 -2 -1    1  20   9   1   0   1   1   8   0   1  14  27   0   1   1   1  13   0   0   1  0.26 0.05
  164 D   -1 -2  0  5 -3 -1  0  2 -1 -3 -3 -1 -2 -3 -1 -1 -1 -3 -2 -2    2   1   1  60   1   1   2  17   1   1   2   2   1   1   1   2   2   0   1   2  0.71 0.08
  165 T    1 -1  0 -1 -1  0 -1 -1  3 -1 -2 -1 -1 -2  1  2  2 -2 -1 -1    9   2   1   2   1   1   2   2  14   2   3   2   1   1   5  26  24   0   1   2  0.29 0.04
  166 R   -1  3 -1 -2 -2  1 -1 -2 -1 -1  2  0  0 -1 -1 -1 -1 -2 -1 -1    2  34   1   2   1  10   2   2   1   2  31   2   1   1   2   2   2   0   1   2  0.27 0.05
  167 S    0  1  0 -1 -2  0  2 -1 -1 -2 -2  0 -2 -2 -1  3  1 -3 -2 -2    1  10   1   1   0   1  16   1   0   1   1   1   0   1   1  55   9   0   0   1  0.47 0.08
  168 P    0 -2 -1  2 -3 -1 -1 -2 -2 -3 -3 -1 -2 -3  6 -1  1 -3 -3 -2    9   1   1  13   0   1   1   1   0   1   1   1   0   1  53   1  14   0   0   1  1.19 0.13
  169 S    1 -1  1 -1 -2  2  0 -1 -1 -2 -2 -1 -2 -3  4  2  1 -3 -2 -2    7   1   9   1   0  13   1   1   0   1   1   1   0   1  22  31   9   0   0   1  0.54 0.08
  170 P    0 -2 -2 -2 -2 -2 -2 -2 -2  1 -1 -2  1 -2  6 -1 -1 -3 -2  1    9   1   1   1   0   1   1   1   0  11   1   1   5   1  51   1   1   0   0  13  1.04 0.11
  171 A    2 -1 -1  0  1  1 -1  0 -1 -1 -1 -1 -1 -2  1  1  1 -3 -2  0   30   0   0   6   5  13   1   7   0   0   3   0   0   0   8   7  12   0   0   6  0.23 0.06
  172 H   -1  2  0 -1 -3  1  0 -2  6 -2 -1  0 -1 -2 -2  0 -1 -2  0 -2    2  19   1   1   0   7   1   2  46   1   7   1   0   1   1   7   1   0   1   1  0.63 0.11
  173 L   -1 -2 -2 -2 -1 -1 -2 -2 -2  2  2 -1  3 -1 -2 -1  2 -2 -1  1    2   1   1   1   0   1   1   1   0  21  22   1  20   1   1   1  21   0   1   1  0.21 0.02
  174 S    0 -2 -1 -2 -2 -2 -2  1 -2 -2 -2 -2 -2 -2  2  2  2  5 -1  0    0   0   0   0   0   0   0  16   0   0   0   0   0   0   9  27  24  15   0   9  0.47 0.06
  175 N   -2  0  4  0 -4  2  0 -2  3 -4 -3  2 -2 -3 -2  0 -1 -4 -2 -3    0   0  48   0   0  15   0   0  14   0   0  23   0   0   0   0   0   0   0   0  0.69 0.06
  176 K   -1  1  3 -1 -3  0 -1 -2 -1 -1  1  3 -1 -2 -2  0 -1 -4 -2 -2    0   0  21   0   0   0   0   0   0   0  23  46   0   0   0   9   0   0   0   0  0.37 0.05
  177 V   -1 -3 -3 -4 -2 -2 -3 -4 -3  1  1 -2  3  1  4 -2 -1 -3 -1  2    0   0   0   0   0   0   0   0   0   0  17   0  15   7  23   0   0   0   0  37  0.51 0.04
  178 P   -1 -2 -2 -2 -4 -2 -2 -3 -1 -3 -3 -2 -3 -1  7  0 -1 -2  2 -3    0   0   0   0   0   0   0   0   0   0   0   0   0   0  77   8   0   0  16   0  1.91 0.07
  179 V   -1 -3 -3 -4 -2 -2 -3  1 -3  2  2 -3  2 -1 -3 -2 -1 -3 -2  3    0   0   0   0   0   0   0  16   0   0  21   0  11   0   0   0   0   0   0  52  0.33 0.03
  180 V   -1 -3 -4 -4 -2 -3 -3 -4 -4  2  2 -3  1 -1 -3 -2 -1 -3 -2  4    0   0   0   0   0   0   0   0   0   0  28   0   0   0   0   0   0   0   0  72  0.57 0.06
  181 Q   -1  0  0 -1 -3  5  2 -2  3 -3 -3  0 -1 -3 -2 -1 -1 -3 -2 -3    1   0   0   0   0  69  14   1  10   0   1   1   0   0   0   1   1   0   0   1  0.90 0.09
  182 H   -2  0 -1 -2 -4  1 -1 -1  6 -4 -3  1 -3 -3  4 -1 -2 -4  0 -3    0   0   0   0   0   6   0   4  47   0   0  13   0   0  30   0   0   0   0   0  1.01 0.09
  183 P    1 -2 -2 -1 -3 -1  1 -2 -2 -3 -3 -1 -3 -4  6  2 -1 -4 -3 -2   10   0   0   0   0   0  13   0   0   0   0   0   0   0  55  22   0   0   0   0  1.32 0.08
  184 H   -1 -1  0 -2 -4  1 -1  0  7 -4 -4 -1 -3 -2  0 -1 -2 -3  1 -4    5   0   0   0   0   5   0   9  77   0   0   0   0   0   4   0   0   0   0   0  1.13 0.12
  185 H    1 -1 -1 -2 -3 -1 -1  2  6 -2 -1 -2  2 -2 -2 -1 -2 -3  0 -2   17   0   0   0   0   0   0  22  44   0   5   0  13   0   0   0   0   0   0   0  0.53 0.08
  186 M    0 -2 -3 -3 -2 -2 -2 -1 -2  1  0 -2  3  2  1 -1  1 -2  0  2    4   0   0   0   0   0   0   4   0   2   0   0  21  13   7   0  13   0   4  33  0.25 0.05
  187 H   -2 -1  1 -2 -4  2 -1 -2  7 -4 -3 -1 -2 -2  2 -1 -2 -3  1 -3    0   0   5   0   0  13   0   3  63   0   0   0   0   0  13   0   0   0   4   0  1.02 0.11
  188 P   -1 -2 -2 -2 -3  1 -1 -2 -2 -2 -2 -1 -2  1  6 -1 -1 -2 -1 -2    1   1   1   1   0  10   1   1   0   1   1   1   0  13  64   1   1   0   1   1  1.43 0.07
  189 L   -2 -3 -4 -5 -2 -3 -4 -5 -3  1  4 -3  2  0 -4 -3 -2 -3 -2  0    0   0   0   0   0   0   0   0   0   0  94   0   6   0   0   0   0   0   0   0  0.85 0.11
  190 T    1 -2  2 -1 -2 -1 -1 -2  3 -1 -2 -1 -1 -3  2  1  3 -4 -2  0    9   0  12   0   0   0   0   0  14   0   0   0   0   0   9   9  37   0   0   9  0.41 0.08
  191 P   -1 -2 -2 -2 -4  1 -2 -1 -2 -4 -4 -2 -3 -4  7 -1 -2 -5 -4 -3    0   0   0   0   0   8   0   4   0   0   0   0   0   0  83   4   0   0   0   0  2.20 0.18
  192 L   -2 -3  1 -3 -3 -3 -3 -4 -2  0  4 -3  1  2 -4 -3 -2 -2  2  0    0   0  10   0   0   0   0   0   0   0  71   0   0  11   0   0   0   0   9   0  0.56 0.11
  193 I   -2 -3  0 -3 -2 -2 -3 -4 -2  3  2 -3  2  2 -4 -2 -1 -2  1  1    0   0   9   0   0   0   0   0   0  41  19   0   9  11   0   0   0   0   7   5  0.37 0.08
  194 T    0 -2 -1 -2  3 -1 -2 -2 -2 -1 -1 -1  3 -2  3  1  3 -3 -2 -1    1   0   0   0  11   0   0   1   0   0   1   0  16   0  15  14  38   0   0   0  0.48 0.10
  195 Y   -2 -2 -2 -3 -3 -2 -3 -4  3 -2 -2 -2 -2  3 -3 -2 -2  1  7 -2    1   0   0   0   0   0   0   1  11   0   1   0   0  10   0   0   0   0  72   0  1.24 0.17
  196 S    1 -1  3 -1 -2  0 -1 -1 -1 -3 -3 -1 -2 -3  2  3  0 -3 -2 -2    9   1  18   1   0   4   1   1   0   1   1   1   0   0  10  49   1   0   0   1  0.53 0.09
  197 N   -1 -2  4  2 -3  0 -1  0 -1 -3 -1 -1 -2 -2  3  0 -1 -3  1 -3    0   0  35  11   0   3   0   8   0   0   9   0   0   0  17   8   0   0   7   0  0.46 0.08
  198 D   -2 -1  0  4 -5  0  5 -3  2 -4 -4 -1 -3 -4 -2 -1 -2 -5 -3 -4    0   0   0  36   0   0  57   0   7   0   0   0   0   0   0   0   0   0   0   0  1.09 0.16
  199 H    1  0 -1 -2 -3  0 -1 -2  7 -3 -3 -1 -2  0  1 -1 -2 -3  0 -3   17   2   0   0   0   0   0   0  67   0   1   0   0   5   5   0   0   0   0   0  1.02 0.18
  200 F   -1 -3 -3 -4 -3 -3 -3 -3 -2 -1  1 -3 -1  6 -3 -3 -2  4  2 -1    5   0   0   0   0   0   0   0   0   0  10   0   0  66   0   0   0   8   3   3  0.88 0.14
  201 S    2 -1 -1 -1 -2  0 -1 -1 -2 -2 -1 -1 -1 -2  0  4  2 -3 -2 -1   17   0   0   0   0   5   0   0   0   0   8   0   0   0   3  53  11   0   0   0  0.48 0.10
  202 P   -1 -1 -1 -2 -3  0 -1 -2  1 -2 -2 -1 -2 -2  6  0  0 -2  1 -2    2   1   1   1   0   5   2   2   4   1   2   1   1   1  57   5   4   0   8   2  1.21 0.10
  203 A    0 -1 -1 -1  2  2 -1  4 -1 -3 -3 -1 -2 -3  1  0  0 -3 -3 -2    4   1   1   1   9  18   1  42   0   1   1   1   0   1   7   7   4   0   1   1  0.46 0.07
  204 S    0  1  1 -1 -2 -1 -1  1 -1 -2 -2  0 -1 -2  2  2  2 -2 -2 -1    4   9   7   1   0   1   2  10   1   1   2   1   1   1  12  26  18   0   1   2  0.31 0.04
  205 P    0 -2 -2 -2 -3 -1 -1 -2  4 -3 -3 -1 -2 -3  6 -1 -2 -3 -2 -2    8   1   1   1   0   1   1   1  18   1   1   1   0   1  61   1   1   0   0   1  1.48 0.14
  206 P   -1 -2 -2 -2 -3 -1 -1 -2 -2 -2 -2 -1 -2 -3  6  1 -1 -3 -3  0    1   1   1   1   0   1   1   1   0   1   2   1   0   1  63  12   1   0   1  10  1.41 0.12
  207 T    2 -1 -1 -1 -2  0 -1  1 -1 -2 -2 -1 -1 -2  3  1  2 -3 -2 -1   21   1   1   1   0   4   1  14   0   1   2   1   0   1  20  12  19   0   1   1  0.43 0.05
  208 H   -2  1  2 -1 -4  0 -1 -1  7 -3 -3 -1 -2 -2  0 -1 -2 -3  0 -3    1  10   9   1   0   0   1   5  66   1   1   1   0   0   3   1   1   0   0   1  1.02 0.17
  209 L    0 -2 -2 -3  1 -2 -2 -2  1  1  2 -2  2  2 -2  0 -1 -2  1  0   11   0   0   0   3   0   1   1   6   8  27   1   8  14   0   8   1   0   4   6  0.17 0.05
  210 S    0 -1 -1 -2 -3 -1 -1  1 -2 -3 -1 -1 -2 -3  4  3  0 -4 -3 -2    3   2   0   0   0   2   0  13   0   0   8   0   0   0  27  41   0   0   0   0  0.65 0.13
  211 P    1 -2 -2 -2 -2  0 -1 -1  0  0 -2 -1 -2 -2  5  0  1 -3 -1  0   12   0   0   0   0   4   0   3   2   8   2   0   0   0  41   8  11   0   2   5  0.78 0.11
  212 E   -1 -1  0  4 -3  2  2  1  2 -3 -3 -1 -2 -3 -2 -1 -1 -3 -2 -2    1   1   1  41   0  11  11  14   9   1   1   1   0   1   1   1   1   0   0   5  0.54 0.10
  213 I   -1 -2 -2 -3 -2 -2 -2  0 -2  2  1 -2  1  2 -2 -1  1 -2 -1  2    1   1   1   1   0   1   1   9   0  19  18   1   5  12   1   1  12   0   0  16  0.17 0.05
  214 D   -1 -2  2  4 -3 -1  0  2 -1 -3 -3 -1 -2 -3 -2  2  0 -3 -3 -3    1   1  13  30   0   1   1  17   0   1   1   1   0   1   1  28   1   0   1   1  0.52 0.10
  215 P   -1 -2  0 -2 -3  1 -1  0 -2 -2 -1 -1 -2 -3  5  0  1 -3 -3 -2    1   1   6   1   0   7   1   6   0   1   8   1   0   1  44   8  13   0   0   1  0.88 0.14
  216 K   -1  1 -1  1 -3  3  2 -2 -1 -3 -3  4 -2 -3 -2 -1 -1 -3 -3 -3    1   1   1   9   0  14  14   1   0   1   1  52   0   1   1   1   1   0   0   1  0.69 0.16
  217 T    0 -2  1  1 -2  1 -1  1 -1  0 -1 -1  2 -2  2  1  1 -3 -2 -1   10   0   9  10   0   9   1  10   0  10   1   1   9   0  10  10  10   0   0   1  0.20 0.11
  218 G   -1 -3 -1 -2  5 -2 -3  5 -3 -3 -3 -2 -3 -3 -3  1 -2 -3 -3 -3    1   1   1   1  17   1   1  59   0   1   1   1   0   0   1  14   1   0   0   1  0.97 0.18
  219 I   -1 -2  1 -2 -2 -2 -2 -3 -2  3  1 -2  3 -1 -2  0 -1 -3 -2  2    1   0  13   1   0   0   1   1   0  35  12   1  16   0   0   7   1   0   0  10  0.26 0.07
  220 P   -1 -2  0 -2 -3 -1 -1 -2  2 -2 -1 -1 -2 -3  6  1  0 -3 -2 -2    1   0   5   1   0   0   1   1  10   0   8   1   0   0  50  14   7   0   0   1  1.06 0.11
  221 R   -1  5 -1 -2 -3  0 -1 -2  3 -2 -2  1 -2 -2 -2 -1  1 -3 -1 -2    1  60   1   1   0   1   1   1  10   1   2   1   0   1   1   1  14   0   1   1  0.68 0.11
  222 P    1  1 -1 -1 -2  0 -1  0  3 -2 -2 -1 -2 -2  4  0  0 -2 -1 -2   15   8   1   1   0   1   1   8  15   1   2   1   1   1  25   7   7   0   1   2  0.46 0.05
  223 P    1  0 -1 -2 -2 -1 -1 -2  1 -2 -1 -1 -2 -2  5  0  0 -3 -2 -2   12   6   1   1   0   2   1   2   4   1   5   1   0   1  45   8   8   0   1   1  0.88 0.13
  224 H    0  0 -1 -2 -2  2 -1 -2  5 -2  0 -1  1  0  1 -1 -1 -1  2 -2    8   4   1   1   0  11   1   2  31   1   7   1   8   3   6   2   2   0   9   1  0.36 0.11
  225 P    0 -1 -1 -2 -2 -1 -1  0 -1 -2 -2 -1 -2 -1  5  0  0 -1  2 -2    9   1   1   2   1   1   2   7   1   1   3   2   1   1  40   5   8   0  13   2  0.75 0.10
  226 S    1 -1  0 -1 -2  0 -1  0 -1 -1  0 -1 -1  1  2  2  0 -2 -1 -1   16   1   3   1   0   4   1   6   1   1   8   1   1   9  12  29   3   0   1   2  0.24 0.07
  227 E    0  0  0  3 -3  0  2  0  1 -2 -2 -1 -2  1 -2  1 -1 -2  1 -2    8   5   1  24   0   1  14   9   5   1   2   1   0   7   1  13   1   0   7   1  0.25 0.07
  228 L    0 -2 -2 -1 -2  0 -1 -1 -2  1  2 -1  2 -1  2 -1  0 -2 -2  0   11   1   1   5   0   4   1   5   0  14  22   1  11   1  14   1   3   0   1   4  0.20 0.06
  229 S    1 -2 -1 -2 -2 -1 -1  0  0 -2 -2 -1 -2 -1  3  2  2 -2  2 -1   13   1   0   1   0   0   1   6   3   1   1   1   0   0  15  28  15   0  10   4  0.38 0.11
  230 P    1 -2 -1 -2 -3  1 -1  0 -2 -3 -3 -1 -2 -3  5  1  0 -4 -3 -2   16   1   2   1   0  11   1   6   0   1   1   1   0   0  45   9   4   0   0   1  0.99 0.17
  231 Y   -1 -2 -2 -3  2  0  0  0  0 -1  0 -2  2  2 -3 -2 -2  0  5 -1    6   0   0   0   6   7   5   7   0   2   5   0  12  12   0   0   0   0  34   0  0.40 0.15
  232 Y   -2 -2 -3 -3 -3  1 -2 -4  2  0 -1 -2  0  1  1 -2 -2  0  6 -2    0   0   0   0   0   7   0   0   5   5   5   0   3   0   8   0   0   0  63   0  0.96 0.23
  233 P    1 -3 -2  0 -3 -2 -2 -3 -2 -3 -3 -2 -1  0  6  0 -2 -4 -1 -3   11   0   0   5   0   0   0   0   0   0   1   0   2   6  62   8   0   0   2   0  1.46 0.23
  234 L    0 -2 -3 -3 -2 -2 -2 -3 -2  1  2 -2  3 -1  2 -1 -1 -2  1  0   11   1   0   1   0   0   1   1   0  10  32   1  14   0  12   3   1   0   7   4  0.31 0.10
  235 S    0 -2 -1 -2 -1 -1 -1 -2 -2 -1  0  0 -1 -1  4  2  0 -2  1 -1    1   1   1   1   1   1   1   1   0   1  15   5   0   1  25  32   3   0   7   5  0.47 0.12
  236 P   -1 -3 -2 -3 -3 -2 -2 -3 -3 -3 -3 -2  1 -4  6  1  1 -4 -3 -3    0   0   0   0   0   0   0   0   0   0   1   0   7   0  66  13  10   0   0   0  1.67 0.27
  237 G    0 -2  0 -1 -3 -2 -2  4  0 -1 -2 -2 -2  0  0  1 -1 -3 -2 -2    6   0   4   3   0   0   0  44   3   7   1   0   0   5   5  16   0   0   0   0  0.44 0.12
  238 A    1 -1 -1  0 -2  2  0  2 -1 -2 -1 -1 -1 -2  1  2  0 -3 -2 -2    9   1   1   6   0  16   5  18   0   1   7   1   0   0   5  24   4   0   0   1  0.28 0.08
  239 V   -1 -1 -3 -3 -2 -2 -2 -3 -2  1  1 -2  3  1  2 -2  0 -2  1  2    4   4   0   0   0   0   0   0   0   9  15   0  17   5  12   0   5   0   6  21  0.28 0.10
  240 G    0 -2 -1  0 -3 -2 -2  4 -2 -4 -4 -2 -3 -4  2  1 -1 -4 -4 -3    3   0   0   7   0   0   0  58   0   0   0   0   0   0  14  12   3   0   0   0  0.84 0.14
  241 Q   -1  1 -1 -2 -3  5  0 -3  1 -3 -2  0  1 -3  3  0  0 -3 -3 -2    0   7   0   0   0  53   0   0   2   0   0   0   7   0  20   5   4   0   0   0  0.85 0.20
  242 I   -1 -2 -2  1 -2 -2 -2 -3 -2  2  1 -2  1  1  0  0 -1 -2  0  1    1   0   0  10   0   0   1   1   0  28  17   1   4   7   4  10   1   0   4  10  0.16 0.06
  243 P    1 -2 -2 -2 -2 -1 -2 -2  1 -2  0 -1 -1 -2  5  1  1 -3 -2 -1   14   0   0   0   0   0   0   0   4   0  17   0   0   0  38  11  12   0   0   0  0.74 0.11
  244 H    0 -1  0 -2 -3 -1 -1 -2  6 -2 -2 -1 -2  0  2  0 -1 -1  4 -1    6   0   3   0   0   0   1   1  38   0   1   1   0   0  12  10   1   0  20   6  0.61 0.14
  245 P    0 -2 -2 -2 -3  1 -1 -2 -2 -3 -3 -1 -2 -3  6  1  0 -3 -3 -2    8   1   0   1   0  10   1   1   0   1   1   1   0   0  55  14   5   0   0   1  1.26 0.15
  246 L    0 -2 -2 -3 -2 -2 -2 -3 -2  1  2 -2  3 -1  1  0  0 -2 -2  1    6   1   0   1   0   0   1   1   0   8  37   1  14   0   8   6   4   0   0  13  0.28 0.07
  247 G    0 -1  0  1 -3  1  1  3 -1 -3 -3 -1 -2 -3 -2  2  0 -3 -3 -2    1   1   1   8   0  10  13  27   0   1   1   1   0   0   1  30   5   0   0   1  0.42 0.08
  248 W   -3 -3 -3 -3 -3 -2 -1 -3 -2 -2  0 -3 -1  0  1 -3 -3  9  2 -2    1   0   0   1   0   0   6   1   0   0  14   1   0   0  10   1   1  55   7   1  1.52 0.21
  249 L    0  1  0 -1  0 -1 -1 -2  3 -1  0 -1 -1  1  1  0 -1  4  2 -2    6  11   5   3   3   0   0   0  15   3  15   0   0   5   6   9   0   7   8   0  0.19 0.08
  250 V   -1 -2 -2 -2 -2  1 -1  0  2  1  0 -2  2  1  1  0  1 -2 -1  0    1   0   0   0   0   8   0   8   8   8   8   0   8   8   8   8   8   0   0   8  0.08 0.12
  251 P   -1 -2 -2 -2  2  1  1 -3 -2 -2 -1 -1 -2 -3  5  0  0 -4 -3  0    1   1   0   1   7   7  11   1   0   1   7   1   0   0  39   9   7   0   0   7  0.78 0.20
  252 Q   -1  3 -1 -2 -3  3  0 -2  1 -3 -2  1 -2  1  0  1  0  4 -1 -2    1  20   0   1   0  18   6   1   5   1   1   5   0  10   5  12   5   8   0   1  0.38 0.15
  253 Q   -1  0 -1 -2 -3  3  0 -2 -1 -2  0 -1  2  1  2  1  0  2 -1 -2    1   5   1   1   0  26   4   1   0   1   7   1  10   8   9  15   6   3   0   1  0.30 0.13
  254 G   -1  0 -1 -2 -3 -2 -2  4 -2 -2 -2 -1 -2 -2  2  2  0 -3  1 -1    1   6   0   0   0   0   1  40   0   0   4   1   0   0   9  18   7   0   7   5  0.46 0.14
  255 Q    1  0 -1 -2 -3  4  0 -1  0 -2 -1  0 -1 -2  2  0  1 -3  0 -2   10   4   0   0   0  41   1   4   2   0   6   1   0   0   9   8   9   0   3   1  0.46 0.17
  256 P    0 -2 -2 -3 -3 -2 -2 -2  1 -3 -1 -2  0  0  6  1 -1 -4 -2 -2    5   0   0   0   0   0   0   2   6   0   7   0   4   6  54  11   2   0   0   1  1.18 0.22
  257 M    0 -2 -3 -3 -2  0 -2 -2  0  1  1 -2  4  1  1  0 -1 -3  0  2    5   0   0   0   0   3   0   2   3   3   8   0  24   6   9  10   0   0   3  25  0.29 0.15
  258 Y   -3 -4 -4 -5  2 -3 -4 -5  2 -1 -3 -4 -3  1  0 -2 -3  5  7 -3    0   0   0   0   6   0   0   0   5   3   0   0   0   0   6   3   0  12  65   0  1.49 0.35
  259 S    0  0 -1  0 -4 -2 -2  0  3 -4 -4 -2 -3 -4  5  3 -1 -5 -3 -3    2   6   0   4   0   0   0   7   9   0   0   0   0   0  37  36   0   0   0   0  1.00 0.25
  260 L    0  1 -3 -3  2 -2 -3 -3 -3  3  2 -2  1  1 -3 -1 -1 -3 -1  0   10   9   0   0   6   0   1   1   0  33  23   1   3   6   0   4   1   0   0   1  0.26 0.12
  261 P    0 -2 -1 -2 -2 -1 -1 -2 -2 -2 -2 -1  2 -2  4  2  1 -3 -2 -2    7   1   1   1   0   1   1   1   0   1   2   1   9   1  31  27  12   0   1   1  0.68 0.15
  262 P    2 -1 -1 -1 -2 -1 -1 -1 -1 -2 -2 -1 -1 -2  4  1  1 -2 -2 -1   21   2   1   2   1   1   2   2   1   2   3   2   1   1  30  14  13   0   1   2  0.60 0.10
  263 G    1 -2 -1 -2  2 -2 -2  4 -2 -3 -3 -2 -2 -3 -2  1  0 -3 -3 -2   10   1   1   1   6   1   1  50   0   1   2   1   0   1   1  15   7   0   1   1  0.61 0.14
  264 G    1 -3 -2 -3 -3  0 -2  5 -3 -3 -3 -2  2 -4 -3  0 -2 -4 -4 -3   16   0   0   0   0   5   0  64   0   0   0   0   9   0   0   6   0   0   0   0  0.99 0.23
  265 F   -2 -3 -3 -4 -2 -3 -3 -4 -1  2  2 -3  0  3 -3 -3 -1 -1  3  2    0   0   0   0   0   0   0   0   0  20  20   0   0  20   0   0   0   0  20  20  0.44 0.05
  266 R   -1  4 -1 -2 -4 -1 -2  1 -1 -3 -3  0  0 -2  3  1 -1 -3  1 -3    0  42   0   0   0   0   0  11   0   0   0   0   5   0  17  17   0   0   8   0  0.60 0.14
  267 H   -1 -1  0 -2 -3  3 -1  0  5 -2  0 -1 -1 -2  3  0  0 -3  1 -2    0   0   3   0   0  21   0   6  24   0  11   0   0   0  17   6   4   0   5   0  0.47 0.11
  268 P    0 -2 -2 -2 -2 -1 -1 -2  1 -2  0 -1 -1 -2  5  0  1 -3 -2 -2   10   1   1   1   0   1   1   1   6   1  10   1   0   1  47   5  12   0   1   1  0.95 0.12
  269 Y   -2 -3 -2 -3 -3 -2 -3 -3  4  0 -1 -3 -2  2 -3  0 -2  0  6 -2    1   0   0   1   0   0   1   1  12   5   6   1   0   9   0   8   1   0  54   1  1.00 0.26
  270 P   -1 -3 -3 -3 -4 -3 -3  0 -3 -4 -4 -3 -4 -5  7  0 -2 -5 -4 -4    3   0   0   0   0   0   0   7   0   0   0   0   0   0  78   9   0   0   0   0  2.17 0.39
  271 A    3 -2 -1  0 -2 -2 -2  0  1 -3 -3 -2 -2  1  0  2  1 -3 -2 -2   38   0   0   7   0   0   0   4   5   0   0   0   0  10   4  21  10   0   0   0  0.41 0.18
  272 L    0 -2 -1 -2 -2 -2 -2 -1 -2  1  3 -2  1  1  0 -1 -1 -2 -1  0    7   1   4   1   0   1   1   5   0   6  51   1   0   8   5   6   1   0   1   1  0.28 0.12
  273 A    2 -2 -1  0 -2 -1 -1 -2 -2 -2  0 -2 -1 -3  3  1  1 -4 -3 -1   30   0   0   8   0   3   0   0   0   0  12   0   0   0  20  13  11   0   0   0  0.46 0.15
  274 M    0 -2 -2 -3 -2  0 -2  0 -2  2  1  0  2 -2  2 -1 -1 -3 -2  1    8   0   0   0   0   6   0   8   0  15  11   8  11   0  13   4   0   0   0  15  0.20 0.09
  275 N    0 -2  3  0 -3 -1  0  1  1 -1 -2 -1 -2  0 -1  1  1 -3  0 -2    5   0  27   4   0   0   8  11   4   5   1   0   0   6   3  16   8   0   2   0  0.28 0.11
  276 A    3 -2 -2 -3  1 -2 -2 -1 -2 -1 -1 -2 -2  1  1  2  2  3 -2 -1   33   0   0   0   5   0   0   2   0   3   4   0   0   7   6  17  14   5   0   3  0.33 0.15
  277 S   -1 -2  1 -2 -3 -1 -2  0  1 -1  0 -2  2 -3  1  3  2 -4 -2  0    0   0   6   0   0   0   0   6   5   0   8   0   9   0   8  37  16   0   0   6  0.36 0.18
  278 M    0 -2  1 -2  1 -1 -2 -2 -2  0  1 -2  2  0  1  1  1 -3 -2  1    9   0  11   0   5   0   1   1   0   0  10   1  13   4   6  10   8   0   0  19  0.15 0.09
  279 S    1 -1  0 -2 -2  1 -1 -2 -2 -2  0 -1  1 -2  3  3  0 -3 -2 -2   12   1   6   1   0   9   1   1   0   1  11   1   6   0  16  33   1   0   0   1  0.40 0.15
  280 S    1  0  0 -2  1 -1  0  0  0 -2 -1 -1 -2  0  0  3 -1 -2  1 -2   10   6   3   1   5   0   4   8   3   1   5   1   0   3   5  37   1   0   7   1  0.28 0.19
  281 L    0  0 -2  0  1 -2 -2 -1 -2  0  2 -2  2  1  1  0 -1 -2 -1  0    5   5   0   8   3   0   1   4   0   1  29   1   7   7   7  12   1   0   0   8  0.12 0.11
  282 V    0  0 -1  1 -2 -1 -1  0 -2 -1  0 -1  2  1  1  1  1 -3 -1  0    6   6   0   9   0   0   1   6   0   0   6   0  10  10   8  17  12   0   0   8  0.14 0.13
  283 S    0  1  1 -2 -3  1 -1  0 -1 -2  0 -1 -1  1  1  1  1 -2  2 -2    9   9   9   0   0   9   1   9   0   0   9   0   0   9   9   9   9   0   9   1  0.15 0.11
  284 S    0  1 -1 -1 -2 -1 -1  1 -1 -2 -2 -1 -2  2  1  2  1 -2  2 -2    4  11   1   2   0   1   1  11   0   1   1   1   0  17   6  28   8   0   7   1  0.26 0.13
  285 R   -2  5 -2 -2 -4  2 -1 -1  0 -1 -1  0 -2  0  1 -1 -2 -3  0 -2    1  53   0   1   0   8   1   5   2   3   5   1   0   6   6   4   1   0   3   1  0.66 0.23
  286 F   -2 -3 -3 -4 -3 -3 -3 -2 -2 -1  0 -3 -1  6 -1 -1 -1 -1  3 -1    1   1   0   1   0   0   1   4   0   1   4   1   0  62   3   4   3   0  11   4  0.98 0.29
  287 P    0 -3 -2 -3 -4 -2 -2  0 -3 -4 -2 -2 -3 -4  6  2  0 -5 -4 -3    5   0   0   0   0   0   0   7   0   0   3   0   0   0  60  19   4   0   0   0  1.53 0.36
  288 H   -2  1 -1 -3 -4 -1 -2 -1  7 -1 -2  0 -2  0  2  0  0 -3 -1 -2    0   7   0   0   0   0   0   4  44   5   2   4   0   5  13   5   7   0   0   2  0.79 0.29
  289 M    0 -1 -1 -3 -3 -1 -2  0  4 -1  1 -2  5 -2  2  0 -2 -3 -2 -1    8   3   3   0   0   0   0   9  16   0  14   0  27   0  12   5   0   0   0   1  0.45 0.24
  290 V    0 -3 -3 -4 -2 -1 -3 -2 -3  1  2 -3  2  0 -1  0  0 -3 -2  2    7   0   0   0   0   2   0   3   0   5  31   0   9   4   2   6   4   0   0  27  0.31 0.15
  291 A    0 -2 -3 -3 -2 -1 -2  1  0  1  2 -2  2  0  3 -2 -1 -3 -2  1    7   0   0   0   0   3   0  11   3   9  22   0   9   4  16   0   2   0   0  11  0.28 0.12
  292 P   -1 -3  1 -2 -4 -2 -2  0 -1 -3 -1 -2 -1 -2  6  2 -2 -4 -3 -3    1   0   9   0   0   0   0   6   1   0   7   0   1   2  54  17   0   0   0   0  1.28 0.32
  293 A    0 -2 -1 -2  1  0 -1  1  2 -2 -1 -1 -2 -2  3  2  0 -3 -2  0    7   1   1   1   4   5   1  13   7   1   5   1   0   1  15  25   4   0   0   9  0.30 0.12
  294 H    0 -2 -1 -2 -3 -1 -1 -2  7  0 -2 -2 -2  0  3 -1  0 -3  0  0    7   1   1   1   0   1   1   1  43   5   1   1   0   4  15   4   5   0   1   7  0.75 0.25
  295 P    0 -2 -2 -2 -3 -2 -2 -2  2 -3 -3 -2 -3 -3  6  0 -2 -4 -3 -1    6   1   1   1   0   1   1   3   8   1   1   1   0   1  62   7   1   0   0   5  1.53 0.32
  296 G    0 -2 -1 -2 -3  0 -2  4 -2 -3 -3  0 -2 -3 -2  2  1 -3 -3 -3    6   1   1   1   0   5   1  49   0   1   2   6   0   0   1  17   9   0   0   1  0.67 0.21
  297 L    0 -2 -2 -3 -2 -2 -2 -3  1  1  2 -2  3 -1  0  1 -1 -2  0  0    5   0   0   0   0   0   1   1   5  12  33   1  16   0   4  12   3   0   4   3  0.31 0.17
  298 P   -2 -2 -2  0 -4 -1  0 -1  5 -3 -3 -2  1 -3  5 -1 -1 -4 -2  0    1   0   0   5   0   1   4   4  22   0   0   0   6   0  39   5   2   0   0   9  0.99 0.33
  299 T    0 -2 -2 -2 -3  2 -1 -3  5 -1 -1 -1 -2  0  1  0  3 -3 -1  0    8   0   0   0   0  10   0   0  23   1   4   1   0   4   8   3  29   0   0   8  0.49 0.26
  300 S    0 -2  1 -2 -3 -2 -2  0  2 -2 -2 -2  0 -2  2  3  2 -3  1 -1    4   0   7   0   0   0   0   7   7   0   2   0   4   0  10  27  21   0   6   5  0.38 0.21
  301 G    0 -2  1 -2 -3 -2 -2  4 -2  0 -1 -2  1 -3  0  1  0 -3 -3 -1    6   0  10   0   0   0   0  37   0   8   6   0   6   0   3  13   5   0   0   3  0.40 0.17
  302 I   -2 -3  0 -3 -2 -2 -3 -3 -1  3  2 -3  2  1 -1  0 -1 -2  2  1    1   0   4   0   0   0   0   1   1  32  19   0   6   6   2  12   0   0   9   4  0.32 0.18
  303 P    1 -2 -1  0 -3 -2 -2 -2 -3 -1 -3  0 -3 -4  6  1  0 -5 -4 -3   10   0   1   5   0   0   0   2   0   6   0   5   0   0  50  14   4   0   0   0  1.17 0.32
  304 H   -3 -2 -2 -3 -5  2  0 -4  8 -2 -4  0 -3 -3 -4  0 -1 -4  2 -4    0   0   0   0   0   8   3   0  64   3   0   5   0   0   0   7   4   0   5   0  1.56 0.51
  305 P   -1 -3  1  0 -4  0 -2 -1  2 -1 -4 -2 -3 -4  6  0 -1 -5 -4 -3    3   0   8   5   0   5   0   4   6   5   0   0   0   0  54   5   4   0   0   0  1.28 0.36
  306 A    3 -1  0  0  1 -2 -2 -1  1 -2 -2 -2 -2 -2 -2  1  0 -3  2  0   46   3   3   5   4   0   0   3   5   0   2   0   0   0   0   8   5   0   9   8  0.38 0.23
  307 I   -1 -1 -4 -5  2 -3 -4 -1 -4  4  1 -3  4 -2 -4 -2 -2 -4 -3  1    2   5   0   0   5   0   0   6   0  45  14   0  15   0   0   3   0   0   0   5  0.58 0.28
  308 V    1 -3  1 -3 -3  0 -3  0  0  0 -1 -3  0 -2 -1  0 -1 -3  0  4   12   0   7   0   0   4   0   7   2   2   4   0   3   0   3   6   1   0   5  45  0.33 0.25
  309 S    0 -2  0 -2 -3  1 -1  0  2 -1  0  0 -1 -3  3  3  1 -4 -2 -2    2   0   3   0   0  10   0   6   6   5  12   4   0   0  14  29   9   0   0   0  0.34 0.21
  310 P    0 -2  1  1 -3  0  0 -2  0 -3 -3 -2  1 -4  5  1  0 -4 -3 -2    5   0   6   7   0   4   4   3   3   0   0   0   5   0  39  14   6   0   0   3  0.82 0.28
  311 I    0 -2 -1  0 -2  0 -2  1  0  1  0 -2 -1 -2 -2  1  2 -3 -2  0    6   0   2   4   0   4   1  16   3  16   6   0   0   0   0  14  20   0   0   7  0.20 0.14
  312 V    0 -2 -2 -3  1 -2 -2  0  1  1 -1 -2 -1 -2  2  2  1 -4 -2  1    7   0   0   0   4   0   0   9   5  14   3   0   0   0  11  20  10   0   0  14  0.26 0.16
  313 K    0 -1  0  0 -3  1  0  0 -2 -2 -1  3  1 -2  1  0  0 -3  0 -2    7   0   5   4   0   5   4   6   0   0   7  30   6   0   8   7   4   0   4   0  0.27 0.17
  314 Q   -2  0  2 -2 -4  3  0 -1  2  0 -3  0  0 -3  1  1  0 -3  1 -2    0   4  15   0   0  20   5   4   7   8   0   4   4   0   8  10   5   0   7   0  0.34 0.20
  315 E   -2 -2  2  2 -5  2  3 -3  2 -4 -1  0 -2 -4  2  0 -2 -5 -3 -3    0   0   9  15   0  13  24   0   7   0   8   6   0   0  11   7   0   0   0   0  0.56 0.24
  316 P   -2  0  1 -3  1 -2 -3 -1  3 -1  0  0  2 -1  5  0 -1 -4 -3 -2    0   4   8   0   3   0   0   4   8   4   9   5   6   3  33   6   3   0   0   2  0.65 0.37
  317 A    1 -1  1  0 -3  1 -1  1  2 -1 -2 -2  0 -3  0  2  1 -3  0 -1    9   3   9   4   0   7   3  10   8   3   3   0   3   0   5  18   8   0   4   5  0.20 0.19
  318 A    1 -2 -1  0 -1  2 -1  0  3  0 -2 -2 -2 -1  1  1  0 -4  0 -1   10   0   2   6   2  12   2   8  11   8   3   0   0   3   7  15   5   0   3   5  0.20 0.22
  319 P   -1  1  1  1 -3  1  0 -1  1 -3 -3 -2  0 -1  3  2  1 -3  1 -1    2   7   8   7   0   6   5   3   4   0   1   0   2   3  16  17   8   0   5   4  0.32 0.25
  320 S    0 -3  3  2  0  0 -1 -1  2 -4 -2 -1 -3 -1 -3  3  0 -4 -1 -4    6   0  16  14   3   5   3   3   6   0   3   3   0   3   0  27   5   0   2   0  0.47 0.36
  321 L   -1  2  1  0 -3  2 -1 -2  1  0  1 -1  1 -2  0 -1 -1  2  0  0    4  12   8   6   0  10   2   2   3   4  16   2   4   0   3   4   4   3   3   9  0.12 0.15
  322 S    0  0  2  1 -3  1  1  0  2 -3 -1  0  1 -3 -3  2  0 -4  0 -1    5   3  11   9   0   6   9   7   6   0   4   3   5   0   0  20   4   0   3   4  0.23 0.21
  323 P    0  0  1  0  2  1  0  0  2  0 -1  0  1 -3  1  0  0 -3 -2 -2    6   6   6   6   6   6   6   6   6   6   6   6   6   0   6   6   6   0   0   0  0.10 0.11
  324 A    0 -1  1  1  0  0 -1  0  1 -1  0  0  0 -2  2  0  0 -3 -1 -2   10   2   7  10   3   4   0   7   3   4  13   6   4   0  10   8   6   0   3   0  0.12 0.14
  325 V   -1  0 -1 -1  0 -1  0  0  1  0  0  1  1 -2  0  0  1 -3 -1  1    3   6   2   2   2   2   4   8   4   6   9   8   6   0   4   6   8   0   2  17  0.06 0.11
  326 S   -1 -2  2 -1  2  1 -1  0  2 -1 -3  1  1 -3  0  2  0 -4  1 -1    3   0   9   3   5   7   3   6   5   3   1   9   4   0   5  22   6   0   5   3  0.24 0.25
  327 A    0  0  1  0  1  1  0  0  1 -2 -1  1  0  0  0  1  0 -3  0  0    9   3   7   5   3   7   3   8   3   0   6   8   3   4   5  12   4   0   3   6  0.07 0.09
  328 K    0  0  1  0 -3  1  0  0  2  0 -2  0  1 -2  1  0  0 -3  1  0    6   6   6   6   0   6   6   6   6   6   1   6   6   0   6   6   6   0   6   6  0.10 0.12
  329 S    0  0  1  1 -4  0  0 -1  3 -1 -1  0  0 -4  1  2  0 -5 -3 -1    5   4   8   7   0   4   5   5   8   5   4   6   3   0   8  19   4   0   0   5  0.21 0.21
  330 P   -1  0  1 -1 -4  1  0  0  2  0 -2  1  0 -1  4 -1  0 -4 -3 -1    4   3   6   3   0   9   4   7   5   5   4   9   3   3  21   4   5   0   0   3  0.32 0.25
  331 V    0  0  0  0  1  1  0 -1  1  0 -1  0  1  0  1  0 -1 -3  1  0    6   6   5   6   5   5   6   6   5   6   6   6   5   5   6   6   0   0   5   6  0.04 0.08
  332 T    0  1  0 -1 -3  2  2  0 -1 -1 -2  1 -1 -1  0  1  1 -3 -2 -2    6  10   4   1   0  10  13   5   0   4   3   8   0   3   4  16  12   0   0   1  0.22 0.07
  333 V    0  1 -1 -1 -1  1 -1 -1  0  1  0  0  0 -1  0  0  0 -3 -1  1    4   9   1   2   2   9   2   5   3   9   8   5   3   3   5   9   8   0   2  14  0.05 0.03
  334 K   -1  3  2  0 -1  1  0  0 -1 -3 -3  3 -2 -3  0  0  0 -4 -3 -2    2  22  12   3   2   5   5   5   1   0   1  28   0   0   4   3   4   0   0   2  0.45 0.12
  335 K    0  2  1  0 -3  2  1 -2  1 -3 -3  3 -1 -3  1  0 -1 -4 -3 -3    6  10   5   5   0  13  10   1   3   0   1  31   1   0   5   5   1   0   0   0  0.46 0.10
  336 E    0  1  1  1 -2  3  4 -2 -1 -3 -3  1 -2 -4  0  0  0 -4 -3 -3    5   5   7   9   1  15  35   2   0   0   1   6   0   0   4   3   5   0   0   0  0.53 0.12
  337 E   -1 -1  1  3 -4  2  3 -1  0 -3 -3  1 -2 -4  0  0 -1 -4 -2 -2    2   1   8  19   0  13  28   3   2   0   0   8   0   0   4   5   2   0   1   3  0.52 0.12
  338 E    0  1  0  2 -3  2  3 -2 -1 -3 -3  3 -1 -3 -1  1 -1 -4 -3 -2    6   6   3  10   0   7  24   1   0   0   1  25   1   0   2   9   2   0   0   3  0.45 0.10
  339 K   -1  2  2  1 -4  0  0  0 -1 -4 -3  4 -3 -4 -1  0 -1 -4 -3 -3    1   7  10   7   0   2   3   9   0   0   1  52   0   0   1   4   1   0   0   0  0.65 0.15
  340 K   -1  3 -1  0 -4  1  2 -2  0 -3 -3  4 -2 -3 -1 -1  1 -4 -3 -3    1  19   1   3   0   6  13   2   2   1   1  37   0   0   2   2   8   0   0   0  0.57 0.13
  341 P   -1 -1  0  0 -2  0  0 -2 -2 -3 -3 -1 -3 -2  6 -1 -1 -4 -3 -2    1   3   5   5   1   4   4   2   0   1   1   4   0   1  60   2   2   0   0   3  1.37 0.18
  342 H   -3  1 -1 -3 -5 -1 -2 -2  7 -3 -4  1 -3 -2 -3 -2 -1 -2  4 -3    0   8   0   0   0   0   0   2  57   1   0  12   0   0   0   0   4   0  16   1  1.25 0.24
  343 V   -2 -4 -4 -5 -3  0 -4 -5 -4  5  0 -4  0 -2 -4 -3 -2 -4 -3  3    1   0   0   0   0   5   0   0   0  72   0   0   0   0   0   0   0   0   0  22  1.03 0.22
  344 K   -2  3 -1 -2 -5  0 -1 -3 -2 -4 -4  6 -3 -5  0  0 -2 -5 -4 -4    0  13   0   0   0   0   0   0   0   0   0  78   0   0   3   5   0   0   0   0  1.30 0.25
  345 K   -2  5 -2 -3 -5  0 -1 -3 -2 -4 -4  5 -3 -5  0 -2 -2 -5 -4 -4    0  42   0   0   0   0   0   0   0   0   0  53   0   0   5   0   0   0   0   0  1.28 0.24
  346 P   -2 -4 -4 -4 -5 -3 -3 -5 -4 -5 -5 -3 -4 -6  8 -3 -3 -6 -5 -4    0   0   0   0   0   0   0   0   0   0   0   0   0   0 100   0   0   0   0   0  3.19 0.41
  347 L   -3  0 -2 -4 -3 -2 -4 -5 -3  0  3 -3  6 -2  2 -3 -2 -3 -3 -1    0   7   2   0   0   0   0   0   0   0  45   0  35   0  10   0   0   0   0   0  0.89 0.24
  348 N   -4 -3  7 -1 -5 -2 -2 -3 -2 -6 -6 -2 -4 -5 -4 -1 -2 -6 -4 -5    0   0 100   0   0   0   0   0   0   0   0   0   0   0   0   0   0   0   0   0  2.35 0.44
  349 A    6 -3 -4 -4 -3 -3 -3 -2 -4 -3 -4 -3 -3 -4 -2 -1 -2 -5 -4 -2  100   0   0   0   0   0   0   0   0   0   0   0   0   0   0   0   0   0   0   0  1.66 0.41
  350 F   -4 -5 -5 -6 -4 -5 -6 -6 -3 -1 -2 -5 -2  8 -6 -3 -4 -2  1 -3    0   0   0   0   0   0   0   0   0   2   0   0   0  94   0   2   0   0   2   0  2.28 0.47
  351 M   -4 -4 -5 -6 -4 -3 -5 -6 -5  2  0 -4  9 -3 -5 -4 -3 -4 -4 -1    0   0   0   0   0   0   0   0   0  13   3   0  84   0   0   0   0   0   0   0  2.32 0.56
  352 L   -3 -4 -5 -5  0 -4 -5 -5 -4  3  4 -4  0 -1 -4 -4 -2  3 -3  2    0   0   0   0   2   0   0   0   0  20  56   0   0   0   0   0   0   5   0  18  0.91 0.25
  353 Y   -4 -5 -5 -6 -5 -5 -5 -6 -2 -3 -2 -5 -3  6 -6 -4 -4  6  6 -3    0   0   0   0   0   0   0   0   0   0   0   0   0  50   0   0   0  16  34   0  2.00 0.42
  354 M    1  3 -3 -4 -3 -2 -3 -3 -3 -1  0 -2  6 -3 -3  2 -2 -4 -3 -2   16  18   0   0   0   0   0   0   0   1   5   0  43   0   0  17   0   0   0   0  0.89 0.33
  355 K   -3  2 -1 -3 -5  1 -1 -4 -2 -5 -4  6  0 -5 -3  0 -2 -5 -4 -4    0   9   2   0   0   6   0   0   0   0   0  75   3   0   0   5   0   0   0   0  1.41 0.38
  356 E   -1  2 -1  3 -5  0  4 -3  3 -2 -3  1 -3 -4 -3 -2 -2 -5 -3 -3    5  11   0  18   0   0  46   0   8   3   2   6   0   0   0   0   1   0   0   0  0.83 0.25
  357 M   -2 -2  2 -2 -4  2  2 -3  4 -1 -1 -1  4  1 -3 -2 -2 -3  2 -2    0   0  10   0   0  11  17   0  18   2   1   2  21   5   0   0   1   0   8   1  0.56 0.22
  358 R   -3  7 -2 -3 -5  2 -2 -4 -2 -4 -4  0 -3 -4 -4 -3 -3 -4 -4 -1    1  80   0   0   0   9   1   1   0   0   1   0   0   0   0   1   0   0   0   5  1.77 0.54
  359 A    2  2  0 -2 -3  1  0 -1  0 -4 -3  1 -3 -4  4  0 -1 -4 -3 -3   24  14   5   0   0   5   5   2   2   0   0   7   0   0  24   7   2   0   0   0  0.60 0.26
  360 K   -1  0  0 -2 -3  0  1 -3 -2 -1  0  4  0 -1 -2  0  0 -3  0 -1    4   3   4   0   0   3   9   0   0   4  11  37   3   2   0   6   6   0   3   4  0.34 0.22
  361 V    0 -4 -4 -4 -3 -3 -3 -4 -4  3  0 -3  1 -2 -3 -1 -2 -4 -3  5    9   0   0   0   0   0   0   0   0  20   7   0   3   0   0   6   0   0   0  53  0.80 0.36
  362 V    0  1 -2 -1  1  0 -2 -3  4  1  1  0  1 -2 -3 -2 -1  1 -2  2    7   9   0   4   4   4   0   0  15   8  13   4   4   0   0   0   3   2   0  20  0.22 0.19
  363 A    2  0  0  0 -3  2  1 -1 -2 -3 -1  1 -2 -3  1  1  0 -4 -3 -2   25   4   3   3   0  13  11   4   0   0   6  12   0   0   7   7   3   0   0   0  0.31 0.21
  364 E    0  0 -2  0 -3  1  4 -3  0  0 -1  0  0 -3 -2  0  0 -3 -1 -1    7   4   0   3   0   6  41   1   2   5   7   5   3   0   0   5   4   0   3   4  0.43 0.26
  365 C   -2 -3  1 -3  6 -1 -1 -2  3  0  1 -2 -1  0 -3 -1 -2  0  0 -1    2   0   8   0  29   3   4   3   8   6  20   1   0   3   0   4   0   1   3   3  0.53 0.28
  366 T   -1  0  1 -1 -3  0 -1  1  0 -3 -3  1 -3 -4  4  0  3 -4 -3 -1    3   4   8   3   0   3   3  11   2   0   1   7   0   0  26   3  22   0   0   3  0.58 0.27
  367 L   -2 -1  2  2  0  0  0 -1 -1  0  1 -1  0  0 -2  0 -1  1  1 -1    1   4  14  12   2   3   7   3   1   7  20   2   1   3   1   6   2   2   6   4  0.11 0.11
  368 K    0  0  1  1  0  1  0 -2 -1 -2 -1  2  2 -2  0  1  1 -3 -2 -2    5   4   6   8   3   9   3   1   0   1   3  19  12   0   3  10  10   0   0   1  0.22 0.12
  369 E   -1  0  2  2 -4  2  2  0  4 -4 -3 -1 -3 -3 -2  0 -1 -3 -2 -3    4   6  13  15   0   9  21   7  16   0   1   1   0   0   0   4   1   0   0   1  0.50 0.17
  370 S    0 -2  4 -1 -3 -1 -1 -2  3  0 -3 -1 -2 -3 -2  3  1 -4 -2 -2    7   0  29   0   0   0   1   1   8  10   1   1   0   0   0  34   5   0   0   1  0.56 0.24
  371 A    3  1 -1 -2 -2  1 -1  1 -2 -2 -1 -1 -2 -3  0  2  1 -3 -2 -1   37   9   1   1   0   6   1   8   0   1   4   1   0   0   4  16   6   0   0   4  0.32 0.13
  372 A    2 -2  2 -1 -2  0  2 -2 -1 -1  0 -1  1 -2 -2  0  1 -3 -2  1   27   1  13   1   0   4  15   1   0   1   9   1   5   0   1   2   7   0   0  13  0.21 0.11
  373 I   -1 -3 -3 -4 -2 -3 -3 -4 -3  4  1 -3  2 -1 -3 -2 -1 -3 -2  3    4   1   1   1   0   0   1   1   0  44   7   1   5   0   1   1   1   0   0  32  0.64 0.19
  374 N   -1 -2  5 -1 -3 -1 -1 -2 -1 -1 -3 -1 -3 -3 -2  3  0 -4 -3 -3    1   1  52   1   0   0   1   1   0   4   1   1   0   0   1  30   5   0   0   1  0.93 0.27
  375 Q    1  2 -1 -2 -3  3  0 -2  1 -2 -2  3  1 -3 -2 -1  1 -3 -2 -2   14   9   1   1   0  18   1   1   4   1   1  33   4   0   1   1   8   0   0   2  0.46 0.16
  376 I   -1 -2 -3 -2 -2 -1  1 -3 -1  4  0 -2  0  0 -3 -2 -1 -3  0  2    3   1   1   1   0   1  14   1   2  44   2   2   2   5   1   1   1   0   3  16  0.37 0.16
  377 L   -2 -3 -3 -4  2 -3 -3 -4 -3  2  4 -3  1 -1 -3 -3 -2 -3 -2  1    1   1   1   1   6   1   1   1   0   8  64   1   3   0   1   1   1   0   0  10  0.64 0.18
  378 G    1 -3 -2 -2 -3 -2 -2  5 -3 -3 -3 -2 -3 -3 -3  0 -2 -3 -3 -1    9   1   1   1   0   1   1  71   0   1   1   1   0   0   1   5   1   0   0   6  1.07 0.22
  379 R    0  2  1  0  2  2  2 -1 -1 -2 -1  1 -2 -3 -2  0 -1 -3 -3 -1    5  13   8   5   6  10  17   5   0   0   7  10   0   0   0   9   0   0   0   4  0.24 0.15
  380 K    0  1  1 -2 -3  1  1  0 -2 -2  0  1  2 -2 -3  0  1  4 -2  0    8   8   8   0   0   8   8   8   0   0   8   8   8   0   0   8   8   8   0   8  0.18 0.15
  381 W   -1  2 -2 -3 -3 -1 -2  2 -2 -1 -2 -1 -1 -2 -3 -2 -2  6 -1  1    0  25   0   0   0   0   0  25   0   0   0   0   0   0   0   0   0  25   0  25  0.56 0.04
  382 H   -1  3  1  2 -4  1 -1 -3  4 -4 -4  1 -3 -3  0  0  0 -3  1 -3    5  20   5  17   0   5   0   0  18   0   0   7   0   0   5   9   5   0   6   0  0.49 0.14
  383 N    1 -1  1  2 -3  0  0 -1  2 -3 -1  1  0 -3 -2  2  0 -4 -2 -2   15   0   8  15   0   3   5   3   9   0   6  10   3   0   0  19   3   0   0   0  0.29 0.13
  384 L    0 -3 -4 -4  3 -2  0 -4 -4  0  4 -3  3 -1 -4 -2  0 -3 -3 -1    8   0   0   0  10   0   9   0   0   0  56   0  12   0   0   0   5   0   0   0  0.65 0.20
  385 S    0 -2  0  0 -3 -1  0 -1 -2 -3 -2  0 -3 -4  2  4  1 -5 -3 -3    3   0   4   5   0   0   4   4   0   0   3   4   0   0  12  54   8   0   0   0  0.66 0.21
  386 R   -1  3  2  0 -4  2  1 -3  1 -2 -4  1 -3 -4  2  0  0 -5 -3 -1    3  19  13   5   0  10   9   0   4   2   0   7   0   0  12   6   6   0   0   4  0.45 0.18
  387 E    0 -1 -1  2 -5  0  5 -2 -2 -2 -2  0 -3 -4  0  0 -1 -5 -4 -2    6   1   1  14   0   3  48   2   0   2   4   3   0   0   4   7   3   0   0   2  0.72 0.28
  388 E   -2 -2 -1  1 -6  3  5 -4 -2 -1 -4  1  0 -5 -4 -2 -3 -5 -5 -1    2   0   2   5   0  13  62   0   0   3   0   6   3   0   0   0   0   0   0   4  1.20 0.40
  389 Q   -3  3 -2 -3 -6  5 -1 -4 -2 -5 -5  5 -3 -5 -4 -3 -3  3 -4 -5    0  13   0   0   0  32   0   0   0   0   0  51   0   0   0   0   0   5   0   0  1.50 0.48
  390 A    3  0  0 -1 -3  4  0 -2  0 -3 -2  0 -1 -4 -3  1 -1 -4 -3 -2   35   4   5   3   0  25   5   1   2   0   2   5   1   0   0   8   2   0   0   2  0.53 0.25
  391 K   -3  2 -3 -3 -5  1  0 -4 -3 -2 -4  5 -3 -4  4 -3 -3 -5 -1  0    0  11   0   0   0   8   3   0   0   3   0  45   0   0  20   0   0   0   2   7  0.99 0.35
  392 Y   -4 -5 -5 -6 -5 -4 -5 -6 -1 -4 -3 -5 -4  3 -6 -4 -4  4  8 -4    0   0   0   0   0   0   0   0   0   0   0   0   0  13   0   0   0   7  79   0  2.45 0.54
  393 Y   -3 -2  0 -4 -4  0 -3 -4  4  0 -3 -1 -2  3 -4 -1 -3 -1  6 -1    0   1   5   0   0   6   0   0  12   6   0   4   0  14   0   4   0   0  45   3  1.00 0.31
  394 E   -1  0  0  3 -5  1  5 -3  0 -2 -3  0 -3 -5 -3 -2 -2 -5 -4 -4    4   6   2  19   0   5  53   0   2   3   2   4   0   0   0   0   0   0   0   0  0.95 0.29
  395 L   -2 -2 -3 -2 -4  1  3 -4 -3 -1  3  1  3 -2 -3 -2 -2  1 -3 -2    2   0   0   0   0   4  29   0   0   2  39   8  12   0   0   1   0   2   0   0  0.60 0.25
  396 A    5 -3 -3 -4 -3  2 -2 -2 -3 -4 -4 -2 -3 -4 -3  0 -2 -5 -4 -3   84   0   0   0   0  12   0   0   0   0   0   0   0   0   0   4   0   0   0   0  1.40 0.43
  397 R   -1  4 -1  0 -2  1  2 -3  1 -4 -4  2 -3 -3 -3  2 -1 -4 -3 -3    3  31   2   5   1   6  15   0   4   0   0  13   0   1   0  17   3   0   0   0  0.62 0.21
  398 K   -2  3 -1 -2 -4  2  1 -3 -1 -1  0  3 -1 -4 -3  0  0 -4 -3 -2    1  23   1   0   0  12  11   0   1   3  10  29   1   0   0   4   4   0   0   1  0.57 0.21
  399 E   -2 -3 -3  0 -4  0  5 -4 -2 -2  2 -2  0 -3 -3 -2 -2 -4 -2  1    1   0   0   3   0   3  53   0   0   0  25   0   2   0   0   2   0   0   1  11  0.79 0.29
  400 R   -2  5 -2 -3  0  1 -2 -4 -2 -5 -4  4 -3 -5 -3  1 -2 -5 -4 -4    0  45   0   0   3   4   0   0   0   0   0  36   0   0   0  13   0   0   0   0  1.21 0.35
  401 Q   -1  2 -2  1 -2  4  3 -3  0 -1 -1  2 -2 -2 -3 -2 -2 -4 -3 -2    4   9   0   6   1  26  22   0   2   4   5  16   0   1   0   0   1   0   0   2  0.56 0.21
  402 L    1  0  0 -2 -3  0  0 -3 -3  0  3 -1  0 -2 -1 -2 -2 -4 -3  0   13   5   5   1   0   4   7   0   0   3  50   3   0   0   2   1   1   0   0   5  0.34 0.17
  403 H   -4 -3 -2 -4 -7 -2 -3 -5  9 -6 -5 -3 -5 -1 -5 -4 -4 -5  0 -6    0   0   0   0   0   0   0   0  95   0   0   0   0   3   0   0   0   0   2   0  3.18 0.66
  404 A    0 -1 -2 -3 -4  3  0 -4 -1 -1  0  2  5  2 -3 -1 -2 -3 -1 -1    7   1   1   0   0  17   7   0   1   2   5  14  28  12   0   4   1   0   1   1  0.53 0.26
  405 Q   -2  2 -2 -1 -5  5  3 -4  0 -3 -3  2 -1 -5 -3 -2 -2 -5 -4 -2    1  10   0   1   0  40  25   0   1   1   2  15   1   0   0   1   1   0   0   2  0.99 0.33
  406 L    0  1 -1 -2 -4  3  0 -3 -2 -2  2  3  2 -3 -3 -1 -2 -4 -3 -2   10   6   2   1   0  17   4   0   0   0  29  22   7   0   0   1   0   0   0   0  0.43 0.20
  407 Y   -4 -3  0 -4 -5 -1 -4 -5  6 -4 -4 -4 -4  2 -5 -4 -4 -1  7 -4    0   0   5   0   0   2   0   0  29   0   0   0   0   9   0   0   0   0  55   0  1.89 0.45
  408 P   -3 -5 -5 -4 -6 -4 -4 -5 -5 -6 -6 -4 -5 -6  8 -1 -4 -7 -6 -5    0   0   0   0   0   0   0   0   0   0   0   0   0   0  96   4   0   0   0   0  3.18 0.59
  409 T   -1 -3  2  4 -2  0  1  4 -1 -5 -5 -2 -4 -5 -3 -1  0  1 -4 -4    3   0  10  27   1   3  11  37   1   0   0   0   0   0   0   1   5   2   0   0  0.78 0.22
  410 W   -5 -5 -6 -7 -6 -5 -6 -6 -3 -5 -4 -6 -4 -1 -7 -5 -5 10  5 -5    0   0   0   0   0   0   0   0   0   0   0   0   0   0   0   0   0  70  30   0  3.51 0.62
  411 S   -1  2  0 -2 -1 -1 -2 -2 -2 -3 -2  2 -2 -3 -2  4  1 -4 -3 -1    0  13   3   0   2   0   0   0   0   0   3  13   0   0   0  52   8   0   0   4  0.66 0.23
  412 A    3 -2  0 -2  0 -2 -1 -1 -1 -2 -2 -2 -1  0  1  1  0  0  4 -2   41   0   4   2   3   0   2   3   0   0   2   0   1   3   5   8   5   1  19   0  0.43 0.17
  413 R   -1  6  0 -2 -1 -1 -2 -2 -2 -4 -3  2 -3 -4 -3 -2  0 -4 -3 -3    3  66   4   1   2   0   0   3   0   0   2  10   0   0   0   1   6   0   0   0  1.16 0.29
  414 D   -2  0  1  5 -1  1  2 -3 -2 -3 -4 -1 -3 -3  2 -1 -1 -4 -1 -3    2   5   4  46   2   5  13   1   0   2   1   1   0   0  12   1   2   0   3   1  0.77 0.19
  415 N   -2  0  6 -1 -4  0 -2 -2  0 -3 -4  1 -3 -4 -3  0 -2 -5 -4 -4    2   5  70   0   0   4   0   0   2   2   0   9   0   0   0   4   0   0   0   0  1.34 0.34
  416 Y   -2 -3 -3 -2 -4 -3 -4 -4 -1 -3 -2 -1 -3  0 -2 -2 -1  4  7 -1    2   0   0   2   0   1   0   0   0   0   2   3   0   0   2   2   4   8  68   5  1.46 0.35
  417 G    1  1  0 -1  3 -2 -2  4 -2 -4 -4 -1 -3 -4  0 -1 -1 -4 -4 -3   16  11   3   4  10   1   0  42   0   0   0   1   0   0   4   2   3   0   0   0  0.59 0.16
  418 K   -1  2  1 -2 -2  1 -1 -1 -1 -2 -3  4 -2 -3 -3  1  0 -4 -1 -3    1  14   7   0   1   5   0   4   0   3   0  46   0   0   0  12   4   0   3   0  0.58 0.18
  419 K   -1  2  2 -2 -4  0 -1  0  1 -4 -4  5 -1 -4  0 -1 -1 -5 -3 -3    3  10  12   0   0   3   0   5   5   0   0  53   2   0   4   2   1   0   0   1  0.73 0.21
  420 K   -1  3 -1  2 -4  0  0 -1 -2 -3 -3  4 -1 -4 -1  0 -2 -5 -3 -2    5  17   0  12   0   0   4   3   0   1   2  46   1   0   1   8   0   0   0   2  0.62 0.18
  421 K    0  4 -2 -2 -4  0 -1 -3 -2 -3 -2  5  0 -4  0  0 -1 -4 -2 -3    6  26   0   0   0   0   0   0   0   0   2  51   2   0   4   5   3   0   2   0  0.84 0.23
  422 R   -2  6 -1 -3 -5  0 -2 -2 -2 -3 -4  2 -3 -4 -3 -1 -2  1 -3 -2    0  70   2   0   0   2   0   2   0   1   0  14   0   0   0   3   1   3   0   3  1.22 0.28
  423 K    0  2 -1 -2 -3  0  0 -3 -2  0 -2  4  0 -3 -2  1  0 -4 -3  0    4  11   0   0   0   2   4   0   0   7   0  46   4   0   1   9   5   0   0   7  0.49 0.17
  424 R   -1  5  1 -2 -4  1  1 -3 -1 -1 -3  2 -2 -4 -3  1 -1 -4 -3 -2    2  48   6   0   0   3   9   0   0   7   1  14   0   0   0   9   0   0   0   0  0.69 0.17
  425 E   -1  1  2  2 -4  1  3 -2 -1 -3 -2  2 -1 -4 -2  0 -1 -4 -3 -3    3   9  15  15   0   4  26   2   0   0   3  15   2   0   0   4   0   0   0   1  0.48 0.11
  426 K   -1  3  1  1 -3  2  0 -2 -1 -3 -2  3 -2 -3  1  0  0 -3  0 -3    2  19   5   8   1  10   0   1   0   0   4  31   0   0   6   3   4   0   5   0  0.44 0.12
  427 Q    0  2  0  0 -3  3  0 -2  2 -2 -2  2 -2 -3 -2  1  1 -3 -2 -2    5  12   4   4   0  17   4   0   6   3   2  18   0   0   0  14  10   0   0   0  0.35 0.09
  428 L    0 -1 -1  0 -2  1 -1  0  0  0  1 -1  1  0  2  0  0 -3 -2  0    8   0   0   6   0   8   2   8   3   2  23   3   7   4  11   4   6   0   0   4  0.12 0.04
  429 S    1 -1  1  1 -2  0  1 -1 -1 -2 -1  1 -2 -3  1  3  0 -4 -3 -1    8   1   5   7   0   3   9   3   0   0   6  12   0   0   6  33   2   0   0   5  0.27 0.08
  430 Q    0 -1  2  1 -3  2  1  1 -1 -2 -2  1  1 -3  1  1  0 -3 -3 -2    8   0  11  10   0  14   6   9   0   0   0   9  10   0   7   9   4   0   0   0  0.26 0.07
  431 T    2  1  0  1  1 -1  0  0 -2 -2 -2  1 -2 -3  0  1  2 -4 -3 -2   22  10   4  11   4   0   2   4   0   0   2   8   0   0   4   6  25   0   0   0  0.28 0.09
  432 Q    0  1  1  0 -3  4  1  1 -1 -3 -3  0 -2 -3  0  0  0  1 -3 -3    9  10   7   2   0  30  10  10   0   0   0   3   0   0   3   4   7   3   0   0  0.41 0.11
  433 S    1  1  2  0  0 -1  1  1  1 -3 -3  0 -2 -3  1  2  0 -3  0 -2   10  10  12   4   3   0   9  11   4   0   0   2   0   0   5  22   5   0   4   0  0.27 0.07
  434 Q   -1  2  0  0 -3  2  1  1  0 -2  0  1  0 -3  1  1  0 -3 -3 -2    1  15   3   3   0  16   7  11   1   0  15   5   2   0   8  10   3   0   0   0  0.23 0.07
  435 Q    0  1  2  0 -3  2  1  0 -1 -2 -1  0  1  0  0  1  0 -3  1 -1    7   6  11   4   0  10   8   5   0   0   4   5   5   5   4   9   4   0   7   4  0.13 0.11
  436 Q    0  1  1 -2 -4  2  2  1 -2 -4 -4  2 -3 -4  1  1  1 -4 -3 -3    6   7   6   0   0   9  14  11   0   0   1  15   0   0   8  13   7   0   0   0  0.39 0.22
  437 I   -1 -2 -1 -3  2  0 -2 -3 -2  1  1  2  3  1  2 -2 -2 -3  0  0    5   0   4   0   7   3   0   1   0  10  11  15  11   8  12   1   0   0   4   7  0.24 0.18
  438 Q   -1  1  0  0  3  4  0 -3  1 -1 -3  2 -2 -3  0  0 -1 -4 -3 -1    5   6   3   5   9  27   3   1   3   4   1  13   0   0   5   7   3   0   0   5  0.40 0.25
  439 E    0  2  1  0 -4  3  3 -3  2 -4 -3  2 -2 -3 -2 -1 -2  3 -2 -3    6   9   6   3   0  19  25   1   7   1   1  11   0   0   1   4   1   5   0   1  0.59 0.28
  440 A    3 -3  0 -1  4 -2  0 -2 -3 -2 -2 -2 -2 -3  0  1  2 -4 -3 -1   40   0   4   4  10   0   5   1   0   0   4   0   0   0   4  11  13   0   0   3  0.49 0.28
  441 E    1  2  1  2 -3  3  2 -1 -1 -3 -3  0 -2 -4 -2  0 -2 -4 -3 -1   13  17   6  10   0  19  17   4   0   0   1   0   0   0   0   5   0   0   0   6  0.45 0.24
  442 G    1 -2  1  1 -3  0  0  1  2 -3 -1 -2 -2  1 -2  1 -1  4  1 -2   12   0   8  11   0   4   5  12   8   0   5   0   0   7   0  12   0   8   5   0  0.24 0.15
  443 A    2  0  0  0  2 -1 -2  1 -2  0 -1 -1 -1 -2  0  0  1 -3 -3  0   21   6   5   6   8   0   1  12   0   6   6   1   0   0   5   6   8   0   0   8  0.13 0.11
  444 L    0  0 -3 -3 -3 -2 -2 -1 -2  1  2  0  2  3 -3 -1 -2 -2 -1 -1   10   5   0   0   0   0   0   5   0   8  28   8   6  22   0   4   0   0   0   0  0.26 0.17
  445 A    2 -2 -1  1 -3 -2  0  1  0 -3 -3 -2 -3 -3  4  2 -1 -3  0 -3   20   0   0  10   0   0   4  11   2   0   1   0   0   0  25  20   0   0   5   0  0.58 0.19
  446 S    1 -2  1 -2  2  0 -1  0  2 -1 -1 -1 -2  1  1  2 -1 -3 -1  0   10   0   6   0   8   5   0   5  10   2   3   2   0   8   7  26   0   0   0   7  0.21 0.12
  447 K   -1  3 -1  0 -3  2  0  0 -2 -2  0  1  2 -3 -3  0  1 -4 -3  0    0  20   0   6   0  13   5   9   0   0   9  10   8   0   0   4   8   0   0   6  0.26 0.13
  448 S    2  1  1 -2 -3 -2 -2  0 -2 -2 -1 -1 -2 -3  0  2  3 -4 -3 -2   17   8   6   0   0   0   0   7   0   0   7   0   0   0   4  22  29   0   0   0  0.42 0.19
  449 K   -2  2 -1  1 -5  2  1 -3  3 -4 -4  5 -3 -4 -3 -2 -2 -5 -3 -4    0  13   0   8   0  11   9   0   9   0   0  49   0   0   0   0   0   0   0   0  0.94 0.30
  450 K    0  1 -2 -2 -4  1  1 -3 -2 -3 -3  4  2 -4  1  0 -2  2 -3 -3    9   6   0   0   0   6   7   0   0   0   0  42   9   0   8   8   0   3   0   0  0.59 0.24
  451 P   -1  1 -1 -2 -3  2 -1 -3  4 -3 -3  1 -2 -2  4  0 -2 -3  0 -3    1  10   1   1   0  14   1   1  18   1   1  12   0   0  29   5   1   0   4   1  0.75 0.17
  452 C   -1  0 -2 -3  7 -2 -3 -3 -3 -1  0 -2 -1 -2 -3 -1  2 -3 -3 -1    1   8   1   1  52   1   1   1   0   1  10   1   0   0   1   1  21   0   0   1  0.89 0.17
  453 I   -1 -1 -3 -3 -2 -2  0 -4 -3  3  1 -2  3 -2 -3 -2 -1 -3 -2  4    0   5   0   0   0   0   7   0   0  17   7   0  12   0   0   0   0   0   0  52  0.52 0.15
  454 Q   -1  2 -1 -1 -3  3  1 -2  2 -3 -3  2 -2 -2  0  2 -1  2  1 -3    0  15   0   0   0  22   8   0   5   0   0  13   0   0   3  24   0   3   6   0  0.47 0.11
  455 Y    1 -2 -2 -3  2 -2 -2 -3  4 -2 -2 -2 -2  1  1 -2 -2  0  5 -1   14   0   0   0   7   0   0   0  20   0   0   0   0   2   9   0   0   0  42   7  0.73 0.16
  456 L   -2  2 -3 -4 -3 -2 -3 -1 -3  1  3 -1  2 -1  2 -2 -2 -3 -2  0    0  17   0   0   0   0   0   4   0   4  56   0   6   0  10   0   0   0   0   3  0.45 0.12
  457 P   -1  2 -1  0 -3  1  0 -3  3 -3 -3  0 -2 -3  4  0  2 -4 -2 -2    0  19   0   4   0   7   6   0  10   0   0   0   0   0  27   4  23   0   0   0  0.68 0.12
  458 P    1 -1 -1 -2 -3  1 -1  2  3 -2 -3  0 -2 -3  3  1  1 -4 -2 -2   10   0   0   0   0   7   0  21  14   2   0   8   0   0  17  11  11   0   0   0  0.44 0.08
  459 E    0  0 -1  0 -3  3  4 -2 -1 -3 -3  1 -2 -4 -2  1  1 -4 -3 -2    9   0   0   0   0  22  38   0   0   0   0   8   0   0   0  10  14   0   0   0  0.62 0.12
  460 K   -1  1  0  1 -3  2  0  2 -1 -3 -3  3 -2 -4 -2  1  1 -4 -3 -3    0   7   0   9   0  14   0  23   0   0   0  27   0   0   0  10  11   0   0   0  0.44 0.09
  461 P   -1  0 -2 -2  2  1  1 -3 -2 -2  0 -1  2 -2  4  1 -1 -3 -3 -2    0   6   0   0   8  11   9   0   0   0  14   0  11   0  25  17   0   0   0   0  0.46 0.09
  462 C    0 -2 -2 -3  6 -2 -2 -3  3  0 -2 -2 -2 -1 -3  2 -1 -2  2  0    9   0   0   0  31   0   0   0  11   8   0   0   0   0   0  21   0   0  11  10  0.46 0.12
  463 D   -1 -2  0  4 -3  2  0  0 -2 -1  0 -1 -1 -3  0 -1  1 -4 -3  0    2   0   0  38   0  14   0  10   0   0  10   0   0   0   4   0  11   0   0  11  0.37 0.10
  464 S    1  1 -1 -2 -2 -1 -1 -2  2 -2 -3 -1 -2 -3 -2  4  0 -4 -2  0   11  11   0   0   0   0   0   0   9   0   0   0   0   0   0  60   0   0   0  10  0.57 0.15
  465 P   -1  1 -2 -3 -4 -2 -2 -3  2 -3 -3 -2 -3 -4  6  0 -2 -5 -3  0    0   8   0   0   0   0   0   0   7   0   0   0   0   0  67   9   0   0   0  10  1.64 0.19
  466 A    2 -2 -1 -2 -2 -1  1 -2  3 -1 -2 -1 -2 -3  3  1  1 -4 -2  1   30   0   0   0   0   0   9   0  11   0   0   0   0   0  16  10  10   0   0  14  0.41 0.09
  467 S    0 -2 -1  1 -2 -1 -1 -2  2 -2  1 -2 -1 -2  0  4  0 -4 -2 -2    0   0   0   9   0   0   0   0   7   0  19   0   0   0   4  61   0   0   0   0  0.51 0.15
  468 S    0 -2  1 -1 -2 -1 -1 -1 -2  0  0 -1 -1 -2 -2  4  2 -3 -2 -1    1   0   9   1   0   0   1   1   0  11   8   1   0   0   0  54  12   0   0   1  0.43 0.11
  469 H   -1 -1  0  2 -2  0  0 -2  5 -2  0 -1 -1 -1 -2 -1  0 -1  3 -2    2   1   1  15   0   1   2   2  33   1  11   1   1   1   1   2  10   0  12   2  0.37 0.07
  470 G   -1 -1 -1  0 -3 -1 -1  3  4 -3 -2 -1 -2 -2  2 -1 -1 -2 -1 -2    2   1   1   7   0   1   2  39  20   1   2   1   1   1  14   2   1   0   1   2  0.53 0.06
  471 S    0 -1  0 -1 -2 -1 -1 -1  3 -2 -2 -1 -2 -2 -1  4  2 -3 -1 -2    1   1   1   1   0   1   1   1  13   1   1   1   0   1   1  55  19   0   0   1  0.56 0.10
  472 T    1 -1 -1 -2 -2 -1 -1 -2  2 -1  1 -1  3  0 -2  0  2 -1  2 -1   13   1   1   1   0   1   1   1   9   1  11   1  17   1   1   1  27   0  13   1  0.22 0.05
  473 L    0 -3 -3 -4 -2 -2 -3 -3 -3  1  3 -3  1 -1  2 -2 -1 -3 -2  1   13   0   0   0   0   0   0   0   0   4  61   0   0   0  10   0   0   0   0  13  0.46 0.07
  474 D   -1 -2  0  4 -3 -1  0  3 -2 -4 -4 -1 -3 -3 -2  1 -1 -4 -3 -3    1   0   0  49   0   0   1  31   0   0   1   1   0   0   0  13   1   0   0   1  0.75 0.08
  475 S    2 -2  0 -1  2 -1 -1 -1 -2 -3 -3 -1 -2 -3 -2  4  2 -4 -3 -2   13   0   0   0   7   0   0   0   0   0   0   0   0   0   0  70  10   0   0   0  0.70 0.11
  476 P    1 -2 -2 -2 -3  3 -1 -3 -2 -4 -3 -1 -2 -4  6 -1 -2 -4 -4 -3   13   0   0   0   0  22   0   0   0   0   0   0   0   0  66   0   0   0   0   0  1.69 0.13
  477 A    3 -2 -2 -2 -2 -2 -2  3 -2 -3 -3 -2 -2 -3  3  0 -1 -4 -3 -2   54   0   0   0   0   0   0  32   0   0   0   0   0   0  14   0   0   0   0   0  0.72 0.09
  478 T    0 -2  0 -1 -2 -1 -1 -2 -2 -2 -3 -1 -2 -3  0  4  4 -4 -3 -2    0   0   0   0   0   0   0   0   0   0   0   0   0   0   4  51  45   0   0   0  0.76 0.11
  479 P   -1 -3 -3 -3 -4 -2 -2 -3 -3 -4 -4 -2 -3 -4  7  0 -2 -5 -4 -3    0   0   0   0   0   0   0   0   0   0   0   0   0   0  90  10   0   0   0   0  2.48 0.17
  480 S    2 -2 -1 -2 -2 -1 -1 -1 -2 -2 -2 -1 -2 -3  4  3  2 -4 -3 -1   28   0   0   0   0   0   0   0   0   0   4   0   0   0  23  32  14   0   0   0  0.65 0.07
  481 A    2 -1  1  0 -2 -1 -1 -1 -1 -1 -1 -1  2 -2 -1  2  2 -3 -2 -1   29   1   6   6   0   0   1   1   0   1   1   1  14   0   1  23  16   0   0   1  0.29 0.05
  482 A    3 -2 -1 -2 -2 -1 -1  2 -2 -2 -1 -1  1 -3 -2  3  0 -3 -3 -1   42   0   0   0   0   0   0  13   0   0   5   0   7   0   0  33   0   0   0   0  0.44 0.07
  483 L   -2 -3 -4 -5 -2 -3 -4 -5 -4  1  5 -3  2  0 -4 -3 -2 -3 -2  0    0   0   0   0   0   0   0   0   0   0 100   0   0   0   0   0   0   0   0   0  0.93 0.12
  484 A    3 -2 -1  1 -2 -1 -1  2 -2 -3 -3 -1 -2 -3 -1  1  0 -4 -3 -1   57   0   0  10   0   0   0  21   0   0   0   0   0   0   0  12   0   0   0   0  0.53 0.06
  485 S    0 -2  0 -1 -2 -1 -1  1 -2  1 -2 -1 -2 -3 -2  4  1 -4 -3 -1    0   0   0   0   0   0   0  12   0  15   0   0   0   0   0  74   0   0   0   0  0.58 0.09
  486 P   -1 -3 -3 -3 -4 -2 -2 -3 -3 -4 -4 -2 -3 -4  7 -2 -2 -5 -4 -3    0   0   0   0   0   0   0   0   0   0   0   0   0   0 100   0   0   0   0   0  2.84 0.15
  487 A    4 -2 -1 -2 -1 -1 -1 -1 -2 -2 -2 -1 -2 -3  1  2  0 -4 -3 -1   70   0   0   0   0   0   0   0   0   0   0   0   0   0   6  23   0   0   0   0  0.67 0.08
  488 A    3  2 -1 -2 -2 -1 -1  2  3 -3 -3  0 -2 -3 -2  0  1 -3 -2 -2   43  15   0   0   0   0   0  18  15   0   0   0   0   0   0   0  10   0   0   0  0.40 0.06
  489 P   -1 -2 -1  2 -4 -2 -1  1 -2 -4 -4 -2 -3 -4  6  1 -1 -5 -4 -3    0   0   0  15   0   0   0  12   0   0   0   0   0   0  58  15   0   0   0   0  1.41 0.09
  490 A    3 -2 -2 -2 -2 -1 -1  1 -2 -1 -1 -1  2 -2 -2  1  1 -3 -3 -1   55   0   0   0   0   0   0  12   0   0   0   0  15   0   0   9  10   0   0   0  0.42 0.06
  491 A    3 -1 -2 -2 -2 -1 -1 -1 -1 -2 -2  1 -2 -1  0  0  1 -2  2 -1   58   0   0   0   0   0   0   0   0   0   0  15   0   0   3   0  10   0  15   0  0.41 0.07
  492 T    0 -1 -1 -1 -2  2  0 -2 -1 -2 -2 -1 -1 -3  2  1  4 -3 -2 -1    0   0   0   0   0  21   0   0   0   0   0   0   0   0  11   8  60   0   0   0  0.63 0.05
  493 H   -2 -1  0 -2 -4  3  0 -3  7 -3 -3 -1 -2  0 -3 -1 -2 -1  4 -3    0   0   0   0   0  19   0   0  60   0   0   0   0   0   0   0   0   0  21   0  0.99 0.07
  494 S    0 -1  0 -1 -2 -1 -1  0 -2 -2 -2 -1 -2 -3 -2  4  3 -4 -2 -1    0   0   0   0   0   0   0   8   0   0   0   0   0   0   0  53  39   0   0   0  0.63 0.05
  495 E   -1 -1  3  1 -5  1  5 -2  0 -4 -4  0 -3 -4 -2 -1 -1 -4 -3 -3    0   0  21   0   0   0  79   0   0   0   0   0   0   0   0   0   0   0   0   0  1.01 0.07
  496 Q   -1  0 -1 -1 -4  6  1 -3  0 -4 -3  0 -1 -4  3 -1 -1 -3 -3 -3    0   0   0   0   0  79   0   0   0   0   0   0   0   0  21   0   0   0   0   0  1.13 0.08
  497 A    2 -2 -2 -2 -2 -2 -2  2 -2 -1  1 -2  0 -2 -2  0  2 -3 -2 -1   32   0   0   0   0   0   0  21   0   0  28   0   0   0   0   0  19   0   0   0  0.28 0.03
  498 Q   -1  1  0 -1 -4  6  1 -3  0 -3 -3  3 -1 -4 -2 -1 -1 -3 -2 -3    0   0   0   0   0  79   0   0   0   0   0  21   0   0   0   0   0   0   0   0  1.03 0.08
  499 P   -1 -3 -3 -3 -4 -2 -2 -3 -3 -4 -4 -2 -3 -4  7 -2 -2 -5 -4 -3    0   0   0   0   0   0   0   0   0   0   0   0   0   0 100   0   0   0   0   0  2.77 0.09
  500 L   -2 -3 -4 -5 -2 -3 -4 -4 -3  1  4 -3  2  0 -3 -3 -2 -2 -2  0    0   0   0   0   0   0   0   0   0   0 100   0   0   0   0   0   0   0   0   0  0.74 0.03
  501 S    1 -1  0 -1 -2 -1 -1 -1 -1 -3 -3 -1 -2 -3 -1  5  1 -4 -2 -2    0   0   0   0   0   0   0   0   0   0   0   0   0   0   0 100   0   0   0   0  0.84 0.04
  502 L   -2 -3 -4 -5 -2 -3 -4 -4 -3  1  4 -3  2  0 -3 -3 -2 -2 -2  0    0   0   0   0   0   0   0   0   0   0 100   0   0   0   0   0   0   0   0   0  0.74 0.03
  503 T    0 -1  0 -1 -2 -1 -1 -2 -2 -1 -2 -1 -1 -2 -2  3  5 -4 -2 -1    0   0   0   0   0   0   0   0   0   0   0   0   0   0   0  24  76   0   0   0  0.72 0.04
  504 T   -1 -2 -1 -2 -2 -1 -2 -2 -2  0  1 -1  0 -1 -2  1  4 -3 -2  0    0   0   0   0   0   0   0   0   0   0  24   0   0   0   0   0  76   0   0   0  0.57 0.03
  505 K   -1  2  0 -1 -4  1  0 -2 -1 -3 -3  5 -2 -4 -2 -1 -1 -4 -3 -3    0   0   0   0   0   0   0   0   0   0   0 100   0   0   0   0   0   0   0   0  0.96 0.04
  506 P   -1 -2 -3 -2 -4 -2 -2 -3 -3 -4 -3 -2 -3 -4  7 -1 -2 -5 -4 -3    0   0   0   0   0   0   0   0   0   0   0   0   0   0 100   0   0   0   0   0  2.73 0.05
  507 E   -1 -1  0  3 -4  1  4 -2 -1 -4 -4  0 -3 -4 -2  1  0 -4 -3 -3    0   0   0  28   0   0  52   0   0   0   0   0   0   0   0  20   0   0   0   0  0.77 0.02
  508 A    1  2 -1 -2 -3 -1 -1  2 -2 -3 -3  0 -2 -3  4  0  0 -4 -3 -2   23  20   0   0   0   0   0  25   0   0   0   0   0   0  28   0   4   0   0   0  0.67 0.01
  509 R   -1  4 -1 -2 -3  0 -1 -3 -1 -1  1  1  0 -2 -2 -1  2 -3 -2 -1    0  52   0   0   0   0   0   0   0   0  28   0   0   0   0   0  20   0   0   0  0.45 0.02
  510 A    4 -2 -2 -2 -1 -1 -1  0 -2 -1 -1 -1 -1 -2 -1  1  0 -3 -2  0   83   0   0   0   0   0   0   0   0   0   6   0   0   0   0   0   0   0   0   6  0.47 0.02
  511 Q   -1  0  0 -1 -3  5  1 -2  5 -3 -3  0 -1 -2 -2 -1 -1 -2  0 -3    0   0   0   0   0  54   0   0  40   0   1   0   0   0   0   0   0   0   0   0  0.81 0.02
  512 L   -1 -1 -1 -2 -2 -1 -1 -2  5 -1  2 -1  0 -1  3 -1 -1 -2  0 -1    1   1   1   1   0   1   1   1  33   1  36   1   0   1  18   1   1   0   1   1  0.47 0.06
  513 A    1 -1  2 -1 -2 -1 -1 -1  3  0 -1 -1 -1 -2 -1  1  0 -2 -1  1   17   1  17   1   0   1   1   1  17   1   1   1   0   1   1  11   1   0   1  27  0.19 0.03
  514 L   -1 -2 -2 -3 -2 -1 -2 -3  3  0  2 -2  4  2 -3  1 -1 -2  0 -1    0   0   0   0   0   0   0   0  16   0  21   0  30  16   0  17   0   0   0   0  0.32 0.07
  515 H   -2 -1 -1 -2 -3  0 -1 -3  6 -1  1 -2  2 -1  3 -2 -2 -3  0 -2    0   0   0   0   0   0   0   0  51   0  18   0  14   0  18   0   0   0   0   0  0.75 0.10
  516 S   -1 -1  2 -1 -3  0 -1 -2  5 -3 -3 -1 -2 -3  2  2  2 -4 -1 -2    0   0  14   0   0   0   0   0  33   0   0   0   0   0  14  22  18   0   0   0  0.61 0.07
  517 A    2  1 -1 -2 -2 -1 -2  2 -2 -1 -1 -1 -1  2 -2  1 -1 -2 -1  0   22  15   0   0   0   0   0  18   0   0   0   0   0  18   0  14   0   0   0  14  0.20 0.04
  518 A    3 -2 -1 -2 -2 -1 -1 -1 -2 -2 -2 -1 -2  2  3  2  0 -3 -1 -1   36   0   0   0   0   0   0   0   0   0   0   0   0  15  18  31   0   0   0   0  0.53 0.06
  519 F   -2 -3 -3 -3 -3 -3 -3  1 -2  0  2 -3  0  4  2 -2 -2 -1  1 -1    0   0   0   0   0   0   0  14   0   0  33   0   0  39  14   0   0   0   0   0  0.44 0.03
  520 L   -1 -2 -3 -3 -2 -2 -2 -3 -3  1  3 -2  1 -1  2  0 -1 -3 -2  1    0   0   0   0   0   0   0   0   0   0  53   0   0   0  13  14   0   0   0  20  0.38 0.02
  521 S    1 -2 -1 -2 -2 -1 -1  1 -2 -1  0 -1 -1 -2  3  3  0 -3 -2 -1   14   0   0   0   0   0   0  13   0   0  20   0   0   0  14  39   0   0   0   0  0.37 0.02
  522 A    3 -1 -1 -1 -2 -1 -1  2 -2 -3 -3  1 -2 -3 -1  3  0 -4 -2 -2   40   0   0   0   0   0   0  14   0   0   0  13   0   0   0  33   0   0   0   0  0.45 0.02
  523 K    0  1  0  0 -3  1  2 -2 -1 -3 -3  4 -2 -3 -1  2  0 -4 -3 -3    0   0   0   0   0   0  20   0   0   0   0  53   0   0   0  27   0   0   0   0  0.60 0.03
  524 A    3 -1 -1 -2 -1 -1 -1 -1 -2 -2 -2 -1 -2 -3 -1  3  1 -3 -2 -1   53   0   0   0   0   0   0   0   0   0   0   0   0   0   0  47   0   0   0   0  0.60 0.04
  525 A    3 -2 -1 -2 -1 -1 -1  1 -2  0 -1 -1 -1 -2 -1  2  1 -3 -2  0   53   0   0   0   0   0   0  13   0  14   0   0   0   0   0  14   6   0   0   0  0.36 0.02
  526 A    3 -2 -1 -2 -1 -1 -1  2 -2 -1 -2 -1 -1 -3 -1  2  0 -3 -2  0   50   0   0   0   0   0   0  14   0   0   0   0   0   0   0  27   0   0   0   9  0.43 0.03
  527 S    0 -2  0 -1 -2 -1 -1  1 -2  0 -2 -1 -1 -2 -2  4  2 -4 -2 -1    0   0   0   0   0   0   0  13   0  14   0   0   0   0   0  63  10   0   0   0  0.45 0.03
  528 N    0  0  2 -1 -2  0 -1 -1 -1 -3 -3  2 -2 -3  3  3  2 -4 -2 -2    0   0  15   0   0   0   0   0   0   0   0  20   0   0  14  38  14   0   0   0  0.51 0.02
  529 S    1 -2 -1 -2 -2 -1 -1  1 -2  0 -2 -1 -2 -3  3  3  0 -4 -3 -1    6   0   0   0   0   0   0  13   0  14   0   0   0   0  20  48   0   0   0   0  0.50 0.03
  530 S    0 -2  0 -1 -2 -1 -1  4 -2 -4 -3 -1 -3 -3 -2  3  0 -4 -3 -3    0   0   0   0   0   0   0  48   0   0   0   0   0   0   0  52   0   0   0   0  0.76 0.04
  531 Q    2 -1 -1 -1 -2  3  0 -1 -1 -2 -1  0 -1 -2 -1  2  2 -3 -2 -1   20   0   0   0   0  30   0   0   0   0   9   0   0   0   0  28  14   0   0   0  0.37 0.03
  532 M    0 -2 -1 -2 -2 -1 -2 -2 -2  0  2 -2  5 -1 -2  2  0 -2 -2  0    0   0   0   0   0   0   0   0   0   0  20   0  43   0   0  37   0   0   0   0  0.38 0.04
  533 G    2 -2 -1 -2 -2 -1 -1  4 -2 -3 -3 -1 -2 -3 -2  2  0 -4 -3 -2   33   0   0   0   0   0   0  43   0   0   0   0   0   0   0  23   0   0   0   0  0.64 0.03
  534 S    1 -1  0 -1 -2 -1 -1 -1 -2 -2  0 -1 -1 -2  2  4  1 -4 -2 -2    0   0   0   0   0   0   0   0   0   0  13   0   0   0   9  77   0   0   0   0  0.57 0.04
  535 Q   -1 -1  0 -1  4  3  0 -2  5 -3 -3  0 -2 -3 -2  2 -1 -3 -1 -2    0   0   0   0  20  30   0   0  27   0   0   0   0   0   0  23   0   0   0   0  0.53 0.04
  536 P    0 -2 -1 -1 -2 -1 -1 -2 -2 -2 -2 -1 -2 -3  6  2  1 -3 -3 -2    1   0   0   1   0   0   1   1   0   0   1   1   0   0  50  28  14   0   0   1  1.14 0.03
  537 P   -1 -1  2 -1 -3 -1 -1 -2 -1 -3 -3 -1 -2 -3  6  1 -1 -3 -3 -2    1   1  20   1   0   1   1   1   0   1   1   1   0   1  54  15   1   0   0   1  1.20 0.03
  538 L   -1 -2 -1 -2 -2 -2 -2  2 -2  1  2 -2  1 -1 -2  1 -1 -2 -2  0    1   1   1   1   0   1   1  21   0  14  40   1   0   1   1  15   1   0   0   1  0.19 0.01
  539 L    1 -2 -3 -3 -2  1 -2 -3 -2  0  3 -2  1 -1 -2 -1 -1 -3 -2  0   20   0   0   0   0  14   0   0   0   0  66   0   0   0   0   0   0   0   0   0  0.35 0.03
  540 S    0 -2 -1 -2 -2 -1 -1 -2 -2 -1  1 -1 -1 -2  4  3  0 -4 -2 -2    0   0   0   0   0   0   0   0   0   0  20   0   0   0  28  53   0   0   0   0  0.66 0.03
  541 R   -1  5  0  2 -4  0  0 -2 -1 -3 -3  1 -2 -4 -2  1 -1 -4 -3 -3    0  66   0  20   0   0   0   0   0   0   0   0   0   0   0  14   0   0   0   0  0.77 0.04
  542 P   -1 -2 -1 -2 -3 -1 -1 -3  4 -4 -3 -1 -3 -3  6  1 -1 -4 -2 -3    0   0   0   0   0   0   0   0  20   0   0   0   0   0  66  14   0   0   0   0  1.64 0.05
  543 L    1 -3 -3 -4 -2 -2 -3 -3 -3  3  2 -3  1 -1 -3 -1 -1 -3 -2  1   20   0   0   0   0   0   0   0   0  50  30   0   0   0   0   0   0   0   0   0  0.37 0.03
  544 P   -1 -2 -3 -2 -4 -2 -2 -3 -3 -4 -4 -2 -3 -4  7 -1 -2 -5 -4 -3    0   0   0   0   0   0   0   0   0   0   0   0   0   0 100   0   0   0   0   0  2.74 0.07
  545 L    1 -3 -3 -4 -2 -2 -3 -3 -2  1  2 -3  1  4 -3 -1 -1 -1  1  1   20   0   0   0   0   0   0   0   0   0  30   0   0  36   0   0   0   0   0  14  0.35 0.02
  546 G    2 -2 -1 -2 -2 -1 -2  4 -2 -3 -3 -1 -2 -3 -2  1  1 -4 -3 -2   29   0   0   0   0   0   0  44   0   0   0   0   0   0   0  14  13   0   0   0  0.59 0.02
  547 S    1 -1  0 -1 -2 -1 -1 -1 -2 -1  1 -1 -1 -2 -2  4  2 -3 -2 -1    0   0   0   0   0   0   0   0   0   0  20   0   0   0   0  71   9   0   0   0  0.49 0.04
  548 M   -1 -2 -2 -3 -2  2 -1 -3 -2  0  2 -1  4 -1  3 -2 -1 -3 -2  1    0   0   0   0   0  14   0   0   0   0  27   0  29   0  20   0   0   0   0  11  0.46 0.03
  549 P   -1 -2 -2 -2 -4 -1 -1 -3  3 -3 -3 -1 -3 -3  7 -1  0 -4 -2 -3    0   0   0   0   0   0   0   0  14   0   0   0   0   0  77   0   9   0   0   0  1.94 0.05
  550 A    2 -1 -1 -2 -2 -1 -1 -1  3 -2 -2 -1 -1 -2  3  1  3 -3 -1 -1   29   0   0   0   0   0   0   0  14   0   0   0   0   0  13   6  38   0   0   0  0.49 0.03
  551 A    3 -1 -1 -2 -1 -1 -1 -1 -2 -2 -2 -1 -1 -3 -1  3  3 -3 -2 -1   39   0   0   0   0   0   0   0   0   0   0   0   0   0   0  27  34   0   0   0  0.52 0.03
  552 L   -1 -2 -2 -3 -2 -2 -3 -3 -3  2  3 -2  3  0 -3  1 -1 -3 -2  1    0   0   0   0   0   0   0   0   0  14  53   0  14   0   0  20   0   0   0   0  0.37 0.02
  553 L   -2 -3 -4 -5 -2 -3 -4 -4 -3  1  4 -3  2  0 -3 -3 -2 -2 -2  0    0   0   0   0   0   0   0   0   0   0 100   0   0   0   0   0   0   0   0   0  0.76 0.04
  554 T    2 -2 -1 -2 -2 -1 -1  1 -2 -2 -2 -1 -1 -3 -2  2  4 -3 -2 -1   25   0   0   0   0   0   0  13   0   0   0   0   0   0   0  14  48   0   0   0  0.49 0.03
  555 S    0  2  2 -1 -3  2  0 -2 -1 -3 -3  0 -2 -3  3  3  0 -4 -2 -2    0  14  13   0   0  20   0   0   0   0   0   0   0   0  14  39   0   0   0   0  0.54 0.03
  556 P   -1 -2 -2 -2 -3 -2 -2 -3 -2 -4 -3 -2 -3 -4  7  1 -1 -5 -4 -3    0   0   0   0   0   0   0   0   0   0   0   0   0   0  87  13   0   0   0   0  2.25 0.06
  557 P   -1 -2 -2 -2 -3 -2 -2 -3 -2  0 -2 -2 -2 -3  6  1 -1 -4 -3 -1    0   0   0   0   0   0   0   0   0  14   0   0   0   0  66  20   0   0   0   0  1.52 0.05
  558 T    0 -2 -1 -2 -2 -1 -1 -2 -2 -2 -1 -1 -1  3  3  2  3 -2  0 -1    0   0   0   0   0   0   0   0   0   0   0   0   0  27  14  30  29   0   0   0  0.45 0.03
  559 F   -1 -2 -1 -2 -3 -1 -2 -3  4 -2 -1 -2 -1  5 -3  1 -1 -1  2 -2    0   0   0   0   0   0   0   0  27   0   0   0   0  53   0  20   0   0   0   0  0.58 0.04
  560 P    0 -1 -1 -1 -3  3  0 -2 -1 -3 -3  0 -2 -3  5  2  1 -4 -3 -2    0   0   0   0   0  27   0   0   0   0   0   0   0   0  39  20  14   0   0   0  0.95 0.03
  561 A    4 -2 -2 -3 -1 -1 -1 -1 -2 -1  1 -1  0 -2 -1  1  0 -3 -2  0   80   0   0   0   0   0   0   0   0   0  20   0   0   0   0   0   0   0   0   0  0.49 0.04
  562 T    3 -1 -1 -2 -2 -1 -1 -1  4 -2 -2 -1 -1 -2 -1  1  3 -3 -1 -1   50   0   0   0   0   0   0   0  20   0   0   0   0   0   0   0  30   0   0   0  0.46 0.03
  563 L   -1 -2 -2 -3 -2 -2 -3 -3 -3  1  4 -2  1  0 -3  1 -1 -3 -2  0    0   0   0   0   0   0   0   0   0   0  80   0   0   0   0  20   0   0   0   0  0.48 0.04
  564 H   -2 -1  0 -2 -4  0 -1 -3  8 -4 -3 -1 -3 -2  2 -1 -2 -3  1 -4    0   0   0   0   0   0   0   0  91   0   0   0   0   0   9   0   0   0   0   0  1.31 0.07
  565 A    2 -1  0 -1 -1 -1 -1 -1 -2 -2 -2 -1 -2 -3 -1  4  2 -4 -2 -1   30   0   0   0   0   0   0   0   0   0   0   0   0   0   0  56  14   0   0   0  0.58 0.03
  566 H   -1 -1  0 -2 -4  0 -1 -2  7 -4 -3 -1 -2 -2  2  1 -1 -3  1 -3    0   0   0   0   0   0   0   0  71   0   0   0   0   0   9  20   0   0   0   0  0.95 0.06
  567 Q   -2  0 -1 -2 -3  4  0 -3  6 -2  1  0  0 -2 -2 -1 -1 -3  0 -2    0   0   0   0   0  39   0   0  41   0  20   0   0   0   0   0   0   0   0   0  0.64 0.05
  568 A    4 -2 -2 -3 -1 -1 -1 -1 -2  0 -1 -1 -1 -2 -1  1  0 -3 -2  1   80   0   0   0   0   0   0   0   0   0   0   0   0   0   0   0   0   0   0  20  0.52 0.04
  569 L   -2 -3 -3 -4 -2 -3 -3  2 -3  1  4 -3  1  0 -3 -2 -2 -3 -2  0    0   0   0   0   0   0   0  20   0   0  80   0   0   0   0   0   0   0   0   0  0.51 0.03
  570 P    1 -1 -1 -1 -2 -1 -1 -1 -1 -2 -2 -1 -1 -2  6  0 -1 -2 -2 -1   13   2   2   2   1   2   3   3   1   2   4   2   1   2  52   3   2   1   1   3  1.00 0.02
  571 V    0 -1 -1 -1 -1 -1 -1 -1 -1  1  0 -1  0 -1  0  0  0 -1 -1  2    5   3   3   3   1   3   4   4   1   3   5   3   1   2   3   4   4   1   2  43  0.07 0.00
  572 L   -1 -2 -2 -3 -2 -2 -2 -3 -1  1  3 -2  1  2 -2 -2 -1 -1  3  0    2   1   1   1   0   1   1   1   0   1  55   1   0  14   1   1   1   0  15   1  0.33 0.02
  573 Q   -1  1  0 -1 -4  6  1 -3  0 -3 -3  1 -1 -4 -2 -1 -1 -3 -2 -3    0   0   0   0   0 100   0   0   0   0   0   0   0   0   0   0   0   0   0   0  1.21 0.07
  574 A    3 -2 -1 -2 -2 -1 -1 -1 -2 -2 -2 -1 -2 -3  3  2  2 -4 -2 -1   39   0   0   0   0   0   0   0   0   0   0   0   0   0  20  28  13   0   0   0  0.62 0.03
  575 Q   -1  1  0 -1 -4  6  1 -3  0 -3 -3  1 -1 -4 -2 -1 -1 -3 -2 -3    0   0   0   0   0 100   0   0   0   0   0   0   0   0   0   0   0   0   0   0  1.21 0.07
  576 P   -1 -2 -3 -2 -4 -2 -2 -3 -3 -4 -4 -2 -3 -4  7 -1 -2 -5 -4 -3    0   0   0   0   0   0   0   0   0   0   0   0   0   0 100   0   0   0   0   0  2.74 0.07
  577 L   -2 -3 -4 -5 -2 -3 -4 -4 -3  1  4 -3  2  0 -3 -3 -2 -2 -2  0    0   0   0   0   0   0   0   0   0   0 100   0   0   0   0   0   0   0   0   0  0.76 0.04
  578 S    1 -1  0 -1 -2 -1 -1 -1 -1 -3 -3 -1 -2 -3 -1  5  1 -4 -2 -2    0   0   0   0   0   0   0   0   0   0   0   0   0   0   0 100   0   0   0   0  0.86 0.06
  579 L   -2 -3 -4 -5 -2 -3 -4 -4 -3  1  4 -3  2  0 -3 -3 -2 -2 -2  0    0   0   0   0   0   0   0   0   0   0 100   0   0   0   0   0   0   0   0   0  0.76 0.04
  580 V   -1 -3 -3 -4 -1 -3 -3 -4 -4  2  0 -3  0 -1 -3 -2 -1 -3 -2  5    0   0   0   0   0   0   0   0   0   0   0   0   0   0   0   0   0   0   0 100  0.65 0.05
  581 T    0 -2  0 -2 -2 -1 -1 -2 -2 -1 -2 -1 -1 -2 -2  1  5 -4 -2 -1    0   0   0   0   0   0   0   0   0   0   0   0   0   0   0   0 100   0   0   0  0.89 0.05
  582 K   -1  2  0 -1 -4  1  0 -2 -1 -3 -3  5 -2 -4 -2 -1 -1 -4 -3 -3    0   0   0   0   0   0   0   0   0   0   0 100   0   0   0   0   0   0   0   0  0.97 0.05
  583 S    1 -1  0 -1 -2 -1 -1 -1 -1 -3 -3 -1 -2 -3 -1  5  1 -4 -2 -2    0   0   0   0   0   0   0   0   0   0   0   0   0   0   0 100   0   0   0   0  0.81 0.04
  584 A    3 -2 -1 -2 -1 -1 -1 -1 -2  0 -1 -1 -1 -2 -1  2  0 -3 -2  1   54   0   0   0   0   0   0   0   0   0   0   0   0   0   0  23   0   0   0  22  0.38 0.01
  585 H   -2  0  0 -1 -4  1  0 -3  7 -4 -3 -1 -2 -2 -2 -1 -2 -3  2 -3    0   0   0   0   0   0   0   0 100   0   0   0   0   0   0   0   0   0   0   0  1.13 0.00

                      K         Lambda
Standard Ungapped    0.1654     0.3241
Standard Gapped      0.1100     0.3190
PSI Ungapped         0.1654     0.3241
PSI Gapped           0.1100     0.3190
