
Last position-specific scoring matrix computed, weighted observed percentages rounded down, information per position, and relative weight of gapless real matches to pseudocounts
           A  R  N  D  C  Q  E  G  H  I  L  K  M  F  P  S  T  W  Y  V   A   R   N   D   C   Q   E   G   H   I   L   K   M   F   P   S   T   W   Y   V
    1 S    2 -3  1 -3  3 -3 -3 -3 -3 -4 -5 -3 -4 -5 -3  5  0 -6 -4 -4   13   0   8   0   7   0   0   0   0   0   0   0   0   0   0  70   2   0   0   0  1.23 0.43
    2 N   -4 -3  8  0 -6 -3 -3 -3 -2 -6 -5 -3 -5 -6 -5  1  0 -7 -5 -6    0   0  82   3   0   0   0   0   0   0   1   0   0   0   0  10   4   0   0   0  2.06 0.59
    3 N   -4 -3  7  4 -6 -3 -1 -3 -3 -6 -6 -3 -5 -6 -5  0 -1 -7 -5 -6    0   0  62  28   0   0   1   1   0   0   0   0   0   0   0   5   3   0   0   0  1.72 0.53
    4 A    4 -4 -4 -4  5 -3 -3 -2 -4 -1  0 -3 -1 -3  0 -1  2 -5 -4  1   41   0   0   0  14   0   0   1   0   2  10   0   1   0   4   2  13   0   0  12  0.61 0.29
    5 G    1 -2 -1 -4 -2 -4 -5  6 -5 -7 -6 -4 -5 -6 -5 -2 -4 -6 -6 -6    9   2   3   0   1   0   0  83   0   0   0   0   0   0   0   2   0   0   0   0  1.85 0.52
    6 V    0 -2  0  0 -3 -1  0 -1 -1  0  0 -2  0  1 -1  0  2  1 -1  2    9   1   6   7   0   1   7   3   2   4   6   1   3   7   2   6  14   2   1  20  0.09 0.10
    7 D   -1 -2  0  4 -1 -2  2  2 -3 -3 -4 -1 -4 -3  3 -1  0 -5 -4 -3    5   1   5  25   2   0  13  18   0   2   1   2   0   1  18   2   5   0   0   1  0.58 0.23
    8 N   -2 -1  3  4 -5 -1  1  2 -1 -5 -5 -1 -4 -1 -1  0  0 -5 -2 -4    1   4  15  30   0   1  10  18   1   0   0   2   0   3   3   4   6   0   2   1  0.57 0.23
    9 F   -1  0 -1 -2 -1 -1 -2 -2  0  0  0  1 -1  4 -3 -1  0  3  2  1    2   6   3   1   1   1   1   2   3   4   9   9   1  23   0   4   7   4   7  11  0.20 0.13
   10 G   -2 -2 -1 -2 -6 -2 -4  6 -4 -7 -6 -4 -5 -6 -5 -1 -2 -6 -6 -6    1   2   1   2   0   2   0  85   0   0   0   0   0   0   0   5   1   0   0   0  1.82 0.50
   11 L   -2 -4 -4 -5 -3 -2 -3 -4 -4  3  4 -4  1  0 -1 -3 -2 -4 -3  2    3   0   0   0   0   2   1   1   0  18  51   0   2   4   3   1   1   0   0  13  0.67 0.26
   12 G    2 -2 -2 -1 -4 -3 -3  5 -1 -4 -3 -3 -4 -5 -4  0 -1  1 -4 -3   16   1   1   4   0   0   1  62   2   1   2   0   0   0   0   5   2   2   0   1  1.04 0.35
   13 L   -1  3 -1 -2 -3  0 -2 -3 -1  1  1  2  0 -3  0 -2  0  3 -2  0    5  18   1   2   0   4   0   1   1   9  15  18   2   0   5   1   5   6   0   7  0.25 0.15
   14 L   -4 -5 -6 -7 -4 -4 -6 -6 -5 -1  5 -5  2  1 -5 -5 -4  0 -3 -1    0   0   0   0   0   0   0   0   0   0  87   0   4   6   0   0   0   1   0   2  1.46 0.47
   15 L   -2 -4 -4 -5  0 -3 -4 -3 -1  2  3 -4  2  1 -4 -2  0 -4 -2  2    2   0   0   0   2   0   0   1   2  12  44   0   5   7   0   2   4   0   0  18  0.57 0.25
   16 R    0  2  0  0 -4  1  2 -1  1 -2 -2  1 -1 -3 -1  0  1 -4 -2 -1    9  14   2   4   0   6  19   4   4   2   3   9   2   0   1   6   9   0   1   3  0.24 0.13
   17 S    2  0  4  0 -4  0  0 -2 -1 -4 -3  2 -3 -4 -3  1  2 -5 -4 -3   17   4  27   4   0   3   5   1   1   0   1  15   0   0   0   9  13   0   0   0  0.52 0.25
   18 K   -2  3  1 -2 -3  0  0  4  2 -5 -5  2 -4 -4 -1 -2 -3 -5 -2 -5    1  16   8   1   1   4   4  36   7   0   0  17   0   0   2   0   0   0   1   0  0.67 0.28
   19 Q   -2  3 -2 -3  1  6 -1 -4 -2 -4 -2  1  1 -5 -1 -2 -3 -5 -4 -4    2  19   1   0   3  58   0   0   0   0   4   4   5   0   2   1   0   0   0   0  1.20 0.47
   20 I    0 -4 -5 -5  0 -4 -4 -5 -5  4  0 -4  1 -1 -4 -2 -2 -4 -3  4    9   0   0   0   2   0   0   0   0  38   6   0   4   2   0   2   0   0   0  38  0.83 0.33
   21 K    0  3 -1 -1 -2  0 -1 -2 -1 -3 -4  5 -3 -5 -3  1  0 -5 -4 -3    6  18   2   4   1   2   1   2   1   1   1  49   0   0   0   9   4   0   0   1  0.81 0.33
   22 R   -1  4 -2 -3 -2  0 -1 -2  2 -4 -4  5  2 -5 -3 -1 -1 -5 -4 -4    3  24   0   0   1   1   2   3   5   0   0  48   7   0   0   3   2   0   0   0  0.91 0.37
   23 M    1 -3 -3 -4 -2 -1 -3 -2 -3  2  2 -3  4  0 -3 -1 -1 -3  0  2   14   0   0   0   0   3   0   2   0  12  19   0  21   3   0   3   2   0   4  16  0.35 0.19
   24 I   -2 -4 -4 -4  0 -3 -4 -2 -4  5  0 -2 -1 -1 -4 -3  1 -3  0  2    1   0   0   0   2   0   0   3   0  57   2   3   0   2   0   0  10   0   4  15  0.74 0.31
   25 S    2 -3 -2 -1  6 -3 -3  1 -3 -1 -1 -3 -2 -3 -3  1  1 -4 -3  0   18   0   0   4  25   0   0  12   0   3   6   0   0   0   0  12  10   0   0   8  0.44 0.21
   26 S    1 -3  1 -2  1 -2 -2 -2 -3 -4 -4 -2 -3 -4  0  5  1 -5 -4 -3    8   0   6   0   4   0   0   0   0   0   1   0   0   0   4  66   8   0   0   0  0.99 0.40
   27 Y   -3 -3 -3 -4 -4 -1 -3 -5  4  0 -2 -3 -2  5 -4 -3  0 -1  6 -1    1   0   0   0   0   3   0   0  14   6   1   0   0  26   0   0   6   0  37   4  1.14 0.42
   28 V    0 -3 -3 -4  0 -3 -3 -4 -3  2  0 -3  1  1  4 -1  0 -3  0  2    6   0   0   0   3   0   1   1   0  17   7   0   4   8  23   4   5   0   4  17  0.47 0.23
   29 G    0  1  1  0 -4 -2 -2  4 -2 -4 -4 -1 -3 -3  1  1  0 -4  0 -3    8   7   5   6   0   0   0  40   0   0   1   4   0   0   6   9   5   0   5   0  0.55 0.27
   30 E    1  1  0  1 -3  0  0  1 -2  0 -1  0  0 -1  1  0  0  1 -2  0   12   8   4   7   0   3   6  10   0   4   6   3   3   3   8   4   4   3   0   9  0.09 0.08
   31 N   -1 -3  5  0  2  0 -3 -1 -3 -4 -1 -3  1 -4  0  1  0 -4  0 -4    5   0  38   5   5   5   0   5   0   0   6   0   4   0   6  10   5   0   4   0  0.65 0.40
   32 A    0  0  1  0 -3  1  0  0  2  0 -2  0 -2  0  1  0  0  3  1  0    6   6   6   6   0   6   6   6   6   6   1   6   0   6   6   6   6   6   6   6  0.11 0.12
   33 E    0  0  0  0 -1 -1  3 -3  0  0  0 -2 -2 -2  0 -1  0 -4 -2  1    9   4   5   4   1   0  29   1   2   4  12   1   0   1   4   2   6   0   1  15  0.25 0.20
   34 F    1 -3 -3 -4  3 -3 -3 -4 -3  0  1 -3  0  5 -3 -1  1 -2  1  1   12   0   0   0   9   0   1   1   0   3  12   0   2  30   0   2  11   0   3  12  0.48 0.26
   35 E    0 -1 -1  0 -1  1  3  2 -2 -1 -2 -1  0 -3 -3  0  0 -4 -2  1    7   2   2   3   1   7  28  15   0   3   2   3   2   0   0   4   5   0   1  12  0.28 0.19
   36 R   -1  3  0  0 -4  2  2 -2  2 -4 -3  3 -1 -4 -3  0 -1  1 -3 -3    2  22   4   4   0  11  15   3   6   0   1  18   1   0   0   6   2   2   0   2  0.51 0.25
   37 Q    1  1 -2 -3 -4  5  0 -2  0 -1  1  1  3 -2 -3 -2 -2 -4 -1 -2   13   7   0   0   0  31   5   2   1   2  14  10   8   1   0   0   0   0   2   0  0.47 0.30
   38 F   -2 -4 -1 -4  0 -3 -4 -4  1  0  0 -4  4  2 -4 -2 -3  2  6  0    4   0   3   0   2   0   0   0   3   5   7   0  17   7   0   3   0   2  38   6  0.84 0.38
   39 L   -1  1  2 -3 -1  0 -1 -3  0  0  3 -1  1  1 -3 -1 -1 -3 -2  0    4   7  11   0   1   6   3   0   3   5  36   3   4   5   0   3   2   0   0   5  0.24 0.18
   40 S    1  0  1  2  1  1  2 -2 -2 -3 -4  0 -3 -4 -3  2  0 -4 -3 -2   16   4   8  14   3   7  15   1   0   0   0   5   0   0   0  18   5   0   0   2  0.39 0.22
   41 G   -2 -2 -1 -1 -5 -2 -2  6 -4 -6 -6  0 -5 -5 -4 -2 -4 -5 -5 -5    0   2   3   4   0   2   2  78   0   0   0   6   0   0   0   2   0   0   0   0  1.59 0.54
   42 E   -2  1  1  1  2  1  3 -1  1 -1 -3  1  0 -4  2  0 -1 -4 -3 -1    0   6   6   6   5   4  27   4   4   3   0   9   3   0   9   4   4   0   0   3  0.35 0.19
   43 L   -1  1 -2 -3 -2 -1 -2  1 -2  1  1 -1  2  2 -2 -1  1 -2 -1  1    1  12   0   1   0   0   1  12   0  12  12   1  11  12   1   1  12   0   0  12  0.12 0.07
   44 E    0  0 -1  2  0  1  4 -2  1 -3 -3  0  0 -4 -3  0  0 -4 -3 -2    8   4   2  11   3   5  37   2   4   0   2   3   2   0   0   7   6   0   0   2  0.48 0.21
   45 V    0 -3 -3 -4 -2 -3 -3 -3 -3  2  2 -3  2 -2 -3 -2  1 -3 -3  4    8   1   0   1   0   0   1   1   0  10  23   1   7   0   1   1   8   0   0  37  0.49 0.20
   46 E   -1  0  0  1 -4  1  5 -1  1 -1 -3  0 -3 -4 -3  0  0 -4 -3 -1    4   4   4   5   0   4  46   4   4   4   1   4   0   0   0   4   5   0   0   5  0.56 0.22
   47 L   -2 -3 -4 -4  1 -3 -4 -4 -3  1  4 -3  2  2 -1 -3  0 -3  0  0    1   0   0   0   3   0   0   1   0   3  54   0   7  12   2   0   6   0   2   6  0.60 0.23
   48 T   -1 -3  0 -3  1 -2 -3 -4  0  1  0 -2  1 -1 -1  0  3  3  0  2    1   0   4   0   4   0   0   0   3   5   9   1   5   2   3   4  28   4   3  23  0.32 0.19
   49 P    0 -3 -4 -4 -5  0 -3 -1 -4 -5 -5  0 -5 -6  7  1 -3 -6 -5 -5    5   0   0   0   0   3   0   4   0   0   0   7   0   0  71   9   0   0   0   0  2.02 0.49
   50 Q   -2  2 -1 -2 -4  3  2 -3  4 -1  1  0  3 -2 -3 -1 -2 -3 -1 -2    0  17   0   0   0  17  17   0  17   0  17   0  17   0   0   0   0   0   0   0  0.38 0.09
   51 G   -1 -3 -2 -2 -5 -2  2  6 -3 -6 -5 -2 -4 -5 -4 -2 -3 -5 -5 -5    0   0   0   0   0   0  18  82   0   0   0   0   0   0   0   0   0   0   0   0  1.48 0.25
   52 T   -1 -2  0 -1 -3 -1  2 -3 -2  0 -1 -1 -2 -3  1  1  4 -4 -3  0    0   0   5   0   0   0  18   0   0   7   3   0   0   0   7   5  51   0   0   3  0.55 0.16
   53 L   -3  0 -4 -5 -3 -3 -4 -5 -3  1  4 -3  2  2 -1 -3 -2 -3 -1  0    0   6   0   0   0   0   0   0   0   4  64   0   6  12   4   0   0   0   0   4  0.64 0.15
   54 A    4 -3 -3 -3  0 -2 -2 -1 -2  0 -1 -2  0 -1 -2  0  0 -2  3  1   52   0   0   0   3   0   0   3   0   4   3   0   3   0   0   4   3   0  18   9  0.44 0.15
   55 E   -1 -1 -2  1  0  3  6 -3 -1 -4 -4 -1 -3 -5 -3 -1 -2 -5 -4 -4    3   0   0   3   3  11  75   0   0   0   0   0   0   0   0   3   0   0   0   0  1.19 0.26
   56 R   -1  5  0 -2 -2  1 -1 -3  2 -4 -4  3 -1 -4 -3 -1 -2 -4 -3 -4    4  55   4   0   1   3   0   0   5   0   0  24   1   0   0   2   0   0   0   0  0.98 0.22
   57 I   -2 -4 -4 -5  2 -4 -4 -5 -4  4  3 -4  2 -1 -4 -3 -1 -3 -1  1    0   0   0   0   5   0   0   0   0  49  34   0   4   0   0   0   2   0   2   4  0.70 0.18
   58 R   -1  5 -2 -3 -2  1 -2 -2  2 -3  0  0 -2 -3  0 -1 -1 -3  0 -3    4  57   0   0   1   3   0   2   8   0  10   0   0   0   5   2   2   0   4   0  0.69 0.19
   59 A    4 -2 -2 -2  2  1 -1 -1 -2 -2 -2 -2 -2 -3 -2  1 -1 -4 -3 -1   63   0   0   2   6  10   0   0   0   1   2   0   0   0   0  10   0   0   0   2  0.61 0.19
   60 G    3 -3 -2 -3 -3 -2 -3  5  0 -4 -4 -2 -3 -2 -3  0 -2 -4 -3 -3   36   0   0   0   0   0   0  55   2   0   0   0   0   2   0   2   0   0   0   0  0.93 0.20
   61 G    1 -3 -2 -2 -1 -3 -3  6 -3 -5 -4 -1 -4 -4 -3 -1 -3 -4 -4 -3   10   0   0   1   1   0   0  79   0   0   0   3   0   0   0   2   0   0   0   1  1.35 0.27
   62 A    4 -1 -2 -3 -1 -2 -2 -1 -1 -1 -1 -1  1  1 -2  0 -1 -3  0  0   56   2   2   0   1   0   0   2   1   2   2   2   6   9   0   4   2   0   4   5  0.42 0.18
   63 G   -1 -3 -2 -3 -4 -3 -3  6 -3 -5 -5 -3 -4 -4 -4 -1 -3 -4 -4 -4    1   0   0   0   0   0   0  91   0   0   1   0   0   0   0   3   0   0   0   0  1.68 0.29
   64 V   -1 -2 -3 -3 -2  1 -2 -4  0  4  2 -2  2  0 -3 -2 -1 -3 -2  2    4   0   0   0   0   9   1   1   3  36  22   0   4   2   0   1   1   0   0  14  0.36 0.12
   65 P    0  0 -2  1 -4 -2 -2  3 -1 -4 -3 -1 -1 -4  6 -1 -2 -4 -3 -3    5   5   0   9   0   0   1  25   2   0   2   2   2   0  42   1   1   0   0   1  0.99 0.17
   66 A    4 -2 -2 -2 -2 -2 -2  3 -2 -3 -3 -2 -2 -3  2  1 -1 -4 -3 -2   49   0   0   0   0   0   1  28   0   0   1   0   0   0   8   9   1   0   0   1  0.66 0.17
   67 F   -2 -3  1 -3 -3 -3 -3 -4 -2  1  0 -3 -1  6 -4 -3 -2 -1  2  1    2   0   9   0   0   0   1   1   0   7   5   0   0  57   0   1   1   0   4  11  0.78 0.20
   68 Y   -3 -3 -3 -4 -1 -3 -4 -4  2  0  1 -3 -1  3 -4 -3 -3  0  7 -2    0   0   0   0   1   0   0   0   4   3  17   0   0   9   0   0   0   0  54   0  0.93 0.25
   69 T   -1 -3  0 -3  2 -2 -2 -3 -3 -1 -2 -2 -2 -3 -3  1  6 -5 -3 -1    0   0   2   0   5   0   0   0   0   1   1   0   0   0   0   8  80   0   0   2  1.11 0.29
   70 S    0  0 -1  0 -4 -1 -2 -1 -2 -4 -4  0 -4 -5  7 -1 -1 -5 -4 -4    8   5   2   4   0   1   1   4   1   0   0   6   0   0  65   2   2   0   0   0  1.59 0.24
   71 T    1 -3 -2 -3 -2 -2 -2 -3  1  1 -2 -2 -1 -3 -3  0  5 -4 -3  1    9   0   0   0   0   0   0   0   5   9   0   0   0   0   0   1  64   0   0  12  0.74 0.23
   72 G    1 -3 -1  1 -4 -2 -2  6 -3 -5 -5 -3 -4 -4 -3 -1 -2 -5 -5 -4   12   0   0   8   0   2   0  74   0   0   0   0   0   0   0   2   1   0   0   0  1.19 0.22
   73 Y    0 -2 -3 -4  1 -1 -3 -3 -1  1  1 -3  0  2 -3 -1 -1 -1  4  2    7   1   0   0   3   2   0   1   0   8  11   0   1   9   0   5   1   0  27  23  0.36 0.12
   74 G    0  1 -1 -1 -4 -2 -2  6 -2 -5 -5 -2 -4 -5 -4 -1 -3 -5 -5 -4    4   9   2   2   0   1   2  76   1   0   0   1   0   0   0   2   0   0   0   0  1.23 0.24
   75 T   -1 -2 -1 -3 -3 -2 -1 -3 -3 -2 -3  1 -2 -4 -3  0  6 -5 -3 -2    3   0   1   0   0   0   2   0   0   1   0   8   0   0   0   2  83   0   0   0  1.23 0.34
   76 L    0 -1 -3 -1 -2 -1 -1 -3 -3  1  3 -1  1  0  0 -2 -1  0 -2  2   10   2   0   4   0   3   3   1   0   9  39   2   3   3   4   0   0   2   0  15  0.21 0.09
   77 V   -1 -3 -4 -4 -2 -3 -3 -4 -2  2  2 -3  1  0 -3 -2 -1 -3  0  4    3   0   0   0   0   0   1   0   1  14  22   0   2   2   0   0   0   0   3  48  0.51 0.16
   78 Q    2 -1 -1 -1 -3  4  3 -1  1 -2 -3  0 -2 -3 -2  0 -1 -3 -3 -2   24   1   0   1   0  30  25   3   3   2   1   1   0   0   0   4   2   0   0   2  0.55 0.17
   79 E   -1 -1  0  1 -4  1  5 -3 -1 -3 -3  1 -1 -3 -2  0  1 -4 -2 -3    3   1   5   4   0   5  57   1   1   1   2   6   1   0   1   3   8   0   2   1  0.74 0.20
   80 G    1 -1  2  2 -2  0  2  2 -1 -3 -3 -1 -2 -3 -1  1  0 -3 -2 -2   15   1  15  15   0   1  15  15   0   1   1   1   0   1   1  15   1   0   0   1  0.34 0.05
   81 G    1  0  1  1 -2  1  1  3 -1 -2 -2  0 -2 -2 -1  0  0 -2 -2 -2   10   6   6   6   1   6   7  28   1   1   3   7   1   1   1   7   6   0   1   2  0.25 0.05
   82 S    0  0  0 -1 -2  0 -1 -2 -2  1  1  0  1  0  2  0  0  1 -2  0   12   7   6   3   0   6   1   1   0  10  18   4   3   3  10   4   3   3   0   5  0.12 0.08
   83 P    0 -2 -2 -2 -3  1 -1 -3  2  0 -2  0 -2 -3  6 -1  0 -4 -3  0    7   1   0   1   0   6   1   1   6   7   1   7   0   0  47   1   6   0   0   8  0.96 0.21
   84 I    0  0 -2 -3 -2  0 -2 -3 -2  2  1 -2  0 -1 -2  0  1  3 -2  2    5   5   0   1   0   5   1   1   0  24  16   1   0   0   1   5   9   5   0  15  0.16 0.10
   85 K   -1  4  1  0  0  2  1 -2 -1 -3 -1  3 -2 -3 -2 -1  0 -3 -3 -2    4  29   7   4   3   9   7   1   0   1   5  20   0   0   1   1   6   0   0   1  0.41 0.14
   86 Y   -3 -3 -1 -3 -3 -3 -3 -3  1 -2 -1 -3 -2  3 -3 -3 -2  2  7  0    1   1   3   1   0   1   1   1   3   1   6   1   0  12   1   1   3   2  54   6  1.12 0.35
   87 N    0  1  2  3 -1 -1  0  0  0 -2 -1  1 -1 -2 -2  1  0 -3 -2 -1    8   6  14  19   1   1   4   6   2   1   5  10   2   1   1   8   4   0   1   4  0.21 0.09
   88 K    1  0 -1 -1 -3  0  1 -1 -2 -3 -3  3 -1 -3  4  1  0 -3 -3 -2   13   3   2   1   0   3   8   3   0   1   2  21   1   1  23  10   3   0   1   1  0.49 0.17
   89 D   -1 -1  2  4 -3 -1  1  1 -1 -2 -3  0 -2 -1 -1  1 -1 -3 -3 -3    2   3  12  32   0   1   9  11   0   3   2   6   0   3   3   9   1   0   1   1  0.44 0.16
   90 G    0 -1  0 -2  0 -2 -2  5 -2 -3 -2 -1 -3 -3 -2  0 -2 -3 -3 -3    4   3   5   1   2   1   1  59   0   1   4   3   0   1   1   8   1   0   1   1  0.83 0.25
   91 S    0  0  1  0 -2  0  1  0  2 -2 -2  2 -2 -3  0  2  1 -3 -2 -1    6   4   7   3   0   4   7   8   8   1   2  16   0   1   4  17   8   0   1   4  0.21 0.10
   92 V    0 -2 -3 -3 -2 -2 -2 -2 -3  2  0 -2  1 -2  2 -2 -1 -3 -2  4    8   2   1   1   0   1   3   2   0  15   7   1   4   1   9   1   1   0   1  41  0.40 0.18
   93 A    2 -1 -1  0 -2  0  2 -2 -2  1  0  0  0 -2 -2  0  0 -3 -2  1   24   3   1   6   0   2  18   1   0   9   8   4   2   1   1   6   3   0   1   9  0.16 0.11
   94 I   -1 -2 -2 -2  0  0  1 -2 -2  3  0  0  1 -2 -2  0  0 -3 -2  2    3   1   1   1   2   5  13   2   0  30   8   6   4   1   1   6   4   0   1  13  0.20 0.13
   95 A    1 -2 -2 -1 -2 -1 -1 -2  0  0  0  0  1  1  1  0  0 -2  2  0   19   1   1   3   0   2   3   1   3   6   7   5   6   8   7   6   4   0  10   8  0.11 0.08
   96 S    0  0  0 -2 -1  0 -2  2 -2 -1 -3 -2 -2 -3 -2  4 -1  1 -3 -2    5   5   4   1   2   4   1  14   0   4   1   1   0   1   1  53   1   2   1   1  0.60 0.28
   97 K   -1  1 -1  0 -3  3  2 -2  1 -2 -2  2 -1 -3  2  0 -1 -3  0 -2    4   6   1   3   0  18  18   2   3   1   3  16   1   0   9   5   3   0   3   2  0.38 0.17
   98 P    0 -1 -3 -2 -4 -2 -1 -1 -1 -3 -3  1 -3 -4  6 -2 -2 -4 -4 -2    8   3   1   2   0   1   4   5   1   1   2  11   0   1  56   2   1   0   0   2  1.32 0.36
   99 R   -1  2 -1 -2 -2  2  0 -2 -1 -1 -2  2 -1 -2  3  0  1 -3 -2  1    1  15   1   1   0  15   1   1   0   1   1  15   0   1  15   1  15   0   0  15  0.34 0.06
  100 E   -1 -1  1  1 -3  2  1 -2 -1  0 -2  1 -1 -1  2 -1 -1 -2  2  0    1   1  10  11   0  10  11   1   0  11   1  11   0   0  11   1   1   0  10  11  0.22 0.10
  101 V   -1  0 -2 -3  1  0 -1 -3  1  1 -1  0  1  0  0  0  1 -3 -2  3    4   4   0   0   3   3   4   1   5  10   4   6   4   4   4   5  13   0   0  27  0.20 0.17
  102 R    0  1  1 -1 -2  1  1 -2 -1  1  0  1 -1 -2 -2 -1  1 -3 -2  1   10  10   9   0   0   9  10   1   0  10  10  10   0   0   0   1  10   0   0  10  0.14 0.08
  103 E   -1 -2  0  0 -4  0  3 -3  1  0 -1 -1  2 -1 -1  0  2  2  0  0    4   0   4   3   0   4  24   1   3   5   4   3   8   3   3   5  15   3   3   5  0.26 0.21
  104 F   -4  0 -4 -1  2 -4 -4 -5 -4  2  0 -4  2  6 -5 -1 -3 -3  2  0    0   5   0   5   5   0   0   0   0  11   6   0   5  42   0   5   0   0   5   7  0.88 0.41
  105 N   -2  0  4  4 -5  0  0  0  2 -5 -4  0 -4 -5  1 -1 -2 -5 -4 -4    2   4  27  29   0   3   4   9   6   0   2   6   0   0   7   1   0   0   0   0  0.72 0.28
  106 G    0 -3  0  0 -5 -4 -4  6 -2 -6 -5 -3 -5 -5 -3 -1 -2 -5 -5 -5    8   1   3   5   0   0   0  76   1   0   0   0   0   0   1   2   1   0   0   0  1.51 0.44
  107 Q    0  4 -1 -1 -4  3  1 -3  0 -2 -4  4 -2 -4 -3 -1 -1 -5 -4 -2    9  27   1   2   0  12   7   1   2   2   0  27   1   0   0   3   2   0   0   3  0.62 0.27
  108 H   -2  2  0  1 -4  0  2 -2  4 -3 -2  0 -1 -3  1  0  1  2 -2 -2    1  13   4   9   0   2  20   2  13   0   4   4   2   1   6   4   9   4   0   3  0.33 0.18
  109 F   -3 -5 -5 -6  4 -2 -5 -6  3 -4 -2 -5 -4  3  1 -4 -4  3  7 -4    1   0   0   0  10   2   0   0   7   0   2   0   0   9   7   0   0   4  58   0  1.64 0.52
  110 I   -2 -4 -5 -5  1 -4 -5 -3 -4  3  3 -4  0 -2 -1 -4 -1 -4 -1  3    1   0   0   0   3   0   0   2   0  22  39   0   0   0   3   0   2   0   2  27  0.71 0.29
  111 L   -2 -1 -3 -4 -2  0 -3 -4 -3  1  4 -2  4  1 -3 -2 -2 -2 -2  1    1   5   0   1   0   5   1   1   0   6  52   1  16   5   1   1   1   0   0   5  0.50 0.16
  112 E   -2 -1 -1  1 -4  1  5 -3 -1 -3 -2 -1  1 -3 -2 -1 -2 -3  0 -3    1   1   0   3   0   4  68   1   0   1   4   1   6   0   1   3   1   0   5   1  0.91 0.25
  113 E   -1  2  1  1 -4  0  3 -3  3 -3 -1  1 -1 -2  0 -1  1 -4 -1 -3    1  15   7   7   0   2  25   0   9   0   7   5   2   1   4   1  11   0   2   0  0.32 0.12
  114 A    3 -3 -3 -3 -3 -2 -2  0 -3 -2  0 -2 -2 -3  4  1  0  4 -3 -2   40   0   0   0   0   0   0   7   0   0  11   0   0   0  21   8   6   7   0   0  0.61 0.20
  115 I   -2 -4 -4 -5 -3 -3 -4 -5 -4  3  4 -4  2  0  2 -3 -2 -3 -2  1    0   0   0   0   0   0   0   0   0  27  50   0   3   3  11   0   0   0   0   3  0.66 0.21
  116 T    0  3  0 -2 -3  0 -1 -2  1 -1 -3  3 -1 -1  0  1  2  1 -1 -1    8  17   2   1   0   3   1   1   3   3   0  20   1   2   4  10  16   2   1   4  0.29 0.14
  117 G    4 -3 -3 -3 -1 -3 -1  4 -4 -1 -3 -3 -3 -4  0  0  0 -5 -4 -2   41   0   0   0   2   0   3  35   0   4   2   0   0   0   4   2   5   0   0   1  0.72 0.26
  118 D   -2 -4  0  7 -6 -1  2 -2 -3 -6 -6 -3 -5 -6 -4 -3 -3 -7 -6 -6    2   0   3  77   0   2  13   3   0   0   0   0   0   0   0   0   0   0   0   0  1.81 0.45
  119 F   -3 -4 -4 -5 -1 -4 -5 -5 -3  1  0 -4 -1  5 -5 -1 -3  0  3  3    0   0   0   0   1   0   0   0   0   7   6   0   0  37   0   4   0   1  13  30  0.85 0.26
  120 A    6 -4 -4 -4  1 -3 -3  0 -4 -4 -4 -3 -3 -5 -3  1 -2 -5 -4 -2   84   0   0   0   4   0   0   7   0   0   0   0   0   0   0   5   0   0   0   0  1.32 0.40
  121 L   -3 -4 -5 -5 -3 -4 -4 -5 -4  2  4 -4  1  3 -4 -4 -3  0 -2  0    0   0   0   0   0   0   0   0   0  14  64   0   2  14   0   0   0   2   0   2  0.91 0.26
  122 V   -1 -4 -5 -5 -3 -4 -5 -5 -5  5  0 -4  1 -2 -4 -3 -1 -4 -3  5    4   0   0   0   0   0   0   0   0  39   5   0   2   0   0   0   2   0   0  47  1.01 0.30
  123 K   -2  4 -1 -3 -2  0  1 -4  3 -4 -4  5 -3 -2 -3 -2 -3 -5  0 -4    2  26   1   0   1   1   9   0   8   1   0  47   0   1   0   0   0   0   3   0  0.97 0.29
  124 A    5 -4 -3 -4  2 -3 -3  2 -4 -3 -4 -3 -3 -4 -3  0 -2 -5 -4 -1   72   0   0   0   5   0   0  19   0   0   0   0   0   0   0   2   0   0   0   3  1.11 0.35
  125 W   -2  0 -1  0 -5  0 -1 -4  4 -4 -3 -1 -3  0 -4  0 -1  9  2 -4    3   5   2   5   0   4   4   0  15   0   1   3   0   4   0   6   4  39   6   0  1.26 0.32
  126 K   -2  3 -2 -3 -5  1 -1 -3 -2 -1 -2  5 -3 -4 -2 -1 -1 -5 -3 -1    1  16   0   0   0   5   1   1   0   4   3  57   0   0   1   3   3   0   1   4  0.87 0.30
  127 A    5 -3 -3 -4  1 -3 -3  2 -4 -2 -3 -3 -3 -4 -3  1 -2 -5 -4  1   57   0   0   0   4   0   0  13   0   0   0   0   0   0   0   6   0   0   0  13  0.72 0.28
  128 D   -1 -4  1  7 -5 -3 -1 -3 -3 -6 -6 -3 -5 -6 -4 -2 -3 -6 -5 -5    7   0   6  84   0   0   0   0   0   0   0   0   0   0   0   0   0   0   0   0  1.94 0.42
  129 R   -1  4 -2 -2 -2  0  1 -3  0 -3 -3  3 -2 -3  2 -1  1 -4  0 -2    3  30   0   1   1   2   7   0   2   0   1  19   1   0  11   3  11   0   4   2  0.55 0.18
  130 A    2 -1 -1 -1 -2 -1 -1 -2  2 -1  1 -1  2  1 -2  0 -1  2  2 -1   25   2   3   3   1   1   4   0   7   1  16   2   6   7   0   5   1   3  11   2  0.18 0.11
  131 G   -2 -5 -3 -4 -6 -5 -5  7 -5 -7 -7 -4 -6 -6 -5 -3 -4 -6 -6 -6    0   0   0   0   0   0   0 100   0   0   0   0   0   0   0   0   0   0   0   0  2.39 0.47
  132 N   -4 -3  8 -1 -5 -3 -3 -3 -2 -5 -6 -3 -5 -6 -5  0 -2 -6 -5  0    0   0  87   0   0   0   0   0   0   0   0   0   0   0   0   6   0   0   0   7  2.06 0.49
  133 V    0 -4 -5 -5  5 -4 -5 -5 -5  1  4 -4  1 -1 -4 -3 -2 -4 -3  1    9   0   0   0  18   0   0   0   0   8  51   0   1   1   0   0   1   0   0  10  0.75 0.23
  134 I   -1 -1 -3 -4 -3  1 -2 -3 -1  3 -1 -2  4  0 -4 -1  1  0  0  3    4   4   0   0   0   6   2   1   1  18   0   0  15   5   0   2  10   1   3  27  0.35 0.17
  135 F   -4 -5 -5 -6 -1 -5 -5 -6 -2 -1  1 -5 -1  6 -6 -4 -4 -1  6 -3    0   0   0   0   1   0   0   0   0   3  15   0   1  48   0   0   0   0  32   0  1.47 0.35
  136 R   -2  6  1  0 -5 -1  0 -1  2 -4 -4  2 -1 -2 -4 -2 -2 -2 -2 -3    2  53   5   4   0   1   4   6   5   0   0  10   2   1   0   2   1   0   1   2  0.87 0.27
  137 K    0  2  0 -3 -4 -2 -2  4  2 -3 -1  2 -2 -2 -3 -1 -2 -3  2 -3    6  10   3   0   0   0   1  33   5   0   9  19   1   1   0   1   1   0   8   1  0.45 0.18
  138 S    2 -3 -2 -3 -3 -3 -3 -3 -3 -3 -3 -3 -3 -4 -3  4  5 -5 -4 -1   18   0   0   0   0   0   0   0   0   0   1   0   0   0   0  35  43   0   0   3  1.02 0.35
  139 A    5 -3 -3 -3 -3  1 -2  0 -3 -3 -3 -2  0 -2 -3  1  3 -5 -4 -2   59   0   0   0   0   6   1   4   0   0   0   0   3   2   0   8  18   0   0   0  0.85 0.31
  140 R   -1  6  0 -3 -2  1 -2 -3  1 -3 -4  2  0 -3 -4 -2 -2 -5 -4 -4    5  59   4   0   1   7   0   1   3   1   0  11   3   1   0   1   2   0   0   0  1.10 0.33
  141 N   -1 -3  7 -1 -5 -3 -3 -3 -1 -5 -6 -3 -5 -6 -5  1  0 -6 -5 -3    4   0  78   1   0   0   0   1   1   0   0   0   0   0   0   9   4   0   0   2  1.79 0.47
  142 F   -4 -5 -3 -6 -5 -5 -5 -6  0 -1 -1 -5 -1  8 -6 -1 -3  1  2 -2    1   0   2   0   0   0   0   0   2   2   2   0   1  78   0   5   1   1   3   2  1.77 0.44
  143 N   -2 -3  7 -1 -5 -1 -3  1  0 -6 -6 -2 -4 -5 -4  1  0 -6 -5 -5    2   0  72   0   0   2   0   9   2   0   0   0   0   0   0   8   6   0   0   0  1.54 0.42
  144 L    0 -2 -2 -2 -3  0 -1 -1 -1 -1 -1 -2 -1 -2  6 -1 -1 -4 -3  2    6   2   1   1   0   5   2   5   2   2   7   1   1   1  42   3   3   0   0  16  0.81 0.21
  145 P    0 -3 -2 -1 -3 -1 -2 -4 -3  1  1 -3  0 -2  4  1 -1 -4 -2  1    9   0   1   3   0   3   2   0   0  10  15   0   2   1  27  11   1   0   1  15  0.50 0.17
  146 M   -2 -4 -5 -3 -3 -3 -2 -6 -5 -1  1 -2  8 -1 -5 -3 -2 -4 -4  1    3   0   0   2   0   0   2   0   0   1   8   2  68   2   0   1   1   0   0   8  1.61 0.48
  147 C    5 -4 -4 -5  7 -4 -4 -1 -5 -2 -4 -4 -2 -4 -4 -1 -2 -1 -5 -1   58   0   0   0  31   0   0   5   0   1   0   0   1   0   0   1   0   1   0   2  1.34 0.39
  148 K    1  1 -2 -3 -4 -1 -2 -3 -3 -2  0  4  4 -2 -2 -1  2 -5 -4 -2   13   7   0   0   0   1   0   1   0   0   6  37  17   1   1   2  14   0   0   0  0.58 0.26
  149 A    5 -3  1 -4  1 -2 -3 -1 -4 -4 -4 -3  0 -5 -3  0 -1 -5 -4 -2   76   0   7   0   3   1   0   2   0   0   0   0   2   0   0   5   3   0   0   1  1.11 0.37
  150 A    6 -4 -4 -4  0 -3 -3 -2 -4 -4 -4 -3 -3 -5 -3  0 -2 -5 -5 -2   93   0   0   0   2   0   0   0   0   0   0   0   0   0   0   4   0   0   0   1  1.61 0.45

                      K         Lambda
Standard Ungapped    0.1792     0.3423
Standard Gapped      0.1100     0.3190
PSI Ungapped         0.1792     0.3423
PSI Gapped           0.1100     0.3190
