
Last position-specific scoring matrix computed, weighted observed percentages rounded down, information per position, and relative weight of gapless real matches to pseudocounts
           A  R  N  D  C  Q  E  G  H  I  L  K  M  F  P  S  T  W  Y  V   A   R   N   D   C   Q   E   G   H   I   L   K   M   F   P   S   T   W   Y   V
    1 K   -1  3 -1 -2 -4  1  0 -3 -1 -4 -3  6 -2 -4 -2 -1 -1 -4 -3 -3    0   9   0   0   0   0   0   0   0   0   0  91   0   0   0   0   0   0   0   0  1.10 0.11
    2 A    4 -1 -1 -1 -2  0  2 -1 -2 -3 -3  1 -2 -3 -1  1  0 -4 -3 -1   60   0   0   0   0   0  22   0   0   0   0   8   0   0   0  10   0   0   0   0  0.54 0.07
    3 Q    0  2 -1 -1 -4  5  2 -3  0 -4 -3  2 -1 -4 -2 -1 -1 -3 -3 -3    9  12   0   0   0  51  15   0   0   0   0  13   0   0   0   0   0   0   0   0  0.79 0.09
    4 Q   -2  0 -1 -2 -4  7  1 -3  0 -4 -3  0 -1 -4 -3 -1 -2 -3 -3 -3    0   0   0   0   0 100   0   0   0   0   0   0   0   0   0   0   0   0   0   0  1.55 0.18
    5 E   -1  1 -1  0 -5  1  5 -3 -1 -4 -4  0 -3 -4 -2  1 -1 -4 -3 -3    0   9   0   0   0   0  82   0   0   0   0   0   0   0   0   9   0   0   0   0  1.11 0.12
    6 E    1  2 -1  0 -3  1  4 -2 -1 -3 -3  1 -2 -4 -2  0  2 -4 -3 -2   16  12   0   0   0   4  43   0   0   0   0   9   0   0   0   0  16   0   0   0  0.54 0.07
    7 R   -2  4 -1  0 -4  1 -1 -1  2 -1 -2  3 -2  0 -2 -1 -2 -3 -1 -1    0  39   0   7   0   5   0   3   9   6   0  22   0   5   0   0   0   0   0   4  0.47 0.06
    8 L   -2 -3 -4 -5  1 -3 -4 -5 -4  1  5 -3  1  0 -4 -3 -2 -3 -2  0    0   0   0   0   4   0   0   0   0   0  96   0   0   0   0   0   0   0   0   0  0.90 0.11
    9 E    0 -2  3  5 -4  0  3 -2 -1 -4 -4 -1 -3 -4 -2 -1 -1 -5 -4 -3    9   0  16  48   0   0  27   0   0   0   0   0   0   0   0   0   0   0   0   0  0.90 0.09
   10 G   -1  2  1  1 -4  1  4  0 -1 -4 -4  0 -3 -4 -2  1 -1 -4 -3 -3    0  14   5   6   0   3  48   7   0   0   0   0   0   0   0  17   0   0   0   0  0.62 0.07
   11 I   -2 -4 -4 -5 -2 -3 -4 -5 -4  5  1 -4  2 -1 -4 -3 -2 -3 -2  2    0   0   0   0   0   0   0   0   0  84   3   0   8   0   0   0   0   0   0   5  0.84 0.12
   12 N   -3 -1  7  0 -4 -1 -1 -2  0 -5 -5 -1 -3 -4 -3  0 -1 -5 -3 -4    0   0 100   0   0   0   0   0   0   0   0   0   0   0   0   0   0   0   0   0  1.62 0.17
   13 K   -2  3 -1 -1 -4  3  2 -3 -1 -4 -3  4 -2 -4 -2 -1 -1 -4 -3 -3    0  18   0   0   0  23  14   0   0   0   0  45   0   0   0   0   0   0   0   0  0.83 0.10
   14 Q    0 -1 -1  0 -3  4  4 -3  1 -2 -2  0  1 -3 -2  1  0 -3 -3 -1    4   0   0   0   0  30  37   0   2   0   0   0   7   0   0   9   6   0   0   5  0.58 0.08
   15 F   -3 -4 -4 -5 -3 -4 -4 -5 -1 -1  1 -4 -1  6 -4 -3 -3  0  4 -2    0   0   0   0   0   0   0   0   0   0  11   0   0  71   0   0   0   0  18   0  1.15 0.12
   16 L   -1 -1 -4 -4 -2 -2 -3 -4 -3  1  4 -3  2  2 -3 -2 -2 -2 -1  1    5   4   0   0   0   0   0   0   0   0  67   0   3   9   0   0   0   0   0  11  0.52 0.07
   17 D   -1 -2  2  4  3 -1  1  1 -2 -3 -1 -1 -2 -3 -3  0 -1 -4 -3 -3    0   0  16  34  14   0  11  11   0   0   7   0   0   0   0   8   0   0   0   0  0.48 0.06
   18 D   -3 -2  3  6 -5 -1  0 -2  1 -4 -4 -2 -4 -3 -3 -1 -2 -4  1 -4    0   0  16  71   0   0   0   0   4   0   0   0   0   0   0   0   0   0   9   0  1.14 0.12
   19 P   -1 -1 -1  3 -4  3  1 -3 -1 -1 -3  0 -2 -4  5 -1 -2 -4 -3 -2    0   0   0  22   0  20   4   0   0   7   0   5   0   0  38   4   0   0   0   0  0.91 0.08
   20 K    0  2  0  3 -4  1  0 -2 -1 -4 -3  5 -2 -4 -2 -1 -1 -4 -3 -3    7   7   0  20   0   4   0   0   0   0   0  62   0   0   0   0   0   0   0   0  0.75 0.10
   21 Y   -2 -3 -3 -3 -4 -2  0 -4  0 -2 -2 -3 -2  3 -4 -2  1  1  7 -2    0   0   0   0   0   0   9   0   0   0   0   0   0  13   0   0  11   0  67   0  1.07 0.13
   22 S    1  2  0  1 -3  0 -1  0 -1 -2  0  1 -1 -3 -2  2  0 -4 -3 -1   10  18   2   9   0   0   0   4   0   0  11  12   0   0   0  28   0   0   0   5  0.24 0.04
   23 N   -2 -1  1  5 -4  2  2 -2 -1 -4 -4 -1 -3 -4 -2  0  0 -5 -4 -3    0   0   4  54   0  15  15   0   0   0   0   0   0   0   0   8   5   0   0   0  0.88 0.09
   24 D   -1 -2 -1  3 -3  0  3 -3 -1  1 -2 -1 -1 -2 -2  0 -1 -3  1  1    0   0   0  18   0   0  35   0   0  12   0   0   0   0   0  11   0   0   9  14  0.36 0.06
   25 E    0 -1 -1  2 -4  1  5 -3 -1 -4 -4  0 -3 -4  1 -1 -1 -4 -4 -3    9   0   0   8   0   0  76   0   0   0   0   0   0   0   7   0   0   0   0   0  1.00 0.10
   26 D   -2 -2  3  5 -4 -1  1 -1  2 -3 -1 -1 -2 -3 -3 -1 -2 -5 -3 -3    0   0  14  58   0   0   7   4   8   0   9   0   0   0   0   0   0   0   0   0  0.80 0.08
   27 L   -2 -3 -4 -5 -2 -3 -4 -5 -4  2  4 -3  2  0 -4 -3 -2 -3 -2  0    0   0   0   0   0   0   0   0   0   9  91   0   0   0   0   0   0   0   0   0  0.84 0.09
   28 P    1 -1  0 -1 -3  1  2 -2 -2 -3 -2  0 -2 -4  5 -1 -1 -4 -3 -2   19   0   6   0   0   9  16   0   0   0   2   7   0   0  42   0   0   0   0   0  0.93 0.07
   29 S    0 -1  0  2 -3  0  4  0 -1 -3 -4  0 -3 -4 -2  2  0 -4 -3 -3    7   0   0   8   0   0  47   5   0   0   0   0   0   0   0  30   3   0   0   0  0.63 0.08
   30 K    0  2 -1 -2 -4  1  0 -2 -1 -3 -3  5 -2 -4 -2 -1  1 -4 -3 -3    7   9   0   0   0   4   0   0   0   0   0  70   0   0   0   0  11   0   0   0  0.80 0.10
   31 L   -2 -3 -4 -5 -3 -3 -4 -5 -4  1  5 -3  1  0 -4 -3 -2 -3 -2  0    0   0   0   0   0   0   0   0   0   0 100   0   0   0   0   0   0   0   0   0  0.99 0.12
   32 E    1 -1  1  1 -3  1  3 -2  2 -1 -2 -1 -2 -3 -2  2  1 -4 -2 -1    9   0   6   9   0   3  27   0   6   8   0   0   0   0   0  20  12   0   0   0  0.35 0.05
   33 A    2  1 -1 -2 -2 -1  0 -1 -2  0 -1  0  1 -2  1  1  0 -3 -2  0   29  11   0   0   0   0   7   3   0   8   0   5   7   0   5  14   3   0   0   6  0.20 0.04
   34 F   -3 -3 -3 -4 -3 -3 -4 -4  2  0  0 -3 -1  6 -4 -3 -3  0  5 -2    0   0   0   0   0   0   0   0   5   4   4   0   0  54   0   0   0   0  32   0  1.05 0.11
   35 K   -2  1  0 -2 -4  0  0 -3 -2 -3 -1  5 -2 -4  1 -1 -2 -4 -3 -3    0   0   4   0   0   0   0   0   0   0   6  85   0   0   5   0   0   0   0   0  0.95 0.13
   36 V   -1  1  2  1 -4  1  4 -2 -1 -3 -3  2 -2 -4 -2  1  0 -4 -3 -2    2   6  17   4   0   3  40   0   0   0   0  12   0   0   0   8   7   0   0   2  0.55 0.06
   37 K   -1  1 -1 -1 -4  3  0 -3 -1 -3 -1  5 -1 -3 -2 -1 -1 -4 -3 -3    0   0   0   0   0  22   0   0   0   0   6  72   0   0   0   0   0   0   0   0  0.82 0.09
   38 Y   -3 -4 -4 -4 -4 -3 -4 -1  0 -2 -1 -4 -2  6 -5 -3 -3  0  6 -2    0   0   0   0   0   0   0   6   0   0   0   0   0  53   0   0   0   0  41   0  1.23 0.16
   39 M   -1 -1 -2 -3 -3  2 -2 -4 -2  0  1  2  6 -2 -3 -2 -1 -3 -3  0    4   0   0   0   0   9   0   0   0   0   3  20  60   0   0   0   0   0   0   4  0.72 0.17
   40 E   -1  1 -1  1 -4  3  5 -3 -1 -4 -4  2 -2 -4 -2  0  1 -4 -3 -3    0   6   0   2   0  13  55   0   0   0   0  12   0   0   0   4   8   0   0   0  0.81 0.12
   41 F   -3 -4 -4 -5 -4 -4 -4 -5 -1 -2 -1 -4 -2  6 -5 -3 -3  0  5 -2    0   0   0   0   0   0   0   0   0   0   0   0   0  65   0   0   0   0  35   0  1.45 0.18
   42 D   -3 -3  0  7 -5 -1  0 -3  2 -5 -5 -2 -5 -5 -3 -2 -2 -6 -4 -5    0   0   0  92   0   0   0   0   8   0   0   0   0   0   0   0   0   0   0   0  1.70 0.23
   43 L    0 -2 -3 -3 -2  0 -1 -3 -3  1  4 -2  1 -1 -3  0  0 -3 -2  0   11   0   0   0   0   5   3   0   0   2  64   0   0   0   0   6   5   0   0   4  0.41 0.10
   44 N   -1 -1  5  3 -3 -1 -1  2 -1 -3 -3 -1 -3 -3 -2  1 -1 -3 -3 -3    1   1  53  16   0   1   1  14   0   1   1   1   0   1   1   7   1   0   0   1  0.75 0.11
   45 G    0  1  2  2  0  0  0  2 -1 -2 -2  1 -2 -3 -2  1  0 -3 -2 -1    3   6  14  14   3   4   1  19   0   1   1  13   0   1   1  10   3   0   0   5  0.25 0.04
   46 N   -1 -1  2  4 -3  1  2 -2 -1 -3 -3  1 -2 -3 -2  2  0 -3 -3 -3    1   1   8  31   0   6  14   1   0   1   1  10   0   1   1  21   1   0   0   1  0.50 0.07
   47 G   -1 -1  0 -1 -3  0  1  4  4 -3 -3 -1 -2 -2 -2 -1 -1 -2 -1 -2    2   1   1   1   0   1  17  47  19   1   2   1   0   1   1   1   1   0   1   1  0.52 0.04
   48 D   -1 -1 -1  2 -2  0  2 -2 -1  0 -1 -1 -1  2 -2 -1 -1 -1  1  1    2   1   1  16   0   1  26   2   0   1   2   1   0  16   1   1   1   0   7  20  0.20 0.02
   49 I   -1 -1  2 -1 -2 -1 -2 -2 -2  3  2  0  1 -1 -2 -1 -1 -2 -1  1    2   1  16   1   0   1   1   2   0  37  23   9   0   1   1   1   1   0   1   1  0.15 0.03
   50 D   -1 -1  4  4 -2  0  0 -1  0 -2 -2  0 -2 -2 -1  0  0 -2 -2 -2    3   2  35  35   1   1   2   2   1   2   3   2   1   1   2   2   2   0   1   2  0.49 0.00
   51 I    0 -2 -3 -3 -2 -2 -3 -3  2  3  2 -2  2  2 -3 -2 -1 -2  0  1    9   0   0   0   0   0   0   0  12  32  20   0  13  11   0   0   0   0   2   0  0.26 0.03
   52 M   -2 -2 -3 -3 -2 -1  0 -4 -2  1  2 -2  6  0 -3 -2 -1 -1  2  1    0   0   0   0   0   0   8   0   0   7   9   0  58   0   0   0   0   0  12   5  0.49 0.06
   53 S    0 -1  0  1 -3  1  4  1 -1 -4 -4  1 -3 -4 -2  2  0 -4 -3 -3    4   0   0   7   0   0  44  13   0   0   0   5   0   0   0  27   0   0   0   0  0.55 0.04
   54 L   -2 -3 -4 -5 -2 -2 -4 -4 -3  1  4 -3  2  0 -3 -3 -2 -2 -2  1    0   0   0   0   0   0   0   0   0   0  88   0   5   0   0   0   0   0   0   7  0.64 0.03
   55 K   -1  2  0 -1 -4  2  1 -2 -1 -3 -3  5 -2 -4 -2 -1 -1 -4 -3 -3    0   0   0   0   0  13   0   0   0   0   0  87   0   0   0   0   0   0   0   0  0.86 0.04
   56 R   -2  5 -1 -3 -3  1 -1 -3 -1 -1  1  2  1 -2 -3 -1 -1 -3 -2 -1    0  55   0   0   0   4   0   0   0   0  30   7   4   0   0   0   0   0   0   0  0.53 0.02
   57 M   -2 -2 -3 -4 -2 -1 -3 -4 -3  1  2 -2  6  0 -3 -2 -1 -2 -2  1    0   0   0   0   0   0   0   0   0   0  13   0  84   0   0   0   0   0   0   4  0.70 0.05
   58 L   -2 -2 -3 -4 -2 -1 -3 -4 -3  1  3 -2  6  0 -3 -2 -1 -2 -2  0    0   0   0   0   0   0   0   0   0   0  40   0  60   0   0   0   0   0   0   0  0.63 0.04
   59 E   -1 -1 -1  1 -5  3  5 -3  0 -4 -4  0 -2 -4 -2 -1 -1 -4 -3 -3    0   0   0   0   0   9  91   0   0   0   0   0   0   0   0   0   0   0   0   0  1.10 0.04
   60 K   -1  3  0 -1 -4  1  0 -2 -1 -2 -3  5 -2 -3 -2 -1 -1 -4 -3 -2    0   7   0   0   0   0   0   0   0   5   0  88   0   0   0   0   0   0   0   0  0.80 0.04
   61 L   -2 -3 -4 -5 -2 -3 -4 -4 -3  2  4 -3  2  0 -3 -3 -2 -2 -2  1    0   0   0   0   0   0   0   0   0  13  84   0   4   0   0   0   0   0   0   0  0.64 0.03
   62 G   -1  0  2 -1 -4 -2 -2  5 -2 -5 -4 -1 -3 -4 -3 -1 -2 -4 -4 -4    0   7  13   0   0   0   0  80   0   0   0   0   0   0   0   0   0   0   0   0  1.05 0.03
   63 V    1 -1 -2 -2 -2  3  0 -2 -1  1  0 -1  0 -2 -2 -1 -1 -3 -2  2   21   0   0   0   0  31   3   0   0   0  11   0   0   0   0   0   0   0   0  34  0.26 0.02
   64 P    2 -2 -2 -2 -3 -1 -1 -2  2 -2 -1 -1 -2 -3  6  0 -1 -4 -2 -2   29   0   0   0   0   0   0   0   9   0   7   0   0   0  55   0   0   0   0   0  1.21 0.03
   65 K   -1  3  0 -1 -4  3  1 -2 -1 -3 -3  5 -2 -4 -2 -1 -1 -4 -3 -3    0   9   0   0   0  19   0   0   0   0   0  72   0   0   0   0   0   0   0   0  0.80 0.03
   66 T    0 -2  0 -2 -2 -1 -1 -2 -2 -1 -2 -1 -1 -2 -2  1  5 -4 -2 -1    0   0   0   0   0   0   0   0   0   0   0   0   0   0   0   0 100   0   0   0  0.86 0.05
   67 H   -2 -1  2 -1 -4  2  0 -3  7 -4 -3 -1 -2 -1 -3 -1 -2 -2  3 -3    0   0  10   0   0   9   0   0  68   0   0   0   0   0   0   0   0   0  13   0  0.94 0.05
   68 L   -2 -2 -4 -4 -2 -2 -3 -4 -3  1  4 -1  2  0 -3 -3 -2 -2 -2  0    0   0   0   0   0   0   0   0   0   0  96   4   0   0   0   0   0   0   0   0  0.65 0.03
   69 E    0 -1 -1  1 -4  1  5  1 -1 -4 -4  0 -3 -4 -2 -1 -1 -4 -3 -3    6   0   0   2   0   0  79  13   0   0   0   0   0   0   0   0   0   0   0   0  0.93 0.08
   70 L   -2 -3 -4 -5 -2 -2 -4 -4 -3  2  4 -3  3  0 -3 -3 -2 -3 -2  1    0   0   0   0   0   0   0   0   0  20  63   0  17   0   0   0   0   0   0   0  0.63 0.05
   71 K   -1  2  1 -1 -4  1  0 -2 -1 -1 -3  5 -2 -4 -2 -1 -1 -4 -3 -2    0   7   8   0   0   0   0   0   0   7   0  78   0   0   0   0   0   0   0   0  0.79 0.08
   72 R   -1  3  1 -1 -4  1  0 -1 -1 -4 -3  5 -2 -4 -2  0 -1 -4 -3 -3    2  14   8   0   0   4   3   2   0   0   0  64   0   0   0   3   0   0   0   0  0.72 0.06
   73 L   -2 -3 -3 -4 -2 -1 -3 -4 -3  2  2 -2  6 -1 -3 -3 -1 -2 -2  1    0   0   0   0   0   0   0   0   0  15  16   0  69   0   0   0   0   0   0   0  0.78 0.09
   74 I   -2 -4 -4 -5 -2 -3 -4 -5 -4  5  1 -3  2 -1 -4 -3 -1 -3 -2  2    0   0   0   0   0   0   0   0   0  91   4   0   5   0   0   0   0   0   0   0  0.77 0.08
   75 R    1  2  0 -1 -3  0  2  0  1 -3 -3  2 -2 -3 -2  2  0 -4 -2 -2   15  12   2   0   0   0  15   6   4   0   0  14   0   0   0  31   0   0   0   1  0.36 0.03
   76 E   -1  0 -1  1 -5  3  5 -3  0 -4 -4  2 -2 -4 -2 -1 -1 -4 -3 -3    0   0   0   4   0  18  66   0   0   0   0  13   0   0   0   0   0   0   0   0  0.95 0.07
   77 V    0 -3 -4 -4 -2 -3 -3 -4 -3  2  0 -3  2  1 -3 -2 -1 -3 -2  4    4   0   0   0   0   0   0   0   0   5   0   0   8   7   0   0   0   0   0  76  0.54 0.06
   78 S   -1 -2  0  5 -3 -1  0 -2 -2  0 -2  0 -2 -3 -2  1  1 -5 -3 -1    2   0   0  53   0   0   0   0   0  10   0   7   0   0   0  12  14   0   0   2  0.58 0.05
   79 S    0  1  0 -1 -3  0  2  2  2 -3 -3  0 -2 -3 -2  3  1 -4 -2 -3    0   6   0   0   0   0  23  19   7   0   0   3   0   0   0  35   8   0   0   0  0.42 0.04
   80 G   -1 -2  0  3 -3 -1  1  4 -2 -4 -4 -1 -3 -4 -3  0  2 -4 -4 -3    0   0   0  29   0   0   8  40   0   0   0   0   0   0   0   3  20   0   0   0  0.66 0.06
   81 S   -1 -2  2  0 -3 -1 -2  1  2  0  0 -2 -1  1 -3  2  0 -3 -1  0    0   0  10   3   0   0   0  10   8   7   7   0   0  10   0  31   3   0   0  10  0.20 0.11
   82 E   -1  0  0  4 -3 -1  1  0  1 -4 -4  1 -3 -4 -2  3  1 -5 -3 -3    0   4   0  30   0   0   6   7   4   0   0   8   0   0   0  31   9   0   0   0  0.55 0.15
   83 E   -1 -2  2  4 -4  1  2  3 -2 -5 -4 -1 -3 -4 -3  1 -1 -5 -4 -4    0   0  13  32   0   5  13  25   0   0   0   0   0   0   0  12   0   0   0   0  0.71 0.16
   84 T    1 -1 -1 -2 -2  1 -1 -3 -2  0 -2  2 -1 -3 -2  1  4 -4 -3  1    8   0   0   0   0   8   0   0   0   5   0  15   0   0   0   7  43   0   0  14  0.46 0.17
   85 F   -3 -4  0 -4 -3 -3 -4 -5 -3  4  2 -3  0  3 -4 -3 -2 -3 -1  1    0   0   8   0   0   0   0   0   0  58  17   0   0  16   0   0   0   0   0   0  0.64 0.15
   86 S    0 -2  2  0  2 -1 -1  0  1 -3 -3 -1 -3 -1  1  4  1 -4 -2 -3    0   0  15   3   5   0   0   4   5   0   0   0   0   3   8  50   7   0   0   0  0.54 0.13
   87 Y   -3 -4 -4 -5 -4 -4 -4 -5  0 -2 -2 -4 -2  5 -5 -3 -3  0  7 -3    0   0   0   0   0   0   0   0   0   0   0   0   0  30   0   0   0   0  70   0  1.72 0.26
   88 S   -2  5  1 -2 -4  0 -1 -3  3 -4 -3  0 -3 -3  2  1 -2  5 -1 -3    0  50   6   0   0   0   0   0  10   0   0   0   0   0   9  13   0  11   0   0  0.79 0.13
   89 D   -2 -2  0  5 -5  0  4 -3 -2 -5 -5 -1 -4 -5 -3  0 -2 -5 -4 -4    0   0   0  59   0   0  36   0   0   0   0   0   0   0   0   5   0   0   0   0  1.24 0.15
   90 F   -3 -4 -4 -4 -3 -4 -4 -4 -2 -2 -1 -4 -1  7 -4  0 -2 -1  2 -2    0   0   0   0   0   0   0   0   0   0   0   0   0  89   0  11   0   0   0   0  1.40 0.20
   91 L   -2 -3 -4 -5 -2 -3 -4 -5 -4  2  4 -3  2 -1 -4 -3 -2 -3 -2  3    0   0   0   0   0   0   0   0   0   5  61   0   6   0   0   0   0   0   0  28  0.69 0.11
   92 R   -1  3  3  0 -3 -1 -1  0 -1 -2  1  1 -1  0 -3 -1 -1 -3 -2 -2    5  22  25   3   0   0   0   7   0   0  20  10   0   5   0   0   3   0   0   0  0.27 0.06
   93 M   -2 -3 -4 -5 -3 -2 -3 -5 -3  3  2 -3  7 -1 -4 -3 -2 -3 -2  0    0   0   0   0   0   0   0   0   0  20  10   0  70   0   0   0   0   0   0   0  1.06 0.18
   94 M   -2 -3 -4 -5 -3 -2 -4 -4 -3  0  2 -3  7  3 -4 -3 -2 -2 -1  0    0   0   0   0   0   0   0   0   0   0  20   0  60  20   0   0   0   0   0   0  0.93 0.16
   95 L   -2 -2 -3 -4 -3 -2 -3 -4  2  1  4  1  1 -1 -3 -2  0 -3 -2  0    0   0   0   0   0   0   0   0   8   5  70  12   0   0   0   0   5   0   0   0  0.51 0.10
   96 G   -1  1 -1 -2 -4 -1 -2  5 -2 -5 -4  2 -3 -4 -3  0 -2 -4 -4 -4    0  10   0   0   0   0   0  66   0   0   0  20   0   0   0   5   0   0   0   0  0.96 0.11
   97 K    2  1 -1 -2 -3  0 -1 -1 -2 -3 -3  5 -2 -4  2 -1 -1 -4 -3 -3   23   5   0   0   0   0   0   4   0   0   0  58   0   0  10   0   0   0   0   0  0.69 0.11
   98 R   -2  5 -1 -2 -4  2 -1 -3 -1 -3 -3  3 -2 -2 -3 -1  0 -3  2 -3    0  54   0   0   0  10   0   0   0   0   0  21   0   0   0   0   5   0  10   0  0.84 0.12
   99 S    1 -2  2  2 -2 -1 -1 -1 -2 -3 -3 -1 -2 -3 -2  4  1 -4 -3 -1    8   0  10  12   0   0   0   0   0   0   0   0   0   0   0  63   3   0   0   3  0.66 0.11
  100 A    2 -2 -1  1  1 -2 -1  3 -2 -3 -3 -2 -2 -3  1  1  1 -4 -3 -2   29   0   0  10   4   0   0  25   0   0   0   0   0   0   8  14  10   0   0   0  0.44 0.06
  101 I   -2 -2 -3 -3 -2  0 -1 -4 -2  4  0  0  2 -1 -3 -2  0 -3  0  2    0   0   0   0   0   5   5   0   0  46   0   8  10   0   0   0   7   0   3  16  0.33 0.08
  102 L   -2  1 -4 -5 -3 -3 -4 -5 -3  1  5 -2  1 -1 -4 -3 -2 -3 -2  0    0  10   0   0   0   0   0   0   0   0  90   0   0   0   0   0   0   0   0   0  0.84 0.13
  103 R   -1  2  0  1 -4  2  1 -2 -1 -4 -3  4 -2 -4 -2  0 -1 -4 -3 -3    0  12   0  10   0   6   9   0   0   0   0  55   0   0   0   7   0   0   0   0  0.72 0.09
  104 M   -2 -2 -3 -4 -2 -2 -3 -4 -3  1  4  0  4 -1 -3 -3 -2 -3 -2  1    0   0   0   0   0   0   0   0   0   4  56   7  22   0   0   0   0   0   0  10  0.54 0.08
  105 I   -2 -4 -4 -4  4 -3 -4 -5 -4  4  1 -3  0 -1 -4 -3 -1 -3 -2  3    0   0   0   0  13   0   0   0   0  64   0   0   0   0   0   0   0   0   0  22  0.60 0.06
  106 L   -2 -2 -3 -4 -2 -2 -3 -4 -3  2  3  0  3  0 -3 -2 -1 -3 -2  1    0   0   0   0   0   0   0   0   0   8  57  12  10   0   0   0   0   0   0  13  0.42 0.04
  107 M   -2 -2 -3 -4 -2  1 -2 -4 -2  0  2 -2  6  1 -3 -2 -1 -2 -1  0    0   0   0   0   0   9   0   0   0   0   8   0  74   8   0   0   0   0   0   0  0.67 0.08
  108 Y   -3 -3 -4 -4 -3 -3 -4 -4  0 -1  0 -3 -1  6 -4 -3 -2  1  5 -2    0   0   0   0   0   0   0   0   0   0   0   0   0  69   0   0   0   0  31   0  1.11 0.07
  109 E   -1 -1 -1  1 -5  1  6 -3 -1 -4 -4  0 -3 -4 -2 -1 -1 -4 -3 -3    0   0   0   0   0   0 100   0   0   0   0   0   0   0   0   0   0   0   0   0  1.28 0.08
  110 E    1 -1 -1  0 -4  0  4  3 -1 -4 -4 -1 -3 -4 -2  1 -1 -4 -3 -3    9   0   0   0   0   0  47  35   0   0   0   0   0   0   0   8   0   0   0   0  0.65 0.04
  111 K   -1  1 -1 -2 -3  0  0 -3 -2 -1 -1  5  3 -3 -2 -1 -1 -3 -3  0    0   0   0   0   0   0   0   0   0   0   0  71  21   0   0   0   0   0   0   8  0.59 0.06
  112 N    0 -1  3 -1 -3 -1 -1  3  2 -2 -2  0  1 -3 -2  0  1 -3 -2 -2   10   0  25   0   0   0   0  29   9   0   0   5   8   0   0   0  13   0   0   0  0.37 0.03
  113 K   -1  3  2  0 -4  1  2 -2 -1 -4 -3  4 -2 -4 -2 -1 -1 -4 -3 -3    0  18  13   0   0   0  16   0   0   0   0  53   0   0   0   0   0   0   0   0  0.70 0.04
  114 E   -1  0 -1  0 -3  1  4 -2 -1 -2 -2  1 -2 -3 -2  1 -1 -4 -3  0    0   0   0   0   0   0  59   0   0   0   0  12   0   0   0  14   0   0   0  15  0.57 0.03
  115 H    0  0  0 -1 -3  2  1 -2  3 -3 -3  1 -2 -3 -2  3  1 -3 -1 -2    0   0   0   0   0  12  10   0  14   0   0  13   0   0   0  41  10   0   0   0  0.46 0.03
  116 K   -1  0 -1  0 -4  2  3 -2 -1 -4 -3  2 -2 -4  4  1 -1 -4 -3 -3    0   0   0   0   0   7  37   0   0   0   0  22   0   0  24  10   0   0   0   0  0.78 0.03
  117 R   -1  3  0 -1 -4  3  0 -2 -1 -3 -3  4 -2 -4 -2  1 -1 -4 -3 -3    0  17   0   0   0  16   0   0   0   0   0  52   0   0   0  14   0   0   0   0  0.67 0.04
  118 P   -1 -1 -1  0 -3  1 -1 -2 -2 -3 -3 -1 -2 -3  7 -1 -1 -3 -3 -2    1   1   1   7   0  11   1   1   0   1   1   1   0   1  70   1   1   0   0   1  1.64 0.04
  119 T    0  0 -1 -2 -2  0 -1 -2 -2 -1 -2  3 -1 -3 -2  0  3 -4 -2  1    7   0   0   0   0   0   0   0   0   0   0  38   0   0   0   0  40   0   0  16  0.39 0.04
  120 G    0 -3 -1 -2  1 -3 -3  6 -3 -5 -4 -2 -4 -4 -3 -1 -2 -4 -4 -4    0   0   0   0   5   0   0  95   0   0   0   0   0   0   0   0   0   0   0   0  1.35 0.06
  121 P   -1 -2 -3 -3 -3  1 -1 -3 -2  1 -1 -2 -1 -3  6 -2 -1 -4 -3  1    0   0   0   0   0   9   0   0   0  12   0   0   0   0  62   0   0   0   0  17  1.38 0.05
  122 P    1 -2 -2 -2 -3 -1 -1 -2  3 -3 -3 -1 -3 -3  7 -1 -2 -4 -2 -3   17   0   0   0   0   0   0   0  14   0   0   0   0   0  70   0   0   0   0   0  1.72 0.06
  123 A    2  0 -2 -2 -3  1 -1 -2 -2 -3 -3 -1 -2 -4  6  0 -1 -4 -3 -2   26   7   0   0   0  12   0   0   0   0   0   0   0   0  55   0   0   0   0   0  1.28 0.04
  124 K   -1  2 -1 -1 -4  1  2 -2 -1 -4 -3  5 -2 -4  2 -1 -1 -4 -3 -3    0   7   0   0   0   0  16   0   0   0   0  68   0   0  10   0   0   0   0   0  0.77 0.04
  125 K   -2  5 -1 -2 -4  1  0 -3 -1 -4 -3  4 -2 -4 -2 -1 -1 -4 -3 -3    0  61   0   0   0   0   0   0   0   0   0  39   0   0   0   0   0   0   0   0  0.98 0.05
  126 A    2 -2  0  2 -2 -1  0 -1 -2 -2 -3 -1 -2 -3 -1  3  2 -4 -3 -1   31   0   0  20   0   0   0   0   0   0   0   0   0   0   0  30  20   0   0   0  0.45 0.02
  127 I   -2 -3 -4 -4 -2 -3 -4 -5 -3  4  2 -3  1  1 -4 -3 -1 -2 -1  2    0   0   0   0   0   0   0   0   0  63  29   0   0   8   0   0   0   0   0   0  0.52 0.03
  128 S    2 -1  0  1 -2 -1  0 -1 -1 -3 -3 -1 -2 -3 -1  4  1 -4 -2 -2   30   0   0  12   0   0   0   0   0   0   0   0   0   0   0  59   0   0   0   0  0.56 0.03
  129 E   -1 -1  0  4 -3  0  3 -2 -1 -4 -4  0 -3 -4 -2  2  0 -4 -3 -3    0   0   0  38   0   0  31   0   0   0   0   0   0   0   0  31   0   0   0   0  0.72 0.03
  130 L   -2 -3 -4 -5 -2 -3 -4 -4 -3  1  4 -3  2  0 -3 -3 -2 -2 -2  0    0   0   0   0   0   0   0   0   0   0 100   0   0   0   0   0   0   0   0   0  0.74 0.04
  131 P   -1 -2 -3 -2 -4 -2 -2 -3 -3 -4 -4 -2 -3 -4  8 -1 -2 -5 -4 -3    0   0   0   0   0   0   0   0   0   0   0   0   0   0 100   0   0   0   0   0  2.73 0.06

                      K         Lambda
Standard Ungapped    0.1795     0.3419
Standard Gapped      0.1100     0.3190
PSI Ungapped         0.1795     0.3419
PSI Gapped           0.1100     0.3190
