
Last position-specific scoring matrix computed, weighted observed percentages rounded down, information per position, and relative weight of gapless real matches to pseudocounts
           A  R  N  D  C  Q  E  G  H  I  L  K  M  F  P  S  T  W  Y  V   A   R   N   D   C   Q   E   G   H   I   L   K   M   F   P   S   T   W   Y   V
    1 M   -2 -2 -3 -4 -2 -1 -3 -4 -3  1  3 -2  5  0 -3 -2 -1 -2 -2  1    0   0   0   0   0   0   0   0   0   0  50   0  50   0   0   0   0   0   0   0  0.54 0.00
    2 F   -3 -4 -4 -4 -3 -4 -4 -4 -2 -1  0 -4  0  7 -4 -3 -2  0  3 -1    0   0   0   0   0   0   0   0   0   0   0   0   0 100   0   0   0   0   0   0  0.96 0.00
    3 I    0 -2 -1 -2 -2 -2 -2 -2 -2  3  0 -2  0 -1 -2  3  0 -3 -2  1    0   0   0   0   0   0   0   0   0  50   0   0   0   0   0  50   0   0   0   0  0.29 0.00
    4 C   -1 -4 -4 -5  9 -4 -5 -4 -4 -2 -2 -4 -2 -3 -4 -2 -2 -4 -4 -1    0   0   0   0 100   0   0   0   0   0   0   0   0   0   0   0   0   0   0   0  1.41 0.02
    5 E   -1 -1 -1  1 -5  2  6 -3  0 -4 -4  0 -3 -4 -2 -1 -1 -4 -3 -3    0   0   0   0   0   0 100   0   0   0   0   0   0   0   0   0   0   0   0   0  1.12 0.02
    6 L   -2 -3 -4 -5 -2 -3 -4 -5 -4  3  4 -3  2  0 -4 -3 -1 -3 -2  1    0   0   0   0   0   0   0   0   0  35  65   0   0   0   0   0   0   0   0   0  0.55 0.01
    7 N   -2  1  5  1 -4  0  0 -1  0 -4 -4  3 -2 -4 -2  0 -1 -4 -3 -3    0   0  66   0   0   0   0   0   0   0   0  34   0   0   0   0   0   0   0   0  0.79 0.01
    8 C    0 -2 -2 -3  6 -2 -2 -2 -3  0  2 -2  0 -1 -3  2  0 -3 -2 -1    0   0   0   0  32   0   0   0   0   0  34   0   0   0   0  35   0   0   0   0  0.37 0.01
    9 T    0 -1  0 -1 -1  0 -1 -1 -1 -1 -1 -1 -1 -2 -1  1  4 -2 -1  0    3   2   2   2   1   1   2   2   1   2   3   2   1   1   2   2  68   0   1   2  0.41 0.01
   10 E   -1  0  0  1 -3  1  5 -1  0 -2 -2  0 -1 -2 -1  0 -1 -2 -2 -2    3   2   2   2   1   1  68   2   1   2   3   2   1   1   2   2   2   0   1   2  0.58 0.01
   11 S    1 -2  0 -1 -2 -1 -1  3 -2 -3 -3 -1 -3 -3 -2  4  1 -4 -3 -3    0   0   0   0   0   0   0  35   0   0   0   0   0   0   0  65   0   0   0   0  0.66 0.01
   12 G   -1  3 -1 -3 -3 -1 -2  3 -2  0 -1  0 -1 -3 -3 -1 -1 -4 -3  2    0  35   0   0   0   0   0  32   0   0   0   0   0   0   0   0   0   0   0  34  0.35 0.01
   13 N   -1 -1  4  1 -4  0  3  3 -1 -4 -4  0 -3 -4 -2  0 -1 -4 -3 -3    0   0  32   0   0   0  34  35   0   0   0   0   0   0   0   0   0   0   0   0  0.65 0.01
   14 E   -1  4 -1  1 -5  2  5 -3  0 -4 -3  1 -2 -4 -2 -1 -1 -4 -3 -3    0  35   0   0   0   0  65   0   0   0   0   0   0   0   0   0   0   0   0   0  0.84 0.01
   15 Y    2 -2 -2 -3 -2 -2 -2 -2  0 -2 -2 -2 -2  0  5  0 -1 -1  4 -2   35   0   0   0   0   0   0   0   0   0   0   0   0   0  34   0   0   0  32   0  0.80 0.01
   16 S    3 -2 -1 -2 -2 -1 -1 -1 -2 -3 -3 -1 -2 -3  5  3  0 -4 -3 -2   34   0   0   0   0   0   0   0   0   0   0   0   0   0  35  32   0   0   0   0  0.87 0.01
   17 R   -2  3 -3 -4 -3 -1 -2 -4 -2 -1  2  0  0 -1 -3 -2 -2  8  0 -1    0  32   0   0   0   0   0   0   0   0  34   0   0   0   0   0   0  35   0   0  0.78 0.01
   18 Q   -1  0 -1 -2 -3  5  1 -3  0 -1  2  0  1 -2 -2 -1 -1 -3 -2 -1    0   0   0   0   0  66   0   0   0   0  34   0   0   0   0   0   0   0   0   0  0.55 0.01
   19 L   -2 -3 -4 -5 -2 -3 -4 -5 -3  1  4 -3  2  0 -4 -3 -2 -2 -2  1    0   0   0   0   0   0   0   0   0   0 100   0   0   0   0   0   0   0   0   0  0.68 0.01
   20 S    1 -1  0 -1 -2 -1 -1 -1 -1 -2 -2 -1 -2 -3 -1  4  3 -4 -2 -1    0   0   0   0   0   0   0   0   0   0   0   0   0   0   0  65  35   0   0   0  0.64 0.01
   21 I   -1 -3 -4 -4 -2 -3 -3 -4 -4  3  3 -3  1  0 -3 -3 -1 -3 -2  3    0   0   0   0   0   0   0   0   0  32  34   0   0   0   0   0   0   0   0  35  0.46 0.01
   22 Y   -3 -3 -3 -4 -4 -2 -3 -4  2 -2 -2 -3 -2  3 -4 -2 -2  2  7 -2    0   0   0   0   0   0   0   0   0   0   0   0   0   0   0   0   0   0 100   0  1.27 0.02
   23 R   -2  6 -1 -2 -4  1 -1 -3  0 -4 -3  2 -2 -4 -2 -1 -2 -4 -3 -3    0 100   0   0   0   0   0   0   0   0   0   0   0   0   0   0   0   0   0   0  1.13 0.02
   24 D   -2 -2  4  5 -4 -1  1 -1 -1 -4 -5 -1 -4 -4 -2  0 -1 -5 -4 -4    0   0  34  66   0   0   0   0   0   0   0   0   0   0   0   0   0   0   0   0  1.05 0.01
   25 E   -1  0 -1  0 -4  4  3 -3  1 -3 -3  0 -1  0 -2 -1 -1  0  4 -3    0   0   0   0   0  35  32   0   0   0   0   0   0   0   0   0   0   0  34   0  0.62 0.01
   26 I   -1 -2  0  4 -2 -1  0 -2 -2  2 -1 -1 -1 -2 -2  2  0 -4 -3  0    0   0   0  35   0   0   0   0   0  32   0   0   0   0   0  34   0   0   0   0  0.33 0.01
   27 E   -1 -1  0  4 -5  1  5 -2 -1 -4 -4  0 -3 -4 -2 -1 -1 -5 -4 -3    0   0   0  35   0   0  65   0   0   0   0   0   0   0   0   0   0   0   0   0  0.98 0.01
   28 Q   -1 -1 -2 -3 -2  3 -1 -4 -1  2  1 -1  4 -1 -3 -2 -1 -2 -2  1    0   0   0   0   0  32   0   0   0  35   0   0  34   0   0   0   0   0   0   0  0.34 0.01
   29 N    0 -1  4  0 -2  0 -1 -1 -1 -3 -3 -1 -2 -3 -2  4  1 -4 -2 -2    0   0  32   0   0   0   0   0   0   0   0   0   0   0   0  68   0   0   0   0  0.66 0.01
   30 L   -2 -3 -4 -5 -2 -3 -4 -5 -3  1  4 -3  2  0 -4 -3 -2 -2 -2  1    0   0   0   0   0   0   0   0   0   0 100   0   0   0   0   0   0   0   0   0  0.68 0.01
   31 C    2 -3 -3 -4  8 -2 -3 -2 -3 -2 -2 -3 -2 -3 -2  0 -1 -4 -3 -1   35   0   0   0  65   0   0   0   0   0   0   0   0   0   0   0   0   0   0   0  0.83 0.01
   32 F   -2 -3 -4 -4 -2 -3 -4 -4 -3  3  3 -3  1  4 -4 -3 -2 -1  1  1    0   0   0   0   0   0   0   0   0  35  34   0   0  32   0   0   0   0   0   0  0.47 0.01
   33 A    3 -1  0 -1 -1 -1 -1 -1 -1 -2 -3 -1 -2 -3 -1  4  1 -4 -2 -1   32   0   0   0   0   0   0   0   0   0   0   0   0   0   0  68   0   0   0   0  0.60 0.01
   34 L   -1 -3 -4 -4 -2 -3 -3 -4 -4  3  3 -3  1  0 -3 -3 -1 -3 -2  3    0   0   0   0   0   0   0   0   0  35  32   0   0   0   0   0   0   0   0  34  0.47 0.01
   35 S    0 -2 -1 -2 -1 -1 -1 -2 -2  1 -1 -1 -1 -2 -2  3  3 -4 -2  2    0   0   0   0   0   0   0   0   0   0   0   0   0   0   0  32  34   0   0  35  0.36 0.01
   36 G   -1 -2 -1 -2 -2 -2 -2  3 -3  0  2 -2  0 -1 -3  0  3 -3 -2 -1    0   0   0   0   0   0   0  32   0   0  35   0   0   0   0   0  34   0   0   0  0.33 0.01
   37 Q   -1  4 -1 -2 -4  3  0  3  0 -4 -3  1 -2 -4 -2 -1 -2 -3 -3 -3    0  34   0   0   0  32   0  35   0   0   0   0   0   0   0   0   0   0   0   0  0.63 0.01
   38 N   -1 -1  5  0 -3  0 -1 -1  0 -2 -3 -1 -2 -3 -2  1  3 -4 -3 -2    0   0  59   0   0   0   0   0   0   0   0   0   0   0   0   0  41   0   0   0  0.70 0.01
   39 E   -1 -1 -1  0 -4  1  4 -3 -1 -4 -4  0 -3 -4  5 -1 -1 -5 -4 -3    0   0   0   0   0   0  59   0   0   0   0   0   0   0  41   0   0   0   0   0  1.24 0.01
   40 L   -2 -3 -4 -5 -2 -3 -4 -5 -3  1  4 -3  2  0 -4 -3 -2 -2 -2  1    0   0   0   0   0   0   0   0   0   0 100   0   0   0   0   0   0   0   0   0  0.68 0.01
   41 P   -1 -2 -3 -2 -4 -2 -2 -3 -3 -4 -4 -2 -3 -4  8 -1 -2 -5 -4 -3    0   0   0   0   0   0   0   0   0   0   0   0   0   0 100   0   0   0   0   0  2.67 0.02
   42 T   -1 -1  0  4 -3  0  3 -2 -1 -3 -3 -1 -2 -4 -2  0  2 -5 -3 -2    0   0   0  41   0   0  31   0   0   0   0   0   0   0   0   0  28   0   0   0  0.69 0.01
   43 L   -2 -1  4  0 -3  0 -1 -2  5 -1  1 -1  0 -2 -3 -1 -1 -3  0 -2    0   0  41   0   0   0   0   0  31   0  28   0   0   0   0   0   0   0   0   0  0.45 0.01
   44 I   -1 -3 -3 -3 -2 -2 -2 -4 -3  2  0 -2  0 -2  5 -2 -1 -4 -3  2    0   0   0   0   0   0   0   0   0  28   0   0   0   0  41   0   0   0   0  31  0.87 0.01
   45 A    2 -2 -2 -2 -1 -1 -2 -2 -2  0  2 -1  0 -1 -2  1  3 -3 -2  0   28   0   0   0   0   0   0   0   0   0  31   0   0   0   0   0  41   0   0   0  0.31 0.01
   46 G    2 -2 -2 -2 -3 -2 -2  3 -2 -3 -3 -1 -3 -4  5  0 -1 -4 -3 -2   31   0   0   0   0   0   0  28   0   0   0   0   0   0  41   0   0   0   0   0  1.02 0.01
   47 D   -2 -2  1  6 -5 -1  1 -2 -2 -5 -5 -1 -4 -4 -2 -1 -2 -6 -4 -4    0   0   0 100   0   0   0   0   0   0   0   0   0   0   0   0   0   0   0   0  1.35 0.02
   48 F   -3 -4 -4 -4 -3 -4 -4 -4 -2 -1  0 -4  0  7 -4 -3 -2  0  3 -1    0   0   0   0   0   0   0   0   0   0   0   0   0 100   0   0   0   0   0   0  1.02 0.02
   49 L   -2 -3 -4 -5 -2 -3 -4 -5 -4  3  3 -3  2  0 -4 -3 -1 -3 -2  2    0   0   0   0   0   0   0   0   0  41  59   0   0   0   0   0   0   0   0   0  0.54 0.01
   50 T    0 -2  0 -2 -2 -1 -1 -2 -2 -1 -2 -1 -1 -2 -2  1  5 -4 -2  0    0   0   0   0   0   0   0   0   0   0   0   0   0   0   0   0 100   0   0   0  0.78 0.02
   51 L   -2 -3 -4 -5 -2 -3 -4 -5 -3  1  4 -3  2  0 -4 -3 -2 -2 -2  1    0   0   0   0   0   0   0   0   0   0 100   0   0   0   0   0   0   0   0   0  0.68 0.01
   52 L   -2 -3 -4 -5 -2 -3 -4 -4 -3  1  4 -3  2  4 -4 -3 -2 -1  1  0    0   0   0   0   0   0   0   0   0   0  69   0   0  31   0   0   0   0   0   0  0.57 0.01
   53 C    2 -3 -2 -3  5 -2 -2  4 -3 -3 -3 -2 -2 -3 -2  0 -1 -4 -3 -2   31   0   0   0  28   0   0  41   0   0   0   0   0   0   0   0   0   0   0   0  0.60 0.01
   54 E   -1 -1 -1  1 -5  2  6 -3  0 -4 -4  0 -3 -4 -2 -1 -1 -4 -3 -3    0   0   0   0   0   0 100   0   0   0   0   0   0   0   0   0   0   0   0   0  1.11 0.02
   55 Q    0  0  0 -1 -3  5  1 -2  0 -3 -3  1 -1 -3 -2  2  0 -3 -2 -2    0   0   0   0   0  69   0   0   0   0   0   0   0   0   0  31   0   0   0   0  0.74 0.01
   56 A    5 -2 -2 -2 -1 -1 -1  0 -2 -2 -2 -1 -1 -3 -1  1  0 -3 -2  0  100   0   0   0   0   0   0   0   0   0   0   0   0   0   0   0   0   0   0   0  0.64 0.01
   57 L   -2 -3 -4 -5 -2 -3 -4 -5 -4  4  3 -3  1  0 -4 -3 -1 -3 -2  2    0   0   0   0   0   0   0   0   0  72  28   0   0   0   0   0   0   0   0   0  0.53 0.01
   58 Q   -1  0  0  0 -4  5  4 -3  0 -4 -3  1 -1 -4 -2 -1 -1 -3 -3 -3    0   0   0   0   0  59  41   0   0   0   0   0   0   0   0   0   0   0   0   0  0.90 0.01
   59 P   -1 -2 -3 -2 -4 -2 -2 -3 -3 -4 -4 -2 -3 -4  8 -1 -2 -5 -4 -3    0   0   0   0   0   0   0   0   0   0   0   0   0   0 100   0   0   0   0   0  2.67 0.02
   60 L   -2 -3 -4 -5 -2 -3 -4 -4 -3  1  4 -3  2  4 -4 -3 -2 -1  1  0    0   0   0   0   0   0   0   0   0   0  69   0   0  31   0   0   0   0   0   0  0.57 0.01
   61 N   -2  4  3 -1  5  0 -1 -2 -1 -3 -3  1 -2 -3 -3 -1 -1 -4 -3 -3    0  41  28   0  31   0   0   0   0   0   0   0   0   0   0   0   0   0   0   0  0.59 0.01
   62 S    0 -2  0 -1 -3 -2 -2  5 -2 -4 -4 -2 -3 -4 -2  2 -1 -4 -4 -3    0   0   0   0   0   0   0  72   0   0   0   0   0   0   0  28   0   0   0   0  0.93 0.01
   63 G    0 -3 -1 -2 -4 -3 -3  6 -3 -5 -5 -2 -4 -4 -3 -1 -2 -4 -4 -4    0   0   0   0   0   0   0 100   0   0   0   0   0   0   0   0   0   0   0   0  1.36 0.01
   64 L   -1 -3 -4 -4 -2 -3 -3 -4 -4  3  2 -3  1 -1 -3 -3 -1 -3 -2  3    0   0   0   0   0   0   0   0   0  31  28   0   0   0   0   0   0   0   0  41  0.46 0.01
   65 G    0 -3 -1 -2 -4 -3 -3  6 -3 -5 -5 -2 -4 -4 -3 -1 -2 -4 -4 -4    0   0   0   0   0   0   0 100   0   0   0   0   0   0   0   0   0   0   0   0  1.36 0.01
   66 I   -2 -4 -4 -5 -2 -3 -4 -5 -4  5  1 -3  1 -1 -4 -3 -1 -3 -2  3    0   0   0   0   0   0   0   0   0 100   0   0   0   0   0   0   0   0   0   0  0.60 0.01
   67 G    0 -3 -1 -2 -4 -3 -3  6 -3 -5 -5 -2 -4 -4 -3 -1 -2 -4 -4 -4    0   0   0   0   0   0   0 100   0   0   0   0   0   0   0   0   0   0   0   0  1.36 0.01
   68 I   -1 -3 -4 -4 -2 -3 -4 -5 -4  4  1 -3  1 -1 -3 -3 -1 -3 -2  3    0   0   0   0   0   0   0   0   0  69   0   0   0   0   0   0   0   0   0  31  0.53 0.01
   69 F   -2 -3 -3 -4 -3 -3 -4 -4  0  0  2 -3  0  4 -4 -3 -2  1  5 -1    0   0   0   0   0   0   0   0   0   0  31   0   0  28   0   0   0   0  41   0  0.66 0.01
   70 P   -1 -2 -3 -2 -4 -2 -2 -3 -3 -4 -4 -2 -3 -4  8 -1 -2 -5 -4 -3    0   0   0   0   0   0   0   0   0   0   0   0   0   0 100   0   0   0   0   0  2.67 0.02
   71 G    0 -3 -1 -2 -4 -3 -3  6 -3 -5 -5 -2 -4 -4 -3 -1 -2 -4 -4 -4    0   0   0   0   0   0   0 100   0   0   0   0   0   0   0   0   0   0   0   0  1.36 0.01
   72 S    0 -1  4  0 -2 -1 -1 -1 -1 -2 -3 -1 -2 -3 -2  3  4 -4 -2 -2    0   0  31   0   0   0   0   0   0   0   0   0   0   0   0  28  41   0   0   0  0.56 0.01
   73 R    0  5  0 -2 -3  0 -1 -2 -1 -3 -3  1 -2 -3 -2  3  0 -4 -2 -3    0  59   0   0   0   0   0   0   0   0   0   0   0   0   0  41   0   0   0   0  0.68 0.01
   74 I    2 -1 -1 -2 -2  4  0 -2 -1  2 -1  0  0 -2 -2  0 -1 -3 -2  0   31   0   0   0   0  41   0   0   0  28   0   0   0   0   0   0   0   0   0   0  0.31 0.01
   75 L   -2 -3 -4 -5 -2 -3 -4 -5 -3  1  4 -3  2  0 -4 -3 -2 -2 -2  1    0   0   0   0   0   0   0   0   0   0 100   0   0   0   0   0   0   0   0   0  0.68 0.01
   76 T    3 -1 -1 -2 -1 -1 -1 -1 -2 -2 -2 -1 -1 -3 -1  3  3 -4 -2 -1   41   0   0   0   0   0   0   0   0   0   0   0   0   0   0  31  28   0   0   0  0.49 0.01
   77 V    2 -3 -3 -3 -1 -2 -2 -2 -3  2  0 -2  0 -2 -2 -1  0 -3 -2  4   31   0   0   0   0   0   0   0   0   0   0   0   0   0   0   0   0   0   0  69  0.37 0.01
   78 Y   -2 -3 -3 -4 -4 -2 -3 -4  2 -2 -2 -3 -2  3 -4 -2 -2  2  7 -2    0   0   0   0   0   0   0   0   0   0   0   0   0   0   0   0   0   0 100   0  1.27 0.02
   79 K   -1  2  0 -1 -4  4  1 -2  0 -3 -3  4 -1 -4 -2 -1 -1 -3 -2 -3    0   0   0   0   0  41   0   0   0   0   0  59   0   0   0   0   0   0   0   0  0.77 0.01
   80 K   -1  4 -1 -2  5  0 -1 -3 -1 -3 -3  3 -2 -3 -2 -1 -1 -4 -3 -2    0  41   0   0  31   0   0   0   0   0   0  28   0   0   0   0   0   0   0   0  0.64 0.01
   81 V   -1 -3 -4 -4 -1 -3 -3 -4 -4  3  1 -3  1 -1 -3 -2 -1 -3 -2  4    0   0   0   0   0   0   0   0   0  31   0   0   0   0   0   0   0   0   0  69  0.52 0.01
   82 S    0  0 -1 -1 -2  4  0 -2  0 -1  0  0  4 -2 -2  2  0 -3 -2 -1    0   0   0   0   0  41   0   0   0   0   0   0  31   0   0  28   0   0   0   0  0.41 0.01
   83 L   -2 -3 -4 -5 -2 -3 -4 -5 -3  1  4 -3  2  0 -4 -3 -2 -2 -2  1    0   0   0   0   0   0   0   0   0   0 100   0   0   0   0   0   0   0   0   0  0.68 0.01
   84 A    4 -1 -1 -2 -1 -1 -1  0 -2 -2 -2 -1 -2 -3 -1  3  1 -4 -2 -1   59   0   0   0   0   0   0   0   0   0   0   0   0   0   0  41   0   0   0   0  0.56 0.01
   85 G    0 -3 -1 -2 -4 -3 -3  6 -3 -5 -5 -2 -4 -4 -3 -1 -2 -4 -4 -4    0   0   0   0   0   0   0 100   0   0   0   0   0   0   0   0   0   0   0   0  1.36 0.01
   86 Y   -2  0 -1 -3 -4  0 -1 -3  1 -2 -2  3 -2  2 -3 -1 -2  1  6 -2    0   0   0   0   0   0   0   0   0   0   0  41   0   0   0   0   0   0  59   0  0.69 0.01
   87 Y   -1 -2 -3 -3 -3 -1 -2 -4 -1 -1  0 -2  3  0  5 -2 -2 -1  4 -1    0   0   0   0   0   0   0   0   0   0   0   0  31   0  41   0   0   0  28   0  0.91 0.01
   88 Q   -1  0  0 -1 -3  5  1 -2  0 -2 -2  0 -1 -3 -2  0  3 -3 -2 -1    0   0   0   0   0  59   0   0   0   0   0   0   0   0   0   0  41   0   0   0  0.65 0.01
   89 G    0 -3 -1 -2 -4 -3 -3  6 -3 -5 -5 -2 -4 -4 -3 -1 -2 -4 -4 -4    0   0   0   0   0   0   0 100   0   0   0   0   0   0   0   0   0   0   0   0  1.36 0.01
   90 S   -1 -2  0  3 -2 -1 -1 -2 -2  2 -1 -2 -1 -2 -2  2  0 -4 -2  1    0   0   0  31   0   0   0   0   0  41   0   0   0   0   0  28   0   0   0   0  0.28 0.01
   91 L   -1 -3 -4 -4 -2 -3 -3 -4 -4  3  2 -3  1 -1 -3 -3 -1 -3 -2  3    0   0   0   0   0   0   0   0   0  31  28   0   0   0   0   0   0   0   0  41  0.46 0.01
   92 N   -1 -1  3 -1 -3  3  0 -2  0 -1  0  0  4 -2 -3 -1 -1 -3 -2 -1    0   0  28   0   0  31   0   0   0   0   0   0  41   0   0   0   0   0   0   0  0.40 0.01
   93 Q    0  0  0  0 -3  4  4 -2  0 -3 -3  0 -2 -4 -2  2  0 -4 -3 -3    0   0   0   0   0  28  41   0   0   0   0   0   0   0   0  31   0   0   0   0  0.65 0.01
   94 L    3 -2 -3 -3 -1 -2 -2 -2 -3  1  2 -2  1 -1 -2  0 -1 -3 -2  2   41   0   0   0   0   0   0   0   0   0  28   0   0   0   0   0   0   0   0  31  0.28 0.00
   95 L   -2 -3 -4 -5 -2 -3 -4 -5 -4  3  3 -3  2  0 -4 -3 -1 -3 -2  2    0   0   0   0   0   0   0   0   0  41  59   0   0   0   0   0   0   0   0   0  0.54 0.01
   96 S    2  1  0 -1 -2  0  0 -1 -1 -3 -3  3 -2 -3 -1  2  0 -4 -2 -2   31   0   0   0   0   0   0   0   0   0   0  41   0   0   0  28   0   0   0   0  0.45 0.01
   97 K    0  0  1  3 -3  0  0 -1 -1 -3 -3  2 -2 -3 -2  3  0 -4 -3 -3    0   0   0  31   0   0   0   0   0   0   0  28   0   0   0  41   0   0   0   0  0.53 0.01
   98 L   -1 -3 -4 -5 -2 -3 -3 -4 -3  2  4 -3  2  0 -3 -3 -1 -3 -2  2    0   0   0   0   0   0   0   0   0   0  69   0   0   0   0   0   0   0   0  31  0.51 0.01
   99 M   -2 -3 -3 -4 -2 -2 -3 -4 -2  1  1 -3  4  4 -3 -2 -1 -1  1  2    0   0   0   0   0   0   0   0   0   0   0   0  28  41   0   0   0   0   0  31  0.43 0.01
  100 T    3 -1 -1  0 -2  0  3 -1 -1 -2 -2  0 -1 -3 -1  1  3 -4 -3 -1   41   0   0   0   0   0  31   0   0   0   0   0   0   0   0   0  28   0   0   0  0.43 0.01
  101 S    0  0 -1 -2 -2 -1 -1 -2 -2  2  0  2  0 -2 -2  2  0 -4 -2  1    0   0   0   0   0   0   0   0   0  41   0  31   0   0   0  28   0   0   0   0  0.21 0.01
  102 I    4 -2 -2 -3 -1 -2 -2 -1 -2  2 -1 -1  0 -2 -1  1  0 -3 -2  1   72   0   0   0   0   0   0   0   0  28   0   0   0   0   0   0   0   0   0   0  0.38 0.01
  103 E   -1 -1 -1  1 -5  2  6 -3  0 -4 -4  0 -3 -4 -2 -1 -1 -4 -3 -3    0   0   0   0   0   0 100   0   0   0   0   0   0   0   0   0   0   0   0   0  1.11 0.02
  104 E   -1 -1 -1  0 -4  1  5 -3 -1 -2 -2  0 -2  3 -2 -1 -1 -2  0 -2    0   0   0   0   0   0  69   0   0   0   0   0   0  31   0   0   0   0   0   0  0.65 0.01
  105 W   -4 -4 -5 -6 -4 -3 -4 -4 -3 -3 -3 -4 -2  0 -5 -4 -4 11  2 -3    0   0   0   0   0   0   0   0   0   0   0   0   0   0   0   0   0 100   0   0  2.72 0.03
  106 D   -2 -1  1  5 -5  1  4 -2 -1 -4 -4  0 -3 -4 -2 -1 -1 -5 -4 -4    0   0   0  59   0   0  41   0   0   0   0   0   0   0   0   0   0   0   0   0  1.02 0.01
  107 N    0 -1  3  1 -3  1  3 -1  0 -3 -3  0 -2 -3 -2  3  0 -4 -3 -3    0   0  28   0   0   0  31   0   0   0   0   0   0   0   0  41   0   0   0   0  0.58 0.01
  108 R   -2  3 -1 -2 -3  3  0 -3 -1  0  2  1  1 -1 -3 -1 -1 -3 -2 -1    0  28   0   0   0  31   0   0   0   0  41   0   0   0   0   0   0   0   0   0  0.39 0.01
  109 L   -2 -3 -4 -5 -2 -3 -4 -5 -3  1  4 -3  2  0 -4 -3 -2 -2 -2  1    0   0   0   0   0   0   0   0   0   0 100   0   0   0   0   0   0   0   0   0  0.68 0.01
  110 I   -2 -3 -3 -4 -2 -2 -3 -4 -3  3  2 -2  5  0 -3 -2 -1 -2 -2  2    0   0   0   0   0   0   0   0   0  50   0   0  50   0   0   0   0   0   0   0  0.46 0.00
  111 T    0 -1  0 -1 -1 -1 -1 -2 -2 -1 -2 -1 -1 -2 -2  1  5 -4 -2  0    0   0   0   0   0   0   0   0   0   0   0   0   0   0   0   0   0   0   0   0  0.00     0.00
  112 A    4 -2 -2 -2 -1 -1 -1  0 -2 -2 -2 -1 -1 -3 -1  1  0 -3 -2  0    0   0   0   0   0   0   0   0   0   0   0   0   0   0   0   0   0   0   0   0  0.00     0.00

                      K         Lambda
Standard Ungapped    0.1852     0.3512
Standard Gapped      0.1100     0.3190
PSI Ungapped         0.1852     0.3512
PSI Gapped           0.1100     0.3190
