
Last position-specific scoring matrix computed, weighted observed percentages rounded down, information per position, and relative weight of gapless real matches to pseudocounts
           A  R  N  D  C  Q  E  G  H  I  L  K  M  F  P  S  T  W  Y  V   A   R   N   D   C   Q   E   G   H   I   L   K   M   F   P   S   T   W   Y   V
    1 M   -1 -2 -3 -4 -2  0 -2 -4 -2  1  2 -2  6  0 -3 -2 -1 -2 -2  1    0   0   0   0   0   0   0   0   0   0   0   0   0   0   0   0   0   0   0   0  0.00     0.00
    2 L   -2 -3 -4 -5 -2 -3 -4 -4 -3  1  4 -3  2  0 -3 -3 -2 -2 -2  1    0   0   0   0   0   0   0   0   0   0   0   0   0   0   0   0   0   0   0   0  0.00     0.00
    3 T    0 -1  0 -1 -1 -1 -1 -2 -2 -1 -2 -1 -1 -2 -2  1  5 -4 -2  0    0   0   0   0   0   0   0   0   0   0   0   0   0   0   0   0   0   0   0   0  0.00     0.00
    4 K   -1  2  0 -1 -4  1  1 -2 -1 -3 -3  5 -2 -4 -1 -1 -1 -4 -3 -3    0   0   0   0   0   0   0   0   0   0   0   0   0   0   0   0   0   0   0   0  0.00     0.00
    5 N   -2 -1  6  1 -3  0 -1 -1  0 -4 -4  0 -3 -4 -3  0  0 -4 -3 -3    0   0   0   0   0   0   0   0   0   0   0   0   0   0   0   0   0   0   0   0  0.00     0.00
    6 I   -2 -3 -4 -4 -2 -3 -4 -5 -4  4  1 -3  1  0 -4 -3 -1 -3 -2  3    0   0   0   0   0   0   0   0   0   0   0   0   0   0   0   0   0   0   0   0  0.00     0.00
    7 A    4 -2 -2 -2 -1 -1 -1  0 -2 -2 -2 -1 -1 -3 -1  1  0 -3 -2  0    0   0   0   0   0   0   0   0   0   0   0   0   0   0   0   0   0   0   0   0  0.00     0.00
    8 P   -1 -2 -3 -2 -4 -2 -2 -3 -2 -4 -3 -1 -3 -4  8 -1 -2 -5 -4 -3    0   0   0   0   0   0   0   0   0   0   0   0   0   0   0   0   0   0   0   0  0.00     0.00
    9 T    0 -1  0 -1 -1 -1 -1 -2 -2 -1 -2 -1 -1 -2 -2  1  5 -4 -2  0    0   0   0   0   0   0   0   0   0   0   0   0   0   0   0   0   0   0   0   0  0.00     0.00
   10 P   -1 -2 -3 -2 -4 -2 -2 -3 -2 -4 -3 -1 -3 -4  8 -1 -2 -5 -4 -3    0   0   0   0   0   0   0   0   0   0   0   0   0   0   0   0   0   0   0   0  0.00     0.00
   11 E   -1 -1 -1  1 -5  2  6 -3  0 -4 -4  1 -2 -4 -2  0 -1 -4 -3 -3    0   0   0   0   0   0   0   0   0   0   0   0   0   0   0   0   0   0   0   0  0.00     0.00
   12 M   -1 -2 -3 -4 -2  0 -2 -4 -2  1  2 -2  6  0 -3 -2 -1 -2 -2  1    0   0   0   0   0   0   0   0   0   0   0   0   0   0   0   0   0   0   0   0  0.00     0.00
   13 V    0 -3 -3 -4 -1 -3 -3 -4 -4  3  1 -3  1 -1 -3 -2  0 -3 -2  4    0   0   0   0   0   0   0   0   0   0   0   0   0   0   0   0   0   0   0   0  0.00     0.00
   14 K   -1  2  0 -1 -4  1  1 -2 -1 -3 -3  5 -2 -4 -1 -1 -1 -4 -3 -3    0   0   0   0   0   0   0   0   0   0   0   0   0   0   0   0   0   0   0   0  0.00     0.00
   15 I   -2 -3 -4 -4 -2 -3 -4 -5 -4  4  1 -3  1  0 -4 -3 -1 -3 -2  3    0   0   0   0   0   0   0   0   0   0   0   0   0   0   0   0   0   0   0   0  0.00     0.00
   16 V    0 -3 -3 -4 -1 -3 -3 -4 -4  3  1 -3  1 -1 -3 -2  0 -3 -2  4    0   0   0   0   0   0   0   0   0   0   0   0   0   0   0   0   0   0   0   0  0.00     0.00
   17 T    0 -1  0 -1 -1 -1 -1 -2 -2 -1 -2 -1 -1 -2 -2  1  5 -4 -2  0    0   0   0   0   0   0   0   0   0   0   0   0   0   0   0   0   0   0   0   0  0.00     0.00
   18 S    1 -1  0 -1 -2  0  0 -1 -1 -3 -3 -1 -2 -3 -1  5  1 -4 -2 -2    0   0   0   0   0   0   0   0   0   0   0   0   0   0   0   0   0   0   0   0  0.00     0.00
   19 V    0 -3 -3 -4 -1 -3 -3 -4 -4  3  1 -3  1 -1 -3 -2  0 -3 -2  4    0   0   0   0   0   0   0   0   0   0   0   0   0   0   0   0   0   0   0   0  0.00     0.00
   20 L   -2 -3 -4 -5 -2 -3 -4 -4 -3  1  4 -3  2  0 -3 -3 -2 -2 -2  1    0   0   0   0   0   0   0   0   0   0   0   0   0   0   0   0   0   0   0   0  0.00     0.00
   21 D   -2 -2  1  6 -4 -1  1 -2 -1 -4 -5 -1 -4 -4 -2 -1 -1 -5 -4 -4    0   0   0   0   0   0   0   0   0   0   0   0   0   0   0   0   0   0   0   0  0.00     0.00
   22 N   -2 -1  6  1 -3  0 -1 -1  0 -4 -4  0 -3 -4 -3  0  0 -4 -3 -3    0   0   0   0   0   0   0   0   0   0   0   0   0   0   0   0   0   0   0   0  0.00     0.00
   23 K   -1  2  0 -1 -4  1  1 -2 -1 -3 -3  5 -2 -4 -1 -1 -1 -4 -3 -3    0   0   0   0   0   0   0   0   0   0   0   0   0   0   0   0   0   0   0   0  0.00     0.00
   24 I   -2 -3 -4 -4 -2 -3 -4 -5 -4  4  1 -3  1  0 -4 -3 -1 -3 -2  3    0   0   0   0   0   0   0   0   0   0   0   0   0   0   0   0   0   0   0   0  0.00     0.00
   25 K   -1  2  0 -1 -4  1  1 -2 -1 -3 -3  5 -2 -4 -1 -1 -1 -4 -3 -3    0   0   0   0   0   0   0   0   0   0   0   0   0   0   0   0   0   0   0   0  0.00     0.00
   26 L   -2 -3 -4 -5 -2 -3 -4 -4 -3  1  4 -3  2  0 -3 -3 -2 -2 -2  1    0   0   0   0   0   0   0   0   0   0   0   0   0   0   0   0   0   0   0   0  0.00     0.00
   27 Q   -1  1  0 -1 -3  6  2 -2  1 -3 -3  1  0 -4 -2  0 -1 -3 -2 -3    0   0   0   0   0   0   0   0   0   0   0   0   0   0   0   0   0   0   0   0  0.00     0.00
   28 Q   -1  1  0 -1 -3  6  2 -2  1 -3 -3  1  0 -4 -2  0 -1 -3 -2 -3    0   0   0   0   0   0   0   0   0   0   0   0   0   0   0   0   0   0   0   0  0.00     0.00
   29 I   -2 -3 -4 -4 -2 -3 -4 -5 -4  4  1 -3  1  0 -4 -3 -1 -3 -2  3    0   0   0   0   0   0   0   0   0   0   0   0   0   0   0   0   0   0   0   0  0.00     0.00
   30 D   -2 -2  1  6 -4 -1  1 -2 -1 -4 -5 -1 -4 -4 -2 -1 -1 -5 -4 -4    0   0   0   0   0   0   0   0   0   0   0   0   0   0   0   0   0   0   0   0  0.00     0.00
   31 F   -3 -4 -4 -4 -3 -4 -4 -4 -2  0  0 -4  0  6 -4 -3 -2  0  3 -1    0   0   0   0   0   0   0   0   0   0   0   0   0   0   0   0   0   0   0   0  0.00     0.00
   32 N   -2 -1  6  1 -3  0 -1 -1  0 -4 -4  0 -3 -4 -3  0  0 -4 -3 -3    0   0   0   0   0   0   0   0   0   0   0   0   0   0   0   0   0   0   0   0  0.00     0.00
   33 G    0 -3 -1 -2 -4 -2 -3  6 -3 -5 -4 -2 -4 -4 -3 -1 -2 -4 -4 -4    0   0   0   0   0   0   0   0   0   0   0   0   0   0   0   0   0   0   0   0  0.00     0.00
   34 K   -1  2  0 -1 -4  1  1 -2 -1 -3 -3  5 -2 -4 -1 -1 -1 -4 -3 -3    0   0   0   0   0   0   0   0   0   0   0   0   0   0   0   0   0   0   0   0  0.00     0.00
   35 K   -1  2  0 -1 -4  1  1 -2 -1 -3 -3  5 -2 -4 -1 -1 -1 -4 -3 -3    0   0   0   0   0   0   0   0   0   0   0   0   0   0   0   0   0   0   0   0  0.00     0.00
   36 Y   -2 -2 -3 -4 -3 -2 -3 -4  2 -2 -2 -3 -2  3 -4 -2 -2  2  7 -2    0   0   0   0   0   0   0   0   0   0   0   0   0   0   0   0   0   0   0   0  0.00     0.00
   37 T    0 -1  0 -1 -1 -1 -1 -2 -2 -1 -2 -1 -1 -2 -2  1  5 -4 -2  0    0   0   0   0   0   0   0   0   0   0   0   0   0   0   0   0   0   0   0   0  0.00     0.00
   38 I   -2 -3 -4 -4 -2 -3 -4 -5 -4  4  1 -3  1  0 -4 -3 -1 -3 -2  3    0   0   0   0   0   0   0   0   0   0   0   0   0   0   0   0   0   0   0   0  0.00     0.00
   39 S    1 -1  0 -1 -2  0  0 -1 -1 -3 -3 -1 -2 -3 -1  5  1 -4 -2 -2    0   0   0   0   0   0   0   0   0   0   0   0   0   0   0   0   0   0   0   0  0.00     0.00
   40 I   -2 -3 -4 -4 -2 -3 -4 -5 -4  4  1 -3  1  0 -4 -3 -1 -3 -2  3    0   0   0   0   0   0   0   0   0   0   0   0   0   0   0   0   0   0   0   0  0.00     0.00
   41 D   -2 -2  1  6 -4 -1  1 -2 -1 -4 -5 -1 -4 -4 -2 -1 -1 -5 -4 -4    0   0   0   0   0   0   0   0   0   0   0   0   0   0   0   0   0   0   0   0  0.00     0.00
   42 N   -2 -1  6  1 -3  0 -1 -1  0 -4 -4  0 -3 -4 -3  0  0 -4 -3 -3    0   0   0   0   0   0   0   0   0   0   0   0   0   0   0   0   0   0   0   0  0.00     0.00
   43 G    0 -3 -1 -2 -4 -2 -3  6 -3 -5 -4 -2 -4 -4 -3 -1 -2 -4 -4 -4    0   0   0   0   0   0   0   0   0   0   0   0   0   0   0   0   0   0   0   0  0.00     0.00
   44 K   -1  2  0 -1 -4  1  1 -2 -1 -3 -3  5 -2 -4 -1 -1 -1 -4 -3 -3    0   0   0   0   0   0   0   0   0   0   0   0   0   0   0   0   0   0   0   0  0.00     0.00
   45 C   -1 -4 -3 -4  9 -3 -5 -4 -4 -2 -2 -4 -2 -3 -4 -2 -1 -3 -3 -1    0   0   0   0   0   0   0   0   0   0   0   0   0   0   0   0   0   0   0   0  0.00     0.00
   46 V    0 -3 -3 -4 -1 -3 -3 -4 -4  3  1 -3  1 -1 -3 -2  0 -3 -2  4    0   0   0   0   0   0   0   0   0   0   0   0   0   0   0   0   0   0   0   0  0.00     0.00
   47 S    1 -1  0 -1 -2  0  0 -1 -1 -3 -3 -1 -2 -3 -1  5  1 -4 -2 -2    0   0   0   0   0   0   0   0   0   0   0   0   0   0   0   0   0   0   0   0  0.00     0.00
   48 L   -2 -3 -4 -5 -2 -3 -4 -4 -3  1  4 -3  2  0 -3 -3 -2 -2 -2  1    0   0   0   0   0   0   0   0   0   0   0   0   0   0   0   0   0   0   0   0  0.00     0.00
   49 T    0 -1  0 -1 -1 -1 -1 -2 -2 -1 -2 -1 -1 -2 -2  1  5 -4 -2  0    0   0   0   0   0   0   0   0   0   0   0   0   0   0   0   0   0   0   0   0  0.00     0.00
   50 R   -2  6 -1 -2 -4  1 -1 -3  0 -3 -3  2 -2 -4 -2 -1 -1 -3 -2 -3    0   0   0   0   0   0   0   0   0   0   0   0   0   0   0   0   0   0   0   0  0.00     0.00
   51 D   -2 -2  1  6 -4 -1  1 -2 -1 -4 -5 -1 -4 -4 -2 -1 -1 -5 -4 -4    0   0   0   0   0   0   0   0   0   0   0   0   0   0   0   0   0   0   0   0  0.00     0.00
   52 D   -2 -2  1  6 -4 -1  1 -2 -1 -4 -5 -1 -4 -4 -2 -1 -1 -5 -4 -4    0   0   0   0   0   0   0   0   0   0   0   0   0   0   0   0   0   0   0   0  0.00     0.00
   53 K   -1  2  0 -1 -4  1  1 -2 -1 -3 -3  5 -2 -4 -1 -1 -1 -4 -3 -3    0   0   0   0   0   0   0   0   0   0   0   0   0   0   0   0   0   0   0   0  0.00     0.00
   54 K   -1  2  0 -1 -4  1  1 -2 -1 -3 -3  5 -2 -4 -1 -1 -1 -4 -3 -3    0   0   0   0   0   0   0   0   0   0   0   0   0   0   0   0   0   0   0   0  0.00     0.00
   55 W   -3 -3 -4 -5 -3 -3 -4 -4 -3 -3 -2 -4 -2  0 -5 -4 -4 11  2 -3    0   0   0   0   0   0   0   0   0   0   0   0   0   0   0   0   0   0   0   0  0.00     0.00
   56 Y   -2 -2 -3 -4 -3 -2 -3 -4  2 -2 -2 -3 -2  3 -4 -2 -2  2  7 -2    0   0   0   0   0   0   0   0   0   0   0   0   0   0   0   0   0   0   0   0  0.00     0.00
   57 K   -1  2  0 -1 -4  1  1 -2 -1 -3 -3  5 -2 -4 -1 -1 -1 -4 -3 -3    0   0   0   0   0   0   0   0   0   0   0   0   0   0   0   0   0   0   0   0  0.00     0.00
   58 S    1 -1  0 -1 -2  0  0 -1 -1 -3 -3 -1 -2 -3 -1  5  1 -4 -2 -2    0   0   0   0   0   0   0   0   0   0   0   0   0   0   0   0   0   0   0   0  0.00     0.00
   59 V    0 -3 -3 -4 -1 -3 -3 -4 -4  3  1 -3  1 -1 -3 -2  0 -3 -2  4    0   0   0   0   0   0   0   0   0   0   0   0   0   0   0   0   0   0   0   0  0.00     0.00
   60 C   -1 -4 -3 -4  9 -3 -5 -4 -4 -2 -2 -4 -2 -3 -4 -2 -1 -3 -3 -1    0   0   0   0   0   0   0   0   0   0   0   0   0   0   0   0   0   0   0   0  0.00     0.00
   61 D   -2 -2  1  6 -4 -1  1 -2 -1 -4 -5 -1 -4 -4 -2 -1 -1 -5 -4 -4    0   0   0   0   0   0   0   0   0   0   0   0   0   0   0   0   0   0   0   0  0.00     0.00
   62 F   -3 -4 -4 -4 -3 -4 -4 -4 -2  0  0 -4  0  6 -4 -3 -2  0  3 -1    0   0   0   0   0   0   0   0   0   0   0   0   0   0   0   0   0   0   0   0  0.00     0.00
   63 F   -3 -4 -4 -4 -3 -4 -4 -4 -2  0  0 -4  0  6 -4 -3 -2  0  3 -1    0   0   0   0   0   0   0   0   0   0   0   0   0   0   0   0   0   0   0   0  0.00     0.00
   64 S    1 -1  0 -1 -2  0  0 -1 -1 -3 -3 -1 -2 -3 -1  5  1 -4 -2 -2    0   0   0   0   0   0   0   0   0   0   0   0   0   0   0   0   0   0   0   0  0.00     0.00
   65 R   -2  6 -1 -2 -4  1 -1 -3  0 -3 -3  2 -2 -4 -2 -1 -1 -3 -2 -3    0   0   0   0   0   0   0   0   0   0   0   0   0   0   0   0   0   0   0   0  0.00     0.00
   66 G    0 -3 -1 -2 -4 -2 -3  6 -3 -5 -4 -2 -4 -4 -3 -1 -2 -4 -4 -4    0   0   0   0   0   0   0   0   0   0   0   0   0   0   0   0   0   0   0   0  0.00     0.00
   67 L   -2 -3 -4 -5 -2 -3 -4 -4 -3  1  4 -3  2  0 -3 -3 -2 -2 -2  1    0   0   0   0   0   0   0   0   0   0   0   0   0   0   0   0   0   0   0   0  0.00     0.00
   68 T    0 -1  0 -1 -1 -1 -1 -2 -2 -1 -2 -1 -1 -2 -2  1  5 -4 -2  0    0   0   0   0   0   0   0   0   0   0   0   0   0   0   0   0   0   0   0   0  0.00     0.00
   69 S    1 -1  0 -1 -2  0  0 -1 -1 -3 -3 -1 -2 -3 -1  5  1 -4 -2 -2    0   0   0   0   0   0   0   0   0   0   0   0   0   0   0   0   0   0   0   0  0.00     0.00
   70 G    0 -3 -1 -2 -4 -2 -3  6 -3 -5 -4 -2 -4 -4 -3 -1 -2 -4 -4 -4    0   0   0   0   0   0   0   0   0   0   0   0   0   0   0   0   0   0   0   0  0.00     0.00
   71 Q   -1  1  0 -1 -3  6  2 -2  1 -3 -3  1  0 -4 -2  0 -1 -3 -2 -3    0   0   0   0   0   0   0   0   0   0   0   0   0   0   0   0   0   0   0   0  0.00     0.00
   72 S    1 -1  0 -1 -2  0  0 -1 -1 -3 -3 -1 -2 -3 -1  5  1 -4 -2 -2    0   0   0   0   0   0   0   0   0   0   0   0   0   0   0   0   0   0   0   0  0.00     0.00
   73 A    4 -2 -2 -2 -1 -1 -1  0 -2 -2 -2 -1 -1 -3 -1  1  0 -3 -2  0    0   0   0   0   0   0   0   0   0   0   0   0   0   0   0   0   0   0   0   0  0.00     0.00
   74 F   -3 -4 -4 -4 -3 -4 -4 -4 -2  0  0 -4  0  6 -4 -3 -2  0  3 -1    0   0   0   0   0   0   0   0   0   0   0   0   0   0   0   0   0   0   0   0  0.00     0.00
   75 T    0 -1  0 -1 -1 -1 -1 -2 -2 -1 -2 -1 -1 -2 -2  1  5 -4 -2  0    0   0   0   0   0   0   0   0   0   0   0   0   0   0   0   0   0   0   0   0  0.00     0.00
   76 P   -1 -2 -3 -2 -4 -2 -2 -3 -2 -4 -3 -1 -3 -4  8 -1 -2 -5 -4 -3    0   0   0   0   0   0   0   0   0   0   0   0   0   0   0   0   0   0   0   0  0.00     0.00
   77 R   -2  6 -1 -2 -4  1 -1 -3  0 -3 -3  2 -2 -4 -2 -1 -1 -3 -2 -3    0   0   0   0   0   0   0   0   0   0   0   0   0   0   0   0   0   0   0   0  0.00     0.00
   78 A    4 -2 -2 -2 -1 -1 -1  0 -2 -2 -2 -1 -1 -3 -1  1  0 -3 -2  0    0   0   0   0   0   0   0   0   0   0   0   0   0   0   0   0   0   0   0   0  0.00     0.00
   79 Y   -2 -2 -3 -4 -3 -2 -3 -4  2 -2 -2 -3 -2  3 -4 -2 -2  2  7 -2    0   0   0   0   0   0   0   0   0   0   0   0   0   0   0   0   0   0   0   0  0.00     0.00
   80 Q   -1  1  0 -1 -3  6  2 -2  1 -3 -3  1  0 -4 -2  0 -1 -3 -2 -3    0   0   0   0   0   0   0   0   0   0   0   0   0   0   0   0   0   0   0   0  0.00     0.00
   81 L   -2 -3 -4 -5 -2 -3 -4 -4 -3  1  4 -3  2  0 -3 -3 -2 -2 -2  1    0   0   0   0   0   0   0   0   0   0   0   0   0   0   0   0   0   0   0   0  0.00     0.00
   82 K   -1  2  0 -1 -4  1  1 -2 -1 -3 -3  5 -2 -4 -1 -1 -1 -4 -3 -3    0   0   0   0   0   0   0   0   0   0   0   0   0   0   0   0   0   0   0   0  0.00     0.00
   83 M   -1 -2 -3 -4 -2  0 -2 -4 -2  1  2 -2  6  0 -3 -2 -1 -2 -2  1    0   0   0   0   0   0   0   0   0   0   0   0   0   0   0   0   0   0   0   0  0.00     0.00
   84 A    4 -2 -2 -2 -1 -1 -1  0 -2 -2 -2 -1 -1 -3 -1  1  0 -3 -2  0    0   0   0   0   0   0   0   0   0   0   0   0   0   0   0   0   0   0   0   0  0.00     0.00
   85 V    0 -3 -3 -4 -1 -3 -3 -4 -4  3  1 -3  1 -1 -3 -2  0 -3 -2  4    0   0   0   0   0   0   0   0   0   0   0   0   0   0   0   0   0   0   0   0  0.00     0.00
   86 D   -2 -2  1  6 -4 -1  1 -2 -1 -4 -5 -1 -4 -4 -2 -1 -1 -5 -4 -4    0   0   0   0   0   0   0   0   0   0   0   0   0   0   0   0   0   0   0   0  0.00     0.00
   87 E   -1 -1 -1  1 -5  2  6 -3  0 -4 -4  1 -2 -4 -2  0 -1 -4 -3 -3    0   0   0   0   0   0   0   0   0   0   0   0   0   0   0   0   0   0   0   0  0.00     0.00
   88 V    0 -3 -3 -4 -1 -3 -3 -4 -4  3  1 -3  1 -1 -3 -2  0 -3 -2  4    0   0   0   0   0   0   0   0   0   0   0   0   0   0   0   0   0   0   0   0  0.00     0.00
   89 L   -2 -3 -4 -5 -2 -3 -4 -4 -3  1  4 -3  2  0 -3 -3 -2 -2 -2  1    0   0   0   0   0   0   0   0   0   0   0   0   0   0   0   0   0   0   0   0  0.00     0.00
   90 I   -2 -3 -4 -4 -2 -3 -4 -5 -4  4  1 -3  1  0 -4 -3 -1 -3 -2  3    0   0   0   0   0   0   0   0   0   0   0   0   0   0   0   0   0   0   0   0  0.00     0.00
   91 L   -2 -3 -4 -5 -2 -3 -4 -4 -3  1  4 -3  2  0 -3 -3 -2 -2 -2  1    0   0   0   0   0   0   0   0   0   0   0   0   0   0   0   0   0   0   0   0  0.00     0.00
   92 N   -2 -1  6  1 -3  0 -1 -1  0 -4 -4  0 -3 -4 -3  0  0 -4 -3 -3    0   0   0   0   0   0   0   0   0   0   0   0   0   0   0   0   0   0   0   0  0.00     0.00
   93 K   -1  2  0 -1 -4  1  1 -2 -1 -3 -3  5 -2 -4 -1 -1 -1 -4 -3 -3    0   0   0   0   0   0   0   0   0   0   0   0   0   0   0   0   0   0   0   0  0.00     0.00
   94 K   -1  2  0 -1 -4  1  1 -2 -1 -3 -3  5 -2 -4 -1 -1 -1 -4 -3 -3    0   0   0   0   0   0   0   0   0   0   0   0   0   0   0   0   0   0   0   0  0.00     0.00
   95 E   -1 -1 -1  1 -5  2  6 -3  0 -4 -4  1 -2 -4 -2  0 -1 -4 -3 -3    0   0   0   0   0   0   0   0   0   0   0   0   0   0   0   0   0   0   0   0  0.00     0.00
   96 P   -1 -2 -3 -2 -4 -2 -2 -3 -2 -4 -3 -1 -3 -4  8 -1 -2 -5 -4 -3    0   0   0   0   0   0   0   0   0   0   0   0   0   0   0   0   0   0   0   0  0.00     0.00
   97 I   -2 -3 -4 -4 -2 -3 -4 -5 -4  4  1 -3  1  0 -4 -3 -1 -3 -2  3    0   0   0   0   0   0   0   0   0   0   0   0   0   0   0   0   0   0   0   0  0.00     0.00
   98 N   -2 -1  6  1 -3  0 -1 -1  0 -4 -4  0 -3 -4 -3  0  0 -4 -3 -3    0   0 100   0   0   0   0   0   0   0   0   0   0   0   0   0   0   0   0   0  1.06 0.01
   99 I    2 -3 -3 -4 -1 -2 -3 -2 -3  4  1 -2  0 -1 -2 -1 -1 -3 -2  2   34   0   0   0   0   0   0   0   0  66   0   0   0   0   0   0   0   0   0   0  0.32 0.01
  100 S    0  3  0 -1 -2  0 -1 -1 -1 -3 -3  1 -2 -3 -2  4  1 -4 -2 -2    0  34   0   0   0   0   0   0   0   0   0   0   0   0   0  66   0   0   0   0  0.60 0.01
  101 L   -2  0 -2 -3 -3 -1 -2 -3 -2  0  3  3  1 -1 -3 -2 -1 -3 -2  0    0   0   0   0   0   0   0   0   0   0  66  34   0   0   0   0   0   0   0   0  0.36 0.01
  102 N    2  0  4  0 -2  0  0 -1 -1 -3 -3  3 -2 -3 -2  0  0 -4 -3 -2   34   0  32   0   0   0   0   0   0   0   0  34   0   0   0   0   0   0   0   0  0.45 0.01
  103 E   -1 -1 -1  1 -5  1  5 -3 -1 -4 -4  0 -3 -4  5 -1 -1 -4 -3 -3    0   0   0   0   0   0  66   0   0   0   0   0   0   0  34   0   0   0   0   0  1.14 0.01
  104 L   -2 -3 -4 -5 -2 -3 -4 -5 -3  1  4 -3  2  0 -3 -3 -2 -2 -2  1    0   0   0   0   0   0   0   0   0   0 100   0   0   0   0   0   0   0   0   0  0.67 0.01
  105 N   -2 -1  6  4 -4  0  0 -1  0 -4 -4 -1 -3 -4 -3  0 -1 -5 -3 -4    0   0  76  24   0   0   0   0   0   0   0   0   0   0   0   0   0   0   0   0  1.01 0.03
  106 A    3 -2 -3 -3 -2 -2 -2 -2  0 -1 -1 -2 -1  3 -2  0 -1  0  4 -1   49   0   0   0   0   0   0   0   0   0   0   0   0  24   0   0   0   0  27   0  0.45 0.02
  107 S    2  3 -1 -2 -2  0 -1 -1 -1 -2 -2  0 -2 -3 -1  2  2 -4 -2 -1   27  25   0   0   0   0   0   0   0   0   0   0   0   0   0  24  24   0   0   0  0.42 0.01
  108 V    2 -2 -2 -2 -2 -2 -2 -2 -2  0 -1 -1 -1 -2  4  0  2 -4 -3  2   27   0   0   0   0   0   0   0   0   0   0   0   0   0  24   0  25   0   0  24  0.51 0.01
  109 I   -1 -2 -2 -2 -1 -2 -2 -2 -2  3  2 -2  1  0 -2 -1 -1 -2 -1  2    2   1   1   1   1   1   2   2   1  26  27   2   1   1   1   2   2   0   1  25  0.21 0.00
  110 T    0 -1  0 -1 -1 -1 -1 -1 -1 -1 -1 -1 -1 -2 -1  1  5 -2 -2  0    2   1   1   1   1   1   2   2   1   1   2   2   1   1   1   2  74   0   1   2  0.49 0.02
  111 K   -1  1  0  3 -4  3  1 -2 -1 -4 -3  4 -2 -4 -2 -1 -1 -4 -3 -3    0   0   0  27   0  24   0   0   0   0   0  49   0   0   0   0   0   0   0   0  0.67 0.02
  112 V    2 -2 -3 -4 -1 -1 -2 -2 -3  2  1 -2  4 -1 -2 -1  0 -3 -2  3   25   0   0   0   0   0   0   0   0   0   0   0  27   0   0   0   0   0   0  48  0.32 0.02
  113 E   -1 -1 -1  1 -4  1  5 -3 -1 -2 -1  0  3 -3 -2 -1 -1 -3 -3 -2    0   0   0   0   0   0  73   0   0   0   0   0  27   0   0   0   0   0   0   0  0.70 0.03
  114 D    2  3  0  3 -2  0  0 -2 -1 -2 -3  0 -2 -3 -2  0  2 -4 -3 -2   25  27   0  24   0   0   0   0   0   0   0   0   0   0   0   0  24   0   0   0  0.39 0.01
  115 K   -1  1  0  0 -4  1  4 -2 -1 -3 -3  4 -2 -4 -2  0  2 -4 -3 -2    0   0   0   0   0   0  38   0   0   0   0  44   0   0   0   0  18   0   0   0  0.62 0.03
  116 I   -2 -3 -4 -5 -2 -3 -4 -5 -4  4  2 -3  1 -1 -4 -3 -1 -3 -2  3    0   0   0   0   0   0   0   0   0  63  19   0   0   0   0   0   0   0   0  18  0.55 0.03
  117 N    2  0  2 -1 -2  0 -1 -1 -1 -3 -3  2 -2 -3  3  2  0 -4 -3 -2   26   0  18   0   0   0   0   0   0   0   0  19   0   0  18  19   0   0   0   0  0.51 0.02
  118 S    1 -1  0 -1 -2 -1 -1 -1 -2 -3 -3  1 -2 -3 -2  5  2 -4 -3 -2    0   0   0   0   0   0   0   0   0   0   0  13   0   0   0  75  13   0   0   0  0.72 0.09
  119 E   -2  1 -1  3 -5  1  5 -3 -1 -3 -3  0 -2  1 -2 -1 -2 -3 -2 -3    0  12   0  18   0   0  57   0   0   0   0   0   0  13   0   0   0   0   0   0  0.72 0.07
  120 T   -1 -2 -2 -3 -2 -2 -2 -3 -2  0  1  1  0  4 -3  1  1 -2  1  1    0   0   0   0   0   0   0   0   0   0  12  13   0  39   0  13  10   0   0  14  0.28 0.05
  121 D   -2 -2  0  5 -4  0  3 -2 -1 -4 -4 -1 -3 -4 -2 -1  1 -5 -4 -3    0   0   0  57   0   0  30   0   0   0   0   0   0   0   0   0  12   0   0   0  0.98 0.08
  122 I   -1  1 -1 -2 -3  0 -1 -3 -2  2 -1  5 -1 -3 -2 -1  1 -4 -3 -1    0   0   0   0   0   0   0   0   0  23   0  65   0   0   0   0  12   0   0   0  0.53 0.08
  123 L   -2 -3 -4 -5 -2 -3 -4 -5 -4  1  5 -3  2  0 -4 -3 -2 -3 -2  0    0   0   0   0   0   0   0   0   0   0 100   0   0   0   0   0   0   0   0   0  0.91 0.10
  124 W   -2  2 -2 -3 -3  1 -1 -3 -2 -2  0  3 -1 -2 -3 -1  1  7 -1 -2    0  10   0   0   0   9   0   0   0   0  16  31   0   0   0   0  12  22   0   0  0.55 0.07
  125 E   -2 -1  2  1 -5  4  5 -3  0 -4 -4  0 -2 -4 -2 -1 -1 -4 -3 -3    0   0  10   0   0  26  65   0   0   0   0   0   0   0   0   0   0   0   0   0  1.00 0.10
  126 N   -2  0  4 -1 -3  1 -1 -2  3 -2  0  2  2 -2 -3 -1  1 -4 -2 -2    0   0  33   0   0   8   0   0  11   0  11  18  10   0   0   0   9   0   0   0  0.38 0.07
  127 L   -1 -2 -2 -3 -2  1 -2 -4 -2  2  3 -2  1 -1 -3 -1  3 -3 -2  0    0   0   0   0   0  11   0   0   0  15  46   0   0   0   0   0  28   0   0   0  0.38 0.07
  128 L    0 -1 -2 -2 -2 -1 -1 -2 -2  1  2  2  1 -1 -2  1 -1 -3 -2  0   10   1   1   1   0   1   1   1   0  12  37  19   0   1   1  12   1   0   0   1  0.16 0.03
  129 K   -1  0  2  2 -4  2  2 -2 -1 -4 -4  2 -2 -4  3  1 -1 -4 -3 -3    0   0  11  11   0  10  10   0   0   0   0  23   0   0  17  18   0   0   0   0  0.56 0.05
  130 F    2 -2 -2 -3 -2 -2 -2 -2  2  1 -1 -2 -1  3 -2  1 -1  5  0  0   27   0   0   0   0   0   0   0  10  18   0   0   0  19   0  15   0  11   0   0  0.31 0.06
  131 N   -1 -1  5  0 -4  2  1  2 -1 -4 -4  1 -2 -4 -3  0  1 -4 -3 -3    0   0  44   0   0  10  11  15   0   0   0  11   0   0   0   0   9   0   0   0  0.60 0.07
  132 N    1  2  4  2 -3  2  2 -2 -1 -4 -4  0 -2 -4 -2  1 -1 -4 -3 -3   16  13  30   9   0   9  14   0   0   0   0   0   0   0   0   9   0   0   0   0  0.49 0.07
  133 E    0  2  0  3 -4  0  3 -2 -1 -4 -4  3 -3 -4  1 -1 -1 -5 -3 -3    8   8   0  25   0   0  22   0   0   0   0  30   0   0   6   0   0   0   0   0  0.62 0.09
  134 N   -2  0  4  2 -4  2  2 -2 -1 -1 -3  2 -2 -4  3 -1 -1 -4 -3 -2    0   0  27   9   0   8  14   0   0   8   0  20   0   0  13   0   0   0   0   0  0.52 0.08
  135 Q    0  2  1 -2 -3  3  1 -3 -1  2  0  0 -1 -2 -3 -1 -1 -3  1  0    8  18   8   0   0  21   8   0   0  24   6   0   0   0   0   0   0   0   8   0  0.24 0.08
  136 Y    0 -2  2 -2 -4  2  1 -3  3 -3 -2 -1 -2  3 -3 -1 -2 -1  5 -3    8   0  11   0   0  16  13   0   8   0   0   0   0  13   0   0   0   0  31   0  0.53 0.10
  137 L    0 -3 -3 -4 -2  0 -3 -4 -2  1  3 -2  1  0  1 -2 -2 -2  2  1   11   0   0   0   0   6   0   0   0   8  49   0   0   0   8   0   0   0  13   6  0.35 0.08
  138 S    1 -1  2  2 -3  1  0  1 -1 -3 -3  1 -2 -4  2  1  1 -4 -3 -2   16   0  13  13   0   6   0   8   0   0   0  13   0   0  11  12   8   0   0   0  0.37 0.06
  139 T    0 -2  3  2 -3  0  2  2  2 -3 -3 -1 -3 -3 -2  1  2 -4 -2 -3    6   0  16  11   0   0  14  15   8   0   0   0   0   0   0  11  18   0   0   0  0.40 0.07
  140 L   -1 -2 -2 -2  2  2  1 -3 -2  1  2 -1  2 -1 -3 -2 -1 -3 -2  1    1   0   0   0   6  13  14   0   0   8  33   0   8   0   0   0   0   0   0  14  0.25 0.06
  141 G   -1 -1  1  3 -4  1 -1  4 -2 -4 -4  0 -3 -4 -2  0 -1 -4 -3 -3    1   0   8  20   0   8   0  43   0   0   1   8   0   0   0   8   0   0   0   0  0.61 0.08
  142 D   -1  2  2  3 -3  1  1  1 -1 -3 -3  2 -2 -3 -2  1 -1 -3 -3 -3    1  12  13  19   0   6   8  13   0   1   1  13   0   0   1   8   1   0   0   1  0.39 0.05
  143 T    0  1 -1 -2 -3 -1  0  1  2  1 -1  1  2 -2 -3 -1  1 -3 -2  1    5   8   0   0   0   0   5  12   7  12   0  15  11   0   0   0  13   0   0  12  0.13 0.05
  144 N    0 -1  5  2 -4  3 -1  0  2 -4 -4  0 -3 -4 -3 -1 -1 -4 -3 -4    8   0  43  14   0  16   0   5   5   0   0   6   0   0   0   0   0   0   0   0  0.72 0.16
  145 R   -3  7 -2 -4 -6 -1 -2 -4 -2 -5 -2  2 -3 -5 -4 -3 -3 -5 -4 -4    0  92   0   0   0   0   0   0   0   0   4   5   0   0   0   0   0   0   0   0  1.81 0.34
  146 Y   -4 -4 -4 -5 -4 -4 -5 -5  3 -2 -2 -4 -2  7 -5 -4 -4 -1  4 -3    0   0   0   0   0   0   0   0  10   0   0   0   0  72   0   0   0   0  17   0  1.64 0.30
  147 K   -1  2  0  1 -4 -1  0  1  2 -1 -3  1 -2 -3  2  1  0 -4 -2 -1    0  14   4   9   0   0   3  13   9   5   0  10   0   0  11  11   6   0   0   5  0.26 0.07
  148 D   -3 -3  5  6 -5 -2 -1  0 -2 -6 -6 -2 -5 -5 -4 -2 -2 -6 -5 -5    0   0  31  63   0   0   0   6   0   0   0   0   0   0   0   0   0   0   0   0  1.50 0.28
  149 I   -3 -5 -5 -6 -3 -5 -5 -6 -5  6  0 -5  0 -2 -5 -4 -2 -4 -3  2    0   0   0   0   0   0   0   0   0  88   0   0   0   0   0   0   0   0   0  12  1.41 0.31
  150 K   -1  3  0  1 -4  1 -1  1  1 -3 -1  2 -2 -4  2  0 -2 -4 -3 -3    0  23   5   7   0   7   0  14   5   0   8  12   0   0  13   7   0   0   0   0  0.38 0.10
  151 A    2 -2 -2 -3  1 -2 -2 -2  0 -2 -2 -2 -2 -3 -2  3  4 -4 -3  1   20   0   0   0   3   0   0   0   3   0   0   0   0   0   0  26  35   0   0  13  0.57 0.18
  152 R    1  3  4  0  3 -1 -2 -2 -2 -2 -1 -1  2 -3  0  0 -1 -4 -3 -1   16  20  27   3  10   0   0   0   0   0   3   0   8   0   5   3   0   0   0   5  0.38 0.15
  153 I    1  0 -1 -3 -3  0 -2 -3 -2  2  1  2 -1 -2  2  0 -1 -4 -3  1   16   3   3   0   0   3   0   0   0  16  12  18   0   0  12   4   0   0   0  13  0.24 0.09
  154 S    1 -1  0 -1 -3  2  2  0  2 -2 -3  1 -2 -1 -2  2  1 -4 -2 -2   13   0   4   0   0  15  17   5   7   3   0   7   0   3   0  15  12   0   0   0  0.32 0.11
  155 T    1 -3 -2 -3 -3 -3 -3 -3 -3 -3 -3 -2 -2 -4 -3  1  6 -5 -4 -2    8   0   0   0   0   0   0   0   0   0   0   0   0   0   0   4  88   0   0   0  1.49 0.36
  156 Q    1  2  1 -2 -4  5  0 -3 -1 -2 -2  0 -2 -4  1  1 -1 -4 -3 -3   10   9   9   0   0  43   0   0   0   3   3   4   0   0   8  11   0   0   0   0  0.64 0.20
  157 L   -2 -4 -4  0 -3 -4 -3 -5 -4  4  2 -4  0 -2 -4 -3 -2 -4 -3  4    0   0   0   8   0   0   0   0   0  27  17   0   0   0   0   0   0   0   0  49  0.72 0.20
  158 N    0  1  2  2  0 -2 -2  4  1 -4 -4 -1 -4 -4 -3  0  0 -5 -4 -4    4  11  13  11   3   0   0  43   4   0   0   0   0   0   0   3   7   0   0   0  0.63 0.16
  159 K    0  0  0 -2 -3 -1  0 -3  2 -1 -2  2 -2 -3  4  0  1 -4  0 -1    9   3   6   0   0   0   3   0   7   4   4  18   0   0  22   6  12   0   3   3  0.41 0.11
  160 N    1 -2  2  2 -3  1  0  1 -2 -2 -2  0 -2 -3  3  0 -1 -4  0 -2   13   0  12  14   0   8   3  12   0   3   4   4   0   0  17   6   0   0   4   0  0.35 0.10
  161 L   -3 -4 -5 -6 -3 -4 -5 -6 -5  2  5 -4  2  1 -5 -4 -3 -4 -3 -1    0   0   0   0   0   0   0   0   0   9  84   0   3   4   0   0   0   0   0   0  1.22 0.31
  162 N    0 -3  5 -2 -5 -2 -2 -3  0 -5 -5 -2 -4 -5  5  1 -2 -6 -4 -4    6   0  46   0   0   0   0   0   3   0   0   0   0   0  38   9   0   0   0   0  1.42 0.33
  163 A    6 -3 -4 -4 -3 -3 -3 -1 -4 -3 -3 -3 -3 -4 -3 -1 -2 -5 -4  0   90   0   0   0   0   0   0   3   0   0   0   0   0   0   0   0   0   0   0   7  1.32 0.37
  164 N   -4 -3  8 -1 -6 -2 -3 -3 -2 -6 -6 -2 -5 -6 -5 -2 -3 -7 -5 -6    0   0 100   0   0   0   0   0   0   0   0   0   0   0   0   0   0   0   0   0  2.51 0.56
  165 K   -3  4 -1 -3 -5  3 -2 -4  2 -3 -2  2 -2  0 -4 -2  1 -2  4 -3    0  28   2   0   0  14   0   0   6   0   3  11   0   2   0   0  11   0  22   0  0.68 0.23
  166 I   -3 -4 -5 -6 -3 -4 -5 -6 -5  5  2 -4  3 -2 -5 -4 -2 -4 -3  3    0   0   0   0   0   0   0   0   0  42  22   0  10   0   0   0   0   0   0  25  0.92 0.26
  167 S   -1 -1  0  1 -4  3 -1 -3 -2 -3 -4  3 -2 -4 -3  2  3 -5 -4 -2    0   0   3   7   0  18   0   0   0   0   0  26   0   0   0  19  24   0   0   2  0.64 0.24
  168 I   -2 -4 -4 -5 -3 -3 -4 -5 -3  4  1 -4  0  1 -4 -3 -1 -3  2  4    0   0   0   0   0   0   0   0   0  29  13   0   0   5   0   0   3   0  10  37  0.65 0.20
  169 A    2 -3  2  1 -4 -2 -2  4 -3 -5 -5  0 -4 -5 -3  1 -2 -5 -4 -4   18   0  11  10   0   0   0  45   0   0   0   6   0   0   0  10   0   0   0   0  0.78 0.22
  170 E   -1  0  1  0 -4 -1  1  4 -2 -4 -4  0 -3 -3 -3 -1  1 -4  0 -4    0   4   9   5   0   2  12  45   0   0   0   4   0   0   0   3   9   0   4   0  0.60 0.17
  171 N   -2 -1  2  2 -4  2  1 -3 -2 -2 -3  2 -1 -4  0  0  0 -5 -3  1    0   0  14  14   0  10  10   0   0   0   0  19   2   0   3   8   5   0   0  16  0.36 0.15
  172 H   -2  1  4  0 -5 -1  1 -3  3 -4 -4  3 -3 -1  3 -2 -1 -4  1 -4    0   7  27   3   0   0   7   0  10   0   0  24   0   2  13   0   2   0   5   0  0.66 0.22
  173 I    0 -1 -3 -4  1 -3 -3  0 -3  2  1 -2  1 -2 -3 -1  0 -4 -3  3    8   5   0   0   5   0   0   9   0  12  17   0   4   0   0   4   3   0   0  31  0.27 0.12
  174 A    4 -3 -3 -3  0 -2 -3  1 -3 -1 -3 -1 -2  1 -3  0  0 -4 -3  1   54   0   0   0   2   0   0  10   0   3   0   4   0   6   0   4   6   0   0   9  0.52 0.22
  175 N   -3 -4 -2 -5 -3 -4 -4 -6  0  6  1 -1  2  0 -5 -4 -3 -4 -3  1    0   0   2   0   0   0   0   0   3  68  11   4   5   4   0   0   0   0   0   3  0.98 0.30
  176 A    5  4 -3 -4 -3 -2 -3 -3 -3 -4 -2 -2 -3 -4 -3 -1 -1 -5 -4 -3   69  26   0   0   0   0   0   0   0   0   3   0   0   0   0   0   2   0   0   0  1.13 0.38
  177 G    1 -1 -2 -3  5 -2 -3  2 -3 -4 -4 -2 -3 -4 -3  3  3 -5 -4 -3   11   4   0   0  17   0   0  16   0   0   0   0   0   0   0  32  20   0   0   0  0.71 0.26
  178 Q   -3 -2 -2  0 -5  7 -1 -4 -2 -6 -5 -1 -3 -6 -4  2 -3 -5 -5 -5    0   0   0   4   0  81   0   0   0   0   0   0   0   0   0  15   0   0   0   0  1.89 0.54
  179 Y   -4 -5 -4 -5 -5 -4 -5  2  1 -4 -4 -5 -4  4 -6 -4 -4 -1  8 -4    0   0   0   0   0   0   0  16   3   0   0   0   0  14   0   0   0   0  67   0  1.84 0.45
  180 P   -3 -5 -5 -5 -6 -4 -4 -6 -5 -6 -6 -4 -5 -7  8 -4 -4 -8 -6 -5    0   0   0   0   0   0   0   0   0   0   0   0   0   0 100   0   0   0   0   0  3.37 0.65
  181 K   -2 -1 -2 -3 -4  0 -1 -4 -3  0  2  4 -1 -1 -3 -1  2 -4 -1 -2    0   0   0   0   0   2   2   0   0   5  24  42   0   2   0   3  18   0   2   0  0.56 0.26
  182 D   -1 -1  2  2 -5  1  3 -2  2 -4 -4  1 -3 -5  3 -1 -1 -5 -3 -2    4   0  13  14   0   7  24   2   6   0   0  10   0   0  14   2   2   0   0   3  0.57 0.19
  183 E    0 -1  3  1 -4  1  3 -1  2 -3 -4  0 -3 -4 -3  1  1 -4 -3 -2    9   0  20   5   0   5  26   4   6   0   0   6   0   0   0   9   7   0   0   3  0.46 0.17
  184 Q    1 -2  1 -2 -3  4  0  1  0 -2 -4 -1 -2 -4 -3  2  2 -4 -3 -3   12   0   6   0   0  31   3  13   2   2   0   0   0   0   0  15  15   0   0   0  0.55 0.23
  185 I   -1 -4 -5 -6 -3 -4 -4 -5 -5  4  3 -4  3 -2 -4 -3 -2 -4 -3  3    4   0   0   0   0   0   0   0   0  25  37   0   7   0   0   0   0   0   0  26  0.81 0.25
  186 E   -1  0  2  0 -5  1  5  1  1 -4 -5  1 -3 -5 -3 -2 -1 -5 -4 -2    5   5  11   3   0   4  48   9   3   0   0   7   0   0   0   0   3   0   0   2  0.72 0.25
  187 D    0 -2  4  4 -4  0  0 -3 -2 -2 -2  1 -3 -4 -1  1  0 -5 -4 -2    6   0  22  28   0   3   3   0   0   3   3   9   0   0   3  14   3   0   0   3  0.53 0.20
  188 H   -4 -3 -3 -4 -5  1 -3 -5  7 -4 -2 -3 -3  5 -5 -4 -4 -2  5 -4    0   0   0   0   0   8   0   0  42   0   3   0   0  25   0   0   0   0  22   0  1.56 0.42
  189 L   -4 -2 -5 -6 -4 -4 -5 -6 -4  1  4 -2  2  3 -5 -4 -3  6 -1 -1    0   3   0   0   0   0   0   0   0   6  52   3   4  17   0   0   0  15   0   0  0.99 0.30
  190 K    0  4  1 -1  0  3  1 -1  0 -4 -4  3 -3 -4 -3  0 -1 -5 -3 -4    7  31   7   3   2  14   7   4   2   0   0  17   0   0   0   5   2   0   0   0  0.59 0.20
  191 M   -4 -4 -5 -5 -4 -3  0 -6 -5  0  0 -4  9 -3 -5 -4  0 -4 -4 -2    0   0   0   0   0   0   6   0   0   3   4   0  81   0   0   0   5   0   0   0  2.11 0.58
  192 L   -3 -4 -5 -6 -3 -4 -5 -6 -4  3  4 -4  2 -1 -5 -4 -1 -4  0  1    0   0   0   0   0   0   0   0   0  18  63   0   6   0   0   0   3   0   3   7  0.96 0.29
  193 A    2 -4 -4 -5 -3 -3 -4 -2 -3 -1  1 -3  3  1 -4 -2 -2  6  1  2   26   0   0   0   0   0   0   3   0   0  15   0   9   8   0   0   0  14   6  20  0.56 0.23
  194 D    0 -2 -1  4 -5  2  4 -3 -2 -5 -5  1 -4 -5 -1  0 -2 -6 -5 -4   10   0   0  28   0  10  39   0   0   0   0   6   0   0   3   4   0   0   0   0  0.92 0.29
  195 N   -3  2  4 -1  1  3  1 -3 -2 -3 -4  3 -3 -5 -3 -2 -2 -5 -4  0    0   9  31   0   4  16  10   0   0   0   0  21   0   0   0   0   0   0   0   8  0.72 0.27
  196 K   -3  5  2  2 -6  0  0 -4  2 -5 -5  4 -4 -5 -4 -2 -3 -5 -4 -5    0  38  11  13   0   3   4   0   5   0   0  26   0   0   0   0   0   0   0   0  0.97 0.30
  197 T    1 -3 -3 -4  4 -3 -3 -4 -4  1 -3 -3 -2 -4  3  0  4 -5 -4  0   12   0   0   0  12   0   0   0   0  12   0   0   0   0  13   6  41   0   0   4  0.72 0.28
  198 S    0 -3 -2 -1 -4 -3 -3 -1 -3 -4 -4 -1 -4 -5  6  3  2 -6 -5 -4    8   0   0   3   0   0   0   5   0   0   0   4   0   0  44  23  14   0   0   0  1.20 0.32
  199 C    1 -3 -3 -4  5 -1 -3 -2  0  1  0  0  0 -3 -3  0  0 -4 -3  3   10   0   0   0  16   3   0   2   3   5   9   7   2   0   0   7   3   0   0  34  0.36 0.18
  200 L   -3 -4 -1 -5 -3 -4 -5 -6 -5  3  4 -4  1 -2 -5 -4 -3 -4 -3  1    0   0   3   0   0   0   0   0   0  24  61   0   2   0   0   0   0   0   0   9  0.98 0.30
  201 V    2 -4 -4 -5  0 -4 -4 -2 -4  0 -1 -4 -1 -3 -4 -3  0 -4  0  5   16   0   0   0   2   0   0   3   0   0   2   0   0   0   0   0   5   0   4  68  0.91 0.34
  202 V   -1 -5 -5 -6 -3 -4 -5 -6 -5  2 -1 -4  5 -3 -5 -4 -2 -5 -4  6    3   0   0   0   0   0   0   0   0   9   0   0  18   0   0   0   0   0   0  71  1.31 0.40
  203 L   -4 -5 -6 -6 -4 -4 -5 -6 -5  2  5 -5  0 -2 -5 -5 -3 -4 -3  1    0   0   0   0   0   0   0   0   0   8  81   0   0   0   0   0   0   0   0  10  1.33 0.40
  204 A    4 -3 -1 -3  2 -3 -3  0 -3 -3 -4 -3 -3 -4 -3  2  4 -5 -4 -2   39   0   3   0   4   0   0   5   0   0   0   0   0   0   0  16  33   0   0   0  0.81 0.32
  205 S    0 -1  2  0 -4 -2  1 -1 -2 -4 -5  2 -4 -5 -3  5  1 -5 -4 -4    2   3  11   3   0   0   8   3   0   0   0  11   0   0   0  54   6   0   0   0  0.79 0.32
  206 N   -1  0  3  3 -4 -1  1 -2 -2 -2  0  1 -2 -3  0  0  0 -5 -1 -3    2   4  22  23   0   0   8   2   0   3  10   8   0   0   5   5   7   0   2   0  0.39 0.17
  207 D    0  0  2  3 -4  0  1  0  0 -2 -3  1 -2 -1 -3  1 -1 -4 -3  1    8   3  10  21   0   2   8   5   2   0   0   9   0   3   0  14   2   0   0  14  0.28 0.14
  208 D   -2 -3 -2  5 -6  3  5 -4 -2 -1 -4 -2  0 -5 -2 -2 -3 -6 -5 -4    3   0   0  33   0  14  40   0   0   5   0   0   3   0   2   0   0   0   0   0  1.07 0.35
  209 I   -3 -4  1 -5 -4  0 -4 -5 -4  5  1 -2  5  1 -5 -4 -3 -4 -3  0    0   0   8   0   0   4   0   0   0  50  11   3  18   6   0   0   0   0   0   0  0.85 0.33
  210 S    2  0  2  2 -3  2  2  0 -2 -2 -3  1 -3 -4 -2  1  1 -5 -3 -2   20   2  10  10   0   9  12   5   0   3   0   9   0   0   0  11   9   0   0   0  0.35 0.15
  211 K    1  1  2  1  0 -1  2 -1 -2 -2 -4  4 -3 -4  0  0 -2 -5 -4 -3   11   6  10   7   2   0  14   4   0   3   0  33   0   0   4   5   0   0   0   0  0.47 0.20
  212 P    0  2  0  0 -4  2  1 -2  0 -3 -3  3 -3 -4  4 -2 -2 -4  0 -1    6  15   4   4   0   9   9   2   2   0   2  19   0   0  19   0   0   0   4   4  0.50 0.18
  213 K   -1  3  0  0  0  1  0  1 -2 -3 -4  4 -3 -4  0  0 -2 -4 -4 -3    3  14   3   5   3   6   2  12   0   2   0  39   0   0   3   6   0   0   0   0  0.53 0.21
  214 F   -3 -4 -4 -5  4 -3 -4 -5 -4 -1  4 -4  5  2 -4 -2 -3 -3  1 -1    0   0   0   0  11   0   0   0   0   0  53   0  18   7   0   3   0   0   6   0  0.88 0.30
  215 T    0 -3 -3 -1  1 -3 -1 -1  1 -2 -5  1 -4 -5  7 -2  0 -6 -5 -4    8   0   0   3   4   0   3   5   4   3   0   9   0   0  57   0   6   0   0   0  1.39 0.37
  216 N    0  1  1  4 -4  1  1 -3 -2 -2 -4  0 -3 -2  3 -1 -2  2 -3 -2    8   8   7  27   0   9   7   0   0   3   0   5   0   2  14   4   0   3   0   2  0.48 0.18
  217 Y   -5 -5 -5 -7 -6 -5 -6 -7 -1 -4 -4 -5 -4  2 -7 -5 -5 -1  9 -5    0   0   0   0   0   0   0   0   0   0   0   0   0   4   0   0   0   0  96   0  2.99 0.69
  218 F   -5 -6 -6 -6 -5 -1 -6 -6 -4 -3 -2 -6 -3  8 -6 -5 -5  6  3 -4    0   0   0   0   0   3   0   0   0   0   0   0   0  78   0   0   0  13   6   0  2.23 0.55
  219 I    1  3 -2 -2  0 -1  0 -1  0  0 -2  1  1 -2 -1  1  1 -3  0 -1   10  26   0   0   3   0   4   4   2   7   1   9   5   0   2  11   7   0   4   4  0.23 0.13
  220 P   -2  1 -2  0 -5  3  1  1 -2 -2 -4  1 -1 -5  4 -1  0 -5 -4 -2    0   9   0   5   0  18  11  12   0   2   0   7   2   0  25   2   5   0   0   2  0.62 0.22
  221 N   -1 -2  4  3 -4  0  1  0  2 -5 -5  0 -4 -5 -3  2 -1 -5 -4 -4    5   0  24  20   0   3  10   5   5   0   0   6   0   0   0  22   0   0   0   0  0.66 0.24
  222 S    0 -2  0 -1 -4  1  0  4  2 -2 -2  0 -3 -3 -1  1 -1 -3  1 -3    4   0   4   2   0   6   7  34   7   3   3   8   0   0   3   9   3   0   7   0  0.37 0.16
  223 S    0  0  1  1 -3  2  0  0  1 -2 -3  2 -2 -4 -3  1  1 -4 -3  0    5   4   8   7   0  11   2   7   5   2   0  15   0   0   0  14  11   0   0   8  0.26 0.13
  224 Y   -4 -3 -1 -5 -5 -3 -4 -2  2 -3 -1  0  1  2 -5 -4 -4 -1  7 -1    0   0   3   0   0   0   0   3   4   0   6   8   4   7   0   0   0   0  61   5  1.36 0.42
  225 A    1 -1  0  2 -4  1 -2  4 -3 -5 -4 -2 -4 -1 -1  1  0 -5 -4 -4    9   3   3  11   0   6   0  47   0   0   0   0   0   3   2   9   7   0   0   0  0.69 0.24
  226 T    1  0 -2  1 -3  0  2 -2 -2  1 -1 -1 -2 -1 -3  0  2 -3  1  0   11   4   0   7   0   5  17   3   0  11   3   2   0   3   0   7  17   0   8   4  0.17 0.12
  227 S   -1 -1  0 -3 -3  1 -2  0 -2  2 -1  0  2 -2 -3  2  0 -3  0  2    0   2   6   0   0   7   0   9   0  15   0   6   8   0   0  19   2   0   5  20  0.22 0.17
  228 T   -1 -2  1  2 -3 -1  1 -3  1 -1 -1 -1 -2 -3 -3  2  3 -4  0  0    3   0   5  11   0   0  11   0   4   3   8   2   0   0   0  21  20   0   3   8  0.29 0.17
  229 L   -1 -1 -3 -3 -3  0  1 -2  1  2  0 -1  2 -2 -3 -1  1 -4 -3  3    3   2   0   0   0   3  11   3   4  13   6   2   9   0   0   3  10   0   0  31  0.28 0.17
  230 V   -1 -1  0 -1  1  1  1 -3  1  0  0  1  0 -3 -3  0  2 -4 -3  2    0   2   4   3   4   5  10   0   4   5   9   9   2   0   0   7  16   0   0  20  0.16 0.11
  231 V   -1 -1 -1 -3  2 -2 -3 -2 -3  2  0 -2  0  0 -1  2  2 -3  1  1    0   2   3   0   5   0   0   2   0  19   7   0   2   3   2  23  17   0   6   9  0.27 0.17
  232 K   -2  2  1  0 -5  3  2  1 -2 -4 -4  3  0 -4 -3 -2 -1 -4 -1 -2    0  11   7   4   0  13  16  11   0   0   0  26   3   0   0   0   3   0   3   2  0.51 0.21
  233 K   -2  2  0 -1 -4  1  1 -2  0  0 -2  4  0 -4 -3  0  1 -5 -3 -1    0  10   5   3   0   4   8   3   3   8   2  34   3   0   0   4  11   0   0   4  0.38 0.18
  234 Y   -1  0  1 -1 -3  0  0 -1  2  0  0  1 -1 -2 -3 -1 -1  2  1  1    3   5  10   3   0   2   6   5   7   7   7  13   0   0   0   0   3   4   8  16  0.10 0.09
  235 N   -1 -1  3  0 -3  1  2  1 -1 -1 -1  0 -2 -3  2  0  1 -4 -3 -2    3   3  16   3   0   5  20  11   0   4   6   3   0   0  10   7   8   0   0   1  0.29 0.12
  236 L   -2 -2 -2 -1 -3  1  0 -2 -2  0  3 -1  0  0  0 -1  0 -3  0  1    1   1   0   3   0   8   6   2   0   3  39   3   0   3   6   3   6   0   4  11  0.22 0.13
  237 S    1 -1 -1 -1 -3 -1  0  2  1 -2 -2  1  0 -3  1  2  1 -4 -3  0   15   2   0   2   0   0   7  15   5   0   3   9   2   0   6  19   7   0   0   7  0.22 0.12
  238 S   -2 -1  2  3 -4 -1  2  1  1 -2 -4  0 -3 -4 -1  1  1 -5 -3 -2    0   3   9  23   0   0  15   9   5   3   0   4   0   0   2  14  10   0   0   3  0.40 0.16
  239 D   -2 -1  2  3 -4  0  1  3  0 -1 -4  2 -3 -1  0 -1 -1 -4 -3 -3    0   0  13  18   0   2   8  23   3   5   0  15   0   4   4   2   2   0   0   0  0.40 0.17
  240 V   -1 -3 -3 -2 -3 -3 -3 -1 -3  3  1 -1  0  0  0 -1  0 -3  0  2    5   0   0   3   0   0   0   5   0  30  11   6   0   5   5   4   6   0   3  17  0.22 0.14
  241 L   -1 -2 -2  1 -3  0  1  0 -2  0  1  1  2 -2 -1  0  2 -3  0 -1    0   0   0   8   0   5  13   8   0   6  13   9   8   0   2   6  15   0   5   3  0.13 0.11
  242 A    3 -1 -1 -3  0 -2 -2 -1 -3  2  0 -2  1 -1 -3 -1  0 -4 -1  1   39   4   3   0   2   0   2   3   0  17   6   0   4   2   0   2   3   0   2  10  0.29 0.18
  243 D   -2  2  1  4 -5  1  2  0  2 -4 -4  1 -3 -2 -3 -1 -2 -5 -3 -2    0  11   8  29   0   6  14   8   7   0   0   9   0   2   0   2   0   0   0   4  0.56 0.20
  244 S   -1  0  0  0  2  0 -2  0  0  1  0 -2  0 -1 -3  1  1 -4 -2  1    2   6   3   5   6   4   0   9   2  13   7   0   2   3   0  14  13   0   0  12  0.10 0.10
  245 Y   -4 -4 -4 -2  1 -4 -5 -3 -1 -3 -1 -1 -3  3 -5 -4 -2 -1  7 -1    0   0   0   2   3   0   0   2   0   0   7   4   0  12   0   0   3   0  62   4  1.46 0.43
  246 V   -1  2  2 -1 -4  2  0 -3  1  0  1  2 -1 -1 -3  0  1 -4 -2 -1    3  13  11   2   0  12   5   0   4   6  15  13   0   3   0   4  10   0   0   1  0.22 0.13
  247 L   -3 -2 -5 -6 -3 -3 -4 -5 -4  1  4 -4  5 -1 -5 -4 -1 -3 -1  1    0   3   0   0   0   0   0   0   0   6  57   0  21   0   0   0   2   0   3   8  0.92 0.30
  248 K   -1  1  2  1  0  0  1 -3  0 -1 -2  3 -2 -3 -1  0  2 -4 -3  0    4   5  11   6   2   2   7   0   2   2   2  23   0   0   2   2  20   0   0   7  0.28 0.13
  249 T   -2 -4  0 -1  0  0 -3 -5 -4  5  0 -3  1 -1 -4 -2  2 -4 -3  2    0   0   5   3   2   6   0   0   0  50   5   0   3   2   0   0  15   0   0  10  0.59 0.25
  250 K   -1  2  0  0 -4  1  0  0  0 -2 -2  3 -2 -1  0  1  1 -3  1 -2    3  10   2   4   0   7   2   6   2   3   4  24   0   2   5  11   8   0   5   3  0.22 0.11
  251 D   -2  0  2  3  0  0  1  0  1 -1 -2  0 -2 -3 -2  0  1 -4 -3 -1    1   4  10  26   2   2  10   8   4   5   3   4   0   0   0   5   8   0   0   3  0.30 0.11
  252 S    0 -1  1 -1 -1  0  0  2 -1 -4 -4  0 -3 -2 -1  2  1 -3  2 -3    7   3   6   3   2   4   7  21   0   0   0   6   0   0   2  17  11   0  11   0  0.30 0.13
  253 K   -2  0  2  0 -4  2  1  1  2 -4 -4  2 -3 -3  1  1  0  1  0 -3    0   2  12   4   0  14   7  11   5   0   0  18   0   0   5  10   6   3   4   0  0.36 0.15
  254 G   -1 -1  2  1 -4  0  0  4  0 -2 -4  0 -3 -4 -1  0  1 -4 -4 -3    2   3  14   9   0   2   7  35   2   2   0   5   0   0   3   3  12   0   0   0  0.48 0.16
  255 K    0  2  1  0 -4  1  0 -3 -2 -2 -4  5 -3 -4  0  0 -1 -5 -4 -2    7   8   6   4   0   4   5   0   0   2   0  49   0   0   3   5   2   0   0   3  0.63 0.23
  256 Y    1  0  0 -1 -3  0  1  0  1 -2 -2  1 -2 -1  1  1  1 -2  1 -1   12   3   5   3   0   3   8   7   5   1   1  11   0   2   8   7  10   0   8   5  0.15 0.06
  257 I   -1  0 -2 -2  0 -1 -2 -3  2  3  0  0  0  0 -2  0  1 -2  0  1    3   6   1   1   3   1   1   1   8  26   7   6   0   5   1   9   8   0   3  10  0.13 0.08
  258 D    0  0  1 -1 -3  0 -2 -1  0 -2 -3  1 -2 -4  2  2  4 -4 -3 -2    6   5   7   2   0   3   0   3   3   2   0   8   0   0  11  13  35   0   0   0  0.48 0.19
  259 I   -3 -5 -5 -6 -3 -4 -5 -6 -5  5  2 -4  0 -2 -5 -4 -1 -4 -3  4    0   0   0   0   0   0   0   0   0  45  22   0   0   0   0   0   2   0   0  31  0.99 0.30
  260 P   -2  0  0 -1 -5 -2 -2 -4  4 -5 -5  1 -4 -5  6  2  0 -6 -3 -4    0   4   4   3   0   0   0   0  12   0   0  11   0   0  45  15   6   0   0   0  1.18 0.31
  261 V   -2 -4 -4 -5 -3  1 -3 -5  2  0  0 -4 -1  1 -4 -3  0 -4 -2  5    0   0   0   0   0   9   0   0   6   0   6   0   0   7   0   0   4   0   0  68  0.91 0.34
  262 F   -2 -4 -4 -5 -3 -3 -4 -5 -1  3  2 -4  3  4 -4 -3 -2 -2  1  2    2   0   0   0   0   0   0   0   2  27  19   0  13  20   0   0   0   0   5  13  0.63 0.21
  263 H   -4 -1 -2 -4 -7  1 -3 -5 10 -6 -6 -3 -5 -4 -5 -4 -4 -5 -1 -6    0   3   0   0   0   7   0   0  91   0   0   0   0   0   0   0   0   0   0   0  2.84 0.62
  264 V   -1 -4 -5 -5 -3 -4 -4 -5 -4  3  0 -4 -1  2 -4 -3 -2 -3  1  5    5   0   0   0   0   0   0   0   0  17   4   0   0  10   0   0   0   0   5  58  0.86 0.28
  265 T   -2 -1  0 -1 -3  0 -2 -2  1  0  0  1 -2 -1  0  0  4 -4  1 -2    0   3   2   2   0   3   0   3   3   5   9   9   0   2   4   4  46   0   5   0  0.42 0.21
  266 N   -3 -3  7  1 -5  0 -1  1 -2 -6 -6 -1 -4 -5 -4  1 -2 -6 -5 -5    0   0  72   6   0   2   2   8   0   0   0   2   0   0   0   8   0   0   0   0  1.48 0.40
  267 W   -6 -6 -7 -8 -6 -5 -7 -7 -6 -6 -5 -7 -4 -3 -8 -7 -6 12 -1 -6    0   0   0   0   0   0   0   0   0   0   0   0   0   0   0   0   0 100   0   0  4.62 0.79
  268 P    0 -1 -3  0 -5 -2  0 -2 -4 -1 -4  1 -4 -5  7 -2 -3 -6 -5 -2    6   4   0   5   0   0   5   3   0   4   0  11   0   0  59   0   0   0   0   3  1.47 0.34
  269 D   -1 -4 -1  7 -6 -3 -1 -4 -4 -6 -7 -3 -6 -6 -4 -3 -3 -8 -6 -6    4   0   0  96   0   0   0   0   0   0   0   0   0   0   0   0   0   0   0   0  2.31 0.52
  270 K   -3  1 -2 -3 -5  1 -2 -1  7 -4 -2  2  0  0  0 -2 -3 -4  1 -4    0   7   0   0   0   6   0   5  47   0   3  17   3   4   5   0   0   0   3   0  1.01 0.31
  271 K   -1 -2 -1 -2 -3  3 -1  3  0 -3 -3  0 -2 -4 -3  0  4 -4 -3 -3    0   0   0   0   0  16   3  31   2   0   1   5   0   0   0   6  33   0   0   0  0.65 0.23
  272 P    2 -2 -2 -2 -2 -1 -1  1 -2 -2 -1 -2 -2 -3  3  0  2 -3 -3  0   27   1   1   1   0   1   4   9   0   1   4   1   0   1  19   6  19   0   1   6  0.44 0.14
  273 I   -1 -3 -4 -4 -2 -1 -3 -4 -4  3  3 -3  0 -2 -3 -2 -2 -3 -3  3    2   0   0   0   0   4   0   0   0  25  29   0   0   0   0   3   0   0   0  33  0.59 0.20
  274 P   -1 -2  1  3 -4  0  0  1 -2 -4 -4 -2 -3 -4  4  2  0 -5 -4 -3    0   0   5  23   0   3   3  10   0   0   1   0   0   0  26  20   7   0   0   0  0.74 0.20
  275 S    2  1  0 -2 -2  0 -1 -1 -2 -1 -1  0  0 -2  1  2  1 -3  0  0   19   7   5   0   0   3   1   3   0   2   3   2   3   0   7  25   9   0   5   6  0.23 0.11
  276 S   -1 -1  1  1 -3  0  3 -2 -2 -3 -3  1 -2 -1 -2  2  3 -4 -3 -3    3   2   5   5   0   0  28   1   0   0   1   8   0   4   0  21  20   0   0   1  0.48 0.18
  277 A    1 -1  0  1 -3  1  1  0 -2 -1 -2  1 -1 -3 -1  0  1 -4 -3  1   17   0   3   9   0   5  11   6   0   3   2  12   0   0   3   7   7   0   0  14  0.16 0.08
  278 L   -2 -3 -3 -4 -3  0 -3 -4 -3  2  3 -3  3 -1 -3 -1  2 -3 -2  1    1   0   0   0   0   4   0   1   0   9  44   0   7   0   0   4  16   0   0  10  0.47 0.17
  279 I   -1  1  0  0 -3  0  0 -2 -2  1  1  2  0 -2 -2 -1  0 -3 -2  1    3   9   3   7   0   3   6   3   0  10  15  17   2   0   0   3   7   0   0  13  0.12 0.07
  280 E    1  2  1  2 -4  2  3 -3 -1 -3 -3  2  0 -4 -2 -1 -2 -4 -3 -3   13  10   8   9   0   8  29   0   0   0   0  15   4   0   0   2   0   0   0   0  0.50 0.17
  281 M   -2 -3 -1 -4 -3 -2 -3 -4 -3  1  3 -1  3  1  0 -2  0 -3 -2  1    2   0   4   0   0   0   0   1   0   6  46   3  13   5   5   1   5   0   0   8  0.44 0.17
  282 A    4 -1  0 -3  0 -2 -1  0 -3  1 -2 -1 -2 -3  0  0 -1 -4 -3  1   45   3   4   0   2   0   3   6   0  13   1   3   0   0   3   3   2   0   0  10  0.32 0.16
  283 D   -1  1  1  3 -3  3  1  0 -1 -3 -3  1 -2 -4 -2  1  0 -4 -3 -3    1   7   6  20   0  16   8   9   0   0   1  10   0   0   0  14   5   0   0   1  0.42 0.14
  284 L   -2 -1 -3 -1 -3 -2 -1 -4  1  2  3 -2  2 -1 -3 -2 -1 -2  1  0    1   4   0   3   0   0   5   1   4  15  48   1   4   0   0   2   2   0   6   3  0.38 0.15
  285 V    0 -3 -3 -4 -2 -3 -3 -4 -4  3  1 -1  2  0 -3 -2 -1 -3 -2  4    7   0   0   0   0   0   0   1   0  23   8   3   7   3   0   1   3   0   0  42  0.54 0.19
  286 T    0  0  2  1 -2  1  1  0 -1  0  0  1 -1 -2 -2  0  1 -3 -2 -1   10   3  15   6   0   5   8   6   0   8   8   7   0   1   1   4  13   0   1   3  0.12 0.05
  287 K    0  1  0  1 -3  1  1 -1  1 -1 -2  4 -2 -3 -2  0 -1 -3 -2 -1    5   6   3   9   0   4   9   4   4   4   4  34   0   1   1   8   1   0   1   3  0.30 0.11
  288 S    0  0  1  0 -2  1 -1  0  0 -1 -2  0  0  0 -2  1  1  4  0  0    3   5  10   6   0   7   1   8   2   3   2   3   2   4   1  12  13   7   3   7  0.14 0.06
  289 A    2  0  0 -2  0  1 -1 -1  0  0 -1  0  0 -2 -1  1 -1 -2  0 -1   31   3   5   1   3  10   1   2   3   5   7   3   3   1   1  11   1   0   5   4  0.16 0.08
  290 K    0  1  1  1 -3  1  2 -2  0 -2 -1  3 -1 -2 -1  0 -1 -3 -2 -2    9   4   5   6   0   6  19   2   3   1   7  25   1   1   1   6   1   0   1   2  0.29 0.09
  291 I   -1 -1 -2 -1 -2 -1  1 -2 -1  2  0  0  1  2 -2 -1  0 -2  0  0    2   2   1   2   1   1  13   2   1  25   7   6   3  15   2   4   7   0   2   4  0.13 0.07
  292 N    0  2  3  0 -2  0  0 -1  1 -1 -2  1 -1 -1 -1  0  0 -2  1 -2   12  13  17   4   1   3   4   4   3   4   3  12   1   1   2   4   4   0   8   2  0.18 0.06
  293 N   -1  1  3 -1 -3  1  1 -2 -1 -2 -1  1 -1 -1  1  0  1 -3 -2 -1    2   8  25   1   0   6   9   2   1   1   5  10   1   3   6   4  11   0   1   4  0.27 0.09
  294 K    0  1  0 -1 -2  3  0 -1 -1 -2 -1  3  0 -2  0 -1  0 -2  1 -2    6   5   4   2   1  16   5   4   1   2   5  25   3   1   4   2   7   0   5   2  0.24 0.08
  295 I   -1  0  1 -1 -2  0 -1 -1 -1  2  0  1  1  1 -2  0 -1 -2  1  1    5   6   8   1   1   3   2   4   1  17   6  13   4   7   1   5   2   0   5  11  0.05 0.04
  296 N   -1  0  3 -1 -3  1  1  2  0 -3 -3  1 -2 -3 -1  0 -1 -3  0 -3    4   4  21   1   0   8  12  18   2   1   2  10   0   1   3   6   1   0   5   1  0.33 0.11
  297 K    0  0  1 -1 -3  2  1  0 -1 -3 -3  2 -2 -3  0  2  0 -3 -2 -2    5   3   6   1   0  13  10   6   0   1   2  16   0   1   4  26   4   0   1   1  0.33 0.11
  298 I   -1 -1 -2 -2  1 -1 -2 -1 -1  2  0  0  0 -1  0  1  0 -2  2  1    2   4   1   1   5   3   1   4   0  18   7   6   0   1   5  14   4   0  10  13  0.09 0.06
  299 S    3 -1 -1 -1 -2  1  0  1 -1 -2 -1 -1 -2 -2 -1  2 -1 -2  0 -2   36   1   1   3   0   9   5   8   0   1   5   1   0   1   1  19   1   0   3   1  0.32 0.12
  300 V    0  0 -2 -2 -2  1 -1 -1 -2  2  0  0  0 -2 -2  1  0 -3 -2  2    5   5   1   1   0   8   4   5   0  14   6   4   0   1   1  14   3   0   1  26  0.15 0.09
  301 N    0  0  4  1 -2  0  0  2 -1 -2 -2 -1 -2 -2 -2  1  0 -3 -2 -2    7   6  25   9   0   4   4  15   1   1   4   1   1   1   1  10   6   0   1   2  0.30 0.09
  302 S    0 -1  0  3 -3  0  0  0  1 -2 -2  0 -2 -3  2  2  0 -3 -2 -1    6   1   1  24   0   4   1   9   5   1   2   4   0   1  12  17   6   0   1   6  0.32 0.10
  303 F   -1  0  1  1 -2  1  1 -1 -1 -1 -1  1 -1 -1  3  0  0 -2  0 -1    2   5   6   7   1   6   8   5   1   4   8   9   1   2  15   6   6   0   4   5  0.19 0.04
  304 D   -2  0  3  4  0  0  1 -1 -1 -3 -3 -1 -3 -3 -2  0 -1 -3  1 -2    1   6  20  33   2   3   9   4   0   1   1   1   0   1   1   7   3   0   6   3  0.51 0.15
  305 K   -1  2 -1 -1 -4  2  2 -1 -2 -3 -3  4 -2 -4 -1  1  0 -4 -3 -3    4   9   0   0   0   9  14   3   0   0   1  39   0   0   2  12   4   0   0   1  0.58 0.19
  306 G    0 -3 -2 -3 -3 -2 -1  3  2 -2  1 -2  1 -3  2  1 -1 -4 -3 -2    5   0   0   0   0   0   3  31   8   0  20   0   5   0  12  10   2   0   0   0  0.40 0.15
  307 L   -1  1  0 -3  1  1 -2 -4 -3  0  3 -2  0 -2  3 -2 -2 -3 -3  1    3   8   6   0   4   8   0   0   0   0  39   0   0   0  14   0   0   0   0  16  0.37 0.17
  308 P   -2 -2 -3 -4 -4 -3 -3 -4 -4  0 -3 -3  0 -4  7  0  1 -5 -4 -2    0   2   0   0   0   0   0   0   0   7   0   0   3   0  67   6  10   0   0   2  1.76 0.37
  309 F   -2 -4 -4 -5 -3 -3 -4 -5 -4  2  1 -4  4  4 -4 -3 -2 -3 -1  4    0   0   0   0   0   0   0   0   0  12   7   0  15  21   0   0   0   0   0  42  0.75 0.25
  310 V   -2 -4 -4 -5 -3 -4 -4 -5 -5  5  0 -4  2 -2 -4 -3 -2 -4 -3  4    0   0   0   0   0   0   0   0   0  50   0   0   6   0   0   0   0   0   0  39  1.08 0.31
  311 H   -4 -3 -2 -4 -7 -2 -3 -5 10 -6 -6 -3 -5 -4 -5 -4 -4 -5  0 -6    0   0   0   0   0   0   0   0  98   0   0   0   0   0   0   0   0   0   2   0  3.20 0.68
  312 C   -3 -7 -6 -7 10 -6 -7 -6 -7 -4 -5 -7 -5 -5 -6 -4 -4 -6 -6 -4    0   0   0   0 100   0   0   0   0   0   0   0   0   0   0   0   0   0   0   0  3.56 0.67
  313 K   -2  4  1 -3 -1 -1 -2 -3 -2 -2  0  1 -2 -1 -3  3  0 -4 -3 -1    0  35   5   0   2   0   0   0   0   0  13   6   0   3   0  28   4   0   0   4  0.53 0.23
  314 A    6 -4 -4 -4 -3 -3 -3  2 -4 -4 -4 -3 -3 -5 -3 -1 -2 -5 -4 -3   87   0   0   0   0   0   0  13   0   0   0   0   0   0   0   0   0   0   0   0  1.41 0.43
  315 G   -2 -5 -3 -4 -6 -4 -5  7 -5 -7 -6 -4 -6 -6 -5 -3 -4 -6 -6 -6    0   0   0   0   0   0   0 100   0   0   0   0   0   0   0   0   0   0   0   0  2.31 0.49
  316 V    1 -4 -5 -5  0 -4 -4 -5 -5  3  0 -4 -1 -3 -4 -3 -2 -5 -4  5   10   0   0   0   2   0   0   0   0  13   5   0   0   0   0   0   0   0   0  71  1.05 0.33
  317 G   -2 -5 -3 -4 -6 -4 -5  7 -5 -7 -6 -4 -6 -6 -5 -3 -4 -6 -6 -6    0   0   0   0   0   0   0 100   0   0   0   0   0   0   0   0   0   0   0   0  2.31 0.49
  318 R   -4  8 -3 -4 -6 -1 -3 -5 -2 -6 -5  0 -4 -6 -5 -3 -4 -6 -5 -5    0 100   0   0   0   0   0   0   0   0   0   0   0   0   0   0   0   0   0   0  2.42 0.56
  319 T   -2 -4 -2 -4 -4 -3 -3 -4 -4 -3 -4 -3 -3 -5 -4  0  7 -6 -4 -3    0   0   0   0   0   0   0   0   0   0   0   0   0   0   0   4  96   0   0   0  1.94 0.54
  320 G    0 -5 -3 -4 -5 -4 -4  7 -5 -6 -3 -4 -5 -5 -5 -2 -4 -6 -6 -5    6   0   0   0   0   0   0  91   0   0   3   0   0   0   0   0   0   0   0   0  1.94 0.43
  321 T   -1 -2 -2 -2 -3  5  0 -3 -2 -2 -2 -1 -2 -3 -3 -1  4 -4 -3  2    3   0   0   0   0  35   5   1   0   0   3   0   0   0   0   1  33   0   0  16  0.70 0.27
  322 F   -3 -4 -4 -5 -3 -3 -4 -5 -3  2  3 -4  2  4 -4 -3 -1 -2  1  2    0   0   0   0   0   0   0   0   0  10  38   0   4  25   0   0   2   0   3  15  0.66 0.20
  323 I    1 -4 -5 -5 -3 -4 -4 -4 -4  5  2 -4  2 -2 -4 -3 -2 -4 -3  2   17   0   0   0   0   0   0   0   0  48  15   0   6   0   0   0   0   0   0  14  0.75 0.25
  324 A    5 -3 -3 -4  1 -3 -3  1 -4 -3 -4 -3 -3 -4 -3 -1  1 -5 -4 -1   77   0   0   0   3   0   0  10   0   0   0   0   0   0   0   0   7   0   0   2  1.10 0.36
  325 E    4 -3 -2 -2  2 -2 -1  1 -3  0  1 -2 -2 -3 -3  0  0 -4 -3 -1   51   0   2   2   4   0   4  10   0   5  14   0   0   0   0   3   6   0   0   0  0.45 0.21
  326 Y   -1  0 -3  1  0 -1 -1 -4 -2  0  1 -2  6 -1 -4 -2  0 -2  3 -1    5   7   0   9   2   2   2   0   0   2   8   0  39   0   0   0   6   0  14   2  0.55 0.26
  327 Y    2 -2  0 -2  0  2  2 -3  1  0  0 -2  2 -2 -3 -1 -2 -3  2  0   24   0   4   0   3  10  17   0   3   5   9   0   7   0   0   2   0   0  10   4  0.24 0.15
  328 M   -1 -3 -4 -5 -4 -1 -2 -5 -4  0  4 -2  7 -2 -4 -4 -3 -4 -3 -1    5   0   0   0   0   2   3   0   0   2  44   3  42   0   0   0   0   0   0   0  1.09 0.35
  329 S    0 -1  1 -1  1  2  0 -1 -2  1  1  0  1 -1 -3 -1 -1  1 -2  0    5   2   7   4   4  16   3   5   0  12  19   4   4   2   0   4   2   2   0   4  0.09 0.08
  330 N   -1  1  1  2 -4  1  2 -1 -2 -3 -1  3 -2 -3 -2  0 -1 -4 -3 -3    4   5   5  13   0   5  16   3   0   0   8  29   0   0   0   7   3   0   0   0  0.40 0.15
  331 H    0  0  2 -1 -3  3  1 -2  2 -3 -3  2  1 -3 -2  1  0 -3 -1 -2    7   3  13   0   0  21   7   1   6   0   1  15   5   0   0   9   6   0   2   2  0.37 0.15
  332 P    2  0 -2  0 -3  1 -1 -2 -2 -2 -2  0 -2 -3  5  0 -1 -3 -3 -1   20   5   1   5   0   6   1   1   0   1   4   6   0   1  36   4   1   0   1   6  0.71 0.17
  333 D   -2 -1  2  3 -4  0  3  1  1 -4 -4  0 -3 -3  1 -1 -1 -4 -3 -3    1   1  14  21   0   2  25  12   4   1   1   5   0   1   6   1   4   0   0   1  0.51 0.15
  334 N    0 -1  4  0 -3  0 -1  2 -1 -3 -3  0 -3 -3 -2  2 -1 -3  0 -2    7   1  32   3   0   4   1  14   0   1   1   7   0   0   1  19   1   0   5   4  0.45 0.16
  335 N    0  1  2  0 -4  1  0  0  4 -4 -3  2 -3 -3 -3  1  0  1 -2 -3    4   5  15   3   0   7   2   8  13   0   2  20   0   0   0  15   3   3   0   0  0.39 0.15
  336 V   -2  0 -1 -2 -3 -1 -2 -4  0  3  2  0  0  0 -3 -2 -2 -3 -2  2    0   5   3   3   0   2   0   0   2  22  27   8   0   4   0   2   0   0   0  20  0.28 0.13
  337 S    0 -3  0  3  1 -2 -1 -2 -3 -4 -4 -2 -3 -4 -1  5  1 -5 -4 -3    3   0   4  20   4   0   2   0   0   0   0   0   0   0   2  56   8   0   0   0  0.85 0.29
  338 L   -1 -4 -4 -5 -3 -3 -4 -5 -4  2  4 -4  1 -2  0 -2 -2 -4 -3  3    5   0   0   0   0   0   0   0   0  13  46   0   2   0   5   3   0   0   0  25  0.65 0.22
  339 E   -1 -2 -2  2 -5  1  5 -4  1 -4 -4 -1 -3  2 -1 -2 -3 -3  2 -4    4   0   0  13   0   6  51   0   3   0   0   2   0  11   2   0   0   0   7   0  0.85 0.27
  340 R   -2  1  2  3 -4  3  3 -1 -1 -5 -4  0 -3 -5 -3  2 -1 -5 -4 -4    0   8  10  15   0  15  23   4   0   0   0   2   0   0   0  21   2   0   0   0  0.61 0.20
  341 I   -1 -4 -5 -6  1 -4 -5 -5 -5  5  1 -4  3  0 -5 -4 -2 -4 -3  3    4   0   0   0   3   0   0   0   0  59   8   0   8   3   0   0   0   0   0  15  0.94 0.28
  342 I   -2 -1 -5 -5 -3 -4 -4 -3 -5  4  0 -4 -1 -2 -4 -3 -1 -5 -3  5    0   4   0   0   0   0   0   2   0  38   3   0   0   0   0   0   2   0   0  51  0.97 0.30
  343 E    1  0  0  0 -3  2  0 -1  0  0 -1  0  1 -2 -2  1  2 -3 -1  0   13   2   4   3   0  15   3   3   2   5   5   6   5   0   0  12  14   0   3   6  0.16 0.09
  344 D   -1  0 -1  5 -5  3  2  1 -2 -4 -3  0 -3 -5 -3  0  0 -5 -4 -4    2   4   0  41   0  15  10  12   0   0   2   3   0   0   0   4   7   0   0   0  0.71 0.22
  345 M   -2 -4 -5 -6  0 -3 -5 -5 -4  1  3 -4  7  3 -5 -4 -3 -3 -2 -1    2   0   0   0   2   0   0   0   0   5  35   0  45  12   0   0   0   0   0   0  1.17 0.35
  346 R   -4  8 -3 -4 -6 -1 -3 -5 -2 -6 -5  0 -4 -6 -5 -3 -4 -6 -5 -5    0 100   0   0   0   0   0   0   0   0   0   0   0   0   0   0   0   0   0   0  2.41 0.55
  347 T    0 -1  2  1 -4  1  3 -1  1 -3 -1  1 -2  0 -3 -1  0 -4 -1 -2    7   2  11   5   0   5  33   5   3   0   6   7   0   5   0   0   7   0   2   3  0.32 0.14
  348 S    1 -2  0 -2  1  3  0 -3 -2 -1 -3  0 -2 -4 -3  3  3 -5 -3 -2    7   0   3   0   4  15   5   0   0   4   0   5   0   0   0  36  21   0   0   0  0.56 0.23
  349 R   -3  7 -3 -4 -6 -1 -3  3 -2 -6 -5  1 -4 -5 -4 -3 -3 -5 -5 -5    0  74   0   0   0   0   0  23   0   0   0   3   0   0   0   0   0   0   0   0  1.63 0.42
  350 N   -1 -2  6  0  0 -2 -2  0  1 -4 -4 -2  0 -4  1  2 -1 -5 -3 -2    3   0  52   2   2   0   0   5   3   0   1   0   3   0   7  17   0   0   0   4  0.84 0.27
  351 N    0 -2  2  1 -4  0  1  2  2 -3 -4  1 -1 -4  3  0 -2 -5 -3 -1    5   0  12   6   0   3   7  22   6   0   0   9   2   0  16   8   0   0   0   5  0.42 0.13
  352 H   -1  1  1  0 -3  1 -1 -2  3  0  0  1  0  0 -2 -1 -1 -2  2  0    3  11  10   5   0   5   1   1  10   4  13  11   2   2   1   3   1   0   9   7  0.14 0.07
  353 M   -1 -4 -5 -6 -4 -3 -5 -6 -5 -1  1 -4  9 -3 -5 -4 -1 -4 -4 -2    5   0   0   0   0   0   0   0   0   0   4   0  88   0   0   0   2   0   0   0  2.29 0.58
  354 V   -1 -4 -5 -5 -3 -4 -4 -1 -5  2  1 -4 -1 -3 -4 -3 -2 -4 -4  5    5   0   0   0   0   0   0   5   0   6  14   0   0   0   0   0   0   0   0  71  0.97 0.31
  355 Q   -3 -1 -2 -2 -6  7  3 -5 -1 -5 -5 -1 -3 -5 -4 -3 -3 -4  1 -5    0   0   0   0   0  79  16   0   0   0   0   0   0   0   0   0   0   0   5   0  1.86 0.50
  356 K   -1 -1  1  0 -4  2 -2 -3 -3 -2 -3  1 -3 -4 -3 -1  6 -5 -4 -2    2   2   7   4   0   9   0   0   0   2   0   8   0   0   0   0  64   0   0   0  0.96 0.33
  357 I    0  1 -1  1 -3  1  2 -3 -2 -2 -1  0  0 -3  3  2  0 -4 -3 -1    6   7   2  10   0   5  16   0   0   1   4   2   4   0  14  17   5   0   0   6  0.32 0.11
  358 E    1  0 -2  3 -4  0  5 -2 -2 -1 -4  0 -3 -4 -3  0 -1 -5 -4 -1   11   4   0  15   0   0  49   2   0   4   0   3   0   0   0   7   2   0   0   4  0.71 0.23
  359 Q   -3 -1 -2 -3 -6  8 -1 -5 -2 -6 -5 -1 -3 -6 -4 -1 -3 -5 -5 -5    0   0   0   0   0  98   0   0   0   0   0   0   0   0   0   2   0   0   0   0  2.40 0.59
  360 L   -3  1 -4 -5 -3 -2 -4 -5 -2  1  3 -2  4  2 -4 -1 -2 -2  4 -1    0  11   0   0   0   0   0   0   0   9  33   0  16   8   0   5   0   0  18   0  0.53 0.18
  361 D    1  1  2  4 -4  0  2 -1  1 -4 -2  1 -3 -4 -3  0 -2 -5 -3 -3   12   6  14  25   0   3  17   2   4   0   3  11   0   0   0   2   0   0   0   0  0.49 0.14
  362 T    1 -2 -2 -2  2  1  1 -1 -2  0 -1 -1  1 -3  0  1  2 -4 -3  1   11   0   0   0   7   6  11   3   0   7   3   3   7   0   3   7  20   0   0  11  0.19 0.10
  363 L   -3 -4 -5 -6 -3 -4 -5 -6 -4  1  5 -4  2  0 -5 -4 -3 -3  1  0    0   0   0   0   0   0   0   0   0   3  83   0   3   2   0   0   0   0   5   3  1.11 0.28
  364 V    1 -1 -3 -4 -2 -1 -3 -3 -3  3  1 -1  2 -2 -3 -2 -1 -3 -3  3   13   4   0   0   0   3   0   0   0  23   7   3   8   0   0   0   0   0   0  37  0.42 0.15
  365 E   -2  0 -1  4 -5  1  3 -3 -2 -4 -2  3 -3 -4 -3 -1 -1 -5 -4 -2    0   3   0  26   0   3  24   0   0   0   4  30   0   0   0   3   3   0   0   3  0.68 0.19
  366 I   -1 -4 -4 -5 -3 -3 -4 -5 -3  3  3 -4  1  2 -4 -1 -2 -3  0  1    5   0   0   0   0   0   0   0   0  23  48   0   3  10   0   4   0   0   4   5  0.57 0.16
  367 C    5 -3 -3 -3  1  0 -1 -2  2 -3 -2 -2  1  1 -2  0 -1 -4 -2 -2   71   0   0   0   3   4   4   0   5   0   0   0   5   8   0   0   0   0   0   0  0.72 0.23
  368 K   -2  1  0  0 -4  3  3 -3  1  0 -2  3 -2 -4 -3 -1 -1 -4 -3 -1    0   4   4   3   0  15  30   0   4   8   3  23   0   0   0   0   3   0   0   3  0.50 0.14
  369 A    1  1  0  1 -3  3  2  0 -1 -2 -3  2 -2 -4 -2  2 -1 -4 -3 -2   11   8   4   7   0  20  13   5   0   4   0  11   0   0   0  17   0   0   0   0  0.39 0.10
  370 Q   -2 -1  2 -2 -4  5  0 -3  3 -2  1  2 -1  0 -3 -2 -2 -3 -2 -1    0   0  11   0   0  36   0   0  10   0  18  15   0   6   0   0   0   0   0   3  0.53 0.18
  371 N   -2 -1  4 -1 -5 -2 -2  5  3 -5 -5 -2 -4 -4 -4  0 -2 -5 -3 -5    0   4  33   0   0   0   0  50  10   0   0   0   0   0   0   3   0   0   0   0  1.04 0.21
  372 R   -2  5  0 -3 -4  0 -1 -4 -1  1 -3  3 -2 -3 -3 -2 -2  2  0 -2    0  52   5   0   0   0   0   0   0  13   0  23   0   0   0   0   0   3   4   0  0.82 0.18
  373 P    0 -3  0 -2 -4  0  0 -3 -3 -4 -4 -2 -3 -5  7  1  0 -5 -4 -3    7   0   4   0   0   4   5   0   0   0   0   0   0   0  66   9   4   0   0   0  1.70 0.22
  374 I   -2 -3 -4 -5 -3 -3 -4 -5 -4  4  4 -1  1 -1 -4 -3 -2 -3 -2  2    0   0   0   0   0   0   0   0   0  34  48   5   0   0   0   0   0   0   0  13  0.67 0.15
  375 F   -2 -3 -3 -4 -3 -3 -3 -4 -3  1  4 -3  1  1 -3 -1  0  4 -1  0    0   0   0   0   0   0   0   0   0   7  65   0   0   4   0   6   7   8   0   0  0.60 0.14
  376 K    0  2  2  0 -3  1  0 -2 -1 -2 -1  3 -1  1 -2  0  1 -3 -2 -2    5  10  17   5   0   4   4   0   0   0   7  24   0   8   0   5   9   0   0   0  0.26 0.06
  377 S    1  1  1  1 -3  0  2 -2 -1 -3 -3  2 -2 -4  0  2  1 -4 -3 -2   12   5   7   5   0   0  20   0   0   0   0  15   0   0   4  21  10   0   0   0  0.39 0.07
  378 D   -3 -3  0  7 -5 -1  2 -3 -2 -5 -5 -2 -5 -5 -3 -2 -2 -6 -5 -5    0   0   0  94   0   0   6   0   0   0   0   0   0   0   0   0   0   0   0   0  1.74 0.21
  379 E   -1 -1  1  0 -4  1  5 -3 -1  1 -2  1 -2 -3 -2 -1 -1 -4 -3 -1    1   0   7   0   0   0  61   1   0  15   1  11   0   0   0   1   0   0   0   0  0.64 0.10
  380 K   -1  2 -1 -1 -4  4  0 -2 -1 -3 -3  4 -2 -4  2 -1 -1 -3 -3 -3    1  10   0   0   0  35   1   1   0   0   1  39   0   0  10   1   0   0   0   1  0.73 0.09
  381 L   -1 -2 -2 -2 -2 -1  1 -3 -2  1  3 -2  4  0 -2 -2 -1 -2 -2  0    1   1   1   1   0   1  15   1   0   1  53   1  22   0   1   1   1   0   0   1  0.35 0.04
  382 N    0 -1  4  0 -2  0  0  0  0 -2 -2  0 -1 -2 -1  3  1 -2 -1 -2    3   2  34   2   1   1   2   2   1   2   3   2   1   1   2  36   2   0   1   2  0.36 0.00
  383 L   -1  1 -1 -1 -2  0  0 -2 -1  0  2  3  0 -1 -1 -1 -1 -2 -1 -1    3   2   2   2   1   1   2   2   1   2  36  36   1   1   2   2   2   0   1   2  0.16 0.00
  384 S    0 -1  0 -1 -2 -1 -1 -2 -2 -2 -2 -1 -1 -3 -2  3  5 -4 -2 -1    0   0   0   0   0   0   0   0   0   0   0   0   0   0   0  33  67   0   0   0  0.64 0.01
  385 V    2 -2 -3 -3 -2 -2 -2 -2 -3  0 -1 -2 -1 -2  5  0 -1 -4 -3  2   34   0   0   0   0   0   0   0   0   0   0   0   0   0  34   0   0   0   0  33  0.69 0.01
  386 P    2 -2 -2 -2 -2 -2 -1 -2 -2 -3 -3 -1 -2 -4  7  0 -1 -4 -3 -2   34   0   0   0   0   0   0   0   0   0   0   0   0   0  66   0   0   0   0   0  1.61 0.01
  387 K   -1  4 -1  0 -4  1  3 -3  0 -4 -3  3 -2 -4 -2 -1 -1 -4 -3 -3    0  34   0   0   0   0  34   0   0   0   0  33   0   0   0   0   0   0   0   0  0.71 0.01
  388 P   -1 -2 -3 -2 -4 -2 -2 -3 -3 -4 -3 -2 -3 -4  8 -1 -2 -5 -4 -3    0   0   0   0   0   0   0   0   0   0   0   0   0   0 100   0   0   0   0   0  2.65 0.01
  389 I   -2 -3 -4 -4 -2 -3 -4 -5 -4  5  1 -3  1 -1 -4 -3 -1 -3 -2  3    0   0   0   0   0   0   0   0   0 100   0   0   0   0   0   0   0   0   0   0  0.56 0.00
  390 Y   -2 -3 -3 -4 -3 -2 -3 -4  2 -2 -2 -3 -2  3 -4 -2 -2  2  7 -2    0   0   0   0   0   0   0   0   0   0   0   0   0   0   0   0   0   0 100   0  1.21 0.01
  391 V    3 -2 -3 -3 -1 -2 -2 -1 -3  1  0 -2  0 -2 -2  0  0 -3 -2  3   50   0   0   0   0   0   0   0   0   0   0   0   0   0   0   0   0   0   0  50  0.34 0.00
  392 N   -2 -1  6  1 -3  0 -1 -1  0 -4 -4  0 -3 -4 -3  0  0 -4 -3 -3    0   0 100   0   0   0   0   0   0   0   0   0   0   0   0   0   0   0   0   0  1.06 0.00
  393 I   -2 -3 -4 -4 -2 -3 -4 -5 -4  4  1 -3  1  0 -4 -3 -1 -3 -2  3    0   0   0   0   0   0   0   0   0   0   0   0   0   0   0   0   0   0   0   0  0.00     0.00
  394 I   -2 -3 -4 -4 -2 -3 -4 -5 -4  4  1 -3  1  0 -4 -3 -1 -3 -2  3    0   0   0   0   0   0   0   0   0   0   0   0   0   0   0   0   0   0   0   0  0.00     0.00
  395 K   -1  2  0 -1 -4  1  1 -2 -1 -3 -3  5 -2 -4 -1 -1 -1 -4 -3 -3    0   0   0   0   0   0   0   0   0   0   0   0   0   0   0   0   0   0   0   0  0.00     0.00
  396 K   -1  2  0 -1 -4  1  1 -2 -1 -3 -3  5 -2 -4 -1 -1 -1 -4 -3 -3    0   0   0   0   0   0   0   0   0   0   0   0   0   0   0   0   0   0   0   0  0.00     0.00

                      K         Lambda
Standard Ungapped    0.1776     0.3485
Standard Gapped      0.1100     0.3190
PSI Ungapped         0.1776     0.3485
PSI Gapped           0.1100     0.3190
