
Last position-specific scoring matrix computed, weighted observed percentages rounded down, information per position, and relative weight of gapless real matches to pseudocounts
           A  R  N  D  C  Q  E  G  H  I  L  K  M  F  P  S  T  W  Y  V   A   R   N   D   C   Q   E   G   H   I   L   K   M   F   P   S   T   W   Y   V
    1 M   -1 -2 -3 -4 -2  0 -2 -4 -2  1  2 -2  6  0 -3 -2 -1 -2 -2  1    0   0   0   0   0   0   0   0   0   0   0   0 100   0   0   0   0   0   0   0  0.56 0.00
    2 H   -2  0  0 -2 -4  1  0 -3  8 -4 -3 -1 -2 -2 -2 -1 -2 -3  2 -4    0   0   0   0   0   0   0   0 100   0   0   0   0   0   0   0   0   0   0   0  1.16 0.01
    3 K   -1  2  0 -1 -4  1  0 -2 -1 -3 -3  5 -2 -4 -1 -1 -1 -4 -3 -3    0   0   0   0   0   0   0   0   0   0   0 100   0   0   0   0   0   0   0   0  0.84 0.00
    4 V    0 -3 -3 -4 -1 -3 -3 -4 -4  3  1 -3  1 -1 -3 -2  0 -3 -2  4    0   0   0   0   0   0   0   0   0   0   0   0   0   0   0   0   0   0   0 100  0.52 0.00
    5 S    1 -1  0 -1 -2  0  0 -1 -1 -3 -3 -1 -2 -3 -1  5  1 -4 -2 -2    0   0   0   0   0   0   0   0   0   0   0   0   0   0   0 100   0   0   0   0  0.73 0.00
    6 H   -2  0  0 -2 -4  1  0 -3  8 -4 -3 -1 -2 -2 -2 -1 -2 -3  2 -4    0   0   0   0   0   0   0   0 100   0   0   0   0   0   0   0   0   0   0   0  1.16 0.01
    7 L   -2 -3 -4 -5 -2 -3 -4 -4 -3  1  4 -3  2  0 -3 -3 -2 -2 -2  1    0   0   0   0   0   0   0   0   0   0 100   0   0   0   0   0   0   0   0   0  0.65 0.00
    8 K   -1  2  0 -1 -4  1  0 -2 -1 -3 -3  5 -2 -4 -1 -1 -1 -4 -3 -3    0   0   0   0   0   0   0   0   0   0   0 100   0   0   0   0   0   0   0   0  0.84 0.00
    9 R   -2  6 -1 -2 -4  1 -1 -3  0 -3 -3  2 -2 -4 -2 -1 -1 -3 -2 -3    0 100   0   0   0   0   0   0   0   0   0   0   0   0   0   0   0   0   0   0  1.09 0.00
   10 N   -2 -1  6  1 -3  0 -1 -1  0 -4 -4  0 -3 -4 -3  0  0 -4 -3 -3    0   0 100   0   0   0   0   0   0   0   0   0   0   0   0   0   0   0   0   0  1.07 0.00
   11 P   -2 -3 -3 -4 -2 -2 -3 -4 -3  1  3 -2  1  0  4 -2 -2 -3 -2  0    0   0   0   0   0   0   0   0   0   0  69   0   0   0  31   0   0   0   0   0  0.75 0.00
   12 S    1 -1  0 -1 -2  0  0 -1 -1 -3 -3 -1 -2 -3 -1  5  1 -4 -2 -2    0   0   0   0   0   0   0   0   0   0   0   0   0   0   0 100   0   0   0   0  0.73 0.00
   13 P   -1 -2 -3 -2 -4 -2 -2 -3 -2 -4 -3 -1 -3 -4  8 -1 -2 -5 -4 -3    0   0   0   0   0   0   0   0   0   0   0   0   0   0 100   0   0   0   0   0  2.65 0.00
   14 R   -2  6 -1 -2 -4  1 -1 -3  0 -3 -3  2 -2 -4 -2 -1 -1 -3 -2 -3    0 100   0   0   0   0   0   0   0   0   0   0   0   0   0   0   0   0   0   0  1.09 0.00
   15 E   -1 -1 -1  1 -5  2  6 -3  0 -4 -4  0 -2 -4 -2  0 -1 -4 -3 -3    0   0   0   0   0   0 100   0   0   0   0   0   0   0   0   0   0   0   0   0  1.08 0.00
   16 A    4 -2 -2 -2 -1 -1 -1  0 -2 -2 -2 -1 -1 -3 -1  1  0 -3 -2  0  100   0   0   0   0   0   0   0   0   0   0   0   0   0   0   0   0   0   0   0  0.61 0.00
   17 A    4 -2 -2 -2 -1 -1 -1  0 -2 -2 -2 -1 -1 -3 -1  1  0 -3 -2  0  100   0   0   0   0   0   0   0   0   0   0   0   0   0   0   0   0   0   0   0  0.61 0.00
   18 Q   -1  4  0 -1 -4  5  1 -3  0 -3 -3  2 -1 -4 -2 -1 -1 -3 -2 -3    0  39   0   0   0  61   0   0   0   0   0   0   0   0   0   0   0   0   0   0  0.84 0.00
   19 S    1  1  0 -1 -2  0  0 -1 -1 -3 -3  3 -2 -3 -1  3  1 -4 -2 -2    0   0   0   0   0   0   0   0   0   0   0  39   0   0   0  61   0   0   0   0  0.55 0.00
   20 D   -1 -2  1  5 -3 -1  1 -2 -2 -3 -3 -1 -2 -3 -2  0  3 -5 -3 -2    0   0   0  61   0   0   0   0   0   0   0   0   0   0   0   0  39   0   0   0  0.76 0.00
   21 P   -1 -3 -3 -3 -3 -2 -2 -3 -3 -1  2 -2  0 -2  6 -2 -2 -4 -3 -1    0   0   0   0   0   0   0   0   0   0  39   0   0   0  61   0   0   0   0   0  1.34 0.00
   22 S    3 -2 -1 -2 -2 -1 -1  3 -2 -3 -3 -1 -2 -3 -1  2  0 -4 -3 -2   39   0   0   0   0   0   0  30   0   0   0   0   0   0   0  31   0   0   0   0  0.53 0.00
   23 P   -1 -1 -2  0 -4  0  3 -3 -1 -4 -3 -1 -3 -4  6 -1 -1 -5 -4 -3    0   0   0   0   0   0  39   0   0   0   0   0   0   0  61   0   0   0   0   0  1.56 0.00
   24 A    2 -2 -3 -4 -1 -2 -2 -2 -3  1  2 -2  1 -1 -2 -1 -1 -3 -2  2   31   0   0   0   0   0   0   0   0   0  39   0   0   0   0   0   0   0   0  30  0.28 0.00
   25 S    3 -1  0 -1 -1 -1 -1  0 -1 -2 -2 -1 -2 -3 -1  4  1 -4 -2 -1   39   0   0   0   0   0   0   0   0   0   0   0   0   0   0  61   0   0   0   0  0.57 0.00
   26 A    3  4 -1 -2 -2  0 -1 -1 -1 -2 -2  1 -2 -3 -1  1 -1 -3 -2 -1   61  39   0   0   0   0   0   0   0   0   0   0   0   0   0   0   0   0   0   0  0.49 0.00
   27 N   -1 -1  5  1 -2  0 -1 -1  0 -2 -3  0 -2 -3 -2  1  3 -4 -2 -2    0   0  61   0   0   0   0   0   0   0   0   0   0   0   0   0  39   0   0   0  0.69 0.00
   28 C   -1 -4 -2 -3  7 -3 -4  3 -4 -2 -3 -3 -3 -3 -3 -1 -2 -4 -4 -2    0   0   0   0  61   0   0  39   0   0   0   0   0   0   0   0   0   0   0   0  0.88 0.00
   29 A    3 -2 -1 -2 -1 -1 -1 -1 -2 -1 -2 -1 -1 -2 -1  1  3 -3 -2  0   61   0   0   0   0   0   0   0   0   0   0   0   0   0   0   0  39   0   0   0  0.49 0.00
   30 A    3 -1 -1  0 -2  0  3 -1 -1 -2 -3  0 -2 -3 -1  1  0 -4 -3 -1   61   0   0   0   0   0  39   0   0   0   0   0   0   0   0   0   0   0   0   0  0.51 0.00
   31 G    0 -3 -1 -2 -4 -2 -3  6 -3 -5 -4 -2 -4 -4 -3 -1 -2 -4 -4 -4    0   0   0   0   0   0   0 100   0   0   0   0   0   0   0   0   0   0   0   0  1.34 0.00
   32 R    2  5 -1 -2 -2  0 -1 -1 -1 -3 -2  1 -2 -3 -2  0 -1 -3 -2 -2   39  61   0   0   0   0   0   0   0   0   0   0   0   0   0   0   0   0   0   0  0.60 0.00
   33 W   -2 -2 -2 -1 -4  0  3 -3 -2 -3 -3 -1 -2 -1 -3 -2 -2  9  1 -3    0   0   0   0   0   0  39   0   0   0   0   0   0   0   0   0   0  61   0   0  1.47 0.00
   34 A    3  0 -1 -2 -2  0  0 -1 -1 -2 -2  3 -2 -3 -1  1  0 -4 -2 -1   61   0   0   0   0   0   0   0   0   0   0  39   0   0   0   0   0   0   0   0  0.45 0.00
   35 A    3  4 -1 -2 -2  0 -1 -1 -1 -2 -2  1 -2 -3 -1  1 -1 -3 -2 -1   61  39   0   0   0   0   0   0   0   0   0   0   0   0   0   0   0   0   0   0  0.49 0.00
   36 L    0 -2 -1 -2 -2 -2 -2 -2 -2  0  3 -2  1 -1 -2  2  0 -3 -2  0    0   0   0   0   0   0   0   0   0   0  61   0   0   0   0  39   0   0   0   0  0.32 0.00
   37 E   -1  4 -1  0 -5  1  4 -3  0 -4 -3  1 -2 -4 -2 -1 -1 -4 -3 -3    0  39   0   0   0   0  61   0   0   0   0   0   0   0   0   0   0   0   0   0  0.81 0.00
   38 N   -1 -1  5  1 -2  0 -1 -1  0 -2 -3  0 -2 -3 -2  1  3 -4 -2 -2    0   0  61   0   0   0   0   0   0   0   0   0   0   0   0   0  39   0   0   0  0.69 0.00
   39 R   -2  6 -1 -2 -4  1 -1 -3  0 -3 -3  2 -2 -4 -2 -1 -1 -3 -2 -3    0 100   0   0   0   0   0   0   0   0   0   0   0   0   0   0   0   0   0   0  1.09 0.00
   40 E   -1 -1 -1  1 -4  1  4  3 -1 -4 -4  0 -3 -4 -2 -1 -1 -4 -3 -3    0   0   0   0   0   0  61  39   0   0   0   0   0   0   0   0   0   0   0   0  0.76 0.00
   41 S    1 -1  0 -1 -2  0  0 -1 -1 -3 -3 -1 -2 -3 -1  5  1 -4 -2 -2    0   0   0   0   0   0   0   0   0   0   0   0   0   0   0 100   0   0   0   0  0.73 0.00
   42 S    1 -1  0 -1 -2  0  0 -1 -1 -3 -3 -1 -2 -3 -1  5  1 -4 -2 -2    0   0   0   0   0   0   0   0   0   0   0   0   0   0   0 100   0   0   0   0  0.73 0.00
   43 T    3 -2 -1 -2 -1 -1 -1 -1 -2 -1 -2 -1 -1 -2 -1  1  4 -3 -2  0   39   0   0   0   0   0   0   0   0   0   0   0   0   0   0   0  61   0   0   0  0.52 0.00
   44 A    4 -2 -2 -2 -1 -1 -1  0 -2 -2 -2 -1 -1 -3 -1  1  0 -3 -2  0  100   0   0   0   0   0   0   0   0   0   0   0   0   0   0   0   0   0   0   0  0.61 0.00
   45 E   -1 -1 -1  1 -5  2  6 -3  0 -4 -4  0 -2 -4 -2  0 -1 -4 -3 -3    0   0   0   0   0   0 100   0   0   0   0   0   0   0   0   0   0   0   0   0  1.08 0.00
   46 R   -2  3  0  4 -4  0  0 -2  5 -4 -4  0 -3 -3 -2 -1 -2 -4 -1 -4    0  31   0  39   0   0   0   0  30   0   0   0   0   0   0   0   0   0   0   0  0.68 0.00
   47 P   -1 -2 -3 -2 -4 -2 -2 -3 -2 -4 -3 -1 -3 -4  8 -1 -2 -5 -4 -3    0   0   0   0   0   0   0   0   0   0   0   0   0   0 100   0   0   0   0   0  2.65 0.00
   48 S    1 -1  0 -1 -2  0  0 -1 -1 -3 -3 -1 -2 -3 -1  5  1 -4 -2 -2    0   0   0   0   0   0   0   0   0   0   0   0   0   0   0 100   0   0   0   0  0.73 0.00
   49 D   -2 -2  1  6 -4 -1  1 -2 -1 -4 -5 -1 -4 -4 -2 -1 -1 -5 -4 -4    0   0   0 100   0   0   0   0   0   0   0   0   0   0   0   0   0   0   0   0  1.31 0.00
   50 L   -2 -3 -4 -5 -2 -3 -4 -4 -3  1  4 -3  2  0 -3 -3 -2 -2 -2  1    0   0   0   0   0   0   0   0   0   0 100   0   0   0   0   0   0   0   0   0  0.65 0.00
   51 I   -2 -3 -4 -4 -2 -3 -4 -5 -4  5  1 -3  1 -1 -4 -3 -1 -3 -2  3    0   0   0   0   0   0   0   0   0 100   0   0   0   0   0   0   0   0   0   0  0.56 0.00
   52 L   -2 -3 -4 -5 -2 -3 -4 -4 -3  1  4 -3  2  0 -3 -3 -2 -2 -2  1    0   0   0   0   0   0   0   0   0   0 100   0   0   0   0   0   0   0   0   0  0.65 0.00
   53 G    0 -3 -1 -2 -4 -2 -3  6 -3 -5 -4 -2 -4 -4 -3 -1 -2 -4 -4 -4    0   0   0   0   0   0   0 100   0   0   0   0   0   0   0   0   0   0   0   0  1.34 0.00
   54 S    1 -1  0 -1 -2  0  0 -1 -1 -3 -3 -1 -2 -3 -1  5  1 -4 -2 -2    0   0   0   0   0   0   0   0   0   0   0   0   0   0   0 100   0   0   0   0  0.73 0.00
   55 R   -2  6 -1 -2 -4  1 -1 -3  0 -3 -3  2 -2 -4 -2 -1 -1 -3 -2 -3    0 100   0   0   0   0   0   0   0   0   0   0   0   0   0   0   0   0   0   0  1.09 0.00
   56 L   -2 -3 -4 -5 -2 -3 -4 -4 -3  1  4 -3  2  0 -3 -3 -2 -2 -2  1    0   0   0   0   0   0   0   0   0   0 100   0   0   0   0   0   0   0   0   0  0.65 0.00
   57 H   -2  0  0 -1 -4  4  1 -3  7 -4 -3  0 -1 -2 -2 -1 -1 -3  1 -3    0   0   0   0   0  39   0   0  61   0   0   0   0   0   0   0   0   0   0   0  0.86 0.00
   58 A    4 -2 -2 -2 -1 -1 -1  0 -2 -2 -2 -1 -1 -3 -1  1  0 -3 -2  0  100   0   0   0   0   0   0   0   0   0   0   0   0   0   0   0   0   0   0   0  0.61 0.00
   59 P   -1 -3 -3 -3 -3 -2 -2 -3 -3  0 -1 -2 -1 -3  6 -2 -1 -4 -3  2    0   0   0   0   0   0   0   0   0   0   0   0   0   0  61   0   0   0   0  39  1.34 0.00
   60 F   -2 -3 -4 -4 -2 -3 -4 -4 -2  0  3 -3  1  5 -4 -3 -2 -1  2  0    0   0   0   0   0   0   0   0   0   0  39   0   0  61   0   0   0   0   0   0  0.64 0.00
   61 A    3 -1 -1  0 -2  0  3 -1 -1 -2 -3  0 -2 -3 -1  1  0 -4 -3 -1   61   0   0   0   0   0  39   0   0   0   0   0   0   0   0   0   0   0   0   0  0.51 0.00
   62 N   -2 -2  3 -1 -2 -2 -2 -3 -1  2  0 -2  0  4 -3 -1 -1 -1  1  0    0   0  31   0   0   0   0   0   0  30   0   0   0  39   0   0   0   0   0   0  0.32 0.00
   63 F   -3 -3 -3 -4 -3 -3 -4 -4  0 -1  0 -3 -1  5 -4 -3 -2  1  5 -2    0   0   0   0   0   0   0   0   0   0   0   0   0  61   0   0   0   0  39   0  0.91 0.00
   64 R   -2  6 -1 -2 -4  1 -1 -3  0 -3 -3  2 -2 -4 -2 -1 -1 -3 -2 -3    0 100   0   0   0   0   0   0   0   0   0   0   0   0   0   0   0   0   0   0  1.09 0.00
   65 F   -3 -4 -4 -4 -3 -4 -4 -4 -2 -1  0 -4  0  6 -4 -3 -2  0  3 -1    0   0   0   0   0   0   0   0   0   0   0   0   0 100   0   0   0   0   0   0  0.97 0.00
   66 L    0 -2 -1 -2 -2 -2 -2 -2 -2  0  3 -2  1 -1 -2  2  0 -3 -2  0    0   0   0   0   0   0   0   0   0   0  61   0   0   0   0  39   0   0   0   0  0.32 0.00
   67 P   -1 -2 -3 -2 -4 -2 -2 -3 -2 -4 -3 -1 -3 -4  8 -1 -2 -5 -4 -3    0   0   0   0   0   0   0   0   0   0   0   0   0   0 100   0   0   0   0   0  2.65 0.00
   68 L   -1 -3 -4 -5  6 -3 -4 -4 -4  1  3 -3  1 -1 -4 -2 -2 -3 -2  0    0   0   0   0  39   0   0   0   0   0  61   0   0   0   0   0   0   0   0   0  0.58 0.00
   69 D   -2 -2  1  6 -4 -1  1 -2 -1 -4 -5 -1 -4 -4 -2 -1 -1 -5 -4 -4    0   0   0 100   0   0   0   0   0   0   0   0   0   0   0   0   0   0   0   0  1.31 0.00
   70 Y   -2 -2 -3 -4 -3 -2 -3 -4  2 -2 -2 -3 -2  3 -4 -2 -2  2  7 -2    0   0   0   0   0   0   0   0   0   0   0   0   0   0   0   0   0   0 100   0  1.21 0.00
   71 F   -2 -2 -2 -3 -3 -1 -2 -4  5  0  2 -2  1  4 -3 -2 -2 -1  1 -1    0   0   0   0   0   0   0   0  30   0  39   0   0  31   0   0   0   0   0   0  0.42 0.00
   72 P   -1 -2 -3 -2 -4 -2 -2 -3 -2 -4 -3 -1 -3 -4  8 -1 -2 -5 -4 -3    0   0   0   0   0   0   0   0   0   0   0   0   0   0 100   0   0   0   0   0  2.65 0.00
   73 K   -1  2  0 -1 -4  1  0 -2 -1 -3 -3  5 -2 -4 -1 -1 -1 -4 -3 -3    0   0   0   0   0   0   0   0   0   0   0 100   0   0   0   0   0   0   0   0  0.84 0.00
   74 T    0 -1  0 -1 -1 -1 -1 -2 -2 -1 -2 -1 -1 -2 -2  1  5 -4 -2  0    0   0   0   0   0   0   0   0   0   0   0   0   0   0   0   0 100   0   0   0  0.75 0.00
   75 E   -1 -1 -1  1 -5  2  6 -3  0 -4 -4  0 -2 -4 -2  0 -1 -4 -3 -3    0   0   0   0   0   0 100   0   0   0   0   0   0   0   0   0   0   0   0   0  1.08 0.00
   76 P   -1 -2 -3 -2 -4 -2 -2 -3 -2 -4 -3 -1 -3 -4  8 -1 -2 -5 -4 -3    0   0   0   0   0   0   0   0   0   0   0   0   0   0 100   0   0   0   0   0  2.64 0.00
   77 L   -2 -3 -4 -5 -2 -3 -4 -4 -3  1  4 -3  2  0 -3 -3 -2 -2 -2  1    0   0   0   0   0   0   0   0   0   0 100   0   0   0   0   0   0   0   0   0  0.64 0.00
   78 Y   -2 -2 -3 -4 -3 -2 -3 -4  2 -2 -2 -3 -2  3 -4 -2 -2  2  7 -2    0   0   0   0   0   0   0   0   0   0   0   0   0   0   0   0   0   0 100   0  1.18 0.00
   79 Q   -1  1  0 -1 -3  6  2 -2  1 -3 -3  1  0 -4 -2  0 -1 -3 -2 -3    0   0   0   0   0 100   0   0   0   0   0   0   0   0   0   0   0   0   0   0  0.99 0.00
   80 E   -1 -1 -1  1 -5  2  6 -3  0 -4 -4  1 -2 -4 -2  0 -1 -4 -3 -3    0   0   0   0   0   0 100   0   0   0   0   0   0   0   0   0   0   0   0   0  1.07 0.00
   81 K   -1  2  0 -1 -4  1  1 -2 -1 -3 -3  5 -2 -4 -1 -1 -1 -4 -3 -3    0   0   0   0   0   0   0   0   0   0   0 100   0   0   0   0   0   0   0   0  0.83 0.00
   82 V    0 -3 -3 -4 -1 -3 -3 -4 -4  3  1 -3  1 -1 -3 -2  0 -3 -2  4    0   0   0   0   0   0   0   0   0   0   0   0   0   0   0   0   0   0   0 100  0.51 0.00
   83 P   -1 -2 -3 -2 -4 -2 -2 -3 -2 -4 -3 -1 -3 -4  8 -1 -2 -5 -4 -3    0   0   0   0   0   0   0   0   0   0   0   0   0   0 100   0   0   0   0   0  2.64 0.00
   84 E   -1 -1 -1  1 -5  2  6 -3  0 -4 -4  1 -2 -4 -2  0 -1 -4 -3 -3    0   0   0   0   0   0 100   0   0   0   0   0   0   0   0   0   0   0   0   0  1.07 0.00
   85 L   -2 -3 -4 -5 -2 -3 -4 -4 -3  1  4 -3  2  0 -3 -3 -2 -2 -2  1    0   0   0   0   0   0   0   0   0   0 100   0   0   0   0   0   0   0   0   0  0.64 0.00
   86 G    0 -3 -1 -2 -4 -2 -3  6 -3 -5 -4 -2 -4 -4 -3 -1 -2 -4 -4 -4    0   0   0   0   0   0   0 100   0   0   0   0   0   0   0   0   0   0   0   0  1.33 0.00
   87 Q   -1  1  0 -1 -3  6  2 -2  1 -3 -3  1  0 -4 -2  0 -1 -3 -2 -3    0   0   0   0   0 100   0   0   0   0   0   0   0   0   0   0   0   0   0   0  0.99 0.00
   88 P   -1 -2 -3 -2 -4 -2 -2 -3 -2 -4 -3 -1 -3 -4  8 -1 -2 -5 -4 -3    0   0   0   0   0   0   0   0   0   0   0   0   0   0 100   0   0   0   0   0  2.64 0.00
   89 G    0 -3 -1 -2 -4 -2 -3  6 -3 -5 -4 -2 -4 -4 -3 -1 -2 -4 -4 -4    0   0   0   0   0   0   0 100   0   0   0   0   0   0   0   0   0   0   0   0  1.33 0.00
   90 L   -2 -3 -4 -5 -2 -3 -4 -4 -3  1  4 -3  2  0 -3 -3 -2 -2 -2  1    0   0   0   0   0   0   0   0   0   0 100   0   0   0   0   0   0   0   0   0  0.64 0.00
   91 S    1 -1  0 -1 -2  0  0 -1 -1 -3 -3 -1 -2 -3 -1  5  1 -4 -2 -2    0   0   0   0   0   0   0   0   0   0   0   0   0   0   0 100   0   0   0   0  0.72 0.00
   92 R   -2  6 -1 -2 -4  1 -1 -3  0 -3 -3  2 -2 -4 -2 -1 -1 -3 -2 -3    0 100   0   0   0   0   0   0   0   0   0   0   0   0   0   0   0   0   0   0  1.07 0.00
   93 A    4 -2 -2 -2 -1 -1 -1  0 -2 -2 -2 -1 -1 -3 -1  1  0 -3 -2  0  100   0   0   0   0   0   0   0   0   0   0   0   0   0   0   0   0   0   0   0  0.60 0.00
   94 P   -1 -2 -3 -2 -4 -2 -2 -3 -2 -4 -3 -1 -3 -4  8 -1 -2 -5 -4 -3    0   0   0   0   0   0   0   0   0   0   0   0   0   0 100   0   0   0   0   0  2.64 0.00
   95 K   -1  2  0 -1 -4  1  1 -2 -1 -3 -3  5 -2 -4 -1 -1 -1 -4 -3 -3    0   0   0   0   0   0   0   0   0   0   0 100   0   0   0   0   0   0   0   0  0.83 0.00
   96 M   -1 -2 -3 -4 -2  0 -3 -4 -3  1  2 -2  7  0 -3 -2 -1 -2 -2  0    0   0   0   0   0   0   0   0   0   0   0   0 100   0   0   0   0   0   0   0  0.70 0.03
   97 R   -2  6 -1 -2 -4  1 -1 -3  0 -4 -3  2 -2 -4 -2 -1 -2 -4 -3 -3    0 100   0   0   0   0   0   0   0   0   0   0   0   0   0   0   0   0   0   0  1.15 0.02
   98 S    0 -2 -1 -2 -2 -1 -1 -2 -2  0  2 -1  0 -1 -2  3  0 -3 -2 -1    0   0   0   0   0   0   0   0   0   0  40   0   0   0   0  60   0   0   0   0  0.36 0.01
   99 I    1 -2 -1 -2 -1 -2 -2 -2 -2  3  0 -2  0 -1 -2  2  2 -3 -2  1   15   0   0   0   0   0   0   0   0  45   0   0   0   0   0  20  20   0   0   0  0.25 0.01
  100 R   -2  6 -1 -2 -4  1 -1 -3  0 -4 -3  2 -2 -4 -2 -1 -2 -4 -3 -3    0 100   0   0   0   0   0   0   0   0   0   0   0   0   0   0   0   0   0   0  1.15 0.02
  101 K   -1  2  0 -1 -4  1  0 -2 -1 -3 -3  5 -2 -4 -2 -1 -1 -4 -3 -3    0   0   0   0   0   0   0   0   0   0   0 100   0   0   0   0   0   0   0   0  0.89 0.02
  102 R   -2  4 -1 -3  4  0 -1 -3  4 -3 -3  0 -2 -2 -3 -2 -2  5  0 -3    0  45   0   0  20   0   0   0  20   0   0   0   0   0   0   0   0  15   0   0  0.65 0.01
  103 W   -1  1 -2 -4  4 -2 -3 -3 -2 -3 -2 -2 -2 -1 -3  0 -2  9  0 -3    0  14   0   0  20   0   0   0   0   0   0   0   0   0   0  15   0  51   0   0  1.16 0.02
  104 T    2 -2 -1 -2 -1 -1 -1 -2 -2 -1 -2 -1 -1 -2 -2  1  5 -4 -2  0   20   0   0   0   0   0   0   0   0   0   0   0   0   0   0   0  80   0   0   0  0.63 0.02
  105 I   -1 -3 -4 -4 -2 -3 -3 -4 -4  4  2 -3  1 -1 -3 -3 -1 -3 -2  3    0   0   0   0   0   0   0   0   0  46  20   0   0   0   0   0   0   0   0  34  0.48 0.01
  106 C   -1 -4 -4 -5  9 -4 -5 -4 -4 -2 -2 -4 -2 -3 -4 -2 -2 -4 -3 -1    0   0   0   0 100   0   0   0   0   0   0   0   0   0   0   0   0   0   0   0  1.44 0.03
  107 T    0 -2  0 -2 -2 -1 -1 -2 -2 -1 -2 -1 -1 -2 -2  1  5 -4 -2  0    0   0   0   0   0   0   0   0   0   0   0   0   0   0   0   0 100   0   0   0  0.80 0.02
  108 I   -2 -4 -4 -4 -2 -3 -4 -5 -4  5  1 -3  1 -1 -4 -3 -1 -3 -2  2    0   0   0   0   0   0   0   0   0 100   0   0   0   0   0   0   0   0   0   0  0.61 0.02
  109 S    1 -1  0 -1 -2 -1 -1 -1 -1 -3 -3 -1 -2 -3 -1  5  1 -4 -2 -2    0   0   0   0   0   0   0   0   0   0   0   0   0   0   0 100   0   0   0   0  0.78 0.02
  110 L   -2 -3 -4 -4 -2 -3 -4 -4 -4  3  3 -3  2  0 -3 -3 -1 -3 -2  2    0   0   0   0   0   0   0   0   0  35  45   0   0   0   0   0   0   0   0  20  0.49 0.01
  111 L   -2 -3 -4 -5 -2 -3 -4 -4 -3  1  4 -3  2  0 -3 -3 -2 -2 -2  0    0   0   0   0   0   0   0   0   0   0 100   0   0   0   0   0   0   0   0   0  0.69 0.01
  112 L   -2 -3 -4 -4 -2 -2 -3 -4 -3  2  4 -3  4  0 -3 -3 -1 -2 -2  2    0   0   0   0   0   0   0   0   0   0  59   0  25   0   0   0   0   0   0  16  0.53 0.02
  113 I   -1 -3 -4 -4 -2 -2 -3 -4 -3  4  1 -3  4 -1 -3 -3 -1 -3 -2  3    0   0   0   0   0   0   0   0   0  58   0   0  25   0   0   0   0   0   0  17  0.50 0.03
  114 F   -3 -4 -4 -4 -3 -4 -4 -4 -2 -1  0 -4 -1  7 -4 -3 -2  0  3 -1    0   0   0   0   0   0   0   0   0   0   0   0   0 100   0   0   0   0   0   0  1.12 0.05
  115 Y   -3 -3 -3 -4 -3 -3 -3 -4  1 -2 -1 -3 -2  4 -4 -2 -2  2  7 -2    0   0   0   0   0   0   0   0   0   0   0   0   0  16   0   0   0   0  84   0  1.21 0.04
  116 K   -1  2  0 -1 -4  1  0 -2 -1 -3 -3  6 -2 -4 -2 -1 -1 -4 -3 -3    0   0   0   0   0   0   0   0   0   0   0 100   0   0   0   0   0   0   0   0  0.94 0.04
  117 T    0 -1  0 -1 -2  3  0 -2 -1 -2 -2  0 -1 -3 -2  1  5 -3 -2 -1    0   0   0   0   0  25   0   0   0   0   0   0   0   0   0   0  75   0   0   0  0.66 0.04
  118 K   -1  1  3 -1 -3  1  0 -2 -1 -3 -3  4 -2 -4 -2  0  2 -4 -3 -2    0   0  19   0   0   0   0   0   0   0   0  64   0   0   0   0  17   0   0   0  0.64 0.05
  119 E   -1 -1  0  4 -4  1  4 -2 -1 -3 -4  0 -2 -4 -2  0  2 -4 -3 -3    0   0   0  30   0   0  51   0   0   0   0   0   0   0   0   0  19   0   0   0  0.78 0.04
  120 I   -1  1 -3 -3 -2 -2 -2 -4 -3  3  1 -1  0 -1  3 -2  0 -3 -2  2    0  10   0   0   0   0   0   0   0  32  13   0   0   0  19   0   9   0   0  16  0.37 0.02
  121 A    3 -2 -1 -2 -2 -1 -1  2 -2 -2 -3 -1 -2 -3 -1  3  2 -4 -3 -1   47   0   0   0   0   0   0  13   0   0   0   0   0   0   0  29  11   0   0   0  0.50 0.05
  122 R   -2  5 -1 -2 -4  0 -1 -3 -1 -3 -2  3 -2  2 -3 -1 -2 -3 -1 -3    0  71   0   0   0   0   0   0   0   0   0  14   0  15   0   0   0   0   0   0  0.86 0.07
  123 T    0 -2  2 -1 -2 -2 -2  3 -2 -1 -2 -2 -1 -3 -2  0  3 -4 -3  1    0   0  13   0   0   0   0  29   0   0   0   0   0   0   0   0  40   0   0  18  0.41 0.05
  124 E    0 -1  0  3 -4  1  4  2 -1 -4 -4  0 -3 -4 -2 -1 -1 -4 -4 -3    9   0   0  22   0   0  51  18   0   0   0   0   0   0   0   0   0   0   0   0  0.70 0.05
  125 E   -1 -1  2  0 -2  0  3 -2 -1  0  1 -1  0 -2 -2 -1 -1 -3 -2  2    1   1  18   1   0   0  30   1   0   1  15   1   0   0   1   1   1   0   0  28  0.22 0.03
  126 H   -1  1  0 -2 -3  1 -1 -2  6 -2 -2  0  2 -2 -2  2  0 -3  0 -2    0   9   0   0   0   8   0   0  37   0   0   0  15   0   0  32   0   0   0   0  0.49 0.06
  127 Q   -1  0  2 -1 -3  5  1 -2  0 -3 -3  0 -1 -3 -2  2  2 -3 -2 -2    0   0  14   0   0  53   0   0   0   0   0   0   0   0   0  18  15   0   0   0  0.65 0.07
  128 E   -1 -1  0  4 -4  2  3 -2 -1 -4 -4  1 -3 -4  3 -1 -1 -5 -3 -3    0   0   0  37   0  11  21   0   0   0   0  13   0   0  18   0   0   0   0   0  0.79 0.05
  129 T    2 -2  0  2 -2 -1 -1 -1 -2 -2 -2 -1 -2 -3 -2  2  4 -4 -3 -1   21   0   0  18   0   0   0   0   0   0   0   0   0   0   0  19  42   0   0   0  0.49 0.05
  130 Q    2  0  0 -1 -2  4  2 -1 -1 -3 -3  0 -1 -3 -2  3  0 -3 -3 -2   18   0   0   0   0  35  11   0   0   0   0   0   0   0   0  36   0   0   0   0  0.55 0.06
  131 L   -2 -2 -3 -4 -2 -2 -3 -4 -3  2  4  1  1  0 -3 -3 -2 -3 -2  1    0   0   0   0   0   0   0   0   0  14  71  15   0   0   0   0   0   0   0   0  0.47 0.05
  132 I    0 -2 -2 -3  2 -2 -2 -3 -3  2  1 -2  2 -1 -2 -1  2 -3 -2  2    9   0   0   0   8   0   0   1   0  12  10   0   8   0   0   1  23   0   0  25  0.25 0.05
  133 G   -1 -3 -2 -3 -4 -3 -3  5 -3 -3 -2 -3  3 -2 -4 -2 -3  7 -2 -3    0   0   0   0   0   0   0  57   0   0   0   0  20   0   0   0   0  23   0   0  1.14 0.15
  134 D   -2 -3  0  5  4 -2  0  1 -2 -4 -4 -2 -4 -2 -3 -1 -2 -3  1 -4    0   0   0  63  16   0   0  11   0   0   0   0   0   0   0   0   0   0  10   0  0.89 0.12
  135 G    3 -3 -2 -1 -3 -2 -2  4 -3 -2 -1 -2 -2 -3 -2  0 -1 -4 -3 -2   39   0   0   4   0   0   0  47   0   0  10   0   0   0   0   0   0   0   0   0  0.63 0.09
  136 E   -1 -1 -1  3 -4  1  5 -3 -1 -4 -4  2 -3 -4 -2 -1  1 -5 -3 -3    0   0   0  16   0   0  57   0   0   0   0  16   0   0   0   0  11   0   0   0  0.82 0.11
  137 L   -1 -1 -2 -2 -3  1 -1 -3 -2 -1  2  1  0 -1  4 -1  0 -3 -2 -1    1   1   0   1   0  12   1   1   0   1  38  12   0   0  22   1   9   0   0   1  0.40 0.06
  138 C    0  2 -1 -2  5 -1 -1 -2 -2 -2 -2 -1 -2 -2 -2  3  2 -3 -2 -2    1  17   1   1  26   1   1   1   0   1   1   1   0   1   1  33  12   0   0   1  0.43 0.07
  139 L    0 -1 -2 -3 -2 -1 -2 -2 -2  0  3  1  1 -1  2 -1 -1 -2 -2  1   11   1   1   1   0   1   1   1   0   1  45  12   0   1   9   1   1   0   0  12  0.23 0.04
  140 S    0  2  0  1 -3  0 -1  1 -2 -3 -3  2 -2 -3 -2  2  3 -4 -3 -2    0  11   0  11   0   0   0  11   0   0   0  16   0   0   0  21  30   0   0   0  0.40 0.07
  141 R   -2  5 -2 -3 -4  2 -1 -3 -1  0 -2  1 -1  2 -3 -1  1 -3 -1 -2    0  55   0   0   0  10   0   0   0  10   0   0   0  15   0   0  10   0   0   0  0.65 0.13
  142 S   -1 -1  3 -1 -3 -1 -1 -2 -2 -2  1  1 -1 -2 -2  3  2 -4 -3 -2    0   0  18   0   0   0   0   0   0   0  18  10   0   0   0  36  17   0   0   0  0.40 0.11
  143 L   -2 -3 -4 -5  3 -3 -4 -5 -4  3  2 -3  4 -1 -4 -3 -1 -3 -2  2    0   0   0   0   8   0   0   0   0  28  25   0  22   0   0   0   0   0   0  17  0.56 0.12
  144 V    0 -3 -3 -3 -2 -2 -3 -3 -3  3  0 -2  2 -2  2 -1  2 -4 -3  3    8   0   0   0   0   0   0   0   0  20   0   0   8   0   9   0  19   0   0  36  0.41 0.10
  145 N   -2  2  5  0 -4  2 -1 -2 -1 -4 -4  3 -3 -4 -3  1 -1 -5 -3 -4    0   9  50   0   0   9   0   0   0   0   0  22   0   0   0  10   0   0   0   0  0.81 0.16
  146 N   -1  1  3  1 -4 -1 -1  2 -1 -4 -4 -1 -3 -2  3  2 -1 -3  1 -3    0  10  23   9   0   0   0  17   0   0   0   0   0   0  14  18   0   0   9   0  0.46 0.09
  147 S    2 -1 -1  1 -2  2 -1 -2 -2 -2 -3 -1 -2 -3 -2  3  1 -4 -3  0   22   0   0   8   0  17   0   0   0   0   0   0   0   0   0  37   7   0   0   8  0.45 0.13
  148 D   -2  1  2  4 -4 -1  1 -2 -2 -4 -4  1 -3  0 -3  0  0 -4 -3 -3    0   7  13  41   0   0   6   0   0   0   0  13   0   7   0   6   7   0   0   0  0.63 0.15
  149 K    0  3  1 -2 -4  0  1 -2 -1 -4 -4  4 -3 -4  1  1  0 -5 -3 -3    6  19   6   0   0   0   6   0   0   0   0  39   0   0   6  11   7   0   0   0  0.59 0.16
  150 I    0 -2 -2  0 -2  0 -2 -3  1  3  1 -2  0 -2  1 -2 -1 -3 -2  3    6   0   0   8   0   6   0   0   6  25  12   0   0   0   6   0   2   0   0  27  0.26 0.12
  151 T    0  1  0 -2  2  2 -1  0 -2  0 -1  1 -1  0 -3  0  2 -3 -2 -1    5   9   5   0   7  12   0   6   0   8   6   9   0   6   0   6  20   0   0   0  0.16 0.09
  152 R   -2  4 -2 -2 -4  0  1 -1 -2 -2 -1  2  0  1  1  0 -2 -3 -2 -1    0  35   0   0   0   0  13   6   0   0   6  11   3   9   6   6   0   0   0   5  0.37 0.15
  153 K    1  2  1  0 -4  0 -1 -3 -2 -3 -3  5  1 -4 -2  0 -1 -5 -3 -3   13  11   6   6   0   0   0   0   0   0   0  52   7   0   0   6   0   0   0   0  0.67 0.22
  154 A    0  0  2  0  2 -1  0  0 -2 -2  0  2 -1 -3 -2  2 -1 -4 -3 -1    4   3  13   5   6   0   5   6   0   0  12  19   0   0   0  20   0   0   0   6  0.20 0.11
  155 G    0 -3  2  0 -3 -2  0  2 -2  1  1 -2 -1  1 -3 -1  0 -3 -2  1    7   0  14   5   0   0   5  18   0   7  17   0   0   9   0   0   6   0   0  11  0.14 0.08
  156 S    0  0  1  1 -3  1  3  0 -1 -3 -3 -1 -2 -3  0  2  2  3 -3 -3    7   5   6   6   0   6  24   6   0   0   0   0   0   0   3  15  17   6   0   0  0.39 0.13
  157 T   -1  1  1 -1 -3  1  3 -1 -2 -3 -3 -1 -2 -4  2  1  4 -5 -3 -2    0  10   5   0   0   4  23   4   0   0   0   0   0   0   9   9  36   0   0   0  0.54 0.18
  158 I   -1 -2 -3 -3 -3 -1  0 -4 -3  3  2  0  2 -1 -4 -3 -2 -3  0  1    4   0   0   0   0   3   9   0   0  35  25   6   7   0   0   0   0   0   5   6  0.37 0.16
  159 F   -1 -1 -3 -3 -2 -2 -3 -1 -2  2  1 -2  0  3 -3 -2  0 -1  2  1    4   5   0   0   0   0   0   6   0  13  16   0   0  22   0   1   6   0  10  14  0.26 0.11
  160 Q   -1  2  0 -1  1  4  2 -3  1 -4 -3  2 -2 -4  0  1 -1 -4 -3 -3    1   8   5   0   5  33  11   1   2   0   1  18   0   0   4   9   0   0   0   0  0.59 0.19
  161 H   -2  0  2  2 -4  0  1 -3  6 -4 -2 -1 -3 -3  2 -2 -2  2 -1 -4    0   5   9  15   0   4  10   0  34   0   4   0   0   0  11   0   0   4   0   0  0.75 0.23
  162 S    0 -2  0 -2  2 -1  0  0  1 -1  0  0  0  2 -2  1  0 -2  1 -1    7   0   4   0   6   0   6   8   4   0   9   6   4  12   0  18   4   0   6   4  0.10 0.08
  163 V   -1 -2 -2 -1 -2 -2 -2 -1 -2  1  2 -2  0 -1  0  2  0 -3  1  1    2   1   1   3   0   1   1   3   0   7  34   1   0   0   3  23   2   0   6  11  0.24 0.14
  164 Q   -1  0 -1 -1  1  4  2 -1  1 -3 -2  2 -2 -3 -2  1 -1 -4 -3 -1    3   4   0   0   4  29  17   3   4   0   3  11   0   0   0  13   0   0   0   6  0.47 0.20
  165 G    0 -2  1  1  3  1  0  3  1 -3 -4  0 -3 -3  0  1 -2 -4  0 -2    6   0   8  10   9   7   3  24   3   0   0   7   0   0   5   9   0   0   4   3  0.30 0.13
  166 W   -7 -6 -7 -8 -7 -6 -7 -7 -6 -7 -6 -1 -5 -4  1 -7 -7 11 -2 -7    0   0   0   0   0   0   0   0   0   0   0   5   0   0   7   0   0  88   0   0  4.22 1.01
  167 K    0  3 -1 -2 -5  0  2 -2  1 -4 -4  3 -3 -1 -3 -1  1 -4  1 -1    8  16   2   0   0   2  15   2   4   0   0  27   0   2   0   2  10   0   5   4  0.49 0.28
  168 I   -1  2 -3 -4 -4  1 -2 -4  2  1  0  2  2  4 -1 -1 -3 -3  0 -2    6  12   0   0   0   9   0   0   5   8  10  13   6  21   3   4   0   0   3   0  0.36 0.25
  169 N   -5  0  7  2 -6  2 -3 -4  1 -7 -7  0 -5 -7 -5  0 -3 -7 -5 -6    0   5  61  12   0   9   0   0   4   0   0   4   0   0   0   6   0   0   0   0  1.66 0.67
  170 S    1  2 -1 -1 -1  0  0 -2 -1  1 -1  2 -1 -1 -1  1  0 -4  0 -1   10  16   3   2   2   2   4   2   1  10   5  12   1   2   2  13   6   0   3   4  0.14 0.14
  171 S   -1 -3 -3  0  1  0  3 -4 -4 -2 -4 -1  0 -5 -4  2  5 -6 -5 -4    4   0   0   4   3   4  19   0   0   3   0   3   3   0   0  19  38   0   0   0  0.86 0.52
  172 L    2  0  0 -2 -3  0  1 -1  1 -2  1  1  1  0 -3 -1  0 -4 -3 -1   22   6   6   0   0   2  13   4   3   0  16   9   4   4   0   3   4   0   0   4  0.18 0.21
  173 V    1 -1 -3 -4  1 -2 -2 -1  2  1  2 -1  1  1 -3  0 -1 -3  1  1   17   2   0   0   3   0   2   4   6   9  20   2   3   7   0   6   4   0   6  11  0.18 0.18
  174 L    0 -1  1  1 -1  1  1 -1  0  0  1  0  1 -2 -1  0  0 -3 -1 -1    8   2   8   7   2   7  12   4   2   7  14   5   4   0   2   6   4   0   2   4  0.08 0.09
  175 E   -1  0  1  1 -4  2  3 -4  2 -2 -1  0 -2 -1 -3  0  0 -4 -1 -1    5   6   8   6   0  12  22   0   6   2   7   4   0   3   0   7   6   0   3   3  0.32 0.26
  176 I    0 -2 -2  0  2  1  0 -4 -2  0  0  0  2  1  1 -2  0  4  1  0    7   0   0   7   7   7   7   0   0   7   7   7   7   7   7   0   7   7   7   7  0.16 0.17
  177 R   -4  7 -2 -5 -7  1 -3 -5 -3 -3 -5  2 -2 -3 -5 -1 -4 -6 -5 -5    0  77   2   0   0   5   0   0   0   1   0   9   1   1   0   3   0   0   0   0  1.97 0.69
  178 K    1  3  1  1 -4  1  1 -3 -2 -4 -3  3  0 -3 -2  0  1 -5 -2 -3   11  17   8   7   0   6   7   0   0   0   1  21   3   1   1   7   8   0   1   0  0.42 0.23
  179 N   -2 -1  2  1 -5  3  3 -3  1 -2 -3  2 -3 -4 -3 -1  0  0  1 -4    1   2  11   7   0  16  27   1   4   3   3  11   0   0   0   3   5   1   5   0  0.54 0.28
  180 I   -2 -3 -5 -3 -4 -4 -5 -6 -5  4  4 -4  2  0 -5 -4 -3 -4 -3  1    3   1   0   1   0   0   0   0   0  32  47   0   4   3   0   0   0   0   0   8  0.97 0.38
  181 L    0  0  0  0 -3  1  0 -1 -1 -1  2  1  0 -2 -3  0  1  0 -2 -1    5   4   4   4   0   8   7   5   1   1  27  11   2   1   0   9   8   1   1   2  0.14 0.14
  182 R   -2  4  1  1 -2  3  1 -3 -1 -4 -2  2 -3 -3 -3  1  0 -5 -4 -4    1  26   7   9   1  13   8   0   1   0   4  13   0   1   0  12   4   0   0   0  0.57 0.29
  183 F   -3 -3 -3 -4  6 -2 -3 -2  2 -1 -1 -2 -1  4  0 -2  0 -2  4  0    0   1   1   0  22   1   1   3   7   3   3   3   2  19   4   2   6   0  15   7  0.64 0.31
  184 L   -3 -1 -4 -5  6 -3 -4 -5 -4  1  2 -2  2  1 -4 -1  0 -4 -1  0    0   4   0   0  27   0   0   0   0   8  24   2   7   6   0   4   7   0   1   7  0.68 0.30
  185 D   -1  0  5  4 -5  0  0 -1  1 -5 -5  0 -4 -5 -4 -1 -1 -6 -4 -5    6   5  34  30   0   2   6   3   4   0   0   5   0   0   0   3   2   0   0   0  0.93 0.39
  186 A    3 -2 -1 -3 -3 -2 -3  0 -3  0  0 -2  0 -3  2  0  2 -4 -2  1   31   2   2   0   0   1   0   7   0   7   7   0   2   0  12   4  13   0   1  10  0.35 0.22
  187 E   -1  2 -1  0 -4  1  1 -3 -1 -1 -3  1 -3 -2  2  1  0  3  0 -1    4  14   1   6   0   8  11   1   1   4   0   8   0   1  10  11   7   5   4   5  0.27 0.17
  188 R    0  2  2  0 -4  2  1 -2  0 -3 -3  2 -1 -3 -3  0  0 -4 -1 -1    7  13   9   5   0  11  10   3   2   0   2  18   1   1   0   6   7   0   2   4  0.33 0.19
  189 D   -2  0  3  3 -4 -1 -1 -1  0 -3 -2  0  0  1  0  1  0  2  0 -3    1   6  17  19   0   2   2   3   2   0   4   6   3   8   4  10   7   4   3   1  0.30 0.20
  190 V   -1 -4 -4 -5 -4 -4 -5 -5 -4  3  2 -3  1  5 -5 -3 -1  1  0  2    4   0   1   0   0   0   0   0   0  21  24   1   2  27   0   1   3   2   1  12  0.72 0.32
  191 S    1 -2 -2 -3  0 -1 -3 -3 -3  2 -1 -3  0  1 -3  2  1 -4  0  2   10   2   1   0   2   3   0   0   0  17   5   0   1   8   0  23  11   0   3  14  0.31 0.22
  192 V    0 -4 -4 -5 -1 -2 -4 -5 -5  2  3 -4  3  0 -4 -2  1 -4 -3  3    8   0   0   0   1   1   0   0   0  12  30   0   9   3   0   1  10   0   0  25  0.62 0.31
  193 V   -2 -4 -2 -2 -1  0 -4 -5 -4  1  0 -2 -3  1 -4  0  5 -5  1  0    1   0   1   2   1   4   0   0   0   7   8   2   0   5   0   4  55   0   5   5  0.88 0.46
  194 K   -2  2 -2 -4 -6  5 -1 -5 -1 -2 -5  5 -3 -3 -1 -2  0 -6 -5 -2    2   8   1   0   0  29   2   0   1   2   0  42   0   1   2   1   5   0   0   2  1.06 0.50
  195 S    0  1  3  1 -4  1  2 -1 -1 -4 -3  2 -3 -3 -1  1  0 -1 -4 -3    6   9  15   9   0   8  14   3   1   0   2  11   0   1   2  13   4   1   0   1  0.38 0.21
  196 S   -2 -3  6  2 -1  2 -2 -2 -3 -3 -3 -3 -4 -6 -5  1  1 -6 -5 -5    2   0  49   9   1  10   1   2   0   1   2   0   0   0   0  12  10   0   0   0  1.11 0.51
  197 F    0 -2  1 -2  0 -3 -3 -1 -3  0  0 -3 -2  1 -2 -1  3  2  1  2    7   2   7   1   3   0   0   3   0   5   7   0   0   6   1   3  27   4   5  17  0.29 0.23
  198 K    0  1  0  1 -4  1 -1 -4  1 -3 -3  3 -3 -4  4 -1  0 -1 -4 -3    9   7   4   8   0   5   1   0   3   2   3  26   0   0  21   3   6   1   0   1  0.57 0.29
  199 P    0 -2 -3 -2 -4 -2 -3 -3 -4  2  2 -1  0 -3  5 -3 -2 -5 -4  2    7   1   1   2   0   2   1   1   0  11  21   3   1   0  29   1   1   0   0  17  0.68 0.31
  200 G   -1 -4  0 -1 -5 -4 -2  6  0 -1 -3 -2 -4 -5 -5 -1 -1 -1 -5 -3    5   0   5   3   0   0   3  64   3   4   3   2   0   0   0   2   3   1   0   2  1.14 0.44
  201 D   -1  0  1  3 -4  3  0 -1 -1 -4 -4  0 -1 -4 -3  2  2 -5 -2 -4    3   4   6  17   0  18   5   5   1   0   0   6   2   0   0  20  12   0   1   0  0.50 0.28
  202 V   -1  2  1  0 -3  0  0 -2 -1  1  0  1  0 -1 -3  0  1 -3  0  1    1  11   8   4   0   5   5   2   1   9   8  11   2   2   0   8   8   0   3  12  0.12 0.10
  203 I   -3 -4 -4 -5 -3 -3 -3 -5 -4  4  2  0  4  0 -4 -1 -2 -4  0  1    0   0   0   0   0   0   1   0   0  33  25   6  11   4   0   4   1   0   3  10  0.67 0.31
  204 H   -2  1  0 -2 -4  2 -1 -3  5 -2 -3  0 -3 -1  2  0  0  2  2  0    1   9   3   1   0   9   3   1  19   2   1   5   0   2  11   5   7   3   8   7  0.43 0.23
  205 Y   -4 -2 -2 -3 -5  0 -4 -5 -2 -2 -2 -4 -2  4 -5 -3 -2 -2  7 -1    0   2   2   1   0   4   0   0   0   2   2   0   1  19   0   1   3   0  53   5  1.50 0.53
  206 V   -1 -3  1  3 -4 -2  2 -2 -1  0 -1  0 -2 -1 -3  0  0 -4  0  2    3   0   6  23   0   0  14   2   1   3   6   6   0   3   0   7   4   0   3  17  0.30 0.21
  207 L    0 -3 -3 -4 -2 -1 -1  1 -3  1  1 -2  1  1 -4 -1  0 -3  1  2    6   0   0   0   1   3   3  11   0   9  15   2   4   7   0   5   7   0   6  20  0.19 0.15
  208 D   -2 -1  2  3 -5  1  3 -1 -1 -4 -4 -1 -2 -1 -1  1 -1  2  1 -4    1   2   8  23   0   7  20   5   1   1   1   3   1   3   2  12   2   3   5   0  0.48 0.27
  209 R   -2  4  0 -3 -5  0  0 -1  2 -3 -2  2 -3 -1  1  2  0 -2 -3 -2    2  27   4   0   0   2   5   4   5   1   4  10   0   4   8  15   7   1   0   2  0.42 0.27
  210 R    0  3  1  1 -1  1  0 -1  1 -3 -2  2 -1 -2 -3  0 -1 -1  1 -3    6  18   7   7   1   6   6   5   4   1   3  16   1   1   0   7   3   1   5   1  0.29 0.18
  211 R   -1  4 -1 -2 -5  1 -1 -1  2 -3 -2  3 -3 -3 -2  0  0 -4  0 -2    4  24   2   2   0   7   3   5   6   2   4  22   0   1   1   7   5   0   3   2  0.45 0.26
  212 T   -1 -1  0  0 -3 -1 -1 -2  0  0 -2  1 -1 -2  0  1  3 -4  1  1    3   3   3   6   0   1   2   3   3   6   2   8   1   1   4  13  26   0   5   9  0.26 0.21
  213 L   -1 -3 -3 -5 -2 -3 -4 -2 -1  2  3 -3  1  3 -2 -3 -1 -3  2  1    5   1   1   0   1   1   0   4   1  15  31   1   3  14   2   0   4   0   8   7  0.46 0.25
  214 N   -1  0  3  1  1  1  0 -2  1 -2 -3  2 -3 -1  1  0  1 -4 -1 -1    5   4  19   6   3   6   4   1   3   1   2  15   0   3   6   5  10   0   3   4  0.29 0.20
  215 I   -2 -2 -3 -5 -4 -2 -3 -3 -5  4  0 -2  3 -1 -5  0 -2 -5 -2  3    2   2   1   0   0   2   2   2   0  32   8   3   9   3   0   7   2   0   1  24  0.66 0.34
  216 S   -2  0  2  1 -2 -3 -1 -1 -2 -2 -4  1 -2 -2 -1  3  3 -6 -2 -2    1   4  10  10   1   0   3   4   1   2   1   7   1   2   3  28  21   0   1   2  0.50 0.32
  217 H    0  1  2 -1 -1  2  3 -1  2 -2 -3  1 -2 -3  1 -1 -1 -5 -3 -3    7   6  11   3   1   8  22   5   7   3   2   9   1   1   7   4   4   0   1   1  0.34 0.21
  218 D   -1  0  3  3 -5  1  2 -1  0 -5 -4  1 -2 -4  1  0  0 -5 -2 -3    5   4  14  15   0   8  17   4   2   0   1   8   1   1   7   5   4   0   1   1  0.43 0.24
  219 L   -3 -4 -5 -4 -4 -2 -4 -4  1  2  4 -2  2  1 -2 -2 -1  1 -1  0    1   0   0   1   0   1   1   1   4  13  44   3   6   7   2   2   3   2   2   7  0.62 0.31
  220 H   -3  2  1 -3 -5  0 -3 -4  4 -3 -2 -2  1  4 -5 -2 -1  3  5 -2    2  11   6   1   0   5   1   1  10   1   3   2   3  19   0   3   3   4  22   3  0.72 0.35
  221 S    0  2  2  0 -4  1  1 -2  1 -4 -3  1 -1 -3 -1  2  0 -5 -1 -3    8  10  11   6   0   7   8   2   4   0   3   8   2   1   2  20   6   0   2   1  0.31 0.21
  222 L   -1 -2 -2 -4 -4 -2 -3 -5  0  2  3 -2  3  0 -3 -1  0 -1  0  1    5   2   2   1   0   2   1   0   3  10  37   2   8   3   1   4   7   1   3   9  0.43 0.24
  223 L   -3 -3 -4 -3 -5 -2 -4 -4 -5  2  4 -5  1  4 -2 -5 -4 -1 -1  0    2   1   1   2   0   2   1   2   0  10  50   0   3  17   2   0   0   1   2   5  0.88 0.38
  224 P   -3 -3 -6 -1 -7  0 -2 -4 -3 -4 -3 -5 -6 -4  7 -4 -5 -1 -4 -3    2   1   0   3   0   4   2   1   0   1   3   0   0   1  76   1   0   1   1   2  2.32 0.81
  225 E   -1  0  0  2 -5  2  3 -2  0 -4 -2  3  0 -5 -3 -1 -1  0 -4 -2    5   5   4   9   0   9  23   3   2   0   3  18   3   0   1   5   4   1   0   3  0.46 0.26
  226 V    0 -1 -1  1 -4 -1  1 -1 -3 -1 -1  0  1 -2 -3  0  2  0 -1  1    8   3   2   8   0   2  12   5   0   3   6   6   3   1   0   7  16   1   3  13  0.15 0.14
  227 S   -1 -2 -1  2 -5 -1 -1 -1  0 -4 -3 -2  1 -2  0  4  1 -3 -3 -3    4   1   2  11   0   2   3   4   3   1   3   2   4   2   5  42   7   0   1   1  0.60 0.35
  228 P   -1 -1 -4 -2 -7 -1 -1 -5 -2 -4 -2 -3 -5 -1  7 -1 -3 -7 -6 -4    6   4   1   2   0   3   4   1   1   1   5   1   0   3  63   4   1   0   0   1  1.70 0.60
  229 M   -2 -3 -3 -3 -4 -2 -2 -4 -1  2  2 -3  2  5 -3 -3 -2  2  2  0    2   1   1   2   0   1   2   1   1  11  22   1   5  29   1   1   2   3   7   6  0.64 0.27
  230 K    0  2 -1 -1 -2  1  0  0  1 -2 -2  3 -1 -2  0  2 -1 -4 -1 -1    5   9   2   2   1   7   4   6   5   3   3  21   1   1   5  16   2   0   2   5  0.23 0.15
  231 N   -1  0  3  1 -1  0  0  1  2 -2 -3  1 -1 -3  1  0  0 -4 -1 -2    4   5  20   8   2   2   3  13   7   2   1   9   2   1   7   6   5   0   2   2  0.29 0.14
  232 R    0  4 -1 -2 -4  1  0 -1  0 -2 -2  3  0 -2 -1  0  0  0  0 -1    5  27   2   1   0   5   3   4   2   2   3  20   3   1   2   8   4   1   3   4  0.36 0.17
  233 R   -1  4 -1 -2 -2  2 -1 -1  3 -2 -2  0 -1 -2  1  0  1 -4  0 -2    2  32   2   1   1  10   1   4   8   3   2   4   2   1   7   9   9   0   3   1  0.43 0.18
  234 F   -3 -2 -4 -5  4 -1 -4 -5  1 -1  0 -4  0  5 -3 -3 -3  3  5 -2    1   1   0   0  11   3   0   0   3   2   7   0   2  30   1   1   0   3  31   1  0.91 0.24
  235 K   -1  3  2 -1 -4  0  1  1  0 -3 -3  3 -3 -3 -1  0 -1 -1 -3 -3    2  17  15   2   0   2   7  11   2   2   1  28   0   1   3   4   1   1   0   1  0.42 0.12
  236 T   -1  2  0 -2 -1  0 -1 -2 -1 -1 -2  1 -1 -3 -2  2  4 -1 -3 -1    1  17   1   0   1   2   0   0   1   1   1  10   1   0   0  15  40   1   0   5  0.44 0.11
  237 C   -2 -5 -4 -5 10 -4 -6 -5 -5 -2 -3 -5 -3 -4 -5 -2 -2 -4 -4 -2    0   0   0   0 100   0   0   0   0   0   0   0   0   0   0   0   0   0   0   0  2.30 0.21
  238 A    4 -2 -1 -2 -2 -1 -2  0 -2 -1 -2 -1 -2 -3 -1  2  1 -4 -3  0   70   0   2   0   0   0   0   3   0   3   0   0   0   0   0  14   5   0   0   3  0.59 0.10
  239 V    0 -3 -4 -4 -2 -3 -3 -4 -4  3  1 -3  0 -1 -3 -2 -1 -3 -2  4    6   0   0   0   0   0   0   0   0  14  10   0   0   0   0   0   0   0   0  70  0.63 0.10
  240 V   -1 -3 -4 -5 -2 -3 -3 -5 -4  3  1 -3  2 -2 -3 -3 -1 -3 -3  5    0   0   0   0   0   0   0   0   0  10   4   0   5   0   0   0   0   0   0  81  0.76 0.11
  241 G    0 -3 -1 -2 -4 -2 -2  5 -3 -3 -2 -2  0 -4 -3  0 -1 -4 -4 -2    4   0   0   0   0   0   2  75   0   0   2   0   5   0   0   5   3   0   0   2  0.98 0.10
  242 N    0 -2  3 -1 -3 -1 -1  2 -1 -3 -3 -1 -2 -3  4  2  2 -4 -3 -2    0   0  20   0   0   0   0  20   0   0   0   0   0   0  20  20  20   0   0   0  0.59 0.05
  243 S    1 -2 -2 -4 -5 -4 -4  3 -4 -6 -6 -4 -5 -6 -4  5 -2 -6 -5 -4    8   2   1   0   0   0   0  28   0   0   0   0   0   0   0  61   0   0   0   1  1.40 0.48
  244 G   -2 -5 -3 -3 -6 -3 -5  7 -1 -7 -7 -4 -6 -7 -6 -1 -3 -7 -4 -5    2   0   1   1   0   1   0  86   2   0   0   1   0   0   0   4   2   0   1   1  2.06 0.57
  245 I    0 -2  1 -1 -4 -2 -4 -4 -1  5 -1 -3  0 -1 -5  0 -1 -2 -4  2    6   1   9   3   0   2   0   1   2  49   2   1   1   2   0   8   3   1   0  11  0.68 0.31
  246 L   -5 -6 -4 -7 -5 -5 -6 -7 -6  0  6 -6  2 -1 -6 -4 -3 -5 -4 -1    0   0   1   0   0   0   0   0   0   4  85   0   4   1   0   1   1   0   0   2  1.68 0.52
  247 L   -1  2  0 -4 -4 -1 -3 -4 -2  0  3  2  0 -2 -4 -2  0 -5 -3 -1    6  12   5   0   0   1   0   1   1   3  42  15   1   1   0   2   7   0   1   2  0.46 0.24
  248 D   -3 -1  5  2 -6  0 -1  4  1 -5 -3  0 -4 -3 -5 -1 -2 -6 -3 -4    1   2  30  10   0   4   3  32   3   0   3   7   0   1   0   2   1   0   1   1  0.81 0.31
  249 S   -1 -2 -2 -2 -1 -2 -4 -3 -1 -6 -6 -1 -5 -4 -3  6  0 -7 -2 -5    3   2   1   2   1   1   0   1   2   0   0   3   0   1   1  78   3   0   1   0  1.56 0.55
  250 G   -1  1  1 -1  1  1  0  3  2 -4 -2  2 -2 -3 -2  2 -1 -2 -2 -3    2   9   6   2   4   5   5  22   7   0   3  12   1   0   1  17   2   1   1   1  0.34 0.17
  251 C   -3 -4 -3 -4  9 -1 -4 -6  1 -4  0 -2 -1  2 -6 -4 -4 -4  3 -3    1   1   1   1  52   3   1   0   4   0  10   2   2   9   0   1   0   0  13   1  1.70 0.48
  252 G    0 -6 -4 -5 -7 -6 -6  7 -6 -8 -8 -5 -7 -7 -6 -2 -5 -7 -7 -7    6   0   0   0   0   0   0  92   0   0   0   0   0   0   0   2   0   0   0   0  2.46 0.62
  253 K    1  2  1  1 -4  1  2 -1  0 -4 -3  2 -2 -4  1  0 -1 -5 -3 -3   12  11   5   8   0   6  17   4   2   1   1  17   0   0   7   6   2   0   1   1  0.37 0.17
  254 E    0  0 -2  1 -6  1  5 -4 -1 -4 -1  0 -1 -2 -4 -2 -2 -6 -3 -2    8   4   1   7   0   7  52   1   1   1   7   3   1   2   0   1   2   0   1   2  0.86 0.34
  255 I   -5 -7 -7 -8 -5 -7 -7 -8 -7  8 -2 -7 -2 -4 -7 -6 -2 -7 -5  0    0   0   0   0   0   0   0   0   0  95   0   0   0   0   0   0   2   0   0   3  2.56 0.68
  256 D   -6 -5  2  7 -8 -4 -1 -5 -5 -8 -8 -5 -7 -8 -6 -4 -5 -9 -7 -7    0   0  10  88   0   0   2   0   0   0   0   0   0   0   0   0   0   0   0   0  2.66 0.69
  257 S    1 -1  0 -1 -1  1 -1  1  0 -3 -1  1 -1 -2 -3  4  0 -5 -3 -2   11   3   4   2   1   5   3   8   2   0   6   7   1   1   0  41   3   0   0   1  0.41 0.21
  258 H    2 -2 -1 -3 -1 -1 -3 -3  7 -4 -3 -1 -1 -1 -4  1  1 -1  1 -4   18   1   2   0   1   1   0   1  41   0   1   3   2   2   0  12   9   1   3   0  0.95 0.35
  259 N   -2 -2  3  5 -5  1  2 -3  1 -1 -4 -1 -3 -4 -3 -1 -1 -5 -4 -3    2   0  17  46   0   8   9   0   4   7   0   2   0   0   0   3   2   0   0   0  0.85 0.22
  260 F    0 -3 -2 -4  0 -3 -3 -2  0 -1  0 -2  0  5 -4  0  2  1  2  0    8   0   2   0   2   0   0   2   2   3   5   2   3  37   0   5  15   2   8   4  0.46 0.16
  261 V    0 -3 -3 -4 -2 -2 -3 -3 -3  2  1 -3  0  0 -3  1  0 -3 -2  3    5   0   0   0   0   0   0   0   0  11  16   0   0   5   0  14   5   0   0  45  0.36 0.10
  262 I   -2 -2 -3 -4 -3  2 -2 -4 -2  2  1  0  2  2 -3 -2 -2  3  1  2    0   0   0   0   0  14   0   0   0  20   8   6   7  11   0   0   0   6   6  23  0.33 0.09
  263 R    1  6 -2 -3 -4  0 -1 -3 -2 -4 -4  3 -3 -4 -3 -1 -2 -5 -3 -3   17  61   0   0   0   0   0   0   0   0   0  22   0   0   0   0   0   0   0   0  1.10 0.19
  264 C   -2 -4 -2 -1  4 -1 -2 -5 -4  2  1 -4  3  4 -5 -1 -1  3  0  1    3   0   2   3   9   2   3   0   0  12  10   0  10  22   0   4   3   4   3  11  0.49 0.26
  265 N   -6 -6  7  2 -8  3 -5  1 -5 -9 -9 -5 -7 -8 -7  1 -5 -9 -8 -8    0   0  57  11   0  11   0  11   0   0   0   0   0   0   0  11   0   0   0   0  1.93 0.67
  266 L    0  0  0  0  1  0  0 -1  1  0 -1  0  1  0  0  0  0 -3  1  0    5   5   5   5   5   5   5   5   5   5   5   5   5   5   5   5   5   0   5   5  0.03 0.05
  267 A    3 -4 -4 -4 -4  1  0  0 -4 -4 -1 -4 -4 -5  5  0 -3 -5 -5  0   31   0   0   0   0   7   6   7   0   0   6   0   0   0  29   6   0   0   0   6  0.87 0.40
  268 P   -1 -1 -1 -1 -6  0 -1 -2  0  0 -2 -1  0 -5  6 -2 -1  2  0 -1    4   3   3   3   0   4   4   3   3   6   3   3   3   0  44   3   3   3   3   3  0.93 0.41
  269 V   -1 -1 -3 -4  0 -1 -3 -4 -4  3  1 -3  2  0 -1  0  3 -4 -3  2    3   3   0   0   3   3   0   0   0  27  10   0   5   3   3   7  20   0   0  12  0.39 0.25
  270 V    0  1  0  0 -1  0  1  1  0  0 -1  2  0 -1 -3  0  0  0  0  0    5   9   4   5   1   4  10  10   1   5   3  13   4   2   0   5   6   1   3   7  0.10 0.09
  271 E   -1 -1  2  1 -1  0  1  4  2 -3 -5  0 -4 -5 -1 -1 -2 -6 -5 -3    3   2  12   8   1   4  11  36   5   1   0   6   0   0   3   3   2   0   0   2  0.62 0.33
  272 F   -5 -3 -6 -3 -6 -5 -6 -3  2 -2 -2 -6 -1  6 -6 -3 -5  1  7 -3    0   1   0   1   0   0   0   2   4   2   4   0   1  39   0   2   0   2  39   2  1.82 0.72
  273 A    1  0 -2 -2 -4  0  4 -1 -1 -1 -3  0 -1 -3 -1  1  1 -1 -1 -1   11   5   1   1   0   4  30   4   1   3   2   5   1   1   2  13   9   1   2   3  0.37 0.28
  274 A    0  2  0  1 -2  0  2 -2  1 -3 -3  3 -1 -5  1  0 -1 -5 -4 -2    7  10   4   7   1   4  14   2   4   1   2  25   1   0   6   6   3   0   0   3  0.40 0.23
  275 D   -4 -3 -1  7 -8 -4 -2 -1  4 -5 -6 -3 -7 -2 -6 -4 -5 -2  0 -7    1   1   1  73   0   0   1   4   9   1   1   1   0   2   0   1   0   1   3   0  2.00 0.72
  276 V    1 -1 -6 -7 -5 -5 -6 -6 -6  0 -2 -5 -3 -5 -6 -3 -2 -1 -5  6   13   4   0   0   0   0   0   0   0   4   1   0   0   0   0   2   2   1   0  74  1.62 0.65
  277 G   -4 -7 -5 -1 -8 -6 -6  7 -7 -9 -8 -6 -8 -8 -7 -5 -6 -8 -8 -8    0   0   0   4   0   0   0  96   0   0   0   0   0   0   0   0   0   0   0   0  2.77 0.87
  278 T   -1  2  1 -2 -4 -1 -1 -2 -1 -1 -1  1  0  0 -4  3  2 -1 -2  0    3  14   6   1   0   1   2   2   1   4   4   8   2   5   0  25  15   1   1   6  0.33 0.24
  279 K   -5  4 -4 -5 -7  1 -2 -6 -1 -4 -6  6 -5 -7 -5 -3 -4 -7 -6 -6    0  24   0   0   0   4   1   0   1   1   0  66   0   0   0   1   0   0   0   0  1.93 0.72
  280 S   -2 -2 -4 -5 -5 -2 -3 -5 -2 -3 -2 -3  0 -5 -5  2  6 -6 -5 -1    2   2   0   0   0   1   1   0   1   1   4   1   2   0   0  13  68   0   0   4  1.52 0.65
  281 D   -3 -4  5  3 -5 -2 -3 -2  1 -5 -5 -3 -4 -5 -2  1  3  3 -4 -5    0   0  32  15   0   1   0   3   4   0   0   0   0   0   2  12  25   5   0   0  1.03 0.47
  282 F   -3 -5 -5 -6 -4 -2 -5 -6  2  2  4 -5  2  4  0 -4 -4 -1  0  0    1   0   0   0   0   2   0   0   6  13  40   0   4  22   5   0   0   1   2   4  0.82 0.36
  283 I   -1  2  0  0 -3  0 -1 -3  1  0 -1 -1  0  0  0  0  2 -3  2  1    3  15   3   5   0   2   3   1   4   7   3   0   4   3   5   5  17   0   9  12  0.17 0.17
  284 T   -1 -3  0 -3 -3 -2 -3 -1  2  1  0 -2  1  2 -3  1  3 -3 -1  1    4   0   3   0   0   0   0   4   6   8   8   0   4  14   0  10  25   0   0  12  0.30 0.24
  285 M    0 -2 -2 -3  2  1 -2  0  2  0  0 -2  1  1 -2  0  0 -2  1  0    7   0   0   0   7   7   0   7   7   7   7   0   7   7   0   7   7   0   7   7  0.06 0.13
  286 N   -1 -2  4  1  1 -2 -2  0 -1 -3 -3  0 -3  0  1  0  1 -3  2 -3    5   0  34   6   4   0   0   5   0   0   1   5   0   5   8   7  10   0   8   0  0.47 0.27
  287 P    0  0  0 -3  1  0  0 -1  0 -1 -2 -1  0 -1  4  0  1  0 -1 -1    8   5   4   0   3   4   6   5   2   3   4   3   3   2  27   6   8   2   2   3  0.40 0.23
  288 S   -1  0  1  0 -4  1  1  0  1 -2 -2  0  1 -2 -1  3  1 -4  0 -2    4   6   8   4   0   6   8   6   3   2   3   5   3   2   2  23   9   0   3   2  0.23 0.22
  289 V    0  0  0 -3 -1  1 -2 -4  0  2  0 -1  1 -3 -1  1  2  2 -3  1    8   5   4   0   1   7   0   0   2  16  10   3   5   0   3   9  14   3   0   9  0.20 0.20
  290 V    0 -1 -2 -4 -3 -1 -3 -4 -3  2  2 -1  4  0 -1 -2 -1  2 -1  1    8   3   1   0   0   3   1   0   0  14  26   3  12   3   3   2   3   3   2  11  0.35 0.24
  291 Q   -1  2  0 -1 -1  2  0 -2  3 -2 -1  2  0 -1 -1  0  0  0  0 -2    5  10   5   2   2  11   5   2   9   2   5  14   3   2   2   6   6   1   3   3  0.22 0.20
  292 R   -2  3  1  0 -2  1  1 -2  2  0 -2  2 -1 -1 -4  0 -1  1  0 -2    2  20   8   5   1   6   8   2   5   6   4  12   2   3   0   6   4   2   3   2  0.30 0.23
  293 A   -1  0  0  0  2  0  0 -1  2  0 -1  0  1  0  0 -1  0  3  1 -1    5   5   5   5   5   5   5   5   5   5   5   5   5   5   5   5   5   5   5   5  0.08 0.07
  294 F   -2  0  0 -1  1  0 -1 -2  1  0 -1  0  1  2 -2 -1 -2  2  5  0    4   5   4   4   3   4   4   3   3   5   6   5   3   9   3   5   3   3  20   6  0.33 0.23
  295 G    0  0  0  0  1  0  0 -1  1  0 -1  0  1  0  0  0  0 -3  1  0    5   5   5   5   5   5   5   5   5   5   5   5   5   5   5   5   5   0   5   5  0.03 0.05
  296 G   -1  0  2  1  1  0  0  2  1 -1 -1 -1 -2 -1 -1  0 -1  2  0 -1    4   4  10  10   4   5   4  15   3   4   6   4   0   3   3   7   3   3   4   4  0.10 0.12
  297 F    0  0  0  0 -3  1  0 -3  2  0 -1  0  1  1  1  0  0  3  1  0    6   6   5   6   0   5   6   0   5   6   6   6   5   5   6   6   6   5   5   6  0.10 0.12
  298 R   -1  2  0 -1 -4  1  0 -2  3 -1 -1  2  0  0  0 -1  0 -4  0 -1    3  12   5   3   0   7   6   3   8   3   6  16   3   6   4   3   5   0   3   3  0.19 0.19
  299 N   -2  0  3  0  1 -1  0  0  1 -2 -1  1  0 -1  0  1  0  3 -1 -2    2   3  19   6   3   2   5   6   3   2   7   9   2   2   4   9   6   4   2   2  0.20 0.21
  300 E   -1  2  1  1 -4  1  2  0  1 -1 -2  1  0 -4  0  1  0  0 -1 -2    3  10   6   7   0   5  13   9   4   3   4   7   3   0   3  10   6   2   2   3  0.17 0.17
  301 S    0  0  0  0 -3  1  0 -1  2  0 -1  0 -2  0  1  0  0  3  1  0    6   6   5   6   0   5   6   6   5   6   6   6   0   5   6   6   6   5   5   6  0.07 0.08
  302 D   -1 -1  2  2 -4  0  0 -1  1 -1 -2  0  0 -1  0  1  0  4  0 -1    5   3   9  14   0   5   6   4   3   3   4   4   3   3   5  10   5   6   4   4  0.17 0.17
  303 R   -1  2  0 -1  1  0 -1 -1  1 -1 -1  1  0 -3  1  0  0  1  0 -1    4  15   5   4   3   4   4   5   3   4   6  10   3   0   7   5   4   3   4   5  0.13 0.14
  304 E   -1  0  0  1 -3  1  1 -1  1 -1 -1  0  0 -1  0  0  0  3  0 -1    5   6   5   9   0   6   9   5   4   3   6   6   3   3   4   7   7   5   4   4  0.10 0.10
  305 K    0  1  1  0 -3  1  1 -1  1 -1 -1  1  0 -1  1  0  1 -3  1 -1    5   7   6   5   0   6  10   3   3   3   5  10   4   3   5   7   8   0   6   4  0.11 0.11
  306 F    0  0 -1  0 -3  1  0  0  2  0  0  0  1  0  1  0  0 -3  1  0    6   6   0   6   0   6   6   6   6   6   6   6   6   6   6   6   6   0   6   6  0.06 0.08
  307 V   -1 -1 -1 -1 -3 -1 -1 -2 -3  2  2 -1  1  0 -1 -1 -1  1  1  2    4   2   3   3   0   2   4   2   0  11  23   3   3   4   3   5   3   2   6  15  0.15 0.16
  308 H   -1  2  1  0 -4  1  2 -1  1 -1 -1  0  0 -1 -1  1  0 -3  1  0    4  13   7   4   0   6  13   3   4   3   4   4   2   3   2   9   5   0   5   7  0.14 0.15
  309 R    0  3  1  1 -2  1 -1 -2  0 -2  0  0 -1 -1 -1  0 -1 -4 -1  0    6  21   8   8   1   6   3   2   2   2  10   5   1   2   2   8   4   0   3   6  0.20 0.20
  310 L   -2 -2 -5 -5  1 -2 -3 -3 -4  1  3 -4  2  1  1 -2 -1 -4  0  1    2   2   0   0   4   2   2   2   0   9  38   0   6   6   8   2   3   0   3  10  0.51 0.34
  311 S   -1  2  1  0 -1  1 -1 -1  0 -2 -2  1 -1 -1  1  1  1 -4  0 -1    4  10   6   6   2   8   2   5   2   2   4  10   2   3   6  14   7   0   3   3  0.16 0.16
  312 M    0  0 -1  0 -3  1  1 -1  1 -1 -1  0  2  1  0  0  0  0  1 -1    6   5   2   4   0   6  10   4   3   3   6   6   7   8   3   9   4   1   5   5  0.07 0.10
  313 L   -2 -2 -2 -1 -5 -1 -2 -3  0  1  1  0 -1  1 -1 -2 -1 -3  5 -1    3   2   2   3   0   2   2   2   2   9  17   7   1   6   3   2   4   0  29   4  0.51 0.36
  314 N   -2  1  4  1 -5  0  0  1  1 -4 -2  0 -4 -2  0  0  1 -5 -1 -3    3   7  24   7   0   4   7  13   4   0   4   5   0   2   5   5   8   0   2   2  0.38 0.30
  315 D   -2  0  2  4 -2  0  0  2  1 -1 -2 -1 -3 -4 -2  0  0 -5 -2 -1    2   6  11  23   1   3   5  15   3   4   5   3   0   0   2   7   4   0   1   4  0.33 0.25
  316 S    1 -2 -1  1  0 -1 -2  1  0 -2 -1  0  1 -2  0  2  1 -3  2 -2   13   2   1   8   2   1   0  10   3   2   4   4   4   1   4  20   9   0   9   3  0.22 0.24
  317 V   -1 -2 -3 -5 -4 -1 -4 -3 -2  3  2 -2  2  0 -2  0 -1  0  2  2    4   2   1   0   0   3   0   2   1  16  22   2   5   4   2   9   3   1   7  17  0.34 0.27
  318 L   -1 -1 -4 -3 -4 -1 -2 -5 -2  2  3 -2  1  2 -2 -2 -1  2 -2  1    5   3   0   1   0   3   2   0   1  14  35   2   4   9   1   3   3   4   1   8  0.45 0.31
  319 W   -4 -5 -2 -4  0 -5 -3 -4 -2  0  2 -3  0  3 -6 -1 -2  8  3  0    1   0   2   1   2   0   1   2   1   4  17   2   2  11   0   4   3  31  10   5  1.21 0.61
  320 I    0  0  1  0 -3  1  0  0  2  0  0  0  1  0 -2  0  0 -2  1  0    6   6   6   6   0   6   6   6   6   6   6   6   6   6   0   6   6   0   6   6  0.05 0.07
  321 P    0  0 -1 -1 -4  0 -1  0  1 -1 -2 -1 -3  0  4 -1  0  2  0 -1    9   5   3   4   0   3   3   7   5   3   4   3   0   5  27   5   5   3   3   4  0.40 0.28
  322 A    2 -1  0 -3  1  0 -1 -1  0 -1 -1  0  0 -1  2  2  0 -4  0 -1   19   3   3   0   3   3   3   4   3   3   5   7   3   2  10  15   6   0   4   3  0.18 0.19
  323 F    0 -1 -1 -3 -3 -2 -1 -2  2  0  1 -1  0  4  0  0 -1 -3  1  0   10   3   2   0   0   0   3   3   5   4  15   3   2  22   6   7   4   0   4   6  0.23 0.21
  324 M   -1 -1 -1 -2  0  0 -2 -2  1  0  1  0  2  1 -1  1  1  1  1  0    4   4   2   2   2   4   1   3   4   5  16   5   8   5   3  13   7   2   4   5  0.10 0.14
  325 V   -1 -2  0 -1 -1 -1 -1 -2  0  2 -1 -1  1  2 -1  1  2  0  1  1    5   2   5   3   2   2   3   2   2  12   4   4   4   9   3  11  13   1   5  10  0.12 0.16
  326 K   -1  2 -1 -2 -5  0 -1 -2  2 -2 -2  4 -3 -2  0 -1  1  0 -1  0    4  11   3   2   0   4   4   4   5   2   4  30   0   1   5   5   7   1   2   7  0.38 0.33
  327 G    0  1  0 -1 -4 -2  0  2  2 -2 -1  0 -1 -1  0  1  0 -1 -1 -2    7  10   5   3   0   1   5  21   5   2   6   7   2   3   5   9   7   1   2   1  0.19 0.18
  328 G    0 -1  2 -1  1  0 -1  1  2 -1 -1 -1 -1 -1  0  1  0  1  1  0    6   2  11   3   4   4   4  14   5   2   6   2   1   3   5   9   5   2   5   7  0.10 0.12
  329 E    0  1  0  0 -4  0  1 -3  1  0 -1  0  0 -2 -1  1  2 -2 -1 -2    7   9   5   4   0   5  11   1   4   8   7   5   3   1   3  10  13   1   2   2  0.16 0.19
  330 K   -1  3  0  0 -5  0  1 -1 -2 -1 -2  3  1 -2 -2  1  1 -6 -2 -2    4  15   5   5   0   4   7   4   1   3   4  19   4   1   2  10   8   0   1   3  0.30 0.28
  331 H    0  1  1  0 -1 -1 -2 -1  4 -2 -1  0  0  0  1  0  0  2  2 -1    7   8   6   5   1   2   2   4  11   2   6   6   2   4   7   5   7   3   8   5  0.15 0.16
  332 V   -1 -1 -2 -3  1 -1 -3 -3 -2  1  1 -2  2  1  0  1  1 -4  1  2    5   4   1   1   3   3   1   2   1   7  12   2   5   5   4   9  11   0   6  18  0.21 0.21
  333 E    0  1  0  1 -4  1  1 -1  0 -1  0  1  0  0 -3  0 -1 -1  2 -1    9   8   4   7   0   7  11   3   2   3   9   7   2   5   1   7   4   1   7   3  0.11 0.13
  334 W    0  2 -1 -3  0 -1 -3 -3  0  0  0  0  1  2 -3  0 -1  5  2  0    8  12   3   2   2   2   1   1   2   4   7   6   5  10   1   7   4   9   8   6  0.30 0.23
  335 V    1  0 -2 -3 -2 -2 -3 -4 -2  1  2 -2  1  0 -1 -2  1 -5 -1  3   10   5   2   1   1   2   1   1   1   8  22   3   2   4   3   3   8   0   2  21  0.29 0.24
  336 N    0  1  2  1 -4  0 -1 -1  1 -1 -2  1 -1 -2 -1  0  1 -4  1 -1    8   8  10  10   0   5   3   3   4   3   4  10   2   2   3   6   9   0   6   5  0.15 0.16
  337 A    2  1 -2 -1 -2  0  0 -2  1 -2 -1  0 -1  0  0  0  0 -4  2 -1   20   7   1   4   1   5   6   3   4   2   5   7   1   5   5   7   5   0   9   3  0.16 0.19
  338 L   -1  0 -1 -2 -4 -2 -1 -3  0  1  2  0  1  1 -1 -1  0 -3  2  1    5   6   3   3   0   1   3   2   3  10  20   5   3   7   3   3   7   0   8  10  0.16 0.16
  339 I   -1 -1 -2 -3 -2 -3 -3 -4 -5  3  3 -1  0  1 -4 -2 -1 -1  0  2    5   3   2   2   1   1   1   1   0  19  28   4   2   6   1   2   4   1   3  13  0.44 0.30
  340 L   -2  1 -1 -2 -4  1  0 -3  1 -1  2  2  1  1 -2 -1  0 -2 -1  0    3  10   3   2   0   6   6   1   3   2  20  12   4   8   2   4   4   1   2   8  0.18 0.19
  341 K    0  2  0  1 -4  1  1 -1  0 -1 -2  2 -2 -1  1  0 -1  1  0 -1    6  10   5   8   0   6   9   3   2   3   4  15   0   3   6   7   3   2   3   5  0.17 0.16
  342 N   -1  1  2  1 -4  0  0  0  2 -1 -2  0 -1  1  0  0  0  1  0 -2    3   7  11   9   0   4   6   8   5   5   3   4   2   7   5   8   5   2   3   2  0.10 0.13
  343 K   -1  1  1  0 -4  1  0  1  1 -2 -2  2 -3 -1  0  0  0 -4  1 -2    4   9   7   4   0   7   5  12   4   2   4  16   0   3   4   6   7   0   5   3  0.19 0.19
  344 L   -1 -1 -2 -1 -4  0 -1 -2 -1  0  2 -1  1  0  0  0  0 -4 -1  0    6   4   2   3   0   4   5   3   1   6  28   2   4   5   5   8   7   0   2   6  0.15 0.17
  345 K   -1  2  2 -1 -5  2  0 -1 -1 -3 -2  3 -1 -2  1  0  0 -5 -1 -2    4  11  10   4   0   9   5   6   1   1   3  18   2   2   7   6   7   0   2   3  0.29 0.27
  346 V   -1 -1  0 -2  0  2 -2 -3  1  2  1 -1  2  0  0 -1 -2  2  0  2    4   3   4   2   2   8   2   2   4  10  11   4   5   4   6   4   3   3   3  17  0.22 0.17
  347 R   -1  3  0 -1 -6  2  0 -2  2 -1  0  1  1 -5  0 -1  0 -6  1  0    5  17   5   3   0   8   5   4   5   3   9   9   3   0   4   4   6   0   4   6  0.24 0.20
  348 T   -1  0 -1 -1  2 -1 -1 -2  1  1  0 -1  1  1 -1 -1  1  2  0  2    4   5   3   4   4   3   3   3   4   9   8   3   4   7   4   4  10   3   3  13  0.11 0.09
  349 A    1 -1 -1 -2 -3 -1  0 -1  0  0  1 -1  2  0  0  0  0  1  1  0   15   2   3   2   0   2   6   5   2   4  12   4   6   5   4   6   5   2   5   8  0.07 0.11
  350 Y   -3 -2  1 -1  0 -1 -4 -2  5 -1 -1 -2 -1  4 -5 -1 -1  3  4 -1    2   2   7   4   2   3   0   3  13   3   5   2   2  21   0   4   3   4  14   5  0.64 0.41
  351 P    0  0  0 -2 -3  1  0  0  2  0  0  0  1  1  1  0  0 -3  1  0    6   6   6   0   0   6   6   6   6   6   6   6   6   6   6   6   6   0   6   6  0.06 0.09
  352 S    0 -1  3  1 -5 -1  0  0  3 -2 -3 -1 -1 -2  1  1  0  0 -1 -2    7   2  17   8   0   2   5   9   9   2   2   3   1   2   8  12   5   2   2   3  0.30 0.28
  353 L    0  0  0 -1 -4  0 -1 -2  2 -1  0 -1  0  0  3 -1 -1  1  1  0    6   5   6   3   0   4   3   3   6   4  11   4   2   4  19   5   2   2   4   7  0.23 0.19
  354 R   -1  2  1  1 -4  2  1 -2  1 -1 -3  2  0 -1 -1  0 -1  0  0 -1    3  12   8   8   0   8   8   3   4   3   2  12   3   3   3   7   3   1   4   4  0.21 0.20
  355 L   -2 -3  0 -5 -1 -2 -2 -6  4  0  2 -3  2  3 -2 -2 -2  1  4  0    4   1   4   0   1   1   2   0  10   4  21   1   5  13   2   2   2   2  15   7  0.53 0.37
  356 I   -1 -1  0 -4 -1 -1 -2 -2 -1  1  2 -1  3  2 -1 -1 -1  1  1  0    4   4   5   0   1   2   3   3   1  10  25   4   7   9   3   4   2   2   4   5  0.22 0.20
  357 H   -1  1  1  0 -4  1  0 -2  4 -1 -1  1  0 -1 -1  0  0  0  1 -1    3   9   6   5   0   5   5   3  13   4   5  10   2   2   3   6   5   1   6   4  0.20 0.19
  358 A   -1  0  0  0  2  0  0 -1  2  0 -1  0  1  0  0 -1  0  3  1 -1    5   5   5   5   5   5   5   5   5   5   5   5   5   5   5   5   5   5   5   5  0.07 0.07
  359 V   -1 -1 -1  0 -5 -1 -1 -2  0  2  0 -1  1  0 -1 -1  0  2  1  2    4   4   3   5   0   3   3   3   3  11  10   4   4   4   3   4   7   3   5  17  0.16 0.13
  360 R   -1  2  0  0  1  1 -1  0  2 -2 -2  1  0  1  0  0  0  2  0 -1    5  11   4   5   4   6   4   8   5   3   4   8   3   6   4   7   6   3   3   4  0.11 0.11
  361 G    0  2  1  1 -4  0  1  0  0 -2 -2  1  0  0 -1  0 -1  1 -1 -1    6  10   7  10   0   4   9   8   2   3   4   9   3   4   2   7   3   2   2   4  0.13 0.13
  362 Y    0  0  0  0  2  1  0 -3  2  0 -1  0 -2  1 -3  0  0  3  1  0    6   6   6   6   6   6   6   0   6   6   6   6   0   6   0   6   6   6   6   6  0.10 0.12
  363 W   -2 -1  1 -2  1 -1 -1 -1  0 -1 -2 -1  2  2 -2 -2 -1  8  0 -1    4   3   6   3   3   3   4   4   3   4   5   4   5   9   3   3   4  24   3   4  0.78 0.43
  364 L   -1  1 -1 -2 -4  0  0 -1  1  0  2  1  1  0 -1 -1  0 -4 -3 -1    5   8   3   2   0   3   5   4   5   7  25  10   5   3   2   4   4   0   0   3  0.15 0.17
  365 T    0  0  0  0  0  1  1 -1  1 -1  0  0 -1 -1 -1  1  1  0  0 -1    8   5   4   5   2   8   8   4   3   4   9   7   1   3   2  10  11   2   3   3  0.07 0.09
  366 N    0  0  1  0 -3  1  0  0  2  0 -1  0 -1  1 -3  0  0  3  1  0    6   6   6   6   0   6   6   6   6   6   6   6   0   6   0   6   6   6   6   6  0.08 0.09
  367 K   -3  2  0 -2 -5  1  0  3  1 -3 -3  3 -1 -2 -2 -1 -1 -5 -1 -3    0  10   4   1   0   6   5  29   4   2   2  21   2   2   1   3   3   0   3   2  0.52 0.29
  368 V   -1 -1  0 -3 -3  0 -2 -1 -1  1  2 -1  2  1 -2 -1  1  0  1  1    2   3   5   0   0   4   2   5   1   9  21   4   5   5   1   3   8   2   7  13  0.15 0.12
  369 P   -2  1  1 -2 -2  0 -1 -1  1 -1 -1  1  0  1  3 -1  1  0 -1 -1    2   7   7   2   1   5   3   4   5   4   4  11   3   9  14   3   9   2   2   5  0.20 0.14
  370 I    0  0  0  0 -2  0  0  0  0  0  0  0 -1  0  1  1  0  1 -1  0   10   6   4   4   0   2   7   7   3   6  12   3   0   3   5  10   6   2   2   6  0.04 0.04
  371 K   -1  2  0 -1 -4  1  0  0  1 -2 -2  3 -1 -3  1 -1 -1 -1  1 -1    3  13   4   3   0   7   5   8   3   2   4  23   1   0   5   3   3   1   5   5  0.25 0.14
  372 R   -1  4  0 -1 -4  0  0 -1  1 -2 -2  1  0 -2 -1  0  0  0  1  0    4  33   4   3   0   2   5   4   3   2   2   7   2   2   3   6   6   1   5   7  0.33 0.19
  373 P   -1 -2 -3 -3 -4 -3 -2 -3 -3  0  1 -2  0  0  6 -1  0 -4 -3 -1    5   2   0   0   0   0   2   2   0   5  16   2   2   5  44   3   7   0   0   3  0.93 0.28
  374 S   -2 -4 -2 -3 -4  0 -3  0 -4 -4 -4 -3  1 -5 -4  5  3 -6 -5 -4    0   0   0   0   0   3   0   6   0   0   0   0   5   0   0  65  21   0   0   0  1.30 0.48
  375 T   -1 -3  1 -3 -4 -1 -1 -2 -1 -2 -4 -3  0 -4 -2  3  5 -6 -4 -1    3   0   7   0   0   2   3   2   2   2   0   0   2   0   1  23  52   0   0   2  0.95 0.38
  376 G   -3 -5 -3  0 -6 -4 -1  6 -5 -7 -7 -4 -6 -6 -5  0 -4 -6 -6 -6    0   0   0   4   0   0   4  83   0   0   0   0   0   0   0   8   0   0   0   0  1.90 0.50
  377 L   -1 -4 -5 -6 -4 -2 -5 -3 -4  1  3 -4  5  4 -5 -4 -2  2  0 -1    4   0   0   0   0   2   0   2   0   8  31   0  23  21   0   0   2   3   2   2  0.83 0.30
  378 L    0 -1 -1 -4 -1 -1 -3 -3  0  2  1 -2  4  1 -1 -1  1  0  2  0    6   3   2   0   1   1   0   1   2  15  11   2  16   6   2   3  11   1  10   5  0.23 0.15
  379 M    0 -2  1 -3  2  1 -2  0 -2  1  0 -2  2  1 -3  0  1 -2  1  0    8   0   8   0   8   8   0   8   0   8   8   0   8   8   0   8   8   0   8   8  0.12 0.14
  380 Y    0 -4 -4 -5 -3 -3 -4 -4 -3  2  1 -4  1  2 -4 -2  1 -3  3  4    9   0   0   0   0   0   0   0   0  10  12   0   3   7   0   1  10   0  12  34  0.53 0.26
  381 T    0 -3  1 -3 -1 -2 -2 -1 -1  1  0 -3  0  0 -3  3  3 -4 -2  0    5   0   8   0   1   0   1   3   1   9  12   0   1   5   0  25  22   0   1   6  0.33 0.22
  382 L    1 -4 -2 -5 -3 -2 -4 -3 -4  2  3 -3  4  1 -4 -2  0 -3  0  1   13   0   2   0   0   1   0   2   0  11  30   0  17   6   0   2   5   0   2  11  0.47 0.23
  383 A    5 -1 -4 -2 -3 -3 -3  1 -4 -3 -2 -3  1 -2 -3  0 -1 -5 -4 -1   65   3   0   2   0   0   0  11   0   0   4   0   4   2   0   5   2   0   0   3  0.92 0.41
  384 T   -1 -3 -1 -4 -1 -2 -2 -4 -4  2  3 -2  3 -1 -4  0  1  0 -1  0    3   0   3   0   1   1   3   0   0  16  39   1   9   2   0   7  10   1   1   3  0.44 0.23
  385 R    0  0  2 -1 -1  1  2 -2  3 -2 -2 -1  0 -3 -2  1  2 -4 -1 -2    6   4  10   1   1   8  14   2  11   1   4   0   3   0   1  12  19   0   1   1  0.34 0.20
  386 F   -1  0 -3 -4 -3 -2 -3 -4  1  1  2 -1  2  2 -3 -2  0 -2  1  2    5   5   0   0   0   0   0   0   5   6  28   5   6   8   0   0   5   0   5  23  0.28 0.09
  387 C   -3 -5 -5 -6  9 -5 -6 -6 -3 -3 -3 -5 -3  3 -6 -4 -3 -3  4 -3    0   0   0   0  66   0   0   0   0   0   0   0   0  17   0   0   0   0  17   0  2.11 0.34
  388 D   -2  0  0  5 -5  1  3 -1  0 -5 -5  1 -4 -5 -3 -1 -1 -6 -4 -4    2   3   3  41   0   6  24   3   2   0   0   8   0   0   0   3   3   0   0   0  0.88 0.26
  389 E   -2  1  1  2 -5  3  3 -3  3 -4 -3  0 -3 -4 -3 -1 -1  0 -1 -2    2   7   8  12   0  18  28   0   7   0   2   4   0   0   0   3   2   2   2   3  0.57 0.21
  390 I   -1 -4 -4 -5 -3 -4 -4 -5 -5  4  1 -4  1 -2 -1 -2  0 -4 -3  4    3   0   0   0   0   0   0   0   0  25   8   0   3   0   3   3   5   0   0  50  0.78 0.26
  391 H   -2  0  2  1 -2  0 -1 -4  7 -4 -4 -1 -3 -2 -4  1  2  0  1 -3    2   5  10   7   1   2   1   0  39   0   1   2   0   1   0   9  13   2   5   1  0.85 0.30
  392 L   -1 -4 -5 -6 -3 -4 -5 -5 -5  2  4 -4  3 -2 -4 -3 -1 -4 -3  2    6   0   0   0   0   0   0   0   0   8  56   0  10   0   0   0   3   0   0  17  0.86 0.28
  393 Y   -2 -4 -4 -6 -5 -4 -5 -6 -1 -3 -2 -4 -3  4 -5 -1 -2 -1  8 -4    2   0   0   0   0   0   0   0   0   0   2   0   0  15   0   5   2   0  73   0  1.96 0.43
  394 G   -2 -4 -2  0 -6 -4  0  6 -4 -7 -6 -4 -5 -6 -5 -3 -4 -6 -6 -6    0   0   0   5   0   0   7  88   0   0   0   0   0   0   0   0   0   0   0   0  1.87 0.39
  395 F   -3 -5 -5 -6 -1 -5 -5 -5 -3 -1 -1 -5  1  8 -5 -4 -4 -2  3 -2    1   0   0   0   1   0   0   0   0   1   3   0   3  80   0   0   0   0   7   2  1.86 0.41
  396 W   -3 -4 -4 -3 -4 -2 -3  0 -3 -1 -1 -2 -1  1 -5 -4 -4  9  4  0    0   0   0   1   0   1   2   8   0   4   4   3   2   5   0   0   0  47  15   6  1.55 0.32
  397 P   -1 -3 -3 -2 -4 -3 -3 -3 -3 -4 -4 -3 -4 -4  7 -1 -1 -4  1 -4    5   0   0   2   0   0   0   2   0   0   1   0   0   0  74   4   3   0   6   0  2.01 0.37
  398 F   -2 -3 -1 -3 -2 -3 -4 -4  1 -1 -1 -3 -1  6 -2  0 -3  1  3 -2    2   1   4   1   1   0   0   0   3   2   2   0   2  55   2  10   0   2  10   0  0.95 0.28
  399 P   -1 -1  1  1  0  0  0  0  0 -2 -1 -1  0 -2  3  1  1 -4 -2 -1    2   3   5  10   3   4   7   8   2   0   8   3   2   1  18  11   8   0   1   3  0.26 0.09
  400 K    0  2  0 -2 -3  0  0 -3  0  0 -1  1  1  0 -2  0  1  0  1  0    6  13   4   0   0   3   6   1   3   7   4  12   6   4   0   4  12   1   6   7  0.13 0.09
  401 D   -2 -1  2  5 -4  0  0  0  1 -4 -4 -1 -4 -3 -1  0  0 -4 -2 -4    2   2   9  45   0   5   4   8   3   0   1   3   0   1   2   6   7   0   1   1  0.74 0.25
  402 L    1  0 -1 -2 -2  0  0 -2  0 -1  1  0  0 -1  3  0  1 -1  1 -1   12   6   3   1   1   3   6   2   2   2  14   6   3   2  13   6   8   1   6   3  0.15 0.10
  403 N   -2  1  4  2 -4  1  2 -2  3 -4 -3  1 -3 -3 -3  0  0  0  0 -4    3   6  24  11   0   6  12   3   7   1   2   6   0   1   0   8   5   1   3   0  0.46 0.22
  404 G   -1 -2  1 -1 -4 -1 -1  4  1 -4 -1 -1 -1 -2 -2  1 -1 -4 -1 -4    3   1   8   4   0   3   4  44   3   0   6   4   2   2   2  10   3   0   2   0  0.58 0.25
  405 K   -2  3  3 -1  2  1  0 -2  0 -2 -2  2 -1 -2 -2  0  0 -4 -2 -3    2  23  16   3   5   7   4   2   2   2   4  13   2   2   1   6   5   0   1   1  0.41 0.22
  406 A    1 -1  0  0 -3  0  0 -1  2 -2 -1  0 -2 -1  3  1  1  1  0 -2   11   3   4   4   0   3   6   4   7   2   6   6   0   2  14  10  10   2   4   2  0.20 0.11
  407 V   -2 -3 -2 -4 -3 -3 -4 -5 -2  3  3 -4  0 -1 -3 -3 -2 -3  1  3    2   1   2   1   0   1   1   1   1  20  27   0   1   2   1   1   1   0   7  30  0.62 0.26
  408 K   -2  0  0 -2 -4  1 -2 -2  2 -4 -1  0 -1 -2  5  1  1  2  0 -3    2   6   3   1   0   7   1   2   5   0   5   6   1   2  30  10  11   4   3   1  0.61 0.26
  409 Y   -3 -2  1 -2  0  0 -1 -5  6 -2 -3 -4  2  1 -2 -3 -4 -1  7 -4    1   1   7   3   2   4   3   0  20   2   1   0   5   4   2   2   0   1  41   0  1.23 0.45
  410 H   -6 -1 -4 -1 -8 -3 -3 -7 10 -7 -4 -5 -2 -5 -6 -4 -6 -6  0 -7    0   2   0   3   0   0   1   0  87   0   1   0   1   0   0   1   0   0   3   0  3.34 0.95
  411 Y   -6 -7 -2 -8 -7 -6 -7 -8 -2 -6 -6 -7 -6  0 -8 -6 -6 -2  9 -6    0   0   2   0   0   0   0   0   0   0   0   0   0   2   0   0   0   0  96   0  3.54 0.99
  412 Y   -4 -5 -5 -4 -6 -5 -6 -6  1 -5 -4 -5 -4  5 -6 -1 -1  4  8 -5    1   0   0   1   0   0   0   0   2   0   0   0   0  22   0   6   4   5  58   0  2.05 0.64
  413 D   -4 -4  0  6 -6 -1  3  0 -1 -6 -4 -2 -3 -5 -1 -1 -2 -6 -1 -5    0   0   3  51   0   2  23   6   2   0   1   1   1   0   2   3   2   0   2   0  1.23 0.45
  414 D   -2  0  4  4 -5  0  1  0  1 -4 -4  1 -4 -3 -1  0 -1 -5 -4 -4    1   5  24  24   0   4   7   6   3   1   1   9   0   1   3   6   2   0   0   0  0.61 0.27
  415 L    0  0  0 -1 -3  0 -1 -1  1  1  1  1  1  0 -1  0  0  0 -1  1    5   4   6   3   0   2   3   5   4   6  14  10   4   3   3   6   3   1   2  14  0.03 0.05
  416 K    0  1  0  0 -4  1  0  0  0 -2 -2  3 -1 -3  3  1  0 -1  0 -2    5   7   3   6   0   6   3   6   2   1   3  21   2   0  13   9   5   1   5   3  0.27 0.15
  417 Y    0 -2 -1  0 -1 -1 -1 -2  2  0 -1  0  0  1  2 -1  0  5  3 -1    6   1   3   7   1   1   2   2   6   5   5   5   2   7  11   5   5   9  13   4  0.25 0.12
  418 R    0  2  0  0 -3  1  1  0  1 -2 -2  2 -2 -3  2  1  0 -3 -2 -2    9  12   5   4   0   4   7   6   5   2   3  17   1   1   9  10   3   0   1   1  0.25 0.12
  419 Y    0 -1 -1  0 -3  0  0  0  2  0 -1 -1 -2  1  2  0  1  1  2 -1    7   3   3   5   0   3   4   7   6   7   7   4   0   6   9   6  11   2   7   4  0.09 0.11
  420 F   -1 -1 -1 -1  0 -1 -1  0  1  0  0 -1  1  3 -1 -1  0  2  2  0    3   2   3   3   2   3   3   7   4   6  10   3   4  18   3   5   5   3   7   5  0.13 0.14
  421 S   -1  0  1  0 -3  0  0  1  1 -1 -1  0  0  0  0  1  1 -3  0 -1    4   6   6   5   0   4   4  11   4   4   5   7   2   6   5  11   9   0   3   5  0.08 0.09
  422 N   -1  1  3  0 -3  0  0 -2  0 -2 -1  2  0  1  0  0  0 -1  0 -1    5   6  17   4   0   4   6   2   2   1   4  16   2   7   4   5   5   1   3   4  0.21 0.16
  423 A    0  0  0  0 -2  0 -1  0 -1 -1 -1  1 -2  0  1  1  2 -3 -1 -1    9   4   5   4   1   4   3   9   1   3   5   9   0   5   7   9  14   0   2   5  0.11 0.10
  424 S   -1  1  1 -1 -1 -2  0  2  1 -2 -3  2 -3 -2  0  2  0  0 -3 -2    5   8   7   3   1   1   6  20   3   2   1  13   0   1   4  15   6   1   1   3  0.27 0.18
  425 P    0  0  0  0 -2 -1 -1 -1  0  0 -1  0  0  1  2  0  0  1  0  1    9   5   4   4   0   2   4   3   3   6   4   6   2   8  11   5   4   2   4  15  0.09 0.07
  426 H   -7 -6 -2 -3 -9 -1 -3 -8 10 -9 -8 -6 -7 -2 -8 -6 -7 -7  1 -9    0   0   1   1   0   2   1   0  88   0   0   0   0   2   0   0   0   0   5   0  3.78 1.32
  427 R    1  1  4  4 -5  0 -1 -2  1 -4 -5  1 -5 -5 -2  1 -1 -6 -2 -4   12   7  19  22   0   4   3   2   3   1   0  10   0   0   2   9   4   0   1   1  0.59 0.35
  428 M   -2 -6 -6 -7 -6 -5 -6 -2 -6  0  2 -6  8  2 -7 -4 -2  2  2 -2    3   0   0   0   0   0   0   3   0   4  14   0  50  10   0   1   2   3   7   1  1.67 0.74
  429 P   -2 -2  1  2 -6 -1 -2 -1 -4 -2 -3 -1 -5 -6  5  1  0 -7 -3 -2    3   2   8  14   0   3   1   4   0   2   3   3   0   0  37  10   6   0   1   3  0.87 0.46
  430 L    0  0  0  0 -2  0  2 -2 -1 -1  0  1  1  1 -3  1  1  0 -1 -1    8   5   4   4   1   3  15   2   1   4   7  10   5   6   0   9   8   2   2   3  0.13 0.13
  431 E   -6 -6 -6 -4-10 -3  8 -8 -5 -9 -9 -5 -8 -9 -7 -6 -6 -9 -8 -8    0   0   0   0   0   0 100   0   0   0   0   0   0   0   0   0   0   0   0   0  3.19 1.26
  432 F   -3 -7 -2 -7 -1 -6 -7 -5  0 -1 -2 -7  1  8 -7 -4 -6 -4  4 -5    2   0   2   0   2   0   0   1   2   4   2   0   3  63   0   1   0   0  17   0  2.11 0.82
  433 K    0  2  1  1 -4  2  1 -3  0 -2 -2  2  1 -1 -3  1  0 -4 -1 -1    7  10   6   7   0   9  11   1   2   2   4  13   4   3   0   9   5   0   3   4  0.23 0.18
  434 T   -2  0  0 -4 -4  1 -3 -5  1  2  3  0  1  1 -4 -3  0 -1  0  1    3   4   5   0   0   6   1   0   3  12  28   6   4   7   0   1   7   1   3   8  0.33 0.24
  435 L   -5 -6 -1 -7 -2 -5 -6 -7  0  2  5 -6  1  2 -6 -6 -3  4  1 -2    0   0   3   0   1   0   0   0   2  10  58   0   3   8   0   0   1   5   6   2  1.21 0.55
  436 N   -1  2 -1 -1 -5  2  0 -5  0 -2  2  1 -2 -2 -4 -2  0  2  0  0    4  14   2   3   0  11   7   0   2   1  23  11   0   1   0   1   6   3   3   9  0.30 0.25
  437 V   -2  2 -1  0 -5  3  2 -2  1 -2 -3  3  0 -2 -4  0 -1 -5 -1 -3    3  13   2   6   0  15  16   2   3   2   2  17   3   2   0   7   2   0   2   2  0.46 0.30
  438 L   -6 -2 -7 -8 -6 -6 -7 -8 -2 -3  6 -3  4  1 -7 -6 -5  1 -2 -3    0   2   0   0   0   0   0   0   1   0  75   2  12   6   0   0   0   2   1   0  1.76 0.74
  439 H   -1 -5 -2 -1 -8 -1 -2 -3 10 -8 -7 -3  0 -6 -3 -4 -6 -7  1 -5    5   0   2   3   0   3   2   3  73   0   0   1   2   0   1   1   0   0   5   1  2.71 1.02
  440 N    0  3  2  1 -1  1  1 -2  0 -3 -3  3  0 -2 -4  1  0 -5 -2 -3    6  14   9   7   2   5   8   2   2   1   1  22   3   1   0  11   5   0   1   1  0.41 0.27
  441 R   -1  3  0  1 -3  3  1 -4  1 -2 -1  3 -1 -5 -4 -1 -1 -6 -3 -4    5  20   5   9   1  17   7   0   3   2   7  16   1   0   0   4   3   0   1   0  0.54 0.34
  442 G   -2 -2 -1 -3 -8 -3 -3  7 -2 -8 -8 -2 -7 -5 -7 -2 -6 -8 -8 -8    2   3   2   2   0   1   2  83   1   0   0   2   0   1   0   2   0   0   0   0  2.12 0.82
  443 A    1 -5 -4 -3 -4 -3 -4 -2 -5  4  1  0 -2 -2 -5 -3  0 -6 -4  4   12   0   1   1   0   1   1   2   0  22  11   5   0   1   0   1   4   0   0  37  0.74 0.41
  444 L   -3 -6 -7 -7 -5 -6 -7 -7 -6  4  4 -6  1 -1 -6 -6 -2 -6 -2  2    1   0   0   0   0   0   0   0   0  27  50   0   3   2   0   0   2   0   1  14  1.30 0.54
  445 K   -4  5  1 -2 -7  1  0 -2  2 -6 -6  5 -5 -4 -5 -2  0 -1 -5 -4    0  31   6   2   0   5   5   3   4   0   0  34   0   1   0   2   6   1   0   1  1.06 0.51
  446 L   -4 -6 -6 -7 -5 -5 -6 -7  1  2  5 -6  4  0 -6 -6 -5  1 -2  1    1   0   0   0   0   0   0   0   4  11  61   0  11   3   0   0   0   2   1   7  1.33 0.55
  447 T   -4 -1 -1 -5 -6  3 -3 -6  7 -1 -4 -2 -2  0 -5 -3  1 -5  2  2    0   3   3   0   0  12   0   0  37   3   1   1   1   4   0   1  10   0   6  18  1.13 0.53
  448 T   -2  0 -2 -3 -4 -4 -4 -5 -3  3  2 -2  0 -1 -5 -1  4 -5 -2  2    2   6   1   1   0   0   0   0   1  16  18   2   2   2   0   2  31   0   1  15  0.59 0.34
  449 G   -2 -1 -1  3 -6 -1  1  5 -1 -7 -6 -2 -6 -6 -5  1 -3 -6 -6 -5    2   3   2  17   0   2   8  53   1   0   0   1   0   0   0   9   1   0   0   1  1.13 0.47
  450 K    0  2  1 -1 -5  1  0 -4  1 -5 -5  4 -2 -5  2 -1  0 -6 -3 -3    6  12   7   3   0   5   6   0   3   0   0  35   1   0  12   3   5   0   1   1  0.71 0.36
  451 C   -3 -8 -8 -9 11 -8 -9 -8 -8 -2 -6 -8 -6 -7 -8 -6 -6 -7 -3 -5    1   0   0   0  95   0   0   0   0   2   0   0   0   0   0   0   0   0   1   0  4.14 1.08
  452 M   -2 -2 -2  0 -3  3  1  0 -2  1  0  0  1 -2  0 -2  1 -4 -3  1    0   0   0   7   0  20   7   8   0  10  10   4   3   1   3   0  11   0   0  16  0.19 0.13
  453 K   -1  2  1 -2 -4  3  1 -3 -1 -4 -4  4 -2 -4  1  0 -2 -5 -3 -3    4  11   5   0   0  16   7   0   0   0   0  45   0   0   7   5   0   0   0   0  0.74 0.17
  454 Q   -2  0 -1 -1 -4  6  3 -3  0 -4 -3  0 -1 -4 -2 -1 -2 -3 -3 -3    0   0   0   0   0  75  25   0   0   0   0   0   0   0   0   0   0   0   0   0  1.23 0.14

                      K         Lambda
Standard Ungapped    0.1790     0.3467
Standard Gapped      0.1100     0.3190
PSI Ungapped         0.1790     0.3467
PSI Gapped           0.1100     0.3190
