
Last position-specific scoring matrix computed, weighted observed percentages rounded down, information per position, and relative weight of gapless real matches to pseudocounts
           A  R  N  D  C  Q  E  G  H  I  L  K  M  F  P  S  T  W  Y  V   A   R   N   D   C   Q   E   G   H   I   L   K   M   F   P   S   T   W   Y   V
    1 M   -1 -2 -3 -4 -2  0 -3 -4 -3  1  2 -2  7  0 -3 -2 -1 -2 -2  0    0   0   0   0   0   0   0   0   0   0   0   0 100   0   0   0   0   0   0   0  0.71 0.04
    2 K   -2  0 -2 -3 -3 -1 -1 -3 -2  2  0  3  0  3 -3 -2 -1 -2  0  0    0   0   0   0   0   0   0   0   0  28   0  43   0  28   0   0   0   0   0   0  0.28 0.01
    3 F   -3 -4 -4 -4 -3 -4 -4 -4 -2 -1  0 -4  0  7 -4 -3 -2  0  3 -1    0   0   0   0   0   0   0   0   0   0   0   0   0 100   0   0   0   0   0   0  1.05 0.03
    4 S    2  0 -1 -2 -2  0 -1 -1 -1 -2  0  2 -1 -2 -1  2  0 -3 -2 -1   28   0   0   0   0   0   0   0   0   0  13  28   0   0   0  31   0   0   0   0  0.31 0.01
    5 L   -2 -3 -4 -4 -2 -2 -3 -4 -3  1  4 -3  4  0 -3 -3 -1 -2 -2  0    0   0   0   0   0   0   0   0   0   0  72   0  28   0   0   0   0   0   0   0  0.60 0.02
    6 A    2 -1  3 -1 -2 -1 -1 -1 -1 -1 -2 -1 -1 -3 -2  2  0 -4 -2  0   35   0  26   0   0   0   0   0   0   0   0   0   0   0   0  26   0   0   0  14  0.36 0.01
    7 I   -2 -3 -4 -4 -2 -3 -4 -5 -3  4  1 -3  1  3 -4 -3 -1 -2  0  2    0   0   0   0   0   0   0   0   0  64   0   0   0  26   0   0   0   0   0  10  0.49 0.02
    8 S   -1 -2 -1  3 -2 -2 -1 -2 -2  0  2 -2  0  2 -3  1 -1 -3 -1 -1    0   0   0  26   0   0   0   0   0   0  36   0   0  14   0  25   0   0   0   0  0.24 0.01
    9 F   -2 -3 -4 -4 -2 -3 -4 -4 -2  2  1 -3  2  6 -4 -3 -2 -1  2  0    0   0   0   0   0   0   0   0   0  22   0   0  11  67   0   0   0   0   0   0  0.70 0.04
   10 F   -2 -3 -3 -4 -3 -3 -4 -4  0  0  2 -3  0  4 -4 -3 -2  0  5 -1    0   0   0   0   0   0   0   0   0   0  33   0   0  29   0   0   0   0  38   0  0.68 0.03
   11 I   -1 -3 -3 -4 -2 -2 -3 -4 -3  3  2 -3  1 -1 -3  0 -1 -3 -2  2    0   0   0   0   0   0   0   0   0  42  27   0   0   0   0  16   0   0   0  16  0.36 0.03
   12 L   -1 -3 -3 -3 -2 -2 -3  2 -3  2  3 -3  1 -1 -3 -1 -1 -3 -2  1    0   0   0   0   0   0   0  18   0   9  50   0   0   0   0   7   0   0   0  16  0.31 0.03
   13 M    1 -3 -3 -4 -2 -2 -3 -3 -3  2  2 -3  3  3 -3 -2 -1 -2  0  1   18   0   0   0   0   0   0   0   0  24  16   0  16  25   0   0   0   0   0   0  0.32 0.03
   14 S    0 -2 -1 -2  3 -1 -2 -2 -2  1  1 -2  0 -2 -2  4  0 -3 -2  0    0   0   0   0   9   0   0   0   0  16  16   0   0   0   0  59   0   0   0   0  0.35 0.05
   15 L   -2 -3 -4 -5 -2 -3 -4 -4 -4  2  4 -3  1  0 -3 -3 -1 -3 -2  3    0   0   0   0   0   0   0   0   0   0  66   0   0   0   0   0   0   0   0  34  0.58 0.05
   16 L   -2 -3 -4 -5  2 -3 -4 -4 -3  2  3 -3  1  3 -4 -3 -2  4  0  0    0   0   0   0   7   0   0   0   0  16  52   0   0  16   0   0   0   9   0   0  0.50 0.04
   17 F   -1 -2 -2 -2 -2 -2 -2 -2 -1  0  0 -2  1  4 -2  1 -1  0  3  1    1   1   1   1   0   1   1   1   0   1   1   1   8  28   1  16   1   0  15  22  0.25 0.03
   18 E   -1 -1 -2 -1 -4  2  3  1 -1  0 -2 -1 -1  2  3 -1 -2 -3 -1 -1    0   0   0   0   0  16  27  14   0  13   0   0   0  14  15   0   0   0   0   0  0.35 0.04
   19 D   -2 -2  2  4 -4  1  1  0 -1 -3 -1 -1 -2 -1 -3  1 -1 -2  2 -3    0   0  14  32   0  11   4   6   0   0  12   0   0   0   0  10   0   0  12   0  0.37 0.06
   20 A    2 -2 -1 -2 -2 -1  1  0 -2 -1 -1 -1  2 -2 -2  2  1 -3 -3  1   24   0   0   0   0   0  10   6   0   0   0   0  11   0   0  22  11   0   0  16  0.25 0.05
   21 C   -1 -3 -2 -3  3 -2 -3  0 -2  1  1 -2  0  2 -3  2 -1 -2  1  1    0   0   0   0  10   0   0  10   0  11  12   0   0  17   0  25   0   0   4  11  0.17 0.05
   22 A    2 -2 -1 -2  3 -1 -2  1  2 -1 -2 -2 -1 -3 -2  2  1 -4 -2  1   19   0   0   0  10   0   0  10  10   0   0   0   0   0   0  24   5   0   0  21  0.26 0.06
   23 K   -1  2 -1 -1 -3  2  1 -3 -1 -2  0  3 -1 -3 -2  1  2 -4 -3 -2    0   9   0   0   0  11   9   0   0   0  17  25   0   0   0   9  20   0   0   0  0.33 0.07
   24 E   -2  1  3  0 -4  3  3 -3  3 -4 -4  0 -2 -2 -2  0 -1 -3  1 -3    0   8  19   0   0  17  30   0   9   0   0   0   0   0   0   8   0   0   8   0  0.58 0.11
   25 K   -1  3  1 -1 -4  0 -1  0  3 -4 -3  3 -2 -3 -2  2  1 -4 -2 -3    0  24   8   0   0   0   0   9  10   0   0  22   0   0   0  19   8   0   0   0  0.47 0.09
   26 S    0  1 -1 -1 -3  2  1  0 -1 -3 -3  0 -2  1 -2  3  2 -3 -2 -2    0   9   0   0   0  14  10   8   0   0   0   0   0   8   0  32  19   0   0   0  0.38 0.09
   27 S    1  2 -1 -2 -3 -1  1 -2 -2 -4 -4 -1 -3 -4 -2  4  0 -4 -3 -3   12  16   0   0   0   0   8   0   0   0   0   0   0   0   0  64   0   0   0   0  0.74 0.17
   28 K   -1  3  2  1 -3  0  1 -2 -1  0 -2  2  1 -3 -2  1 -1 -4 -3 -2    0  23  16   8   0   0   7   0   0   8   0  14   8   0   0  15   0   0   0   0  0.37 0.09
   29 K    0  1  2  1 -3  0  2 -2 -1 -1 -1  2 -1  0 -2 -1 -1 -4 -2 -2    8   9  18   8   0   0  14   0   0   6   7  22   0   8   0   0   0   0   0   0  0.26 0.07
   30 G   -1 -2  1 -1 -3  1  1  3 -2 -1 -3 -1 -2  0 -3  2 -1 -4 -2 -1    0   0   7   0   0   9   9  36   0   6   0   0   0   7   0  21   0   0   0   6  0.37 0.10
   31 K   -1  2 -1  0 -3  0 -1  0  2 -3 -3  3 -2  0  1  1  1 -3  1 -3    0  11   0   6   0   0   0   9   6   0   0  26   0   7   6  15   9   0   6   0  0.29 0.08
   32 G    1 -2 -1  1 -3 -1  2  3 -2  1 -2 -1 -2 -3 -2  1 -1 -4 -3  0   11   0   0   7   0   0  18  30   0  13   0   4   0   0   0   9   0   0   0   7  0.31 0.08
   33 K    0  0  2  1 -4  2  1  0 -1 -1 -3  4 -2 -4 -2 -1 -1 -4 -3 -2   11   0  16   5   0  12   5   7   0   6   0  38   0   0   0   0   0   0   0   0  0.45 0.12
   34 K    1  1  3 -1 -3  0 -1 -1 -1 -3 -3  3 -2 -4  1  1  1 -4 -3 -3   12   8  19   0   0   0   0   3   0   0   0  26   0   0   6  13  11   0   0   0  0.44 0.11
   35 K   -2  1 -1  2 -4  3  1  0  2 -4 -4  4 -2 -4 -2 -1  0 -4 -3 -3    0   5   0  11   0  15   7   6   5   0   0  45   0   0   0   0   7   0   0   0  0.63 0.15
   36 Q   -1 -1  1 -1 -3  2  2 -3 -1  1 -2  2 -1  1 -2 -1  3 -3 -2 -1    0   0   6   0   0  13  17   0   0  13   1  13   0   7   0   0  26   0   0   0  0.32 0.13
   37 Y   -1 -2 -2  0 -3  0 -2 -3 -1  0 -2 -2 -1  3  2  2 -1  2  3  1    0   0   0   5   0   5   0   0   0   4   0   0   0  16  11  24   0   3  14  16  0.32 0.14
   38 L   -2  0  1  0 -2 -2 -2 -3 -2  2  2 -2  1  0  0 -1  0 -3  0  1    0   5   8   7   0   0   0   0   0  16  24   0   5   4   5   4   5   0   3  13  0.17 0.09
   39 C    0 -1  2  0  7  0 -2  0 -3  0 -1 -2 -2  0 -3 -1  0 -4 -3 -1    6   4  12   5  34   4   0   8   0   6   7   0   0   4   0   3   5   0   0   3  0.46 0.18
   40 P   -1  0 -1  0 -4 -2  1 -1 -1 -2 -4 -1 -3 -1  6 -1 -1 -5 -4 -2    4   4   3   6   0   0  12   4   2   3   0   2   0   3  48   3   2   0   0   3  1.05 0.29
   41 S    1  0  0  0 -3  0  0 -1 -2 -1 -3 -2 -1 -4  0  3  2 -5 -3 -1   14   5   4   3   0   3   4   3   0   4   0   0   2   0   5  33  17   0   0   3  0.40 0.21
   42 Q    0  1  0  0 -4  3  2 -2  1 -2  0  2 -2 -3 -3  1 -1 -4 -3 -1    8   6   3   3   0  17  12   2   3   0  13  14   0   0   0  15   0   0   0   4  0.30 0.18
   43 Q    0  1  0  0 -4  3  1 -1 -2 -1  0  2  1 -3 -1  0  0 -4 -3 -2    5   9   4   3   0  17  11   4   0   5  11  13   4   0   2   9   4   0   0   0  0.24 0.14
   44 S    1  1  0 -1  1  0  1  1 -2 -4 -4 -1 -1 -2 -3  4  1 -5 -4 -3   10   9   3   2   3   2   8   9   0   0   0   2   1   2   0  37  10   0   0   0  0.46 0.25
   45 P   -1  0 -1  0 -5  0  0 -4  0 -2 -1  1 -3 -5  5  1  0 -6 -4 -3    2   4   2   4   0   4   5   0   2   3   5  11   0   0  38  13   5   0   0   1  0.83 0.31
   46 E    0  0  0  2 -4  0  3 -3  1 -3 -1  2 -2 -3 -1 -1  0 -4  0 -1    8   4   3  13   0   3  24   0   4   0   6  15   0   0   2   3   5   0   4   6  0.32 0.18
   47 D   -1 -1  1  6 -5  0  2 -1 -1 -5 -5 -1  0 -5 -1  0 -3 -6 -2 -5    5   3   6  50   0   2  13   4   1   0   0   3   4   0   2   5   0   0   1   0  0.95 0.37
   48 L   -1  0  1  0 -3 -1  0 -2 -2  2  1  0  2 -2 -1 -1 -1 -3 -1  1    5   5   8   4   0   2   8   3   0  15  19   4   8   0   3   3   2   0   2   8  0.12 0.11
   49 A    3 -1 -1  0  0 -1 -2  0  0 -1 -3 -2 -3 -4  0  3  1 -5 -2 -2   31   4   2   6   3   3   0   7   2   4   1   1   0   0   3  22   9   0   1   1  0.39 0.24
   50 R   -1  3  0  2  0  1 -1 -1  1 -2 -3  3 -3 -4 -1  1 -1 -4 -3 -3    5  19   5  11   2   8   2   5   3   3   1  20   0   0   3  10   2   0   0   0  0.38 0.20
   51 V   -1  1  0 -1 -3  0 -1 -2 -1  2  0  1  1 -1 -2  0  1 -1 -3  2    4   9   4   2   0   5   3   2   1  15   8   8   4   1   1   7   9   1   0  17  0.13 0.11
   52 P   -1  1  0 -2 -5 -1  1 -4 -3 -4 -3 -2 -2 -3  6  0 -3  1  0 -1    4   9   5   2   0   3   8   0   0   0   2   2   1   1  43   8   0   3   4   6  0.94 0.37
   53 P    0 -2 -2 -1  2  0  0 -1 -3 -1 -1 -1  0 -1  5  1 -1 -4 -2 -1    9   2   1   2   5   4   5   6   0   4   5   3   2   3  30  10   2   0   1   5  0.48 0.22
   54 N    0 -1  3  0 -3 -1  1  0  1 -3  0  0  0 -2 -1  1  1 -4 -2 -2    7   3  20   5   0   0   8   6   3   0  11   4   3   1   2  12  12   0   1   2  0.23 0.18
   55 S   -1 -1  3 -1 -4 -1  0 -2 -2 -2 -2  1 -1 -4 -2  3  2 -5 -4 -1    4   2  17   2   0   2   5   1   1   2   3   7   2   0   2  31  15   0   0   5  0.50 0.34
   56 T   -1  0  0  1 -4  0  0 -3 -2  1 -1 -1  0 -1  0  1  3 -5 -2  0    2   5   4   7   0   4   7   1   1   8   6   2   2   3   5   9  26   0   1   8  0.24 0.21
   57 S    0 -2 -1 -2 -4 -1  1 -2  0 -3 -2 -1 -1 -5  0  4  3 -5  0 -4    8   2   1   1   0   3   8   3   2   1   3   3   1   0   4  33  23   0   3   0  0.59 0.42
   58 N    0  1  3  3 -5  2  2 -3  0 -3 -3  1 -2 -2 -4  0 -1  0 -2 -4    6   8  17  17   0   9  15   1   3   1   3   6   1   1   0   6   3   1   1   0  0.46 0.30
   59 I   -4 -6 -6 -7 -5 -4 -6 -5 -6  5  2 -4  0  1 -2 -4 -1 -5 -2  2    1   0   0   0   0   1   0   1   0  44  23   1   2   6   2   1   4   0   1  13  1.09 0.52
   60 L   -3 -3 -7 -7 -5 -3 -6 -7 -6  3  5 -2  2  0 -3 -4 -4 -1  0  1    2   1   0   0   0   1   0   0   0  16  57   2   4   3   1   1   0   1   3   8  1.10 0.54
   61 N   -2 -1  3  4 -6  1  2 -1  1 -6 -5  1 -1 -3  0  0  0 -6 -2 -5    2   3  17  23   0   7  12   5   4   0   1   8   2   1   4   6   4   0   1   0  0.60 0.37
   62 R   -1  3  2  0 -5  0  1 -2  1 -3 -3  2 -2 -2 -2  0  1 -1 -1 -3    5  20  11   4   0   4   9   2   4   2   2  13   1   2   1   7   8   1   2   1  0.37 0.26
   63 L   -5 -3 -1 -3 -5 -5 -6 -4 -6  3  5 -3  2 -1 -2 -3 -3 -5 -3  0    0   1   4   1   0   0   0   1   0  17  57   2   4   2   3   2   1   0   1   5  1.05 0.53
   64 L   -3 -1 -6 -7 -5 -1 -4 -5 -6  0  4 -3  4  2 -2 -3 -1 -5 -4 -1    1   4   0   0   0   3   1   1   0   5  52   2  13   8   2   2   3   0   0   3  0.98 0.52
   65 V    0  1  1  0 -2  1  1 -2 -1 -1 -2  1 -1 -3 -2  1  1 -2 -3  0    5   9   7   5   1   8  10   2   1   3   4  11   2   1   2  11   8   0   1  10  0.17 0.16
   66 S   -2  0  3  1 -1  0  0  2  0 -3 -4  0 -4 -4  0  1  0 -6 -2 -2    2   4  19   8   2   5   5  19   2   1   1   6   0   1   5  11   5   0   2   3  0.39 0.28
   67 Y   -3 -7 -7 -8 -8 -2 -7 -9  2 -7 -6 -2 -1  0 -8 -2 -7 -3  9 -7    2   0   0   0   0   2   0   0   5   0   0   3   2   3   0   3   0   0  81   0  3.01 1.20
   68 D   -4 -1  4  7 -7 -2 -1 -5 -1 -4 -5 -1 -6 -7 -4 -3 -2 -8 -7 -4    1   3  17  62   0   1   3   0   1   1   1   3   0   0   1   2   2   0   0   2  1.71 0.83
   69 P   -1  3  1 -3 -4 -1 -1 -2  1 -3 -3  4 -1 -1  2  0 -1  1 -1 -3    5  14   7   0   0   2   2   2   3   2   2  26   2   3  11   9   3   2   2   2  0.47 0.32
   70 R   -1  5  1 -2 -5 -1 -1 -3  2 -3 -2  1  0 -1 -1  0  0 -1  1 -4    4  36   8   2   0   2   4   1   4   1   4   6   2   3   3   6   7   1   6   0  0.58 0.39
   71 I   -1  0 -2 -2 -3  0 -1 -3 -3  3  2 -1  0 -1 -1 -2  0  1 -2  2    5   5   2   1   0   5   5   1   0  18  18   3   2   3   2   3   6   2   1  19  0.24 0.20
   72 R   -1  6 -5 -2 -2 -1 -1 -6  0 -3 -1 -1 -2 -3  2 -3 -2  0 -2 -3    5  57   0   3   1   2   3   0   2   2   5   2   1   1   9   2   2   1   1   2  1.24 0.68
   73 P   -3 -7 -2 -2 -8 -2 -3 -8  1 -3 -8 -6 -7 -2  8 -3 -2 -9 -8 -7    2   0   2   2   0   2   2   0   3   2   0   0   0   2  78   2   3   0   0   0  2.53 1.13
   74 N   -1 -1  4  1 -5 -1 -1  0  2 -2 -3  1  0  0 -1  0  1 -5  0 -1    4   3  26   6   0   2   3   6   5   2   2  10   2   5   3   6   9   0   3   4  0.37 0.31
   75 F   -1 -2  0  0 -1 -1  0  0  1  0 -1 -2  1  4 -1 -1 -1  1  4 -1    5   2   4   5   2   2   5   6   3   6   5   3   4  18   3   3   4   2  15   4  0.24 0.20
   76 K   -1  0  1  0 -4  0  0  2  1 -1 -2  1  0 -1  0  0  1 -4  0 -1    4   5   7   6   0   4   7  17   3   3   4  11   3   3   3   5   9   0   3   3  0.14 0.13
   77 G    0  1  1  1 -3  1  1  0  2  0 -1  0 -1 -3  1  0  0 -3 -2  0    7   7   7   7   0   7   7   7   6   7   7   7   0   0   7   7   7   0   0   7  0.11 0.08
   78 I    0  0 -1  0 -1  0  1  0 -1  0 -1  0 -1 -1  2  1  0 -4 -1  0    5   4   2   6   2   4  10   8   1   6   8   7   1   2  12  10   6   0   2   5  0.12 0.09
   79 P    0 -3  1 -3  0 -1 -2 -4 -2 -4 -4 -2 -3 -5  7  0 -1 -3 -5 -2    8   1   6   1   2   2   2   1   1   1   1   2   1   0  56   7   4   0   0   2  1.44 0.66
   80 V    0 -4 -5 -4 -1 -1 -4 -5 -5  1  0 -4 -1 -4 -5 -1  3  1 -5  5    7   1   0   1   1   2   1   0   0   5   9   0   1   0   0   4  19   2   0  46  0.88 0.51
   81 D   -2  0  2  1 -3  0  1 -3  1  1 -1  0 -1 -2  0  0  1 -4  0  0    2   5  10   8   0   4  12   1   4   9   5   7   1   1   4   6   8   0   4   9  0.14 0.14
   82 V   -2 -5 -4 -4  0 -5 -5 -6 -6  2 -1 -4 -1 -4 -2 -2 -3  1 -5  6    2   0   1   1   2   0   0   0   0  11   3   1   1   0   2   3   1   2   0  69  1.49 0.68
   83 V    0  0  1  0 -3  0  0  0  1 -1 -2  1 -1 -1 -1  1  1 -1  1 -1    5   6   7   4   0   4   6   7   4   4   3   9   2   2   3  12  12   1   7   4  0.11 0.11
   84 V   -1 -4 -4 -4  2 -4 -4 -3 -4  2  0 -4  2  1 -4 -1  2  0 -2  4    5   0   0   1   4   0   0   2   0  11   8   0   5   5   0   4  12   2   1  38  0.60 0.36
   85 N   -1 -2  4  2  0  1  1  0  0 -4 -4 -1 -2 -3 -4  2  0 -2 -1 -4    5   2  21  12   2   5   8   8   2   0   1   2   1   1   0  20   5   1   2   1  0.47 0.32
   86 I   -1 -4 -2 -5 -4 -4 -5 -4 -4  4  2 -4  5  0 -5 -2 -1 -4 -1  2    5   0   2   0   0   0   0   1   0  27  20   0  18   4   0   3   3   0   2  13  0.76 0.40
   87 F   -2 -2 -1  0 -4 -1 -2 -3  3 -1  0 -1  1  4 -4  0  1  3  4 -2    3   2   2   7   0   3   2   1   7   3   8   3   4  18   0   5   8   4  16   2  0.41 0.28
   88 I   -2 -5 -5 -5 -4 -5 -2 -6 -5  5  1 -5  0  0 -5 -2 -2 -5 -2  3    3   0   0   0   0   0   2   0   0  46  11   0   2   3   0   2   2   0   1  25  1.08 0.52
   89 N   -1  2  2 -1 -4  2  0 -2  1  0  0  0  0 -3 -2  0  1 -4  0 -2    4  11  13   3   0  11   6   3   3   6  10   3   2   0   1   8   9   0   4   2  0.18 0.19
   90 S    0  1  1  0  0  0 -1  0  0 -4 -3 -1 -2 -2 -4  4  1 -5 -2 -3    5   6   5   6   2   4   4   6   2   0   2   3   1   2   0  42   6   0   1   2  0.57 0.41
   91 F   -4 -5 -5 -6 -1 -3 -5 -3  0  5  2 -5  3  4 -2 -5 -4 -4 -3  0    0   0   0   0   2   1   0   2   3  38  17   0   8  21   3   0   0   0   0   4  1.05 0.53
   92 G    0 -2  0  1 -4 -1 -1  3  0 -1 -2 -1 -1 -1 -1  2  0  0  0 -2    6   2   3  10   0   2   4  21   2   5   3   3   1   2   3  20   6   1   3   2  0.25 0.21
   93 S    0 -1  2  0 -4 -1  0 -1  0 -3 -3  1 -1 -4  1  3  1 -5 -2 -1    7   3   9   5   0   2   7   3   2   1   2   8   1   0   8  30   7   0   1   4  0.37 0.31
   94 I   -1 -5 -2 -3 -1 -1 -4 -5 -5  4  1 -4  2  3 -2 -2 -2 -4 -3  3    4   0   2   2   2   3   0   0   0  30  11   0   5  11   2   2   2   0   0  22  0.67 0.41
   95 Q   -1  1  2  3 -1  1  0 -2 -1 -3 -3 -1 -1 -5 -2  3  0  2 -4 -3    4   8   9  20   1   5   6   2   1   1   3   3   1   0   1  24   4   4   0   2  0.46 0.38
   96 E    0 -3  0  1  0  0  4 -2  3 -2 -3 -2 -1 -2  0 -1 -2  2 -4  0    6   0   4   9   2   4  36   3   6   2   2   2   2   2   4   5   2   3   0   7  0.54 0.42
   97 T    0  0  0 -1 -1  0  0 -2  1  1  0  0  0  0  0  0  0 -3  0  1    5   4   6   3   2   4   6   2   4   8   7   7   3   5   4   9   6   0   4  10  0.04 0.06
   98 T   -1  0  2  0 -4  0  0 -2  1  0 -1  1  1 -3  0  0  2  2  0  0    4   4   9   5   0   4   7   3   4   5   3   8   6   0   5   8  14   4   3   7  0.15 0.17
   99 M    0  0  0  0 -3  1  0  0 -2  0 -1  0  1 -2  1  0  0  3  1  0    6   6   6   6   0   6   6   6   0   6   6   6   6   0   6   6   6   6   6   6  0.08 0.10
  100 D   -2 -4  0  5 -5  1  3 -4 -2 -2 -4 -2 -2 -5 -4  0  0 -6 -5 -1    2   0   3  45   0   6  17   0   1   3   1   1   1   0   0   7   7   0   0   5  0.98 0.46
  101 Y   -2 -5 -5 -6 -2 -3 -6 -6 -3  0 -2 -5 -2  6 -1 -4 -5  0  7 -3    4   0   0   0   1   1   0   0   0   4   2   0   1  34   3   1   0   1  44   1  1.74 0.65
  102 R   -1  2 -1  0 -4  1  0 -1 -1 -3 -3  1 -1 -4 -3  2  3 -5 -2 -2    3  10   1   6   0   6   7   4   1   1   1   9   2   0   0  18  26   0   1   3  0.42 0.28
  103 V    1 -4 -5 -5 -4 -4 -4 -5 -5  2  2 -4  5 -1 -4 -1  1 -4 -2  4   12   0   0   0   0   0   0   0   0  13  16   0  16   2   0   3   7   0   1  28  0.72 0.36
  104 N   -1 -2  1  5 -3  2  0 -3  2 -4 -4 -3 -2 -2 -4  1  2 -6 -2 -3    3   1   7  35   1  10   5   1   6   1   1   0   1   2   0   8  14   0   1   2  0.74 0.40
  105 I   -2 -1 -5 -5  2 -4 -3 -1 -4  3  2 -4  4  2 -5 -4 -2 -4  0  2    3   3   0   0   4   0   1   6   0  21  18   0  13  10   0   0   2   0   3  15  0.55 0.29
  106 F   -4 -3 -3 -3 -2 -2 -3 -5 -3  0  1 -3  1  4 -5 -4  0  4  6 -2    1   1   1   2   1   1   2   0   0   4  12   1   3  22   0   0   6   6  34   2  1.10 0.46
  107 L   -4 -5 -5 -6 -4 -5 -5 -6 -5  2  4 -5  2  4 -1 -5 -4  0  1  1    0   0   0   0   0   0   0   0   0  13  42   0   6  20   3   0   0   1   4   8  1.00 0.41
  108 R   -1  5  0 -2 -5  2 -1 -3  2 -3 -3  0 -1 -4 -3 -1  0 -1  1 -1    4  43   5   1   0   9   3   1   4   2   3   3   1   0   1   5   5   1   5   4  0.77 0.39
  109 Q   -1 -2 -3 -3 -2  6  2 -6  1 -3  0 -3  4 -2 -2 -4 -3 -6 -1 -3    4   1   1   1   1  47  11   0   3   1  10   0  11   2   2   0   1   0   2   1  1.17 0.59
  110 K   -1  3 -1 -3 -2  2  1 -2  1 -2 -1  0  2  0 -4  1  1  0  1 -2    3  21   1   0   1   9   7   3   4   2   5   5   6   4   0  12   9   2   4   1  0.31 0.23
  111 W   -8 -8 -9-10 -8 -8 -9 -9 -7 -8 -7 -9 -7  2-10 -9 -8 12  3 -8    0   0   0   0   0   0   0   0   0   0   0   0   0   7   0   0   0  85   9   0  4.61 1.23
  112 N   -2  0  2 -2 -1  1  0 -3  2  0  0  1  1 -1 -4 -1  2 -1  1  0    1   6  12   1   1   6   6   1   5   6   7   9   5   2   0   2  17   1   6   7  0.22 0.18
  113 D   -3 -5  0  7 -7 -1 -1 -1  0 -7 -7 -4 -6 -6 -5 -4 -2 -7 -2 -6    2   0   4  75   0   3   3   5   2   0   0   0   0   0   0   0   3   0   2   0  2.01 0.67
  114 P   -2  1 -1  1 -5 -1  0 -3  2 -3 -2  1 -1 -1  5  0 -2 -1 -1 -3    2   7   2   7   0   2   6   2   5   2   3   9   2   2  34   9   2   1   2   2  0.70 0.30
  115 R   -1  5  0 -1  1  0 -2 -1 -2 -3 -2  0 -3 -1  1  0  1  2  0 -3    4  37   3   3   3   4   0   4   0   0   4   4   0   3   8   6   8   3   3   0  0.46 0.27
  116 L   -1  1  0 -4 -3 -3 -3 -4 -3  1  3 -3  2  1 -4 -3  0 -3  1  0    5   8   5   0   0   0   0   0   0   9  43   0   5   5   0   0   6   0   6   5  0.43 0.25
  117 K    1  1  0  0 -1  2  0 -2  0 -2 -2  2  0  0 -3  0  0  2  0 -2   16   9   5   5   2   9   5   2   2   2   2  16   2   5   0   4   4   4   4   2  0.18 0.16
  118 L   -3 -2 -3 -4 -4 -3 -4 -3  3 -1  0 -2 -2  5 -3 -3 -2  4  5 -1    2   2   1   1   0   1   1   2   8   3   9   2   1  29   1   2   3   6  22   4  1.05 0.50
  119 P    0 -1  2  1 -1  0  1  0  0 -2 -2  0 -2 -2  3  1  0 -3 -2 -1    8   3   9   6   1   4   9   6   3   2   3   7   1   2  16   9   5   0   2   4  0.23 0.15
  120 S    0 -1  2  1 -1  0  1  0  3 -2 -2  0 -1 -2  0  2  0  0 -1 -1    7   3  10   6   2   3   8   7   8   2   3   5   1   2   4  17   4   1   3   4  0.20 0.18
  121 D   -2  0  2  3 -3  0  1 -1  1 -1  0  0  1  0  0  0  0 -3  0 -2    2   6  10  17   0   3   8   4   4   3   8   6   4   3   4   5   6   0   3   3  0.17 0.14
  122 F   -1 -2  1 -1 -2 -2 -1 -2  2  0  0 -1  2  3 -1 -1 -1 -2  3 -1    4   2   7   3   1   1   4   3   5   4  10   4   6  15   3   5   4   0  13   5  0.26 0.19
  123 R   -1  2  2  0 -1  0  0  0  1 -1 -2  1 -1 -2  2  0  0 -3  0 -2    5  11  10   5   2   4   6   7   4   3   5   8   1   1  10   8   5   0   4   3  0.15 0.13
  124 G    0 -2  2 -1  3 -1 -1  3  0 -1 -2  0 -1 -1  0  0  1 -2 -1 -1    6   2  10   4   7   3   4  23   2   3   5   5   1   2   4   7   8   0   2   3  0.23 0.18
  125 S   -1  0  2  0 -4  0  0 -1  0  0  0  1  0 -1  1  1  0 -4 -1 -1    4   5  12   4   0   3   7   4   2   5   9  10   2   3   6  11   7   0   2   5  0.11 0.12
  126 D   -2 -1  1  3 -2  1  2 -2  0  0 -1  1 -2 -3  1  0  0 -5 -1 -2    3   4   7  16   1   6  12   3   2   5   5   9   1   1   8   7   7   0   3   3  0.23 0.21
  127 A    1 -1  1 -1 -2 -1  0 -2  0  1 -1  0  0  0  1  1  1 -1  1  0   10   3   8   3   1   2   6   2   2   9   4   6   2   3   6   9   8   1   6   8  0.09 0.12
  128 L   -3 -1 -2 -2  0 -3 -3 -4 -2  3  4 -3  1  0 -3 -3  0 -6 -2  1    1   3   2   2   2   1   2   1   1  16  40   2   3   3   2   2   5   0   2   8  0.63 0.40
  129 T   -1  0  0 -2 -2 -1 -1 -3  0  2 -1 -1 -1 -1  0  1  3 -1 -1  1    4   5   4   2   1   3   3   2   2  10   5   3   1   3   4  12  22   1   3   9  0.25 0.25
  130 V   -2 -2 -1 -3 -5 -3 -2 -3 -5  1  4 -2  1  1 -2 -2 -1  1 -2  2    3   2   4   1   0   1   2   2   0   8  39   3   4   6   2   2   3   2   1  15  0.54 0.37
  131 D   -2 -2  2  4 -5 -1  0  0  2 -1 -2 -2 -1 -2 -1  1 -1 -5 -1 -1    3   2  11  24   0   3   6   9   6   3   5   2   1   1   3  11   4   0   2   4  0.38 0.30
  132 P    0 -1  1  0 -5 -1  1  0  0 -1 -1  0  0 -2  3  1  0  2  0 -1    6   4   7   5   0   3   8   7   3   4   7   5   2   2  13   9   5   3   3   4  0.14 0.15
  133 T   -1  1  1  2 -6  0  1 -1  2 -2 -2  1 -1 -2 -3  1  2  1 -1 -1    4   9   6  11   0   3   8   5   5   3   4   8   1   2   2   9  12   2   2   4  0.21 0.19
  134 M   -1 -1  0 -1  0  0 -1 -1  1  0  0  0  3  1 -1  0  0  2  1  0    6   3   4   3   3   4   5   4   4   6  10   5   7   6   3   7   6   3   5   6  0.07 0.06
  135 Y    0  1 -1 -1  1 -1 -1 -2  1  1  1 -1  1  0 -1 -1  0  2  1  0    7   8   3   3   3   3   3   4   4   7  13   4   4   4   3   5   6   4   5   7  0.07 0.06
  136 K   -1 -1  2  3 -4  2  2 -2  1 -4 -3  2 -3 -4  0  0  0 -4 -4 -3    3   2  13  19   0  12  11   3   3   0   2  16   0   0   5   4   5   0   0   1  0.50 0.27
  137 C   -1  2  1  0 -1  2  0 -2  0 -1  0  3  0  0 -2  0  0 -3 -1 -2    4  10   8   5   2   9   3   2   2   3  11  20   3   4   1   7   4   0   2   2  0.19 0.14
  138 L   -3 -2 -5 -5 -2 -4 -5 -5 -4  5  2 -4  3  1 -3 -4 -2 -4  1  2    0   2   0   0   1   0   0   0   0  44  20   0   9   4   1   0   1   0   5  10  0.93 0.40
  139 W   -6 -6 -7 -7 -6 -6 -6 -6  1 -2 -6 -6 -5 -4  0 -6 -6 12 -2 -6    0   0   0   0   0   0   0   0   3   2   0   0   0   0   5   0   0  86   0   0  4.22 1.18
  140 K   -1  1  1 -3 -3 -1 -2 -3  1  1  0  2  1 -2 -3  0  2 -2 -1  2    5   8   6   0   0   2   1   0   4   6   8  13   3   1   0   4  16   1   1  18  0.23 0.19
  141 P   -3 -6 -6 -6 -7 -5 -5 -2 -6 -7 -6 -5 -6 -7  8 -3 -5 -7 -7 -6    2   0   0   0   0   0   0   3   0   0   0   0   0   0  90   2   0   0   0   0  3.08 1.05
  142 D   -3 -4  2  7 -6 -1 -1 -4  1 -6 -5 -2 -3 -4 -3 -2  0 -7 -5 -4    2   0   8  68   0   2   2   1   3   0   1   2   1   1   1   2   5   0   0   1  1.63 0.67
  143 L   -2 -4 -4 -5  1 -4 -4 -4 -5  2  2 -4  0 -1 -1  0  4 -5 -4  1    2   0   0   0   3   0   0   1   0  12  23   0   1   2   4   5  36   0   0  10  0.72 0.46
  144 F   -4 -5 -3 -2  2 -4 -2 -6  1  0 -1 -3 -1  6 -5 -3 -1 -3  5  0    0   0   1   2   4   0   3   0   3   5   4   2   2  33   0   1   3   0  27   8  1.09 0.53
  145 F   -5 -3 -6 -6  0 -6 -6 -6 -5  2  0 -3  1  7 -6 -3 -5 -4  1  0    0   2   0   0   2   0   0   0   0  12   6   2   3  61   0   2   0   0   4   5  1.67 0.73
  146 A    1  0  1 -2 -3  0  0 -1  0  1  0  0 -1 -1  2  0  0 -1  1  1   12   5   7   1   0   2   6   3   2   8   8   4   1   2   9   5   6   1   5  13  0.09 0.10
  147 N   -3 -3  7  0 -5 -1 -1  0  0 -3 -3 -1  1 -5 -5 -1 -2 -6 -2 -5    2   0  60   5   0   3   3   6   2   2   3   3   3   0   0   3   2   0   2   0  1.32 0.69
  148 E    1 -2  1 -1 -1  0  2  1  2 -2 -2  0 -1 -2 -2  2  0 -4 -3 -1   13   0   7   2   2   3  18   9   5   2   4   4   2   1   2  19   3   0   0   3  0.26 0.24
  149 K    0  2 -1 -2 -5  0 -1 -2 -1 -2 -2  6 -1 -4 -4 -2 -3 -5  0 -2    6  10   2   2   0   2   3   3   2   2   3  55   2   0   0   2   0   0   3   3  0.95 0.55
  150 S   -1  1  0  1 -4  1  2  0  2 -2 -2  1 -1 -2 -1  1  0 -1 -1 -2    4   8   4  10   0   4  15   6   6   2   3  11   2   2   2  14   3   1   2   2  0.23 0.18
  151 A    2 -3 -1 -2  1 -3 -2  3 -3 -1 -2 -2  0 -1 -1  3 -1 -5 -4 -1   22   0   1   2   3   0   2  21   0   4   2   2   2   3   3  24   3   0   0   4  0.42 0.33
  152 N   -2  0  2  1 -4  1  0 -2  3 -2 -2  1  0  2 -2  0  0  1  2 -2    2   5  10   9   0   5   7   3   7   2   2  11   2  10   1   6   5   2   8   3  0.23 0.20
  153 F   -1  0 -1  0 -3  0 -1 -2  1  1  1 -1  2  3 -1 -1  0  2  1  0    3   4   3   5   0   3   4   4   4   8  13   3   7  14   3   4   5   3   5   5  0.11 0.13
  154 H    0  0  0  0 -3  1  0  0  1  0 -1  0  1  0  1  0  0 -3  1  0    6   6   5   6   0   5   6   6   5   6   6   6   5   5   6   6   6   0   5   6  0.05 0.06
  155 D    0 -1  2  2 -4  0  2 -1  0 -1 -1  1  0 -2  0  0  1 -4 -1 -1    6   2   9  14   0   3  12   5   2   3   4   8   4   2   4   7   9   0   2   3  0.18 0.17
  156 V   -1 -2 -3 -1 -3  0 -1 -2  1  2  1 -1  2 -1 -1  0  1 -4 -3  2    5   2   0   3   0   4   3   3   4  14  11   3   6   2   3   8   8   0   0  20  0.21 0.21
  157 T    0  0  0  0  1  0  0 -1  1  0 -1  0  1  0  0  0  0 -3  1  0    5   5   5   5   5   5   5   5   5   5   5   5   5   5   5   5   5   0   5   5  0.03 0.05
  158 Q   -1  0 -1  0  0  1  1 -2  2  1 -2  0  0  0  0  0  2 -4 -1  1    3   4   2   4   3   6   9   2   5   7   3   5   3   5   4   6  15   0   2  12  0.12 0.15
  159 E   -2  1 -1  1 -1  0  2 -1  1 -1 -3  1  0 -1  4  0 -1 -5 -1 -2    2   8   3   7   1   3  13   4   4   4   2  10   3   3  20   6   4   0   2   2  0.35 0.27
  160 N   -2  0  6  0 -6  0  0 -4  2 -2 -5 -1 -5 -1 -2  0  0 -6 -1 -2    3   4  50   4   0   3   5   0   5   3   0   3   0   3   2   6   4   0   2   3  1.05 0.63
  161 I   -1  1 -1 -1  0  0  0 -1  1  1 -1  1  1  2  0  0  0 -3  0  0    4   7   3   3   3   4   5   3   5   9   4   9   4  10   4   7   7   0   3   6  0.06 0.09
  162 L    0  0  0  0 -3  1  0  0  1  0 -1  0  1  0  1  0  0 -3  1  0    6   6   5   6   0   5   6   6   5   6   6   6   5   5   6   6   6   0   5   6  0.05 0.06
  163 L    0 -4 -4 -4 -3 -3 -1 -4 -3  3  2 -3  3  1  0 -1  1 -3  1  1   10   0   0   0   0   0   5   0   0  17  20   0   8   5   5   5   8   0   6  10  0.34 0.23
  164 F   -2  4 -2 -2  1  0 -1 -2  0  0  0  0  0  1 -4 -2  0  4  0  1    2  26   2   2   3   3   3   2   3   6   8   5   2   6   0   2   6   6   3   9  0.33 0.24
  165 I   -2  1  1  1 -3  1 -1  0  2  0  0 -1  2  1  1 -1  0 -3 -1  0    1   8   7   8   0   7   0   8   7   8   8   0   7   7   8   1   8   0   0   8  0.10 0.13
  166 F   -1  0  0  0  2  0  0 -1  1  0 -1  0  1  0 -3  0  0  3  1  0    5   5   5   5   5   5   5   5   5   5   5   5   5   5   0   5   5   5   5   5  0.06 0.09
  167 R   -1  1  0 -2  1  0 -1 -1  3 -2 -3  0  0 -1  4  1 -2  2  0 -2    6   8   5   3   3   4   3   4   6   3   3   6   3   3  21   9   3   2   3   3  0.35 0.27
  168 D    0  0  1  0 -3  1  0  0  2  0 -1  0  1 -2  1  0  0 -3  1  0    6   6   6   6   0   6   6   6   6   6   6   6   6   0   6   6   6   0   6   6  0.07 0.08
  169 G   -1 -4  1 -4  1 -1 -4  6 -4 -6 -6 -1 -5 -5 -5  0 -1  2 -5 -5    3   0   7   0   3   3   0  63   0   0   1   4   0   0   0   6   4   3   0   0  1.35 0.51
  170 D   -1  1  1  1 -1  1  1 -2  0 -1 -2  0  0 -1 -3  0  3  0  0 -1    5   6   6   9   1   7   7   2   2   2   3   6   2   2   0   5  24   2   3   5  0.22 0.17
  171 V   -1 -2 -2 -2 -2  2 -1 -3 -1  2  1 -1  2  0 -2 -1  1 -1  2  1    1   1   1   1   0  13   1   1   0  13  14   1  13   0   1   1  13   0  13  13  0.19 0.07
  172 L   -1  0  0  0  2  0  0 -3  2  0 -1  0  1  0  0  0  0  3  1  0    5   5   5   5   5   5   5   0   5   5   5   5   5   5   5   5   5   5   5   5  0.09 0.11
  173 V   -1 -1 -1 -1  1 -1 -4 -5  2 -1 -1 -1  1  1 -4  0 -1  3  6  0    4   4   3   3   3   3   0   0   5   3   5   4   3   5   0   6   4   5  31   7  0.57 0.39
  174 S    0  0  0  0 -3  1  0 -1  2  0 -1  0  1  1 -3  0  0  3  1  0    6   6   5   6   0   5   6   6   5   6   6   6   5   5   0   6   6   5   5   6  0.08 0.10
  175 M    0  0  0 -3  2  0  0 -1  2  0 -1  0  1  0  0  0  0  3  1  0    5   5   5   0   5   5   5   5   5   5   5   5   5   5   5   5   5   5   5   5  0.07 0.10
  176 R    0  0  0 -2 -3  1  0 -1  2  0 -1  0  1  1  1  0  0  3  1  0    6   6   5   0   0   5   6   6   5   6   6   6   5   5   6   6   6   5   5   6  0.08 0.11
  177 L    0  0  0 -2  2  1  0 -1  2  0 -1  0  1  1 -3  0  0  3  1  0    6   6   5   0   5   5   6   6   5   6   6   6   5   5   0   6   6   5   5   6  0.08 0.11
  178 S   -1 -1  0 -1 -4  0  0 -1  2  0 -1  0  0 -1 -1  0  3  2  0  0    3   3   4   3   0   3   6   6   5   7   4   7   3   3   3   7  20   3   4   7  0.14 0.17
  179 I    0 -2 -2  0  2  1  0  0 -2  0  0 -2  1  1 -3  0  0 -2  1  0    7   0   0   7   7   7   7   7   0   7   7   0   7   7   0   7   7   0   7   7  0.07 0.11
  180 T   -1  0  0 -1 -3  0 -1 -2  0 -1 -2  1  1 -3  0  1  3  1 -1  0    4   6   3   2   0   4   3   2   3   4   3  12   4   0   4  10  26   2   2   6  0.26 0.25
  181 L    1 -3 -1 -3  0 -2 -1 -1  0  1  2 -1  1  1 -1  0  0 -3  0  1   14   0   2   0   2   0   4   6   3   6  24   2   2   6   3   8   6   0   2   8  0.11 0.14
  182 S    1 -1  0 -1 -3  0  0  1  0 -1 -1 -1  0  0  1  2  1 -3  0  0    9   3   3   3   0   3   4  13   3   3   5   3   3   4   6  17   7   0   3   7  0.11 0.10
  183 C    0 -1  1 -2  3 -1 -2 -2  2 -1  0  0 -1 -1  2  1  1 -2  2  0    9   0   9   0   8   0   1   1   9   0   9   9   0   0   9   9   9   0   9   9  0.16 0.12
  184 P    0 -1  1  0 -4  0  0 -1  1 -2 -1  0  1 -1  4  0  0  0 -1 -2    6   2   8   5   0   4   5   4   4   2   5   6   5   2  26   5   6   1   2   2  0.40 0.23
  185 L   -2 -4 -1 -5  0 -1 -4 -2  2  1  1 -2  7  0 -5 -2 -1 -4  1 -1    3   0   3   0   2   2   0   3   6   6  13   2  44   3   0   3   2   0   4   2  0.96 0.51
  186 D    0  0  3  3 -4  0 -1  0  1 -2 -2  1 -1 -1 -3  0  0  0  0 -2    8   6  14  22   0   2   2   6   3   2   3   8   2   2   0   4   7   2   3   3  0.27 0.20
  187 L   -1 -4 -4 -1 -4 -4 -4 -1 -4  0  4 -4  1  2 -4 -3 -1 -3  0  0    4   0   0   3   0   0   0   6   0   4  55   0   4   9   0   1   4   0   4   5  0.69 0.37
  188 T    0  2 -1 -1  0  1  1 -2  2 -2 -1  1 -1 -2 -3  1  2 -1 -1 -2    8  12   2   3   2   8   9   2   6   2   5  10   1   1   0  10  13   1   2   3  0.23 0.19
  189 L   -2  2  2  0  1 -1 -2 -3  1  0  0  2  1 -1 -3 -1  0 -1  1 -1    2  11  10   6   3   1   1   2   3   5   9  18   4   2   0   4   7   1   6   3  0.21 0.17
  190 F   -5 -1 -2 -6 -5 -5 -5 -6 -4 -1 -1 -5 -4  7 -6 -5 -5  2  6 -4    1   4   3   0   0   0   0   1   0   3   4   0   0  48   0   1   0   2  28   1  1.83 0.73
  191 P   -1 -1 -6 -6 -7 -5 -5 -7 -6 -1 -7 -1 -6 -8  8 -5 -5 -9 -8 -6    5   4   0   0   0   0   0   0   0   4   0   4   0   0  82   0   0   0   0   0  2.74 0.91
  192 M   -3 -4 -3 -6 -5  0 -5 -6  3  0  1 -3  6  3 -6 -2 -3 -1 -3  2    1   0   1   0   0   5   0   0   8   4  15   1  31  12   0   4   1   1   0  17  0.96 0.46
  193 D   -1 -4  1  7  0 -3 -2 -4  2 -6 -6 -1 -5 -5 -5 -3 -4 -6  1 -5    7   0   5  68   3   0   0   0   6   0   0   4   0   0   0   0   0   0   4   0  1.71 0.62
  194 T    0  0  1  0 -4  0 -1 -1  3 -1 -2  0  0  0 -3  1  1  2  0  0    7   4   6   5   0   3   3   5  10   3   3   6   3   5   0  14  10   3   3   8  0.14 0.14
  195 Q   -1  0  0 -5 -6  6 -3 -6  4 -1 -5  0 -4  0  1 -4  0 -6 -5  0    5   5   5   0   0  46   0   0   9   5   0   5   0   5   6   0   5   0   0   6  1.11 0.58
  196 R    0  1  2 -1 -1  1  2 -3  0 -1 -1  0  0 -2 -3  0  1 -4 -1  0   10   7  13   2   1   8  14   0   2   4   8   4   2   2   0   8   9   0   2   6  0.19 0.16
  197 C   -2 -2 -6 -7  9  0 -2 -2 -7 -1 -2 -6 -5  0 -7 -5 -1 -7 -6 -2    3   2   0   0  65   5   3   4   0   4   5   0   0   4   0   0   4   0   0   3  2.29 0.78
  198 K   -1  2  0 -1 -4 -1  0 -1  2 -2 -2  0 -1 -2  2  2  1 -1  0 -1    3  12   3   3   0   2   6   5   6   1   3   6   2   2  12  19   7   1   4   3  0.26 0.20
  199 M   -1 -1 -4 -5 -4  0 -3 -5 -4  3  3 -4  4  0 -5 -2 -1 -4 -3  1    4   4   0   0   0   5   2   0   0  20  35   0  10   4   0   3   4   0   0   7  0.63 0.33
  200 Q   -2  1  0  1 -4  3  2 -3  0  0 -2  2 -1 -2 -3 -1  1 -4 -1  0    2   9   3   6   0  18  13   2   2   7   3  12   2   1   0   3   8   0   2   6  0.31 0.23
  201 L   -1 -3 -1 -4  1 -3 -1 -4 -3  3  1 -3  4  2  0 -3 -1  3  1  1    5   0   4   0   4   0   4   1   0  19  13   0  14   8   4   0   4   4   4  10  0.33 0.23
  202 E    0  1  0  1 -3  1  3  0  1  0 -1  0  0 -3  0  0 -1 -4 -3 -1   10   7   3   8   0   5  22   8   3   7   4   4   3   0   3   4   3   0   0   4  0.19 0.15
  203 S    0 -3  0 -2  2  0  0  0 -3 -1 -2 -2 -3 -3  0  4  0 -4 -1 -3    4   0   3   0   5   3   6   7   0   4   3   0   0   0   4  51   4   0   3   0  0.59 0.39
  204 F   -3 -4 -2 -2  1 -3 -4 -4  1  0 -1 -4  0  4 -2 -2 -3  4  6  0    1   0   2   2   3   0   0   1   4   5   6   0   2  19   2   3   0   6  33   9  0.79 0.37
  205 G    0  0  0  0 -3  1  0 -1  2  0 -1  0  1  1 -3  0  0  3  1  0    6   6   5   6   0   5   6   6   5   6   6   6   5   5   0   6   6   5   5   6  0.08 0.10
  206 Y    0  0  0 -4 -5  0 -4 -1  4 -4  0 -1  1  2 -4 -1 -3  3  6 -4    7   5   5   0   0   4   0   4   9   0   9   4   4   7   0   5   0   4  30   0  0.70 0.40
  207 T   -1 -1  2  0 -4  1 -1 -2  1  0 -2 -1 -3 -2  0  2  4 -5 -3 -1    3   3  10   5   0   6   3   3   3   5   3   3   0   2   4  13  29   0   0   3  0.36 0.31
  208 T    0  0  0  0  1 -1  0 -2  1 -1 -2  0  2 -2 -1  1  3 -5 -2  0    7   5   4   5   3   2   7   2   3   3   2   6   5   1   2  12  22   0   1   6  0.22 0.22
  209 D   -1  0  2  4 -4  0  1 -2  0 -2 -1  1 -1 -2 -3  0  0 -5 -1 -2    4   3   9  24   0   5  11   2   3   2   7   9   1   2   0   8   5   0   2   2  0.35 0.26
  210 D   -2  0  1  4 -5  2  3 -3  1 -3 -3 -1 -1 -1 -4  0 -1 -5 -1 -2    2   4   6  29   0  10  19   1   4   2   2   3   1   3   0   7   2   0   3   2  0.59 0.38
  211 L   -2 -2 -3 -3 -4 -2 -2 -2 -4  3  2 -4  2 -1 -3 -4 -2  2 -3  3    3   2   1   2   0   2   3   3   0  17  24   0   6   2   1   0   2   3   0  27  0.53 0.34
  212 R   -1  2  0 -1 -1  1  0 -2  0  2  0  0  0 -2 -3 -1  0 -1 -1  2    3  15   6   3   2   7   5   2   3  13   6   6   3   1   0   3   4   1   2  16  0.17 0.17
  213 F   -4 -6 -6 -7 -1 -6 -7 -7 -1  0  2 -6  2  6 -7 -5 -1  0  5 -1    1   0   0   0   1   0   0   0   2   4  22   0   6  33   0   0   3   1  23   3  1.33 0.64
  214 I   -1  1 -1 -1 -2  0  1 -3  1  1  0  1 -1  0 -1 -1  0 -1  1  1    2   8   3   3   1   3  10   1   4  11   7   8   1   3   2   5   7   1   6  14  0.10 0.13
  215 W   -7 -2 -7 -8 -2 -6 -4 -7  0 -1 -1 -7 -2  0 -8 -5 -4 11  1 -6    0   2   0   0   1   0   1   0   2   3   7   0   1   4   0   1   1  72   4   0  3.39 1.22
  216 Q    0  1  1  0 -4  2  1 -2  1 -2 -1  2  0  0  0  0 -1 -2  0 -2    6   9   8   6   0   9   8   1   3   1   6  15   3   4   5   6   4   1   3   2  0.19 0.17
  217 S   -1  1  2  2 -4 -1  1 -1 -1  0 -3  1 -1 -3  0  1  0 -1 -2 -2    5   9   9  12   0   2  11   5   1   6   2   9   1   1   4  14   5   1   1   2  0.23 0.19
  218 G    0 -1  0  2 -3  0  1  3  2 -3 -4  0 -3 -3 -1 -1  1  0  0 -1    7   2   5  11   1   5   8  25   5   1   1   5   0   1   2   4   8   1   3   6  0.28 0.22
  219 D   -1  0  2  3 -3  0  1 -1  1 -1 -1  1  0 -3  1 -1  0 -6 -4 -2    5   4  12  22   0   3   8   3   4   3   7   7   3   1   6   4   5   0   0   2  0.32 0.25
  220 P    1 -3 -4 -3  0 -1 -2  0  0  0 -3 -3 -3 -2  6  0 -3 -7 -3  0   12   1   1   2   2   2   3   6   3   5   2   2   0   2  42   7   1   0   1   6  0.93 0.54
  221 V   -2 -3 -3 -3  0 -3 -2 -6 -5  4  1 -3 -1  0 -3 -2 -1 -5  0  4    2   1   1   1   2   1   2   0   0  21  12   1   1   4   1   2   4   0   4  39  0.78 0.45
  222 Q   -1  1 -1  0 -2  2  0 -1  1 -1 -1  0  1  0 -2  0  1 -1  1  0    5   7   2   4   1  12   6   5   3   4   5   5   4   5   2   5  12   1   5   8  0.09 0.12
  223 L   -2 -2 -2 -2 -4 -2 -2 -6 -2  3  2 -2  3  2 -3 -1 -1 -2  0  2    2   3   2   3   0   1   2   0   1  18  24   2   9   7   1   4   3   0   3  15  0.45 0.30
  224 E   -2 -2  1  3 -6  0  4 -3  0 -3 -1  0 -2 -3  1  1 -2 -6 -2 -2    3   2   7  16   0   4  26   2   3   1   8   6   1   1   7   9   2   0   1   3  0.45 0.34
  225 K   -2  0  2  2 -4  2  2 -1  0 -2 -4  3 -2 -5 -2  0  0  2 -5 -2    3   5  12  11   0   9  14   5   3   3   1  17   1   0   2   7   5   3   0   2  0.41 0.32
  226 I   -2 -3 -3 -3 -4 -2 -4 -3 -4  4  2 -2  3  1 -4 -1  0 -2 -2  2    3   1   1   2   0   1   1   2   0  27  21   3   9   5   1   4   5   1   1  13  0.55 0.35
  227 A    0  0  0 -1 -5  1  3 -2  1 -1 -2  1 -2 -3 -3  2  0 -5  1 -1    6   6   4   2   0   7  21   3   3   4   3   8   1   1   1  15   6   0   6   3  0.30 0.27
  228 L   -5 -4 -4 -6 -6 -3 -6 -6 -6  2  5 -6  4 -1 -2 -5 -4  1 -5 -2    0   1   1   1   0   1   0   1   0  12  64   0   9   3   2   1   1   2   0   2  1.42 0.70
  229 P    1 -4 -3 -4 -6 -3 -4 -5 -1 -4 -3 -5 -3 -4  7  2 -2  0 -3 -1    9   1   1   1   0   1   1   1   1   1   2   0   1   1  56  14   2   1   1   5  1.55 0.80
  230 Q   -4 -1 -1  2 -6  6  2 -4  0 -6 -2 -2  0 -6 -5  1 -2 -6 -6 -6    0   2   3  10   0  48  12   1   2   0   4   1   3   0   0  10   2   0   0   0  1.29 0.74
  231 F   -4 -6 -4 -7 -6 -3 -6 -5 -1 -4  0 -6 -1  8 -5 -4 -3  0  4 -3    1   0   1   0   0   1   0   1   1   0   9   0   2  63   1   1   2   1  14   2  2.00 0.86
  232 D   -2 -1  0  4 -5  0  2 -4  0 -1 -3  0 -1 -2 -4  1  1  3 -1 -1    3   3   5  26   0   4  14   0   2   5   2   4   2   2   0   9  10   4   2   5  0.43 0.31
  233 I   -5 -6 -5 -7 -3 -4 -6 -7 -6  5  4 -6  2  0 -5 -5 -3  1  0  2    0   0   1   0   1   0   0   0   0  32  37   0   5   3   1   1   1   2   3  14  1.14 0.56
  234 K   -1  0  0 -1 -2  1  1 -2  0  1 -1  1  1 -2 -1  0  2 -4 -1  1    3   5   3   3   1   6   9   3   2   9   5  12   5   2   3   7  13   0   2   9  0.11 0.13
  235 K   -1  1  1  0 -3  0  0  1  1 -1  0  2 -2 -2 -1  1 -1  2 -2 -2    3   8   7   4   0   2   7  10   3   3   9  18   0   2   3  10   3   3   1   2  0.16 0.15
  236 E   -1 -1  0  0 -2  1  2 -2  2  0 -2 -1 -1  0 -2  1  0  2  1  1    3   2   5   4   1   5  16   2   5   5   3   3   2   5   2  10   7   3   6  11  0.15 0.14
  237 D   -1 -1  2  3 -4 -1  1 -1  0 -2 -3  0 -2 -1 -3  1  1  3 -1 -1    4   2   8  19   0   2  10   5   2   2   2   6   1   2   1  13  10   5   2   3  0.30 0.22
  238 I   -2 -3 -3 -4 -1 -3 -3 -4  0  3  1 -2  1  2 -1 -1  1  0  1  3    2   1   1   0   1   1   1   1   2  21  14   3   2   9   3   3  11   1   4  19  0.41 0.27
  239 E   -1  0  0  2 -4  0  3 -3  1 -2 -2  0 -2 -2  0  1  1  2 -1 -1    3   5   4  11   0   4  18   2   3   2   3   6   1   1   5  12  11   4   3   4  0.27 0.21
  240 Y   -1  0  0  0  2  0  0 -1  2  0 -1  0  2  0  0 -1  0  3  1 -1    5   5   5   5   5   5   5   5   5   5   5   5   5   5   5   5   5   5   5   5  0.08 0.07
  241 G   -1  0  0  0  2  0  0  2  2 -1 -2 -1  0  0 -1  1  1  2  0 -1    5   5   3   5   5   4   6  14   5   5   3   4   3   3   3   9   9   3   3   4  0.12 0.11
  242 N    0  0  0  0  2  1  0 -3  2  0 -1  0  1  0  1  0  0 -3  1  0    6   6   5   6   5   5   6   0   5   6   6   6   5   5   6   6   6   0   5   6  0.07 0.09
  243 C   -1  0  0 -1  6 -1 -1 -1  0 -1 -2 -1  0  0  0  0  0 -4  1  0    4   5   4   3  24   3   4   5   3   4   3   4   3   4   4   6   6   0   5   6  0.39 0.30
  244 T   -1  0  1  0 -4  1 -1 -2 -3 -1  0 -1  0 -1 -1  1  4 -5 -4  0    5   5   7   5   0   6   3   3   0   3   8   3   3   3   2  11  28   0   0   5  0.31 0.30
  245 K    0  1  0  0 -3  1  0  0  0 -1 -1  2  1 -1  0  0  0 -3  0 -1    9   8   4   5   0   6   6   6   2   3   4  14   5   3   5   7   6   0   3   4  0.10 0.10
  246 Y    0  0  2 -1 -3  1  1 -2  2 -1 -1 -1  0  2 -1  0  0  1  3 -1    6   4  10   2   0   5   9   3   5   4   4   2   2  11   3   5   5   2  12   5  0.17 0.16
  247 Y   -2  0 -2 -4 -5 -1 -1 -5  1  0 -1 -1  0  2 -5 -2 -1 -3  6  0    3   6   2   0   0   3   4   1   3   5   5   4   3   9   0   3   4   0  38   6  0.83 0.48
  248 K    0  2  0 -1 -3  0 -1 -1  0 -2 -2  1 -2 -2  0  1  2  0 -1 -1    7  11   5   3   0   3   4   4   3   2   4  10   0   2   5  11  19   1   3   5  0.19 0.18
  249 G    0  0  1  0 -3  1  0  0  2  0 -1  0  1 -2  1  0  0 -3  1  0    6   6   6   6   0   6   6   6   6   6   6   6   6   0   6   6   6   0   6   6  0.07 0.08
  250 T   -1  0  1 -1 -4 -2  1 -1 -3  0  0 -1  1  0 -3  0  4 -4  0 -1    4   4   7   4   0   0   9   3   0   5   8   3   4   5   0   7  29   0   3   4  0.27 0.27
  251 G    0 -2  1  1  3  1  1  0 -2 -1 -2 -1  2  1 -2  0 -1 -3 -2  0    9   0   9   9   8   9   9   9   0   0   1   0   9   9   0   9   0   0   0   9  0.13 0.12
  252 I    0  0  0  0 -3  1  0 -3  2  0 -1  0  1  1  1  0  0  3  1  0    6   6   5   6   0   5   6   0   5   6   6   6   5   5   6   6   6   5   5   6  0.10 0.12
  253 F   -2  1  1 -2 -3 -1 -2 -3  2  1  0 -2  2  1 -3  0  1  4  2  0    1   8   8   0   0   0   0   1   8   8   8   0   8   8   0   8   8   8   8   8  0.20 0.15
  254 S    0  0  1  0  2  1  0 -3  2  0  0 -1  1  0  1  0  0 -3 -2  0    6   6   6   6   6   6   6   0   6   6   6   0   6   6   6   6   6   0   0   6  0.08 0.12
  255 V    0  0  0 -2  2  1  0 -1  2  0  0  0  1  1  1 -1  0 -3  1  0    6   6   6   0   6   6   6   6   6   6   6   6   6   6   6   0   6   0   6   6  0.06 0.10
  256 L   -3 -4 -4 -5 -4 -4 -4  0 -4  1  4 -4  2  1 -4 -3  0 -3  2  0    1   0   0   0   0   0   1   9   0   8  46   0   6   7   0   1   7   0   6   7  0.64 0.30
  257 S    0  1  0 -2 -3  0  1 -1  0 -1 -1  0 -2 -3 -2  1  3 -3 -1  0    8   9   4   0   0   4   8   4   2   3   7   5   0   0   0  11  22   0   3   7  0.19 0.16
  258 L   -1 -1 -3 -4 -3 -3 -2 -2 -3  2  3 -3  3  0  1 -3 -1 -3 -3  2    4   5   0   0   0   0   3   4   0   9  29   0  12   4   6   1   4   0   0  18  0.38 0.22
  259 A    0  0  1  1  1 -1 -2 -1  1  0 -2 -2  0 -3 -3  2  3 -4 -1  0    8   6   6   7   3   2   0   3   3   6   2   0   2   0   0  23  19   0   2   7  0.27 0.22
  260 S    1  0  1 -3 -3 -2 -3 -1 -3  1  0  0  1  1 -3  1  3 -4 -2 -1   11   5   6   0   0   0   0   5   0   9   9   6   6   9   0   9  26   0   0   0  0.26 0.22
  261 E    0  1 -1 -2 -3  1  0  0  2  0  0  0  1  1 -2  0  0 -3 -1  0    7   7   0   0   0   7   7   7   7   7   7   7   7   7   0   7   7   0   0   7  0.08 0.10
  262 C    0 -1  1 -1  0 -1 -1  1  0  0  0 -1  1  2 -3  1  0 -3  0 -1    6   4   6   3   3   0   3  10   2   6  11   2   5  10   0  16   5   0   2   3  0.07 0.11
  263 T    0 -1  1 -2 -3  1 -1  0  2  0  0  0 -1  1 -2  0  0 -2  1  0    8   0   7   0   0   7   0   8   7   8   8   8   0   7   0   8   8   0   7   8  0.08 0.10
  264 T    0  3  1 -2 -4  0 -1  2  0 -2 -2  0  0 -3 -3  2  1 -2 -3 -2    6  23   6   1   0   2   2  18   3   1   4   3   3   1   0  15  10   1   0   1  0.34 0.19
  265 L    1  0  0 -3 -3  1 -2 -2  0  2  1 -1  0 -2 -3  1 -1 -4 -1  1   14   6   5   0   0   7   0   1   3  16  16   2   2   0   0  11   2   0   2  13  0.17 0.14
  266 A    0  4  2 -2 -4  3 -1 -3 -1  0  0  0 -1  0 -3 -1 -1 -4 -3  1    8  26  11   1   0  15   1   1   0   4   7   2   1   5   0   4   2   0   0  11  0.34 0.21
  267 A    1  0  1 -1 -3  0  0  3 -1  0 -2 -1 -1 -3 -3  1  0 -2 -3 -2   14   5   8   2   0   2   7  26   1  10   1   2   1   0   0  13   7   1   0   1  0.27 0.14
  268 E    0 -1  1  1 -3  0  0 -1  1 -3 -3  0 -2  2 -2  2  0  2  3 -3    4   3   7   8   0   3   6   3   4   0   0   4   0  10   1  26   6   3  12   1  0.29 0.15
  269 L   -3  0 -3 -5 -3 -2 -4 -5  1  0  4 -3  3  1 -4 -3 -1 -2  4 -1    1   5   1   0   0   1   0   0   3   2  51   1   9   5   0   0   3   0  18   1  0.64 0.24
  270 P   -2 -3 -4 -4 -4 -3 -3 -5 -4  1  0  0  0 -4  7 -3 -3  1 -4 -2    2   0   0   0   0   0   0   0   0  11  13   5   2   0  64   0   0   2   0   0  1.66 0.38
  271 K   -1  2 -1 -2 -4  0 -1 -3  0  0 -1  3 -1 -2  3  0  0 -4 -3  0    4  11   2   0   0   4   1   0   2   7   4  29   1   2  15   6   6   0   0   7  0.38 0.15
  272 V   -1  0 -3 -4 -3  2 -2 -2 -3  2  0 -2  0 -2 -4 -1  0 -4 -1  4    3   4   0   0   0  12   0   3   0  12   6   0   1   0   0   3   4   0   2  49  0.46 0.22
  273 S    1 -3  0 -2 -3 -2 -2 -2 -2 -3 -2 -2 -3 -3  0  4  2 -4  1  0    9   0   4   1   0   0   0   0   0   0   3   0   0   0   4  54  12   0   7   6  0.64 0.28
  274 Y   -3 -4 -3 -6 -1 -4 -5 -6  1 -3 -3 -4 -1  1 -6 -3 -2  0  8 -1    1   0   1   0   1   0   0   0   2   0   0   0   1   2   0   1   2   0  84   5  2.07 0.52
  275 V    0 -4 -4 -5 -3 -4 -4 -5 -4  4  1 -4  0 -2 -1 -2 -1 -4 -3  4    6   0   0   0   0   0   0   0   0  32  14   0   1   0   3   2   3   0   0  39  0.67 0.23
  276 K   -2  1 -2 -3 -5 -1 -2 -4 -1 -1 -4  5 -1 -5  4  0  0 -5 -4 -3    0   3   0   0   0   0   0   0   2   5   0  51   2   0  26   5   7   0   0   0  1.01 0.33
  277 A    5 -3  1 -3  1 -2 -2 -1 -3 -3 -3 -2 -3 -4 -3  1  1  3 -3 -2   64   0   7   0   3   0   0   2   0   0   0   0   0   0   0  11   9   5   0   0  0.84 0.32
  278 L   -1 -4 -4 -5 -3 -3 -4 -4 -3  4  2 -3  2  0 -4 -2 -2 -3  0  2    4   0   0   0   0   0   0   0   0  38  26   0   7   3   0   2   0   0   3  14  0.58 0.20
  279 D   -1 -3 -1  6 -4 -2  0 -3 -3 -1  1 -2 -2 -3 -3  0 -2 -4 -4 -3    4   0   0  63   0   0   3   1   0   4  17   0   0   0   0   5   0   0   0   1  0.99 0.29
  280 V   -1 -3 -3 -4 -2 -3 -3 -4 -3  3  1 -2  1  1 -3 -2  0  2 -2  4    2   0   0   0   0   0   1   1   0  26   8   1   2   8   0   2   5   3   0  40  0.51 0.18
  281 W   -4 -4 -5 -5 -4 -4 -5 -5 -3  0 -2 -4 -2  1 -5 -4 -3  9  4  2    0   0   0   0   0   0   0   0   0   5   0   0   0   5   0   0   0  48  20  18  1.86 0.41
  282 L   -1 -4 -2 -5  1 -3 -4 -5 -4  3  3 -4  5  0 -4 -3 -1 -3  0  0    3   0   2   0   3   0   0   0   0  19  37   0  25   4   0   0   2   0   3   3  0.68 0.24
  283 I    1 -3 -1 -3 -1  0 -3  0 -3  2  2 -2  1  1 -3 -1  0  1 -2  1   12   0   3   0   1   5   0   8   0  18  22   0   3   7   0   4   4   3   0  10  0.16 0.10
  284 A    2 -3 -2 -3 -2 -2 -2  1 -3  0 -1 -2  1  0  0  2  1 -4 -3  2   23   0   1   0   0   0   0   9   0   5   1   0   6   4   5  22   6   0   0  19  0.30 0.16
  285 C   -3 -1 -3 -6  9 -5 -6 -3 -5 -4 -4 -5 -4  0 -6 -1 -3  7 -3 -4    0   5   1   0  68   0   0   2   0   0   0   0   0   3   0   4   0  17   0   0  2.22 0.51
  286 L   -2 -3 -3 -4 -3 -1 -3 -5 -3  2  3 -3  3  3 -4 -2  0 -2  0  2    0   0   1   0   0   3   1   0   0   9  28   0  13  16   0   2   5   0   3  19  0.46 0.18
  287 L    1 -3 -2 -3  0 -2 -3 -1 -3  1  1 -2  2  1 -3  1  1 -3 -2  2   12   0   0   0   2   0   0   3   0   7  14   0   8   6   0  17  11   0   0  19  0.24 0.13
  288 F   -3 -5 -3 -6 -4 -5 -5 -6 -3  1 -1 -5  3  7 -5 -4 -4 -2  1  0    1   0   1   0   0   0   0   0   0   6   2   0   8  75   0   0   0   0   1   6  1.58 0.42
  289 G    0 -4 -2 -4 -3 -3 -3 -1  0  2 -1 -3 -1 -2 -4  0 -1  4 -2  5    6   0   2   0   0   0   1   5   3   7   2   0   0   0   0   7   2   8   0  58  0.63 0.26
  290 F   -3 -5 -5 -6 -1 -5 -5 -5 -4  1  1 -5  0  7 -5 -3 -3 -2  0  2    0   0   0   0   1   0   0   0   0   8   8   0   2  65   0   1   1   0   0  14  1.30 0.36
  291 A    3 -1  0 -1  0 -2 -2  2 -3 -1  1 -2  0 -2  0  1 -1 -4 -3 -1   38   4   5   2   2   0   0  15   0   1  15   0   2   1   3   8   1   0   0   1  0.29 0.16
  292 S    3 -3 -2 -3 -3 -2 -2 -2  0 -3 -3 -2 -3 -4  1  4  2 -5 -3 -1   34   0   0   0   0   0   0   0   3   0   0   0   0   0   5  43  11   0   0   4  0.77 0.29
  293 L   -2 -3 -4 -5 -3 -3 -1 -5  2  1  4 -3  3  0 -4 -3 -3 -3 -1  0    1   0   0   0   0   0   4   0   7   4  68   0   9   2   0   0   0   0   1   4  0.79 0.25
  294 V    1 -3 -4 -5 -2 -3 -4 -3 -4  3  3 -3  3 -1 -4 -2 -2 -3 -2  3   11   0   0   0   0   0   0   1   0  18  35   0   9   1   0   1   0   0   0  22  0.52 0.17
  295 E   -2 -2 -2 -1 -5  1  6 -4 -1 -2 -4 -1 -3 -5 -3 -1  1 -5 -4 -1    0   0   0   0   0   2  76   0   1   3   0   2   0   0   0   3   8   0   0   5  1.22 0.35
  296 Y   -3 -4 -3 -5 -4 -4 -4 -5 -1 -2 -1 -4 -2  5  1 -1 -1  0  6 -2    0   0   1   0   0   0   0   0   0   1   6   0   0  29   6   4   4   0  47   1  1.16 0.31
  297 A    5 -3 -3 -4  2 -3 -3 -2 -3 -3 -3 -2 -3 -4 -2  0  0 -5 -4 -1   82   0   0   0   6   0   0   0   0   0   1   0   0   0   0   4   5   0   0   2  1.11 0.35
  298 V    1  2 -3 -4 -1 -2 -3 -3 -3  1  1 -2  0  2 -3 -2  0 -1  0  2   13  14   0   0   2   0   0   0   0   9  16   0   1  12   0   0   4   1   3  26  0.26 0.13
  299 V    1 -2 -2 -2 -2 -1  1 -3 -2  1  1 -2  0  2 -2  1 -1 -3 -1  1   14   0   0   0   0   0  14   0   0  14  14   0   0  14   0  14   0   0   0  14  0.16 0.06
  300 Q   -1 -2  4 -1  1  1  1  1  2 -3 -2  0 -2 -3 -3  0  0 -3  0 -3    4   0  30   0   4   5  11  14   5   0   5   5   0   0   0   6   4   0   4   0  0.37 0.17
  301 V    0 -3  0 -3  1 -2 -3 -3  1  1  0 -3  0  2 -3 -1  0 -1  4  1   11   0   5   0   3   0   0   0   4   9   5   0   3  10   0   4   4   0  25  15  0.33 0.17
  302 M    0  0  0 -3  2  1 -2  0  2  0  0  0  1  1 -3  0  0  3  1  0    6   6   6   0   6   6   0   6   6   6   6   6   6   6   0   6   6   6   6   6  0.10 0.13
  303 L    0  0  0  0  0  0 -2 -1  1  0  1  0  1  0 -3  0  1 -2  1  0    5   4   3   5   3   3   0   4   3   6  18   6   3   5   0   8   9   0   7   6  0.06 0.10
  304 N   -1  4  2 -1 -4  1  0 -1  1 -1 -1  1 -2 -1 -3 -1  0  3 -3 -1    3  24  13   3   0   6   4   4   4   4   6   7   0   3   0   4   5   4   0   3  0.31 0.25
  305 N   -1  2  2  0  0  0 -1  0  1 -1 -1  2  0 -1 -3  0  0 -3  0 -1    2  12  13   4   2   4   3   8   4   2   6  12   3   3   0   7   6   0   3   5  0.15 0.16
  306 P    0  0 -1  1 -4  1  1  0  2 -1 -2  1  0 -2  3  0 -1 -3  0 -1    6   4   2   7   0   6   9   7   6   3   3  10   2   2  13   8   2   0   4   5  0.19 0.16
  307 K   -1  2 -1 -1 -5  1  1  0  0 -1 -2  4  1 -2  0  0  0 -5 -2 -2    5  12   2   3   0   5   9   7   2   3   3  27   4   2   3   5   5   0   1   2  0.33 0.29
  308 R   -2  5  0 -4 -5  1  0 -2  2 -3 -3  3 -1 -5 -1 -1  0 -5 -1 -2    2  37   3   0   0   5   5   3   5   1   3  17   1   0   4   4   5   0   2   3  0.69 0.46
  309 V    0  1 -1 -2 -1  1 -1 -3 -2  1  0  1  0  0  0  0  0  0  0  1    6   7   2   2   1   9   3   0   0  11   8  12   3   3   4   5   6   2   3  12  0.11 0.14
  310 E    0  2  0  0 -5  3  3 -1  1 -3 -3  1 -2 -4  0 -1 -1 -5 -2 -1    7  12   4   4   0  13  23   4   3   1   3  10   1   0   3   3   4   0   1   4  0.39 0.31
  311 A    1  1 -1 -1 -3  1  0 -2  0 -2 -1  2  0 -1 -1  0  0 -4  0  0   16  10   3   3   0   5   6   2   2   2   7  14   3   2   3   8   5   0   4   6  0.15 0.16
  312 E   -1  2  0 -1 -2  1  3 -2  1 -1 -3  3  0 -2 -2  0 -1  0 -2 -2    3  11   5   2   1   5  21   2   4   3   1  21   2   2   2   5   4   1   1   3  0.38 0.31
  313 K    0  3 -1 -1 -1  1  0 -2 -1 -3 -2  5 -4 -3 -2 -1 -1 -5 -2 -3    7  15   2   3   1   6   5   3   1   1   4  38   0   1   2   3   2   0   1   1  0.63 0.44
  314 A    2  1 -1 -1 -1  2  1 -2 -3 -2 -1  2  0 -2 -1  1 -1  1 -3 -1   20   9   2   2   2   8  10   2   0   2   7  11   3   1   3  10   2   2   0   5  0.21 0.22
  315 R   -1  5 -1 -3 -1  0 -1 -3 -2 -3 -3  3  0 -1 -3 -1 -2 -5 -4 -2    4  39   3   1   1   4   4   2   1   1   2  22   2   3   1   5   3   0   0   3  0.82 0.52
  316 I   -1  0 -2 -2  0  1  0 -1  0  2  1  1  1  0 -1 -1  0 -3  0  1    3   5   0   2   2   5   7   4   2  16  13   9   4   3   3   5   6   0   3   8  0.08 0.11
  317 A    3  1  1  0 -4  1  1 -1  0 -3 -1  2  0 -2 -1  0 -1 -5 -4 -2   25   6   8   5   0   5   8   4   2   0   8  14   2   1   2   5   3   0   0   2  0.27 0.26
  318 K    0  1  0  0 -5  1  1 -1 -3 -4 -1  4 -1 -2  0  0 -2 -4  1 -2    8   8   3   4   0   7  10   4   0   0   7  28   1   1   4   5   1   0   5   2  0.36 0.30
  319 A    1  1  0 -1  0  1  1 -1 -1  1 -1  1  0 -4  1  2 -1 -5 -4 -1   13  10   3   2   2   8   8   4   1   9   4   7   3   0   7  15   2   0   0   2  0.18 0.20
  320 E   -1  1  1 -2 -6  3  4  0  1 -5 -2  2 -1 -5 -2  0 -2 -6 -5 -3    5   6   6   1   0  13  32   6   3   0   4  10   1   0   1   8   2   0   0   1  0.59 0.43
  321 Q   -1  1  0 -2  0  2  2 -1  2 -3 -1  1  1 -2 -1  1  0 -4 -1  0    3   7   5   0   2  11  14   3   5   0   6  10   4   1   3  10   5   0   2   7  0.19 0.21
  322 A    2  0  0 -1 -1  0  1 -2 -1  0 -2  2  0 -2 -1  2  0 -1 -2 -2   24   4   4   3   1   3   8   1   1   6   2  12   2   1   2  15   6   1   1   2  0.25 0.24
  323 D    0 -1  0  4 -1  0  2 -3 -3 -3 -2  1 -1 -4 -1  0  1 -1 -1 -2    8   3   5  24   2   4  14   1   0   1   4   9   2   0   3   6   9   1   2   3  0.35 0.27
  324 G    0 -1  1  1 -1  1  0  3 -1 -1 -2 -1  0 -4 -1  1  0 -5 -4 -1    5   3   7   8   2   6   6  24   1   3   4   3   3   0   3  11   5   0   0   5  0.23 0.19
  325 K   -2  2  0  0 -5  2  1 -3  0 -2 -2  4  2 -3 -1  0  0 -5 -4 -2    1   8   3   4   0  10   8   1   2   2   4  33   6   1   3   6   5   0   0   2  0.50 0.38
  326 G   -1  1  0  0  0 -1  1  2 -3 -1 -2  1  2 -1  0  1 -1  0 -3 -1    4   7   4   6   2   1   9  20   0   4   3   8   8   3   4   9   2   2   0   3  0.16 0.18
  327 G   -1  1  0  1 -1  0  1  2 -1 -2 -2  0  0  0  0  1  0 -4 -3 -2    4  11   5   7   1   3   9  20   1   2   3   5   3   4   4  11   5   0   0   2  0.19 0.17
  328 N   -1  1  4  2 -4 -1  0 -2  1 -4 -2  0  0  0  0  1  1 -5 -3 -4    5   7  21  13   0   2   6   3   4   0   4   4   3   4   4  13   7   0   0   0  0.36 0.28
  329 A    1  0  0  0 -3  0  1  1 -2  0 -1 -1  0 -3 -1  2 -1 -1  0  0   15   4   5   5   0   4   8   9   0   7   6   3   2   0   2  16   2   1   3   8  0.11 0.14
  330 A    1  1 -1 -1 -1 -1  1 -1 -2 -1 -2  1  1 -1  1  1  0  1  1  0   14  10   3   2   1   0  11   4   0   4   2   8   4   3   6  10   5   2   5   5  0.12 0.15
  331 K   -2  1  1 -3  1  0  1 -4  2 -1 -2  3  2 -2  0  2 -1  0 -3 -3    2   8   6   0   3   2   9   0   5   4   2  25   6   2   5  17   2   2   0   0  0.41 0.34
  332 K   -2  1  2  0 -4  2  2 -3  2 -3 -1  2  1 -4 -2  1  0 -5 -3  0    2   5  10   3   0  11  13   1   6   0   8  13   4   0   1  13   4   0   0   7  0.30 0.27
  333 N    0  1  3  0 -4  1  1  0  0 -3 -1  0 -3 -1 -2  1  0  0  0 -2    6   8  15   4   0   6  11   6   1   0   6   5   0   3   1  14   5   1   4   2  0.21 0.20
  334 T    0  0  0  0  1  2 -1 -2 -3 -1 -2  0  2 -2 -2  0  3 -4 -1 -1    8   6   5   6   4  10   3   2   0   3   3   5   6   2   2   4  27   0   2   4  0.27 0.27
  335 V    0 -1 -3 -2  3  0  0 -4 -3  1  0  0  0 -2 -3  1  1 -4 -3  3    9   2   0   2   7   3   6   0   0   6   8   5   1   2   0   9  12   0   0  28  0.28 0.25
  336 N   -1  2  5  3 -5  0  1 -3 -2 -4 -2 -2  0 -1 -1  1 -3 -5 -2 -3    4  11  30  18   0   4   7   0   0   0   4   0   3   3   3   8   0   0   2   2  0.63 0.41
  337 G    0  0 -2 -1 -4  0 -2  3 -3 -2 -1  0  1 -2 -2  0  0  0 -1  0    8   6   0   3   0   5   2  30   0   2   6   5   4   2   2   6   6   2   2   8  0.25 0.21
  338 T    0  0  0  0 -3  0  0 -1  1  0 -1  0  0 -1  0  1  2 -4 -1 -1    5   6   5   6   0   2   5   3   5   5   6   5   2   3   5  14  18   0   2   5  0.14 0.14
  339 G    0 -1  0  0 -1 -1  0  3  1 -3 -3  0 -1 -4  2  1  0 -4 -4 -2    8   2   3   6   2   2   5  30   3   2   2   6   2   0   9   9   6   0   0   2  0.35 0.23
  340 T    0  0  1  1 -4 -1 -1 -2 -3 -1 -1  0  0 -3  0  1  4 -5 -1  0    7   5   6   8   0   2   3   2   0   3   4   5   2   0   5   7  30   0   2   7  0.29 0.26
  341 P    0 -1  0 -1 -5  1  0 -4  2  1 -4 -1 -4 -4  6  0 -3 -5  0 -3    7   4   4   4   0   6   7   0   5  10   0   2   0   0  41   6   0   0   3   0  0.92 0.46
  342 V   -1  0  0 -2  1 -1 -2 -3  0  2  1 -1  2 -2 -1 -1 -1 -3 -1  3    5   5   5   2   4   2   2   1   2  18   9   3   8   0   3   3   2   0   2  24  0.22 0.18
  343 H   -2 -1 -1  0 -5  2  1 -4  6 -3  0 -1  0 -2 -4  0 -1  1  3 -2    3   2   2   4   0   8   9   0  31   0   9   3   3   0   0   7   2   2  12   2  0.68 0.39
  344 I    0 -1 -3 -1 -1 -2  0 -2 -3  2  2 -3 -1 -2  0 -2 -1 -3  1  2    8   3   0   3   2   0   7   3   0  17  26   0   0   0   5   0   4   0   5  15  0.24 0.20
  345 S    0  0  1 -1  0  1 -1 -1  0 -3 -2  0 -3 -4 -2  4  2 -5 -4 -1    3   3   8   2   3   8   2   3   2   0   3   5   0   0   2  36  15   0   0   4  0.46 0.33
  346 T   -1  0  0  1 -3  0  0 -1  0 -1 -1  1 -2  0  0  1  2  0 -1 -1    4   5   5   9   0   2   5   3   2   5   6   8   0   6   5   9  19   2   2   3  0.12 0.12
  347 L   -1 -1 -3 -2 -3 -1 -2 -3 -3  2  2 -2  1  0 -3 -1  1  4 -2  2    3   4   0   3   0   2   3   1   0  12  27   1   2   4   1   5  10   6   0  16  0.29 0.19
  348 Q   -2  1  2 -1 -4  3  2  0  0 -1 -1  0 -2 -3  0  1  0 -4 -3 -2    1   7  12   1   0  16  18   6   2   5   6   5   0   0   4  10   6   0   0   1  0.32 0.22
  349 V   -1  0 -1 -3 -2 -2 -2 -3  1  2  1  0  2  1 -3  0  1 -3 -2  2    4   4   3   1   0   0   1   1   4  11  13   6   7   6   1   9  11   0   0  19  0.18 0.15
  350 G    0 -2  2  1  0  1  0  2 -1 -1 -1  0 -2 -2  0  1  0  1 -1 -2    6   1  13  10   2   7   4  15   0   4   5   4   0   1   4  14   3   2   3   2  0.17 0.12
  351 E   -1 -1  1  1  0  0  4 -3  1 -3 -2  0 -3 -1  0  1  0  0 -3 -2    3   2   7   8   3   3  36   1   3   0   3   3   0   2   4  13   4   2   0   3  0.46 0.28
  352 T    1  0  0 -1 -3 -2 -2  0  0  1 -1 -1  2 -3 -1  2  3 -4 -3  0    9   6   4   3   0   0   1   6   3   8   2   3   9   0   3  15  22   0   0   5  0.23 0.19
  353 R    0  3  1 -2 -3  1 -1  0  1 -2 -3  0 -3 -3  2  2  0 -3  0 -3    7  22   8   0   0   5   2   6   3   3   1   4   0   0   9  20   3   0   5   1  0.37 0.23
  354 C   -1 -3 -1 -3  5 -2 -3  0 -3 -1  1 -3  1  0  0  2  2  0  0 -1    1   0   3   1  18   0   1   8   0   3  13   1   4   4   5  18  12   2   3   3  0.32 0.22
  355 K   -2  2  2  0 -3  1  0 -3  0  0 -1  2 -2 -1  2  1  0 -4 -3 -2    1  15  10   4   0   7   3   1   2   6   7  13   0   3  10  11   7   0   0   1  0.27 0.18
  356 K   -1  3  1  1 -4  1  2 -3 -2 -4 -1  2 -3 -1  1  1 -1 -4 -3 -3    4  18   8   7   0   5  14   0   0   0   6  15   0   3   5  11   3   0   0   0  0.38 0.23
  357 V    1  1  0 -1 -3 -2 -2 -3  0  1  0  0  1  0 -3  0  1 -4 -2  2   12  11   4   2   0   0   0   0   3   5   9   5   5   4   0   6   7   0   0  25  0.19 0.18
  358 C   -1  1  2  1  3 -2 -2  0 -2 -1 -2 -1  1  1  0 -1  1 -3  1  0    2   8  13   8  10   0   0   7   0   3   2   3   5   7   4   2  10   0   5   9  0.13 0.15
  359 T    0 -1  2  0 -3 -2 -1 -1 -2 -1 -1  0  1  1 -1  0  3  2 -2 -2    8   3  13   6   0   0   3   4   0   3   5   7   4   7   3   5  25   4   0   0  0.23 0.20
  360 S   -1  0  0  0 -4 -2  0  1 -2 -4 -3 -1 -3 -3  1  3  0  2  1 -2    2   6   3   5   0   0   7  13   0   0   3   2   0   0   8  34   3   4   7   2  0.39 0.28
  361 K   -2  1  1  0 -4  1  1 -1 -2 -1  0  2  0 -3  1  0 -1 -4 -1 -1    0   6   9   5   0   8   9   5   0   2  13  18   2   0   6   9   3   0   3   4  0.18 0.16
  362 S    0 -1  2 -2 -3 -1  0  2  1 -1 -1  0 -2 -3 -1  2  0 -4 -1 -1    8   2  13   0   0   2   6  16   5   5   8   4   0   0   3  17   5   0   3   5  0.18 0.16
  363 D   -3 -1  0  5 -5  1  1 -4 -3 -2 -4  1 -4 -1  0  1  0 -5 -1 -2    0   3   3  40   0   6   8   0   0   2   0  10   0   2   4   9   7   0   2   3  0.66 0.36
  364 L   -1 -1 -3 -3  1 -2  0 -1 -3  1  2 -1 -1  0  3 -1 -1 -3  1 -1    2   2   0   0   4   0   9   5   0   8  30   3   0   3  18   4   2   0   5   3  0.32 0.22
  365 R   -1  5  1  0 -5  2  0 -1 -2 -4 -4  1 -3 -5 -4  0  0 -5 -4 -2    3  45   6   5   0   9   4   4   0   0   0   8   0   0   0   8   4   0   0   3  0.80 0.40
  366 S    1 -3  1  0  1  1  0  1 -3 -4 -4 -2 -3 -4  1  4  1 -5 -4 -2    9   0   7   5   4   5   6   9   0   0   0   0   0   0   8  36   9   0   0   3  0.50 0.31
  367 N   -2 -1  3  2 -4  1  1 -1  2 -2 -3 -1 -3 -4  1  1  3 -5 -3 -2    0   3  15  13   0   8   8   3   5   2   2   3   0   0   6   8  23   0   0   3  0.41 0.27
  368 D    1  1  0  3 -3 -1  1  1 -2 -2 -2  0  2 -3 -3  0  1 -4 -3 -1   15   9   2  18   0   0   8  10   0   0   3   5   8   0   0   6  10   0   0   3  0.25 0.19
  369 F   -2 -3 -3 -4 -4  0 -2 -2  0  1  0 -3  0  4  0  0  0 -2  3 -1    0   0   0   0   0   5   3   3   3  12   6   0   3  27   5  10   8   0  11   3  0.40 0.26
  370 S    1  1 -2  0 -3  0 -1 -1 -2 -3 -1  1  0 -3  1  3  1 -4 -1 -1    8   8   0   4   0   3   2   3   0   0   8   8   2   0   5  34   7   0   3   3  0.32 0.25
  371 I   -1 -3  1 -3 -3 -3 -3 -4 -2  2  1 -1 -1  1  1  1  1 -3  2  2    2   0   8   0   0   0   0   0   0  15  11   3   0   8   6  14   7   0  11  16  0.27 0.22
  372 V   -1 -3 -2  1 -3 -1  0  0  0  1 -1 -2 -2 -1  2  1  1 -4 -3  2    2   0   0   9   0   2   6   8   3   8   2   0   0   3  11  14  12   0   0  19  0.22 0.20
  373 G    1 -2  1  1 -3  0 -1  2  0 -1 -1  0  0 -1  2  0  0 -4 -3 -2   10   0   7   9   0   3   3  20   2   3   8   6   3   3  11   7   4   0   0   0  0.21 0.14
  374 S    0 -2  1  0 -4 -2 -2  0  0  0 -1  1  0 -4  0  4  0 -5 -1 -3    5   0   5   6   0   0   0   5   3   6   5  10   3   0   5  42   3   0   3   0  0.42 0.32
  375 L   -1 -1  0 -3 -3  1 -1 -2  0  2  2 -1  1  1 -3  0  0 -3  0  0    5   3   6   0   0   6   4   2   3  17  21   3   3   9   0   6   3   0   2   5  0.13 0.13
  376 P   -1 -3  1 -3 -5  2  1 -4  0 -2 -1 -1 -3 -4  5  1 -2 -4  1 -4    3   0   7   0   0   9   9   0   2   2   6   3   0   0  40  12   0   0   6   0  0.89 0.40
  377 R   -1  3  1 -2 -4  0  0 -2  1 -3 -1  1  1 -1  2  0  0 -3  1 -3    5  24   6   0   0   2   6   3   3   0   6   6   6   2  10   8   6   0   6   0  0.29 0.19
  378 D   -1  2  2  2 -4 -1  2 -1  2 -1 -4  2 -3 -4 -1  2 -1 -5 -1 -3    3  11  10  11   0   0  14   3   5   6   0  12   0   0   3  17   3   0   2   0  0.35 0.23
  379 F   -1  0 -3 -3  2  1 -1 -1 -2  0  1  0 -1  3  0 -1  1 -3 -1 -1    5   5   0   0   5   7   3   5   0   3  18   6   0  22   5   3  10   0   0   3  0.18 0.18
  380 E   -2  1  1  1 -4  2  2  0 -2 -2 -3  1 -3 -4  1  0  1  3 -3 -3    0   7   8   6   0  14  17   9   0   4   0   9   0   0   7   7   8   4   0   0  0.35 0.21
  381 L   -1  0 -2 -1  0 -1  0 -2  0  1  2 -2  3 -2  0 -1 -1  1 -2  0    3   5   1   3   3   3   6   4   3  11  25   1  14   0   4   6   3   3   0   3  0.17 0.15
  382 S    0  0  0 -1 -3  2  0 -1  1 -3 -1  0 -2 -4  2  3  1 -4 -3 -3    7   5   3   3   0  11   6   3   4   0   6   3   0   0  10  30   9   0   0   0  0.39 0.26
  383 N   -1  2  3  0 -4  2 -1 -3  2 -4 -4  1 -1 -4  2  1  1 -5 -3 -3    3  13  19   5   0   9   2   0   5   0   0   9   2   0   9  12  10   0   0   0  0.47 0.27
  384 Y   -1  1 -2 -3 -3 -2 -3 -1  2 -1 -1 -1 -2  2 -1 -1  1 -2  4  0    3  11   0   0   0   0   0   6   7   3   6   3   0  10   3   3  12   0  21   9  0.30 0.21
  385 D    0 -2  1  4 -4  0  2  0 -2 -2 -4  0 -3 -4  1  0  1 -4 -4 -3    7   0   5  29   0   3  14   8   0   3   1   6   0   0   6   5  10   0   0   0  0.47 0.24
  386 C    0 -1 -1 -1  5 -2 -1  0 -3 -1  0 -2 -2  1  1  0  0 -3 -2  0    9   3   3   3  21   1   3   6   0   3   8   1   0   8   8   8   7   0   0   7  0.24 0.16
  387 Y   -1 -2 -1 -3 -3 -2 -2  1  4 -1 -1 -1  0  3 -1  0 -2 -1  4 -1    4   1   3   1   0   1   1  10  14   4   4   3   3  18   3   9   1   0  17   4  0.36 0.21
  388 G    1  2 -1 -1 -3  0 -2  3  0 -2 -1  0 -2 -2  0  0 -1 -3  0 -1   13  13   1   3   0   4   1  30   3   1   7   4   0   1   4   6   1   0   4   4  0.28 0.14
  389 K   -1  3  0  0 -3  0  0  0  1 -1 -2  2  0 -2 -2  0 -1  2  0 -1    4  18   5   5   0   3   6   7   5   5   2  14   3   1   1   6   3   4   3   4  0.17 0.09
  390 P    0  0  0  0 -3  1 -1  0  1 -1 -1  0 -2 -1  4  1  0 -3 -2 -2    8   4   3   5   0   7   1   6   5   5   5   6   0   3  24   9   6   0   1   1  0.36 0.13
  391 I    0  0 -2 -3  2  0 -2 -3 -2  2  2 -2  2  1  0 -2 -1 -2  0  1    7   7   1   1   6   5   1   1   0  12  19   1   9   6   4   1   3   0   3  12  0.16 0.10
  392 E    0  0  1  3 -4  1  2 -1 -2 -3  0 -1 -2 -4 -3  2  0 -4 -3 -2    5   6   6  17   0   6  19   5   0   0  10   0   0   0   0  16   5   0   0   3  0.33 0.19
  393 V   -2  1 -2  1 -3 -2  0 -3 -2  2  1 -1  3  0 -3 -1  0 -3 -1  2    1   8   0  10   0   0   5   1   0  12  15   4  10   3   0   4   7   0   2  18  0.18 0.14
  394 N   -1  2  2  2 -4  1  1  0  1 -2 -4  1 -3 -4  0  1  1 -5 -3 -3    4  14  11  10   0   6   8   7   4   3   0  10   0   0   3   8  12   0   0   0  0.33 0.17
  395 N    1  1  3  1 -4  0 -2  0  3 -3 -4  0 -3 -4 -1  2  1 -5 -3 -1   10   9  18   7   0   4   0   7   8   0   0   3   0   0   3  18   7   0   0   6  0.36 0.21
  396 G    1 -1  1  0 -3  0  0  2 -2  0 -1 -1 -2 -3  1  1 -1  2 -3 -1   14   2   6   4   0   4   4  21   0  11   5   3   0   0   7  11   0   3   0   2  0.20 0.13
  397 L    0  1 -2 -3 -3  0 -1 -2  2  0  2  0  1  0  2 -1  0 -3 -2 -1    9   9   0   0   0   4   3   2   6   6  29   5   3   3   9   3   7   0   0   0  0.18 0.14
  398 G    0  1 -2 -2 -3  0  0  3  1 -1 -2  1  0 -3  2  1 -1 -3  0  0    4   9   0   0   0   2   5  24   4   3   1   7   3   0   9  12   0   0   3  11  0.25 0.15
  399 K   -2  2 -2 -3 -4  0  0  1  1 -1 -3  4 -3 -1  0  0 -2  2  2 -1    0   9   0   0   0   3   3  12   4   3   0  34   0   3   5   7   0   3   8   6  0.39 0.24
  400 P    0 -2 -1  0 -4 -1  0 -1 -3 -3  0  2  1 -3  4  0 -2 -4 -1 -3    8   0   3   6   0   1   5   5   0   0  11  16   4   0  27   9   0   0   3   0  0.49 0.23
  401 Q   -1  4  0 -1 -4  3  1 -2  1 -2 -3  2  2 -4 -3  1  0 -4 -3 -3    3  24   4   3   0  16   6   2   4   3   0  13   7   0   0   9   6   0   0   0  0.47 0.24
  402 A    1  3 -1 -3 -3 -1 -1 -1  2 -1 -1  1 -2  0  1  1 -1  3 -2 -1   14  20   1   0   0   0   3   4   7   5   8   6   0   4   6  11   3   5   0   3  0.20 0.15
  403 K   -2  3  1 -3 -4  2 -1 -3 -2  0  1  2 -1  0 -1  0 -2 -4 -2  0    0  22   6   0   0  11   3   0   0   6  15  14   0   6   3   6   0   0   0   7  0.31 0.20
  404 N   -1  3  2 -2  0 -1  0 -1 -1 -1 -2  2 -2 -3 -3  0  0  2 -3  0    3  23  15   0   3   0   7   4   1   3   4  12   0   0   0   6   7   3   0   7  0.29 0.17
  405 K    0  4  1 -1 -4  0 -2 -1  2 -3 -4  3 -3 -4 -1  1 -2  2 -3  0    6  31   5   3   0   3   0   4   7   0   0  18   0   0   3   9   0   3   0   7  0.50 0.26
  406 K   -1  4 -2  0 -4  0  0  0 -2 -1 -2  2 -2 -4  2  1 -1 -4 -3 -3    4  27   0   7   0   3   4   7   0   6   4  15   0   0   9  11   3   0   0   0  0.39 0.20
  407 P    2 -3  0 -3 -3 -2 -2 -3 -3 -2  1  0 -2 -3  5  1  0 -4 -4 -1   16   0   6   0   0   0   0   0   0   0  17   6   0   0  33  10   6   0   0   3  0.68 0.28
  408 P    0  1  0 -3  1 -2 -2 -1  0 -1 -1  1 -2 -1  4  2  0  1 -3 -1    5   6   4   0   4   0   0   3   3   4   6  12   0   2  19  22   3   3   0   3  0.35 0.20
  409 P    1  0 -2  0 -4  3  0 -3 -2  0 -1  0 -2 -1  4  1 -2 -4  0 -2   10   3   0   6   0  15   4   0   0   8   6   6   0   3  22  12   0   0   4   0  0.40 0.22
  410 A    0  0 -2 -1 -3  0 -2 -3  1  1  1  0 -1  0  1  1  0  2 -2 -1   10   6   0   3   0   5   0   0   4  15  19   4   0   5   6  12   6   3   0   0  0.12 0.13
  411 K   -3  2  0 -3  3 -1 -1 -1  1 -4 -1  5 -3 -3 -3 -2 -3  2  1 -4    1  12   3   0   7   0   3   4   3   0   6  49   0   0   0   0   0   4   5   0  0.78 0.35
  412 P    0 -2  1 -1  1 -1  0 -1  1  1 -1  0 -1 -3  3  0  0 -4 -2  0   10   0   7   3   3   0   6   3   4  10   6   8   0   0  16   7   6   0   0   9  0.19 0.10
  413 V   -1 -1 -2 -3  1  0 -2 -1 -2  0  1  2  2  0 -2  0  2 -3 -2  2    1   1   1   1   3   3   1   4   0   3  14  16   6   3   1   7  18   0   0  16  0.19 0.15
  414 I   -1 -1 -3 -4 -3 -3 -3 -4 -3  4  1 -3  2  2 -1 -1 -1 -3  0  1    4   3   0   0   0   0   1   1   0  42  13   1   7  10   3   5   3   0   3   4  0.48 0.24
  415 P   -1  0 -2 -3 -4 -2 -1  0  1 -3 -3  1 -3 -4  6  1  1 -4 -3 -1    3   4   1   1   0   1   4   6   4   1   1   9   0   0  43  10   8   0   0   4  0.94 0.31
  416 T   -1 -1  0 -2  1  1 -1 -1  1  0 -2  0  0  1 -2  1  3  2  0 -1    2   3   3   1   4   5   4   5   4   6   1   5   3   6   1  11  26   4   3   4  0.18 0.14
  417 A    0  2 -1  2 -3  0  1  0  1  0 -2 -1  0 -3 -2  0  1 -4 -3  0   10  12   0  15   0   3   7   6   3   7   1   0   3   0   0   8  12   0   0  10  0.18 0.13
  418 A    3 -3 -3 -3 -3 -2 -3  1 -3 -1 -2 -2 -2 -3  2  1  1 -4 -3  3   29   0   0   0   0   0   1  13   0   0   1   0   0   0  12   8   8   0   0  25  0.48 0.26
  419 K   -2  1  4  0 -5  1  2 -3  1 -4 -3  3 -3 -4 -3  2 -2 -5 -4 -4    0   6  28   3   0   5  13   0   4   0   3  20   0   0   0  16   0   0   0   0  0.67 0.32
  420 R    1  4 -2  1 -4  0 -2 -3 -2 -1 -3  2  0 -4 -3  1  0  3 -3  0   13  26   0  10   0   3   0   0   0   4   0  13   3   0   0  10   6   5   0   6  0.40 0.23
  421 I   -4 -6 -6 -7 -4 -6 -6 -7 -6  7  0 -6 -1 -3 -6 -5 -3 -5 -4  2    0   0   0   0   0   0   0   0   0  84   5   0   0   0   0   0   0   0   0  10  1.89 0.63
  422 D   -5 -5 -2  8 -7 -4 -2 -5 -4 -7 -8 -4 -7 -7 -5 -4 -4 -8 -7 -7    0   0   0 100   0   0   0   0   0   0   0   0   0   0   0   0   0   0   0   0  2.85 0.83
  423 L   -3  3  0 -3 -5 -1  0 -4 -3  0  1  5 -2 -1 -4 -3 -1 -5 -4 -1    0  15   3   0   0   0   5   0   0   6  13  48   0   3   0   0   3   0   0   3  0.75 0.37
  424 Y   -4  0 -5 -6  1 -4 -5 -6 -2  2  0 -4 -2  2 -6 -4 -2  6  6  0    0   5   0   0   3   0   0   0   0  16   6   0   0   9   0   0   3  15  37   6  1.16 0.43
  425 A    3 -4 -3 -4  4 -3 -3 -3 -4 -5 -5 -3 -4 -5 -4  6 -1 -6 -5 -4   21   0   0   0   9   0   0   0   0   0   0   0   0   0   0  71   0   0   0   0  1.48 0.61
  426 R   -1  7 -3 -5 -6  0 -3 -5 -3 -2 -5  1 -4 -6 -5 -3 -4 -6 -5 -5    6  84   0   0   0   3   0   0   0   3   0   3   0   0   0   0   0   0   0   0  2.05 0.69
  427 A    1 -4 -5 -6 -3 -4 -5 -5 -4  5  0 -2  3 -2 -5 -3 -3  4  2  2   12   0   0   0   0   0   0   0   0  45   3   3  10   0   0   0   0   7   9  12  0.84 0.38
  428 L    0 -4 -5 -5 -3 -4 -4 -5 -4  3  2 -4  2  2 -4 -3 -2 -4 -2  3   10   0   0   0   0   0   0   0   0  25  24   0   6  12   0   0   0   0   0  24  0.70 0.30
  429 F   -6 -7 -7 -7 -6 -7 -7 -7 -5 -4 -3 -7 -3  9 -7 -6 -5 -3  0 -4    0   0   0   0   0   0   0   0   0   0   0   0   0 100   0   0   0   0   0   0  3.04 0.87
  430 P   -4 -5 -5 -5 -7 -5 -5 -6 -5 -7 -6 -4 -6 -7  8 -1 -5 -8 -7 -6    0   0   0   0   0   0   0   0   0   0   0   0   0   0  96   4   0   0   0   0  3.28 0.88
  431 F   -2 -4 -4 -5 -3 -4 -4 -5 -4  2  2 -4  1  3 -4 -1  2 -4 -2  3    0   0   0   0   0   0   0   0   0  15  24   0   3  13   0   4  19   0   0  22  0.58 0.29
  432 C    2 -3 -3 -4  3 -3 -3 -1 -3  0  2 -3  2  0 -3  2  2 -4 -3  0   18   0   0   0   8   0   0   4   0   4  21   0   5   4   0  19  12   0   0   6  0.33 0.22
  433 F   -6 -6 -7 -7 -6 -6 -7 -7 -4 -3 -3 -6 -3  8 -7 -6 -5 -3  3 -4    0   0   0   0   0   0   0   0   0   0   0   0   0  93   0   0   0   0   7   0  2.81 0.81
  434 L    0 -4 -4 -5  1 -3 -4 -4 -4  3  3 -4  1  0 -4  1  1 -4 -3  1    7   0   0   0   3   0   0   0   0  20  41   0   3   3   0  11   8   0   0   5  0.53 0.27
  435 F    0 -4 -5 -5  3 -4 -5 -5 -4  3  2 -4  3  4 -4 -2 -2 -3 -1  2    7   0   0   0   9   0   0   0   0  19  16   0   9  23   0   3   0   0   0  14  0.63 0.29
  436 F   -6 -7 -7 -7 -6 -7 -7 -7 -5 -4 -3 -7 -3  9 -7 -6 -5 -3  0 -4    0   0   0   0   0   0   0   0   0   0   0   0   0 100   0   0   0   0   0   0  3.04 0.87
  437 N   -5 -4  8 -2 -6 -3 -4 -4 -3 -7 -7 -3 -6 -7 -6 -3 -3 -7 -6 -7    0   0 100   0   0   0   0   0   0   0   0   0   0   0   0   0   0   0   0   0  2.91 0.89
  438 V    0 -4 -4 -5  2 -4 -4 -5 -5  4  2 -4  0  0 -4 -2 -1 -4 -3  3   10   0   0   0   6   0   0   0   0  26  25   0   0   3   0   3   3   0   0  24  0.62 0.28
  439 I   -1 -4 -4 -5  4 -4 -4 -2 -4  2  1 -4  2  3 -4 -1 -2 -3 -2  3    3   0   0   0  12   0   0   4   0  15  13   0   5  15   0   6   0   0   0  27  0.53 0.26
  440 Y   -5 -6 -6 -7 -6 -5 -6 -7 -2 -5 -5 -6 -5  1 -7 -5 -5 -1  9 -5    0   0   0   0   0   0   0   0   0   0   0   0   0   4   0   0   0   0  96   0  3.21 0.90
  441 W   -7 -7 -8 -9 -7 -6 -8 -7 -6 -7 -6 -8 -5 -3 -9 -7 -7 12 -2 -7    0   0   0   0   0   0   0   0   0   0   0   0   0   0   0   0   0 100   0   0  4.99 1.17
  442 S    0 -3 -3 -4  1 -3 -3 -1 -4  2  2 -3 -1  0 -1  3  0  2 -3  0    4   0   0   0   3   0   0   4   0  16  26   0   0   3   3  31   3   3   0   4  0.39 0.26
  443 I   -1 -4 -4 -5 -4 -4 -4 -5  1  3 -1 -4 -2  3 -5 -1  0 -2  6  1    4   0   0   0   0   0   0   0   4  24   3   0   0  11   0   4   6   0  34   9  0.80 0.34
  444 Y   -5 -5 -5 -7 -6 -5 -6 -7 -1 -4 -1 -5 -4  0 -7 -5 -5 -1  9 -5    0   0   0   0   0   0   0   0   0   0   5   0   0   0   0   0   0   0  95   0  2.91 0.78
  445 L   -3 -4 -5 -6 -3 -4 -5 -6 -5  2  4 -4  2 -1 -5 -4 -2 -4 -3  3    0   0   0   0   0   0   0   0   0  12  57   0   4   0   0   0   0   0   0  26  0.96 0.31

                      K         Lambda
Standard Ungapped    0.1812     0.3486
Standard Gapped      0.1100     0.3190
PSI Ungapped         0.1812     0.3486
PSI Gapped           0.1100     0.3190
