
Last position-specific scoring matrix computed, weighted observed percentages rounded down, information per position, and relative weight of gapless real matches to pseudocounts
           A  R  N  D  C  Q  E  G  H  I  L  K  M  F  P  S  T  W  Y  V   A   R   N   D   C   Q   E   G   H   I   L   K   M   F   P   S   T   W   Y   V
    1 M   -1 -2 -3 -4 -2  0 -2 -3 -2  1  2 -2  6  0 -3 -2 -1 -2 -2  1    0   0   0   0   0   0   0   0   0   0   0   0 100   0   0   0   0   0   0   0  0.56 0.00
    2 S    1 -1  0 -1 -1  0  0 -1 -1 -3 -3 -1 -2 -3 -1  4  1 -4 -2 -2    0   0   0   0   0   0   0   0   0   0   0   0   0   0   0 100   0   0   0   0  0.72 0.00
    3 R   -2  6 -1 -2 -4  1  0 -3  0 -3 -3  2 -2 -3 -2 -1 -1 -3 -2 -3    0 100   0   0   0   0   0   0   0   0   0   0   0   0   0   0   0   0   0   0  1.07 0.00
    4 S    1 -1  0 -1 -1  0  0 -1 -1 -3 -3 -1 -2 -3 -1  4  1 -4 -2 -2    0   0   0   0   0   0   0   0   0   0   0   0   0   0   0 100   0   0   0   0  0.72 0.00
    5 A    4 -2 -2 -2 -1 -1 -1  0 -2 -2 -2 -1 -1 -2 -1  1  0 -3 -2  0  100   0   0   0   0   0   0   0   0   0   0   0   0   0   0   0   0   0   0   0  0.60 0.00
    6 A    4 -2 -2 -2 -1 -1 -1  0 -2 -2 -2 -1 -1 -2 -1  1  0 -3 -2  0  100   0   0   0   0   0   0   0   0   0   0   0   0   0   0   0   0   0   0   0  0.60 0.00
    7 A    4 -2 -2 -2 -1 -1 -1  0 -2 -2 -2 -1 -1 -2 -1  1  0 -3 -2  0  100   0   0   0   0   0   0   0   0   0   0   0   0   0   0   0   0   0   0   0  0.60 0.00
    8 S    1 -1  0 -1 -1  0  0 -1 -1 -3 -3 -1 -2 -3 -1  4  1 -4 -2 -2    0   0   0   0   0   0   0   0   0   0   0   0   0   0   0 100   0   0   0   0  0.72 0.00
    9 G    0 -3 -1 -2 -4 -2 -2  6 -3 -5 -4 -2 -3 -4 -3 -1 -2 -4 -4 -4    0   0   0   0   0   0   0 100   0   0   0   0   0   0   0   0   0   0   0   0  1.33 0.00
   10 G    0 -3 -1 -2 -4 -2 -2  6 -3 -5 -4 -2 -3 -4 -3 -1 -2 -4 -4 -4    0   0   0   0   0   0   0 100   0   0   0   0   0   0   0   0   0   0   0   0  1.33 0.00
   11 P   -1 -2 -2 -2 -4 -2 -1 -3 -2 -3 -3 -1 -3 -4  7 -1 -2 -5 -4 -3    0   0   0   0   0   0   0   0   0   0   0   0   0   0 100   0   0   0   0   0  2.64 0.00
   12 R   -1  5 -1 -2 -4  1  0 -3  0 -3 -3  3 -2 -3 -2 -1 -1 -3 -2 -3    0  88   0   0   0   0   0   0   0   0   0  12   0   0   0   0   0   0   0   0  1.00 0.00
   13 R   -2  6 -1 -2 -4  1 -1 -3  0 -3 -3  2 -2 -3 -2 -1 -1 -3 -2 -3    0 100   0   0   0   0   0   0   0   0   0   0   0   0   0   0   0   0   0   0  1.08 0.00
   14 P    1 -2 -2 -2 -3 -2 -1 -2 -2 -3 -3 -1 -2 -4  7 -1 -1 -4 -3 -2   17   0   0   0   0   0   0   0   0   0   0   0   0   0  83   0   0   0   0   0  2.08 0.00
   15 D   -1 -1  0  4 -4  1  4 -2 -1 -4 -4  0 -3 -4 -2 -1 -1 -4 -3 -3    0   0   0  40   0   0  60   0   0   0   0   0   0   0   0   0   0   0   0   0  0.96 0.00
   16 Q   -1  4 -1 -1 -3  4  1 -3  0 -2  0  1  0 -3 -2 -1 -1 -3 -2 -2    0  36   0   0   0  53   0   0   0   0  12   0   0   0   0   0   0   0   0   0  0.64 0.00
   17 H   -2  3  0 -2 -4  1  0 -3  7 -4 -3  0 -2 -2 -2 -1 -2 -3  1 -3    0  29   0   0   0   0   0   0  71   0   0   0   0   0   0   0   0   0   0   0  0.88 0.00
   18 L   -2 -3 -4 -4 -2 -2 -3 -4 -3  1  4 -3  2  0 -3 -3 -2 -2 -1  1    0   0   0   0   0   0   0   0   0   0 100   0   0   0   0   0   0   0   0   0  0.65 0.00
   19 P    0 -2 -1 -2 -3 -1 -1 -2 -2 -3 -3 -1 -2 -3  6  2  0 -4 -3 -2    0   0   0   0   0   0   0   0   0   0   0   0   0   0  71  29   0   0   0   0  1.74 0.00
   20 P    0 -2 -2 -2 -3 -1 -1 -2 -2 -3 -3 -1 -3 -4  7  1 -1 -4 -3 -3    0   0   0   0   0   0   0   0   0   0   0   0   0   0  83  17   0   0   0   0  2.08 0.00
   21 A    4 -2 -2 -2 -1 -1 -1  0 -2 -2 -2 -1 -1 -2 -1  1  0 -3 -2  0  100   0   0   0   0   0   0   0   0   0   0   0   0   0   0   0   0   0   0   0  0.61 0.00
   22 P   -1 -2 -2 -2 -4 -2 -1 -3 -2 -3 -3 -1 -3 -4  7 -1 -2 -5 -4 -3    0   0   0   0   0   0   0   0   0   0   0   0   0   0 100   0   0   0   0   0  2.64 0.00
   23 C   -1  1 -2 -3  7 -1 -2 -3 -2 -1 -2 -1 -2 -2 -2 -1 -1 -3 -2 -1    1  17   1   1  70   1   1   1   0   1   1   1   0   1   1   1   1   0   0   1  0.73 0.00
   24 G    0 -3 -1 -2 -3 -2 -3  5 -3 -1  0 -2 -1 -2 -3 -1 -2 -3 -3  0    0   0   0   0   0   0   0  70   0   0  17   0   0   0   0   0   0   0   0  13  0.68 0.00
   25 A    4 -2 -2 -2 -1 -1 -1  1 -2 -2 -2 -1 -1 -3 -1  1  0 -3 -2 -1   90   0   0   0   0   0   0  10   0   0   0   0   0   0   0   0   0   0   0   0  0.57 0.01
   26 S   -1 -2 -2 -2 -2 -1 -2 -3 -2  0  1 -2  3 -1  5  1 -1 -3 -2 -1    0   0   0   0   0   0   0   0   0   0  21   0  26   0  36  18   0   0   0   0  0.69 0.00
   27 G    0 -3 -1 -2 -4 -2 -3  6 -3 -5 -4 -2 -3 -4 -3 -1 -2 -4 -4 -4    0   0   0   0   0   0   0 100   0   0   0   0   0   0   0   0   0   0   0   0  1.35 0.01
   28 P    0 -2 -3 -3 -3 -2 -2 -3 -3  1 -1 -2 -1 -2  6 -1 -1 -4 -3  0   10   0   0   0   0   0   0   0   0  26   0   0   0   0  64   0   0   0   0   0  1.40 0.00
   29 P    2 -2 -2 -2 -3 -2 -1 -2 -2 -3 -3 -1 -2 -3  7  0 -1 -4 -3 -2   26   0   0   0   0   0   0   0   0   0   0   0   0   0  74   0   0   0   0   0  1.81 0.01
   30 E   -1  0  0  3 -4  2  4 -2 -1 -4 -3  2 -2 -4 -2 -1 -1 -4 -3 -3    0   0   0  17   0   7  62   0   0   0   0  14   0   0   0   0   0   0   0   0  0.84 0.02
   31 T    0  3 -1 -2 -2  0 -1 -2 -1 -2 -2  0 -1 -1 -2  2  3 -2  2 -1    0  29   0   0   0   0   0   0   0   0   0   0   0   0   0  17  41   0  14   0  0.43 0.02
   32 F   -2 -3 -3 -3  3 -2 -3 -3 -1 -1  1 -3  0  4 -3  0 -1  0  4 -1    0   0   0   0  14   0   0   0   0   0  17   0   0  31   0  10   0   0  29   0  0.47 0.02
   33 R   -2  6 -1 -2 -4  2  0 -3  0 -3 -3  2 -2 -4 -2 -1 -1 -3 -2 -3    0  86   0   0   0  14   0   0   0   0   0   0   0   0   0   0   0   0   0   0  1.05 0.03
   34 T    0 -1  0 -1 -2 -1 -1 -2 -2 -2 -2  1 -1 -3 -2  2  4 -4 -2 -1    0   0   0   0   0   0   0   0   0   0   0  14   0   0   0  17  69   0   0   0  0.60 0.03
   35 E   -1  3 -1  0 -4  3  3 -2  0 -3 -3  2 -2 -4 -2 -1 -1 -3 -3 -3    0  29   0   0   0  17  41   0   0   0   0  14   0   0   0   0   0   0   0   0  0.73 0.02
   36 S    1 -1 -1 -2 -2 -1 -1 -2 -2  1 -1  1 -1 -2  4  2  0 -4 -2  0   10   0   0   0   0   0   0   0   0  27   0  13   0   0  25  25   0   0   0   0  0.45 0.02
   37 D   -1  3  0  4 -3  0  1 -2 -1 -1 -2  0 -1 -3 -2 -1 -1 -4 -3  1    0  27   0  38   0   0   8   0   0   0   0   0   0   0   0   0   0   0   0  27  0.43 0.02
   38 G    0 -2  3  0 -3 -1  1  4 -1 -4 -4 -1 -3 -4 -3  1 -1 -4 -3 -3    0   0  24   0   0   0  11  58   0   0   0   0   0   0   0   8   0   0   0   0  0.77 0.03
   39 A    3 -2 -1 -2 -1 -1 -1 -1 -2 -1  0 -1 -1 -2 -1  3  0 -3 -2 -1   48   0   0   0   0   0   0   0   0   0  15   0   0   0   0  38   0   0   0   0  0.42 0.03
   40 G    0 -2 -1 -2 -3 -2 -2  4 -3 -2  1 -2 -1 -2 -3  1 -1 -3 -3 -2    0   0   0   0   0   0   0  62   0   0  24   0   0   0   0  15   0   0   0   0  0.64 0.03
   41 T    0 -2 -1 -2 -2 -1 -2  0 -2  1  0 -1  0 -2 -2  1  3 -3 -2  0    1   0   0   0   0   0   0  10   0  18  10   4   0   0   0  14  36   0   0   4  0.23 0.04
   42 M   -3 -3 -4 -5 -3 -2 -4 -5 -4  1  1 -3  8 -2 -4 -3 -1 -3 -3  1    0   0   0   0   0   0   0   0   0   7   4   0  82   0   0   0   2   0   0   5  1.57 0.32
   43 N   -2  0  4  3 -3  0  1  0 -1 -3 -3  1 -3 -3 -2  0 -1 -4 -3 -3    1   3  34  23   0   2   8   6   0   1   1  13   0   0   1   5   1   0   0   1  0.61 0.12
   44 K   -1  4 -1 -2 -3  0 -1 -1 -1 -3 -3  4 -2 -3 -2  1  0 -3 -3 -3    1  35   0   1   0   0   1   4   0   1   1  39   0   0   1  12   3   0   0   1  0.74 0.15
   45 L   -3 -4 -4 -5 -3 -3 -4 -5 -4  1  4 -4  4  3 -4 -3 -2 -3 -1  0    0   0   0   0   0   0   0   0   0   5  65   0  14  16   0   0   0   0   0   0  0.91 0.20
   46 R   -3  6 -2 -3 -5  1 -1 -4 -2 -4 -4  2 -3 -5 -3 -2  0 -5 -4 -4    0  78   0   0   0   4   0   0   0   0   0  13   0   0   0   0   5   0   0   0  1.49 0.28
   47 Q   -2  4 -1 -2 -5  5  0 -3  2 -4 -4  3 -2 -4 -3 -2 -2 -4 -3 -4    0  33   0   0   0  40   2   0   4   0   0  21   0   0   0   0   0   0   0   0  1.12 0.25
   48 S    0 -1 -1 -2 -3 -2 -2 -2 -3 -4 -4 -2 -3 -4 -3  6  1 -5 -4 -3    0   3   0   0   0   0   0   0   0   0   0   0   0   0   0  90   7   0   0   0  1.39 0.34
   49 L   -3 -4 -5 -5 -3 -4 -5 -5 -4  1  4 -4  0  5 -4 -4 -3 -2  0  0    0   0   0   0   0   0   0   0   0   5  54   0   0  34   0   0   0   0   0   6  0.94 0.22
   50 R   -3  6 -2 -3 -5 -1 -2 -4 -1 -4  0  0 -3 -4 -2  1 -2 -5 -4 -4    0  74   0   0   0   0   0   0   1   0  10   0   0   0   1  13   0   0   0   0  1.35 0.35
   51 R   -2  5 -2 -3 -5  0 -2 -1 -2 -4 -2  4 -3  0 -3 -1 -2 -4 -3 -4    0  51   0   0   0   3   0   4   0   0   4  30   0   6   0   2   0   0   0   0  1.03 0.28
   52 R   -1  4 -2 -3 -5 -1 -2 -1 -2 -4 -4  4 -3 -4 -3 -1 -2  5 -3 -4    4  36   0   0   0   0   0   4   0   0   0  44   0   0   0   3   0  10   0   0  1.11 0.29
   53 K    0  2  1  0 -4 -1 -1 -1 -2 -4 -4  5 -3 -2 -3  1 -2 -5 -3 -4    8  10   6   5   0   0   1   4   0   0   0  56   0   2   0   9   0   0   0   0  0.81 0.27
   54 P   -1  2  0  2  2  1  1 -2  1 -4 -4  1 -3 -4  3  1 -1 -4 -3 -3    0  11   4  14   6   8   6   2   4   0   0  12   0   0  17  14   2   0   0   0  0.47 0.14
   55 A    0  1  0  1 -3  0  1  1  2 -2 -3  1 -2 -3  0  1  1 -4 -2  0   10   8   3  11   0   2  10  10   7   1   0   8   0   0   4   9  11   0   0   8  0.20 0.08
   56 Y   -2  0  3  1  1 -1  1 -3  4 -3 -2  0 -3 -2 -1  1  0 -3  2 -3    0   4  18   6   4   0  10   0  17   0   3   7   0   0   3  12   4   0  12   0  0.40 0.15
   57 V   -1  0 -2 -1 -3 -1  0  0 -3  2 -1  1 -1 -2 -1  0  0  2 -2  2    0   6   0   4   0   0   6   9   0  14   2  11   0   0   2   7   6   4   0  30  0.17 0.11
   58 P    0 -2 -1  0 -4  0  0  0 -3  0 -3  0 -3 -4  5  0  0 -5 -4  0    6   0   1   4   0   4   5   6   0   7   0   5   0   0  43   7   6   0   0   6  0.86 0.20
   59 E   -2  0  3  2 -5  2  4 -1  1 -3 -4 -1 -3 -4 -1  0 -2 -5 -3 -1    0   3  17   9   0  10  41   4   3   0   0   0   0   0   1   4   0   0   0   7  0.69 0.21
   60 A    1 -2  2  1  2 -1 -1  1 -2 -2 -2  0 -2 -1 -2  2  0 -4 -3 -2   16   0  12   8   6   2   0  14   0   2   2   8   0   3   0  24   4   0   0   0  0.31 0.13
   61 S    1  0  1  0 -3  1  0  0  0 -3 -3 -1 -3 -4 -2  4  1 -4 -3 -1    9   4   5   3   0   6   5   7   2   0   0   0   0   0   0  51   5   0   0   4  0.56 0.20
   62 R   -2  4  0 -3 -4  1 -1 -2 -2 -1 -3  4  2 -4 -3 -2  0 -4 -3 -3    0  34   4   0   0   6   0   3   0   5   0  35   7   0   0   0   7   0   0   0  0.78 0.24
   63 P   -1 -3  1 -3 -4  0 -1 -2 -3 -4 -4 -2 -4 -5  7  0 -1 -5 -4 -4    3   0   9   0   0   5   4   2   0   0   0   0   0   0  68   5   2   0   0   0  1.84 0.36
   64 H   -1  1  1  1 -5  2  2 -3  6 -4 -4 -1 -3 -4 -1 -1  0 -4 -2 -3    3   8   8   8   0  12  17   0  31   0   0   0   0   0   2   3   6   0   0   2  0.77 0.26
   65 Q   -1  0  1 -1 -4  5  2 -4 -2 -2  0  1 -2 -4 -3 -1 -2 -4 -1 -1    5   4   8   2   0  46  10   0   0   2   9   6   0   0   0   3   0   0   2   3  0.74 0.30
   66 W   -6 -6 -7 -8 -6 -6 -7  0 -6 -6 -6 -7 -5 -3 -8 -6 -6 11 -1 -6    0   0   0   0   0   0   0   6   0   0   0   0   0   0   0   0   0  94   0   0  4.48 0.84
   67 Q   -1  1 -1 -2 -4  4  1 -1  2  0 -1  0  0 -3 -1 -2  0 -4 -1  0    3   9   2   0   0  32   7   4   6   7   4   2   3   0   2   0   7   0   2   9  0.39 0.20
   68 A    2 -2  0  1 -4  1  2  0  5 -2 -3 -2  0 -4  1 -1  0 -4 -2 -2   18   0   2   8   0   4  17   5  24   3   1   0   3   0   6   1   4   0   0   2  0.50 0.22
   69 D   -2 -1  1  5 -4  1 -1 -1 -2  0 -4 -2 -3 -4  1  0  1 -5 -4 -3    0   3   7  51   0   6   0   5   0   7   0   0   0   0   6   7   8   0   0   0  0.82 0.27
   70 E    0  1  0  1 -5  2  4 -3 -2 -4 -4  0 -3 -5  3  0 -2 -5 -4 -4    6   7   4   5   0   7  45   0   0   0   0   5   0   0  14   8   0   0   0   0  0.82 0.26
   71 D    0  1  0  2  0  0  2 -1 -1 -1 -1  1 -2  0 -2  0  0 -3  0  0   11   7   4  11   2   4  19   3   0   4   6   8   0   4   0   3   4   0   3   8  0.14 0.08
   72 A    2  0  1 -2 -3 -1 -1  0 -2 -2 -1  2 -2 -3  1  0  1 -4 -3 -1   27   4   6   0   0   0   3   8   0   0   5  19   0   0   5   5  12   0   0   5  0.30 0.16
   73 V   -3 -5 -5 -6 -3 -4 -5 -6 -5  3  2 -5 -1 -2 -5 -4 -2 -5 -4  5    0   0   0   0   0   0   0   0   0  16  24   0   0   0   0   0   0   0   0  61  1.22 0.37
   74 R   -1  4 -1 -3 -1  0 -2 -4 -2  1  1  2 -2 -3 -3 -1 -1 -4 -3 -1    3  40   3   0   1   4   0   0   0  10  13  17   0   0   0   3   2   0   0   4  0.60 0.24
   75 K    0  0  2  1 -4  1  3 -2  1 -4 -4  2 -3 -4 -3  1  1 -5 -3 -3    9   2  11   5   0   3  27   1   4   0   0  17   0   0   0  14   7   0   0   0  0.53 0.20
   76 G   -1 -4 -2 -1 -5 -3 -1  6  2 -6 -6 -3 -5 -5 -4 -1 -3 -5 -4 -5    4   0   0   3   0   0   4  78   7   0   0   0   0   0   0   3   0   0   0   0  1.54 0.37
   77 T   -1 -1  1 -2  3 -1 -2 -1  3  0 -1  2  2 -1 -3  1  2 -3  0 -1    0   0   6   0   8   2   0   4   9   5   3  19   8   3   0   9  20   0   3   1  0.25 0.15
   78 C   -1 -4 -4 -4  8 -3 -4 -4 -4  2 -1 -4 -2 -3 -3 -2 -2 -4 -3  2    5   1   0   1  51   0   1   1   0  12   5   1   0   0   1   1   1   0   0  19  1.27 0.30
   79 S    0 -1  2  0  0  0  0 -1  1 -1 -2 -1 -2 -2  0  3  1 -3 -2  0    7   1  12   4   3   4   7   1   4   3   2   1   0   1   4  30  11   0   1   6  0.28 0.11
   80 F   -3 -3 -3 -3 -3 -3 -3 -3 -1 -2 -1 -3 -2  6 -3 -3 -3  0  6 -2    1   1   1   1   0   1   1   1   0   1   1   1   0  51   1   1   1   0  35   1  1.37 0.29
   81 P    0  0  2 -1 -2  1 -1 -1  1 -1  0  1 -1  0  2  0  0 -2  0 -1    4   3  12   3   0   9   1   3   4   3  12  10   0   4  11   8   8   0   3   1  0.16 0.06
   82 V    2 -2 -2 -3  2 -2 -2 -2 -2  1  1 -2  0  2 -2 -1  0 -2 -1  2   22   1   1   1   7   1   1   1   0   7  10   1   0  12   1   1   7   0   0  28  0.20 0.09
   83 R   -1  2 -1 -1 -3  2  1  1  3 -2  0  1 -1 -1 -2 -1 -1 -2  2 -2    1  12   0   1   0  12  12  12  11   1  12  12   0   0   1   1   1   0  11   1  0.24 0.09
   84 Y   -3 -3 -3 -4 -4 -3 -4 -4 -1  0 -1  0 -2  3 -4  0 -3 -1  6  0    0   0   0   0   0   0   0   0   0   5   5   5   0  15   0   7   0   0  52   7  1.09 0.35
   85 L   -2 -2 -3 -3 -3 -2 -3 -4 -3  1  4  0  1 -1 -3  1 -2 -2  1  0    1   0   0   1   0   0   1   1   0   5  61   6   1   0   0  12   1   0   7   2  0.58 0.25
   86 G   -1 -3 -2 -3 -4 -3 -3  5 -3 -3 -1  0 -3  1 -3  0 -2 -3 -3 -3    1   0   0   1   0   0   1  68   0   0   8   6   0   7   0   5   1   0   0   1  1.07 0.31
   87 H   -1 -1  0  0  5  0 -2 -2  4  0  0 -1  0 -2 -2  2 -1 -3 -1 -1    3   3   3   6  18   3   1   2  15   5   9   4   2   1   0  20   1   0   2   4  0.28 0.16
   88 V   -1 -3 -3 -3  2 -2 -2 -3 -3  2  0 -1  2 -2 -3 -1  3  2 -2  3    2   0   0   0   6   0   2   1   0  10   3   4   6   0   0   1  25   4   0  34  0.44 0.23
   89 E   -2 -2 -2  1 -4  0  5 -1 -2 -3  0  0  0 -3 -1 -2 -2 -3  1 -3    1   0   0   7   0   0  55   6   0   0  11   6   2   0   2   1   0   0   6   1  0.72 0.30
   90 V   -1 -3 -3 -4 -2  0 -3 -4 -3  2 -1 -3 -1 -2 -3 -2  1 -4 -3  5    2   0   0   0   0   5   0   1   0  10   2   0   0   0   0   1  10   0   0  66  0.86 0.34
   91 E    0 -1  1  1 -3  0  2 -1 -1 -2 -1  0 -2  1 -2  1  1 -2  1 -1    6   2   5  11   0   3  18   5   0   0   5   7   0  11   0  10   8   0   5   3  0.18 0.10
   92 E   -1  0  1  0 -4  2  4 -1 -1 -4 -4  1 -3 -4  2  0 -1 -4 -3 -3    2   2   5   2   0   9  45   5   1   0   1   7   0   0  12   5   1   0   0   1  0.71 0.26
   93 S    0 -2  0 -2 -2 -1 -2 -2 -2 -1 -1  0 -2 -3  3  4  0 -4 -3 -2    6   0   5   0   1   2   0   2   0   4   4   4   0   0  16  49   4   0   0   2  0.62 0.27
   94 R   -2  4 -1 -1 -4  0  0 -3  0 -1 -3  2 -2 -3  1  1 -1 -3 -1 -2    1  38   0   2   0   3   4   1   2   6   1  18   0   0   6  12   3   0   3   1  0.57 0.23
   95 G   -2 -3  1 -3 -4 -3 -3  5 -3 -4 -1 -1 -3 -4  1 -2 -3 -4 -4 -4    1   0   6   0   0   0   0  72   0   0   7   4   0   0   6   1   0   0   0   1  1.22 0.36
   96 M   -1 -2 -1  0 -3 -2 -1 -3 -3  1  1 -2  4 -2  0  0  2 -3 -3  1    2   1   2   7   0   0   5   0   0  11  12   0  25   0   5   9  15   0   0   7  0.32 0.21
   97 H   -1 -1  1  0 -3  4  2  1  2 -3 -3  1 -2 -3 -1  0 -1 -3 -2 -2    4   1   6   4   0  26  17  14   7   1   2   6   0   0   2   4   2   0   0   2  0.44 0.19
   98 V   -1 -3 -3 -1 -2 -2 -3 -1 -1  3  1 -3  1 -1 -3 -1 -1 -3  0  3    2   0   0   3   0   0   1   6   2  20   9   0   3   0   0   6   2   0   3  40  0.37 0.19
   99 C   -2  0 -3 -4  7 -3 -3 -4 -3 -1 -1 -3  1 -3 -3  1  1  2 -3  1    1   6   0   0  40   0   0   0   0   0   5   0   5   0   0  11  11   4   0  15  0.84 0.32
  100 E    0  2 -1  0 -4  0  3 -3 -2 -2  0  1  0 -3  0  0  0 -4 -3 -2    8  12   0   4   0   2  34   0   0   0  14  10   2   0   4   5   3   0   0   0  0.39 0.19
  101 D    0  0 -1  2 -4  2  3 -1 -1 -3 -1  1 -2 -1 -2  0 -1 -3  0 -3    6   3   0  13   0  10  33   5   0   0   5   7   0   3   0   7   1   0   4   1  0.42 0.18
  102 A    4  0 -2  0 -2 -2 -2 -1 -2 -3 -3 -2 -2 -3  1  2  0 -4 -3 -2   61   6   0   4   0   0   1   2   0   0   1   0   0   0   5  12   5   0   0   1  0.71 0.31
  103 V   -1 -3 -4 -4 -2 -3 -1 -4 -3  3  2 -3  2  0 -4 -3 -2 -3 -1  3    2   0   0   0   0   0   4   0   0  26  25   0   5   4   0   0   0   0   1  30  0.58 0.23
  104 K   -1  3 -1 -2 -1  2  0 -3  1 -1 -1  3 -2 -3 -2  1  0 -4 -1 -1    4  17   0   0   1   8   4   0   4   3   6  32   0   0   0  10   4   0   1   3  0.42 0.20
  105 K    0  4 -1 -2 -3  1  0 -3 -1 -2 -2  3  0 -3 -2 -1 -1 -3  0 -1    7  27   0   1   0   4   5   1   0   2   3  31   3   0   1   4   3   0   4   4  0.51 0.21
  106 L    0 -1 -2 -2 -2  0 -1 -2  1  1  2  0  2 -1 -2  0 -1 -2  0  1   11   1   0   1   0   5   1   1   5   6  28   8   7   0   1  11   1   0   5  11  0.14 0.09
  107 K   -1  1 -2 -2 -3  1 -1 -3 -1  1  0  3 -1 -2  2 -1 -1 -2  1  1    1   9   0   1   0   7   1   1   0  11  11  30   0   0  11   1   1   0   6  11  0.29 0.14
  108 A    2 -2  0 -2  2  0  0 -1  2 -2 -1  0 -1 -1 -2  2  0 -3 -1  0   20   0   5   0   6   5   4   3   6   2   5   7   2   2   0  20   5   0   2   7  0.24 0.20
  109 M   -1  0  1 -1  0  2  1 -1  0  0  0 -1  1  0  1  1  0 -3 -2 -1    3   5   9   2   2  11   9   4   2   4  11   2   6   4   7  13   4   0   0   4  0.12 0.13
  110 G    0  0  1  0  2  1  0  0  2  0 -2  0 -2  0 -3  0  0  3  1  0    6   6   6   6   6   6   6   6   6   6   1   6   0   6   0   6   6   6   6   6  0.10 0.13
  111 R   -1  4  0  0 -4  2 -1 -1  1 -1 -3  3 -3  0 -3 -1  0 -4 -3 -3    4  30   3   6   0   8   0   4   3   4   1  23   0   5   0   3   5   0   0   0  0.55 0.32
  112 K    0  2  0 -1 -4  1  0 -1  0 -4 -2  4 -3 -4  0 -1  0 -4 -3 -3    6  11   4   3   0   6   5   5   3   0   3  40   0   0   4   4   5   0   0   0  0.55 0.32
  113 S    0 -1  0 -3 -3 -2 -2  0 -1  0 -1  1  1 -3  3  1  1  0 -1 -1    6   2   3   0   0   0   0   7   1   9   6  11   4   0  20  11  12   1   2   2  0.32 0.19
  114 V    0  1 -1 -2  0  2 -2 -2  1  2 -1  1  1 -3  1 -2 -1  1 -3  2    7   7   2   2   2  10   0   2   4  16   4   8   4   0   8   0   3   2   0  18  0.18 0.17
  115 K   -3  4  0 -3 -6 -1  1 -4 -3 -5 -5  5  0 -6 -1 -1 -3 -6 -5 -5    0  29   3   0   0   0  10   0   0   0   0  48   3   0   3   3   0   0   0   0  1.28 0.55
  116 S    3 -1  0 -3 -3 -2 -3  0 -3  0 -1  0  0 -3 -3  0  0 -5 -4  3   32   3   6   0   0   0   0   7   0   4   4   5   2   0   0   6   6   0   0  26  0.39 0.28
  117 V    0 -3 -1 -1 -3 -2  1 -3 -3  2  0 -2  1 -1 -3  0  0 -4 -3  3    6   0   2   3   0   0  10   1   0  17   8   2   3   3   0   5   7   0   0  32  0.30 0.19
  118 L    0 -4 -5 -6 -4 -4 -5 -5 -5  1  5 -4  0 -1 -5 -1 -3 -4 -3 -1    7   0   0   0   0   0   0   0   0   8  78   0   0   2   0   6   0   0   0   0  1.16 0.44
  119 W   -2 -3  0 -3 -4  1 -1 -4  2  0  0 -2 -2  2 -4  0  0  6  4  0    0   0   4   0   0   7   2   0   7   4  11   2   0  10   0   7   8  14  18   6  0.51 0.24
  120 V   -3 -5 -5 -6  2 -4 -5 -6 -5  4  0 -5 -1 -3 -5 -4 -1 -5 -4  4    0   0   0   0   6   0   0   0   0  39   6   0   0   0   0   0   3   0   0  46  1.15 0.41
  121 S    0  0  1 -3  2 -2 -2 -1 -1 -4 -4 -1  0 -4 -3  5  1 -5 -4 -3    6   4   7   0   4   0   0   2   1   0   0   3   3   0   0  60   9   0   0   0  0.92 0.41
  122 A    0 -1 -2 -3 -4 -2 -2  3  2  0 -1 -2 -2  0  3  0 -2 -4  0  0    9   4   0   0   0   0   1  31   8   6   5   0   0   4  18   5   0   0   3   6  0.47 0.22
  123 D   -1  0  1  5 -5 -2  2 -1  0 -4 -5 -1 -4 -4 -4 -2  0 -5  1 -2    5   6   5  52   0   0  11   4   2   0   0   3   0   0   0   0   5   0   5   4  0.90 0.34
  124 G    0 -4 -3 -3  1 -2 -2  5 -4 -4 -2 -3 -4  0 -4 -1  0 -5 -4 -3    8   0   0   0   4   2   2  64   0   0   4   0   0   5   0   4   5   0   0   2  1.08 0.37
  125 L   -3  0 -5 -5 -3 -3 -4 -5 -4  3  3 -3  2 -2 -1 -4 -2 -4 -3  3    0   6   0   0   0   0   0   0   0  25  39   0   5   0   2   0   0   0   0  23  0.77 0.29
  126 R   -1  5 -2  0 -5 -1 -2 -3  2 -1 -4  2 -3 -4 -1  0 -1 -5 -3 -2    3  53   0   5   0   0   0   1   5   5   0  15   0   0   2   6   2   0   0   2  0.93 0.35
  127 V   -2  0 -4 -5 -3 -3 -4 -1 -4  3  1 -3  0  2 -4 -3 -1 -3 -2  4    0   6   0   0   0   0   0   6   0  17  10   0   2  11   0   0   2   0   0  45  0.61 0.27
  128 V   -2 -1 -2 -4  2  0 -3 -4 -3  2  0 -2 -1 -2  0  0  0 -4 -1  4    0   3   1   0   7   5   0   0   0  12   9   2   0   0   4   8   5   0   2  41  0.42 0.23
  129 D   -2 -3 -1  6 -6 -2  3 -4 -3 -5 -5 -2 -5 -4 -4 -1 -1 -5  1 -5    1   0   0  61   0   0  24   0   0   0   0   1   0   0   0   2   4   0   6   0  1.47 0.46
  130 D    1  0 -1  2 -4  0  3  0  2 -3 -3 -1 -1 -4  1  0 -1 -5 -3 -1   12   6   1  10   0   2  32   7   6   0   1   2   2   0   6   6   1   0   0   6  0.41 0.19
  131 K    1  0  1  0 -3  1  2 -3  0  0 -3  3 -2 -4  0  0  1 -4 -3 -1   13   4   7   3   0   5  14   0   2   8   0  25   0   0   4   6   7   0   0   3  0.31 0.16
  132 T   -1 -3  2 -1 -3 -2  0 -3 -3 -3 -2 -2 -3 -4 -3  3  5 -5 -4  0    2   0  11   2   0   0   6   0   0   0   4   0   0   0   0  21  49   0   0   6  0.83 0.36
  133 K   -1  1  2 -1 -3  2  1  1  3 -2  0  1 -1 -2 -2  1 -1 -3 -2 -2    1  11  10   1   0  10  11  11  10   1  11  11   0   0   1  11   1   0   0   1  0.24 0.09
  134 D    0  1  0  2  1  1  2  0  1 -1 -3  0 -2 -1 -2  0  0 -3 -2 -1    5  10   4  14   4   7  15   7   4   4   1   4   0   4   0   8   5   0   0   4  0.20 0.11
  135 L   -2 -3 -3 -3 -3 -2  0 -4 -3  2  3  0  3  1  1 -3 -2 -3 -2  1    1   0   0   0   0   0   6   1   0  12  34   7  11   6   8   1   1   0   0  10  0.44 0.22
  136 L   -2 -3 -3 -4  2  1 -3 -4 -3  4  2 -1  1  0 -3 -2  0 -3  0  2    0   0   0   0   5  11   0   0   0  37  19   3   4   2   0   0   4   0   3  10  0.43 0.18
  137 V   -2 -3 -3 -3  3 -2 -1 -4  4  1  1 -1  0  1 -4 -3 -2 -3  2  3    0   0   0   0   9   0   5   0  17   5  14   4   1   5   0   0   0   0   7  34  0.44 0.21
  138 D   -1  1  3  4 -4  1  2 -2  1 -4 -4 -1 -3 -4 -1  1  0 -5 -3 -4    2   8  16  36   0   8  11   0   3   0   0   0   0   0   3   8   5   0   0   0  0.71 0.20
  139 Q   -2 -1 -2  0  3  5  1 -4  4 -1 -3 -1 -2 -1 -3 -2 -2 -3  2  0    0   0   0   6  11  40   6   0  15   4   0   0   0   2   0   0   0   0   8   8  0.72 0.27
  140 T    0 -1 -2 -1 -1  1  1 -3 -2 -1 -2 -1 -2  0  3  2  2 -4 -2  0    3   3   0   2   2   8   9   0   0   4   1   0   0   4  18  16  22   0   0   8  0.39 0.15
  141 I   -3 -3 -4 -5 -3 -3 -4 -5 -4  4  2 -1  0  1 -4 -3 -2 -3 -2  2    0   0   0   0   0   0   0   0   0  50  25   6   0   8   0   0   0   0   0  12  0.75 0.24
  142 E   -1  0  1  0 -4  0  3 -3  5 -3 -3 -1  0 -2 -3 -1 -1 -3  2  0    4   5   6   3   0   2  27   0  25   0   0   0   3   0   0   3   3   0  10   8  0.54 0.20
  143 K   -2  3  1 -2 -4  0  0  0  2 -3 -3  2 -2  2 -3  0  0 -3 -1 -3    0  27   8   0   0   0   6   6   6   0   0  20   0  16   0   6   6   0   0   0  0.41 0.12
  144 V   -1 -2  2 -2 -2 -2 -2 -3 -2  2  2 -2  3 -1 -3 -2 -1 -3 -2  2    0   0  20   0   0   0   0   0   0  20  20   0  20   0   0   0   0   0   0  20  0.32 0.05
  145 S    0 -1  0 -2 -2  1 -1  1  4 -1 -3 -1 -2 -3 -2  3  1 -4 -1 -2    5   0   0   0   0  10   0  12  18   5   0   0   0   0   0  41  10   0   0   0  0.45 0.11
  146 F   -2 -2 -3 -3  3 -2 -3 -4 -2  1  0  0 -1  5 -3 -1 -2 -1  2 -1    0   0   0   0  10   0   0   0   0  10   8  12   0  45   0   7   0   0   8   0  0.48 0.11
  147 C    2 -4 -4 -5  8 -4 -4 -3 -4 -1 -3 -4 -3 -3 -4 -2  0 -4 -4 -2   19   0   0   0  71   0   0   0   0   5   0   0   0   0   0   0   5   0   0   0  1.62 0.31
  148 A    3 -2 -2 -2  4  1 -2 -2 -2 -1  0 -2 -1 -3 -2  2  1 -4 -3  0   39   0   0   0  12   7   0   0   0   0   8   0   0   0   0  18  11   0   0   6  0.40 0.14
  149 P    0 -2 -1  2  2  2 -1 -2 -2 -2 -3 -1 -2 -1  5  0 -1 -3 -2 -1    7   0   0  16   8  17   1   1   0   0   1   1   0   3  33   5   1   0   0   4  0.69 0.13
  150 D   -2 -2  0  5 -4 -1  1  0 -2 -3 -2 -2 -3  1 -2  0  0 -4 -2 -3    1   0   0  61   0   0   8   6   0   0   3   1   0   8   1   4   5   0   0   1  0.83 0.17
  151 R    1  4  0 -2  2  0 -1 -2 -1 -1 -2  2 -2 -3  2  0 -1 -3 -3 -2   18  33   3   1   8   0   1   1   0   5   1  14   0   0  11   2   1   0   0   1  0.43 0.11
  152 N   -1 -1  4  2 -3  0  1 -1  0 -3 -3 -1  0 -2 -3  1  1 -3  2 -3    1   1  31  13   0   1   9   4   1   0   0   1   4   0   0  12  10   0  11   0  0.44 0.12
  153 L   -2 -2  0  3 -3 -1  0 -3  4 -2  0 -2 -2  1 -3  0  0 -2  3 -2    0   0   4  28   0   0   3   0  19   0  11   0   0   7   0   7   7   0  13   0  0.44 0.14
  154 D   -1 -1  1  4 -4  0  3 -2 -2 -3 -1  2 -2 -3  0 -1 -2 -4 -3 -3    4   0   6  29   0   2  28   2   0   0   9  14   0   1   5   0   0   0   0   0  0.56 0.14
  155 K   -1  4  0 -1 -4  1  0 -3  0 -3 -3  3 -2 -4 -2 -1  1 -4 -3 -3    2  38   3   3   0   5   1   0   1   0   0  30   0   0   0   0  14   0   0   0  0.73 0.17
  156 A    2 -2 -2 -3  1 -2 -2  2  2  0  0 -2  0 -1 -2  0 -1 -3 -2  1   22   0   0   0   5   0   0  21   9   7   9   0   1   3   0   9   0   0   0  15  0.20 0.09
  157 F   -3 -4 -4 -5  0 -3 -4 -5  4 -2 -1 -4 -2  7 -5 -4 -3 -1  1 -1    0   0   0   0   2   0   0   0  15   0   0   0   0  80   0   0   0   0   0   3  1.54 0.33
  158 S    3  1 -1 -2  0 -1 -1  0 -2 -3 -3 -1 -2 -3 -2  3  1 -4 -3 -2   37  11   0   0   2   0   0   7   0   0   0   0   0   0   0  35   5   0   0   0  0.53 0.16
  159 Y   -3 -4 -3 -1  0 -3 -4 -4  0 -3 -2 -3 -2  4 -4 -1 -3  4  7 -3    0   0   0   4   3   0   0   0   0   0   0   0   0  20   0   7   0   8  59   0  1.33 0.28
  160 I    0 -3 -3 -4 -2 -3 -3 -4 -4  5  1 -3  0 -1 -3 -2  0 -3 -2  2    8   0   0   0   0   0   0   0   0  74   3   0   0   0   0   0   5   0   0   5  0.79 0.22
  161 C    2 -3 -3 -4  7 -3 -3 -3 -4 -2 -3 -3 -2 -3 -3  1  1 -4 -4 -1   25   0   0   0  49   0   0   0   0   0   0   0   0   0   0  11  11   0   0   4  1.06 0.25
  162 R   -2  5  0 -2 -4  2 -1 -2 -1 -3 -3  3 -2 -3 -2 -1 -1 -3 -3 -3    1  49   3   1   0  11   1   1   0   1   1  24   0   0   1   1   4   0   0   1  0.86 0.18
  163 D   -1 -2  1  5 -3 -1  2 -2  2 -3 -3 -1 -3  1 -2  0 -1 -3 -2 -3    4   1   5  47   0   1  16   1   6   1   1   1   0  10   1   5   1   0   0   1  0.69 0.15
  164 G    0 -2  0 -1 -2  1 -1  3  2 -3 -1 -1 -2 -3  0  1 -1 -3 -2 -2    5   1   4   2   1   6   3  38   9   1   8   1   0   0   3  14   2   0   0   1  0.37 0.09
  165 T    0  1 -1  1 -3  1  1 -1  1 -1  0  0 -1 -3 -2  1  2 -4 -2 -1    6   8   0  10   0   6   8   2   4   1  11   3   0   0   0  12  24   0   0   4  0.22 0.10
  166 T    0 -2  2  0 -3 -1  0  0 -2  0  0 -1 -2 -3 -2  2  3 -4 -3 -1    8   0  14   5   0   0   5   6   0   5   9   3   0   0   0  18  25   0   0   0  0.31 0.18
  167 R   -1  2  3  2 -4  1  2  0 -1 -3 -2  1 -1 -3 -2 -1 -1  2 -3 -3    5  18  21  10   0   3  18   5   0   0   2   6   2   0   0   0   3   3   0   0  0.44 0.20
  168 R   -1  3  0 -2 -3  1 -1 -3  2  0  0  2  0 -1  0 -1  0 -3 -2  0    3  23   6   0   0   6   0   0   6   5  10  18   2   3   4   2   6   0   0   6  0.27 0.15
  169 W   -3 -3  0 -4 -4 -2 -3 -4  5  1  0 -3  1 -1 -4 -3 -3  8  3 -2    1   0   5   0   0   0   0   1  25   9  10   0   5   0   0   1   0  29  12   0  1.21 0.39
  170 I   -2 -2 -2 -2 -3 -1  1 -3  1  2  1 -2  3  1 -3  0  0 -2  2  1    1   0   0   0   0   0  14   1   5  17  12   0  12   6   0   8   5   0  11   7  0.24 0.16
  171 C   -2  0 -3 -4  9 -3 -4 -4  1 -2 -2 -3 -3  1 -4 -2 -2 -3 -2 -2    1   8   0   1  70   0   1   1   5   1   3   1   0   7   1   1   1   0   0   1  1.70 0.37
  172 H   -3 -2 -2 -3 -4 -1 -2 -4  8 -3 -1 -2 -2  2 -3 -2  0 -2  4 -3    0   0   0   0   0   0   0   0  59   0   8   0   0   8   0   0   7   0  15   0  1.37 0.36
  173 C    1 -3 -3 -4  6 -3 -3  0 -4  1  0 -1 -1 -3 -3 -1 -1 -4 -3  2   14   0   0   0  28   0   0  10   0   7   7   5   0   0   0   4   0   0   0  26  0.49 0.19
  174 F   -4 -4 -5 -5 -4 -4 -5 -5 -3  0 -1 -4  1  7 -5 -1 -3 -1  3 -2    0   0   0   0   0   0   0   0   0   3   0   0   5  78   0   4   0   0  10   0  1.67 0.41
  175 L   -2 -2  0  0  3  0 -1 -3  1  1  2  0  2  0 -3 -1  0 -3 -2  1    0   0   4   6   8   4   4   0   5   6  26   7   7   4   0   4   4   0   0  12  0.17 0.13
  176 A    3 -3 -2  0  3 -3 -2  1 -3 -3 -3 -3 -3  1 -3  3  1 -4 -3  0   32   0   0   6   7   0   0  10   0   0   0   0   0   7   0  24   7   0   0   8  0.50 0.28
  177 L   -1 -1 -2  1  0  0  0 -2 -2  2  0 -1  1  0 -3  0  2 -3 -2  1    4   4   0  11   2   3   4   2   0  14  10   3   6   3   0   9  15   0   0   9  0.13 0.12
  178 K   -3  2  1  0 -5  1 -2 -2  2 -5 -4  5  0 -5 -3  0  0 -5 -4 -4    0   7   7   4   0   6   0   3   5   0   0  51   3   0   0   8   6   0   0   0  0.89 0.40
  179 D    0  0  1  4 -4 -1  2 -3  2 -1 -3  0 -3  0  0 -1 -2 -3  0 -2    6   6   6  28   0   0  20   1   6   4   1   6   0   4   5   1   1   0   3   2  0.44 0.21
  180 S   -1 -1 -2 -2  2  1  1 -3 -2 -2 -1  0  2 -3 -1  3  1 -4  0  0    0   2   0   0   5   8   8   0   0   0   6   7   7   0   2  37   7   0   4   5  0.37 0.27
  181 G    3  0  1  1 -2 -2 -2  2 -2 -2 -3 -1 -2 -3 -2  1 -1 -4 -3  0   39   5  10   9   0   0   0  22   0   0   0   0   0   0   0   6   0   0   0   9  0.43 0.16
  182 E    0  1  1  1 -4  1  3 -2  2 -4 -3  2 -2 -4  2  0  0 -4 -2 -3    8   5   7   8   0   7  24   0   7   0   0  14   0   0   9   5   5   0   0   0  0.46 0.12
  183 R    0  4 -1 -2 -4  3  2 -3  2 -3 -3  2 -2 -4 -2  0 -1 -4 -2 -1    8  35   0   0   0  15  12   0   7   0   0  10   0   0   0   5   0   0   0   7  0.58 0.18
  184 L   -2 -3 -4 -5 -2 -3 -4 -5 -4  3  3 -3  2 -1 -4 -3 -2 -3 -2  2    0   0   0   0   0   0   0   0   0  30  48   0   6   0   0   0   0   0   0  16  0.73 0.16
  185 S    0 -2  0 -2  2 -2 -2 -2 -2  0 -2 -2 -2 -3  2  3  2 -4 -3  1    0   0   2   0   6   0   0   0   0   6   0   0   0   0  12  43  19   0   0  11  0.52 0.14
  186 H   -2  0  0 -2 -3 -1  0 -3  5  1  1  0  2 -1 -3 -1 -2 -3  1 -1    0   6   3   0   0   0   6   0  31  10  21   7   9   0   0   5   0   0   3   0  0.39 0.12
  187 A    4 -2 -2 -3 -2 -1 -2 -2 -2 -2 -2  1  1 -3 -2  0  2 -4 -3  0   57   0   0   0   0   0   0   0   0   0   0   9   6   0   0   0  22   0   0   7  0.57 0.17
  188 V   -1  0 -3 -3 -2 -2 -3 -4 -3  3  1 -2  0  1 -3 -2 -1 -2 -1  3    1   7   0   0   0   0   1   1   0  20  17   0   0   9   0   1   1   0   0  41  0.40 0.10
  189 G    1  0 -1 -2 -3 -2 -2  5 -3 -4 -4 -2 -3 -4 -3 -1 -2 -4 -4 -3   15   7   0   0   0   0   1  71   0   0   1   0   0   0   0   1   1   0   0   1  1.06 0.16
  190 C   -1 -1 -1  1  6  3 -1 -3 -1 -2 -2  0 -2  0 -2 -1 -1 -3 -1  0    1   0   0  12  30  26   1   1   0   0   1   6   0   6   0   4   2   0   2   7  0.48 0.13
  191 A    4 -2 -2 -2 -1 -1 -1 -1 -2 -1  0 -1 -1 -2 -1  1 -1 -3 -2  0   69   1   1   1   0   1   1   1   0   1   8   1   0   1   1   6   1   0   0   7  0.53 0.12
  192 F   -3 -3 -3 -3 -3 -3 -3 -3 -2 -1 -1 -3 -1  7 -3 -3 -2 -1  2 -2    1   1   1   1   0   1   1   1   0   1   1   1   0  87   1   1   1   0   0   1  1.34 0.19
  193 A    1  1  0  1 -2  1  2 -1 -1 -2 -2  2 -2 -2  0  0  0 -3 -1 -2   20  11   5   9   0   8  12   1   0   1   1  15   0   0   4   5   3   0   3   1  0.28 0.05
  194 A    2 -2 -2 -2 -1 -1 -1  0 -2  1  0 -2  0 -1 -2 -1 -1 -3 -2  2   28   1   1   1   0   1   4   7   0   9  10   1   0   1   1   1   1   0   1  33  0.21 0.06
  195 C    2 -2 -2 -3  7 -2 -2 -2 -3  0 -2 -2 -1 -2 -2  0 -1 -3 -2 -1   27   1   1   1  46   1   1   1   0  10   1   1   0   1   1   6   1   0   0   1  0.71 0.12
  196 L    0 -2 -3 -3 -2 -1 -2 -3 -1  0  3 -2  1  2 -3 -2 -2 -1  3 -1    7   1   1   1   0   4   1   1   0   1  47   1   3   9   1   1   1   0  20   1  0.39 0.09
  197 E   -1  1 -1  2 -4  2  5 -3 -1 -3 -2  1 -2 -4 -2  0 -1 -4 -3 -3    1  10   0   8   0   6  61   0   0   1   3   3   0   0   0   7   0   0   0   0  0.83 0.15
  198 R   -2  5  1 -2 -4  0 -1 -3 -1 -3 -1  2 -2  0 -3  1 -1 -3 -2 -3    0  60   6   0   0   0   0   0   0   0   7   9   0   7   0  11   0   0   0   0  0.77 0.15
  199 K    0  2 -1 -2 -4  0 -1 -3 -2 -3 -1  5 -2 -3 -2 -1 -2  5 -2 -3    6   9   0   0   0   0   0   0   0   0   9  63   0   0   0   0   0  13   0   0  0.79 0.15
  200 Q   -2  2  1 -1 -4  5  1 -3  0 -2  0  2 -1 -3 -2 -1  0 -3 -3 -2    0  10   8   0   0  53   4   0   0   0   9   9   0   0   0   0   5   0   0   2  0.68 0.14
  201 R   -1  4  0  0 -4  1  0 -2 -1 -1 -3  4 -2 -3 -2 -1 -1 -4 -3 -2    5  33   3   4   0   2   4   0   0   5   0  43   0   0   0   0   0   0   0   0  0.68 0.12
  202 R   -2  4 -1 -2 -4  1  1  0 -1 -2  1  2 -1 -2 -2 -1 -2 -3 -3 -2    0  44   0   0   0   6   8   8   0   0  20  13   0   0   0   0   0   0   0   0  0.48 0.09
  203 E   -2 -1  0  3 -4  2  4 -3  2 -4 -4  1 -3 -4 -2 -1 -1 -4 -3 -3    0   0   0  20   0   7  54   0   6   0   0  10   0   0   0   0   0   0   0   0  0.86 0.12
  204 K   -1  2 -1 -1 -4  1  1 -2 -1 -3 -2  5 -1 -3 -2  1 -1 -4 -3 -3    1   5   0   0   0   1   6   0   0   0   2  72   1   0   0  10   0   0   0   0  0.77 0.12
  205 E   -1 -1 -1  2 -4  2  4  1 -1 -4 -3  1 -2 -4 -2 -1 -1 -4 -3 -3    0   0   0  13   0   5  58  12   0   0   2   7   0   0   0   0   0   0   0   0  0.74 0.09
  206 C    0 -2  2 -2  6 -1 -2 -2 -2 -1 -1 -2  0 -1 -2  0  0 -2  0  1   10   1  14   1  36   1   1   1   0   1   1   1   3   1   1   4   4   0   5  14  0.33 0.05
  207 G    1 -2 -1 -2 -3 -1 -2  4 -2 -3 -2 -1 -2 -3 -2  1 -1  1 -3 -2   15   1   1   0   0   2   0  61   0   0   3   0   0   0   0   8   2   3   0   0  0.69 0.05
  208 V    0 -2 -2 -2 -1  0 -2 -1 -2  1  0 -2  0 -1 -2 -1  2 -2 -2  3    3   1   1   1   0   4   1   6   0   1   4   1   0   1   1   1  18   0   1  56  0.26 0.05
  209 T    0  0  0  0 -2  1  0 -2 -1 -1 -1  1 -1 -2 -1  2  3 -3 -2 -1    4   3   1   4   0   5   2   1   0   3   3  11   0   0   0  19  42   0   0   0  0.37 0.05
  210 A    4 -2 -2 -2 -1 -1 -1 -1 -2  0 -1 -1  2 -2 -1  1  0 -3 -2  1   60   0   0   0   0   0   2   1   0   0   1   0  10   0   0   5   0   0   0  18  0.39 0.07
  211 A    1  0  1 -1 -2  0  0 -2 -1 -2 -3  0 -2 -3  2  3  3 -4 -2 -2    6   4   5   0   0   4   2   0   0   0   0   6   0   0   9  32  31   0   0   0  0.47 0.06
  212 F   -2 -3 -3 -3 -2 -3 -3 -3 -1  0  0 -3 -1  5 -3  1 -1 -1  3  0    0   0   0   0   0   0   0   0   0   5   9   0   0  46   0  16   0   0  13   9  0.56 0.11
  213 D   -1 -2  1  5 -4  2  0 -2 -2 -4 -4 -1 -3 -4 -1  2 -1 -5 -4 -3    3   0   4  60   0  12   0   0   0   0   0   0   0   0   2  18   1   0   0   0  0.93 0.14
  214 A    2 -1  0 -1 -2  1  1 -2  3 -1 -2  0 -1 -2  1  0  0 -3 -2  1   29   0   4   1   0   9  11   0  13   0   0   5   0   0   6   2   3   0   0  15  0.25 0.06
  215 S    1  0  1  2 -3  2  2 -2 -1 -3 -3  1 -2 -3 -2  3  0 -4 -3 -2   11   5   5  12   0  14  13   0   0   0   0   6   0   0   0  32   0   0   0   0  0.44 0.08
  216 R   -1  3  1  3 -3  1  1 -2 -1 -2 -3  1 -2 -3 -2  0  1 -4 -3  0    0  31   5  21   0   4   8   0   0   0   0   8   0   0   0   2  12   0   0   9  0.45 0.08
  217 T    0 -1  1 -2 -2 -1 -1 -1  0 -2 -2 -1 -2 -3 -1  2  4 -4 -2 -1    5   1   8   0   0   0   0   4   2   0   0   0   0   0   2  14  59   0   0   4  0.61 0.13
  218 S    0 -1  0  1 -1 -1 -1 -2 -2 -2 -2  1 -2 -3  0  3  3 -4 -2 -1    6   0   0  11   1   0   0   0   0   1   1   9   0   0   4  33  29   0   0   3  0.41 0.09
  219 F   -2 -4 -4 -4  5 -4 -4 -4 -3  1  1 -4 -1  5 -4 -3 -2  2  1  0    0   0   0   0  22   0   0   0   0   8   9   0   0  53   0   0   0   3   0   4  0.82 0.14
  220 A    1  1 -1 -2 -2  2  0 -2 -2 -1 -1 -1 -1 -3  2  1  3 -4 -3  0   10   8   0   0   0  13   4   0   0   1   4   0   1   0   8   6  39   0   0   6  0.38 0.09
  221 R   -2  5  0 -2 -4  0  1 -3 -1 -3 -3  2 -2 -3 -2 -1  1 -3 -3 -3    1  67   4   0   0   0   9   1   0   0   1   5   0   0   0   1   9   0   0   1  0.89 0.14
  222 E   -1 -1  0 -1 -3  3  3 -1 -1 -1 -1  0  2 -2 -2  0  1 -3 -3 -1    0   0   3   0   0  17  37   5   0   2   4   2  13   1   0   1  13   0   0   2  0.40 0.09
  223 G    0 -3 -1 -2 -3 -2 -3  5 -3 -4 -4 -2 -3 -4 -3  1  1 -4 -4 -3    2   0   0   0   0   0   0  75   0   0   0   0   0   0   0  10  14   0   0   0  1.13 0.13
  224 S    1 -2  0 -2 -2 -1 -1  1 -2 -3 -3 -1 -3 -3 -2  5  1 -4 -3 -3    4   0   0   0   0   0   0  10   0   0   0   0   0   0   0  81   4   0   0   0  0.90 0.16
  225 F   -2 -4 -4 -5 -3 -4 -4 -4 -2 -1  0 -4 -1  7 -4 -3 -3 -1  2 -2    4   0   0   0   0   0   0   0   0   0   5   0   0  91   0   0   0   0   0   0  1.43 0.20
  226 R   -2  5 -1 -2 -3  0 -1 -3 -1 -2 -2  1  2 -3  0 -1  1 -4 -3 -1    0  66   2   0   0   0   0   0   0   0   0   0   9   0   4   0  13   0   0   5  0.80 0.13
  227 L    0  2 -1 -2 -2  1 -1 -2 -1  0  1  0  1 -1 -1  1  0 -2 -2  2    5  15   1   1   0   8   1   2   0   3  13   3   4   1   1  12   5   0   1  25  0.11 0.02
  228 S    1 -1  0  1 -1  0  0 -1 -1  0 -1 -1 -1 -2 -1  2  3 -2 -2 -1   10   1   2  12   1   2   2   4   1   7   2   2   1   1   1  19  29   0   1   2  0.24 0.03
  229 G    0 -1  0 -1 -2  0 -1  3 -1 -1 -1  0 -1 -2 -1  1  2 -2 -2  0    2   1   1   2   1   3   2  29   1   1   4   7   1   1   1  11  22   0   1   8  0.24 0.03
  230 G    2 -1 -1 -1 -2  0 -1  3 -1 -1 -2 -1 -1 -2  0  1  1 -2 -2 -1   22   1   1   1   0   7   2  26   1   5   2   1   1   1   4   7  14   0   1   2  0.25 0.03
  231 G    1 -1 -1 -1 -2 -1  0  2 -1 -1 -1 -1 -1  2 -1  0  2 -2 -1 -1   11   1   1   1   0   1   6  20   1   1   2   1   1  15   1   2  30   0   1   2  0.21 0.04
  232 R    0  3 -1  0 -2  1  2 -2 -1 -2 -2  1 -1 -2 -1  0  1 -2 -2 -2    7  32   1   3   0   5  23   2   0   1   2   1   0   1   1   6  11   0   1   1  0.38 0.04
  233 P    0  0 -1  0 -2  1  1 -2  3 -2  0 -1 -1 -2  4  0 -1 -2 -1 -1    5   3   1   3   0  10   9   2  13   1  15   1   0   1  26   6   1   0   1   1  0.44 0.04
  234 A    3 -1 -1 -1 -1 -1 -1  1 -2 -1 -1 -1 -1 -2 -1  2  1 -3 -2 -1   38   1   1   1   0   1   1   8   0   4   6   1   0   1   1  26   6   0   1   1  0.31 0.05
  235 E   -1 -1  0  0 -3  1  4  0  3 -2 -1  0  1 -3  0  0  0 -3 -2 -2    1   0   3   1   0   0  52   7  10   0   5   0   6   0   3   4   5   0   0   1  0.49 0.08
  236 R   -1  5 -1 -1 -3  2  0 -2 -1 -2 -1  1 -1 -3 -2 -1  0 -3 -2 -1    3  54   1   3   0  12   1   1   0   1   4   4   0   0   1   1   7   0   0   7  0.58 0.08
  237 E    0  0  0  2 -3  1  3 -2 -1 -2 -1  2 -1 -3  2 -1  0 -3 -2 -2    5   1   3  12   0   7  30   1   0   1   7  15   0   1  11   1   3   0   1   1  0.40 0.04
  238 A    0 -2  1 -1 -2  0  1 -2 -2  1  1 -1  0 -2  3  0  0 -3 -2  0    6   0   9   0   0   5  12   0   0  17  16   2   1   0  18   3   6   0   0   3  0.26 0.05
  239 G   -1  0 -1 -1 -3  2  0  2 -1 -1 -1  2 -1  0  0 -1  1 -3 -2 -1    2   0   0   2   0  20   1  20   0   5   5  16   0   4   4   1  15   0   0   3  0.22 0.06
  240 D   -1 -2  1  2 -3 -1  0  0 -2  1  0  0  1 -2 -2  0  1 -3 -3 -1    4   0   8  20   0   0   6   7   0  13   8   7   8   0   0   9   9   0   0   0  0.17 0.11
  241 K    0  2  2 -1 -4  2  2 -3  2 -3 -2  2  2 -3  1 -1  0 -4 -2 -3    6  10  13   0   0   9  14   0   7   0   0  20   9   0   6   0   5   0   0   0  0.42 0.18
  242 K   -2  3 -1 -2 -4  3  1 -3 -1  0 -1  2 -1 -3  1  0  1 -4 -3 -2    0  19   0   0   0  20  11   0   0   8   5  15   0   0   8   5  10   0   0   0  0.44 0.19
  243 K   -1  1  1 -2 -3  2 -1 -3 -1 -1 -1  2  1 -3  0  2  1 -4 -3 -2    0   9   6   0   0  13   0   0   0   2   7  21   5   0   4  21  11   0   0   0  0.35 0.18
  244 A    1 -1  1  1 -2  1  1 -2 -2  1  0 -1 -1 -2  0  1  0 -3 -3  0   19   3   7   8   0   8   8   0   0  10   9   0   0   0   3  13   6   0   0   5  0.15 0.09
  245 E    0 -2 -1  3 -3  1  2 -1 -2  0 -2 -1 -2 -3  3  0 -1 -4 -3  0    7   0   0  20   0   9  15   5   0   9   1   0   0   0  19   7   0   0   0   6  0.45 0.16
  246 A    2 -2  0  0 -2  0  1 -2 -2 -1  0 -1 -1 -2  2  0  2 -3 -3  0   29   0   5   4   0   5  11   1   0   4  10   0   0   0   9   1  15   0   0   4  0.24 0.14
  247 A    1 -1  0  0  1  0  2 -1 -1 -2 -2  1 -2 -2 -2  1  0 -3  1  0   12   0   6   3   5   4  17   4   0   0   3  13   0   0   0  11   4   0   7  10  0.16 0.11
  248 A    1  0 -1  2 -2  1  1 -2 -2  0 -2  1 -1 -3  1  1  0 -3 -3  0   17   4   0  13   0   7   8   1   0   9   1  11   2   0   5  10   7   0   0   6  0.20 0.11
  249 A    1  1 -1 -1 -2 -1  0 -1  1  0  0  1 -1 -2  2  1  1 -3 -2  0   15   9   0   4   0   0   3   2   6   5   8  10   0   0   9  12  10   0   0   5  0.17 0.09
  250 P   -1 -2 -2 -2 -3 -2  0  0  0  1 -2  0 -2  1  5 -1 -2 -3 -2 -1    1   1   0   1   0   0   7   9   3  11   1   8   0   7  42   4   1   0   0   4  0.80 0.24
  251 A    2  1 -1 -2 -2  2 -1 -1 -2 -1 -1  0  1 -3 -2  2  1 -3 -3  1   20   7   0   0   0  13   2   4   0   0   4   3   4   0   0  16  12   0   0  14  0.24 0.16
  252 V    2 -3 -3  0  1 -2  0 -3 -3  2 -1 -2 -1  0  1 -1 -1 -3 -2  3   21   0   0   5   4   0   8   0   0  15   3   0   0   5   5   4   0   0   0  29  0.26 0.18
  253 A    2 -2 -2  1 -3 -2 -1  1 -2 -2  0  0  1 -1  3  1  0 -3 -2 -1   21   0   0  10   0   0   0  10   0   0   8   7   6   4  16  10   3   0   0   3  0.28 0.15
  254 P    1 -1 -3 -3 -3 -2 -2  0 -3 -1 -3 -1 -3 -4  6  0  1 -5 -4 -1   11   4   0   0   0   0   0   7   0   4   0   4   0   0  48   6  11   0   0   4  1.06 0.31
  255 G   -1 -3  2 -2 -3 -2 -1  4 -2 -2 -1 -2  1  0  0  2 -1 -4 -3  0    0   0  10   0   0   0   4  37   0   0   5   0   6   6   3  19   0   0   0   7  0.42 0.21
  256 P    1  1  0  0 -2 -1 -1 -2 -2 -1  0  1 -1 -2  2  1  0 -3 -2  1   17   8   5   4   0   0   1   1   0   1   9  11   0   0  11  13   4   0   0  13  0.21 0.11
  257 A    2 -1  0 -1 -2  1  1 -1 -2 -2 -1  1 -1  0 -2  1  0 -3 -2 -1   30   0   4   0   0   6  11   4   0   0   5   8   0   6   0  14   5   0   0   4  0.24 0.14
  258 Q    0  1  1  0 -2  3  0 -1  1 -2 -1  0  0 -2  0  1  0 -3 -2  0    3  10   7   4   0  18   1   5   4   1   7   5   4   1   5  15   3   0   0   7  0.19 0.11
  259 P    0  0  2 -2 -3 -1 -1 -2 -2 -2 -2 -1 -2 -3  4  2  1 -4 -3  0    5   7  14   1   0   0   1   1   0   1   1   1   0   0  27  20   9   0   0  11  0.57 0.18
  260 G   -1 -2  1 -2 -3 -2 -2  3  2  0 -1  1 -2 -3 -3  1 -1 -3 -2  1    1   0   8   1   0   0   1  30   8   7   8  10   0   0   0  13   1   0   0  12  0.31 0.18
  261 H    0  0  2  1 -3 -1  1 -1  2 -2 -1 -1 -2 -2  1  1  1 -3  0  0    4   4  14  10   0   0  12   4   7   0   6   0   0   0   6  10  10   0   4   7  0.20 0.11
  262 V    1 -2  0 -2  3 -1 -1 -2 -2  1  0 -1  0 -2 -2  2  1 -3 -2  1   15   1   7   1  10   1   1   1   0  10   8   1   3   1   1  18  11   0   0  10  0.17 0.05
  263 S    1 -1  1  0 -2 -1  1  0 -1 -1 -1  1 -1 -3 -2  3  0 -3 -2  0   16   0   9   3   0   0   8   5   0   3   4   8   0   0   0  33   2   0   0   7  0.26 0.08
  264 P    1 -1 -2 -1 -3 -2 -2  1 -2 -2 -1 -2  1 -3  5  0  1 -4 -3 -2   11   4   0   3   0   0   0  13   0   0   7   0   5   0  41   3   9   0   0   0  0.83 0.13
  265 T   -1  0 -1  1 -3 -1 -1  0  1 -1 -1 -1 -1 -3  3  1  2 -4 -2 -1    0   7   0   8   0   0   0   8   5   3   7   0   0   0  19  15  23   0   0   3  0.36 0.09
  266 P   -1  0  1  1 -3  0  0 -2  0 -2 -3  1 -2 -3  5  1 -1 -4 -3 -1    3   5   8  10   0   2   4   0   3   0   0   8   0   0  36  12   0   0   0   7  0.72 0.11
  267 A    1  1  0 -2 -2  0 -1  2 -2 -2 -2 -1 -2  1  2  1  0 -3 -2 -1   17   9   3   0   0   3   0  24   0   0   0   0   0   8   9  14   6   0   0   5  0.28 0.07
  268 T    1 -2  3  1 -2 -1 -1 -1 -2 -2  0 -1 -1 -3  0  1  3 -4 -3 -1   14   0  19   7   0   0   0   3   0   0  11   0   0   0   3  10  30   0   0   3  0.35 0.11
  269 T    0 -2 -1  1 -2  0 -1  1 -2  1 -2 -2 -1 -2  0  2  2 -3  1  1    3   0   0  10   0   3   0  12   0  10   0   0   0   0   3  19  23   0   6  12  0.21 0.08
  270 S    0  1 -1  1 -3 -1 -1  0 -2 -2 -2  1 -2 -3  1  3  2 -4 -3  0    3   7   0   8   0   0   0   6   0   0   3   7   0   0   7  37  14   0   0   7  0.34 0.10
  271 P   -1 -2 -2 -2  1  1  0 -1 -2 -3 -3 -2 -3  0  6  0 -1 -3  0 -3    0   0   0   0   4   8   7   4   0   0   0   0   0   6  55   7   2   0   4   0  1.24 0.17
  272 G   -1 -1  0 -1 -2  1 -1  1 -1 -1  0 -1  2  1  1  2  1 -2 -1 -1    1   2   5   1   0   7   2  14   0   1   6   1  10   7   8  19  15   0   0   1  0.19 0.06
  273 E    0  0 -1  1 -3  1  3 -2  2 -1 -2  0 -2 -3  1  1  1 -3 -2 -1    6   7   0   7   0   3  31   1   6   3   1   1   0   0   5  10  12   0   0   5  0.33 0.07
  274 K    0  1 -1 -1 -2  1  0  0  0 -1 -2  2 -1 -2  2  1  0 -3 -2  0    7   8   1   3   0   9   2   5   3   5   1  16   0   0  10  15   3   0   0   9  0.21 0.04
  275 G    1 -2  0  0 -2 -1  0  3 -2  0 -1 -1 -1 -2  2  1  0 -3 -2 -1   17   1   3   3   0   1   8  26   0   9   5   1   0   0  12   9   3   0   0   1  0.28 0.05
  276 E   -1  1  0  1 -3  0  3 -2 -1 -2 -2  1 -2 -3  3  1  1 -3 -2 -2    1   7   3   9   0   1  25   1   0   1   1   7   0   1  16  13   8   0   1   3  0.43 0.06
  277 A    2 -1 -1  1 -2 -1 -1 -1 -2 -1  0 -1  0  0  2  1  0 -2 -1 -1   32   1   1  10   0   1   1   2   0   1   9   1   4   7   9  14   1   0   1   4  0.20 0.05
  278 G    0  1  0 -1 -2  1  1  2  1 -2 -2  1 -1 -2  2  0 -1 -2 -2 -1   10  10   3   1   0   9   8  16   5   1   2   8   1   1  12   6   1   0   1   3  0.26 0.03
  279 T    0 -2  0 -1 -2 -1 -1  1 -2 -1 -1 -1  1 -2  4  1  1 -3 -2  0    5   1   5   1   0   1   1  11   0   1   4   1   6   1  30  12  13   0   1   7  0.51 0.06
  280 P    1 -3 -3 -1 -3 -2 -2 -3 -3 -3 -2 -2 -3 -4  7  0 -2 -4 -4 -3   13   0   0   2   0   0   0   0   0   0   5   0   0   0  68   9   0   0   0   0  1.71 0.18
  281 V    0 -1 -2  0  0 -1 -1 -2 -2  1  0  0  0  0  0  0  0 -3 -2  3    5   1   1   6   2   1   1   1   0   5   1  10   2   4   3   7   5   0   0  44  0.17 0.06
  282 A    1  1 -1 -1 -2  0  0 -1  1 -2 -1  2 -1 -2  2  1  0 -3 -2 -1   19   8   1   1   0   1   3   4   4   1   4  26   0   1   9  12   3   0   1   4  0.26 0.05
  283 A    1  0  1 -1 -2  1  0 -1 -1  0 -1  1  0 -2  2  1  0 -2 -2  0   19   1   9   1   0   9   5   1   0   9   2  11   2   1   9   8   4   0   1   7  0.17 0.03
  284 G    0 -1  2  1 -2 -1  0  1 -1  0 -1  1  0 -2 -1  0  1 -3 -2  1    6   1  15   9   0   1   3  12   0   3   2   9   4   1   1   4  12   0   1  14  0.13 0.03
  285 T   -1 -2  1  0 -2 -1  0 -2  0  0  1 -1  0  2 -2 -1  1 -2  0  1    3   1   9   6   0   1   9   1   2   1  22   1   0  12   1   2  10   0   2  17  0.09 0.03
  286 T    0  0  3  0 -2  0  1  1  0  0 -1 -1 -1 -1 -2  0  1 -2  1 -1    7   4  26   1   0   4   9  10   2   9   4   1   0   1   1   4  10   0   6   1  0.17 0.04
  287 A    0  1 -2 -2 -3 -1 -1 -2 -2  0 -2 -1 -2 -3  5  1  0 -4 -3 -1    9   9   0   0   0   0   3   1   0  10   1   1   0   0  44  14   6   0   0   1  0.89 0.08
  288 A    1 -1 -1 -2 -3  0 -1  1  4  0 -1  0 -1  1 -2  0 -1 -2  2 -1   17   1   1   0   0   3   0  13  21   7   5   8   0   9   0   6   0   0   7   0  0.20 0.05
  289 A    4 -2 -2 -2 -1 -1 -1 -1 -2 -2 -2 -1 -2 -3 -1  1  0 -3 -2  0   81   0   0   1   0   0   1   1   0   0   1   1   0   0   0   8   1   0   0   4  0.72 0.12
  290 I   -2 -2 -3 -4 -2 -2 -3 -4 -3  4  1  0  0 -1 -3 -2 -1 -3 -2  2    1   0   0   0   0   0   0   1   0  65   8   7   0   0   0   1   0   0   0  14  0.57 0.10
  291 P    0 -2 -2 -1 -3  1  2 -3 -2 -3 -3 -1 -2 -4  6 -1 -1 -4 -3 -3    8   0   0   0   0   8  19   1   0   0   1   0   0   0  59   1   2   0   0   0  1.43 0.12
  292 R   -2  6 -1 -2 -4  0 -1 -3 -1 -4 -3  1 -2 -4 -3 -2 -2 -4 -3 -3    1  93   0   0   0   0   0   1   0   0   1   0   0   0   0   1   0   0   0   0  1.45 0.18
  293 R   -2  4 -2 -3 -4  0 -2 -3 -2 -4 -4  0 -3 -4  6 -2 -2 -5 -4 -3    0  38   0   0   0   3   0   0   0   0   0   0   0   0  60   0   0   0   0   0  1.73 0.17
  294 H   -2  2 -1 -2 -4  2 -1 -3  7 -4 -4  0 -3 -3  1  0 -2 -4  0 -4    0  10   0   0   0  10   0   0  63   0   0   3   0   0   7   7   0   0   0   0  1.15 0.17
  295 A    5 -2 -2 -3 -2 -2 -2  1 -2 -2 -3 -2 -2 -3  0  1 -1 -4 -3 -1   86   0   0   0   0   0   0   6   0   0   0   0   0   0   2   7   0   0   0   0  0.86 0.15
  296 P    0 -2  2 -2 -3 -2 -2 -2 -2 -3 -3 -1 -2 -4  5  2  2 -5 -3 -2    4   0  12   0   0   0   0   0   0   0   0   0   0   0  43  16  24   0   0   0  1.09 0.12
  297 L    0  0 -2 -1 -3 -2 -2 -3 -1  0  1 -1 -1 -2  5  0 -1 -3 -2  0    4   6   0   2   0   0   0   1   2   8  19   0   0   0  39  12   0   0   0   5  0.70 0.07
  298 E    2 -1  1  1 -2  0  3 -1  1 -3 -2 -1 -1 -3 -2  2  0 -3 -2 -2   19   0   6   9   0   0  28   0   4   0   3   0   1   0   0  24   2   0   0   0  0.39 0.07
  299 Q   -1 -2 -2  0 -3  2  0 -3  1  0  2 -1  4 -1 -3 -2 -1 -3 -2  0    4   0   0   6   0  15   7   0   6   3  33   0  23   0   0   0   2   0   0   1  0.32 0.08
  300 L   -2 -3 -4 -5 -2 -3 -4 -5 -4  2  4 -3  1  2 -4 -3 -2 -3 -1  0    0   0   0   0   0   0   0   0   0  14  78   0   0   8   0   0   0   0   0   0  0.82 0.13
  301 V    0 -1 -1 -1 -3  2  3 -3 -1  1 -1  1 -1 -3 -2 -1 -1 -4 -3  2    9   0   2   0   0  13  30   0   0  12   0  13   0   0   0   0   0   0   0  21  0.34 0.08
  302 R   -3  7 -2 -3 -5  0 -1 -4 -1 -4 -4  1 -3 -4 -3 -2 -2 -4 -3 -4    0 100   0   0   0   0   0   0   0   0   0   0   0   0   0   0   0   0   0   0  1.74 0.22
  303 Q   -2  0 -1 -2 -4  7  1 -3  0 -4 -3  0 -1 -4 -3 -1 -2 -3 -3 -3    0   0   0   0   0 100   0   0   0   0   0   0   0   0   0   0   0   0   0   0  1.77 0.25
  304 G    1 -3 -1 -2 -3 -2 -2  5 -3 -4 -4 -2 -3 -4  1  0  0 -4 -4 -3   12   0   2   0   0   0   0  66   0   0   0   0   0   0   7   5   9   0   0   0  0.96 0.11
  305 S    0 -2 -1 -2 -2 -1 -1 -2 -2 -4 -4 -1 -3 -4 -2  5  0 -4 -3 -3    0   0   0   0   0   0   0   0   0   0   0   0   0   0   0 100   0   0   0   0  1.26 0.21
  306 F   -3 -3 -4 -4 -3  0 -3 -4 -2  0  2 -3  0  6 -4 -3 -1 -1  1  0    0   0   0   0   0   6   0   0   0   0  29   0   0  59   0   0   2   0   0   4  0.82 0.13
  307 R   -2  6 -2 -3 -5  0 -1 -3 -1 -4 -4  2 -3 -4 -3 -2 -2 -4 -3 -4    0  93   0   0   0   0   0   0   0   0   0   7   0   0   0   0   0   0   0   0  1.59 0.20
  308 G    0 -3 -2 -2 -3 -2 -3  4 -3  0  1 -2 -1 -1 -3 -1  0 -3 -2 -1    6   0   0   0   0   0   0  47   0   7  26   0   0   2   0   0   7   0   0   0  0.47 0.07
  309 F   -2 -3 -3 -4 -3 -3 -3 -4 -2 -1  0 -3 -1  6  0  0 -2 -1  1 -2    0   0   0   0   0   0   0   0   0   0   6   0   0  75   6   8   0   0   0   0  1.01 0.15
  310 P    0 -2  0 -2 -3 -1  0  0 -2 -2 -1 -1 -2 -3  5  0  0 -4 -3 -1    7   0   4   0   0   0   8   8   0   0   6   0   0   0  43   7   6   0   0   7  0.81 0.08
  311 A    2  0  1 -1 -3  2  0 -1  1 -1 -2  3 -2 -3 -2  1  0 -4 -2  0   24   0  10   0   0  10   0   2   3   2   0  30   0   0   0   9   1   0   0   8  0.32 0.07
  312 L   -2 -2  1  0 -3 -2 -2 -2 -3  1  3  0  1 -1  1 -2 -2 -3 -2  0    0   0  11   5   0   0   0   2   0   7  61   6   0   0   7   0   0   0   0   0  0.38 0.09
  313 S    0 -1  4  1 -2  1 -1 -1  0 -3 -3 -1 -2 -3 -1  3  0 -3 -2 -2    5   1  33   6   0   7   1   1   2   1   1   1   0   0   2  38   1   0   0   1  0.55 0.09
  314 Q    1  0  1  1 -3  5  2 -1  0 -3 -3  1 -1 -3 -2  0 -1 -3 -3 -2   14   0   8   6   0  46  10   3   0   0   0   9   0   0   0   2   0   0   0   0  0.60 0.10
  315 K    1  0  0  0 -3  2  1 -1 -1 -2 -1  3 -1 -3 -1  0  0 -3 -2 -2   22   1   3   3   0  12  11   2   0   1   6  31   0   0   1   1   4   0   0   1  0.32 0.06
  316 N    0 -1  4  0 -2 -1 -1 -1 -1 -2 -2 -1  0 -2 -2  2  2 -3 -2 -2    7   1  33   3   0   1   1   1   0   1   1   1   4   1   1  22  22   0   0   1  0.47 0.08
  317 S    1 -2 -1 -2 -2 -1 -1  0 -2 -3 -1 -1 -2 -3 -2  5  1 -4 -3 -2    7   0   0   0   0   0   0   6   0   0   6   0   0   0   0  77   4   0   0   0  0.79 0.15
  318 P   -1 -2 -2 -2 -3  0 -1 -3 -2 -3 -3 -1 -2 -3  7 -1  0 -4 -3 -2    1   0   0   0   0   7   0   1   0   0   1   0   0   0  77   1  10   0   0   0  1.90 0.06
  319 F   -3 -4 -4 -4 -3 -4 -4 -4 -2 -1  0 -4 -1  7 -4 -3 -3  0  2 -2    0   0   0   0   0   0   0   0   0   0   0   0   0 100   0   0   0   0   0   0  1.45 0.12
  320 K   -1  2 -1 -2 -4  1  0 -2 -1 -3 -3  5 -2 -4 -2 -1  1 -4 -3 -3    0   9   0   0   0   0   0   0   0   0   0  79   0   0   0   0  12   0   0   0  0.89 0.09
  321 R   -2  6 -1 -2 -4  1 -1 -3  3 -4 -3  2 -2 -3 -3 -1  0 -4 -2 -3    0  76   0   0   0   4   0   0  10   0   0   5   0   0   0   0   5   0   0   0  1.04 0.09
  322 Q   -1  0  1  0 -3  4  2 -2  3 -3 -3  0 -1  0 -2  1  0 -3 -1 -3    0   0   8   3   0  41  12   0  10   0   0   0   0   6   0  17   3   0   0   0  0.54 0.06
  323 L   -2 -2  0 -3 -2 -2 -3  1 -2  0  2 -2  2  2 -3 -2 -1 -1  2  0    0   0   6   0   0   0   0  12   0   0  42   0   6  13   0   0   0   0   8   9  0.25 0.03
  324 S    1 -2  0 -1 -2 -1 -1 -1 -2 -3 -3 -1 -2 -3 -2  5  1 -4 -3 -2    0   0   0   0   0   0   0   0   0   0   0   0   0   0   0 100   0   0   0   0  1.03 0.11
  325 L   -2 -3 -4 -5 -2 -2 -4 -4 -3  1  4 -3  3  2 -4 -3 -2 -2 -1  0    0   0   0   0   0   0   0   0   0   0  73   0  15  12   0   0   0   0   0   0  0.69 0.07
  326 R   -2  6  0 -2 -4  0 -1 -3 -1 -4 -3  1 -2 -4  1 -1 -2 -4 -3 -3    0  87   5   0   0   0   0   0   0   0   0   0   0   0   8   0   0   0   0   0  1.21 0.10
  327 L   -1 -2 -1 -2 -2 -1 -1 -3 -2  2  2 -2  2 -1 -3  0 -1 -2  0  1    0   0   4   0   0   0   6   0   0  16  35   0  10   0   0  12   0   0   3  14  0.24 0.04
  328 N   -1  1  4  1 -3  0  0 -1 -1 -3 -3  0 -2 -2 -2  1  2 -3  1 -2    1   9  31   9   0   0   6   2   0   0   0   4   0   0   0  11  21   0   6   0  0.44 0.07
  329 E   -2 -1  1  4 -4  1  4 -1 -1 -4 -4  1 -3 -4 -2 -1  1 -4 -3 -3    0   0   6  32   0   3  36   4   0   0   0   8   0   0   0   0  11   0   0   0  0.72 0.08
  330 L    0 -2 -3 -4 -2 -2 -3 -1 -3  0  3  0  2 -1  2 -2 -2 -3 -2  0   11   0   0   0   0   0   0   5   0   0  60   6   5   0   9   0   0   0   0   4  0.39 0.07
  331 P   -1 -2 -2 -2 -4  1 -2  0 -2 -3 -4 -2 -3 -4  6 -1  2 -5 -4 -3    0   0   0   0   0   8   0   9   0   0   0   0   0   0  66   0  16   0   0   0  1.66 0.14
  332 S    1 -2 -1 -1 -2 -1  1 -2 -2  0 -2 -1 -2 -3  1  4  0 -4 -3 -1   12   0   0   0   0   0  12   0   0   9   0   0   0   0   6  62   0   0   0   0  0.57 0.10
  333 T    0 -1  4 -1 -3  2 -1 -2 -1 -2  0 -1 -1 -3 -2  1  3 -4 -3 -2    5   0  33   0   0  12   0   0   0   0  12   0   0   0   0   6  32   0   0   0  0.47 0.09
  334 L    1 -2 -2 -3 -2 -1 -2 -3 -3  2  3 -2  2 -1 -3 -1  2 -3 -2  1   14   0   0   0   0   3   0   0   0  12  39   0   5   0   0   0  19   0   0   8  0.31 0.06
  335 Q   -1  1 -1  0 -4  4  3 -3 -1 -3  0  0 -1 -3 -2  0 -1 -3 -3 -2    1   5   0   2   0  39  34   0   0   0  12   0   0   0   0   7   0   0   0   0  0.66 0.10
  336 R   -2  6 -1 -2 -4  2 -1 -3 -1 -3 -3  2 -2 -3 -2 -1 -2 -3 -3 -3    1  73   0   0   0  12   0   1   0   0   1   9   0   0   0   1   0   0   0   0  1.08 0.12
  337 R    0  3 -1 -2 -3  3  1 -3  0 -1 -1  2 -1  1 -2 -1 -1 -3 -1 -2    7  24   0   0   0  20  11   0   1   6   3  16   0   9   0   0   2   0   0   0  0.40 0.08
  338 T   -1  2  2 -1 -3  1  0 -1 -1 -2 -1  2 -1 -3 -2  1  3 -4 -3 -2    0  18  11   0   0   5   2   4   0   0   7  18   0   0   0   5  28   0   0   0  0.37 0.08
  339 D    0  1  2  3 -3  2  0  1  2 -3 -1  0 -2 -3 -2  0 -1 -3 -2 -2    8  10  16  20   0  13   0   9   9   0   6   0   0   0   0   8   0   0   0   0  0.32 0.06
  340 F   -1  0 -2 -3 -2 -1 -2 -2  2  1  2 -2  3  3 -2 -2 -1 -2  1  0    2   7   1   0   0   0   0   2   9  10  18   0  19  20   2   2   0   0   3   4  0.25 0.07
  341 Q   -1 -1 -1  0 -3  4  0 -2  0  0 -1 -1  1 -1  3  0  0 -3 -2  0    2   2   2   4   0  33   1   2   1  10   2   0   5   2  16   8   4   0   0   6  0.39 0.11
  342 V   -1 -2  2  1 -2 -1 -1 -2 -2  2  0 -2  3 -2 -3 -1 -1 -3 -3  2    1   0  15  11   0   2   2   1   0  16   5   0  13   0   0   5   2   0   0  28  0.27 0.10
  343 K    1 -1  1 -1 -3 -1  0  2 -2 -2  0  2  1 -3 -1  1  0 -4 -3 -2   12   0  10   2   0   0   6  18   0   0  11  21   7   0   2   9   2   0   0   0  0.22 0.07
  344 G    0 -1  4  0 -4  1 -1  3 -1 -4 -4  1 -3 -4 -1  0 -1 -4 -3 -3    8   0  28   4   0  10   2  29   0   0   0  11   0   0   2   7   0   0   0   0  0.57 0.12
  345 T    0 -2 -1 -2 -3 -1 -1 -3 -2 -2 -3  1 -2 -3  4  1  4 -4 -3 -1    7   0   2   0   0   2   2   0   0   0   0  11   0   0  25   6  42   0   0   4  0.75 0.16
  346 V   -1 -4 -4 -4 -2 -3 -4 -2  0  4  0 -3  0 -2 -4 -3 -1 -4 -2  4    3   0   0   0   0   0   0   3   4  41   0   0   0   0   0   0   0   0   0  49  0.76 0.18
  347 P   -1 -1  2  2 -3  2 -1 -2  3 -2  0 -1 -1 -3  2  1  1 -4 -2 -2    0   0  13  13   0  13   0   0  13   0  13   0   0   0  13  13  13   0   0   0  0.36 0.11
  348 E   -2  2 -2 -1 -4  0  4 -3 -2  1 -2  0 -2 -3  2 -2 -2 -4 -3 -1    0  19   0   0   0   0  50   0   0  19   0   0   0   0  13   0   0   0   0   0  0.69 0.14
  349 M   -1  2 -3 -4  3 -2 -3 -4 -3  1  0 -2  3 -2  2 -1 -2  5 -2  1    4  15   0   0  12   0   0   0   0   6   4   0  16   0  12   3   0  13   0  15  0.44 0.14
  350 E    0 -1  1  3 -3  2  2 -2  4 -4 -4 -1 -3 -3 -2  2  0 -4 -2 -3    5   0   8  21   0  12  15   0  15   0   0   0   0   0   0  21   4   0   0   0  0.57 0.14
  351 P    0 -2 -2 -2 -3  0  0 -3  3 -3 -1 -1  0 -3  6  0 -2 -4 -2 -2    4   0   0   0   0   6   5   1  12   0   6   0   3   0  51   9   0   0   0   0  1.15 0.19
  352 P    0 -2  2 -1 -3  0  1 -2 -2 -3 -2 -1 -2 -3  5  1  1 -4 -3 -2    6   0  12   0   0   5   9   1   0   0   3   0   0   0  36  16   8   0   0   0  0.78 0.14
  353 G    0 -1 -1 -1  0  1  0  0 -2 -1  0  1 -1 -2  4  0 -1 -3 -2  0    6   1   1   3   3  10   6  10   0   1  11  11   0   1  23   6   1   0   0   8  0.33 0.08
  354 T    1  0 -1 -1  1  0  2 -2 -2 -1 -1  0 -1  0  0  1  1 -3 -2  1   15   6   1   1   3   1  16   1   0   1   1   6   0   5   3   9  11   0   0  20  0.14 0.08
  355 G    1  0  1 -1 -3  0  0  4  1 -3 -3 -1 -2 -3 -2  0 -1 -3 -2 -2   10   6   6   1   0   5   8  45   4   1   1   1   0   1   1   6   1   0   0   3  0.50 0.12
  356 D    0 -1  2  3 -3  1  3 -2  1 -3 -3 -1 -2 -3 -2  1  1 -4 -3 -3    8   0  10  26   0   7  23   0   4   0   1   0   0   0   0  11   7   0   0   0  0.53 0.11
  357 S    1 -2  1  0 -2 -1  0  1 -2 -2 -1 -1 -2 -2  2  2  0 -3 -2 -1   16   1   8   4   0   0   5  15   0   1   8   1   0   0  12  25   1   0   0   2  0.31 0.08
  358 D   -2 -2  0  6 -3 -1  1 -2 -2 -3 -3 -1 -3 -3  1  0  1 -4 -3 -3    1   1   1  65   0   0   4   1   0   1   1   1   0   0   8   4  11   0   0   1  1.02 0.19
  359 G    0 -2  0  1 -2 -1 -1  2 -2 -3 -3 -1 -2 -3  0  3  2 -4 -3 -2    3   0   2   7   0   0   1  23   0   0   1   0   0   0   5  42  14   0   0   1  0.52 0.14
  360 I   -2 -4 -4 -5 -2 -4 -4 -5 -4  5  1 -4  0 -2 -4 -3 -2 -4 -3  3    0   0   0   0   0   0   0   0   0  65   4   0   0   0   0   0   0   0   0  32  1.00 0.24
  361 S    1 -2  4 -1 -3 -1 -1  1 -2 -4 -4 -1 -3 -4 -2  4  0 -4 -3 -3   14   0  29   0   0   0   0  10   0   0   0   0   0   0   0  44   3   0   0   0  0.72 0.20
  362 A    3 -2 -1 -2 -2  2 -1  2  1 -3 -3 -1 -2 -3 -2  2 -1 -4 -3 -2   48   0   0   0   0  11   0  17   5   0   0   0   0   0   0  20   0   0   0   0  0.59 0.18
  363 L   -2 -3  0 -4 -3 -2 -3 -4 -3  1  3 -3  5 -1 -4 -3 -2 -3 -2  1    0   0   7   0   0   0   0   0   0   6  42   0  35   0   0   0   0   0   0  10  0.72 0.20
  364 C   -2 -5 -4 -5  9 -4 -6 -5 -5 -2  0 -5 -2 -3 -5 -3 -3 -4 -4 -2    0   0   0   0  89   0   0   0   0   0  11   0   0   0   0   0   0   0   0   0  2.26 0.33
  365 T    0 -1 -1 -1  1  4  0 -2 -1 -3 -3  1 -2 -3 -2  3  2 -4 -3 -2    0   0   0   0   4  30   0   0   0   0   0   8   0   0   0  40  18   0   0   0  0.62 0.14
  366 Q   -2  0 -1 -2 -4  6  0 -3 -1 -3 -2  0  2 -4 -3 -1  1 -3 -3 -3    0   0   0   0   0  81   0   0   0   0   0   0   8   0   0   0  11   0   0   0  1.25 0.24
  367 I   -2 -4 -4 -5 -2 -4 -4 -5 -4  5  3 -4  1 -1 -4 -3 -2 -3 -2  1    0   0   0   0   0   0   0   0   0  69  31   0   0   0   0   0   0   0   0   0  0.86 0.16
  368 S    1 -1  2  1 -2  1 -1 -2 -1 -2 -3 -1 -2 -3 -2  2  3 -4 -3 -2   15   0  13   7   0   8   0   0   0   0   0   0   0   0   0  24  34   0   0   0  0.51 0.11
  369 S    1 -1  2 -1 -2  3  0 -2  1 -3 -3 -1 -2 -3 -2  3  1 -4 -2 -2    7   0  13   0   0  22   0   0   5   0   0   0   0   0   0  45   8   0   0   0  0.57 0.11
  370 S    1 -2  1  1 -2 -1 -1  1 -2 -3 -3 -1 -2 -3 -2  3  1 -4 -3 -2   13   0   9   9   0   0   0  13   0   0   0   0   0   0   0  48   9   0   0   0  0.53 0.09
  371 F   -3 -4 -4 -5 -3 -4 -4 -4 -2  0  2 -4  0  6 -4 -3 -2 -1  1 -1    0   0   0   0   0   0   0   0   0   0  34   0   0  66   0   0   0   0   0   0  0.98 0.13
  372 A    2 -2 -1 -2 -2 -1 -1  0 -2 -2 -2 -1 -2 -3 -2  3  3 -4 -3 -1   23   0   0   0   0   0   0   5   0   0   0   0   0   0   0  35  37   0   0   0  0.59 0.09
  373 S    1  1  2 -1 -2  0 -1  0 -1  0  0 -1 -1 -2 -2  1  1 -3 -2 -1   20   8  15   0   0   5   0   7   0  10  10   0   0   0   0  16   9   0   0   0  0.18 0.04
  374 A    2 -2  2 -2 -2 -1 -2 -2 -2 -1  1 -1  0 -2  2  2  1 -3 -2 -1   25   0  13   0   0   0   0   0   0   0  25   0   0   0   9  22   6   0   0   0  0.29 0.06
  375 G    1 -2  2 -1  1 -1 -1  2 -2 -3 -3 -1 -2 -3 -2  3  2 -4 -3 -2    8   0  16   0   5   0   0  18   0   0   0   0   0   0   0  36  18   0   0   0  0.48 0.07
  376 A    2 -2  1  0 -2 -1  0 -1 -2 -2 -1 -1 -1 -3  1  2  2 -4 -2 -1   26   0   5   6   0   0   5   0   0   0   6   0   0   0   6  20  22   0   0   3  0.33 0.05
  377 P   -1 -2 -2  1 -4 -1  2 -3 -2 -4 -4 -1 -3 -4  6  1 -1 -5 -4 -3    0   0   0  11   0   0  15   0   0   0   0   0   0   0  63  11   0   0   0   0  1.60 0.12
  378 V    1 -2 -2  2 -2 -2 -1 -3 -2  0  1 -2  3  2 -3 -1  0 -2 -1  2   14   0   0  19   0   0   0   0   0   0   7   0  17  13   0   0   6   0   0  25  0.21 0.06
  379 P    0 -2  1 -2 -3 -2 -2 -2 -2 -2 -3 -2 -2  0  6  1 -1 -3  1 -1    4   0  11   0   0   0   0   0   0   0   0   0   0   7  52  14   0   0   6   5  1.13 0.10
  380 G    0 -1 -1  1 -3 -2 -1  3 -2 -2 -2  0 -2  2 -3  1 -1 -3 -1 -1    5   3   0  11   0   0   0  34   0   0   0   7   0  19   0  13   0   0   0   6  0.31 0.05
  381 P    2 -2  0 -2 -2 -1  0 -2 -2 -1 -1 -1 -1 -3  4  0  1 -4 -3  0   26   0   7   0   0   0   7   0   0   0   6   0   0   0  30   4   9   0   0   9  0.58 0.06
  382 P    1 -2 -3 -3 -3  1 -2  0 -3 -3 -1 -2 -2 -4  6 -1 -2 -4 -4 -2   15   0   0   0   0   8   0   7   0   0   9   0   0   0  60   0   0   0   0   0  1.41 0.19
  383 S    1 -2  2 -1 -3 -2 -2  1 -2 -2 -3 -2 -2 -3  3  3  0 -4 -3  0   16   0  17   0   0   0   0  12   0   0   0   0   0   0  16  32   0   0   0   7  0.54 0.15
  384 A    3 -2  1 -2  2  1 -1 -2 -2 -2 -2 -1  2 -3  1  1  1 -4 -3 -1   43   0   6   0   7  10   0   0   0   0   0   0   9   0   5  13   7   0   0   0  0.42 0.15
  385 T    0 -2 -1 -2 -2 -2 -2  1 -3  0 -2 -2 -2 -3  3  1  4 -4 -3 -1    7   0   0   0   0   0   0  10   0   8   0   0   0   0  14   9  53   0   0   0  0.67 0.19
  386 T    1  0  0 -2 -3  0 -2  2 -2 -2 -2 -1 -2  1  1  0  1  2 -1  0   21   4   6   0   0   6   0  19   0   0   0   0   0  12   8   0  12   4   0   7  0.23 0.09
  387 G    1 -2  1 -1 -3  1  1  4 -2 -3 -3 -1 -2 -3  2  1 -1 -3 -3 -3   13   0   8   0   0   7  10  41   0   0   1   0   0   0  10   8   0   0   0   0  0.54 0.10
  388 T   -1  1 -1  1 -2 -1 -1  1  2 -2 -2 -1 -2 -3  1  1  3 -3 -2  0    1   8   0   7   0   0   0  13   7   0   1   0   0   0   8  14  32   0   0   7  0.31 0.09
  389 S    1 -2  2 -2 -2 -1 -2 -2 -2 -1 -2 -2 -2 -2  3  1  1  5 -1  1   14   0  14   0   0   0   0   0   0   0   0   0   0   0  14  14  14  14   0  14  0.46 0.10
  390 A    2 -2 -1 -1  4 -1  2 -2  2 -2 -3 -1 -2 -3 -2  2  1 -4 -2 -2   23   0   0   0  15   0  15   0   9   0   0   0   0   0   0  25  12   0   0   0  0.42 0.10
  391 W    1 -3 -3 -4 -3 -3 -3 -3 -3 -3 -3 -3 -2  1  1  1 -2  9  0 -3   14   0   0   0   0   0   0   0   0   0   0   0   0   7   9  12   0  58   0   0  1.75 0.28
  392 G    2 -2  1 -2 -2 -2 -2  3 -2 -1  0 -2 -1 -2  1  0  0 -3 -3  0   22   0   7   0   0   0   0  31   0   0  14   0   0   0   5   0   6   0   0  10  0.28 0.07
  393 E    0 -1  1  1 -3  2  2 -2 -1 -3 -3 -1 -2 -3  2  1  2 -4 -3 -2    7   0   5   7   0  16  16   0   0   0   0   0   0   0   9  11  25   0   0   0  0.45 0.10
  394 P    0 -2 -2  1 -3 -2 -1 -3  3 -2 -3 -2 -3 -3  6  0 -1 -4 -2  0    7   0   0   9   0   0   0   0  14   0   0   0   0   0  51   9   0   0   0  10  1.16 0.18
  395 S    2  1 -1 -1 -2  2  1 -2 -1 -2 -2  0 -1 -3  2  2  0 -3 -2  0   23  11   0   0   0  14   8   1   0   0   1   0   0   0  12  21   0   0   0   8  0.36 0.09
  396 V    1 -2 -2 -3 -2 -2 -2  0 -2  1  0 -2  1 -1  1  0 -1 -2  2  2   14   0   0   0   0   0   0   9   0   8   8   0   5   0   8  11   0   0  11  23  0.15 0.06
  397 P    1 -1 -1 -2 -3  2  0 -2  4 -3 -3 -1 -2 -3  3  2  0 -3 -1 -2   20   0   0   0   0  20   0   0  20   0   0   0   0   0  20  20   0   0   0   0  0.59 0.06
  398 A    2 -2 -2 -2 -2 -1 -2 -2 -2  0  0 -1 -1 -2  4  1  1 -3 -2  1   24   0   0   0   0   0   1   1   0   0  10   0   0   0  23   9  11   0   0  17  0.44 0.07
  399 A    2 -1  2 -1  2  1 -1 -1 -1 -2 -2 -1 -2 -3  2  2  0 -3 -2  0   24   0  12   0   6   6   1   1   0   0   1   0   0   0   9  29   0   0   0   8  0.34 0.08
  400 T    1 -1  1  1 -3  2 -1  0 -1 -3 -3 -1 -2 -3  3  2  1 -4 -3 -2   12   0   8   8   0  12   0   7   0   0   0   0   0   0  16  29   8   0   0   0  0.48 0.09
  401 A    2 -3 -3 -3 -2 -2 -2  0 -3 -1  1 -2 -1 -2  5 -1 -1 -4 -3  1   24   0   0   0   0   0   0   7   0   0  24   0   0   0  34   0   0   0   0  12  0.69 0.11
  402 F    0 -3 -3 -4 -2 -3 -3 -4 -3  0  2 -3  0  5 -3 -1 -2 -2  1  1    7   0   0   0   0   0   0   0   0   0  28   0   0  42   0   7   0   0   0  16  0.52 0.12
  403 Q    2  0 -1 -2 -3  4  0  0  4 -3 -2  0  1 -3 -2  0 -1 -3 -1 -2   24   0   0   0   0  44   0   8  17   0   0   0   7   0   0   0   0   0   0   0  0.54 0.09
  404 P    2 -2 -1 -2 -2 -1 -1  0  1 -3 -3 -1 -2 -3  5  2  0 -4 -3 -2   18   0   0   0   0   0   0   6   5   0   0   0   0   0  40  31   0   0   0   0  0.97 0.08
  405 G    1 -2  1 -2 -3 -2 -2  3 -2 -2 -2 -2 -2  4 -3  1 -1 -2  0 -2   11   0  11   0   0   0   0  27   0   0   0   0   0  35   0  15   0   0   0   0  0.38 0.03
  406 H   -2 -1 -1 -2 -4 -1 -1 -3  7 -2 -2 -2 -2  4 -3 -2 -2 -2  2 -3    0   0   0   0   0   0   0   0  65   0   0   0   0  35   0   0   0   0   0   0  1.05 0.08
  407 K    0  3  0 -1 -3  1  0 -2 -1 -3 -3  3 -2 -3 -1  2  0 -4 -2 -2    0  23   0   0   0   0   0   0   0   0   0  44   0   0   0  34   0   0   0   0  0.57 0.01
  408 R   -1  5 -1 -2 -4  0 -1 -3 -1 -3 -3  1 -2 -4  5 -1 -1 -4 -3 -3    0  66   0   0   0   0   0   0   0   0   0   0   0   0  34   0   0   0   0   0  1.13 0.01
  409 T    0 -2  0 -1 -2 -1 -1  3 -2 -2 -2 -1 -1 -3 -2  1  4 -3 -3 -1    0   0   0   0   0   0   0  34   0   0   0   0   0   0   0   0  66   0   0   0  0.61 0.01
  410 P    0 -2 -2 -2 -2 -1 -1 -2 -2 -2 -3 -1 -2 -3  6  0  3 -4 -3 -2    6   0   0   0   0   0   0   0   0   0   0   0   0   0  61   0  34   0   0   0  1.44 0.01
  411 S    1 -1  0 -1 -2  0 -1 -1 -1 -3 -3 -1 -2 -3 -1  5  1 -4 -2 -2    0   0   0   0   0   0   0   0   0   0   0   0   0   0   0 100   0   0   0   0  0.76 0.02
  412 E    2 -1 -1  1 -3  1  4 -1 -1 -3 -3  0 -2 -3 -1  0 -1 -4 -3 -2   34   0   0   0   0   0  66   0   0   0   0   0   0   0   0   0   0   0   0   0  0.68 0.01
  413 A    3 -1 -1 -1 -1 -1 -1  0 -1 -1 -1 -1 -1 -2  0  1  0 -2 -1  0   69   2   2   2   1   1   2   2   1   2   3   2   1   1   2   2   2   0   1   2  0.33 0.00
  414 E   -1 -1  0  4 -2  1  3 -1 -1 -2 -2  0 -2 -2 -1  0 -1 -2 -2 -2    3   2   2  35   1   1  35   2   1   2   3   2   1   1   2   2   2   0   1   2  0.50 0.00
  415 R   -1  5  0 -1 -2  1  0 -1  0 -2 -2  2 -1 -2 -1 -1 -1 -2 -1 -2    3  68   2   2   1   1   2   2   1   2   3   2   1   1   2   2   2   0   1   2  0.57 0.01
  416 W   -3 -3 -4 -5 -3 -3 -4 -4 -3 -3 -2 -4 -2  0 -5 -4 -4 10  2 -3    0   0   0   0   0   0   0   0   0   0   0   0   0   0   0   0   0 100   0   0  2.71 0.03
  417 L   -1 -3 -2 -3 -2 -2 -1  3 -3  0  3 -2  1 -1 -3 -2 -2 -3 -2  0    0   0   0   0   0   0   5  34   0   0  61   0   0   0   0   0   0   0   0   0  0.38 0.01
  418 E   -1 -1 -1  1 -5  2  5 -3  0 -4 -4  0 -2 -4 -2 -1 -1 -4 -3 -3    0   0   0   0   0   0 100   0   0   0   0   0   0   0   0   0   0   0   0   0  1.11 0.02
  419 E   -1 -1 -1  0 -4  1  4 -3 -1 -4 -3  0 -2 -4  5 -1 -1 -4 -3 -3    0   0   0   0   0   0  63   0   0   0   0   0   0   0  37   0   0   0   0   0  1.18 0.01
  420 V    0 -2 -1 -2 -1 -2 -2 -2 -2  1  0 -2  0 -2 -2  2  0 -3 -2  3    0   0   0   0   0   0   0   0   0   0   0   0   0   0   0  37   0   0   0  63  0.32 0.01
  421 S    1 -2 -1 -2 -1 -1 -1 -1 -2  0 -1 -1 -1 -2 -2  2  2 -3 -2  2   16   0   0   0   0   0   0   0   0   0   0   0   0   0   0  34  21   0   0  29  0.33 0.01
  422 Q   -1  1 -1 -1 -4  2  0 -2 -1 -3 -3  4 -2 -4  4 -1  0 -4 -3 -3    0   0   0   0   0  18   0   0   0   0   0  48   0   0  29   0   5   0   0   0  0.85 0.02
  423 V    2 -2 -1 -2 -2 -1 -1 -2 -2  0 -1 -1 -1 -2  4  2  0 -4 -2  1   19   0   0   0   0   0   0   0   0   8   0   0   0   0  29  30   0   0   0  14  0.60 0.01
  424 A    3 -2 -3 -3  2 -2 -2 -2 -3  1 -1 -2 -1 -2  1  0  0 -3 -2  2   45   0   0   0   8   0   0   0   0   0   0   0   0   0   7   0   0   0   0  40  0.33 0.02
  425 K    2  3 -1 -2 -2  0  0 -1 -1 -3 -2  3 -2 -3  1  0 -1 -4 -2 -2   37  26   0   0   0   0   0   0   0   0   0  30   0   0   7   0   0   0   0   0  0.49 0.02
  426 A    4 -2 -2 -2 -1 -1 -1  0 -2 -1  0 -1 -1 -2 -1  1  0 -3 -2  0   85   0   0   0   0   0   0   1   0   0   9   0   0   0   0   1   0   0   0   0  0.49 0.02
  427 Q   -1  0 -1 -1 -2  3  0 -2  2 -2 -1  0 -1  3  1 -1  0 -1  1 -2    1   1   1   1   0  35   1   1   9   1   1   1   0  30   9   1   6   0   0   1  0.35 0.01
  428 Q   -1  0  0 -1 -3  5  1 -2  0 -2 -2  1 -1 -2  2  0 -1 -2 -2 -2    2   1   1   1   0  72   1   2   0   1   2   1   0   1   9   1   1   0   1   1  0.70 0.02
  429 Q    0 -1 -1 -1 -2  1  0 -2  1 -2 -2 -1 -2 -2  6  0 -1 -3 -2 -2   10   1   1   1   0  12   1   2   5   1   2   1   0   1  50   7   1   0   1   1  1.01 0.02
  430 Q    1 -1  0 -1 -2  2  0  3 -1 -2 -2  0  1 -2  1  1  0 -2 -2 -2   10   1   5   1   0  15   1  29   0   1   1   6   8   1   6  10   5   0   0   1  0.27 0.01
  431 Q    2 -1 -1 -1 -2  1  0 -1  2 -2 -2 -1 -1 -2  3  1  1 -2 -1 -1   32   1   1   1   0   9   1   2  11   1   2   1   0   1  16   8  10   0   1   1  0.36 0.03
  432 Q    0  0  1 -1 -2  1  0 -1 -1  0 -1  1 -1 -2  4  1  0 -2 -2  0   10   1   8   1   0   9   1   2   0   7   2  12   0   1  24  11   1   0   1   8  0.38 0.03
  433 Q    0  1 -1 -2 -2  2  0 -2 -1 -1  1  0  0 -2  3  0  2 -3 -2 -1   10  11   0   1   0  20   1   1   0   0  18   1   0   0  16   1  19   0   0   1  0.33 0.04
  434 Q    1  1 -2 -2 -2  1 -1 -2 -1 -1  0  0 -1  1  3  0  1 -2 -1 -1   18  13   0   1   0   8   1   1   0   0  13   1   0   9  21   1  11   0   0   1  0.33 0.03
  435 Q    1 -1 -1 -2 -2  4  0 -2 -1 -2 -2  0  1 -3  4  0  1 -3 -3 -2   18   0   0   0   0  34   0   0   0   0   0   0   7   0  26   0  13   0   0   0  0.65 0.07
  436 Q    1 -1  2 -1 -2  2 -1 -2 -1 -2 -1 -1 -1 -3  4  1  0 -3 -3 -2   14   0  13   0   0  14   0   0   0   0  10   0   0   0  30  11   6   0   0   0  0.59 0.05
  437 Q    1 -1 -1 -1 -3  3  1  0 -1 -2 -2 -1 -1  0  3  1  2 -3 -2 -2    9   0   0   0   0  22  10   7   0   0   0   0   0   9  14  11  18   0   0   0  0.37 0.05
  438 Q    1 -2 -2 -2 -3  1 -1 -2 -2 -2  0 -1  1 -3  6 -1 -1 -4 -3 -2   22   0   0   0   0  12   0   0   0   0   9   0   9   0  48   0   0   0   0   0  1.05 0.08
  439 Q    1 -1 -1 -1 -2  2  1 -2 -1 -1 -2 -1 -1 -3  4  0  1 -3 -2  0   20   0   0   0   0  13  11   1   0   0   1   1   0   0  26   1  15   0   0  10  0.51 0.04
  440 Q   -1  1 -1 -2 -3  3  0 -2 -1 -1  0  0  1 -2  3  0  1 -3 -2 -1    1  11   0   0   0  26   1   1   0   0  10   1   7   0  21   6  13   0   0   1  0.44 0.05
  441 Q   -1 -1  1 -1 -3  4  0  0 -1 -2  0  0 -1 -2  1  0 -1  4 -1 -2    1   0   9   0   0  40   1   6   0   0  12   1   0   0   9   7   1  11   0   1  0.43 0.06
  442 Q   -1 -1 -1 -2 -3  4  0  0 -1 -2  0 -1 -1  1  4 -1 -1 -2 -1 -2    1   0   0   0   0  37   1   7   0   0  11   1   0   9  30   1   1   0   0   1  0.65 0.07
  443 Q   -1 -1 -2 -1 -3  2  1 -2 -1 -1 -2 -1 -1 -3  6 -1 -1 -3 -2  0    1   1   1   1   0  13  11   1   0   6   1   1   0   1  51   1   1   0   0   8  1.05 0.06
  444 Q    0 -1 -1 -1 -2  2  1 -2 -1  0 -1 -1 -1  0  4 -1 -1 -2 -1  0   10   1   1   1   0  13  12   2   0   7   2   1   0   7  26   1   1   0   1  13  0.40 0.03
  445 Q   -1 -1 -1 -2 -2  1 -1 -2  2  1  1 -1  0 -1  4 -1 -1 -2 -1  1    2   1   1   1   0   9   2   2   9   8  22   1   1   1  23   2   1   0   1  12  0.32 0.03
  446 Q    0 -1  0 -1 -2  2  0 -1 -1 -1 -1  0  1 -2 -1  2  2 -2 -2  0    2   1   1   1   0  20   2   2   1   1   2   1   7   1   1  27  16   0   1  10  0.25 0.03
  447 Q    1 -1 -1 -1 -2  2  0  0 -1 -1 -2  0 -1 -2  4  0  1 -2 -2 -1   11   1   1   1   0  20   2   9   1   7   2   1   1   1  27   2  10   0   1   2  0.47 0.03
  448 Q    1 -1 -1 -1 -1  1 -1 -1 -1  1 -1 -1 -1 -2  3  1  1 -2 -2  1   15   1   1   1   0   9   2   2   1  11   2   1   1   1  18  10  10   0   1  12  0.27 0.02
  449 Q    1 -1 -1 -1 -2  1 -1  0 -1 -1 -2 -1 -1 -2  4  1  0 -2 -2  0   12   1   1   1   0   9   2   7   1   1   2   1   1   1  28  18   1   0   1  10  0.47 0.03
  450 Q   -1  0 -1 -1 -2  2  0 -2 -1 -2 -1  1  1 -2  4  0  1 -2 -2 -1    2   1   1   1   0  19   2   2   1   1   2  12   7   1  26   2  17   0   1   2  0.50 0.04
  451 Q    0 -1 -1 -1 -2  2  1 -2 -1 -2 -2  0 -1 -2  4  0  1 -2 -2 -1   10   1   1   1   0  18  12   2   1   1   2   1   1   1  30   2  13   0   1   2  0.59 0.04
  452 A    3 -2 -1 -2 -1 -1 -1  2 -2 -1 -1 -1  1 -2  1  1  0 -3 -2  0   43   1   1   1   0   1   1  18   0   1   1   1   7   1   6   7   1   0   0   9  0.30 0.04
  453 T    1 -2 -2 -2 -1 -1 -2  0 -2  1  0 -2  1  1 -2  1  1 -2 -1  2   20   0   0   0   0   0   0   6   0  12   1   0   6   9   0  10  15   0   0  20  0.16 0.03
  454 S    1 -1 -1 -1 -2 -1 -1 -1 -1 -2 -2 -1 -2  1  3  3  1 -2 -1 -1   10   1   1   1   0   1   1   1   0   1   1   1   0   9  17  45   8   0   1   1  0.46 0.05
  455 V   -1 -1 -2 -2 -2  1 -1  0 -1  1  1 -1  2 -1 -2 -1 -1 -2 -1  2    2   1   1   1   0  12   2   8   1   7  17   1   7   1   1   2   1   0   1  32  0.13 0.02
  456 P    1 -2 -2 -2 -3 -2 -1 -2 -2 -3 -3 -1 -2 -3  7 -1 -1 -3 -3 -2   11   1   1   1   0   1   1   1   0   1   1   1   0   1  76   1   1   0   0   1  1.88 0.10
  457 P    0 -2 -1 -2 -2 -1 -1  1 -2 -1 -2 -1 -2  1  5  1 -1 -2 -1  0    7   1   1   1   0   1   1  13   0   1   1   1   0  10  35  16   1   0   0  10  0.62 0.04
  458 M    1 -1 -2 -2 -1  1 -1 -2 -2  1  1 -1  2  1 -1 -1 -1 -2 -1  2   17   1   1   1   0  10   1   1   0   1  21   1   8   7   1   1   1   0   1  23  0.13 0.02
  459 P   -1 -2 -2 -2 -3 -2 -2  1 -2 -2 -1 -2 -2 -3  6 -1 -2 -3 -3 -2    1   1   1   1   0   1   1  16   0   1  10   1   0   1  63   1   1   0   0   1  1.40 0.08
  460 T    1 -2  1 -1 -2 -1 -1  1 -2 -2 -2 -1 -1  1  2  1  3 -3 -1 -1   15   0  10   0   0   0   0  13   0   0   0   0   0  13   9   6  32   0   0   0  0.30 0.04
  461 M    0 -2 -2 -2 -2  0 -1 -2 -2  0  2 -1  3 -1  1  1  1 -3 -2  1   10   0   0   0   0   6   0   0   0   0  23   0  19   0   9  13   9   0   0   9  0.21 0.04
  462 A    2 -2 -2 -3 -2 -2 -2  0 -2  0  2 -2  0  1  2 -1 -1 -2 -1  0   29   0   0   0   0   0   0   6   0   0  32   0   0  10  10   0   0   0   0   9  0.23 0.04
  463 P   -1 -3 -3 -3 -4 -2 -2 -3 -3 -3 -1 -2 -2 -3  7  1 -2 -5 -4 -3    0   0   0   0   0   0   0   0   0   0  10   0   0   0  79  11   0   0   0   0  2.00 0.13
  464 T    1 -2 -1 -1 -2 -1 -1  0 -2 -2 -2 -1 -1 -2 -1  2  4 -3 -2 -1   11   0   0   0   0   0   1   7   0   0   1   1   0   0   0  17  59   0   0   1  0.56 0.07
  465 L   -1 -2 -2 -3 -2 -2 -3  0 -2  1  3 -2  4  1 -3  0 -1 -2 -1  0    0   0   0   0   0   0   0   9   0   7  40   0  24   6   0  10   0   0   0   0  0.31 0.05
  466 Q    0  0 -1 -1 -3  5  1 -2  0 -3 -3  0 -1 -3  4 -1 -1 -3 -3 -2    7   0   0   0   0  64   0   0   0   0   1   0   0   0  24   0   0   0   0   0  1.01 0.11
  467 P   -1 -2 -3 -2 -4 -2 -2 -1 -3 -4 -3 -2 -3 -4  7 -2 -2 -4 -4 -3    0   0   0   0   0   0   0   6   0   0   1   0   0   0  89   0   0   0   0   0  2.37 0.13
  468 F   -1  1 -2 -2 -2 -2 -2 -2 -1 -1  0 -1 -1  5 -2  0 -1  0  3 -1    2   9   1   1   0   1   1   2   0   1   2   1   0  56   1   8   1   0  10   1  0.50 0.06
  469 S    1 -1 -1 -1 -1  1  0 -1 -1 -1  0  0 -1 -1  3  2  0 -2 -1 -1   19   2   2   2   1  10   2   3   1   2   9   2   1   2  17  19   2   1   1   3  0.27 0.02
  470 T    2 -1 -1 -1 -1 -1 -1  0 -1  0 -1 -1 -1 -2  2  0  1 -2 -2  1   30   2   1   2   1   1   2   9   1   2   3   2   1   1  10   2  12   0   1  18  0.19 0.02
  471 P    0 -2 -2 -2 -3 -1 -1 -2 -2 -2 -2 -1 -2 -3  7 -1 -1 -3 -3 -2   10   1   1   1   0   1   1   2   0   1   2   1   0   1  72   1   1   0   1   1  1.73 0.09
  472 V   -1 -2 -2 -3 -2 -1 -2 -3 -2  1  2 -2  3  1 -2  0  1 -2 -1  2    1   1   1   1   0   0   1   1   0   1  23   1  22   9   1   8   8   0   0  22  0.23 0.03
  473 G    2 -2  0 -2 -2  1 -1  3 -2 -2 -2 -1 -2 -3  2  0 -1 -3 -3 -1   25   0   6   0   0   9   0  39   0   0   1   0   0   0  10   0   0   0   0   8  0.45 0.04
  474 P    1 -1 -1 -1 -1 -1 -1 -1 -1 -1 -1 -1 -1 -1  5  0  0 -2 -1  0   18   2   2   2   1   2   3   3   1   2   4   3   1   2  34   3   3   1   1  12  0.55 0.02
  475 F   -2 -2 -2 -2 -3 -2 -2 -3 -1 -1 -1 -2 -1  5  4 -2 -2  0  3 -2    1   1   1   1   0   1   1   1   0   1   1   1   0  48  27   1   1   0  11   1  0.76 0.05
  476 D    0  1  0  4 -2  0  2 -1 -1 -2 -1  0  1 -2 -1  1 -1 -3 -2 -2   10   8   1  36   0   1  12   1   0   1   7   1   7   1   1  11   1   0   1   1  0.33 0.03
  477 T    2 -1 -1 -2 -1  1 -1 -1 -1  0 -1 -1 -1 -2  2  1  2 -3 -2  1   31   1   1   1   0   8   1   1   0   1   1   1   0   1  10   8  17   0   1  16  0.26 0.02
  478 A    3 -1 -1 -1 -1 -1 -1 -1 -1 -2 -2 -1 -1 -2 -1  2  2 -3 -2 -1   55   1   1   1   0   1   1   1   0   1   1   1   0   1   1  14  18   0   1   1  0.42 0.04
  479 A    1 -2 -2 -2 -2  0 -1 -2 -2 -2 -2 -1 -2 -3  6 -1 -1 -3 -3  0   16   1   1   1   0   6   1   1   0   1   1   1   0   1  58   1   1   0   1   8  1.25 0.06
  480 A    2 -1 -1 -2 -1 -1 -1 -1 -2  0  0 -1 -1 -2  3  1  1 -2 -2  0   36   1   1   1   0   1   1   1   0   1  11   1   0   1  14   7  12   0   1  11  0.29 0.02
  481 Q    1 -1 -1 -1 -2  3  0 -1 -1 -2 -2  0  1 -2  4  0  0 -2 -2 -1   22   1   1   1   0  24   1   1   0   1   2   1   6   1  27   1   8   0   1   1  0.55 0.04
  482 V   -1 -2 -3 -3 -2 -2 -2 -3 -3  1  1 -2  2  1  2 -2 -1 -2 -1  3    1   0   0   0   0   0   0   1   0   0  11   0   9  10  12   1   0   0   0  53  0.36 0.04
  483 A    2 -2 -1 -2 -2 -1 -1  1 -2  0 -1 -1  1 -2  1  1  0 -3 -2  1   27   0   0   0   0   0   0  12   0   0   1   0  10   0   7  17   0   0   0  22  0.23 0.03
  484 V   -1 -2  1 -2 -2 -1 -2  0 -2  0  0 -2  2  1  4  0 -1 -2 -1  1    1   0   9   0   0   0   0   6   0   0   6   0  12  11  23  10   0   0   0  18  0.32 0.03
  485 F    0  0 -2 -3 -2 -2 -2  0 -1 -1 -1 -1 -1  4 -2  0 -1 -1  2  0   11   7   0   0   0   0   0  10   0   0   1   0   0  40   0  10   0   0   6  12  0.25 0.04
  486 L    0 -1  0 -2 -2  0 -1  0 -2  0  3 -1  1 -1 -2 -1 -1 -2 -2  0   12   1   7   1   0   8   1   7   0   1  48   1   0   1   1   1   1   0   1   7  0.15 0.02
  487 P    1 -1 -1 -2 -2  2  0 -2 -1 -2 -2 -1 -1 -3  5  0 -1 -3 -2 -1   18   1   1   1   0  17   1   1   0   1   1   1   0   1  41   7   1   0   1   7  0.82 0.04
  488 P    0 -1  0 -1 -3  0 -1 -2 -2 -2 -2 -1 -2 -3  6 -1 -1 -3 -3 -1    8   1   6   1   0   6   1   1   0   1   1   1   0   1  60   1   1   0   1   7  1.30 0.06
  489 T    0  1 -1 -2 -2  1 -1 -2 -1 -2 -2  0 -1  2  5 -1  0 -2 -1 -2   11  10   1   1   0  12   1   1   0   1   1   1   0  15  33   1   8   0   0   1  0.60 0.03
  490 H   -1 -1  0 -1 -3  1  0 -2  5 -2 -2 -1 -1  1  3  1 -1 -2  0 -2    1   1   1   1   0  10   1   1  36   1   2   1   0  11  17  13   1   0   1   1  0.47 0.02
  491 M    0 -2 -2 -3 -1 -1 -2 -2 -2  1  2 -2  3  2 -2 -1 -1 -1  0  1   13   1   1   1   0   1   1   1   0   1  24   1  21  13   1   1   1   0   1  17  0.19 0.01
  492 Q   -1  0 -1 -1 -3  5  1 -2  0 -2 -1  0  2 -2  3 -1 -1 -2 -2 -2    1   1   1   1   0  56   1   1   0   1   2   1  12   1  16   1   1   0   1   1  0.61 0.03
  493 P    1 -2 -2 -2 -2 -1 -1 -2 -2 -2 -2 -1 -2 -3  6  0 -1 -3 -3 -2   12   1   1   1   0   1   1   1   0   1   2   1   0   1  69   5   1   0   1   1  1.57 0.03
  494 P    2 -2 -2 -2 -2  1 -1 -2 -2 -2  0 -1 -1 -2  5  0  0 -3 -3 -1   36   0   0   0   0  10   0   0   0   0  12   0   0   0  37   0   5   0   0   0  0.76 0.03
  495 F    0 -3 -2 -3 -2 -2 -2  1 -2 -1 -1 -2 -1  5 -3  1 -1 -1  1 -2    9   0   0   0   0   0   0  11   0   0   0   0   0  60   0  20   0   0   0   0  0.48 0.03
  496 V    1 -3 -3 -3 -2 -2 -2 -3 -1  1  0 -2  1  2 -2 -1 -1 -1  3  3   19   0   0   0   0   0   0   0   0   5   0   0   6  12   0   0   0   0  17  41  0.28 0.02
  497 P   -1 -3 -3 -3  3 -2 -2 -3 -3 -3 -3 -2 -3 -4  7 -1 -2 -5 -4 -3    0   0   0   0  11   0   0   0   0   0   0   0   0   0  89   0   0   0   0   0  2.34 0.05
  498 A    2 -2 -2 -2 -1 -1 -1 -1 -2  0  0 -1  3 -2  2  0  0 -3 -2  1   41   0   0   0   0   0   1   1   0   0   1   0  20   0  11   1   0   0   0  21  0.30 0.02
  499 Y    0 -1 -1 -2 -2  1 -1 -2  0 -2 -1 -1  0  1  2  1  0  0  4 -2    9   0   0   0   0  11   1   1   0   0   1   0   6   0  11  21   0   0  36   1  0.38 0.02
  500 P   -1 -2  3 -1 -3 -1 -1 -2 -1 -3 -3 -1 -2 -3  6 -1 -1 -4 -3 -3    1   0  29   0   0   0   1   1   0   0   1   0   0   0  63   1   0   0   0   1  1.54 0.04
  501 G    1 -2 -1 -2 -3 -2 -2  5 -2 -3 -3 -2 -3 -2 -2  0 -2 -2  0 -3   12   0   0   0   0   0   0  77   0   0   1   0   0   0   0   0   0   0   6   0  0.91 0.02
  502 L   -1 -2 -3 -4 -2 -2 -3 -3 -3  2  3 -2  4  0 -3 -2 -1 -2 -1  1    1   0   0   0   0   0   0   0   0  12  53   0  25   0   0   0   0   0   0   5  0.45 0.01
  503 G    1 -2 -2 -2 -3 -2 -1  2 -2 -3 -3 -1 -2 -3  5  0  0 -4 -3 -2   18   0   0   0   0   0   0  25   0   0   1   0   0   0  48   0   5   0   0   0  1.10 0.02
  504 Y   -2 -2  1 -2 -3 -2 -2 -3  1 -2 -1 -2 -1  3 -3 -1 -1  1  6 -2    1   0  12   0   0   0   0   0   0   0   1   0   0  16   0   6   0   0  60   0  0.71 0.02
  505 P    2 -1 -1 -1 -2 -1 -1 -1 -1 -2 -2 -1 -2 -2  5  1  0 -3 -2 -1   22   1   1   1   0   1   1   1   0   1   2   1   0   1  41  18   5   0   1   1  0.85 0.01
  506 P    2 -1 -2 -2 -2 -1 -1 -1 -2 -1 -1 -1  1 -2  5  0 -1 -2 -2  0   26   1   1   1   0   1   1   2   1   1   2   1   7   1  36   2   1   0   1  13  0.64 0.01
  507 M    0 -1  1 -1 -2  2  0 -1 -1  0  1  0  3 -1 -1  0  0 -2 -1  0   10   1  12   1   1  21   2   2   1   1  11   1  21   1   1   2   2   0   1   8  0.14 0.01
  508 P    1 -2 -3 -2 -3 -2 -2 -2 -2 -3 -3 -1 -3 -4  7 -1 -1 -4 -4 -2   17   0   0   0   0   0   0   0   0   0   0   0   0   0  83   0   0   0   0   0  2.12 0.03
  509 R    0  3  2 -1 -2  0 -1 -1  2 -3 -3  0 -2 -3 -2  3  1 -4 -2 -2    0  24  15   0   0   0   0   0   8   0   0   0   0   0   0  42  11   0   0   0  0.46 0.02
  510 V   -1 -3 -3 -4 -1 -3 -3 -4 -3  2  0 -3  0  1 -3 -2 -1 -2 -1  4    0   0   0   0   0   0   0   0   0   0   0   0   0  11   0   0   0   0   0  89  0.51 0.03
  511 P   -1 -2 -3 -2 -4 -2 -2 -3 -3 -4 -3 -2 -3 -4  7 -1 -2 -5 -4 -3    0   0   0   0   0   0   0   0   0   0   0   0   0   0 100   0   0   0   0   0  2.71 0.04
  512 V   -1 -3 -3 -4 -1 -3 -3 -4 -3  2  1 -3  1 -1 -3 -2 -1 -3 -2  4    0   0   0   0   0   0   0   0   0   0   8   0   0   0   0   0   0   0   0  92  0.56 0.03
  513 V   -1 -3 -3 -4 -1 -3 -3 -4 -3  2  0 -3  0 -1 -3 -2  0 -3 -2  4    0   0   0   0   0   0   0   0   0   0   0   0   0   0   0   0   0   0   0 100  0.61 0.03
  514 G    0 -3 -1 -2 -3 -2 -3  5 -3 -3 -4 -2 -3 -4 -3 -1 -2 -4 -4 -2    0   0   0   0   0   0   0  93   0   0   0   0   0   0   0   0   0   0   0   7  1.22 0.03
  515 I   -2 -3 -4 -4 -2 -3 -4 -5 -4  4  2 -3  1  1 -4 -3 -1 -3 -1  2    0   0   0   0   0   0   0   0   0  86   8   0   0   7   0   0   0   0   0   0  0.56 0.03
  516 T    0 -2  0 -1 -2 -1 -1 -2 -2 -1 -2 -1 -1 -2 -2  1  5 -4 -2  0    0   0   0   0   0   0   0   0   0   0   0   0   0   0   0   0 100   0   0   0  0.85 0.04
  517 P   -1 -2 -2 -2 -3 -2 -2 -3 -2 -3 -3 -1 -3 -4  7  0 -1 -5 -4 -3    0   0   0   0   0   0   0   0   0   0   0   0   0   0  91   9   0   0   0   0  2.39 0.04
  518 S    1 -1  0 -1 -2 -1 -1 -1 -1 -3 -3 -1 -2 -3 -1  5  1 -4 -2 -2    0   0   0   0   0   0   0   0   0   0   0   0   0   0   0 100   0   0   0   0  0.81 0.04
  519 Q   -1  1  0 -1 -3  6  2 -3  1 -3 -3  1 -1 -4 -2 -1 -1 -3 -2 -3    0   0   0   0   0 100   0   0   0   0   0   0   0   0   0   0   0   0   0   0  1.13 0.05
  520 M   -1 -2 -3 -4 -2 -1 -3 -4 -2  1  2 -2  7 -1 -3 -2 -1 -2 -2  0    0   0   0   0   0   0   0   0   0   0   0   0 100   0   0   0   0   0   0   0  0.79 0.05
  521 V   -1 -3 -3 -4 -1 -3 -3 -4 -3  2  0 -3  0 -1 -3 -2  0 -3 -2  4    0   0   0   0   0   0   0   0   0   0   0   0   0   0   0   0   0   0   0 100  0.61 0.03
  522 A    4 -2 -2 -2 -1 -1 -1  0 -2 -2 -2 -1 -1 -3 -1  1  0 -3 -2 -1  100   0   0   0   0   0   0   0   0   0   0   0   0   0   0   0   0   0   0   0  0.69 0.03
  523 N   -2 -1  6  1 -3  0 -1 -1  0 -4 -4  0 -3 -2 -3  0 -1 -3  1 -3    0   0  91   0   0   0   0   0   0   0   0   0   0   0   0   0   0   0   9   0  1.01 0.04
  524 A    2 -2 -3 -3 -1 -2 -2 -2 -3  1  1 -2  0 -1 -2 -1  0 -3 -2  3   34   0   0   0   0   0   0   0   0   0   9   0   0   0   0   0   0   0   0  57  0.34 0.02
  525 F   -3 -4 -4 -4 -3 -4 -4 -4 -2 -1  0 -4  0  6 -4 -3 -2  0  3 -1    0   0   0   0   0   0   0   0   0   0   0   0   0 100   0   0   0   0   0   0  1.10 0.04
  526 C   -1 -3 -2 -3  7 -3 -4  4 -3 -3 -3 -3 -3 -3 -3 -1 -2 -4 -4 -2    0   0   0   0  54   0   0  46   0   0   0   0   0   0   0   0   0   0   0   0  0.96 0.03
  527 S    1 -1  0 -1 -2 -1 -1 -1 -1 -2 -2 -1 -2 -3 -1  4  3 -4 -2 -1    0   0   0   0   0   0   0   0   0   0   0   0   0   0   0  65  35   0   0   0  0.66 0.02
  528 A    4 -2 -2 -2 -1 -1 -1 -1 -2 -1 -2 -1 -1 -2 -1  1  1 -3 -2  0   81   0   0   0   0   0   0   0   0   0   0   0   0   0   0   0  10   0   0   8  0.51 0.02
  529 A    2 -2 -1 -2 -2 -1 -1  2 -2 -2 -2 -1 -2 -3  2  1  2 -4 -3 -1   30   0   0   0   0   0   0  21   0   0   0   0   0   0  11   7  31   0   0   0  0.46 0.01
  530 Q   -1  1  0 -1 -4  5  1 -2  5 -3 -3  1 -1 -3 -2 -1 -1 -3 -1 -3    0   0   0   0   0  72   0   0  28   0   0   0   0   0   0   0   0   0   0   0  0.89 0.03
  531 L    1 -2 -1 -2 -2 -1 -1 -2 -2  0  1 -1  0 -1  3  1  2 -3 -2  0   13   0   0   0   0   0   0   1   0   0  31   0   0   0  20   7  24   0   0   1  0.38 0.01
  532 Q   -1  0  0 -1 -3  5  1 -2  2 -2  0  1  0 -2 -2 -1 -1 -2 -1 -2    1   0   0   0   0  75   0   1   7   0  11   0   0   0   0   1   0   0   0   1  0.69 0.02
  533 P   -1 -2 -2 -2 -3 -1 -1 -2 -2 -3 -3 -1 -2 -3  7 -1 -1 -4 -3 -2    1   1   0   1   0   0   1   1   0   1   1   1   0   0  90   1   1   0   0   1  2.28 0.02
  534 Q    0  0 -1 -2 -3  3  0 -2  4  0 -1  0 -1  1 -2 -1 -1 -2  0 -1   10   0   0   0   0  35   0   0  28  15   0   0   0  12   0   0   0   0   0   0  0.35 0.01
  535 P   -1 -1 -2 -2 -4  3  0 -3 -1 -3 -3  0 -2 -4  6 -1 -1 -4 -3 -3    0   0   0   0   0  28   0   0   0   0   0   0   0   0  72   0   0   0   0   0  1.80 0.02
  536 A    3 -2 -1 -2 -1 -1 -1 -1 -2  0 -1 -1 -1 -2 -1  3  0 -3 -2  0   54   0   0   0   0   0   0   0   0  13   0   0   0   0   0  33   0   0   0   0  0.41 0.01
  537 T   -1  2 -1 -2 -2 -1 -1 -2 -2 -2 -2  0 -2 -3  5  0  3 -4 -3 -1    0  17   0   0   0   0   0   0   0   0   0   0   0   0  39   0  44   0   0   0  0.93 0.01
  538 L    0 -2  2 -1 -2 -1 -1 -2 -1  0  2 -1  0 -1 -2  2  0 -3 -2 -1    0   0  17   0   0   0   0   0   0   0  44   0   0   0   0  39   0   0   0   0  0.27 0.00
  539 L   -2 -3 -4 -4 -2 -2 -4 -4 -3  1  4 -3  2  0 -3 -3 -2 -2 -2  0    0   0   0   0   0   0   0   0   0   0 100   0   0   0   0   0   0   0   0   0  0.67 0.01
  540 G    0 -3 -1 -2 -2 -2 -3  4 -3  0 -1 -2 -1 -2 -3 -1 -1 -3 -3  2    0   0   0   0   0   0   0  61   0   0   0   0   0   0   0   0   0   0   0  39  0.60 0.01
  541 K   -1  3  0 -1 -4  1  0 -2 -1 -3 -3  5 -2 -3 -2 -1 -1 -4 -2 -3    0  18   0   0   0   0   0   0   0   0   0  82   0   0   0   0   0   0   0   0  0.82 0.01
  542 A    3  0 -1 -1 -2  4  0 -1 -1 -2 -2  0 -1 -3 -1  1  1 -3 -2 -1   53   0   0   0   0  39   0   0   0   0   0   0   0   0   0   0   8   0   0   0  0.48 0.01
  543 G    0 -1 -1 -1 -3  3  0  4 -1 -4 -3  0 -2 -4 -2 -1 -1 -3 -3 -3    0   0   0   0   0  39   0  61   0   0   0   0   0   0   0   0   0   0   0   0  0.82 0.01
  544 A    3 -2 -1 -2 -1 -1 -1 -1 -2 -2 -2 -1 -1 -3  3  1  3 -3 -2 -1   44   0   0   0   0   0   0   0   0   0   0   0   0   0  17   0  39   0   0   0  0.56 0.01
  545 F   -2 -3 -4 -4 -2 -3 -4 -4 -2  0  1 -3  0  6 -4 -3 -2  0  2 -1    0   0   0   0   0   0   0   0   0   0  12   0   0  88   0   0   0   0   0   0  0.86 0.01
  546 P   -1 -2 -2 -2 -3 -1 -1 -2 -2 -3 -2 -1 -2 -3  7 -1 -1 -3 -3 -2    1   1   1   1   0   1   1   1   0   1   1   1   0   1  84   1   1   0   1   1  2.05 0.01
  547 P   -1 -1 -1 -1 -3  2  0 -2  3 -3 -2 -1 -2 -2  6 -1 -1 -3 -1 -2    1   1   1   1   0  14   1   1  17   1   2   1   0   1  52   1   1   0   1   1  1.14 0.03
  548 P   -1 -2 -3 -3 -4 -2 -2 -3 -1 -3 -3 -2 -3  0  6 -2 -2 -1  4 -3    0   0   0   0   0   0   0   0   0   0   0   0   0   0  70   0   0   0  30   0  1.80 0.06
  549 T    2 -1 -1  0 -3  3  3 -2  3 -3 -3  0 -1 -3 -1  0  0 -3 -2 -2   32   0   0   0   0  19  30   0  13   0   0   0   0   0   0   0   7   0   0   0  0.46 0.03
  550 A    3 -2 -1 -2 -1 -1 -1 -1 -2  0 -1 -1 -1 -2 -1  2  0 -3 -2  1   55   0   0   0   0   0   0   0   0  11   0   0   0   0   0  26   0   0   0   7  0.40 0.03
  551 P    0 -2  2 -1 -3 -1 -1 -2 -2 -2  0 -1 -1 -2  5  2  0 -4 -3 -2    0   0  14   0   0   0   0   0   0   0  19   0   0   0  38  29   0   0   0   0  0.78 0.03
  552 S    1 -1  0 -1 -2 -1 -1 -1 -2 -1  1 -1 -1 -2 -2  4  1 -3 -2 -1    0   0   0   0   0   0   0   0   0   0  19   0   0   0   0  81   0   0   0   0  0.54 0.05
  553 A    4 -2 -2 -2 -1 -1 -1 -1 -2 -1 -2 -1 -1 -3 -1  2  0 -3 -2  0   79   0   0   0   0   0   0   0   0   0   0   0   0   0   0  13   0   0   0   9  0.55 0.04
  554 P   -1 -2 -2 -2 -3 -1 -2 -3 -2 -1 -1 -1  2 -3  6  0  2 -4 -3 -1    0   0   0   0   0   0   0   0   0   0   0   0  17   0  56   0  27   0   0   0  1.26 0.03
  555 G    0 -2 -1 -1 -3 -2 -2  5 -2 -3 -3 -1 -2 -3 -2 -1 -1 -3 -3 -3    2   1   1   1   0   1   1  82   0   1   2   1   0   1   1   1   1   0   1   1  0.95 0.02
  556 G    0 -1  0 -1 -2 -1 -1  3 -2 -1  0 -1 -1 -2 -1  2  0 -2 -2 -1    2   1   1   1   0   1   1  33   0   1  19   1   0   1   1  33   1   0   1   1  0.29 0.01
  557 Q    1  0  0 -1 -2  5  1 -1  0 -2 -2  1 -1 -2 -1  0 -1 -2 -2 -1   19   1   1   1   0  63   1   1   0   1   2   1   0   1   1   1   1   0   1   1  0.56 0.02
  558 A    3 -2  2 -1 -2 -1 -1 -1 -1 -2 -2 -1 -2 -3  3  1  0 -4 -3 -1   63   0  17   0   0   0   0   0   0   0   0   0   0   0  20   0   0   0   0   0  0.61 0.02
  559 R   -1  4 -1 -2 -4  0 -1  1  2 -3 -2  1 -2  2 -3 -1 -2 -2  0 -3    0  56   0   0   0   0   0  17   9   0   0   0   0  18   0   0   0   0   0   0  0.53 0.02
  560 P   -1 -2  2 -1 -3 -1 -2 -2 -2 -1  0 -1 -1 -2  5  0  1 -4 -3 -1    0   0  18   0   0   0   0   0   0   0  20   0   0   0  45   0  17   0   0   0  0.91 0.02
  561 R   -1  4  0 -2 -3  0 -1  2 -1 -3 -3  2 -2 -3 -2  1 -1 -4 -3 -3    0  45   0   0   0   0   0  18   0   0   0  20   0   0   0  17   0   0   0   0  0.58 0.02
  562 P    1 -2 -2 -2 -2 -1 -1 -2 -2 -1 -2 -1 -1 -3  5  1  0 -4 -3  1   20   0   0   0   0   0   0   0   0   0   0   0   0   0  45  17   0   0   0  18  0.95 0.02
  563 N   -1 -1  5  1 -3  0  2 -1  0 -4 -4  0 -3 -4 -2  1  0 -4 -3 -3    0   0  72   0   0   0  15   0   0   0   0   0   0   0   0  13   0   0   0   0  0.83 0.02
  564 G    0 -2 -1 -2 -3 -2 -2  5 -2 -4 -4 -2 -3 -4 -3  1 -1 -4 -4 -4    0   0   0   0   0   0   0  88   0   0   0   0   0   0   0  12   0   0   0   0  1.16 0.02
  565 A    3 -2 -1 -2 -1 -1 -1  2 -2 -2 -2 -1 -2 -3 -1  2  2 -3 -2 -1   44   0   0   0   0   0   0  15   0   0   0   0   0   0   0  25  16   0   0   0  0.46 0.01
  566 P    0 -1 -1 -2 -3 -1 -1 -2 -2 -1 -2  1 -2 -3  5  2  0 -4 -3  0    0   0   0   0   0   0   0   0   0   0   0  15   0   0  44  25   0   0   0  16  0.89 0.01
  567 W   -3 -4 -4 -5 -3 -3 -4 -4 -3 -3 -2 -4 -2  0 -5 -4 -4 10  2 -3    0   0   0   0   0   0   0   0   0   0   0   0   0   0   0   0   0 100   0   0  2.81 0.04
  568 P    1 -2 -2 -2 -3 -2 -2 -2 -2 -3 -3 -1 -3 -4  7 -1 -1 -4 -4 -2   15   0   0   0   0   0   0   0   0   0   0   0   0   0  85   0   0   0   0   0  2.16 0.02
  569 P    1 -2 -2 -2 -3 -2 -2 -2 -2 -3 -3 -1 -3 -4  7 -1 -1 -4 -4 -2   15   0   0   0   0   0   0   0   0   0   0   0   0   0  85   0   0   0   0   0  2.16 0.02
  570 E   -1 -1 -1  1 -5  2  5 -3  0 -4 -4  0 -2 -4 -2 -1 -1 -4 -3 -3    0   0   0   0   0   0 100   0   0   0   0   0   0   0   0   0   0   0   0   0  1.15 0.03
  571 P   -1 -1 -1  2 -4  2  0  1 -2 -4 -3 -1 -2 -4  6 -1 -2 -4 -3 -3    0   0   0  15   0  16   0  13   0   0   0   0   0   0  56   0   0   0   0   0  1.30 0.02
  572 A    3  0  0 -1 -2  0  1 -1 -1 -2 -2  1 -2 -3 -1  3  0 -4 -2 -1   36   0   0   0   0   0   8   0   0   0   0  15   0   0   0  41   0   0   0   0  0.45 0.01
  573 P    1 -2 -2 -2 -3 -2 -1 -2 -2 -3 -3 -1 -2 -3  7  0  1 -4 -3 -2   17   0   0   0   0   0   0   0   0   0   0   0   0   0  72   0  11   0   0   0  1.76 0.02
  574 A    4 -2 -2 -2 -1 -1 -1 -1 -2 -2 -2 -1 -2 -3  3  1  0 -3 -3 -1   83   0   0   0   0   0   0   0   0   0   0   0   0   0  17   0   0   0   0   0  0.70 0.02
  575 P    0 -2  1 -1 -3 -1 -1 -2  3 -3 -3 -1 -3 -3  6  0 -1 -4 -2 -3    8   0  11   0   0   0   0   0  17   0   0   0   0   0  57   7   0   0   0   0  1.32 0.02
  576 A    4 -2 -2 -2 -1 -1 -1 -1 -2 -2 -2 -1 -2 -3  3  1  0 -3 -3 -1   83   0   0   0   0   0   0   0   0   0   0   0   0   0  17   0   0   0   0   0  0.70 0.02
  577 P   -1 -1 -2 -1 -4  1  2 -3 -1 -3 -3 -1 -2 -4  7 -1 -1 -4 -3 -3    0   0   0   0   0  11  17   0   0   0   0   0   0   0  72   0   0   0   0   0  1.80 0.02
  578 E   -1  0 -1  1 -4  3  4 -3  0 -4 -3  0 -2 -4  3 -1 -1 -4 -3 -3    0   0   0   0   0  20  63   0   0   0   0   0   0   0  17   0   0   0   0   0  0.92 0.02
  579 L   -1 -2 -2  1 -2 -1  1 -3 -2  1  2 -2  1 -1  1 -2 -1 -3 -2  2    0   0   0  11   0   0  14   0   0   0  41   0   0   0   7   0   0   0   0  28  0.24 0.00
  580 D   -2 -2  1  6 -4 -1  1 -2 -1 -4 -4 -1 -4 -4 -2 -1 -1 -5 -4 -4    0   0   0 100   0   0   0   0   0   0   0   0   0   0   0   0   0   0   0   0  1.36 0.02
  581 P    1  2 -2 -2 -3 -1 -1 -2 -2 -3 -3  0 -2 -4  6 -1 -1 -4 -3 -2   14  20   0   0   0   0   0   0   0   0   0   0   0   0  66   0   0   0   0   0  1.58 0.01
  582 F   -3 -3 -4 -4 -3 -3 -4 -4 -2 -1  0 -3  0  6 -4 -3 -2  0  3 -1    0   0   0   0   0   0   0   0   0   0   0   0   0 100   0   0   0   0   0   0  1.03 0.02
  583 E   -1 -1 -1  1 -5  2  5 -3  0 -4 -4  0 -2 -4 -2 -1 -1 -4 -3 -3    0   0   0   0   0   0 100   0   0   0   0   0   0   0   0   0   0   0   0   0  1.12 0.02
  584 A    4 -2 -2 -2 -1 -1 -1  0 -2 -2 -2 -1 -1 -3 -1  1  0 -3 -2  0  100   0   0   0   0   0   0   0   0   0   0   0   0   0   0   0   0   0   0   0  0.65 0.01
  585 Q   -1  1  0 -1 -3  5  1 -2  0 -3 -3  2 -1 -3 -2 -1 -1 -3 -2 -3    0   0   0   0   0  80   0   0   0   0   0  20   0   0   0   0   0   0   0   0  0.90 0.02
  586 W   -3 -3 -4 -5 -3 -3 -4 -4 -3 -3 -2 -4 -2  0 -5 -4 -4 10  2 -3    0   0   0   0   0   0   0   0   0   0   0   0   0   0   0   0   0 100   0   0  2.74 0.03
  587 A    4 -1 -2 -2 -1 -1 -1  0 -2 -1 -2 -1 -1 -2 -1  1  0 -3 -2  0   89   1   1   1   0   1   1   1   0   1   1   1   0   0   1   1   1   0   0   1  0.52 0.01
  588 A    4 -2 -2 -2 -1 -1 -1  0 -2 -2 -2 -1 -1 -3 -1  1  0 -3 -2  0  100   0   0   0   0   0   0   0   0   0   0   0   0   0   0   0   0   0   0   0  0.65 0.01
  589 L   -2 -3 -4 -4 -2 -2 -4 -4 -3  1  4 -3  2  0 -3 -3 -2 -2 -2  0    0   0   0   0   0   0   0   0   0   0 100   0   0   0   0   0   0   0   0   0  0.68 0.01
  590 E   -1 -1 -1  1 -4  1  5 -3  0 -3 -3  0 -2 -2 -2 -1 -1 -2  2 -3    0   0   0   0   0   0  88   0   0   0   0   0   0   0   0   0   0   0  12   0  0.90 0.01
  591 G    1 -2  2 -1 -2 -1 -1  4 -1 -3 -3 -1 -2 -3 -2  2  1 -4 -3 -2   11   0  14   0   0   0   0  41   0   0   0   0   0   0   0  25  10   0   0   0  0.55 0.00
  592 K   -1  3  0 -1 -4  1  0 -2 -1 -3 -3  5 -2 -3 -2 -1 -1 -4 -2 -3    0  14   0   0   0   0   0   0   0   0   0  86   0   0   0   0   0   0   0   0  0.84 0.01
  593 P    1 -2 -1 -2 -2 -1 -1 -2 -2 -1  0 -1 -1 -2  5  2  1 -3 -2 -1   15   0   0   0   0   0   1   1   0   0  13   0   0   0  36  22   8   0   0   1  0.71 0.01
  594 A    2  0 -1 -2 -2  2  0 -1 -1 -2 -2  1 -1 -3 -1  1  3 -3 -2 -1   39   0   0   0   0  12   0   0   0   0   0  15   0   0   0   0  34   0   0   0  0.40 0.02
  595 V    0 -1  1 -2 -2  2 -1 -2 -1  0 -1 -1 -1 -3  4  1  1 -4 -3  1    0   0   7   0   0  15   0   0   0   0   0   0   0   0  31  12   7   0   0  27  0.57 0.01
  596 E    1  2 -1  0 -3  1  3 -2 -1 -3 -3  2 -2 -3  3  0 -1 -4 -3 -2   19  15   0   0   0   0  34   0   0   0   0  12   0   0  20   0   0   0   0   0  0.61 0.01
  597 K    2  0  0 -1 -2  0  0 -1 -1 -3 -3  3 -2 -3 -1  3  0 -4 -2 -2   31   0   0   0   0   0   0   0   0   0   0  34   0   0   0  35   0   0   0   0  0.47 0.02
  598 P    2 -2 -2 -2 -3 -2 -1 -2 -2 -3 -3 -1 -2 -4  6  0 -1 -4 -3 -2   31   0   0   0   0   0   0   0   0   0   0   0   0   0  69   0   0   0   0   0  1.72 0.03
  599 S    1 -1  0 -1 -2 -1 -1 -1 -2 -2 -2 -1 -2 -3  2  3  3 -4 -2 -1   11   0   0   0   0   0   0   0   0   0   0   0   0   0  12  42  35   0   0   0  0.59 0.02
  600 N   -2 -1  6  1 -3  0 -1 -1  0 -4 -4  0 -3 -4 -3  0  0 -4 -3 -3    0   0 100   0   0   0   0   0   0   0   0   0   0   0   0   0   0   0   0   0  1.22 0.04
  601 P   -1 -2 -3 -2 -4 -2 -2 -3 -3 -4 -3 -2 -3 -4  7 -1 -2 -5 -4 -3    0   0   0   0   0   0   0   0   0   0   0   0   0   0 100   0   0   0   0   0  2.72 0.04
  602 F   -3 -4 -4 -4 -3 -4 -4 -4 -2 -1  0 -4 -1  6 -4 -3 -2  0  3 -1    0   0   0   0   0   0   0   0   0   0   0   0   0 100   0   0   0   0   0   0  1.14 0.04
  603 S    1 -1  0 -1  2 -1 -1 -1 -1 -3 -3 -1 -2 -3 -1  4  1 -4 -2 -2    0   0   0   0   8   0   0   0   0   0   0   0   0   0   0  92   0   0   0   0  0.73 0.03
  604 G    0 -2  3 -1 -3 -1 -1  4 -1 -3 -3 -1 -2 -3 -2  2  1 -4 -3 -3    0   0  23   0   0   0   0  42   0   0   0   0   0   0   0  23  12   0   0   0  0.62 0.02
  605 D   -2 -2  2  5 -4  0  2 -2 -1 -4 -4 -1 -3 -4 -2 -1 -1 -5 -4 -4    0   0  11  74   0   0  15   0   0   0   0   0   0   0   0   0   0   0   0   0  1.09 0.02
  606 L   -2  0 -3 -4 -2 -2 -3 -4 -3  1  4 -2  2  0 -3 -3 -2 -2 -2  0    0  10   0   0   0   0   0   0   0   0  90   0   0   0   0   0   0   0   0   0  0.56 0.01
  607 Q   -1  1  0 -1 -4  6  1 -2  3 -3 -3  1 -1 -3 -2 -1 -1 -3 -1 -3    0   0   0   0   0  85   0   0  15   0   0   0   0   0   0   0   0   0   0   0  0.97 0.03
  608 K   -1  2  0 -1 -4  1  0 -2 -1 -3 -3  5 -2 -4 -2 -1 -1 -4 -3 -3    0   0   0   0   0   0   0   0   0   0   0 100   0   0   0   0   0   0   0   0  0.92 0.02
  609 T    0 -2  0 -1 -2 -1 -1 -2 -2 -1 -2 -1 -1 -2 -2  1  5 -4 -2  0    0   0   0   0   0   0   0   0   0   0   0   0   0   0   0   0 100   0   0   0  0.83 0.03
  610 F   -3 -4 -4 -4 -3 -4 -4 -4 -2 -1  0 -4  0  6 -4 -3 -2  0  3 -1    0   0   0   0   0   0   0   0   0   0   0   0   0 100   0   0   0   0   0   0  1.08 0.03
  611 E   -1 -1 -1  1 -5  2  5 -3  0 -4 -4  0 -2 -4 -2 -1 -1 -4 -3 -3    0   0   0   0   0   0 100   0   0   0   0   0   0   0   0   0   0   0   0   0  1.15 0.02
  612 I   -2 -3 -4 -4 -2 -3 -4 -5 -4  5  1 -3  1 -1 -3 -3 -1 -3 -2  2    0   0   0   0   0   0   0   0   0 100   0   0   0   0   0   0   0   0   0   0  0.64 0.02
  613 E   -1  0 -1  1 -4  3  5 -3  0 -4 -3  0 -2 -4 -2 -1 -1 -4 -3 -3    0   0   0   0   0  15  85   0   0   0   0   0   0   0   0   0   0   0   0   0  1.04 0.02
  614 L   -2 -3 -4 -4 -2 -3 -4 -4 -3  1  4 -3  2  0 -3 -3 -2 -2 -2  0    0   0   0   0   0   0   0   0   0   0 100   0   0   0   0   0   0   0   0   0  0.70 0.02

                      K         Lambda
Standard Ungapped    0.1651     0.3241
Standard Gapped      0.1100     0.3190
PSI Ungapped         0.1651     0.3241
PSI Gapped           0.1100     0.3190
