
Last position-specific scoring matrix computed, weighted observed percentages rounded down, information per position, and relative weight of gapless real matches to pseudocounts
           A  R  N  D  C  Q  E  G  H  I  L  K  M  F  P  S  T  W  Y  V   A   R   N   D   C   Q   E   G   H   I   L   K   M   F   P   S   T   W   Y   V
    1 M   -2 -2 -3 -4 -2 -1 -3 -4 -3  1  2 -2  7 -1 -3 -2 -1 -2 -2  0    0   0   0   0   0   0   0   0   0   0   0   0 100   0   0   0   0   0   0   0  0.74 0.05
    2 L   -2 -3 -4 -5 -2 -3 -4 -5 -3  1  4 -3  2  0 -3 -3 -2 -2 -2  0    0   0   0   0   0   0   0   0   0   0 100   0   0   0   0   0   0   0   0   0  0.70 0.02
    3 C    0 -2 -1 -2  4 -2 -2 -2 -2 -2 -2 -2 -2  3 -2  3  0 -2  0 -2    0   0   0   0  21   0   0   0   0   0   0   0   0  25   0  55   0   0   0   0  0.42 0.02
    4 Q   -2  4 -1 -2 -4  5  1 -3  0 -3 -3  1 -1 -3 -2 -1 -1  5 -1 -3    0  35   0   0   0  52   0   0   0   0   0   0   0   0   0   0   0  12   0   0  0.81 0.02
    5 P   -1 -2 -3 -3 -3 -2 -2 -3 -3 -1  1 -2 -1 -2  7 -1  0 -4 -3 -1    0   0   0   0   0   0   0   0   0   0  26   0   0   0  65   0   9   0   0   0  1.45 0.04
    6 A    4 -2 -1  1 -2 -1 -1 -1  4 -2 -2 -1 -2 -3 -1  1 -1 -3 -1 -1   72   0   0  10   0   0   0   0  18   0   0   0   0   0   0   0   0   0   0   0  0.47 0.03
    7 M   -2 -2 -3 -4 -2 -1 -3 -4 -3  2  2 -2  6 -1 -3 -2 -1 -2 -2  1    0   0   0   0   0   0   0   0   0  18   0   0  82   0   0   0   0   0   0   0  0.67 0.06
    8 L   -2 -3 -4 -5 -2 -3 -4 -4 -3  1  4 -3  2  0 -4 -3 -2  6 -1  0    0   0   0   0   0   0   0   0   0   0  82   0   0   0   0   0   0  18   0   0  0.75 0.03
    9 L    1 -2 -3 -3 -2  2 -2 -3 -2  0  3 -2  1 -1 -3 -1 -1  4 -1  0   18   0   0   0   0  16   0   0   0   0  56   0   0   0   0   0   0  10   0   0  0.34 0.02
   10 D   -1 -3 -1  2 -4 -2 -2  5 -2 -3 -3 -2 -3  2 -3 -1 -2 -3 -1 -3    0   0   0  16   0   0   0  66   0   0   0   0   0  18   0   0   0   0   0   0  0.77 0.03
   11 G    0 -2  0 -1 -3 -1 -2  4 -2 -4 -4 -1 -3 -3 -2  3  0 -4 -3 -3    0   0   0   0   0   0   0  53   0   0   0   0   0   0   0  47   0   0   0   0  0.78 0.03
   12 L   -1 -3 -3 -4 -2 -2 -3 -3 -3  1  4 -2  2  0 -3  1 -1 -3 -2  0    0   0   0   0   0   0   0   0   0   0  82   0   0   0   0  18   0   0   0   0  0.48 0.03
   13 L   -2 -3 -4 -5 -2 -3 -4 -5 -4  1  5 -3  2  0 -4 -3 -2 -3 -2  0    0   0   0   0   0   0   0   0   0   0 100   0   0   0   0   0   0   0   0   0  0.78 0.06
   14 L    0 -3 -4 -4 -2 -3 -3 -4 -3  2  4 -3  2  0 -3 -2 -1 -3 -2  1   10   0   0   0   0   0   0   0   0   7  73   0   0   0   0   0   0   0   0  10  0.50 0.04
   15 L    0 -3 -3 -4 -2 -2 -3 -3 -3  3  2 -3  2 -1 -3 -2 -1 -3 -2  3   12   0   0   0   0   0   0   0   0  27  23   0   8   0   0   0   0   0   0  30  0.36 0.02
   16 A    4 -2 -2 -3 -1 -1 -1 -1 -2 -1 -2 -1 -1 -3 -1  1  0 -4 -3  1   88   0   0   0   0   0   0   0   0   0   0   0   0   0   0   0   0   0   0  12  0.60 0.06
   17 T    1 -2 -1 -2 -2 -1 -2 -2 -2 -1 -2 -1 -1  1 -2  1  5 -3 -1 -1   10   0   0   0   0   0   0   0   0   0   0   0   0  12   0   0  78   0   0   0  0.62 0.06
   18 M    1 -2 -3 -4 -2 -1 -3 -3 -3  0  2 -2  6 -1 -3 -1 -1  4 -1  0   21   0   0   0   0   0   0   0   0   0  10   0  58   0   0   0   0  10   0   0  0.56 0.08
   19 A    2 -2 -1 -2  3 -1 -1  1  2 -2 -2 -1 -2 -2 -2  2  3 -3  1 -1   19   0   0   0   9   0   0  10   7   0   0   0   0   0   0  16  33   0   7   0  0.33 0.04
   20 A    3 -2  0 -2 -2 -1 -1  1 -2  0 -2 -1 -1 -3 -2  2  1 -4 -3  1   39   0   7   0   0   0   0   9   0   0   0   0   0   0   0  16   8   0   0  21  0.30 0.04
   21 A    4 -2  2 -1 -2 -1 -1  2 -2 -3 -3 -1 -2 -3 -2  1  0 -4 -3 -1   59   0  15   0   0   0   0  16   0   0   0   0   0   0   0   9   0   0   0   0  0.51 0.06
   22 Q   -1  0 -1 -2 -4  6  1 -3  0 -3 -3  0 -1  0 -2  0 -1 -2  2 -3    0   0   0   0   0  80   0   0   0   0   0   0   0   5   0   6   0   0   9   0  0.95 0.13
   23 H   -2  5 -1 -2 -4  3  0 -3  3 -2 -3  2 -2 -3 -2 -1 -2 -3 -2 -1    0  56   0   0   0  19   0   0   9   0   0   7   0   0   0   0   0   0   0   9  0.74 0.08
   24 R   -1  5 -1 -2 -4  1  0 -3 -1 -3 -3  4 -2 -4 -2 -1  1 -4 -3 -3    0  49   0   0   0   0   0   0   0   0   0  36   0   0   0   0  15   0   0   0  0.82 0.09
   25 G    1  1 -1 -2 -3 -2 -2  5 -2 -4 -4 -1 -3 -4 -3  1 -1 -4 -4 -3    8  15   0   0   0   0   0  66   0   0   0   0   0   0   0  11   0   0   0   0  0.87 0.07
   26 P   -1  0 -1 -2 -3  5  0 -3 -1 -3 -2  0  2 -3  4  1 -1 -3 -3 -2    0   0   0   0   0  52   0   0   0   0   0   0  11   0  20  16   0   0   0   0  0.76 0.09
   27 E   -2  0  0  3 -5  4  4 -3  0 -4 -4  0 -2 -4 -2 -1 -1 -4 -3 -3    0   0   0  20   0  34  47   0   0   0   0   0   0   0   0   0   0   0   0   0  0.93 0.09
   28 A    4 -2  0 -2 -2 -1 -1 -1 -2 -1 -2 -1 -2 -3  2  2  0 -4 -3 -1   70   0   5   0   0   0   0   0   0   5   0   0   0   0   8  12   0   0   0   0  0.57 0.09
   29 G    1 -2  1  2 -3 -1  0  2 -2 -1 -1 -1  1 -3  1  1  0 -4 -3 -1   11   0   9  13   0   0   6  18   0   4   6   0  10   0   7   9   7   0   0   0  0.20 0.03
   30 G    0  4 -1 -2 -4 -1 -1  4 -2 -3 -2  2 -2 -3 -3  0 -2 -4 -3 -3    4  32   0   0   0   0   0  39   0   0   6  12   0   0   0   6   0   0   0   0  0.57 0.08
   31 H   -1  3 -1  0 -4  1 -1  3  2 -4 -3  2 -2 -3 -2 -1 -2 -3 -2 -3    1  25   0   5   0   7   1  35   8   0   1  15   0   0   0   1   1   0   0   1  0.50 0.06
   32 R   -2  6 -1 -3  2  0 -1 -3 -1 -4 -3  3 -3 -4 -3 -2 -2 -4 -3 -3    0  77   0   0   7   0   0   0   0   0   0  17   0   0   0   0   0   0   0   0  1.19 0.16
   33 Q   -2  3 -1 -2 -4  4  2 -3 -1 -2 -2  2  3 -3 -2 -1 -1 -3 -3 -1    0  27   0   0   0  32  11   0   0   0   0  10  15   0   0   0   0   0   0   5  0.60 0.11
   34 I   -1 -1 -1 -2 -2  3 -1 -3 -1  0  1 -1  0  0 -2  0  1 -2  2  0    3   0   0   0   0  29   0   1   0   7  19   0   0   4   0   6  11   0  10   8  0.21 0.06
   35 H   -3 -2  1 -3 -4 -1 -2 -4  7 -3  0 -2 -2  0 -4 -2 -2 -1  5 -3    0   0   7   0   0   0   0   0  47   0  10   0   0   0   0   0   0   0  36   0  1.08 0.18
   36 Q   -2  4 -1 -2 -4  4  0  0 -1 -2 -3  1 -1 -3 -2 -1 -2 -3 -3  0    0  42   0   0   0  35   0   8   0   0   1   0   0   0   0   0   0   0   0  10  0.68 0.13
   37 V   -2 -4 -4 -5 -2 -3 -4 -5 -4  4  1 -4  0  1 -4 -3 -1 -3 -2  4    0   0   0   0   0   0   0   0   0  51   6   0   0   5   0   0   0   0   0  37  0.69 0.12
   38 R   -2  2 -1 -2 -4  6  1 -3  0 -4 -3  3 -1 -4 -3 -1 -2 -4 -3 -3    0  12   0   0   0  68   0   0   0   0   0  19   0   0   0   0   0   0   0   0  1.15 0.19
   39 R   -3  1  4 -1 -5  1 -1 -3  7 -5 -4 -1 -3 -3 -3 -1 -2 -4  0 -4    0   6  32   0   0   5   0   0  58   0   0   0   0   0   0   0   0   0   0   0  1.23 0.19
   40 G    0 -3 -1  1 -4 -3 -3  6 -3 -5 -5 -3 -4 -5 -3 -1 -2 -4 -5 -4    6   0   0   7   0   0   0  86   0   0   0   0   0   0   0   0   0   0   0   0  1.38 0.16
   41 Q   -1  1 -1 -2 -4  5  0  0  3 -2  0  0 -1 -3  3 -1 -2 -3 -2 -2    3   5   0   0   0  44   0   6  10   0  14   0   0   0  14   3   0   0   0   0  0.56 0.12
   42 C   -2 -5 -4 -5 10 -5 -6 -5 -5 -3 -3 -5 -3 -4 -5 -3 -2 -4 -4 -2    0   0   0   0 100   0   0   0   0   0   0   0   0   0   0   0   0   0   0   0  2.42 0.28
   43 S    1  0  0 -2 -2 -1 -1  0 -2 -3 -3 -1 -2 -3 -2  4  3 -4 -3 -2    3   4   0   0   0   0   0   7   0   0   0   0   0   0   0  63  22   0   0   0  0.72 0.14
   44 Y   -3 -3 -4 -5 -4 -3 -4 -5  1 -3 -3 -4 -3  2 -5 -3 -3  1  8 -3    0   0   0   0   0   0   0   0   0   0   0   0   0   0   0   0   0   0 100   0  2.03 0.27
   45 T   -1 -2 -1 -2 -2 -2 -2 -3 -3 -2 -3 -2 -2 -3 -3  1  6 -4 -3 -1    0   0   0   0   0   0   0   0   0   0   0   0   0   0   0   0 100   0   0   0  1.32 0.23
   46 F   -3 -4 -5 -5 -3 -4 -5 -5 -3  1  0 -4 -1  7 -5 -4 -3 -1  2 -2    0   0   0   0   0   0   0   0   0   7   0   0   0  93   0   0   0   0   0   0  1.50 0.22
   47 V   -2 -4 -4 -5 -2 -3 -4 -5 -4  3  3 -4  1 -1 -4 -3 -2  6 -1  2    0   0   0   0   0   0   0   0   0  30  39   0   0   0   0   0   0  19   0  12  0.75 0.11
   48 V   -2 -3 -4 -5 -2 -3 -4 -5 -4  1  4 -3  1 -1 -4 -3 -2 -3 -2  2    0   0   0   0   0   0   0   0   0   0  75   0   0   0   0   0   0   0   0  25  0.77 0.14
   49 P   -1 -3 -3 -3 -4 -3 -2 -4 -3 -4 -4 -2 -4 -5  8  0 -2 -6 -5 -4    0   0   0   0   0   0   0   0   0   0   0   0   0   0  92   8   0   0   0   0  2.60 0.23
   50 E   -2 -1 -1  0 -5  1  6  0 -1 -4 -4  1 -3 -5 -2 -1 -2 -5 -4 -4    0   0   0   0   0   0  82   8   0   0   0  10   0   0   0   0   0   0   0   0  1.15 0.18
   51 P    0 -1 -1 -2 -2  2 -1  0  0  0  1 -1  1 -1  2  1  0 -2 -2  0    6   1   1   1   0  13   1   8   4   1  24   1   6   1   9  11   4   0   0   9  0.14 0.04
   52 D   -2 -1  0  5 -4  1  4 -2 -1 -3 -3 -1 -3 -3  2 -1 -1 -4 -3 -3    1   1   1  43   0   6  32   1   0   1   1   1   0   1   9   1   1   0   0   1  0.81 0.10
   53 I    0 -1  2 -1 -2 -1 -1  1  2 -1 -2 -1 -2 -2  4  1  0 -3 -2 -2    2   1  14   1   0   1   1  15   9   7   2   1   0   1  21  19   1   0   1   1  0.39 0.05
   54 C   -1 -3 -2 -3  8 -3 -3  0 -3 -2 -1 -3 -2 -2 -3  0 -1 -3 -3 -2    1   1   1   1  66   1   1   8   0   1   6   1   0   1   1   8   1   0   1   1  1.07 0.14
   55 Q   -1  3  1  1 -2  2  0 -1  0 -2 -2  1 -1 -2  2  0 -1 -2 -2 -2    3  22  10   8   1  17   2   3   1   2   3   7   1   1  10   3   2   0   1   2  0.31 0.03
   56 L    0 -1 -1 -1  3  0  1  1 -1 -1  0 -1 -1 -1  2  0  0 -1 -1 -1    4   3   2   3  12   2  10  15   1   3  11   3   1   2  11   7   3   1   2   3  0.12 0.01
   57 A    1 -1  1 -1 -2 -1 -1  2  1 -1  0 -1 -1 -2 -1  2  0 -2 -1 -1   15   1  10   1   1   1   2  15   5   1  15   2   1   1   1  23   2   0   1   2  0.16 0.03
   58 P    0 -1 -1 -1  0  0 -1  1 -2 -2 -2 -1 -2 -3  5  2  1 -3 -2 -2    1   1   1   1   3   6   1  14   0   1   2   1   0   1  33  20  11   0   1   1  0.66 0.07
   59 T    0 -1 -1 -1  2  0  0 -2  2 -2 -1 -1 -1 -2  3  2  2 -3  0 -1    7   0   0   0   7   5   6   1   8   0   6   0   0   0  13  19  21   0   4   1  0.30 0.06
   60 A    0  1  0  0  2  0 -1  0  1 -2 -2  0  0 -2  3  2  0 -3 -2 -2    7  13   5   4   6   1   1   8   4   1   2   6   4   1  17  20   1   0   1   1  0.29 0.04
   61 A    0 -1  1  1 -3  1  1  1 -1 -3 -3 -1 -2 -2  4  1 -1 -3  0 -2    9   1   7   6   0   7  12  11   0   1   2   1   0   1  20  16   1   0   4   1  0.39 0.05
   62 P    0 -2 -2 -2 -3  1 -1  1 -1 -3 -2 -1 -2  0  6 -1 -1 -2  1 -2   10   1   1   1   0   7   1  11   0   1   2   1   0   6  47   1   1   0   6   1  0.95 0.10
   63 E   -1  0  0  1 -3  1  3  0 -1 -3 -2  2 -2 -2  1  0  0 -2 -1 -2    2   1   1   9   0   6  29   6   0   1   2  16   0   1   8   8   5   0   3   1  0.34 0.05
   64 V    2 -2 -1  1 -2  0 -1 -2  0 -1 -1 -1 -1 -1  0  1  2 -3 -2  1   25   1   1  11   0   3   1   1   3   1   1   1   0   4   5   7  19   0   0  17  0.19 0.06
   65 L    0 -2 -1 -2 -2  0 -1 -2 -1  0  2 -1  1  1  1  1 -1 -1  2 -1    7   1   1   1   0   4   1   2   0   1  32   1   3   7   5  19   1   0  10   1  0.15 0.05
   66 G   -1  1  0 -1 -3 -1  1  4 -1 -3 -3  1 -2 -2 -2  0 -1 -3 -1 -3    1   9   5   1   0   1  13  48   0   1   2   8   0   1   1   4   1   0   4   1  0.50 0.07
   67 G    2 -2  2  1 -2 -1 -1  3 -1 -2 -2 -1 -2 -3  1  1 -1 -3 -3 -1   27   1  15  10   0   1   1  24   0   1   1   1   0   1   6   5   1   0   1   4  0.33 0.06
   68 S    1  0 -1 -2 -2 -1 -1 -1 -2 -2 -2 -1 -2 -1  3  3  2 -3 -2 -2    9   6   0   1   0   0   1   1   0   1   1   1   0   4  15  44  15   0   0   1  0.51 0.10
   69 N   -2 -1  6  1 -3 -1 -1  0  3 -4 -3 -1 -3 -3 -3  0 -1 -3  1 -3    1   1  62   5   0   0   1   4  12   1   1   1   0   0   1   5   1   0   5   1  0.85 0.15
   70 S    1 -1  2 -1 -2 -1 -1  1  2 -1 -2 -1 -2 -2 -2  2  1 -3 -2 -1   12   1  13   1   0   0   1  12   8   4   1   1   0   0   1  29  12   0   0   4  0.29 0.07
   71 L   -1 -2 -2 -3 -2 -2 -2 -3 -3  1  3 -2  1  0 -2 -1  3 -3 -2  2    1   1   0   1   0   0   1   1   0   1  41   1   0   4   1   1  26   0   0  21  0.35 0.09
   72 Q   -2  0 -1 -2 -4  7  1 -3  0 -4 -3  0 -1 -4 -2 -1 -2 -3 -3 -3    1   0   0   0   0  94   0   0   0   0   1   0   0   0   0   0   0   0   0   0  1.54 0.27
   73 R   -2  6  3 -1 -4  0 -1 -3 -1 -4 -3  2 -2 -4 -3 -1 -2 -4 -3 -3    1  64  21   0   0   0   0   0   0   0   1   9   0   0   0   0   0   0   0   0  1.00 0.17
   74 D   -2 -2  3  6 -4  1  1 -2 -1 -4 -4 -1 -3 -4 -2 -1 -2 -5 -4 -4    1   0  19  63   0   7   6   0   0   0   1   0   0   0   0   0   0   0   0   0  1.09 0.16
   75 L    1 -1 -1 -2 -2  2 -1  0 -1 -1  0 -1 -1  1  0  2  0 -3 -1 -1   18   0   0   0   0  19   0   4   0   0  12   0   0   8   4  27   0   0   0   5  0.22 0.08
   76 P   -1 -3 -3 -3 -4 -2 -2 -3 -3 -3 -1 -2 -2 -3  7 -1 -2 -4 -4 -3    1   0   0   0   0   0   0   0   0   0  10   0   0   0  80   5   0   0   0   0  2.06 0.21
   77 A    2 -2 -2 -2 -2 -1 -1 -2  1  0  1 -1  0 -2  3  1  0 -3 -2  0   25   1   1   1   0   1   1   1   6   7  20   1   0   1  16   9   6   0   1   1  0.26 0.05
   78 S    0 -1  1  0 -2  1  0  0 -1  0  0 -1  0 -1  1  0  1 -2 -2  1    8   1   7   7   1   9   2   6   1   8  10   2   1   1   6   7  12   0   1  11  0.08 0.02
   79 R    0  2  0  1  2  0  1 -1 -1 -2 -2  2 -1 -2  3  0 -1 -2 -2 -2    5  14   1  11   7   1   8   2   1   2   3  16   1   1  15   7   2   0   1   2  0.28 0.03
   80 L    1 -1 -1 -1 -1 -1 -1 -1 -1  1  2 -1  1  0 -1  0  0 -1 -1  0   14   2   2   2   1   2   3   3   1  10  37   2   1   2   2   8   2   1   1   3  0.11 0.03
   81 H   -1  1  2  0 -2  0  0  0  4 -2 -1  0 -1  1 -1  0 -1 -2  0 -2    3   7  11   5   1   2   5   9  23   2   7   2   1   9   2   7   2   0   1   2  0.18 0.04
   82 L   -1  0 -2 -2 -2 -1 -1 -2 -1  1  2 -1  1  0  0  0 -1 -1  1  1    2   5   1   2   1   1   2   2   1  10  33   2   5   1   6   8   2   0   7  10  0.12 0.03
   83 T   -1 -1 -1  1 -2  1 -1  2 -1 -1  0  0  1 -2  0  1  0 -3 -2 -1    1   1   0  10   0  11   1  20   0   1  13   6   8   0   3  11   5   0   0   1  0.12 0.05
   84 D    1 -1  0  4 -3  0  2 -2 -1 -3 -3  1 -2 -3 -2  0 -1 -3 -3 -2   13   1   0  38   0   0  18   1   0   1   1  10   0   0   1   7   1   0   0   1  0.49 0.09
   85 W   -1 -2  1 -1 -2 -1 -2  0 -1 -1  1 -1 -1  1 -2  1 -1  6  0 -1    2   1   9   1   0   1   2   7   1   1  18   1   1   7   1  15   1  20   1   2  0.30 0.06
   86 R   -1  2 -1  0 -2 -1 -1 -2 -1  0  0  0 -1 -1  2  1 -1 -2  1  0    2  18   1   7   0   1   1   1   0   6   7   1   0   1  13  16   1   0   9   7  0.15 0.04
   87 A    2 -1  0 -1 -1  2 -1 -1 -1 -1 -1 -1 -1 -2 -1  1  2 -3 -2  1   33   1   4   1   0  12   1   1   0   1   2   1   0   1   1   7  21   0   1  11  0.26 0.06
   88 Q   -1  0 -1 -1 -3  5  2 -2  0 -2 -1  0  2 -2 -2  0 -1 -2 -2  0    1   1   1   1   0  52  10   1   0   1   1   1  11   1   1   7   1   0   1   8  0.60 0.13
   89 R   -1  4 -1  1 -3  1  1 -2 -1 -3 -2  2 -2 -2 -2 -1 -1  4 -1 -2    2  35   1   8   0   6  11   2   0   1   2  16   0   1   1   2   1   9   1   1  0.49 0.07
   90 A    0 -1 -1  0 -1 -1  0 -2 -2  1  2 -1  1 -1 -1 -1 -1 -2 -1  1   12   2   1   7   1   1   6   2   1   2  37   2   1   1   2   2   2   0   1  18  0.11 0.02
   91 Q   -1  0 -1 -1 -2  5  2 -2  0 -2  0  1  0 -2 -1 -1 -1 -2 -2 -1    2   1   1   1   1  45  13   2   1   1  15   8   1   1   1   2   2   0   1   2  0.42 0.06
   92 R    0  2 -1 -1 -2  0 -1  1  1 -2 -1  0 -1  1  2  1 -1 -2  0 -2    3  19   1   2   1   1   2  14   4   2   3   2   1  13  11  16   2   0   1   2  0.19 0.02
   93 A    0 -1  0  2 -2 -1 -1 -2 -2  0  0 -1  0 -1 -1  1  2 -2 -2  1    7   1   1  17   0   1   2   2   1   4   9   1   1   1   1  11  18   0   1  21  0.14 0.02
   94 Q    1  0  2 -1 -2  4  0 -1  3 -2 -1  0 -1 -2 -1  0 -1 -2 -1 -2   14   1  11   1   0  37   2   2  13   1   7   1   1   1   1   2   1   0   1   2  0.36 0.05
   95 R   -1  4 -1 -1 -3  3  0 -2  3 -2 -2  1 -1 -2 -2 -1 -1 -2 -1  0    2  37   1   1   0  17   1   2  11   1   2   7   0   1   1   2   1   0   1  11  0.44 0.06
   96 V   -2 -2 -2  2 -2 -1 -1 -3 -2  1  2 -2  4 -1 -2 -2 -1 -2  0  1    1   1   1  16   0   1   1   1   0   4  29   1  27   1   1   1   1   0   3  12  0.29 0.07
   97 S   -1  0 -1  2 -3  3  3 -2 -1 -2  0  1 -1 -2  3  0 -1 -3 -2 -2    1   4   1  10   0  17  24   1   0   1  12   5   0   1  16   4   1   0   0   1  0.43 0.05
   98 Q    1  2 -1 -2 -3  4  0 -2  3 -2 -1  1 -1 -3 -2 -1 -1 -3 -2 -1   16  10   0   0   0  41   0   0   9   0   7  10   0   0   0   0   3   0   0   4  0.46 0.09
   99 L   -2 -3 -4 -4  4  1 -3 -4 -3  0  4 -3  2 -1 -4 -3 -2 -3 -2  0    0   0   0   0  15  11   0   0   0   0  67   0   6   0   0   0   0   0   0   0  0.62 0.12
  100 E   -1 -1 -1  0 -5  1  5  1 -1 -4 -4  1 -3 -5  3 -1 -2 -5 -4 -3    0   0   0   0   0   0  67  11   0   0   0   7   0   0  15   0   0   0   0   0  0.96 0.14
  101 K   -1  2  3 -1 -3  2  0 -2  1 -3 -3  1 -1 -3  3  1  1 -4 -2 -3    0  12  22   0   0  17   0   0   4   0   0   8   3   0  15  11   8   0   0   0  0.50 0.07
  102 I    2 -3 -3 -4 -2 -3 -3 -1 -3  4  0 -3  0 -2 -3 -1  0 -4 -2  3   29   0   0   0   0   0   0   3   0  41   0   0   0   0   0   0   2   0   0  25  0.41 0.10
  103 L   -1 -3 -3 -4 -2 -2 -3 -4 -3  1  3 -3  4 -1 -3  0 -1 -3 -2  2    0   0   0   0   0   0   0   0   0   0  49   0  25   0   0  11   0   0   0  16  0.53 0.11
  104 E   -1  3  0  1 -4  2  3  0 -1 -4 -4  2 -2 -4 -2  1 -1 -4 -3 -3    0  21   0   9   0   9  22   7   0   0   0  16   0   0   0  17   0   0   0   0  0.50 0.06
  105 N   -2 -1  5  0 -4 -1 -1 -2  4 -4 -4 -1 -3 -2 -3  1  1 -3  2 -3    0   0  54   0   0   0   0   0  17   0   0   0   0   0   0  12   9   0   8   0  0.80 0.12
  106 N   -1 -2  4 -1 -3  1 -1 -2 -1 -2 -3 -1 -2 -2  3  1 -1 -3  1  0    0   0  39   0   0   9   0   0   0   0   0   0   0   0  17  14   0   0   6  14  0.53 0.09
  107 T   -1 -2 -1 -2 -2 -1  1 -3 -2  1 -1 -2  2 -3  1  0  5 -4 -3  0    0   0   0   0   0   0  10   0   0  12   0   0   7   0   7   0  63   0   0   0  0.60 0.13
  108 Q   -2  1 -1 -2 -4  4  0 -3  2 -2  0  1  0  1  3 -1 -2 -3 -1 -2    0   6   0   0   0  38   0   0   5   0   9  10   3   9  20   0   0   0   0   0  0.58 0.10
  109 W   -2  3 -3 -4 -4 -2 -3 -4 -2 -2  0 -1  2 -1 -4  0 -2  9  2 -2    0  22   0   0   0   0   0   0   0   0   9   0   8   0   0  11   0  43   7   0  1.13 0.14
  110 L   -2 -3 -4 -5  3 -3 -4  0 -4  0  4 -3  3  1 -4 -3 -2 -3 -2  0    0   0   0   0   9   0   0   9   0   0  66   0  10   6   0   0   0   0   0   0  0.59 0.11
  111 L   -1  1 -2 -2 -3  2  0 -3  2 -1  3  0  2 -1  0 -2  0 -3 -2 -1    5   9   0   0   0  13   6   0   6   0  42   5   5   0   5   0   5   0   0   0  0.26 0.08
  112 K   -1  3 -1 -2 -4  3  0  0 -1 -3 -2  3  2 -3  2 -1 -1 -4 -3 -2    0  17   0   0   0  20   0   9   0   0   0  32  13   0   9   0   0   0   0   0  0.50 0.05
  113 L   -2 -3 -4 -4 -2 -3 -4 -5 -4  3  3 -3  2  0 -3 -3 -1 -3 -2  2    0   0   0   0   0   0   0   0   0  50  50   0   0   0   0   0   0   0   0   0  0.51 0.00
  114 E   -2 -1 -1  1 -5  2  6 -3 -1 -4 -4  0 -3 -4 -2 -1 -2  4 -3 -3    0   0   0   0   0   5  88   0   0   0   0   0   0   0   0   0   0   8   0   0  1.25 0.14
  115 Q   -2  3  4  0 -4  1  1 -2  0 -3 -3  0 -2  1 -3  1  0 -3 -2 -3    0  22  41   0   0   5   8   0   0   0   0   0   0   9   0  10   5   0   0   0  0.53 0.07
  116 S   -1 -2  1 -3 -3 -2 -3 -1  1 -2 -2 -2 -2  3 -3  0  0  0  6 -2    3   0   8   0   0   0   0   5   2   0   0   0   0  18   0  10   8   0  45   0  0.61 0.08
  117 I   -2 -4 -4 -5 -2 -4 -4 -5 -4  5  1 -4  1 -1 -4 -3 -1 -4 -2  3    0   0   0   0   0   0   0   0   0  86   3   0   0   0   0   0   0   0   0  11  0.86 0.12
  118 K   -1  1 -1 -2 -4  5  1 -1  0 -2 -1  2 -1 -3 -2 -1 -1 -3 -3  0    0   7   0   0   0  56   3   5   0   0   7  13   0   0   0   0   0   0   0   9  0.63 0.10
  119 V    0  0 -1  1 -3  2  3 -3 -1  0 -1  1  2 -3 -2  0  1 -3 -3  0    6   5   0   7   0  12  24   0   0   7   0   6  12   0   0   2  11   0   0   9  0.25 0.04
  120 N   -1  0  4  0 -3 -1 -1  0 -1  1 -1 -1 -1 -3 -3  2  0 -4 -3 -1    0   5  43   0   0   0   0   5   0  18   4   0   0   0   0  24   0   0   0   0  0.42 0.08
  121 L   -2 -3 -2 -4 -2 -2 -3 -4 -3  1  3 -3  5  1 -3 -3 -1 -2 -2  1    0   0   2   0   0   0   0   0   0   2  44   0  35   5   0   0   0   0   0  10  0.55 0.08
  122 R   -2  5 -1 -2 -4  0 -1 -3 -1 -3 -3  4  0 -4  2 -1 -1 -4 -3 -3    0  51   0   0   0   0   0   0   0   0   0  33   4   0   9   0   2   0   0   0  0.86 0.09
  123 S    0  1 -1 -2 -3  0 -1 -2  0 -2 -1  2 -1 -3  3  3  2 -4 -2 -2    0   8   0   0   0   3   0   0   2   0   9  14   1   0  14  36  13   0   0   0  0.41 0.05
  124 H   -2 -1 -1  3 -5  1  5  0  1 -4 -3  1  0 -4 -2 -1 -2 -4 -3 -3    0   0   0  15   0   0  59   6   5   0   0  11   4   0   0   0   0   0   0   0  0.76 0.09
  125 L   -1 -3 -4 -5 -2 -2 -3 -4 -3  1  4 -3  5  0 -3 -3 -2 -3 -2  1    3   0   0   0   0   0   0   0   0   0  58   0  28   0   0   0   0   0   0  10  0.63 0.08
  126 V    2 -2 -2 -2 -2  2  0 -2 -2  0 -1 -1 -1 -2  1 -1 -1 -3 -3  3   30   0   0   0   0  17   6   0   0   0   2   0   0   0   8   0   0   0   0  37  0.30 0.06
  127 Q   -2  1  1 -1 -4  5  2 -3  2 -3 -1  1 -1 -3 -2 -1 -1 -3 -2 -3    0   5   4   0   0  58  10   0   7   0   6   8   0   0   0   2   0   0   0   0  0.79 0.13
  128 A    2 -2 -2  0 -2 -1  1 -2 -3  2  1 -2  1 -1 -2 -1 -1 -3 -2  1   31   0   0   6   0   0  10   0   0  19  20   0   5   0   0   0   0   0   0   9  0.21 0.06
  129 Q   -2  0  1 -2 -4  7  1 -3  0 -4 -4  1 -1 -5 -1 -1 -2 -4 -3 -4    0   0   7   0   0  89   0   0   0   0   0   2   0   0   2   0   0   0   0   0  1.44 0.25
  130 Q   -1  1 -1 -2 -3  5  0 -3  1 -2  0  0  2 -3 -1  1 -1 -3 -2 -2    3   9   0   0   0  50   0   0   3   0   9   0  10   0   2  15   0   0   0   0  0.58 0.14
  131 D   -2  0  4  4 -4  1  0 -2  3 -4 -4 -1 -3 -4 -3  0  0 -5 -2 -4    0   3  35  34   0   6   0   0  13   0   0   0   0   0   0   4   6   0   0   0  0.80 0.13
  132 T    1 -2 -2 -1 -2 -1  2 -2 -2  1 -1 -1  2 -2 -2  1  2 -4 -3  1   19   0   0   0   0   0  20   0   0  14   0   0  10   0   0   9  22   0   0   8  0.27 0.08
  133 I   -1 -2  1 -2 -2 -1  1 -3 -2  2  1 -2  1 -2 -3 -2 -1 -4 -3  3    3   0  12   0   0   0  16   0   0   6   9   0   4   0   0   0   0   0   0  49  0.33 0.10
  134 Q   -2  3  0 -1 -5  5  2 -3  5 -4 -4  1 -2 -4 -3 -1 -2 -4 -2 -3    0  17   2   0   0  46  11   0  19   0   0   6   0   0   0   0   0   0   0   0  0.89 0.16
  135 N   -2  1  5  0 -4 -1 -1  0 -1 -3 -1  1 -2 -3  1 -1  1 -4 -3 -3    0   9  49   0   0   0   0   8   0   0  11   9   0   0   6   0   8   0   0   0  0.55 0.12
  136 Q   -2  0 -1 -2 -4  4  0 -3  6 -3 -1  1 -1 -3  1 -1 -2 -3 -1 -3    1   0   0   0   0  35   1   1  33   0   7  11   0   0   7   1   1   0   0   1  0.73 0.14
  137 T   -1 -1 -1 -2 -2 -1 -1 -2 -2 -1  1  1  1 -2 -2  2  4 -3 -2 -1    1   0   0   0   0   0   1   1   0   0  14  11   6   0   0  13  50   0   0   1  0.44 0.11
  138 T    3 -2 -2  0 -2 -1  1 -1 -2 -1 -2 -1 -1 -2 -1  0  2 -3 -2  1   46   0   0   4   0   0   9   3   0   0   1   1   0   0   0   1  17   0   0  16  0.33 0.09
  139 T    1 -2 -1 -2 -2  1  0 -2 -2 -2 -2 -1 -1  0  4  0  3 -3 -2 -1   13   0   2   0   0   8   7   1   0   0   1   1   0   6  20   1  35   0   0   4  0.47 0.09
  140 M   -2 -3 -3 -3 -3 -1  1 -4 -3  1  2 -2  6 -1 -3 -3 -1 -3 -3  2    0   0   0   0   0   0  12   0   0   5  10   0  50   0   0   0   0   0   0  23  0.66 0.17
  141 L   -1 -3 -3 -4 -2 -3 -3 -1 -3  1  3 -1  1  2 -3 -2 -2 -3 -1  2    5   0   0   0   0   0   0   6   0   6  48   5   0   9   0   0   0   0   0  21  0.37 0.10
  142 A    0 -1 -1  1 -3  1  4 -1 -2 -1  0  0 -1 -3 -2 -1 -1 -4 -3  1   10   0   0   6   0   3  45   5   0   0  10   4   0   0   0   0   0   0   0  15  0.39 0.11
  143 L   -1  1 -3 -4 -2 -2 -3 -4 -3  3  3 -2  2  0 -3 -2 -1 -3 -2  2    3   9   0   0   0   0   0   0   0  20  42   0   5   1   0   0   0   0   0  17  0.41 0.09
  144 G   -1 -2 -1  2 -3 -2 -1  5 -2 -4 -4 -2 -3 -3 -2  2 -1 -4 -3 -3    1   1   0  15   0   0   1  59   0   1   1   1   0   0   1  18   1   0   0   1  0.84 0.13
  145 A    2 -2 -1 -2 -2 -2 -2  2 -2 -1 -2 -2 -2 -3 -2  2  4 -4 -3 -1   20   0   0   0   0   0   0  17   0   3   0   0   0   0   0  12  45   0   0   0  0.54 0.13
  146 N   -1 -1  5  1 -3  2  1 -2 -1 -3 -3 -1  1 -4 -2  2 -1 -4 -3 -3    0   0  49   3   0   9   6   0   0   0   0   0   5   0   0  24   0   0   0   0  0.73 0.16
  147 L   -2 -3 -3 -3 -3 -2  1 -4 -3  1  4 -2  1  0 -3 -3 -2 -3 -2  1    0   0   0   0   0   0  16   0   0   6  66   0   0   3   0   0   0   0   0   6  0.53 0.13
  148 M   -2 -3 -3 -3 -2 -2  0 -4 -3  0  3 -2  3  1 -3 -2  1 -3 -2  1    0   0   0   0   0   0  10   0   0   0  44   0  15   4   0   0  14   0   0  10  0.39 0.12
  149 N    0  1  4 -1 -3  0  0 -2 -1 -2  0  2 -1 -3 -2  2  0 -4 -3 -2   10   6  28   0   0   0   5   0   0   0  12  14   0   0   0  21   4   0   0   0  0.34 0.10
  150 Q    0  0 -1 -1 -3  5  2 -3  2 -2 -1  1 -1 -3 -2 -1 -1 -3  0 -1   10   3   0   0   0  40  16   0   5   0   5  10   0   0   0   0   0   0   4   6  0.52 0.13
  151 T    0 -2 -2 -3 -2 -2 -2 -3 -3  1  0 -2 -1 -2 -2  1  5 -4 -3  1    5   0   0   0   0   0   0   0   0  10  10   0   0   0   0   7  56   0   0  10  0.56 0.15
  152 K    2  2 -1 -2 -2  0 -1  1  1  0 -2  1 -1 -3 -2  0  2 -4 -2  0   28  16   0   0   0   3   0   9   4   9   0  11   0   0   0   0  16   0   0   3  0.26 0.09
  153 A    2  0  0 -1 -3  0  3 -1 -1 -3 -3  1 -2 -4 -2  1  2 -4 -3 -2   26   5   3   0   0   0  29   2   0   0   0  10   0   0   0   9  15   0   0   0  0.44 0.11
  154 Q   -2  0 -1 -1 -5  6  3 -4 -1 -4 -3  0 -2  1 -3 -2 -2 -3 -2 -3    0   3   0   0   0  63  25   0   0   0   0   0   0   9   0   0   0   0   0   0  1.13 0.24
  155 T   -1 -2  1  1 -3 -1  1 -2 -2 -1 -1 -1 -2 -3 -2  2  4 -4 -3 -2    0   0   7   9   0   0   9   0   0   2   5   0   0   0   0  23  44   0   0   0  0.55 0.15
  156 H   -2  5 -2 -3  0  1 -1 -3  0  1  0  0 -1 -2 -3 -2  0 -3 -1  1    0  47   0   0   3   7   0   0   3  10   8   0   0   0   0   0   5   0   2  15  0.46 0.13
  157 K   -2  1  4 -1 -4  0  1 -2 -1 -4 -4  5 -3 -4 -2 -1 -2  2 -3 -4    0   2  25   0   0   0  10   0   0   0   0  57   0   0   0   0   0   4   0   0  0.85 0.19
  158 L   -2 -3 -3 -4 -2 -2 -3 -4 -3  1  4 -3  5 -1 -3 -1 -2 -3 -2  1    1   1   0   1   0   0   1   1   0   4  55   1  23   0   1   5   1   0   0   6  0.62 0.15
  159 T    1 -2  3 -1 -3 -1 -2 -2  0 -1 -1 -2 -2 -3 -2  2  4 -4 -3 -1   13   0  24   0   0   0   0   0   1   3   8   0   0   0   0  13  38   0   0   0  0.52 0.16
  160 A    1 -1  3  3 -3 -1  1 -1 -2  0 -1  1 -2 -3 -2  1  0 -4 -3  0   12   0  18  20   0   0   9   2   0   8   4   8   0   0   0  11   1   0   0   7  0.27 0.08
  161 V   -2  3 -3 -4 -3 -2 -3 -4 -3  1  1 -1  4 -2 -3 -2  1 -3 -3  3    0  23   0   0   0   0   0   0   0   5   9   0  17   0   0   0   8   0   0  38  0.47 0.16
  162 E   -2 -1 -1  3 -4  0  4 -3 -2  0 -1  1 -2 -4 -3 -2 -2 -5 -4  1    0   0   0  17   0   0  49   0   0   5   4  11   0   0   0   0   0   0   0  15  0.65 0.17
  163 A    3 -2 -2 -1 -2  0 -1 -2 -2 -2 -1  1  0 -3 -2  1  3 -4 -3 -1   43   0   0   2   0   3   0   0   0   1   7   8   3   0   0   7  26   0   0   0  0.44 0.16
  164 Q   -2  0 -1  1 -4  6  2 -4 -1  0 -1  2 -1 -4 -3 -2 -2 -4 -3 -3    0   0   0   7   0  56   8   0   0   7   8  14   0   0   0   0   0   0   0   0  0.88 0.25
  165 V   -1 -4 -4 -5 -2 -3 -4 -5 -3  3  3 -4  1  0 -4 -3 -2 -3  1  3    3   0   0   0   0   0   0   0   0  18  30   0   2   2   0   0   0   0   6  39  0.59 0.16
  166 L   -2 -2 -3 -3 -3 -2  1 -4 -2  0  3  0  1  0 -4 -2 -2 -2  3  0    0   0   0   0   0   0  14   0   0   3  50   8   2   0   0   3   0   0  18   3  0.46 0.17
  167 N   -1 -2  6 -1 -4  1 -2 -2  3 -3 -3 -1  2 -4 -3  0  2 -5 -3 -3    5   0  53   0   0   6   0   0  10   0   0   0   9   0   0   4  13   0   0   0  0.86 0.24
  168 Q   -2  1 -1  1 -5  6  2 -4  2 -5 -4  1 -2 -5 -3 -2 -2 -4 -3 -4    0   6   0   6   0  62  15   0   4   0   0   7   0   0   0   0   0   0   0   0  1.21 0.31
  169 T   -1 -2 -2 -3 -3 -2 -2 -3 -3  1  2  0  1 -2 -3  0  4 -4 -3 -1    2   0   0   0   0   0   0   0   0   7  28   8   2   0   0   6  47   0   0   0  0.57 0.21
  170 L   -1 -2 -2 -3 -3 -2 -2 -3 -3 -1  3  1  0 -2 -3  3  1 -4 -3 -1    0   0   0   0   0   0   0   0   0   0  49  13   0   0   0  30   8   0   0   0  0.53 0.23
  171 H   -1  4  1 -2 -1  0  2 -4  7 -5 -4  0 -3 -4 -1 -2 -2 -4  0 -4    6  25   7   0   2   1  16   0  36   0   0   2   0   0   3   0   0   0   2   0  0.91 0.29
  172 M   -2 -1 -2  0 -3 -1  2 -4 -2  1  2 -2  4  1 -3  0  0 -3  1 -1    0   2   0   5   0   0  16   0   0   7  25   0  17   6   0  10   5   0   7   0  0.27 0.16
  173 K   -2 -1 -2  0 -4  0  4  0 -2  1 -1  3 -2 -3 -3 -2 -2 -5 -4  0    1   0   0   4   0   0  38   7   0  13   5  24   0   0   0   0   0   0   0   8  0.49 0.21
  174 T   -1 -1  0  0 -3 -1  1 -4  0  2  1 -1  1  1 -3 -2  1 -3 -2  1    3   4   4   6   0   0  11   0   2  25  15   4   3   7   0   0   9   0   0   6  0.15 0.10
  175 Q   -2  2  2  1 -5  6  1 -3 -1 -4 -4  0 -2 -5 -3 -2  0 -4 -4 -1    0  11  13   5   0  51   5   0   0   0   0   3   0   0   0   0   6   0   0   5  0.92 0.31
  176 M   -2  0 -3 -3 -3 -1 -1 -1  1  0  2  1  5 -1 -4 -2  0 -3  1  0    0   4   0   0   0   0   5   5   5   3  27  12  26   0   0   0   5   0   6   3  0.35 0.19
  177 L   -3  2 -3  0 -3 -2 -3 -4 -3  0  4 -1  3  1 -1 -3  0 -3 -2 -1    0  12   0   5   0   0   0   0   0   0  53   4  10   7   3   0   6   0   0   0  0.50 0.21
  178 E   -2 -2 -2  3 -5  0  5  0 -2 -4 -4 -1 -3 -5 -3 -2  1 -5 -4 -1    0   0   0  15   0   0  62   6   0   0   0   1   0   0   0   0  10   0   0   6  1.02 0.31
  179 N   -1  1  5  1 -4  0  0 -2  1 -2 -3 -1 -1 -4  1  1  1 -5 -2 -3    2  11  39   5   0   4   5   0   3   3   0   0   2   0   6   8  11   0   1   0  0.54 0.20
  180 S    2 -2  0 -2 -3 -2 -2  0 -2 -2  1  0  1 -1  0  3  0 -4 -3 -2   16   0   5   0   0   0   0   6   0   0  16   5   6   3   4  39   1   0   0   0  0.35 0.18
  181 L   -3 -3 -4 -5 -3  1 -3 -5 -4  2  4 -1  1 -1 -4 -3 -2 -4 -3  1    0   0   0   0   0   9   0   0   0   8  68   5   0   0   0   0   0   0   0  11  0.79 0.26
  182 S   -1  1  1  0 -3  0  1 -2  2 -3 -3  0 -1  0 -3  3  2 -4 -2 -3    0   7   4   5   0   4  12   0   7   0   0   4   2   6   0  34  15   0   0   0  0.42 0.18
  183 T    0 -2 -1  0 -3  1  2 -3 -2  0  0  0  0 -3 -3  1  4 -4 -3  0    5   0   0   4   0   5  17   0   0   4   9   5   2   0   0   5  40   0   0   5  0.41 0.19
  184 N   -1  1  4  2 -4 -1  0  0 -1 -3 -2  1 -3 -3 -3  1  0 -4  0 -3    3   7  30  11   0   0   5   7   0   0   4  12   0   0   0   9   6   0   5   0  0.41 0.17
  185 K   -1  2  0  0 -4  2  2 -1 -1 -3 -1  4 -2 -4 -2  0 -1 -4 -3 -3    4  13   2   4   0   9  11   4   0   0   6  37   0   0   0   8   0   0   0   0  0.50 0.18
  186 L   -2 -2 -3 -1  2  2  1 -4 -3  0  4 -2  0 -2 -3 -3 -2 -3 -3  0    0   0   0   4   7  14  11   0   0   0  55   0   0   0   0   0   0   0   0   6  0.51 0.23
  187 E   -1  1 -1  2 -5  1  5 -2 -2 -4 -4  0 -3 -4 -3  0  1 -5 -4 -1    4  10   0  12   0   5  48   2   0   0   0   2   0   0   0   3  10   0   0   4  0.72 0.26
  188 R   -2  3  2 -2 -5 -1  0 -1 -2 -1 -1  5 -2 -3 -3 -1 -1 -4  1 -3    0  15  10   0   0   0   5   3   0   4   7  46   0   0   0   3   2   0   6   0  0.60 0.26
  189 Q    0  2 -2 -2 -5  6  1 -4  1 -4 -2  0 -2 -5 -3 -2  0 -4 -4 -4    6  10   0   0   0  63   5   0   4   0   3   3   0   0   0   0   6   0   0   0  1.18 0.42
  190 M   -2 -2  0 -3 -3  2  1 -4 -2  1  3 -2  3  1 -3 -1  0 -3 -2  1    0   0   5   0   0  13  10   0   0   9  32   0   9   6   0   4   4   0   0   8  0.30 0.17
  191 L   -1 -1 -3 -1 -3  2 -2 -4 -3  2  3 -1  1  0 -4 -2  0 -4 -2  0    3   3   0   4   0  11   0   0   0  18  45   3   2   4   0   1   5   0   0   0  0.42 0.22
  192 M   -2 -2  2  1 -3  1  1 -3 -2  0  1 -2  3 -2 -3  0  0 -4 -3  1    0   0  12  10   0   8  10   0   0   2  17   0  15   0   0   9   4   0   0  14  0.27 0.18
  193 Q    0  2 -2 -1 -5  5  2 -2 -1 -4 -4  1 -2  0  1 -2 -1 -4 -3 -2    6   9   0   2   0  46  11   3   0   0   0   6   0   5   6   0   3   0   0   2  0.77 0.33
  194 S    0  1  2  0 -3 -1 -2 -1 -2 -2  0  0 -1 -3 -2  2  3 -4 -3  0    8   7  12   4   0   0   0   4   0   0  15   5   0   0   0  14  24   0   0   5  0.25 0.15
  195 R    1  2  2 -1 -3  1  0 -2  3 -2 -3  2 -2 -2 -2  0  0 -3  1 -1   11  15  12   0   0   7   6   1  11   0   1  11   0   0   0   6   5   0   6   5  0.30 0.14
  196 E    0 -2 -2  1 -5  2  5 -4 -2 -1 -4  1 -3 -5 -3  1  1 -5 -4 -3    6   0   0   6   0  10  50   0   0   5   0   6   0   0   0   8  10   0   0   0  0.82 0.33
  197 L   -1 -1 -3  0 -3 -3 -1 -4 -3  3  3 -3  2  0 -4 -3 -1 -3  0  1    5   4   0   5   0   0   5   0   0  26  30   0   7   4   0   0   3   0   3   7  0.39 0.21
  198 Q    0 -1  2  1 -4  3  1 -3  2 -2  1  0  1 -2  0  1 -1 -4 -1 -1    6   2  13   7   0  15   8   0   8   0  15   3   4   1   3  10   1   0   1   2  0.24 0.17
  199 R   -1  4  1 -1 -5  3  0 -1  0 -5 -4  3 -3 -4 -3  0 -1 -5 -1 -4    4  26   7   3   0  16   4   5   2   0   0  21   0   0   0   6   3   0   3   0  0.62 0.28
  200 L   -1 -1 -4 -5  2 -3 -4 -5 -4  2  4 -3  4 -2 -4 -3 -1 -4 -3  1    5   4   0   0   4   0   0   0   0   8  54   0  12   0   0   0   4   0   0   9  0.73 0.29
  201 Q    0  1  0 -1  2  3  0 -3  4 -3  0  1 -2 -3 -3  1  0 -4 -1 -2    9   9   2   2   5  17   3   0  14   0  12   9   0   0   0  10   5   0   2   2  0.30 0.18
  202 G    1 -2  1  2 -3 -1  2  1 -2 -3 -3  0 -3 -3  1  1  1 -4  0 -1   16   0   6  12   0   0  15  12   0   0   0   5   0   0   5  10  11   0   4   4  0.29 0.15
  203 R   -1  3  0 -1  1  0  1 -2  2 -3 -2  3 -2 -4 -3  1  0 -4 -3 -1    3  23   3   2   3   3  11   2   5   0   4  21   0   0   0   9   5   0   0   4  0.39 0.18
  204 N    1 -1  2  2 -3 -1 -1 -2 -1 -1  0  1 -1 -1 -2  1 -1 -2  2  0   12   0  13  12   0   0   0   0   0   0  12  12   0   0   0  12   0   0  12  12  0.15 0.09
  205 R    0  2  1  1 -3  1  1 -2  1 -3 -3  1 -3 -4  1  3  0 -5 -3 -1    6  12   4   8   0   4  11   0   5   0   0   7   0   0   6  28   4   0   0   4  0.38 0.16
  206 A    1 -1  2  1 -3  1  2 -2  0 -1 -1  0 -2 -1 -1  0  0 -4 -1 -1   13   3  13  10   0   4  14   0   3   5   7   5   0   3   2   5   5   0   2   5  0.16 0.11
  207 L   -2 -4 -4 -5 -4 -1 -2 -6  3  1  4 -2  2 -2 -1 -4 -2 -4  0 -2    4   0   0   0   0   3   2   0   8   8  59   2   6   0   3   0   2   0   3   0  0.82 0.43
  208 E   -2  1 -2  1 -6  2  5 -4  1 -5 -3  1 -4 -5 -4 -1  0 -6 -5 -2    2   6   0   8   0   9  51   0   3   0   3   7   0   0   0   3   7   0   0   3  0.95 0.47
  209 T    0  0  0 -1 -1  1  0 -1  4 -2 -3  1  1 -1 -2  1  2 -4  0 -2    8   4   4   3   1   7   4   5  16   2   0   9   5   2   2   8  16   0   3   1  0.28 0.22
  210 R   -3  5  0 -3 -5  1  0 -2 -3 -1 -2  4 -3 -5 -4 -1 -2 -1 -4 -2    0  38   3   0   0   4   4   2   0   4   3  31   0   0   0   4   1   1   0   3  0.90 0.44
  211 L   -1 -2 -4 -5  1 -3 -4 -5 -1  3  3 -2  1 -1 -4 -3 -1 -3  2  2    5   2   0   0   3   0   0   0   2  18  39   3   2   2   0   0   2   0   8  13  0.57 0.31
  212 Q   -1  0  1 -1 -2  4  1 -4  2 -3  1  2  0 -3 -2 -1  0 -5 -3 -1    4   3   6   2   1  27   9   0   6   0  14  11   2   1   2   3   7   0   0   3  0.42 0.30
  213 A    2 -1  0  0 -1 -1  2 -1 -1 -1 -1  0 -1 -3 -3  1  1 -4 -1  1   23   3   4   4   1   1  14   3   2   3   3   4   1   0   0   9   9   0   2  12  0.19 0.17
  214 L   -1 -2 -2 -5 -4 -3 -4 -5 -1  1  4 -4  4 -1 -4 -2 -1 -4 -1  0    5   2   2   0   0   0   0   0   2   6  51   0  16   2   0   3   2   0   2   5  0.75 0.38
  215 E    0  0 -1  1 -5  1  5 -2 -2 -2 -1  0 -3 -4 -3 -1  0 -5 -4 -2    6   5   2   7   0   6  46   2   0   2   8   5   0   0   0   3   5   0   0   3  0.66 0.37
  216 A    2 -1  1  1 -3 -1  1  0 -2 -2  0  0 -1 -3 -1  2  0  1 -3 -1   19   2   7   8   0   1   8   8   0   0  10   5   1   0   2  17   5   2   0   5  0.18 0.16
  217 Q   -2  2  1  0 -5  4  2 -1  2 -2 -4  3  0 -4 -3  0 -1 -5 -4 -4    0   9   6   6   0  24  10   5   4   3   0  20   3   0   0   7   2   0   0   0  0.56 0.33
  218 H   -1  0  1 -2 -4  3  1 -3  5  0 -1  0  1  1 -1 -1 -1  0  0 -1    4   5   6   0   0  14   7   1  19   6   5   6   4   6   2   5   3   1   3   4  0.30 0.22
  219 Q    0  2  1  1 -4  3  2 -1  0 -3 -3  1 -3 -2 -1  0  0  2 -3 -3    6  11   6   6   0  17  16   5   1   2   2   9   0   1   2   4   6   3   0   1  0.35 0.22
  220 A    1 -2  1 -2 -3  1  2 -1  0 -2 -2  0  0 -3 -3  2  1 -4 -3 -1   14   0   8   0   0   7  18   4   2   2   3   5   3   0   0  17  11   0   0   5  0.31 0.23
  221 Q   -2  1  0 -1 -4  3  2 -2  0  0  0  2  1 -1 -3 -1 -1 -4 -3 -1    0   6   5   1   0  20  16   2   3   7  10  13   3   3   0   2   3   0   0   3  0.31 0.24
  222 L   -2  0 -2 -4 -4 -2  0 -5  0  1  3 -1  2  1 -4 -1 -1  2  0  0    2   5   2   0   0   0   9   0   2   8  39   3   7   6   0   3   3   3   3   6  0.35 0.24
  223 N    1  0  3  1 -4  1  1 -2  3 -1 -2  1 -2 -3 -3  0  1 -4 -1 -2   11   3  18   8   0   7  10   2   8   4   2   7   0   0   0   7   8   0   2   2  0.30 0.20
  224 S    0  0  0  1 -3  1  1  1  1 -1 -1 -1 -1 -3 -3  2  2 -4 -2 -2    4   4   2   6   0   8   7  11   3   3   4   2   2   0   0  23  16   0   1   2  0.27 0.21
  225 L   -1 -4 -1 -5 -3 -3 -4 -5  0  1  4 -4  2  0 -4 -2  0 -4 -3  0    4   0   3   0   0   0   0   0   3   8  61   0   5   3   0   3   5   0   0   5  0.73 0.34
  226 Q   -1  2  0 -2 -5  4  3 -2  2 -3 -1  2 -2 -4 -3 -1 -2 -5 -3 -1    5  11   4   0   0  21  24   2   5   0   8  12   0   0   0   3   0   0   0   5  0.51 0.29
  227 E    0  0  1  1 -4  2  3 -1  1 -3 -1  0  0 -3 -3  0  0  2  0 -3    6   5   8   8   0  10  21   3   4   0   7   6   4   0   0   6   6   4   3   0  0.28 0.20
  228 K   -1  3  0  0 -4  1  1 -3  2 -2 -1  2  2 -3 -3  0  0 -4 -3 -1    5  18   5   6   0   7  11   0   6   0   6  14   7   0   0   6   5   0   0   5  0.31 0.21
  229 R   -2  2  1  0  2  2  0 -3  1  0  0  2  1  0 -3 -2 -2 -3  0  0    0  14   6   4   7  10   6   0   4   8   7  14   5   4   0   0   0   0   4   6  0.20 0.17
  230 E   -1  0  0  1 -1  2  3 -1  1 -3 -3  0  0 -4 -3  0  1 -4 -3 -1    4   5   4   5   2  13  29   3   3   0   0   4   2   0   0   7  10   0   0   5  0.40 0.24
  231 Q   -1  2  1  0  1  4  2 -3 -1 -2 -2  1  0 -4 -3  0  0 -4 -3 -1    2  12   8   3   3  22  18   0   0   2   4   8   2   0   0   4   4   0   0   5  0.40 0.25
  232 L   -1 -3 -4 -2  1 -1 -3 -2  0  2  3 -3  2 -1 -1 -3 -2 -4 -3  2    5   0   0   3   4   2   0   3   3  14  40   0   4   2   3   0   0   0   0  14  0.41 0.25
  233 H   -1  0  2  0 -4  3  1 -2  3 -1 -1  1 -2 -3 -1 -1 -1 -4  0 -2    4   5  13   5   0  20  10   2  10   5   6   7   0   0   3   3   3   0   3   2  0.33 0.24
  234 S    0  0  1  0 -3  1  0  0  2  0 -1  0  1 -2 -3  0  0  3 -2  0    6   6   6   6   0   6   6   6   6   6   6   6   6   0   0   6   6   6   0   6  0.11 0.12
  235 L   -1 -2 -2 -2 -4  1 -1 -2 -4  0  4 -3  2  0 -4  0 -2 -4 -3  1    6   2   2   2   0   9   3   2   0   2  48   0   4   3   0   6   2   0   0   9  0.51 0.37
  236 L   -1  0 -2 -5 -1 -2 -3 -5 -4  2  3 -3  1  0 -2 -3 -1 -4  0  2    6   6   2   0   1   2   2   0   0  12  38   0   3   3   2   0   3   0   3  18  0.50 0.33
  237 G    0 -1  0  1 -4  0  1  2  1 -3 -3  0 -3 -2 -1  2  2 -4 -2 -1    5   2   3   9   0   2   8  20   3   0   2   5   0   2   3  16  13   0   1   4  0.27 0.21
  238 H   -1  3  2  0 -4  2  1 -2  4 -2 -1  0 -2 -1 -3  0  0 -4  0 -1    4  20   9   4   0   8   8   2  12   2   5   4   0   2   0   5   4   0   3   6  0.32 0.24
  239 Q   -3 -1  0 -1 -1  5  0 -4  3  0  0  0  0 -4  1  0 -1  0 -2 -2    0   1   4   3   1  32   3   0   8   5   9   6   3   0   7   8   3   2   1   3  0.50 0.38
  240 T    0  0  0 -1  2  3  0 -1 -2 -2 -1  0  0 -2 -3  2  1 -4 -1 -1    6   6   3   4   5  14   4   5   0   1   5   5   3   1   0  21  11   0   2   5  0.24 0.24
  241 G    0  0  0  0 -1  1 -1  2 -1 -1 -3  1 -2  0  0  1  0 -3  0 -1    6   5   4   5   1   7   3  20   1   3   1   8   0   4   5  13   5   0   3   5  0.17 0.15
  242 T    0  0  0  0 -3  0  0 -2  0  1  0  1  1 -2  0  0  2 -4 -3  1    8   5   3   4   0   4   4   2   3   7   9   9   4   0   5   6  15   0   0  11  0.11 0.11
  243 L   -3 -4 -4 -4 -4  0 -2 -2  0  3  3 -4  4 -1  1 -2 -1 -4 -3  0    0   0   0   0   0   4   3   3   2  19  32   0  13   2   7   3   3   0   0   6  0.54 0.33
  244 A    2  0  0 -1 -3  1  1 -1  0 -1 -2  0  0 -3  0  1  1  1 -1 -1   20   5   4   3   0   8  12   4   2   3   3   4   2   0   4  10   8   2   3   4  0.18 0.16
  245 N    1  0  2  1 -3  1  1  1  2 -1 -2  0  0 -3  1  1  0 -4 -1 -1   10   4  10   7   0   6   9   9   5   3   2   4   2   0   6   9   5   0   2   5  0.16 0.12
  246 L    0 -3 -1 -4  1  0 -1 -4 -3  2  3 -3  2 -2  0 -3  0 -3  0  1    6   0   4   0   3   4   3   0   0  12  39   0   5   0   4   0   4   0   3  11  0.37 0.26
  247 K    0  0  1  0 -4  3  2 -1  0 -3 -1  2 -2 -4  1  0 -1 -4 -3 -1    6   4   8   5   0  15  13   4   3   0   5  13   0   0   7   6   3   0   0   5  0.28 0.19
  248 H    0  0  1  0 -3  1  0  0  2 -2 -1  0  1 -2  1  0  0  3  1 -1    6   6   6   6   0   6   6   6   6   0   6   6   6   0   6   6   6   6   6   6  0.11 0.13
  249 N   -2  0  3  2 -4  3  0 -1  0 -1 -2  1 -3 -1 -1  0 -1 -4  0 -1    2   6  17  10   0  15   5   5   2   4   2   7   0   3   2   8   2   0   4   5  0.26 0.24
  250 L   -4 -5  0 -3  1 -2 -2 -6 -4  1  4 -4  3  0 -2 -2 -1 -4  0  1    0   0   4   1   3   2   3   0   0   8  45   0   7   4   2   3   4   0   4   9  0.61 0.40
  251 H   -1  1  2  2 -1  2  1 -1  2 -3 -2  0  1 -1  0  0  1 -4 -1 -1    4   6   9  13   2  12   7   4   6   0   4   4   4   2   4   6   8   0   2   4  0.20 0.19
  252 A    2  0  1 -1 -1  0  0  0 -2 -1 -2  1  0 -4  1  0  1 -4 -4 -1   26   6   6   3   1   4   5   8   0   3   2   8   3   0   5   7   9   0   0   3  0.22 0.21
  253 L    1 -1 -3 -3  0  0 -1 -3 -3  1  2 -1  1 -1 -1  0  0 -3 -1  1   11   3   0   0   2   5   4   0   0  10  24   3   3   2   3   8   6   0   2  13  0.18 0.18
  254 S    0  0  0 -1 -3  1  0  0  1 -1 -2  0  1 -1 -3  2  1 -4  0 -1    8   6   5   3   0   8   7   6   3   4   3   4   4   3   0  21  10   0   3   3  0.18 0.20
  255 S    0  0  2  1 -3  0  0 -1  1 -1 -1  0 -2 -1  0  1  1 -3  0  0    7   6  10  10   0   3   4   4   3   4   5   4   0   3   4  12  10   0   3   7  0.11 0.11
  256 N   -1  0  5  1 -4  0  0 -1  1 -1 -1  0  0 -1  0 -1  1 -5 -3 -1    6   4  31   6   0   4   5   3   3   3   5   4   3   3   4   3   8   0   0   3  0.36 0.31
  257 S    1  0  1 -2 -1 -1 -1 -1  0  0  0 -1  0 -1 -1  2  1 -4 -3  1   10   4   6   1   2   2   4   5   3   6   8   2   3   3   3  21   7   0   0  10  0.13 0.17
  258 S    0  0  0  0 -1  0  1 -2 -3 -2 -2  1 -3 -1 -2  3  1  0 -4  0    7   5   4   6   2   4   9   2   0   2   4   7   0   3   1  30   7   2   0   6  0.32 0.31
  259 S    1  0  1 -2 -3  1  1 -1 -1  0  0  1 -2 -3  0  2  0  0 -1  0   11   5   7   1   0   5   7   4   1   5   9   8   0   0   3  18   5   2   2   7  0.14 0.17
  260 L   -2 -2  0 -3 -1 -4 -3 -5 -2  1  4 -2  1  0 -1 -1  0 -4  0  1    3   2   4   1   1   0   2   0   1   7  44   3   4   4   3   4   5   0   4   8  0.48 0.35
  261 Q   -2  1 -1  0 -5  4  2 -3  3 -3 -1  0  1 -5 -2  0  1  2 -2 -2    3   6   2   5   0  22  13   2   7   1   7   6   3   0   2   5   9   3   1   3  0.40 0.35
  262 Q    0  2  0  1 -5  3  1 -3  0 -2 -2  2  1 -2 -2  0  1 -5 -4  0    6  10   4   9   0  17   7   1   2   2   4  11   4   2   1   8   7   0   0   6  0.31 0.29
  263 Q   -1  0  0  1 -5  4  1 -3  1 -1  0  1  2 -2 -4  1 -1  1 -1 -2    5   5   4   8   0  21  10   2   4   3   9   7   5   1   0   9   2   2   2   3  0.31 0.30
  264 Q   -1  1  1  1 -5  4 -1 -3  2  0 -1  2 -1 -5  0  0 -1 -5 -1 -1    5   6   6   7   0  25   1   1   5   6   5  11   1   0   4   6   4   0   2   5  0.40 0.36
  265 Q   -1  1  1  0  0  2  1  0  2  0 -1  0 -2 -1 -1  0  0  1 -1 -1    5   6   6   6   2  13   8   7   6   5   7   6   0   2   3   5   4   2   2   3  0.12 0.14
  266 Q   -1  1  2  0  1  3  2  0  0 -2 -2  2  0 -4 -4  1 -1 -5 -1 -2    4   6  10   5   3  13  13   6   2   2   4  12   2   0   0   9   4   0   2   3  0.27 0.24
  267 L   -1 -1 -1 -2  3  0 -2 -3  0  1  3 -1  2 -1  0 -1 -1  1  0  0    5   3   3   3   6   4   2   2   2   7  28   4   7   2   4   3   4   2   4   6  0.20 0.19
  268 T   -1  0  0  0  1  0  1  0  0 -1 -1  0  2 -4  2  0  2 -5 -4 -1    5   5   5   4   3   4   9   6   3   4   6   6   7   0   9   4  16   0   0   5  0.16 0.18
  269 E   -1  0  1  2  1  1  3 -2  1 -1 -2  0 -3 -1  0  0  0 -4  0 -1    4   6   6  10   3   7  22   3   3   3   3   5   0   3   4   5   4   0   3   4  0.23 0.20
  270 F   -1 -1  1 -1 -1  0 -1 -2  1  0  1 -1  1  2 -3  0  1  1  1  0    4   4   6   3   2   3   4   3   3   5  17   3   3  11   0   7  11   2   6   5  0.11 0.13
  271 V   -1 -2  0 -3 -1  1 -2 -3 -3  2  1  0 -1  0 -1 -1  0  1 -1  3    3   2   5   1   1   6   2   2   0  10  16   5   1   4   2   5   6   2   2  24  0.23 0.22
  272 Q    0  1  1  1 -5  4  0 -2  2 -3 -3  1 -4 -5  0  0  0  1 -2 -2    7   7   7   6   0  23   5   3   6   1   2   8   0   0   4   5   7   2   2   3  0.40 0.35
  273 R   -1  3  1  0 -4  1  1 -2  1 -1 -2  2  1 -4  0  1  0 -5 -1 -2    5  15   6   4   0   6   8   3   4   3   4  14   4   0   5   9   5   0   2   3  0.24 0.22
  274 L   -1 -2 -2 -2  0 -1 -2 -1 -1  2  3 -3  1  0  0 -1 -1 -4 -1  0    5   3   1   2   2   3   2   4   1  10  38   1   2   4   4   5   3   0   2   5  0.33 0.27
  275 V    0 -1 -1 -2 -1  0 -1 -2  0  2  1  0  1 -1  1 -1  1  1 -3  2    7   3   2   1   1   4   3   3   2  12  11   6   4   2   8   5   8   2   0  15  0.13 0.14
  276 R   -1  3  1  0 -1  2 -1 -1  0 -2 -2  2 -1 -2 -1  1  1 -5 -1 -2    5  18   7   5   1   9   4   5   3   3   4  11   1   2   3   9   8   0   2   2  0.25 0.23
  277 I   -1 -1 -1 -2 -1 -1  0 -1 -1  2  1 -1  3  1 -1 -1  0  0 -1  1    4   3   3   2   2   2   7   4   2  16  16   3   9   5   3   5   4   1   2   8  0.15 0.16
  278 V    0 -1 -1 -2  1 -1 -1 -2 -3  2  1 -1  0 -1  1 -1  0 -4 -1  2    6   3   4   2   4   2   3   2   0  10  17   3   2   2   7   5   4   0   2  20  0.17 0.17
  279 A    1 -1  0 -1  1  0  0 -1  0 -1 -2  0  0 -4  1  2  2 -5 -4  0   15   3   5   3   3   3   6   3   2   3   4   6   3   0   7  17  11   0   0   7  0.21 0.22
  280 Q   -1  0  1  0  0  3  1 -2  2 -2 -1  0  0 -4 -1  0  1  1 -1 -1    6   5   5   6   2  18  10   3   5   2   5   6   2   0   3   6   8   2   2   5  0.21 0.22
  281 D    0  0  0  0  1  0  0 -1  1  0 -1  0  1  0  0  0  0 -3  1  0    5   5   5   5   5   5   5   5   5   5   5   5   5   5   5   5   5   0   5   5  0.03 0.05
  282 Q   -1  0  1 -1  0  3  1 -1 -1 -1 -1  1  0  0 -1  1  0 -2 -3 -1    4   5   5   3   2  15   8   5   1   3   7  11   2   5   2  10   5   1   0   5  0.14 0.15
  283 H   -1  0  1 -1 -2  2  0 -1  5 -1 -1  0 -2 -1  0  0  1 -2 -1 -2    6   6   7   3   1  10   6   4  16   3   5   6   1   2   4   8   9   1   1   3  0.25 0.21
  284 P    0  0 -2 -2 -2  0 -1 -2 -2 -2 -1 -1 -1 -1  5  1  1 -5 -3 -3    7   5   2   2   1   4   4   3   1   3   6   3   2   2  37   9   8   0   1   1  0.71 0.42
  285 V    1 -1 -1 -2 -1  0 -1 -2 -3  2  0 -2  0  0  0  0  1 -4 -2  3   10   2   3   2   1   4   3   3   0  11   9   2   2   4   5   5  10   0   1  23  0.17 0.17
  286 S    1 -2  1 -1 -1  0  1  0  0 -2 -1 -1 -1 -1  0  2  2 -5 -2 -2   14   2   7   3   1   4  11   7   2   2   6   2   1   2   4  18  13   0   1   2  0.22 0.22
  287 L    0 -2 -1 -1  0 -2 -2 -1 -1  1  2 -1  1  1  1 -1  0  0 -1  1    8   1   3   4   3   1   1   4   2   8  25   3   4   7   6   3   6   1   2   9  0.13 0.13
  288 K   -1  2  0 -1 -3  1  1 -1 -1 -2 -2  3 -1 -3  1 -1  0 -5 -1 -1    4  13   4   3   1   7   8   5   1   2   4  24   2   1   7   4   5   0   3   4  0.32 0.25
  289 T   -1 -1  1  0 -1 -1  0 -1  0 -1 -1  1 -2  1 -1  1  2 -2  0  0    5   3   6   4   2   2   6   5   3   4   5   9   1   7   3  11  18   0   3   5  0.13 0.15
  290 P    0 -2 -1 -1 -2 -1  0  0 -3  0 -2 -3 -1 -3  6  0 -1 -7 -6 -2    6   2   3   3   1   3   6   7   1   5   4   1   2   1  42   7   4   0   0   3  0.86 0.51
  291 K   -2  2 -1 -1 -2  1  1 -1  1 -2 -2  3 -2  1  0  0 -1 -4  0 -1    3  11   2   4   1   7   9   5   4   2   3  20   1   6   4   6   4   0   4   4  0.25 0.22
  292 P   -2 -1 -1 -2 -2  1 -2 -1 -3 -3 -3  0 -3 -5  6  0 -1 -6 -4 -4    3   3   2   3   1   5   3   4   0   2   3   5   1   1  51   6   5   0   1   1  1.21 0.65
  293 V   -1 -2 -1 -2  0 -1 -2 -2 -1  2  1 -2  1  2  0 -1  0 -3  1  2    4   2   2   3   2   3   2   3   1  12  12   3   4   9   6   3   6   0   6  16  0.15 0.12
  294 F    0 -3 -3 -4 -2 -3 -2 -1 -1  0 -1 -2  0  4  4 -2 -2  3  3 -2    7   2   1   1   1   1   2   6   1   6   4   2   2  18  24   3   3   4  11   2  0.65 0.34
  295 Q   -2  4 -1 -2 -2  3  0 -3 -1 -3 -3  3 -1 -5 -4 -1  0 -3 -3 -4    4  28   3   2   1  13   6   2   2   1   2  19   2   0   1   5   7   0   1   1  0.72 0.45
  296 D   -3 -7  2  7 -9 -3 -3 -4 -3 -9 -6 -5 -9 -6 -4  1 -5-10 -9 -9    2   0   8  70   0   1   2   1   1   0   1   1   0   0   1  12   0   0   0   0  2.19 1.06
  297 C   -4 -5-11-11 11-10-12-11-11 -9 -6-11 -9-10 -6 -5 -9-10 -3 -6    1   1   0   0  94   0   0   0   0   0   1   0   0   0   1   1   0   0   1   1  4.69 1.77
  298 A    3 -2 -2  0 -6  1 -1 -1  1 -4 -3  1 -1 -2 -4  3 -1 -2  0 -2   26   2   2   4   0   7   4   4   3   1   3   8   2   2   0  22   3   1   3   3  0.45 0.39
  299 E   -1 -3 -3  5 -8  3  4 -3 -2 -6 -6 -2 -1 -8 -7  0 -4 -8 -4 -6    5   1   1  32   0  14  30   2   1   0   1   2   2   0   0   6   1   0   1   0  1.27 0.76
  300 I    0 -5 -5 -6  0 -3  0 -6 -1  4  2 -4 -1 -1 -4 -3 -2  1  0  3    7   1   1   0   2   1   7   0   2  24  23   1   1   2   1   1   2   2   3  20  0.71 0.42
  301 K   -3  1 -1 -2 -4  2 -3 -5  1 -3  2  1  2  2 -2 -2 -1 -2  4 -3    2   7   2   2   0   8   2   1   4   1  22  10   4   7   2   3   3   0  17   2  0.49 0.36
  302 R   -1  2  0  1 -3  3  1 -2  0 -2  0  2  1 -4 -2  0  0 -2 -1 -3    5  12   5   7   0  12   7   3   3   2  11  10   3   0   1   6   6   1   2   2  0.22 0.21
  303 S    1  1  4  0 -2  1 -2 -1 -1 -4 -2  0 -2 -1 -4  3  0 -3 -1 -3   10   8  20   5   1   5   2   4   1   1   4   6   1   2   1  21   5   0   2   2  0.44 0.35
  304 G   -3 -2 -1 -3 -3 -5 -3  6  0 -3 -5 -3 -4 -5 -1 -2 -4 -2 -1 -5    2   2   3   2   1   1   2  69   2   2   1   2   1   1   3   3   1   1   2   1  1.61 0.81
  305 V    0 -1  0 -1  0  1  0 -2  3  0 -1  0  1  1  0 -1 -1 -2  1  1    7   3   4   2   2   6   8   3   8   7   5   4   4   5   5   4   3   0   6  11  0.09 0.11
  306 N   -1  2  3 -1 -3  0 -2 -1  1 -3 -3  1 -2 -2 -3  1  3 -2  0 -2    4  13  16   3   1   4   1   5   3   2   3  10   1   2   1   9  16   1   3   2  0.38 0.32
  307 T    0  1  0 -2 -1  1  1 -3 -1 -1 -1  1 -2 -2 -1  1  3 -5 -1 -1    7   8   4   2   1   6   8   2   1   4   8   9   1   2   3  10  17   0   2   5  0.18 0.19
  308 S   -3 -3  2  1 -3 -5 -3 -3 -3 -4 -5 -6 -3 -4 -4  6  1 -8 -4 -7    2   1   9   8   1   0   1   2   0   1   1   0   1   1   1  63   7   0   1   0  1.54 0.91
  309 G   -3 -1 -2 -1 -8 -7 -3  7 -2 -5 -8 -2 -8 -8 -8 -3 -3 -2 -4 -5    2   3   2   3   0   0   2  78   1   1   0   2   0   0   0   2   2   1   1   1  2.06 1.00
  310 V   -4 -4 -7 -4 -2 -4 -1 -4 -2  4  0 -2  0 -2 -3 -5 -1  2 -3  5    1   1   0   1   1   1   5   1   1  20   8   3   2   2   1   1   3   3   1  44  1.02 0.59
  311 Y   -4 -3 -4 -5 -8 -3 -8 -5  2 -4 -5 -5 -4  1 -5 -4 -2  0  9 -2    1   2   1   1   0   1   0   1   5   1   1   1   1   5   1   2   2   1  71   3  2.61 1.23
  312 T   -2  1  0 -2 -6 -1  0 -3 -1  0  0  1  1 -3 -1  1  4 -2  0 -1    2   8   4   2   0   2   6   2   1   5   8   8   3   1   3   9  29   1   4   4  0.37 0.34
  313 I   -7 -3 -9 -9 -7 -8 -9 -9 -2  7  1 -8 -1 -2 -9 -5 -4 -8 -3  3    0   2   0   0   0   0   0   0   1  62  12   0   1   2   0   1   1   0   1  16  2.02 0.94
  314 Y   -3  1 -1 -3 -2  2 -3 -3  2 -1 -2  1  0  2 -1 -2  0  2  5 -2    2   8   3   1   1  11   2   2   5   3   4   7   2   9   3   2   5   3  23   3  0.56 0.36
  315 E   -4 -2  0  0 -7  0 -1 -3 -2  0  0 -1 -1 -3  6 -3 -3 -7 -4  0    1   2   5   6   0   5   4   2   1   6   8   4   2   1  41   2   2   0   1   7  0.89 0.59
  316 T    0  1  0  2  0 -1 -1  1 -1 -1 -1 -1 -2 -2  2  1  0 -1 -2 -2    7   6   5  11   2   3   4  13   1   4   5   3   1   2  11   9   7   1   2   3  0.16 0.15
  317 N   -2 -1  4  2 -2 -1 -1  3  0 -4 -3 -1 -1 -2  1 -1 -2 -1 -1 -3    2   3  19  14   1   2   5  20   2   1   3   4   2   2   7   5   2   1   3   2  0.47 0.36
  318 M    0  0  0 -1 -1  0  0  1  0 -1  0  0  1  0  0  0  0  0  0 -1    7   6   3   4   2   3   4  10   2   3  11   6   4   5   4   9   7   1   4   4  0.03 0.03
  319 T   -1 -1  2  0  0  0  0  1  0 -1 -2 -1 -1 -2  0  2  2 -1 -1 -1    4   3  10   5   2   3   7  11   2   3   4   3   1   1   5  16  14   1   2   4  0.19 0.20
  320 K    0  2  0  0 -1  2  1 -1  1 -2 -2  2  0 -1 -1  1  0 -4  0 -2    6  10   5   6   2  11   9   5   3   2   2  12   2   3   3   9   5   0   3   3  0.18 0.18
  321 P    0 -1 -1 -1  0 -1 -1  0  0 -2 -2 -1  0 -1  5  0 -1 -5 -1 -1    9   3   3   3   2   3   3   8   2   2   3   4   2   2  34   7   4   0   2   4  0.60 0.40
  322 L   -1 -1 -4 -1 -4 -1 -4 -2  1  1  1 -1  2  4 -4 -1 -1  2  0  1    5   3   0   3   0   3   0   3   3   9  13   4   5  21   0   3   4   3   3  12  0.32 0.25
  323 K    0  0  0  0 -3  1  0 -1  1  0 -1  0  1  0  0  0  0  3  1  0    5   5   5   5   0   5   5   5   5   5   5   5   5   5   5   5   5   5   5   5  0.07 0.08
  324 V    0  0 -2  0  2 -2 -2  0 -2  1  0 -2  2  1 -3 -1  0 -2  1  0    8   8   0   8   8   0   0   8   0   8   8   0   8   8   0   1   8   0   8   8  0.07 0.10
  325 F   -1  0  0  0  2  0  0 -3  2  0 -1  0  1  0  0  0  0  3  1  0    5   5   5   5   5   5   5   0   5   5   5   5   5   5   5   5   5   5   5   5  0.09 0.11
  326 C   -6  0 -7 -8 10  0 -8 -8 -8 -6 -7 -7 -6 -7 -8 -6 -6  4 -7 -6    0   5   0   0  85   5   0   0   0   0   0   0   0   0   0   0   0   5   0   0  3.74 1.19
  327 D   -3 -2  1  6 -1  0  3 -3  0 -5 -3 -1 -1 -6 -5 -2 -2 -6 -1 -2    2   2   6  45   2   4  19   2   2   0   3   3   2   0   0   2   2   0   2   3  1.03 0.59
  328 M   -2 -1 -1 -1 -5  3 -2 -2  0  0  0 -4  7  0 -5 -1  0 -5 -4  0    3   3   3   3   0  15   3   3   3   4   7   0  36   3   0   4   5   0   0   5  0.86 0.59
  329 E   -1  0  0  2 -4  1  2 -1  0 -1 -1  0  0 -1 -3  1  0 -4  0 -1    4   5   5  14   0   8  17   4   2   3   5   6   2   2   0   9   6   0   3   4  0.21 0.18
  330 T    0  0  0  0  1  0  0 -1  1  0 -1  0  1  0  0  0  0 -3  1  0    5   5   5   5   5   5   5   5   5   5   5   5   5   5   5   5   5   0   5   5  0.03 0.05
  331 D   -1 -2  2  5 -5 -1  1 -1  0 -4 -2 -1 -1  2 -2  0 -2 -4 -2 -3    6   2   9  35   0   2   9   4   2   0   5   2   2  10   2   7   1   0   1   1  0.54 0.28
  332 G   -1 -3  1  0 -5  0 -1  5 -2 -4 -4 -2 -2 -2 -1 -2 -2 -5 -3 -3    4   1   7   4   0   5   5  59   1   1   2   2   1   2   3   1   1   0   1   2  1.00 0.39
  333 G   -1 -3  0 -2  0 -4 -3  6 -1 -4 -4 -3 -2 -5 -3 -1 -1 -1 -3 -3    3   1   4   2   2   0   1  71   2   1   1   1   1   0   1   3   3   1   1   1  1.30 0.44
  334 G    0 -1 -1 -2 -4 -2 -2  5  2 -3 -4 -2 -2 -1 -2 -1 -2 -4 -2 -3    5   4   2   2   0   1   2  62   5   1   1   2   1   2   2   3   2   0   1   2  0.94 0.29
  335 W   -3 -4 -4 -5 -4 -3 -4 -4 -3 -3 -2 -4 -3  1 -4 -2 -3 11  2 -3    1   1   1   1   0   1   1   1   0   1   4   1   0   4   1   4   1  75   4   1  2.70 0.47
  336 T   -1 -2 -1  0 -2 -1 -1 -3 -2  1  0 -2  1 -2 -2  0  5 -3 -3  0    2   1   2   5   0   2   2   1   0   9  10   1   4   0   1   3  54   0   0   3  0.52 0.21
  337 L   -1 -2 -3 -3 -2 -1 -2 -1  0  1  0 -1  1  0 -1 -2  0 -3  0  4    3   1   1   1   0   3   1   5   3   6   7   3   3   3   3   1   4   0   3  51  0.30 0.15
  338 I   -2 -3 -3 -3 -2 -2 -3 -3 -2  2  1 -2  2  4 -3 -2  0 -1  0  1    1   1   1   1   0   1   1   1   0  19  15   1   7  32   1   1   8   0   0   9  0.33 0.08
  339 Q   -1  0 -1 -1 -3  5  0 -2  2 -1  0  0  2 -2 -2  0  0 -2 -2  0    1   1   1   1   0  47   1   1   7   1   9   1   7   1   1   7   7   0   0   7  0.44 0.13
  340 H   -3  7  2 -2 -3 -1 -3 -5  2 -7 -5  1 -3 -6 -6 -3 -5 -7 -1 -4    2  67   9   3   1   2   1   1   5   0   1   5   1   0   0   1   0   0   2   1  1.71 0.66
  341 R   -6  8  0 -6 -9  1 -5 -7  1 -8 -7 -1 -6 -8 -7 -6 -6 -8 -7 -8    0  85   4   0   0   6   0   0   3   0   0   2   0   0   0   0   0   0   0   0  2.71 0.99
  342 E   -2 -1  0 -1 -4  3  0  1  2 -1 -1  2  2  0 -4 -1 -1 -1  0 -1    2   2   4   3   0  18   5  11   4   4   4  12   8   5   0   3   3   1   4   5  0.23 0.20
  343 D   -4 -2  3  6 -6 -1 -1 -2 -1 -4 -3 -2 -3 -6 -3  0 -1 -7 -3 -4    1   1  16  52   0   3   3   2   1   1   2   2   1   0   1   7   4   0   1   1  1.24 0.55
  344 G   -2 -3 -1 -3 -6 -3 -2  6  0 -3 -4 -3 -3  0 -2 -2  1 -6 -1 -3    2   1   2   1   0   1   2  63   2   1   2   1   1   5   2   2   8   0   2   2  1.23 0.53
  345 S    1 -1 -1 -1 -1 -1 -1 -1 -1 -3 -2  1 -2 -3 -2  4  1 -6 -3 -2   12   2   2   4   1   2   3   4   1   1   3  11   1   1   1  38   8   0   1   2  0.49 0.33
  346 V   -2 -5 -3 -2 -5  0  0 -4 -5  0  2 -3  0 -1 -3 -3  1 -5 -1  5    1   0   1   2   0   4   7   1   0   4  17   1   1   2   1   1   8   0   2  46  0.70 0.39
  347 N   -2 -2  4  4 -5 -1  2 -2  0 -3 -3 -2 -4 -2 -2  1  2 -6 -1 -4    2   2  21  26   0   2  12   2   2   2   2   2   0   2   2   9  13   0   2   0  0.68 0.32
  348 F   -7 -8 -8 -9 -7 -8 -8 -8 -6 -5 -4 -8 -5  8 -8 -7 -6  5 -2  1    0   0   0   0   0   0   0   0   0   0   0   0   0  82   0   0   0   9   0   8  2.97 0.86
  349 Q    1 -2  3  0 -5  0  0 -3  1 -2 -2 -2 -1  4 -2  0 -1  1  3 -2   11   2  14   6   0   4   5   1   3   1   2   2   2  19   2   6   2   2  14   1  0.39 0.23
  350 R   -5  6  0 -4 -7  0  2 -2  0 -5 -2  1  0 -6 -5 -4 -1 -7 -5 -2    0  55   5   0   0   4  11   2   2   0   5   8   2   0   0   0   4   0   0   2  1.27 0.50
  351 T   -2  0  3  2 -2 -2 -1  1 -2 -5 -3  0 -4 -3  0  2  2 -6 -2 -3    2   5  19  12   1   1   2  12   1   0   2   5   0   1   5  17  13   0   2   1  0.46 0.27
  352 W   -8 -9 -9-10 -8 -8 -9 -9 -8 -3 -4 -9 -1 -2-10 -8 -1 12 -1 -8    0   0   0   0   0   0   0   0   0   2   1   0   1   2   0   0   4  88   2   0  4.59 1.25
  353 E    1  0  2  2 -2  3  1 -2  1 -3 -3  2 -2 -3 -4  1  0 -1 -3 -2   11   5   9  10   1  14   9   1   3   1   2  12   1   1   0  11   5   1   1   3  0.33 0.21
  354 E   -1 -2  0  4 -6  1  5 -3  0 -3 -4 -1 -1 -2 -2 -1 -1 -6 -2 -3    6   1   5  22   0   6  37   2   2   1   1   2   2   1   1   4   3   0   2   1  0.77 0.38
  355 Y   -7 -7 -7 -8 -8 -7 -8 -9 -3 -6 -6 -7 -6  2  1 -6  1 -3  9 -7    0   0   0   0   0   0   0   0   0   0   0   0   0   6   6   0   8   0  80   0  3.00 0.97
  356 K    0  3 -1 -4 -6  1  0 -2 -4 -2 -3  6  0 -6 -5 -1 -1 -7 -6 -2    6  13   2   0   0   5   4   2   0   3   2  50   2   0   0   3   3   0   0   3  1.02 0.47
  357 E    1  1  2  0 -4  1  1 -2  1 -2 -2  2 -1 -1 -3  0  0  2  0 -2   11   6  13   6   0   4   8   2   4   2   3  16   2   2   0   5   5   3   3   3  0.23 0.16
  358 G   -5 -5 -6 -7 -9 -7 -8  7 -8 -9 -9 -5 -4 -9 -8 -6 -5 -9 -9 -2    0   0   0   0   0   0   0  95   0   0   0   0   0   0   0   0   0   0   0   3  2.86 0.98
  359 F   -8 -9 -9-10 -8 -9 -9 -9 -7 -6 -4 -9 -6  9-10 -8 -8 -5 -3 -7    0   0   0   0   0   0   0   0   0   0   1   0   0  99   0   0   0   0   0   0  3.84 1.21
  360 G   -5 -5 -1 -5 -9 -7 -7  7 -8-10 -9 -7 -9 -9 -8 -4 -7 -9 -9 -9    0   1   3   0   0   0   0  95   0   0   0   0   0   0   0   1   0   0   0   0  2.90 0.98
  361 N   -4 -2  5  4 -7 -1  0 -3  0 -4 -4 -1 -6 -3 -5  1 -1 -8 -5 -4    1   2  35  27   0   3   5   2   2   1   2   4   0   1   0  11   4   0   0   1  1.08 0.51
  362 V   -1 -4 -5 -5 -3 -1 -4 -6 -4  2  4 -3  1 -1  3 -4 -2 -3 -2  1    5   1   0   0   0   2   0   0   0  11  41   2   3   2  16   0   2   0   1  10  0.78 0.38
  363 A    0  1  2  2 -5  0  0  0 -1 -3 -2 -1 -1 -3 -3  2  1 -3 -2 -3    7   7  10  15   0   3   6   6   2   2   4   3   2   1   1  20  11   0   1   1  0.33 0.23
  364 R   -2 -1  0  0 -6 -1 -1  5 -1 -6 -6  0 -4 -1 -6  0  0 -4 -3 -5    3   4   4   5   0   3   4  52   1   0   0   6   0   3   0   6   7   0   1   1  0.96 0.44
  365 E   -5 -6  0  1 -9 -3  7 -7 -5 -8 -8 -5  1 -9 -7 -4 -5 -9 -8 -8    1   0   4   6   0   0  84   0   0   0   0   0   3   0   0   1   0   0   0   0  2.51 0.97
  366 H   -7 -7 -4 -8 -3 -7 -8 -8  5 -4 -3 -8 -4  7 -8 -6 -7 -4  5 -3    0   0   1   0   1   0   0   0  12   1   2   0   0  59   0   0   0   0  22   2  2.48 0.86
  367 W   -9 -9-10-11 -2 -9-10-10 -8 -9 -8-10 -8  1-11-10 -9 12  0 -9    0   0   0   0   1   0   0   0   0   0   0   0   0   5   0   0   0  91   3   0  5.08 1.49
  368 L   -5 -7 -8 -9 -6 -5 -8 -9 -7  3  6 -7  1 -1 -8 -7 -6 -1 -4 -2    1   0   0   0   0   1   0   0   0  14  78   0   3   2   0   0   0   1   0   1  1.92 0.72
  369 G   -5 -8 -6 -7 -9 -7 -8  7 -8-10 -9 -7 -9 -9 -8 -2 -7 -9 -9 -9    0   0   0   0   0   0   0  97   0   0   0   0   0   0   0   3   0   0   0   0  3.00 1.01
  370 N   -6 -6  7 -5 -7 -5 -5 -2 -5 -5  4 -3 -1 -6 -7 -5 -3 -8 -7 -6    0   0  52   0   0   0   0   3   0   0  41   2   1   0   0   0   1   0   0   0  1.90 0.78
  371 E   -4 -2 -1  5 -8  1  5 -5 -2 -6 -7  1 -5 -7 -6 -2 -4 -8 -2 -6    1   2   2  32   0   6  42   0   1   0   0   8   0   0   0   3   0   0   1   0  1.43 0.62
  372 A    0  0  4 -2 -6 -1 -3 -4  3 -1 -3  3 -1  0 -3 -2 -2 -2  2 -1    7   5  25   1   0   1   1   1   7   3   3  23   1   4   1   1   2   0   8   5  0.61 0.36
  373 V   -5 -7 -8 -8 -6 -5 -8 -9 -8  6  4 -7  1 -3 -7 -7 -4 -7 -6  1    0   0   0   0   0   0   0   0   0  48  39   0   4   0   0   0   0   0   0   7  1.75 0.65
  374 H   -5 -4  0 -7 -4 -3 -5 -8  9 -8 -7 -6 -1  2 -8 -2 -6 -3  4 -6    1   1   4   0   0   1   0   0  66   0   0   0   2   9   0   3   0   0  12   0  2.78 0.97
  375 R    1  3  0 -2 -5  3  0 -4  1 -2  1  0  0 -1 -4 -1 -1  0  0 -1   12  16   5   2   0  15   4   1   4   1  15   5   2   3   0   4   2   1   3   5  0.27 0.21
  376 L   -6 -7 -8 -9 -6 -6 -8 -9  1  2  6 -7  3 -2 -8 -7 -6 -2 -5 -1    0   0   0   0   0   0   0   0   3  13  73   0   6   1   0   0   0   1   0   3  1.79 0.68
  377 T   -2 -7 -6 -7 -3 -6 -6 -5 -7 -5 -3 -6 -3 -7 -7  0  7 -9 -7 -2    3   0   0   0   0   0   0   1   0   1   2   0   1   0   0   6  84   0   0   3  2.48 1.15
  378 S    0  1  3 -3 -5  1 -2 -2  0 -4 -3  1 -2 -4 -4  3  2 -3 -1 -3    6   7  15   1   0   7   1   3   2   1   2  10   1   0   0  29  10   0   2   2  0.56 0.40
  379 R    0  1  0  0 -4  5  1 -2  0 -3 -2  0 -1 -4 -1  1  0 -2 -3 -3    7   6   5   6   0  27   8   3   2   1   4   4   2   1   2  13   5   1   1   2  0.46 0.34
  380 T    0  2  0  1 -2  0  0  3 -2 -4 -4  2 -3 -5 -1 -1  0 -2 -4 -4    7  11   3   8   1   4   6  29   1   1   2  11   0   0   4   3   7   1   0   1  0.46 0.30
  381 A   -1  1  1  1 -4  1  0 -1  0 -3 -2  1 -2 -3  2  1  1 -1 -3 -1    4   7   8   9   0   8   5   4   2   1   3  11   1   1  13  11   8   1   1   6  0.27 0.22
  382 Y   -4 -4  0 -6 -2  1 -4 -5  4 -2 -4 -4  2 -1 -4 -1 -1  3  7 -2    1   1   5   0   1   7   1   1  10   2   1   1   6   2   1   6   4   4  44   3  1.33 0.65
  383 L   -1 -1 -2 -1 -5  1  4 -2 -2  0 -2  0  1 -4 -5  1  0 -4 -4  0    3   3   1   3   0   5  35   3   1   5   4   5   4   1   0  13   7   0   0   7  0.51 0.37
  384 L   -5 -3 -8 -8 -6 -6 -7 -8 -7 -1  6 -7  3 -3 -7 -7 -6 -7 -6 -1    1   2   0   0   0   0   0   0   0   3  83   0   6   1   0   0   0   0   0   3  2.02 0.88
  385 R   -3  7 -3 -4 -4  0 -3 -6  1 -3  0  0 -1 -3 -6 -5 -5 -2  1 -4    2  63   1   1   0   4   1   1   3   1   9   4   2   1   0   0   0   1   6   1  1.61 0.77
  386 V   -4 -7 -7 -8 -6 -7 -7 -8 -7  5 -1 -7 -1  1 -2 -6 -4 -7 -5  5    1   0   0   0   0   0   0   0   0  39   4   0   1   6   2   0   1   0   0  45  1.69 0.75
  387 E   -5 -2 -3  6 -7  0  4 -5  0 -2 -2 -3 -4 -5 -2 -3 -1 -3 -2 -1    0   2   0  46   0   3  24   0   2   2   4   1   0   0   2   1   4   1   2   4  1.19 0.62
  388 L   -4 -6 -2 -7 -6 -6 -7 -8 -7  0  5 -6  5 -1 -5 -6 -4 -6 -5 -1    1   0   2   0   0   0   0   0   0   4  66   0  18   2   1   0   1   0   0   4  1.71 0.77
  389 H   -2  2 -3 -2 -6  2  5 -1 -1 -3 -4  1  1 -4 -5 -1  1  2 -3 -2    3  10   1   1   0   9  37   5   1   1   1   8   3   1   0   4   7   3   1   3  0.71 0.45
  390 D   -2 -3  0  7 -4 -2 -2 -4 -2 -5 -4 -1 -6 -6 -4 -2 -1 -7 -2 -5    4   2   4  69   0   2   1   1   1   1   2   4   0   0   1   3   4   0   1   1  1.76 0.79
  391 W   -2 -4 -2 -3 -2 -3 -4 -1 -1 -3 -3 -2 -3  6 -5 -4 -2  8  2 -3    3   1   2   2   1   1   1   5   2   2   2   2   1  35   0   1   3  29   5   2  1.63 0.67
  392 E   -1 -2  2  4 -6  0  3 -1  0 -4 -4  0 -3 -2 -3  1  0 -6 -2 -4    5   1  11  21   0   4  24   4   2   1   1   6   1   2   1  11   5   0   1   1  0.61 0.38
  393 G   -3 -4  3  1 -7 -4 -1  6 -3 -6 -5 -2 -4 -4 -6 -2 -4 -2 -4 -6    2   1  12   7   0   1   4  64   1   1   1   2   0   1   0   2   1   1   1   0  1.53 0.69
  394 R   -2  1  4  1 -6  1  2  0  1 -2 -4  0 -3 -4 -4  0  0 -6 -2 -1    2   6  24   6   0   7  14   8   3   2   1   6   1   0   1   8   6   0   1   4  0.49 0.34
  395 Q    0  1 -2 -2 -3  0  0 -2  3 -2 -3  2  0 -2 -3  1  2  1  1 -1    6   7   1   2   0   3   6   3   7   2   2  16   2   1   1  11  17   2   6   5  0.31 0.27
  396 T    3  3 -3 -4 -3 -1 -1 -1  1 -2 -2  1 -2 -1 -4 -1  0 -1  2  1   25  16   1   0   0   2   5   5   4   1   3   9   1   2   0   3   6   1   8   9  0.35 0.29
  397 S    0 -4 -4 -4 -2 -2 -4 -4  3 -2 -4 -6 -5  4 -7  0 -2  2  7 -1    9   1   1   1   1   2   1   1   8   2   1   0   0  20   0   7   2   3  37   4  1.29 0.64
  398 I    6 -6 -6 -6 -5 -3 -3 -4 -6  0 -2 -3 -2 -1 -5 -2 -2 -7 -1  0   70   0   0   0   0   1   1   1   0   4   5   1   1   3   0   3   2   0   2   7  1.43 0.74
  399 Q    0  2  0 -1 -4  3  3 -3  2 -2 -1  2 -1 -3 -4 -1  0 -5 -1 -2    6   9   3   3   0  12  18   1   6   2   5  16   1   1   0   3   6   0   2   3  0.39 0.28
  400 Y   -6 -8 -8 -9 -3 -7 -3 -9 -2 -7 -5 -8 -7  1 -9 -7 -7 -1  9 -3    1   0   0   0   1   0   2   0   1   0   1   0   0   5   0   0   0   1  87   2  3.42 1.32
  401 E   -1  0  1  4 -5  1  1 -1  0 -4 -4  0 -3 -5 -1  3 -1 -6 -1 -3    5   4   5  27   0   5   8   4   2   1   1   5   1   0   3  22   4   0   3   1  0.57 0.37
  402 N    0  1  3  0 -4  0  0 -1  2 -2 -3  0 -2  0 -3  2  2 -3 -1 -2    5   6  14   6   0   4   6   4   6   2   2   6   0   4   1  15  13   0   2   3  0.27 0.22
  403 F   -4 -9 -9-10 -8 -9 -9 -9 -7 -2 -3 -9 -1  9 -9 -8 -7 -5  0 -1    1   0   0   0   0   0   0   0   0   2   1   0   1  87   0   0   0   0   2   5  3.18 1.22
  404 Q    0  3  1 -4 -5  2  0 -3  2 -3 -2  2 -1 -2 -4  2  0  1  0 -2    8  14   5   0   0   8   6   1   5   1   3  13   1   1   0  19   4   2   3   3  0.38 0.30
  405 L   -5 -7 -7 -5 -6 -7 -7 -8 -7  5  2 -7  0 -3 -7 -6 -2 -7 -3  5    0   0   0   1   0   0   0   0   0  30  15   0   2   1   0   0   3   0   1  49  1.61 0.72
  406 G    2 -3 -2  2 -4 -3  1  5 -3 -6 -2 -3 -4 -4 -5  1 -3 -6 -5 -5   15   1   2  11   0   1   8  44   1   0   4   1   0   1   0   9   1   0   0   0  0.91 0.50
  407 S   -2 -3  3  3 -4 -4 -2  2 -2 -5 -5 -4 -6 -6  1  4 -1 -7 -3 -2    2   1  15  18   0   0   2  15   1   0   1   0   0   0   8  31   2   0   1   3  0.83 0.51
  408 E    0  0  0  0 -3  1  0  0  1  0 -1  0  1  0  1  0  0 -3  1  0    6   6   5   6   0   5   6   6   5   6   6   6   5   5   6   6   6   0   5   6  0.05 0.06
  409 R    1  2  0  0 -1 -1  1 -2  0 -2 -3  1 -1 -2 -2  2  1 -1  1 -2   12  10   3   6   1   2   8   3   2   3   2   9   1   2   1  18   9   1   5   2  0.21 0.19
  410 Q   -2  0  3  2 -2  2  3 -3  2 -3 -3 -1 -2 -3 -2  0  1 -6 -2 -3    3   6  14  12   1  10  18   2   4   1   3   3   1   1   2   6  11   0   1   1  0.43 0.31
  411 R   -1  2  0  0 -4  1  1  0  1 -1 -1  2  0  0 -3 -1 -1  2  2 -2    4  12   5   4   0   4  11   6   4   3   5  14   3   3   1   4   3   3  11   1  0.19 0.12
  412 Y   -4 -4  1 -5  3  1 -4 -5 -2 -4 -4  1 -4  3 -5 -4 -4 -2  7 -4    1   0   8   0   7   8   0   1   0   0   1   8   0  11   0   1   0   0  53   1  1.62 0.53
  413 S   -1  4 -1 -2 -1  0 -1 -3 -3 -1 -1  3  0 -2 -1  0  2 -5 -2 -2    5  22   2   2   1   3   2   1   0   3   6  19   2   1   3   5  17   0   1   3  0.41 0.24
  414 L    1 -3 -2 -3 -2 -2 -2 -3 -3  2  1 -2  3  2 -3  1  1 -3 -1  1   12   0   0   0   0   0   0   0   0  12  13   0  12  12   0  12  12   0   0  12  0.23 0.09
  415 S   -1  1  3 -1 -1  0 -1 -2  3 -2 -2  1  0 -1 -4  1  1  1  1 -2    5   7  15   2   2   4   2   2   9   2   4  11   3   3   0  10  11   2   4   3  0.25 0.20
  416 V   -1 -2 -2 -2  0 -1 -2  0 -1  2  1 -1  0  0 -4 -2 -1 -4  0  3    3   2   2   2   2   2   3   7   2  14  16   3   2   5   0   2   3   0   3  28  0.29 0.20
  417 N   -1 -1  0 -1 -1 -1 -1  3  1 -1  1  0 -1 -2 -2  2 -1 -5 -2 -2    4   3   4   3   1   2   4  28   3   4  13   5   1   2   1  15   3   0   1   2  0.29 0.22
  418 D   -1 -1  0  2 -5 -1 -1  4 -1 -3 -2  0 -2 -5 -2  1 -1 -1 -3 -3    5   3   5  11   0   3   5  40   1   1   4   5   1   0   2   9   3   1   1   2  0.58 0.36
  419 S   -2 -2 -3 -3 -2 -2 -4  0  0 -5 -3 -2 -1  2 -2  1 -1  3  7 -3    3   2   1   1   1   2   1   7   2   0   3   3   1   9   2  10   3   4  43   2  1.10 0.61
  420 S    0  0  0  0  2  1  0 -1  2  0 -1  0 -1  0  1  0  0 -3  1  0    6   6   6   6   6   6   6   6   6   6   6   6   0   6   6   6   6   0   6   6  0.05 0.06
  421 S    0 -2  0 -1 -6 -2 -2  4  1 -2 -3 -2 -1 -1 -1  1  0 -6  0 -2    6   2   4   3   0   2   3  38   3   3   3   2   1   3   3  11   5   0   3   3  0.52 0.37
  422 S   -1 -3  2  1  1 -2 -2  3  1 -3 -3 -1 -1 -2  0  1  2 -6 -2 -3    3   1   9   7   4   2   2  26   3   1   2   3   2   2   4  10  16   0   2   2  0.44 0.35
  423 A    3 -2  0  0  1 -2 -1  2 -1 -2 -3 -2  0 -1 -1  1  1  0 -1 -2   23   2   4   5   3   2   3  18   2   3   2   2   3   2   3   9   9   1   2   2  0.27 0.25
  424 G    2 -5  1 -1 -1 -2 -1  4 -5 -3 -2 -3 -1 -5  0 -1  0 -6 -2 -2   16   0   7   4   1   2   3  39   0   2   5   1   2   0   4   4   6   0   1   3  0.60 0.41
  425 R    1  0  0  3 -4  0  0  2 -1 -2 -1 -1  0 -1 -1 -1 -1  1 -1 -1   12   5   4  16   0   4   5  16   2   2   7   3   2   3   3   3   3   2   3   4  0.16 0.14
  426 K    1 -2  1  3 -1  0  0  2  0 -2 -3 -1 -4 -3 -2  2 -1 -1 -2 -3   10   2   7  21   1   4   6  14   2   3   2   2   0   1   2  14   3   1   1   1  0.38 0.29
  427 N    0 -3  2  4 -2 -2 -2  1 -1 -3 -1 -3  2  1 -3  3 -1  0 -3 -5    7   1  11  23   1   1   1   9   1   1   6   1   6   5   1  20   3   2   1   0  0.51 0.41
  428 S    0 -2  0 -3 -2 -2 -3 -1 -1 -2  1 -2  3  0 -4  4  1 -1 -3 -3    7   2   4   1   1   1   1   5   2   2  15   2   6   4   1  35   8   1   1   1  0.53 0.45
  429 L   -2  0 -2 -3 -2 -3 -4 -2 -1  1  3 -3  2  2 -3  0  0  2  2  1    2   6   2   1   1   1   1   3   1   6  26   1   6   9   1   8   6   3   7   8  0.34 0.26
  430 A    0 -1  1 -1 -3 -2 -1  0  3 -1 -3 -1 -2  0 -1  2  1 -2  3 -1    9   4   6   4   1   1   3   8  10   4   2   4   1   4   3  14   8   1  11   3  0.22 0.20
  431 P   -1 -2  1 -1 -2  0 -2 -2  7 -2 -2  0 -2 -1  1  0 -2  1  2 -2    6   2   6   4   1   3   2   3  32   3   5   5   1   2   8   6   2   2   7   2  0.78 0.43
  432 Q   -3  0  4  1 -7  2  1 -4  6 -4 -5  0 -2 -6 -1  0 -2 -1 -2 -5    2   4  24   8   0   8   9   1  19   1   1   6   1   0   3   8   2   1   1   1  0.85 0.51
  433 G   -3 -4  4  0 -7 -2 -4  6  1 -8 -8 -2 -7 -4 -7 -1 -5 -7 -2 -6    2   1  18   5   0   2   1  59   3   0   0   2   0   1   0   4   1   0   1   1  1.57 0.75
  434 T    0  1  2 -3 -2  2 -2 -4  0 -2  0  0  6 -3 -6  0  0 -2  0 -1    7   8   9   1   1   9   2   1   3   2   7   5  23   1   0   9   7   1   4   3  0.53 0.39
  435 K   -1  1  1  0  0  2 -1 -2  0 -4 -4  4  0 -4  3  0 -2 -4 -1 -3    6   8   7   4   2   8   3   4   2   1   1  26   3   1  14   7   2   0   2   2  0.49 0.36
  436 F   -9-10-10-10 -9-10-10-10 -8 -2 -3-10 -7  9-10 -9 -2  0 -4 -4    0   0   0   0   0   0   0   0   0   2   2   0   0  91   0   0   2   1   0   1  3.55 1.39
  437 S   -3 -4 -1 -2 -7 -4 -6 -4 -3 -4 -8 -6  0 -8 -7  6  3 -9 -4 -7    1   1   2   2   0   0   0   1   1   1   0   0   2   0   0  69  18   0   1   0  1.94 1.03
  438 T   -2 -8 -4 -8 -3 -7 -7 -3 -8 -7 -8 -7  0 -1 -8 -3  7-10 -8 -7    4   0   1   0   1   0   0   2   0   0   0   0   2   2   0   1  87   0   0   0  2.75 1.29
  439 K   -3  2 -3 -1 -6 -3 -4 -4  1 -1 -2  3 -1  3  1 -1 -2  2  4 -1    2  13   1   4   0   0   0   1   4   4   5  22   1  11   7   5   2   3  14   4  0.56 0.38
  440 D   -7 -4 -2  8 -9 -2 -1 -5 -7 -9 -9 -7 -8 -1 -8 -5 -2 -9 -8 -9    0   1   2  85   0   2   4   1   0   0   0   0   0   2   0   1   2   0   0   0  2.79 1.19
  441 M   -1  5  1 -2 -4  2 -1 -2  0 -4 -3  2 -1 -4 -6 -1 -2  2 -4 -1    6  37   6   2   0  10   4   3   3   1   2  10   2   1   0   5   2   2   1   5  0.78 0.48
  442 D   -6 -5  0  8 -9 -3 -3 -3 -7 -5 -7 -3 -8 -8 -6 -4 -5 -4 -1 -8    0   1   5  82   0   1   1   2   0   1   1   2   0   0   0   1   0   0   2   0  2.59 1.12
  443 N   -4 -2  7 -1 -8  0 -5 -5  5 -2 -5 -2 -7 -5 -1 -3 -1 -8 -3 -7    1   2  58   4   0   4   0   1  13   3   1   2   0   1   3   2   4   0   1   0  1.80 0.89
  444 D   -3 -5  0  7 -7 -3 -3 -5  0 -6 -6 -2 -5 -7 -2 -2 -4 -8 -5 -5    2   1   4  75   0   1   1   1   3   1   1   3   0   0   3   3   1   0   1   1  2.21 0.98
  445 N    0  1  3  0 -4  0 -1  0  2 -1 -2  1 -1 -3 -1  1 -1 -3 -3 -2    9   9  18   5   0   4   4   6   5   4   5   9   1   1   4   9   3   0   1   3  0.24 0.20
  446 C    1  1 -1  0  4 -2 -2 -2  1 -3 -1 -3 -2  0 -2  2 -1  5  2 -2   12   8   3   6   9   1   2   4   4   1   5   1   1   4   2  17   4   8   8   2  0.39 0.28
  447 M   -1  0  0  1  1 -1  0  0  1 -1  0  0  0 -1  1  1  0 -1 -1 -1    4   7   4   7   3   2   8   8   4   5   8   4   2   2   8  13   6   1   2   4  0.08 0.08
  448 C   -1 -1  0 -1  4 -1 -1  2 -1  0 -1 -1 -2  0 -3  1  1 -2  0 -1    5   4   4   4  11   2   5  16   1   5   5   3   1   4   1  11  11   1   3   4  0.20 0.16
  449 K   -3  1  6  0 -5 -2 -3 -4  3 -3 -6  1 -7 -1 -2  1 -3 -8 -4 -6    2   6  48   4   0   2   2   1   8   2   1   7   0   3   2  11   2   0   1   0  1.31 0.71
  450 C   -6 -5 -4-11 11-10 -7 -8  0 -3 -7-11 -9 -9-11 -5 -4 -3 -6 -8    0   1   1   0  90   0   0   0   3   2   0   0   0   0   0   1   1   1   0   0  4.36 1.58
  451 A    6 -5 -3 -5 -3 -7 -7 -1 -8 -7 -6 -7 -7 -8 -3  0 -2 -9 -8 -1   77   1   1   1   1   0   0   5   0   0   1   0   0   0   1   8   2   0   0   4  1.96 0.99
  452 Q    1  0 -1 -1 -5  2  3 -3  0 -1 -1  1  0 -2 -3  0 -1 -6 -3  1   11   6   3   2   0  12  17   1   2   4   7  10   3   1   1   6   3   0   1  10  0.28 0.25
  453 M   -1  0 -1  0  0 -1  0 -2  2  0  0 -1  2  0 -4  2  1 -1  3  0    5   5   2   4   2   2   5   2   4   5   9   3   5   3   0  16   7   1  10   5  0.15 0.16
  454 L   -4  0  0 -3  0 -1 -4 -3  3 -5  0 -1  0  3 -6 -1 -2  3  7 -4    1   5   4   2   2   3   1   2   7   0   8   3   2  10   0   4   3   4  37   1  1.05 0.56
  455 S   -1  0  0 -1  3  0  1  1  1 -1 -2  1  0 -1 -1  1  0 -4  0 -2    3   4   4   3   8   4  11  12   4   4   3  11   3   3   3  10   5   0   3   3  0.14 0.12
  456 G    0  0  1 -4  2  0 -4  5 -5 -6 -6 -4 -5 -6  1  1  0 -6 -6 -5    9   5   5   0   5   5   0  44   0   0   0   0   0   0   8  10   6   0   0   0  0.93 0.44
  457 G    3 -4 -3  0 -4 -3 -3  5 -4 -4 -5 -3 -4 -5  0  0  0 -5 -5 -1   27   0   0   5   0   0   0  49   0   0   0   0   0   0   5   5   5   0   0   5  0.94 0.38
  458 W   -5 -6 -6 -7 -6 -5 -6  2 -5 -5 -5 -6 -4  2 -7 -5 -6 10  2 -5    0   0   0   0   0   0   0  19   0   0   0   0   0   8   0   0   0  66   6   0  2.91 0.60
  459 W   -5 -6 -6 -7  4 -5 -6 -6 -5 -5 -4 -6 -4  1 -7 -6 -5 11  0 -5    0   0   0   0  10   0   0   0   0   0   0   0   0   7   0   0   0  83   0   0  3.59 0.57
  460 F   -3 -4 -5 -5 -4 -2 -5 -5  1 -1 -1 -4  1  6 -5 -4 -4  2  6 -2    2   0   0   0   0   2   0   0   4   2   2   0   4  42   0   0   0   2  39   2  1.45 0.34
  461 D   -1  0  4  2 -2  0  1 -1  1 -3 -3  2 -2 -2 -2  0 -1 -1  0 -3    2   5  23  14   1   1   8   5   3   1   1  16   1   1   1   8   3   1   4   1  0.40 0.17
  462 A    1  0  2  0  1  0  0  0  2 -2 -2  1 -1 -2 -1  1  0 -1  0 -1   16   4  15   5   3   3   4   8   5   2   3   7   2   1   2   9   3   1   3   3  0.15 0.09
  463 C   -3 -7 -2 -7 10 -6 -8 -3 -1 -5 -6 -7 -5 -6 -7 -2 -2 -7 -7 -5    2   0   2   0  89   0   0   2   2   0   0   0   0   0   0   2   2   0   0   0  3.46 0.81
  464 G   -2 -3 -2 -2 -1  0 -3  2  6 -3 -3 -3  0  2 -2  0  1  0  3 -4    2   1   1   2   2   4   1  18  26   1   2   1   2   9   2   7   8   1  11   1  0.72 0.34
  465 L    0  1  1  1 -2  0  0  0  2 -2  0  0 -1  0 -1  1 -1  1  2 -2    6   7   8   7   1   2   7   7   7   2  10   4   1   4   2  10   3   2   9   2  0.10 0.09
  466 S    3 -2  0 -5  2 -4 -4 -3 -2 -3 -4 -4 -5 -6 -3  4  1 -6 -3  0   31   2   4   0   4   0   0   1   1   1   1   0   0   0   1  38   7   0   1   8  0.93 0.46
  467 N   -4 -4  7 -1 -1 -5 -5 -3  1 -4 -4 -4 -3  1 -7 -2 -3 -3  0 -5    1   1  71   2   2   0   0   2   4   1   2   1   1   5   0   2   1   0   3   1  1.98 0.73
  468 L   -5 -6 -6 -7 -5 -5 -6 -7 -6  1  6 -6  0 -1  0 -4 -3 -1 -4 -2    0   0   0   0   0   0   0   0   0   6  80   0   1   2   6   1   1   1   0   1  1.59 0.56
  469 N   -4 -5  8 -3 -7 -2 -4 -5 -4 -7 -6 -4  1 -3 -6 -4 -1 -7 -6 -6    1   0  87   0   0   1   0   0   0   0   0   0   3   1   0   0   4   0   0   0  2.67 0.85
  470 G   -2 -6 -4 -5 -6 -3 -5  7 -6 -7 -7 -5 -6 -7 -2 -3 -3 -6 -7 -6    2   0   0   0   0   1   0  90   0   0   0   0   0   0   2   2   1   0   0   0  2.36 0.68
  471 I   -2  2 -1 -2 -1  1  0 -3 -1  1  1  2  0 -2  1 -2 -2 -2 -2  1    2  13   2   2   1   6   5   1   1   7  19  12   2   1   9   1   1   0   1  14  0.23 0.15
  472 Y   -5 -2 -3 -6 -6 -5 -4 -6 -1 -2 -4 -4 -5  1 -4 -4 -5  2  9 -5    1   2   1   0   0   0   1   1   1   3   1   1   0   5   1   1   0   3  77   0  2.55 0.74
  473 Y   -2 -1 -1 -2 -4 -2 -3 -1  2 -1  1  0  0  2 -2 -2 -2  1  5 -2    3   4   3   2   0   1   1   5   6   3  18   5   2   9   2   2   2   2  27   2  0.46 0.21
  474 S   -1  1  2  0 -3  0  0  1  0 -2 -2  1 -1 -2  1  1  1  1 -2 -2    5   7   9   5   0   3   6  11   2   2   4  10   1   1   7  13   8   3   1   2  0.18 0.10
  475 V    0  0  1  0  1  0 -1  1  0 -1 -1  0  0 -2  0  0  1 -2 -1  0    6   4   7   7   4   3   3  15   2   4   7   7   3   1   4   7   8   1   2   7  0.06 0.04
  476 H   -2  0  1  0 -3  0  0  3  3 -3 -3  0 -2 -2  0  0 -1 -2 -1 -2    3   5   5   6   0   5   6  28   9   1   3   7   1   1   5   5   3   1   3   3  0.37 0.19
  477 Q   -1  1  1  1 -4  2  0  0  1 -4 -4  1  0 -3  0  1  1 -1  0 -2    5   8   8  10   0  10   6   6   3   1   1   9   3   1   4  10   8   1   3   3  0.23 0.16
  478 H   -1  0  2  1 -4  0  0 -1  5 -2 -4  0 -4 -3  0  1  0 -3  3 -3    5   4  10   7   0   4   5   5  17   3   1   6   0   1   5   9   6   0   9   2  0.44 0.25
  479 L    0  0  0 -1  0 -1  0 -1 -1  0  0  0  1 -1  0  1  1 -1  0  0    5   6   4   4   3   2   5   6   1   5   9   6   4   3   4  11  11   1   4   7  0.04 0.04
  480 H   -1  0  1  0 -4  0  0  1  3 -3 -3  0 -2  0 -1  1  0 -1  2 -2    5   6   7   6   0   5   6  10   8   1   2   7   1   3   4  12   7   1   8   2  0.22 0.14
  481 K    0  2  0  0 -3  0  0  0  0 -1 -3  2 -2 -1 -2  1  0  0  1 -1    9  10   5   5   0   4   6   8   3   3   2  13   1   3   2   9   6   1   6   4  0.14 0.10
  482 I    1  0 -1 -1 -2  0 -1  0 -1  0  0 -1  0  0  0  0  0  3  1  0   14   7   2   4   1   3   3   6   1   5  11   4   3   4   4   5   4   5   6   8  0.07 0.05
  483 N   -2  0  3  4 -3  3 -1 -2  0 -4 -5  2 -2 -5 -2 -1  0 -5 -2 -4    3   4  16  20   1  14   4   4   3   1   1  12   1   0   2   5   6   0   1   1  0.64 0.32
  484 G   -3 -4 -4 -7 -3 -5 -5  7 -3 -6 -7 -5 -4 -7 -7 -1 -5  1 -2 -5    2   1   1   0   1   0   1  81   1   1   1   1   1   0   0   4   1   2   1   1  2.24 0.83
  485 I   -4 -6 -3 -6 -6 -3 -7 -6 -8  6 -1 -7  3 -4 -8 -7 -5 -7 -4  4    1   0   1   0   0   1   0   1   0  46   6   0   8   1   0   0   1   0   0  32  1.75 0.66
  486 R   -2  0  3 -2  0 -1  0 -4  1  1 -3 -1 -1  0 -5  0  1  2  3  2    3   6  17   2   2   2   5   1   3   8   2   3   1   4   0   6   8   3   9  14  0.32 0.22
  487 W  -11-11-12-13-11 -4-12-11-10 -6-10-12 -9 -7-12-11-11 12 -1 -6    0   0   0   0   0   1   0   0   0   1   0   0   0   0   0   0   0  95   2   1  5.50 1.70
  488 H   -1  0  1 -2 -4 -1  0 -2  3 -2 -2  1 -1  2 -3 -1 -2  0  5 -2    5   6   7   2   0   2   5   3   7   2   4   7   2   8   1   5   3   1  25   3  0.53 0.29
  489 Y   -1 -2 -1  0 -3 -1 -1 -2  4 -2 -4 -1 -2 -2  2  1  3  3  2 -4    6   2   3   6   1   2   3   4  12   2   2   3   1   2   9  12  19   4   8   0  0.47 0.30
  490 F   -5 -3 -7 -6 -8 -4 -8 -3 -4 -3 -3 -5 -3  5 -3 -4 -5 10  1 -2    1   2   0   1   0   1   0   3   0   2   3   1   1  23   2   2   1  52   4   3  2.74 0.98
  491 R   -3  4 -1 -3 -7 -1 -2 -1  4 -6 -4  5 -4 -7 -4 -3  1  0 -4 -4    2  22   2   1   0   2   2   5  10   0   2  37   0   0   1   2   8   1   0   1  1.10 0.53
  492 G   -3 -2  2  0 -7 -2 -3  6 -3 -5 -4 -2 -3 -4 -3 -2 -3 -3 -3 -6    2   2   9   5   0   2   2  62   1   1   2   3   1   1   2   3   2   0   1   1  1.39 0.58
  493 P   -1 -1  0  1 -5  0  0 -2  4 -3 -2  0 -1  1  2  1  0  3  3 -2    4   3   5   7   0   3   5   3  10   2   4   6   1   6  10   9   5   5  10   3  0.28 0.19
  494 S   -2  0  2  2 -4 -1  1 -1  2 -4 -3  0 -2 -1 -2  1  1  3  3 -2    3   5  10  10   0   3   9   5   6   1   3   5   1   3   2  12   7   5  10   2  0.29 0.21
  495 Y   -5  0 -4 -4 -4 -1 -1 -3  2 -2 -3 -3 -6  1 -5 -3 -4  0  8 -1    1   5   1   1   0   3   4   3   5   3   3   1   0   5   1   2   1   1  55   5  1.70 0.70
  496 S   -1 -5 -3 -7 -7 -3 -5 -1 -7 -8 -6 -6 -7 -2  1  6 -1 -9 -3 -5    5   0   1   0   0   1   1   6   0   0   1   0   0   2   6  72   4   0   1   1  1.83 0.88
  497 L   -4 -8 -9 -9 -7 -3 -5 -9 -4  2  5 -5  3  1 -9 -6 -7 -4  0 -2    2   0   0   0   0   1   1   0   0   9  68   1   6   6   0   0   0   0   4   3  1.67 0.70
  498 H   -2  2 -5 -2 -9 -1 -2 -6 -3 -8 -7  6 -1 -6  1 -2 -3 -9 -5 -5    4  12   0   2   0   3   2   0   1   0   0  61   1   0   7   3   2   0   0   1  1.67 0.77
  499 G    1  1 -2 -5 -4 -3 -2  0  0 -4 -4  1 -1  4 -5  2  1 -5  1 -2   10   8   2   0   0   1   3   7   2   0   1   9   2  20   0  17  10   0   5   3  0.51 0.33
  500 T    1 -7 -6 -5 -6 -6 -5 -7 -7  0 -6 -6  0 -5 -7  3  5 -8 -3  4   14   0   0   1   0   0   0   0   0   4   0   0   2   0   0  19  33   0   1  27  1.23 0.63
  501 R   -2  4 -4 -3 -4  2  4 -7 -1 -3 -4  1 -2 -7 -6 -1  1 -4 -5 -1    3  20   0   1   0  10  34   0   2   1   1   9   1   0   0   4   9   0   0   5  0.94 0.52
  502 M   -8 -9-10-11 -9 -7 -9-10 -9  1 -1 -9 10 -2-10 -9 -8 -8 -8 -3    0   0   0   0   0   0   0   0   0   7   6   0  83   2   0   0   0   0   0   1  3.76 1.35
  503 M   -5 -3 -7 -8 -9 -5 -5 -8 -7 -4 -2  6  8 -4 -4 -3 -4 -8 -8 -6    1   1   0   0   0   0   0   0   0   1   3  46  43   1   1   2   1   0   0   0  2.42 0.98
  504 L   -6 -8 -9 -9 -7 -8 -9-10 -9  7  1 -8  2  0 -9 -8 -3 -8 -6  2    0   0   0   0   0   0   0   0   0  65  13   0   5   4   0   0   1   0   0  12  2.07 0.77
  505 R   -4  8 -7 -8-10 -2 -6 -9 -3 -6 -6  1 -5 -9 -8 -7 -6 -9 -8 -6    1  86   0   0   0   2   0   0   0   0   1   8   0   0   0   0   0   0   0   0  2.95 1.10
  506 P   -3 -3 -8 -4-10 -6 -1 -9 -5 -9 -9 -6 -9-10  8 -3 -7-11-10 -9    2   1   0   1   0   0   3   0   0   0   0   0   0   0  89   2   0   0   0   0  3.22 1.18
  507 M   -2 -1 -5 -6 -4 -3 -5 -6 -2  3  2 -1  2  2 -5 -3  0 -5 -2  4    3   3   0   0   0   1   0   0   1  17  24   3   6   7   0   1   5   0   1  28  0.68 0.32
  508 G    1 -4 -3  0 -5 -2 -1  6 -4 -3 -5 -3 -5 -5  0 -1 -3 -6 -5 -5   13   0   0   5   0   2   3  70   0   2   0   0   0   0   4   2   0   0   0   0  1.31 0.33
  509 A    5 -3 -3 -3 -3 -2 -2  1 -3 -3 -3 -2 -3 -4  3  1 -1 -5 -4  0   64   0   0   0   0   0   0   8   0   0   0   0   0   0  14   9   0   0   0   5  0.87 0.23

                      K         Lambda
Standard Ungapped    0.1719     0.3429
Standard Gapped      0.1100     0.3190
PSI Ungapped         0.1719     0.3429
PSI Gapped           0.1100     0.3190
