
Last position-specific scoring matrix computed, weighted observed percentages rounded down, information per position, and relative weight of gapless real matches to pseudocounts
           A  R  N  D  C  Q  E  G  H  I  L  K  M  F  P  S  T  W  Y  V   A   R   N   D   C   Q   E   G   H   I   L   K   M   F   P   S   T   W   Y   V
    1 M   -1 -2 -3 -4 -2  0 -2 -4 -2  1  2 -2  6  0 -3 -2 -1 -2 -2  1    0   0   0   0   0   0   0   0   0   0   0   0 100   0   0   0   0   0   0   0  0.57 0.00
    2 V    0 -3 -4 -4 -1 -3 -3 -4 -4  3  1 -3  1 -1 -3 -2  0 -3 -2  4    0   0   0   0   0   0   0   0   0   0   0   0   0   0   0   0   0   0   0 100  0.52 0.00
    3 S    1 -1  0 -1 -2  0  0 -1 -1 -3 -3 -1 -2 -3 -1  5  1 -4 -2 -2    0   0   0   0   0   0   0   0   0   0   0   0   0   0   0 100   0   0   0   0  0.73 0.00
    4 W   -3 -4 -4 -6 -3 -3 -4 -4 -3 -3 -2 -4 -2  0 -5 -4 -4 11  2 -3    0   0   0   0   0   0   0   0   0   0   0   0   0   0   0   0   0 100   0   0  2.60 0.00
    5 G    0 -3 -1 -2 -4 -2 -3  6 -3 -5 -4 -2 -4 -4 -3 -1 -2 -4 -4 -4    0   0   0   0   0   0   0 100   0   0   0   0   0   0   0   0   0   0   0   0  1.33 0.00
    6 R   -2  6 -1 -2 -4  1 -1 -3  0 -3 -3  2 -2 -4 -2 -1 -1 -4 -3 -3    0 100   0   0   0   0   0   0   0   0   0   0   0   0   0   0   0   0   0   0  1.08 0.00
    7 F   -3 -4 -4 -4 -3 -4 -4 -4 -2 -1  0 -4  0  6 -4 -3 -2  0  3 -1    0   0   0   0   0   0   0   0   0   0   0   0   0 100   0   0   0   0   0   0  0.95 0.00
    8 I   -2 -3 -4 -4 -2 -3 -4 -5 -4  5  1 -3  1 -1 -4 -3 -1 -3 -2  3    0   0   0   0   0   0   0   0   0 100   0   0   0   0   0   0   0   0   0   0  0.55 0.00
    9 C   -1 -4 -3 -4  9 -4 -5 -4 -4 -2 -2 -4 -2 -3 -4 -2 -1 -3 -3 -1    0   0   0   0 100   0   0   0   0   0   0   0   0   0   0   0   0   0   0   0  1.29 0.00
   10 L   -2 -3 -4 -5 -2 -3 -4 -4 -3  1  4 -3  2  0 -3 -3 -2 -2 -2  1    0   0   0   0   0   0   0   0   0   0 100   0   0   0   0   0   0   0   0   0  0.65 0.00
   11 V    0 -3 -4 -4 -1 -3 -3 -4 -4  3  1 -3  1 -1 -3 -2  0 -3 -2  4    0   0   0   0   0   0   0   0   0   0   0   0   0   0   0   0   0   0   0 100  0.52 0.00
   12 L   -1 -3 -4 -4 -2 -3 -3 -4 -3  2  3 -3  1 -1 -3 -2 -1 -3 -2  3    0   0   0   0   0   0   0   0   0   0  40   0   0   0   0   0   0   0   0  60  0.45 0.00
   13 V    0 -3 -4 -4 -1 -3 -3 -4 -4  3  1 -3  1 -1 -3 -2  0 -3 -2  4    0   0   0   0   0   0   0   0   0   0   0   0   0   0   0   0   0   0   0 100  0.52 0.00
   14 T    0 -1  0 -1 -1 -1 -1 -2 -2 -1 -2 -1 -1 -2 -2  1  5 -4 -2  0    0   0   0   0   0   0   0   0   0   0   0   0   0   0   0   0 100   0   0   0  0.73 0.00
   15 M   -1 -2 -3 -4 -2  0 -2 -4 -2  1  2 -2  6  0 -3 -2 -1 -2 -2  1    0   0   0   0   0   0   0   0   0   0   0   0 100   0   0   0   0   0   0   0  0.57 0.00
   16 A    5 -2 -2 -2 -1 -1 -1  0 -2 -2 -2 -1 -1 -3 -1  1  0 -3 -2  0  100   0   0   0   0   0   0   0   0   0   0   0   0   0   0   0   0   0   0   0  0.61 0.00
   17 T    0 -2  0 -2 -2 -1 -1 -2 -2 -1 -2 -1 -1 -2 -2  1  5 -4 -2  0    0   0   0   0   0   0   0   0   0   0   0   0   0   0   0   0 100   0   0   0  0.81 0.03
   18 L   -1 -3 -4 -4  5 -3 -4 -4 -4  1  3 -3  1 -1 -3 -2 -1 -3 -2  2    0   0   0   0  24   0   0   0   0   0  50   0   0   0   0   0   0   0   0  26  0.45 0.01
   19 S    1 -1  0 -1 -2 -1 -1 -1 -2  0 -2 -1 -1 -2 -2  4  1 -4 -2  1    0   0   0   0   0   0   0   0   0   0   0   0   0   0   0  76   0   0   0  24  0.48 0.02
   20 L   -2 -2  3 -2 -2 -2 -3 -3 -2  1  3 -2  1 -1 -3 -2 -1 -3 -2  1    0   0  25   0   0   0   0   0   0   0  57   0   0   0   0   0   0   0   0  18  0.34 0.02
   21 A    4 -2 -1 -2 -1 -1 -1  0 -2 -2 -2 -1 -2 -3 -1  3  0 -4 -2 -1   69   0   0   0   0   0   0   0   0   0   0   0   0   0   0  31   0   0   0   0  0.57 0.02
   22 R   -2  4  4 -1 -4  1 -1 -2  5 -4 -3  1 -2 -3 -3 -1 -1 -4 -1 -3    0  44  31   0   0   0   0   0  25   0   0   0   0   0   0   0   0   0   0   0  0.71 0.03
   23 P   -1 -3 -2 -2 -4 -2 -2  2 -3 -4 -4 -2 -3 -4  7 -1 -2 -5 -4 -3    0   0   0   0   0   0   0  25   0   0   0   0   0   0  75   0   0   0   0   0  1.92 0.03
   24 S    0 -2  0 -2 -2 -1 -1 -2 -1 -2  0 -1 -1  0 -2  4  1 -2  3 -2    0   0   0   0   0   0   0   0   0   0  13   0   0   0   0  69   0   0  18   0  0.43 0.03
   25 F   -2 -4 -3 -4 -3 -3 -4  2 -2  1  0 -3 -1  5 -4 -2 -2 -1  1  0    0   0   0   0   0   0   0  25   0  21   0   0   0  54   0   0   0   0   0   0  0.51 0.04
   26 S    0 -1  2 -1 -2  1 -1  1 -1 -3 -3 -1 -2 -3 -2  4  1 -4 -3 -3    0   0  13   0   0   9   0   8   0   0   0   0   0   0   0  66   4   0   0   0  0.62 0.07
   27 L   -2  0 -4 -4 -2 -3 -4 -5 -3  4  2 -3  1  3 -4 -3 -2 -2 -1  1    0   7   0   0   0   0   0   0   0  50  27   0   0  16   0   0   0   0   0   0  0.45 0.06
   28 V    0  1  2 -1 -2  0 -1 -2 -2  1 -1  0 -1 -2 -2  1  2 -4 -2  2    3   8  19   0   0   2   0   0   0  14   0   3   0   0   0  15  16   0   0  20  0.22 0.04
   29 E   -1  0  0  0 -4  2  3 -2  6 -3 -2  0 -2  1 -2 -1 -1 -2  0 -3    1   1   1   1   0  13  29   1  38   1   1   1   0   8   1   1   1   0   0   1  0.61 0.06
   30 D   -1 -1  2  4 -3  0  0 -2  2 -3 -3 -1 -2 -3 -2  0  3 -4 -2 -2    1   1  11  37   0   4   1   1   9   1   1   1   0   0   1   1  31   0   0   1  0.55 0.07
   31 T   -2 -3 -2 -3 -3 -2 -3 -4 -1 -2 -2 -2 -1  4 -3 -1  4  0  5 -2    0   0   0   0   0   0   0   0   0   0   0   0   0  23   0   0  42   0  35   0  0.77 0.11
   32 T   -1 -1 -1 -2 -3  2  0 -3  1 -2 -2  2 -2 -3 -2  2  5 -4 -3 -2    0   0   0   0   0   9   4   0   3   0   4  17   0   0   0  11  52   0   0   0  0.59 0.13
   33 L   -2 -4 -5 -5 -2 -3 -4 -5 -4  1  4 -4  1 -1 -4 -3 -2 -3 -2  3    0   0   0   0   0   0   0   0   0   0  68   0   0   0   0   0   0   0   0  32  0.80 0.14
   34 E   -2 -1 -1  4 -4  2  4 -3  2 -1 -1 -1 -2 -3 -3 -1  0 -4 -3 -2    0   0   0  27   0  10  37   0   7   5   6   0   0   0   0   0   8   0   0   0  0.63 0.11
   35 P   -2 -4 -4 -5 -2 -3 -4 -5 -4  4  0 -4  0 -2  3 -3 -2 -4 -3  4    0   0   0   0   0   0   0   0   0  30   0   0   0   0  16   0   0   0   0  54  0.82 0.18
   36 E    0  0  1 -3 -3  0  0 -4  1  1  0  0  2 -3 -3  0 -1 -4 -3  3    4   4   7   0   0   5   5   0   4   5   6   6   6   0   0   7   0   0   0  40  0.28 0.15
   37 E   -1  0 -1  2 -3  3  2 -3 -1 -2  0  2 -1 -3 -2 -1  1 -4 -3 -2    0   0   0  17   0  17  17   0   0   0  17  17   0   0   0   0  17   0   0   0  0.35 0.07
   38 R   -4  7 -1 -4 -6 -2 -3 -5 -3 -6 -5  1 -4 -6  0 -1 -2 -6 -5 -5    0  84   2   0   0   0   0   0   0   0   0   3   0   0   4   4   2   0   0   0  1.93 0.53
   39 S   -1 -3 -3 -4 -3 -3 -3 -4 -3  2  2 -3  2  1 -1  3  0 -4  0  2    0   0   0   0   0   0   0   0   0  12  17   0   7   6   3  28   3   0   2  22  0.41 0.21
   40 P   -2  3  1 -4 -6 -3 -3 -5  1 -5 -2 -1 -4 -6  7 -3 -4 -6 -5 -5    3  20   8   0   0   0   0   0   4   0   4   2   0   0  59   1   0   0   0   0  1.71 0.45
   41 H   -2 -3 -2 -4 -6  0 -3 -5  9 -3 -2 -3 -4 -1 -5  1  0 -5  0 -5    2   0   0   0   0   4   0   0  66   2   5   0   0   2   0  13   5   0   1   0  1.79 0.53
   42 R    0  6 -3 -4 -6 -1 -1 -4 -3 -5 -5  4 -4 -6  0 -2 -3 -6 -5 -3    8  55   0   0   0   0   3   0   0   0   0  26   0   0   5   1   0   0   0   1  1.32 0.42
   43 P   -1 -5 -6 -5 -7 -5 -5 -6 -5 -7 -6 -4 -6 -7  8 -3 -5 -8 -7 -6    3   0   0   0   0   0   0   0   0   0   0   0   0   0  96   1   0   0   0   0  3.24 0.73
   44 I   -4 -1 -6 -7 -4 -5 -6 -7 -5  7  0 -5 -1 -2 -6 -5 -3 -5  0  2    0   3   0   0   0   0   0   0   0  79   3   0   0   1   0   0   0   0   4  11  1.61 0.50
   45 L   -3 -5 -5 -6 -4 -4 -5 -6 -1  4  4 -5  2  2 -5 -4 -3 -4  0  1    0   0   0   0   0   0   0   0   2  30  45   0   6   8   0   0   0   0   3   7  0.93 0.32
   46 Q   -1 -1  0 -1 -4  4  0 -4  0 -2 -3  2  1 -3 -3  1  2 -4  1  0    3   1   3   2   0  29   4   0   2   1   0  11   4   0   0   8  18   0   6   8  0.47 0.25
   47 A    2  0 -2  2 -4 -1  2 -1 -2 -2 -3  0 -3 -3  3 -1  1 -5 -4 -1   23   4   0  11   0   1  18   4   0   2   0   7   0   1  13   2  10   0   0   4  0.39 0.19
   48 G    1 -2  2  0  1 -1 -1  4 -2 -3 -2  0 -3 -3  0  0 -2 -3 -1 -3   16   1  11   5   4   2   4  35   0   1   3   5   0   0   5   3   1   0   3   1  0.42 0.16
   49 L   -2 -2 -2 -3 -2 -1 -2 -2  0  1  3 -1  1  2 -2 -2 -2  2  2  0    2   1   1   1   0   2   3   3   3   6  38   4   2   9   1   3   1   4   9   4  0.27 0.11
   50 P   -3 -4 -4 -4 -5 -4 -4 -5 -4 -1 -1 -4  1 -5  8 -3 -4 -6 -5 -4    1   0   0   0   0   0   0   1   0   4   7   0   5   0  80   0   0   0   0   0  2.38 0.57
   51 A    2  1  0 -2 -4  3  1  0  1 -2 -2  3 -2 -4 -3  0 -1 -4 -3 -2   26   8   3   0   0  14   6   6   4   2   3  20   0   0   0   3   3   0   0   2  0.39 0.20
   52 N   -5 -4  8 -2 -7 -3 -4 -4 -3 -7 -7 -3 -6 -7 -6 -1 -3 -7 -6 -7    0   0  97   0   0   0   0   0   0   0   0   0   0   0   0   3   0   0   0   0  2.80 0.78
   53 A   -1 -1 -2 -3 -4  5 -2 -4  0 -1  0  2 -1 -4 -1  0  3 -5 -4 -1    5   1   0   0   0  31   0   0   2   2  11  11   1   0   3   4  25   0   0   4  0.60 0.32
   54 S   -3 -4 -3 -4 -4 -4 -4 -5 -5 -4 -5 -4 -4 -5 -5  2  7 -7 -5 -3    0   0   0   0   0   0   0   0   0   0   0   0   0   0   0  12  88   0   0   0  2.09 0.68
   55 T    1 -5 -5 -5 -3 -4 -1 -5 -5  2  0 -4 -1 -3 -4 -2 -1 -5 -4  5   12   0   0   0   0   0   4   0   0   9   8   0   0   0   0   2   3   0   0  61  0.94 0.37
   56 V   -1  1 -2  0 -3 -2  0 -4  2  0  2 -1 -1  1 -2 -1 -1 -3  0  2    5   7   0   5   0   0   6   0   7   4  23   3   0   5   1   5   3   0   4  21  0.16 0.13
   57 V   -2 -4 -4 -5 -3 -4 -2 -5 -5  3  2 -2 -1 -2 -2 -2  0 -4 -2  4    2   0   0   0   0   0   3   0   0  17  19   2   0   0   2   2   6   0   2  45  0.70 0.29
   58 G   -3 -5  4 -3 -6 -4 -5  6 -4 -7 -6 -4 -2 -6 -5 -2 -4 -6 -6 -6    0   0  20   0   0   0   0  77   0   0   0   0   2   0   0   2   0   0   0   0  1.89 0.54
   59 G   -1 -3 -1  1  0 -1  3  2  1 -5 -5 -1 -4 -5 -3  3  1 -5 -4 -4    3   0   2   7   3   2  20  20   4   0   0   3   0   0   0  31   7   0   0   0  0.59 0.27
   60 D   -3 -1  5  4 -5  0 -1 -3 -3 -5 -5 -2 -4 -5 -4  1  4 -6 -5 -4    0   3  33  22   0   3   3   0   0   0   0   0   0   0   0   9  26   0   0   0  1.03 0.40
   61 V    3 -4 -4 -5 -3 -4 -3  0 -5  0  0 -4 -2 -4 -4 -1  0 -5 -4  4   35   0   0   0   0   0   1   6   0   2   6   0   0   0   0   2   6   0   0  41  0.77 0.38
   62 E   -1  1  0 -2 -4  0  3 -4 -3 -1 -3  1 -3 -4 -3  2  4 -5 -2 -1    3   7   4   0   0   3  22   0   0   4   1   9   0   0   0  13  29   0   2   3  0.54 0.30
   63 F   -5 -6 -6 -7 -5 -5 -6 -7 -4  0  2 -6  4  7 -6 -5 -5 -3  2 -1    0   0   0   0   0   0   0   0   0   3  17   0  12  59   0   0   0   0   6   2  1.69 0.56
   64 V   -1  1  0  0 -4  0  3 -4  3  0 -2  1 -1 -1 -3  1  0 -5 -3  1    2   8   3   3   0   2  26   0  10   7   2   7   1   3   0  10   7   0   0  10  0.33 0.21
   65 C   -5 -8 -7 -8 11 -7 -9 -8 -8 -5 -6 -8 -6 -7 -8 -5 -5 -7 -7 -5    0   0   0   0 100   0   0   0   0   0   0   0   0   0   0   0   0   0   0   0  4.27 1.03
   66 K   -3  4 -3  1 -6 -1  1 -4 -3 -5 -5  5 -4 -6  2  0 -1 -6 -5 -1    0  23   0   6   0   0   9   0   0   0   0  39   0   0   9   7   2   0   0   5  0.89 0.39
   67 V    0 -5 -5 -6 -4 -4 -5 -6 -5  2 -2 -2 -2  1 -2 -1 -3 -5  1  6    7   0   0   0   0   0   0   0   0   7   1   2   0   5   2   5   0   0   5  65  1.06 0.46
   68 Y   -3 -4 -5 -5 -4 -4 -1 -3  0  3  2 -4  1  0 -5 -2 -2 -2  5  2    0   0   0   0   0   0   5   2   2  16  24   0   2   2   0   2   1   0  28  16  0.71 0.32
   69 S   -2 -4 -3 -4 -5 -4 -4  0 -4  1 -5 -4 -5 -5 -1  6 -2 -6 -1 -4    0   0   0   0   0   0   0   7   0   8   0   0   0   0   2  81   0   0   2   0  1.60 0.66
   70 D   -3 -5  1  7 -7 -4  0  1 -4 -7 -7 -4 -7 -7 -5 -3 -2 -8 -7 -7    2   0   4  79   0   0   4   9   0   0   0   0   0   0   0   0   2   0   0   0  2.04 0.65
   71 A    2 -4 -4 -2 -4 -3  0 -4 -4 -1  4 -4  0 -3  1 -1 -1 -5 -4 -1   24   0   0   2   0   0   6   0   0   1  47   0   2   0   8   4   4   0   0   2  0.60 0.33
   72 Q   -1 -2 -1 -3 -5  4  2 -5  6 -4 -2 -2  2 -5 -4 -1  1 -5 -3 -2    5   0   2   0   0  25  16   0  27   0   3   0   5   0   0   4  10   0   0   3  0.93 0.43
   73 P   -2  1 -1 -5 -6 -1 -4 -5 -5 -6 -6 -1  1 -6  7  0 -2 -7 -6 -5    2   8   3   0   0   2   0   0   0   0   0   4   4   0  69   6   1   0   0   0  2.04 0.63
   74 H   -2  0 -3 -1 -6  1 -3 -5  8 -5 -5 -1 -4  1 -5 -1  1 -4  3 -5    2   5   0   3   0   7   0   0  52   0   0   2   0   6   0   4  11   0   8   0  1.52 0.55
   75 I   -3 -4 -5 -5 -4 -4 -5 -5 -2  5  2 -2  2  2 -5 -1 -3 -4 -3  2    0   0   0   0   0   0   0   0   1  42  17   3   6   9   0   6   0   0   0  15  0.78 0.33
   76 Q    0  2 -2 -3 -5  5  3 -1  1 -4 -3  0 -1 -2 -4 -1 -3  0  0 -2    8  12   0   0   0  33  17   6   4   0   2   4   2   2   0   2   0   1   4   3  0.63 0.32
   77 W   -8 -8 -9-10 -8 -7 -8 -8 -7 -7 -7 -8 -6 -4 -9 -8 -8 12 -2 -7    0   0   0   0   0   0   0   0   0   0   0   0   0   0   0   0   0 100   0   0  5.17 1.22
   78 I   -3 -5 -5 -6 -4 -4 -5 -6 -4  3  4 -2  1  2 -1 -4 -3 -3  3  2    0   0   0   0   0   0   0   0   0  18  42   2   2   8   3   0   0   0  10  15  0.80 0.33
   79 K   -3  5 -1 -3 -5 -1 -2 -2  1 -5 -4  5 -4 -5 -4 -1  0 -5 -4 -4    0  30   2   0   0   0   0   3   4   0   1  48   0   0   0   3   7   0   0   0  1.20 0.45
   80 H   -2 -2 -1 -3 -4 -2 -1  0  7 -1 -2 -3 -2  2 -3 -2 -3  3  3  0    3   1   3   1   0   1   3   8  38   4   3   1   0   8   1   1   1   5   9   9  0.83 0.31
   81 V   -2 -1 -2 -1 -3 -2 -1 -2  1  2  0  0  0  0 -1 -2  0 -2  3  2    1   3   2   4   0   1   3   3   4  15   9   5   3   3   4   1   7   0  16  16  0.18 0.13
   82 E   -1  0 -1  0 -3  2  2 -2  2 -2 -1  1  1 -2  0  0  1 -2  1 -1    3   3   1   4   0  11  19   2   6   1   6   8   5   1   4   7   9   0   5   6  0.21 0.12
   83 K   -1  1  0 -1  0  0 -1 -3  2  0 -2  1  1 -1 -1 -2  0  2 -2  3    5   6   4   3   3   3   3   1   6   4   2  12   3   3   3   1   5   4   1  28  0.18 0.18
   84 N   -3 -3  6  1 -4 -2 -1 -1  1 -4 -4 -1 -4 -4  1  1  1 -4 -4 -4    1   1  52   5   0   1   3   5   3   1   1   3   0   1   6   8   7   0   0   1  1.05 0.50
   85 G   -1 -3  0  0  1 -1 -1  5  1 -4 -1 -2 -3 -1 -3  0  0 -4 -3 -2    2   0   4   5   4   3   5  46   4   0   6   2   0   3   0   7   5   0   0   4  0.59 0.32
   86 S   -1  0 -1  1  0 -1 -2 -3 -3 -2 -1  0  0 -1 -3  4  1 -5 -1 -1    3   4   1   8   2   2   0   0   0   2   5   4   2   2   0  47   8   0   2   5  0.56 0.40
   87 K   -2  1  0 -1 -4  1  2 -3  2  0 -2  2 -2  0 -1  1  0  2  2 -1    0   6   5   3   0   4  12   0   7   6   4  18   0   4   2   9   6   3   7   3  0.22 0.19
   88 N   -2 -1  4  1  0 -2  0 -1  0 -1 -1  0 -2  0 -1 -1  0 -3  2  1    2   3  24   7   3   0   5   5   2   2   5   5   0   5   2   3   5   0   7  14  0.21 0.20
   89 G   -1 -1  1  3  3 -1  0  2 -2 -1 -1  0  1 -3 -3  0 -1 -1 -3  0    2   3   7  17   8   2   4  17   0   3   6   7   4   0   1   7   3   1   0   7  0.20 0.16
   90 P   -1 -1  0  0  0 -1  1 -3 -2 -3  0 -1 -2 -3  4  2  1 -3  0 -2    4   4   5   6   2   2   8   1   0   1   9   3   0   1  22  17   9   0   4   2  0.39 0.23
   91 D   -2 -2  3  4 -4 -1  3 -1 -2 -4 -3  0  0 -4 -3  1  0 -4  0 -3    2   1  14  25   0   0  18   4   0   1   2   6   3   0   1  13   6   0   3   1  0.54 0.32
   92 G   -1 -1  1  1  0  0  1  3  1 -4 -4 -1  0 -1  0  0  0 -4 -3 -3    3   3   8  10   2   3   8  31   4   0   1   3   3   3   4   7   6   0   0   1  0.37 0.24
   93 L   -1 -1 -1  0  0 -1 -2 -3 -1  1  2 -1  1  1 -1  0  2 -3  0  0    4   3   3   5   3   3   2   1   1   8  22   4   5   5   2   7  14   0   4   3  0.11 0.13
   94 P   -1 -1  1 -1 -4  0  0 -3  1  0 -2  0  0 -3  5 -1  0  2 -3 -3    6   2   7   3   0   4   6   1   4   6   4   5   2   0  34   4   7   4   0   1  0.64 0.33
   95 Y   -3 -1  0  0  0 -3 -1 -4  1  0 -1 -3 -3  3 -1 -1 -1  2  6 -2    1   4   4   7   2   0   4   1   4   5   6   0   0  14   3   6   4   3  32   2  0.61 0.37
   96 L    0 -1  0 -3  0  0 -2  0 -2  1  1 -1  1  0  1 -1  0 -3  0  2    6   3   5   1   2   4   1   8   0   7  14   4   5   5   7   4   3   0   3  17  0.08 0.10
   97 K   -1  3  1  0 -4  2  2 -1  0 -2 -2  1 -3 -4 -3 -1  0 -4 -1 -1    5  21   7   6   0  11  14   5   2   2   3   7   0   0   0   3   4   0   2   6  0.33 0.24
   98 V    0 -1 -1 -3  0 -1 -1 -1  0  2  0 -1  0  0 -1 -1  0  3  1  3    7   3   3   0   3   3   4   5   2  15   6   3   2   3   2   2   6   4   5  23  0.15 0.17
   99 L   -1 -3 -1 -3  1 -1  0 -4  2  2  2 -3  1  1 -1  0  0 -3  0  1    3   0   3   0   4   3   7   0   6  11  21   0   3   6   3   6   5   0   4  13  0.19 0.19
  100 K   -1  1  1  1 -4  2  1 -1 -2 -1  0  2 -2 -1  0 -1  0 -4  0  0    5   9   6   7   0  12   7   3   0   3  10  13   0   3   4   3   6   0   3   6  0.15 0.15
  101 N   -1 -1  3  1 -4  0  1 -3  1 -1 -2  0  1 -4 -1  2  2 -5 -3  0    2   2  17   6   0   4   7   0   4   3   4   5   4   0   2  16  17   0   0   6  0.32 0.20
  102 S    2 -1 -1  0 -3 -2 -1  1 -3 -1 -2 -2 -2 -3 -2  2  2  2 -2  0   20   3   1   7   0   0   2  12   0   4   2   1   0   0   1  20  17   3   1   7  0.31 0.19
  103 G    0 -3  2  1 -4 -1  1  3  0  0 -3 -1 -3  0  0  0  0 -4 -3 -1    5   0   9   7   0   1  11  31   3   9   0   2   0   4   4   6   4   0   0   4  0.32 0.17
  104 I    1 -2 -3 -1 -3 -2 -2 -4 -3  3  0 -3  0 -1  1  0  0 -4  0  2   11   2   0   4   0   1   2   0   0  23   8   0   2   1   7   9   5   0   3  21  0.27 0.17
  105 N   -2 -1  5  2 -5 -2  0 -1  0 -2 -4  0  2 -2 -1  1 -1 -5 -3 -2    1   2  42  12   0   0   4   3   1   2   0   7   6   2   2   9   1   0   1   3  0.70 0.31
  106 S    1 -1  1 -1 -3  0  1 -1 -1 -1 -1 -2  0 -1 -1  2  2 -4 -1  0   13   2   8   3   0   3  12   3   1   2   4   0   3   4   2  15  18   0   1   6  0.20 0.14
  107 S    0  2  0  0 -3  1  0 -1 -2 -1 -3  0 -3 -2 -2  3  3 -5 -3 -1    4  11   2   4   0   5   4   4   0   3   0   2   0   1   1  29  27   0   0   2  0.45 0.22
  108 N   -3 -3  4  5 -5 -2  2 -1  0 -3 -4 -1  2 -4 -4 -1  0 -5  0 -4    0   0  22  36   0   0  13   3   2   2   0   2   7   0   0   3   6   0   4   0  0.77 0.27
  109 A    2 -1 -1 -1 -3  1 -1  0  1 -3 -3  2 -2 -4  4  1  0 -4 -3 -1   18   0   2   2   0   9   2   5   3   0   1  14   1   0  19  13   6   0   0   5  0.43 0.17
  110 E   -2  0  0  2 -5  1  4  0  2 -4 -4  0 -3 -4 -3  1 -1 -5 -3 -1    0   6   3  14   0   5  38   7   6   0   0   3   0   0   0   9   3   0   0   5  0.58 0.20
  111 V   -1 -2  1 -1 -3  1  0 -3  1  1  0  0  0 -1 -3  0  1 -1 -1  3    2   0   8   2   0   6   5   0   5   8   4   5   2   2   0   5   8   1   1  36  0.22 0.14
  112 L   -3 -4 -5 -5 -4 -4 -2 -6 -5 -1  5 -4  0 -2  0 -4  0 -4 -3 -1    0   0   0   0   0   0   3   0   0   0  86   0   0   0   4   0   7   0   0   0  1.19 0.36
  113 A   -1  0  0 -1 -3 -1 -1 -3  2  1  0  0 -1  0  3  0  1 -3  1  0    3   4   6   2   0   1   3   0   7  11   9   4   0   4  14   5  12   0   7   7  0.17 0.08
  114 L   -3 -4 -5 -6 -3 -4 -5 -6 -5  3  5 -4  3  1 -5 -4 -3 -4 -3  1    0   0   0   0   0   0   0   0   0  20  63   0   7   5   0   0   0   0   0   4  1.02 0.28
  115 F   -1  1  0  0 -3  1  1 -3  2 -1 -1  0 -2  0 -1  1  1 -3  2  1    3  10   2   3   0   4  13   0   7   0   4   3   0   4   2  12   9   0  10  14  0.16 0.10
  116 N   -3  1  7  2 -5 -2 -2 -3 -2 -5 -5 -1 -4 -5 -4  1 -2 -6 -4 -5    0   7  75   9   0   0   0   0   0   0   0   2   0   0   0   7   0   0   0   0  1.54 0.38
  117 V   -2 -4 -4 -5 -3 -4 -4 -5 -4  3  0 -4 -1  2 -4 -3 -2 -3 -2  5    0   0   0   0   0   0   0   0   0  12   5   0   0  11   0   0   0   0   0  68  0.90 0.27
  118 T    0 -1 -1 -2 -3  1 -2 -3 -2 -2 -3 -1 -2 -3  2  2  5 -4 -3 -1    7   2   0   0   0   6   0   0   0   0   0   2   0   0   9  19  48   0   0   4  0.68 0.23
  119 E   -1  1 -2 -2 -4  1  2 -3  1 -1  0  1  2  3  0 -2 -1 -2  2 -2    2   7   0   0   0   4  22   0   3   3   7   9   8  17   4   0   4   0   8   0  0.26 0.12
  120 M    0 -1  1  1 -4  1  4 -3  0 -2  1  0 -1 -3 -2  0 -2 -4 -3 -2    5   2   6   5   0   4  44   0   1   0  17   4   1   0   0   6   0   0   0   3  0.47 0.17
  121 D   -2 -3  1  6 -5  3  1 -3  1 -5 -5 -2 -1 -5 -3  0 -2 -6 -4 -5    2   0   3  65   0  15   3   0   4   0   0   0   2   0   0   7   0   0   0   0  1.25 0.32
  122 A    2 -2 -2 -1 -3  1  3  1 -2 -3 -3  1 -2 -2 -2  1  0 -4 -3 -2   27   0   0   0   0   4  28  13   0   0   2   6   0   2   0  12   6   0   0   0  0.43 0.16
  123 G   -1  1 -2 -3 -5 -3 -4  6 -4 -6 -5 -3 -5 -5 -4 -2  0 -5 -5 -5    3   9   0   0   0   0   0  83   0   0   0   0   0   0   0   0   5   0   0   0  1.57 0.34
  124 E   -3 -1  1 -2 -5  0  4 -4  3 -3 -2  0  1 -1  1 -2 -3  8 -1 -2    0   1   8   0   0   1  33   0   9   0   3   5   4   2   6   0   0  26   0   2  0.90 0.26
  125 Y   -4 -5 -5 -6 -5 -4 -5 -6 -1 -3 -4 -5 -4  2 -6  0 -4 -1  9 -4    0   0   0   0   0   0   0   0   0   1   0   0   0   3   0   8   0   0  88   0  2.42 0.53
  126 I    1 -3 -2 -3 -3 -3 -3 -3 -3  1 -1 -3  1 -2 -3  1  5 -4  2  1   11   0   0   0   0   0   0   0   0   7   5   0   3   0   0  11  48   0   8   8  0.63 0.25
  127 C   -3 -3 -6 -7 10 -6 -7 -6 -6 -4 -4 -6 -4 -1 -6 -4 -4 -5 -1 -4    0   2   0   0  92   0   0   0   0   0   0   0   0   3   0   0   0   0   3   0  3.11 0.59
  128 K   -1  1 -4 -4 -3 -2 -3 -2 -3  2  2  0  2 -1 -4 -3 -2 -1 -1  3    2  12   0   0   0   0   0   3   0   7  25   7   4   2   0   0   0   1   2  34  0.38 0.17
  129 V    4 -3  1 -4 -3 -3 -2 -3 -3  0 -2 -3 -2 -1 -3 -1 -2 -5 -3  3   51   0   8   0   0   0   1   0   0   3   0   0   0   3   0   2   0   0   0  32  0.70 0.28
  130 S    0 -1 -1 -2 -3  0 -1  4 -2 -4 -3  0 -3 -2  1  2  1 -4 -3 -3    4   3   2   0   0   4   3  39   0   0   2   4   0   2   8  17  10   0   0   0  0.52 0.16
  131 N   -3 -3  7  1 -5 -2 -2 -3 -2 -5 -5 -2 -4 -5 -4  0  0 -5 -1 -5    0   0  82   4   0   0   0   0   0   0   0   0   0   0   0   5   4   0   2   0  1.80 0.43
  132 Y    1 -1  0 -2 -3 -1 -1  0  1 -1 -2  0 -2  0 -3  3  1 -3  1  0   11   3   5   0   0   0   3   5   4   4   0   7   0   5   0  29   8   0   7   8  0.23 0.13
  133 I   -2 -3 -4 -5 -3 -4 -4 -5 -3  4  3 -4  1  1 -4 -2 -2 -2  3  2    2   1   0   0   0   0   0   0   0  29  33   0   1   6   0   4   0   0  11  13  0.59 0.19
  134 G   -1 -4 -3 -3 -6 -4  0  7 -4 -7 -6 -4 -5 -6 -5 -3 -4 -6 -6 -6    4   0   0   0   0   0   6  90   0   0   0   0   0   0   0   0   0   0   0   0  1.94 0.42
  135 Q   -1 -1  0  0 -3  1  1 -3  2  0  0 -1  1  3 -2  1 -1 -1  0  1    1   3   3   3   0   8  10   0   6   4   5   2   5  18   1  13   0   1   3  15  0.15 0.11
  136 A    2 -1 -1  1 -3 -2 -2 -2 -3  0 -2 -1 -2 -2 -3  3  2 -5 -3  1   17   3   1  11   0   0   0   1   0   8   0   2   0   1   0  27  17   0   0  12  0.37 0.17
  137 N   -1 -1  2  1 -4  0  1 -3  3 -2 -1 -1  0  0 -3  0 -1  0  4 -1    3   2  14   9   0   1  12   0  10   2   4   1   3   4   0   7   3   1  19   5  0.30 0.13
  138 Q    0  2 -1 -1 -4  2  1 -3  4 -3 -3  1 -2 -3 -3  1  1 -4  0  0    9   9   0   3   0  13   7   0  18   0   0  11   0   0   0   9   8   0   4   9  0.38 0.16
  139 S    0 -2  1 -1 -3  1  0 -1 -2 -3 -3 -1  0 -4 -3  4  2 -5 -4 -1    6   0   7   1   0   8   6   2   0   0   0   2   3   0   0  46  15   0   0   4  0.61 0.23
  140 A    4 -3 -3 -4 -1 -3 -3  0 -3 -2 -1 -1 -2  1  1  0 -2 -4  0  0   56   0   0   0   1   0   0   8   0   0   5   3   0   7   8   4   0   0   3   5  0.58 0.23
  141 W   -4 -5 -1 -6 -5 -4 -5 -2  1 -4 -4 -5  1  2 -6 -4 -2  9  6 -4    0   0   3   0   0   0   0   4   3   0   0   0   4   8   0   0   2  43  33   0  2.03 0.43
  142 L   -3 -4 -1 -5  3 -4 -5 -6 -5  1  5 -4  2 -2 -5 -4 -3 -4 -3  0    0   0   4   0   8   0   0   0   0   4  79   0   3   0   0   0   0   0   0   2  1.13 0.32
  143 T   -2  1 -1  0 -3  0 -1 -3  1 -2 -3  0 -2 -2 -3  1  5 -4  2  0    0   7   1   5   0   3   3   0   5   1   0   6   0   1   0   9  46   0   8   6  0.54 0.23
  144 V   -2 -5 -5 -6 -3 -5 -5 -4 -6  2 -1 -5 -1 -3 -5 -4 -2 -5 -4  6    0   0   0   0   0   0   0   1   0   4   2   0   0   0   0   0   0   0   0  93  1.62 0.43
  145 L   -2 -3  0 -2 -3 -2  0 -4  0  2  2 -1  1  0 -3 -2 -1 -3 -2  3    0   0   5   2   0   0   8   0   3   9  27   4   4   4   0   0   1   0   0  33  0.33 0.15
  146 P    1 -2  0  1 -3 -1  2 -1 -2 -2 -3 -1 -3 -3  5  0 -1 -4 -3 -2   14   1   4   9   0   1  15   5   0   3   1   2   0   1  35   4   3   0   0   1  0.74 0.17
  147 K    1  0  1  1 -3  0  2 -2  0 -2 -2  0 -1  0  3  0  0 -3  1 -1   12   5   8  10   0   3  13   2   1   1   2   6   2   5  14   2   5   0   5   4  0.24 0.08
  148 Q   -1  1  0  1 -4  1  2 -3  2 -1  0  0  1 -2  0 -1  0  2  0 -1    5  10   5   8   0   8  12   1   5   4   9   4   4   0   5   4   5   4   4   3  0.16 0.14
  149 Q    0  1  0  1 -4  1  2  0  1 -3 -2  1 -3 -4  0  0  1 -4 -3 -1    9   8   5   9   0   6  14   7   4   0   4   9   0   0   5   8   7   0   0   4  0.23 0.17
  150 A    2  0  0  0 -3  0  1 -1 -2 -1 -1  0  0 -1  1  1  0 -4  0 -1   20   4   4   3   0   2  12   5   0   3   4   6   3   3   7  10   6   0   4   4  0.16 0.16
  151 P    0 -1 -1  0 -4  0  1 -4  0  0 -1 -2 -3 -1  5 -1  0 -4  0  0    6   3   3   5   0   3  11   1   2   5   6   0   0   3  31   5   7   0   4   6  0.53 0.31
  152 V   -1 -2 -1 -1 -3 -1  0 -1 -1  2  1 -1 -1 -1 -1 -1  0 -1 -1  2    4   1   2   4   0   2   8   4   1  11  17   2   0   2   2   5   6   1   2  23  0.15 0.13
  153 R    0  2  0 -1 -3  1  2 -2  1 -1 -1  2  0 -1 -2  0  1  0 -2 -1    9  14   3   2   0   5  14   2   4   3   5  11   3   3   1   5   8   1   0   5  0.19 0.14
  154 E    1  0 -2  1 -3  0  2 -1  1 -1 -1  0  0 -3  2  0  1  0 -2  0   11   4   0   7   0   3  18   5   3   3   6   6   2   0   9   4  11   2   1   7  0.17 0.14
  155 K    0  0  1  1 -1 -1  0  1 -1 -2 -2  2 -1 -3  3  0  0  0 -2  0    6   4   6   8   2   2   6   9   1   1   4  14   2   0  13   5   7   2   1   7  0.19 0.13
  156 E    0 -2  0  1 -4  1  2  0  3 -1 -1  0  0 -3  1 -1  0 -4 -1 -1   10   0   3   9   0   7  16   6   9   4   6   4   3   0   8   3   4   0   2   6  0.19 0.15
  157 I    0  0 -2 -1 -3 -1 -1 -3 -2  2  1 -1  2  0  1  0 -1 -3  0  1    9   5   1   3   0   3   3   1   0  15  15   2   9   3   8   7   3   0   3  11  0.14 0.12
  158 T    0  0  0 -1  0  0  0 -1  0 -1 -1  0  1 -2  1  1  2 -3 -1 -1    8   5   4   3   3   4   7   3   2   3   7   5   4   1   7   9  18   0   2   4  0.13 0.11
  159 A    2  0  0 -2 -3  0  0 -1  1  0  0  0 -1 -2  1  1  1  0 -2  0   20   4   5   0   0   2   4   4   4   5   9   7   1   2   5  12   7   2   0   7  0.12 0.12
  160 S    0  0  0 -1  0  0  1  0  3 -1 -3 -1 -3 -2 -3  3  1 -4  0 -1    7   5   3   3   2   3   8   8   7   3   0   3   0   2   0  30   6   0   4   5  0.29 0.23
  161 P    0 -3  0  0 -3  0 -2  0 -1 -1 -1 -2 -1 -3  5  1  1  0 -3 -1    8   1   3   5   0   3   1   6   1   4   5   2   2   1  33  10   8   1   0   5  0.60 0.27
  162 D    0 -1  0  1  1  0  0 -1  1  0  0  0  0 -2  1  0  1  0 -1  0    4   2   4  10   4   3   3   5   4   3  10   7   4   1   5   6  11   1   2  11  0.04 0.05
  163 Y   -1 -3 -1 -4 -4 -1 -3 -3  4  0 -1 -2  1  3 -4 -1 -1  2  5  1    3   0   2   0   0   2   0   1  13   6   5   2   4  13   0   6   2   3  27   9  0.54 0.26
  164 L    0 -2 -2 -2 -3 -1 -3 -2 -3  2  2 -2  1  1 -3 -1  1  1 -1  1    6   2   2   2   0   3   0   2   0  15  29   2   3   6   0   4  13   3   1   8  0.21 0.15
  165 E    0 -1  1  1 -3  1  1 -1  0 -1 -1 -1 -1  0 -1  0  1  0  0  0   10   3  10   7   0   5  12   5   1   3   6   2   1   4   2   5   8   1   4   9  0.08 0.05
  166 I    0 -3 -3 -4 -2 -1 -2 -4 -3  4  1 -2  1 -2  0 -2 -2 -3 -1  2    9   0   0   0   0   2   2   1   0  44  11   3   2   0   4   2   0   0   2  17  0.47 0.23
  167 A    1 -2 -2 -3 -2 -2 -1 -1 -2  3  1 -1  0  0 -1  0  0 -3  0  1   19   0   1   0   0   0   4   4   0  25  14   2   2   5   2   8   4   0   4   4  0.15 0.12
  168 I    0 -3 -3 -3 -2 -3 -1 -4 -3  4  2 -3  0  0 -3  0  0 -3 -2  2   10   0   0   0   0   0   4   0   0  38  17   0   0   3   0   7   7   0   0  11  0.40 0.21
  169 Y    0 -2 -3 -3 -3 -2 -3  0 -1  1  0 -2  0  1 -3  0  0  1  5  1    6   2   0   0   0   0   1  10   0   7   9   0   2   4   0   8   4   2  29  14  0.33 0.18
  170 C    1 -3 -3 -4  5 -3 -3  0 -3  1  1 -3  0 -2 -2  0  0 -4 -3  3   13   0   0   0  17   0   0   6   0   8  11   0   3   0   1   9   3   0   0  28  0.34 0.19
  171 I    1 -3 -3 -4  1 -3 -3 -2 -3  2  1 -3  0  0 -3  0  1 -3 -2  3   11   0   0   0   4   0   0   2   0  17  17   0   0   4   0   8   7   0   0  28  0.30 0.17
  172 G    1 -3 -2 -2  0 -2 -1  4 -3 -1  0 -2  0  0 -2  1 -1 -3 -1 -1   10   0   0   0   2   0   3  41   0   3   8   0   4   5   2  11   3   0   1   5  0.38 0.17
  173 V    1 -3 -3 -4  1 -3 -3 -2 -3  2  2 -3  1  2 -3  0 -1 -3 -1  3   12   0   0   0   3   0   0   2   0  10  20   0   2  14   0   6   2   0   0  26  0.30 0.16
  174 F    0 -3 -4 -4  0 -3 -4 -2 -3  2  2 -3  1  5 -4 -1 -1 -2  0  1    8   0   0   0   2   0   0   3   0  11  21   0   4  35   0   4   3   0   0   7  0.47 0.22
  175 L    0 -4 -4 -5  1 -3 -4 -5 -4  2  3 -4  3  2 -4 -3 -1 -3 -2  2    7   0   0   0   4   0   0   0   0  14  45   0   7   8   0   0   4   0   0  12  0.56 0.24
  176 I   -1 -1 -4 -5 -3 -3 -4 -2 -3  3  2 -3  2  3 -4 -3 -1 -3  1  2    6   4   0   0   0   0   0   3   0  25  21   0   6  15   0   0   2   0   4  15  0.40 0.19
  177 A    2 -2 -2 -3  0 -2 -2  1 -3  1  0 -1  1  0 -2  1 -1 -3 -2  1   24   0   0   0   2   0   0  14   0  11   9   4   5   3   0  13   0   0   0  14  0.21 0.14
  178 C   -1 -1 -3 -4  5 -3 -3 -1 -3  2  1 -3  1  1 -4 -1  0 -3 -2  2    3   4   0   0  16   0   0   6   0  12  16   0   5   8   0   5   4   0   0  19  0.29 0.16
  179 M    0 -2 -3 -4 -2  0 -3 -1 -2  1  1 -1  3  1 -3 -1  0 -2  1  2    8   0   0   0   0   4   0   6   0   7  17   4  13   7   0   2   5   0   5  21  0.20 0.15
  180 V   -1 -1 -3 -4  1 -3 -3 -4 -4  3  0 -3  1  0 -1  0  0 -4 -2  4    3   4   0   0   3   0   0   0   0  18   7   0   3   4   2   7   6   0   0  42  0.42 0.24
  181 V    1 -2 -3 -4  2 -2 -3 -1 -3  2  1  0  0  0 -3 -1  0 -3  0  2   15   0   0   0   6   0   0   4   0  18  11   8   2   2   0   4   3   0   4  23  0.21 0.16
  182 T    0 -1 -2 -3  2 -2 -3  0  1  2  1 -2  0  2 -3  0  1 -2  0  1    6   4   0   0   6   0   0   7   5  17  17   0   0  13   0   7   9   0   3   6  0.13 0.12
  183 V    1 -2 -3 -4  1 -2 -3 -2 -3  2  1  0  1  1  0 -1 -1 -3  0  2   12   0   0   0   3   0   0   3   0  15  10   9   3   6   4   4   0   0   4  26  0.19 0.15
  184 I   -1 -1 -3 -4  2 -3 -4 -1 -3  3  1 -3  3  1 -4 -2  0 -3  0  2    3   5   0   0   5   0   0   7   0  26  10   0  10   7   0   2   5   0   2  17  0.32 0.21
  185 F   -1 -2 -3 -4  1 -3 -1 -1  0  1  1 -3  0  3  0 -3 -2 -2  3  1    3   2   0   0   4   0   5   6   2   9  13   0   2  20   4   0   2   0  14  13  0.28 0.19
  186 C   -2  0 -3 -4  7 -2 -3 -1  1 -1 -1  0  1  0  0 -1 -2  1  2  0    2   7   0   0  31   1   0   4   3   3   6   7   5   4   4   5   0   2   8   6  0.49 0.28
  187 R   -2  5  0 -4  1 -2 -3 -4  1 -1  0  2 -3 -2 -4 -1 -3 -4  0 -1    2  43   4   0   3   0   0   0   3   4  12  13   0   1   0   5   0   0   3   4  0.73 0.40
  188 M   -2  2 -3 -4 -1  0 -3 -3  1  0  1  1  4  0  0  0  0 -3  0 -1    2  13   0   0   1   3   0   1   4   5  16   9  18   4   4   6   5   0   4   3  0.28 0.23
  189 K   -3  4 -3 -4  1  2 -1 -5  0 -4 -2  5 -3 -5 -4 -1 -3  1 -4 -2    0  29   0   0   4  10   3   0   2   0   5  38   0   0   0   3   0   2   0   3  0.99 0.50
  190 T   -1  1  1 -2 -1  1 -2 -3  0  0  0  1  1 -1 -2  1  1 -3  1  0    1   7   6   2   1   6   0   1   2   7  11  12   5   2   1  12  11   0   6   5  0.14 0.16
  191 T    0  2  1 -1  0  1  0 -1  1 -1  0  2 -1 -3  0  0  0 -3 -1 -2    7  14   7   2   2   6   6   4   4   5  11  12   1   0   5   5   6   0   2   0  0.14 0.12
  192 T    0  3 -1 -1 -3  0 -1 -3  1  0 -2  2 -1  0  2  0  1  0 -1 -1    6  22   3   2   0   3   2   1   3   6   3  12   2   6   9   7   8   1   2   2  0.25 0.18
  193 K   -3  3  0 -3 -5  3  2 -2  0 -1 -3  4  0 -5 -4 -1 -1 -5 -4 -4    0  17   3   0   0  13  14   2   2   5   2  32   3   0   0   4   2   0   0   0  0.70 0.39
  194 K   -2  2  0 -1 -6  1  0 -3  0 -5 -3  6 -4 -2 -2 -1 -2 -5  0 -3    2  11   5   2   0   4   4   2   3   0   2  53   0   2   2   4   2   0   3   1  0.90 0.48
  195 P   -1  2 -1 -3 -4  0  0 -1 -1 -1  0  3  0 -3  2  0  0  2 -3 -1    4  12   1   0   0   3   5   4   2   2  12  19   2   0  13   7   7   3   0   3  0.27 0.19
  196 D   -1  1  1  2  0  2  1 -3  1 -1  0  1 -2 -1  0 -1 -1 -3  0 -2    3   8   6  14   2   9  10   1   3   2  13   9   0   2   4   3   3   0   3   3  0.18 0.14
  197 F    0 -1 -1 -3  1  1 -1 -2  1  0  1  1  1  2  0 -1 -1 -2  2 -1    6   3   2   1   3   6   2   3   3   5  17  11   4  12   5   2   4   0   7   3  0.11 0.13
  198 S    1  1  2 -1  1  1  1 -1  1 -1 -1  0  0 -2  1  1 -1 -4 -3 -1   12   7  10   2   3   6   8   4   3   5   5   6   3   2   7  13   0   0   0   3  0.15 0.15
  199 S    1  1  0 -1 -3  0  0 -2  0  0  0  0  0 -2  1  2  0 -3 -1  0    9   9   3   3   0   4   7   2   2   7   7   4   3   0   5  19   6   0   2   6  0.13 0.13
  200 Q    0  1  0 -1  0  3  2 -1  2  0 -1  2  0 -3 -2 -1 -1 -4 -3 -1    6   7   4   2   2  16  13   4   6   7   5  13   3   0   1   3   4   0   0   3  0.25 0.21
  201 P    0  0 -1 -1 -4  1  1 -3 -3  0  0  1  0 -3  4 -1 -1 -4 -1 -1   10   3   3   2   0   8   7   1   0   7   9   8   3   0  23   4   4   0   2   4  0.36 0.23
  202 A    2 -2  0  0 -3  0  1 -1  1  0 -1 -1  0 -3  0  1  1 -4  0  1   19   0   4   5   0   3   8   3   4   5   3   3   3   0   5   9   9   0   4  12  0.14 0.16
  203 V    0 -4  1 -4 -3  0 -3 -4 -4  2  0 -3 -2  1 -1 -1  3 -4 -3  3    7   0   8   0   0   5   0   0   0  11   8   0   0   5   3   4  22   0   0  26  0.44 0.33
  204 H   -1 -1  0  0  0  1  1  1  3 -1  0 -2  1 -1 -3 -1  0 -3  0  1    4   4   4   4   2   8   9  11  10   2   9   0   5   2   0   3   6   0   4  12  0.10 0.13
  205 K   -1  2  0 -1  0  2  0  0  0 -3 -3  2  2  0  1 -1 -1 -3  0 -1    4  11   4   4   3  12   4   9   2   0   1  15   6   4   7   4   3   0   3   4  0.21 0.19
  206 L    0  0  0 -2  2 -1  0 -3  2  0  0  0  1  1  1  0  0  3  1  0    6   6   6   0   6   0   6   0   6   6   6   6   6   6   6   6   6   6   6   6  0.11 0.14
  207 T    0  0  2 -2  1  0 -1 -1 -2  0 -1  1  1 -3  1  1  1 -4  0 -1    7   4  14   0   3   3   3   4   0   5   6   9   6   0   6  11  11   0   4   3  0.16 0.18
  208 K   -2  1  1 -3  2 -1 -2  0  1 -3 -2  4 -3 -4  2  0  0 -5 -4 -1    1   7   8   0   5   0   0   8   3   0   4  38   0   0  10   6   4   0   0   5  0.54 0.33
  209 R   -2  3  1 -2 -4  0  1 -1  1 -1 -1  3 -2 -1 -3  0  1 -4 -3  0    1  19   7   0   0   4   9   5   3   5   5  19   0   3   0   6   8   0   0   6  0.29 0.20
  210 I    0 -3 -4 -4  1 -3 -3 -4 -4  3  1 -3 -1  1  1 -2  0  3 -2  3    9   0   0   1   3   0   1   1   0  18  11   1   0   8   7   1   5   4   0  30  0.42 0.24
  211 P    0 -1  0 -3  2  1 -2 -1  0  2 -2 -1 -2 -3  4 -1  0 -4  0  0    5   4   4   0   5   7   1   5   2  16   1   4   0   0  25   4   7   0   4   6  0.40 0.23
  212 L   -2 -3 -3  0  1 -3 -3 -4 -3  2  2 -1  0  0 -3 -1  0  2  1  1    1   0   0   7   4   0   1   1   0  18  26   5   0   4   0   5   7   3   7   9  0.25 0.19
  213 R    0  1  1  0 -3  2  1 -3  1 -1 -2  2  1 -1  0  0  0 -3  1 -1    6   9   5   6   0   8  10   1   4   5   1  14   6   3   3   8   3   0   5   4  0.17 0.14
  214 R   -1  3  2 -2 -4  2  0 -1  2 -1 -1  3 -2 -3  0  0 -2 -3  0 -2    4  16  10   0   0   8   5   4   7   6   5  19   0   0   5   4   0   0   5   0  0.30 0.21
  215 Q   -1  1  0  2 -4  2  1 -3  1 -1 -1  2  1 -3  0  0  1 -4 -3 -2    4   6   4  13   0  11   8   0   4   6   4  17   5   0   5   5   8   0   0   0  0.26 0.18
  216 V    0  0  0  0  1  0  0 -1  1  0 -1  0  1  0  0  0  0 -3  1  0    5   5   5   5   5   5   5   5   5   5   5   5   5   5   5   5   5   0   5   5  0.03 0.05
  217 T    0  0  0  0 -3  0  0  0  1 -1  0  0  1 -3  0  2  2 -4  0 -1    8   4   3   5   0   4   4   8   3   4   8   5   5   0   4  14  12   0   4   4  0.10 0.13
  218 V    0  0  0  0  2 -1 -1 -1 -2  1  1 -2  1  0 -2  0  0 -2  0  1    7   6   4   6   7   0   5   4   0   8  16   1   4   4   0   7   4   0   5  11  0.05 0.08
  219 S   -2  1  2  1 -4  1  1  0  1 -1 -2 -1  1 -3  0  2  0 -4  0 -2    0   7  10   9   0   7   8   7   4   5   4   0   5   0   4  20   5   0   4   0  0.21 0.20
  220 A    0  0  0 -2  1  0  1  1 -2 -1 -1  1  0  1  0  1  0 -3  0 -1    9   4   3   0   4   4   9  11   0   2   5   8   2   8   4  14   5   0   4   3  0.10 0.11
  221 E    0  0  1  0 -3  1  0  0  1  0 -1  0  1  0  1  0  0 -3 -2  0    6   6   6   6   0   6   6   6   6   6   6   6   6   6   6   6   6   0   0   6  0.06 0.07
  222 S   -1 -1  3 -3 -4  1  0  1  1 -4 -4  0 -3 -4  1  3  1  2  1 -1    3   3  14   0   0   6   5  10   3   0   1   5   0   0   7  22   7   3   6   4  0.36 0.31
  223 S   -1  0  1  1  0  1  0  1 -2 -2 -1  0 -2 -3 -1  1  1  1  0 -1    3   5   7   8   2   6   6  12   0   2   7   4   0   0   3  13  10   2   4   4  0.12 0.14
  224 S    0 -1  1  0  0  0 -1  0  1 -1  0 -2  0 -1  0  2  0  1 -1 -1    7   3   7   6   2   4   4   9   3   2  11   0   3   3   5  21   3   2   3   3  0.11 0.15
  225 S    0 -1  2 -2 -4 -1  0 -1  0  0 -1 -2 -1 -1 -2  4  0 -5 -4 -2    5   3   9   1   0   2   6   5   2   6   5   2   1   3   2  43   4   0   0   2  0.48 0.39
  226 M    0 -3 -1  1 -1  0  1 -1  0  1  0 -2  4 -1  1 -1  0 -3  0  0    7   0   3   8   2   4  11   5   3   9   7   0  15   2   6   3   5   0   4   8  0.15 0.18
  227 N   -1 -1  4  1 -1  0  0  1  0 -2 -3 -1 -1 -2  0  1  0  1 -3 -2    4   2  25   7   2   5   7   9   2   2   2   2   2   2   5  13   5   2   0   3  0.33 0.25
  228 S   -2  1 -1 -3 -4 -1 -1  0 -3 -1  0  0 -1  0  1  3  0 -4  0  0    0   8   2   0   0   3   3   6   0   3  11   5   1   5   6  34   4   0   4   6  0.28 0.29
  229 N    0  0  3 -2 -1  2 -2 -1  1 -1  0 -1  1 -3  0  2  0 -4 -1 -1    5   4  16   0   1  10   0   4   4   4  12   3   5   0   5  17   5   0   2   3  0.21 0.22
  230 T    1  0 -1 -1 -3  1 -1 -2 -3  1  0 -1  3 -1 -3  0  2 -4 -3  2   14   6   2   3   0   6   2   2   0   6   8   2  11   3   0   7  13   0   0  14  0.19 0.21
  231 P   -1 -1  1  0  1 -4 -2 -5 -4 -4 -3 -2  0 -2  7 -1 -4 -6  1 -5    4   3   6   6   3   0   2   0   0   1   2   2   3   2  56   5   0   0   5   0  1.44 0.67
  232 L   -2 -1 -1 -4 -4  1 -2 -2 -1  1  4 -1  1  0 -2 -3  0 -4 -3  1    3   3   3   0   0   7   1   3   2   8  42   4   2   4   2   0   5   0   0  11  0.41 0.31
  233 V   -2 -5 -2 -2 -4 -4 -3 -5 -5  4  1 -2  1  0 -1 -4 -2 -4  0  4    3   0   2   2   0   0   2   0   0  22  11   3   3   4   3   0   2   0   3  41  0.74 0.44
  234 R   -1  4 -1 -4 -5  0 -1 -3  2 -2 -2  4  0 -3 -2  0  0 -5 -4 -4    5  24   2   0   0   4   4   2   5   2   4  31   2   1   2   6   5   0   0   0  0.67 0.44
  235 I   -3 -1  0 -4 -4 -1 -4 -2  1  5  0 -1  2 -1 -1 -1 -1  0 -1  0    1   3   4   0   0   3   0   3   4  45   9   3   4   3   4   4   4   1   2   3  0.62 0.42
  236 T   -1  1 -3  2 -5  3  3 -1  0 -4 -3  0  0 -4 -1  0  2 -5 -1  0    4   7   0  11   0  12  18   5   2   0   2   4   3   0   2   6  15   0   2   6  0.36 0.32
  237 T    0  0  1 -1 -4  0 -1 -3  1 -1 -2  1 -1 -1  1  1  2  2  0  0    7   4   8   2   0   4   4   0   3   3   3  10   2   3   7  14  15   3   4   6  0.19 0.20
  238 R   -1  3  1 -2 -4  3  0 -1  1 -1 -2  2  0  0 -1  0 -1 -4 -1 -1    3  16   5   2   0  15   4   4   3   4   3  12   2   5   2   6   3   0   2   6  0.27 0.24
  239 L   -1  1  1 -1 -3  0 -1 -1  0  1  2  0  1 -1  1 -1 -1  1 -1  0    3   9   7   3   0   3   3   4   2   9  21   5   5   3   7   4   2   2   2   6  0.10 0.12
  240 S    0  1  0  0  1  1  0 -1 -2  0 -1  0  1  0  0  2  1 -3  0 -2    4   7   5   4   3   5   6   4   0   5   5   4   5   4   4  21  10   0   3   0  0.13 0.17
  241 S    0  0  1 -2 -3  0  0  0  1 -1  0  0 -1  0  0  1  1 -3  1 -1    7   5   9   0   0   4   6   5   3   4   9   4   0   6   5  14   8   0   5   5  0.09 0.11
  242 T   -1 -1  1 -2 -1  0 -1 -2  0  0 -1 -2 -1 -2 -1  2  3 -4 -1  1    4   3   7   1   1   5   3   2   2   6   6   0   1   1   2  21  21   0   2  10  0.28 0.25
  243 A    1  0  0 -1  0  0 -1  1  1 -2 -2 -1 -1 -3  2  2  0 -4  0 -1   12   5   4   3   2   3   3  14   4   2   4   2   2   0   9  15   6   0   4   4  0.16 0.14
  244 D   -1 -1  2  4 -2  0  1  0 -1 -3 -2  0 -2 -3 -1  1 -1 -5 -4 -2    5   3  11  27   1   4   8   7   2   1   4   6   1   1   2  13   3   0   0   3  0.40 0.26
  245 T   -1  1  2  0 -2 -1 -2  0  1 -2  0 -1 -1 -1 -1  2  3 -4 -1 -1    3   8  12   4   1   1   1   6   3   2   8   3   1   2   2  15  19   0   2   5  0.21 0.20
  246 P   -1 -1  1  0 -2 -2  0  0  0 -5 -5 -2  1 -5  6  0 -1 -5  0 -3    5   3   6   4   1   2   7   7   2   0   0   1   3   0  42   6   4   0   4   1  0.91 0.46
  247 M    0 -1  0 -1 -3  1  0 -1 -1  0  0 -1  3  0 -1 -1  1 -3 -1  0    5   3   5   3   0   9   7   4   1   6  11   3  10   5   3   3  12   0   1   8  0.10 0.13
  248 L   -2 -2 -2 -3 -1 -1 -1 -2 -1  1  3 -3  0  1 -1  0 -1 -3  3  0    1   2   2   2   1   2   4   3   1   8  36   0   2   5   2   6   3   0  13   6  0.36 0.27
  249 A    2 -1 -2 -2 -1  1 -1 -2 -3 -2  0 -1  1  1  1  2  1 -4  0 -2   23   3   1   2   1   5   4   2   0   1   8   4   5   6   5  16  10   0   3   1  0.24 0.23
  250 G    0 -1  2 -1 -2 -1  0  4 -2 -2 -2 -2 -1 -2 -2  2  0 -4 -2 -3    9   3  11   3   1   2   6  31   1   2   4   1   2   2   1  14   6   0   1   1  0.40 0.27
  251 V   -1 -2 -1 -1 -1 -1 -1 -3 -3  2  2 -2  1 -1 -1 -1  0 -1 -2  3    5   2   4   4   2   2   3   2   0  12  17   2   2   2   3   3   5   1   1  27  0.24 0.19
  252 S    0 -2  1  1  0 -1  0 -2  0 -4 -2 -2 -2 -3 -1  4  1 -6 -4 -2    5   1   6   8   2   1   5   2   2   0   3   2   1   1   3  44   9   0   0   3  0.60 0.43
  253 E   -2 -1  0  2 -6  1  5 -3 -2 -2 -4 -1 -2 -3  0  0  0 -6 -2 -1    2   2   4   9   0   6  42   2   1   2   1   3   1   1   4   6   7   0   2   6  0.67 0.43
  254 Y   -1 -2 -1 -4 -2 -4 -2 -3 -1 -1 -1 -3  0  2 -3  0  0  1  7 -1    5   2   3   0   1   0   2   2   1   4   6   2   2   6   1   8   5   1  43   4  0.88 0.46
  255 E   -1  0  1  2 -5  2  4 -3  2 -1 -1  0 -3 -4 -2 -1 -1 -5  0 -2    6   4   5  11   0   9  31   1   4   3   6   6   0   0   2   4   3   0   3   2  0.46 0.31
  256 L   -1 -4 -3 -3 -1 -2 -2 -5 -2  2  3 -2  2  0  0 -2 -1 -4  0  1    6   0   1   2   1   2   2   0   1  15  37   2   6   4   5   2   3   0   3   8  0.45 0.27
  257 P    0 -2 -5  0 -6 -2 -2 -6 -1 -1 -3 -2 -5 -3  7 -1 -2 -6  1 -3    7   2   0   6   0   2   2   0   1   4   3   3   0   1  52   5   3   0   4   2  1.30 0.63
  258 E   -1  0 -1  1 -2  2  2 -3  1 -1  0 -1 -1  0 -1 -1  0 -1  3 -1    4   4   2   9   1  12  14   1   4   4  10   3   1   3   3   4   5   1  11   4  0.21 0.18
  259 D   -2 -2  2  5 -6 -2 -1  0  0 -5  0 -3 -2 -1  0 -2  0 -6 -2 -3    2   3   9  41   0   1   4   9   2   0  11   1   1   3   4   2   5   0   1   1  0.73 0.40
  260 P   -1  0 -1  1  0 -1 -1  0  1 -2 -2  0 -1 -1  5  0 -1  0 -2 -1    5   6   3   8   2   2   3   6   3   1   4   6   1   3  28   9   2   2   1   4  0.44 0.24
  261 K   -1  1  0  0  1  2  1  0  0 -2 -1  3 -1 -2 -1  0 -1 -3 -1  0    4   6   3   6   3   9  12   7   2   2   5  20   2   2   2   4   2   0   2   7  0.17 0.13
  262 W   -2 -3 -3 -2 -3  0 -3  0 -2  0  0 -2  0  1 -1 -3 -1  8  2 -1    3   1   0   3   0   4   1   7   0   7   8   3   3   5   4   1   4  34   9   3  0.85 0.31
  263 E    0  1  1  1 -4  1  4 -1  1 -1 -2  0 -2 -3 -2  1 -1 -4 -3 -2    5   9   7   4   0   5  33   5   4   4   5   4   0   0   0  11   1   0   0   1  0.37 0.18
  264 F    0 -3 -3 -3  3 -2 -3 -3 -2  1  1 -3  2  2 -3 -1  1  5  2  1   10   0   0   0   9   0   1   1   0  10  10   1   9   9   0   1  10   9   9  10  0.27 0.13
  265 P   -1 -1 -1  1 -1 -1  0 -1  1 -6 -3  0 -1 -2  6  1 -2 -7 -5 -3    5   3   3   7   2   3   7   4   3   0   2   5   2   2  38   9   2   0   0   2  0.81 0.54
  266 R   -1  6  0 -3  0 -2 -2 -3  0 -2 -3 -1  0 -2  1 -3 -2  1 -1 -3    5  50   4   2   2   2   3   2   2   2   3   3   2   2   7   2   3   2   2   2  1.00 0.66
  267 D    0  0  1  3  1  1  2 -1  1 -2 -2  0  0 -1 -4  0  0  1  0 -1    6   4   6  16   3   5  14   4   4   3   3   6   3   3   0   7   5   3   3   4  0.20 0.19
  268 K    0  0  0  0  2  1  0 -1  2  0 -1  0  1  1 -3  0  0  3  1 -2    6   6   5   6   5   5   6   6   5   6   6   6   5   5   0   6   6   5   5   0  0.09 0.12
  269 L   -5 -8 -8 -9 -7 -7 -8 -9 -8  5  5 -8 -2 -4 -8 -7 -4 -7 -6  2    1   0   0   0   0   0   0   0   0  30  52   0   1   0   0   0   1   0   0  15  1.74 0.73
  270 T   -2  2 -2 -2 -3  0  1 -2  0  1 -1  2 -1 -3 -5  0  2 -6 -4  1    3  12   2   2   0   5   9   2   3   8   5  15   1   1   0   7  14   0   0  11  0.30 0.24
  271 L   -6 -6 -8 -6 -7 -3 -6 -9 -7  3  5 -7  3  3 -4 -3 -3 -6 -2 -1    0   0   0   0   0   1   1   0   0  16  51   0   7  14   1   2   1   0   2   4  1.32 0.60
  272 G   -3 -2  0 -1 -2 -1  1  4  1  0  0  0  1 -2 -6 -2 -2 -6 -4 -1    1   2   4   4   1   3  10  34   4   7  10   7   3   2   0   2   3   0   0   4  0.47 0.30
  273 K   -3  4  0  1 -3  2  3 -2  1 -3 -7  4 -4 -8 -3 -2 -2 -4 -5 -5    2  19   4   8   1   7  16   4   3   1   0  27   0   0   1   3   2   0   0   1  0.82 0.47
  274 P   -1 -1 -1 -2 -1  1  2 -4 -2  2  0  1 -1 -1  1  0  1 -6 -4  2    4   3   2   2   1   6  14   0   1  11   7   9   1   3   6   6   8   0   0  13  0.21 0.19
  275 L   -5 -8 -1 -9 -8 -1 -9-10 -9  4  6 -8 -4 -6 -9 -6 -7 -8 -7 -1    1   0   3   0   0   3   0   0   0  23  66   0   0   0   0   1   0   0   0   3  1.87 0.80
  276 G   -4 -4 -3 -4-10 -9 -9  7 -9-11-11 -8-10-10 -9 -4 -1-10-10-10    2   1   2   1   0   0   0  90   0   0   0   0   0   0   0   1   3   0   0   0  2.77 1.10
  277 E   -2  0 -1 -3 -3  3  5 -5  1 -8 -8  2 -7 -6 -7  2 -3 -9 -5 -5    3   5   3   1   1  15  39   1   4   0   0  10   0   0   0  16   1   0   0   1  1.16 0.67
  278 G   -2 -9 -2 -4 -2 -1 -9  7 -9-11-11 -9-10-11-10 -7 -9-10-11-10    3   0   2   1   1   3   0  91   0   0   0   0   0   0   0   0   0   0   0   0  2.85 1.19
  279 C    5 -3  1 -6  3  0  1 -5  0 -5 -7 -4 -4 -4 -2  0 -3 -8 -5 -5   52   1   8   0   7   5  10   1   2   1   0   1   0   1   2   7   2   0   0   1  1.16 0.65
  280 F   -9-10-10-11 -9-10-10-11 -3 -7 -3-10 -7  9-11 -2 -2 -7  0 -4    0   0   0   0   0   0   0   0   1   0   2   0   0  86   0   4   3   0   3   2  3.30 1.31
  281 G   -3 -8 -7 -3 -2 -8 -8  7 -8-10-10 -8 -9 -9 -9 -2 -1 -9 -9 -9    2   0   0   2   1   0   0  87   0   0   0   0   0   0   0   3   4   0   0   0  2.64 1.11
  282 Q   -3  2  0 -2 -4  4  2 -5 -2 -2 -2  3  3 -4 -5 -2  0 -3 -3  0    2  11   4   3   0  17  13   1   1   3   3  18   7   1   0   2   6   0   1   7  0.59 0.41
  283 V   -7 -9 -4 -9 -8 -8 -9 -9 -9  0 -4 -3 -6 -8 -9 -8 -3 -9 -8  7    0   0   1   0   0   0   0   0   0   4   1   2   0   0   0   0   1   0   0  90  2.86 1.28
  284 V   -4 -2 -5 -4 -2 -3 -7 -7  1 -1 -1 -4  3  3 -7 -4 -5  5  6  3    2   3   1   1   1   1   0   0   3   4   7   1   7  11   0   1   1   7  27  23  1.17 0.61
  285 M   -3  3 -1 -3 -1  1  2 -2 -1 -1  1  4  2 -3 -4 -2 -3 -5 -1 -1    2  15   2   1   1   7  13   3   1   3  11  23   5   1   1   2   2   0   2   4  0.50 0.34
  286 A    5 -2 -5 -5  0 -4 -4  4 -2 -4 -4 -3 -5 -3 -5 -2 -3 -6 -2 -4   44   3   1   1   2   1   2  32   1   1   2   2   0   1   1   3   2   0   1   1  1.29 0.65
  287 E   -3 -1 -1  0 -2  1  4 -2  0 -1 -2  1 -2 -3 -6  0  2 -1  0 -2    2   4   3   5   1   6  30   4   2   3   4   8   1   1   0   6  11   1   3   3  0.52 0.36
  288 A    5 -2 -4 -6  0 -3 -6  0 -2  0  1 -4  0 -4 -3 -2 -2 -1 -1  0   44   3   1   0   2   2   1   9   1   5  12   1   2   1   2   3   3   1   2   6  0.79 0.47
  289 V   -2  0 -1 -1 -1  0 -1 -4 -1  2  1  1  1  2 -2 -2  0  0  2  1    3   5   3   3   2   4   4   1   2  10  13   8   3   8   2   3   6   2   8  10  0.17 0.10
  290 G   -2 -3  2  1 -3 -2 -2  5  0 -3 -2 -2 -2 -2 -2 -1 -2 -1 -1 -1    4   2   8   8   1   2   3  39   2   2   5   3   1   2   3   5   3   1   2   4  0.63 0.35
  291 I   -3 -2 -3 -2 -1 -3 -3 -3 -1  5  3  0  1 -1 -2 -3 -1 -6 -1  1    2   2   1   2   1   1   2   3   1  29  24   5   3   3   2   3   4   0   2   9  0.65 0.32
  292 D   -1  0  1  4  1 -2  0 -1  0 -1 -1 -1 -2 -2  0  1 -2 -1  0 -1    5   5   8  21   3   2   5   6   2   4   6   4   1   2   5   9   3   1   3   5  0.24 0.17
  293 K   -2  1  1 -1 -2 -1  0  2  0 -1 -2  4 -2 -4  1  0 -1 -1 -3 -6    4   6   7   4   1   3   7  15   2   3   4  22   1   1   7   6   4   1   1   0  0.38 0.28
  294 D   -2 -2  2  4 -1  0  1  2  1 -3 -4 -1 -2 -3 -2  0 -1 -1 -2 -3    3   2   8  24   1   5  11  14   3   2   2   3   1   1   2   8   4   1   2   3  0.48 0.31
  295 K   -2  1  1  0  0  0  1  2  0 -3 -2  3  0 -2 -1  0 -1 -1 -2 -1    3   7   6   5   2   4   9  13   2   2   4  17   2   2   3   6   3   1   2   4  0.22 0.16
  296 P    0 -2 -1 -1  0 -1  0  1 -1 -2 -1  0 -1 -1  4  1 -1  0 -1 -1    8   3   2   4   2   3   6   9   1   2   7   6   2   2  20   9   4   1   2   5  0.24 0.18
  297 K    0  0  1  1 -1  1  0  2 -1 -2 -2  2 -1 -2 -1  0  0  0  0 -2    8   5   7   7   2   5   7  14   2   2   3  11   1   2   3   7   6   2   3   3  0.14 0.11
  298 E   -1  0  1  0 -1  0  2  0  1 -2 -2  1 -1 -2  0  1  1  0  0 -2    4   5   6   5   1   4  17   9   3   3   3   8   2   2   4   9   9   2   3   3  0.16 0.14
  299 A    0 -1  0 -1  1  0  0  0 -1 -1 -1  0  0  0  1  1  1  2 -1  0    9   2   4   3   4   4   6   8   1   4   4   5   2   4   6  13   7   3   2   7  0.07 0.08
  300 V    0  0 -1 -4  2 -1 -2 -1  0  2  0 -1  2 -1 -2 -1  2  1 -1  2    6   5   2   0   5   3   2   4   2  14   6   3   6   3   2   4  14   2   2  15  0.17 0.15
  301 T    0  0  0  0  0  0  0 -1  1 -1 -1  1  1 -1  2  1  1 -3  0  0    7   4   4   5   3   5   4   3   3   4   4   7   4   3  12  10   9   0   3   6  0.12 0.08
  302 V    1  1 -2 -2  3 -1 -2 -2 -2  1  0  1  0 -2 -2 -1  1 -3 -2  1   12  12   0   1  11   0   1   1   0  12  12  12   0   0   1   1  12   0   0  12  0.14 0.07
  303 A    4  1 -3 -3 -3 -2 -2 -1 -3 -3 -2  0 -3 -3  1  1  0 -4  0 -1   54   9   0   0   0   0   0   2   0   0   2   7   0   0   5   8   4   0   4   3  0.56 0.30
  304 V   -1  0 -3 -4  0 -3 -2 -4 -3  3  1 -3  2 -2 -3 -2  0 -3 -3  4    3   6   0   0   2   0   2   1   0  16   9   1   6   0   0   1   5   0   0  46  0.53 0.24
  305 K   -3  2  1 -3 -5  1 -2 -4  1 -3 -3  6  2  1 -3 -2 -3 -4 -3 -1    1   7   6   0   0   5   1   1   4   0   1  56   6   6   0   1   0   0   0   4  0.95 0.44
  306 M    0  1 -1 -3  1  0 -1 -1 -3  1  1 -1  4  0 -3  0  2 -3 -2  0    7   7   3   0   3   3   4   4   0   9  10   4  17   4   0   5  14   0   0   5  0.18 0.19
  307 L    0  1  1 -2  2 -1  0 -3 -2  0  0  0  2  1 -3  0  0  4 -1  0    7   7   7   0   7   0   7   0   0   7   7   7   7   7   0   7   7   7   0   7  0.12 0.13
  308 K    0  0  1  0  2  1  0  0  2 -2 -1  0  1 -2  1  0  0 -3  1 -2    6   6   6   6   6   6   6   6   6   0   6   6   6   0   6   6   6   0   6   0  0.12 0.13
  309 D   -1 -1  0  3  1  0  3 -1  1 -2 -3  1  0 -1 -1  0 -2 -8 -7 -1    5   4   4  15   3   3  21   5   3   3   3   7   3   3   4   6   3   0   0   4  0.35 0.27
  310 D   -1  0  0  0  2  0  0 -1  2  0 -1  0  2  1  0 -1  0  3  1 -1    5   5   5   5   5   5   5   5   5   5   5   5   5   5   5   5   5   5   5   5  0.09 0.08
  311 A    5 -3 -3 -3  1 -2 -2 -3  1 -3 -3 -3 -5 -1  1  1  1 -6 -2 -2   50   1   1   1   3   1   2   2   4   1   2   1   0   3   7  11   7   0   2   3  0.80 0.55
  312 T    0 -1  1  2 -2 -2 -2 -1  0 -2 -3 -2 -1 -2 -2  3  4 -6 -2 -2    6   3   7  10   1   2   2   4   2   2   2   2   2   1   2  24  27   0   1   2  0.52 0.40
  313 E    0  0  0  3 -3  1  3 -2 -1 -2 -1  0  0 -1  0  0  0 -5 -2 -2    7   4   3  17   1   6  21   2   1   2   5   5   2   3   5   6   6   0   1   2  0.30 0.24
  314 K    0  1  1  1 -3  1  2 -1  0 -3 -3  2 -1 -3 -3  2  0 -5 -2 -2    7   9   5   7   1   7  14   4   2   2   2  14   2   1   1  14   5   0   1   2  0.28 0.23
  315 D    1 -3  0  4 -6  0  4 -3 -2 -3 -3 -3 -2 -4 -2 -2 -1 -6 -1 -3   11   1   4  24   0   4  35   2   1   1   3   1   1   1   2   2   3   0   2   2  0.82 0.51
  316 L   -2  3 -3 -3 -2  1  0 -4  0  1  1  2  1  0 -4 -3 -2 -1  0  1    3  16   0   1   1   7   5   1   3   8  16  16   4   5   0   1   1   1   3   9  0.33 0.26
  317 S    0  2  0 -1 -1  1  1 -3  0  0  0  2  1 -1 -3  1 -1  2 -2 -1    6  11   4   3   2   7  10   1   2   6   8  11   4   3   1  12   3   3   1   2  0.16 0.17
  318 D    0 -1  1  5 -2  0  2 -1  3 -3 -5 -1 -4 -3 -4 -1 -1 -5 -2 -3    8   3   6  32   1   3  15   4   7   1   0   2   0   1   0   5   3   0   1   1  0.55 0.36
  319 L   -4 -5 -5 -1  0 -4  0 -6 -4 -1  3 -1  1  6 -5 -5 -4 -4  0 -2    0   0   0   4   2   0   6   0   0   3  28   5   4  36   0   0   0   0   2   2  0.87 0.49
  320 V    0 -1 -3 -1 -1 -1 -1 -3  0  0  3 -1  2  1 -4 -2 -1  0 -1  1    7   3   0   5   1   2   3   1   2   5  33   3   5   5   0   2   2   1   2  10  0.20 0.21
  321 S   -1  2  1 -1 -1  1 -1 -2  1 -2 -1  1  0 -1 -3  2 -1 -5 -3 -2    4  15   7   3   2   6   3   2   4   1   7   9   3   3   0  20   3   0   0   1  0.21 0.24
  322 E   -4 -3 -3  0 -7 -2  6 -5  2 -5 -2  0 -4  0 -5 -3  0 -6 -4 -5    0   0   0   4   0   0  65   0   5   0   4   5   0   4   0   0   5   0   0   0  1.31 0.64
  323 M    2 -4 -1 -4  2 -3 -1  0 -4  2  1 -4  2  1 -4 -1 -1 -4  1  0   24   0   4   0   4   0   4   7   0  12  11   0   7   5   0   4   4   0   5   5  0.25 0.26
  324 E    0  0  1  0  0  1  2 -2  2  0  0  0  0 -1 -3  0 -1 -4  0 -1    6   4   6   6   3   7  13   3   7   8   8   5   3   3   0   6   3   0   3   4  0.08 0.12
  325 M   -2 -1 -4 -4  0 -1 -1 -5 -1  3  3 -1  3 -1 -4 -1  1 -4 -1  1    2   2   0   0   2   2   3   0   2  17  27   4   8   2   0   3   8   0   2  11  0.34 0.25
  326 M    0 -5 -6 -7  1 -4 -6 -7 -6  0  2 -5  8  0 -6 -5 -1  2 -1  0    6   0   0   0   3   0   0   0   0   4  18   0  53   3   0   0   3   3   3   5  1.57 0.70
  327 K   -2  1  0 -1 -2  1 -2 -3 -1  0 -2  5  1 -5 -4  1 -1 -5 -4 -3    3   6   3   3   1   5   1   2   1   5   3  47   3   0   0  10   3   0   0   2  0.77 0.48
  328 M    0  0  1  0 -2  1  2 -1  3 -1 -1  1  3 -2 -3  1 -1 -4  0 -2    6   6   5   3   1   7  15   4   9   3   4   9   9   1   0   9   3   0   3   2  0.22 0.21
  329 I   -3 -2 -5 -3 -1 -4 -5 -6 -4  3  3 -4  0  5 -3 -2 -2 -4 -1  2    2   3   0   1   1   0   0   0   0  20  25   0   2  27   1   3   1   0   1  12  0.76 0.41
  330 G   -1 -1  0  2  0 -1  0  3  0 -2 -2 -1 -2 -1 -1  1 -1 -3 -1 -3    3   3   5  11   2   2   5  30   2   3   4   4   0   3   3  12   3   0   2   1  0.31 0.19
  331 K   -1  1  1  0  2  1  0  0  2 -2 -4  2 -3 -2  1  1  1 -4  0 -2    4   7   6   5   6   6   4   6   5   2   0  13   0   2   8   9   8   0   3   2  0.19 0.19
  332 H   -4  0  1 -1  4  0 -1 -5  8 -6 -5 -4 -5  0  0 -1 -1 -5  1 -5    0   4   5   4   9   4   5   0  42   0   0   0   0   4   4   4   5   0   4   0  1.27 0.65
  333 K    1  1  1  0 -3  1  1 -1  3 -1 -1  0  0  0  0  1  0 -3  0 -1   12   8   6   4   0   5   8   3   9   3   7   4   3   4   5   9   4   0   4   4  0.10 0.09
  334 N   -1 -1  7 -2 -3 -1 -3 -1  5 -5 -5 -2 -5 -1 -5 -2 -1 -5 -2 -5    5   2  58   0   1   2   0   5  16   0   0   1   0   2   0   1   3   0   1   0  1.46 0.60
  335 I    0 -5 -5 -5 -3 -4 -5 -5 -5  5  1 -5  0  0 -5 -4 -3 -4 -3  4    8   0   0   0   0   0   0   0   0  44   9   0   1   4   0   0   0   0   0  30  1.03 0.44
  336 I   -3 -1 -5 -5  1 -4 -5 -5 -5  3  2 -4  0 -3 -5 -4 -2 -5 -4  5    0   3   0   0   3   0   0   0   0  17  19   0   1   0   0   0   2   0   0  48  0.93 0.44
  337 N   -1  2  4  0  3  1 -1 -1  0 -4 -3  2 -3 -1 -2  1  0 -5 -2 -4    6  12  20   5   8   7   3   4   1   0   1  11   0   4   1   9   4   0   1   0  0.40 0.26
  338 L   -2 -5 -5 -6  0 -2 -5 -6 -5  1  4 -5  3  4 -5 -1 -4 -4 -1 -1    2   0   0   0   2   2   0   0   0   7  52   0   9  16   0   4   0   0   2   2  0.96 0.44
  339 L   -2 -3 -4 -5  1 -2 -3 -5 -1  3  3 -3  1  0  0 -3 -3 -3  1  1    3   1   0   0   3   1   1   1   2  15  40   1   4   3   4   1   0   0   6  11  0.52 0.27
  340 G    0  0 -3 -4 -5 -4 -2  6  0 -6 -5 -4 -5  0 -5 -1 -4 -5 -5 -5    7   5   0   0   0   0   2  72   2   0   1   0   0   4   0   4   0   0   0   0  1.55 0.59
  341 A    2 -4 -4 -4  5 -1 -4 -2  0  1 -2 -4 -1 -1 -4 -1 -1  0  0  4   17   0   0   0  16   3   0   3   3   7   2   0   1   3   0   3   3   1   4  32  0.57 0.32
  342 C   -1 -5  0 -5  9 -4 -5 -5  1 -1 -4 -5 -1 -2 -5  0 -2 -5 -1  1    5   0   5   0  52   0   0   1   3   3   1   0   2   2   0   7   2   0   2  12  1.62 0.59
  343 T   -1 -1 -1 -4 -1 -2 -1 -3  0 -1  0 -2  0  0 -3  2  5 -5 -2 -1    4   3   2   0   1   1   3   1   3   2  11   2   2   5   1  13  42   0   1   2  0.57 0.37
  344 Q   -2  2 -1  2 -2  3  1 -2  2 -1 -2  1 -1 -1  0 -1 -1 -1  0 -2    1  12   2  11   1  16   9   3   6   3   4   9   2   2   4   4   3   1   4   2  0.26 0.19
  345 D   -1  1  2  2 -2  0  1  2  0 -1 -2  1 -2 -3 -1  1  0 -1 -2 -2    3   6  11  12   1   3   8  14   2   5   4   7   1   1   2  12   4   1   1   2  0.19 0.15
  346 G    0  0  0  0  2  0  0 -1  1  0 -1  0  1  0  0  0  0  3 -2  0    5   5   5   5   5   5   5   5   5   5   5   5   5   5   5   5   5   5   0   5  0.06 0.09
  347 P   -2 -2  0  0 -3 -3  1 -4 -2 -4 -3 -2 -3 -5  7  0 -2 -6 -3 -4    2   2   5   6   1   1   8   1   1   1   2   2   1   0  56   7   2   0   1   1  1.45 0.62
  348 L   -2 -1 -3 -4 -2 -1 -3 -2  2  1  3 -1  2  0  1 -1 -1  0  0  0    3   3   1   0   1   3   1   3   5   9  36   3   6   3   6   4   4   1   3   6  0.31 0.23
  349 Y   -1 -2 -4 -5  3  0 -1 -4 -1 -2  1 -1  3  2 -5 -1 -3  2  6 -2    5   1   0   0   6   5   5   1   1   2  14   3   8   9   0   4   0   3  30   1  0.70 0.38
  350 V   -2 -4 -1 -2 -2 -3 -4 -5 -4  3  2 -4  2 -2 -1  0 -1 -4 -3  4    1   0   3   3   1   0   0   0   0  20  22   0   6   0   3   7   2   0   0  30  0.56 0.31
  351 I   -2  0 -4 -1 -1 -3 -2 -5 -4  5  1 -2  0  0 -4 -4 -2 -4 -3  3    1   6   0   3   2   0   3   0   0  44  13   3   1   4   0   0   1   0   0  17  0.69 0.36
  352 V   -2 -4 -4 -4 -3 -2 -3 -5 -4  2  2 -4  5  1 -4  0  0 -4 -1  3    1   0   0   0   0   1   1   0   0  12  16   0  17   7   0   7   7   0   2  26  0.57 0.33
  353 E   -1  0 -1  0 -1 -1  6 -5  2 -5 -5  0 -5 -6 -1 -2 -2 -6 -5 -4    6   4   2   5   2   1  63   0   6   0   0   5   0   0   3   1   1   0   0   1  1.26 0.60
  354 Y   -4 -4 -3 -1 -1 -4 -4 -5  0 -2  1 -2  1  3 -1 -2 -4  4  6 -3    0   0   1   4   1   0   0   0   2   2  17   2   4  12   4   3   0   6  40   0  1.03 0.49
  355 A    2 -4 -4 -2  6 -2 -2 -4 -4 -1  0 -1  5  0 -4  0 -2 -4 -4  1   19   0   0   3  21   1   2   0   0   2   6   4  21   4   0   7   1   0   0   8  0.69 0.40
  356 S    0  0  2 -1  0 -1  1 -1 -1 -3 -3  2 -1 -2  3  1  1 -4 -2 -2    8   4  10   2   2   1  10   4   1   1   2  12   2   2  14  13   9   0   1   1  0.29 0.19
  357 K    0  0  1 -2 -2  1 -1  0  4 -3 -2  2 -1  2 -3 -1 -1 -1  4 -3    6   3   9   1   1   7   3   6  11   1   4  15   1   8   1   4   2   1  16   1  0.34 0.26
  358 G   -3 -3 -2  0  0 -5 -2  6 -5 -6 -3 -2 -5 -1 -1 -3 -2 -6 -6 -6    0   1   1   5   2   0   2  73   0   0   3   2   0   3   3   1   2   0   0   0  1.52 0.64
  359 N   -2 -1  4  5  1 -3  0 -1  0 -5 -3 -1 -4 -3 -4  0  0 -6 -5 -5    3   2  27  33   3   0   5   4   2   0   3   3   0   1   0   7   7   0   0   0  0.82 0.43
  360 L   -4 -4 -5 -2 -4 -4 -1 -6 -5  1  5 -2  2 -1 -5 -2 -1 -5 -4 -1    0   0   0   3   0   0   4   0   0   6  67   2   4   2   0   4   3   0   0   3  0.99 0.49
  361 R   -1  3 -1 -3 -2  2  0 -3  2 -2  1  2 -2 -3 -3  1 -2 -1  0 -2    4  17   3   0   1  11   5   1   5   1  19  16   0   0   0  10   1   1   3   2  0.35 0.26
  362 E    0  0  2  2 -1  1  2  0  1 -2 -4  0 -2 -3  0  1  1 -5 -3 -3    6   3  11  14   1   5  18   6   4   3   0   4   1   1   3  12   8   0   0   0  0.34 0.22
  363 Y   -1 -3 -3 -4 -3 -1 -2 -5  1 -3 -1 -2 -2  5 -1 -3 -4  0  6 -2    4   1   1   1   1   3   3   1   3   1   5   2   1  29   3   1   0   1  38   3  1.16 0.50
  364 L   -2  1  1 -2 -3 -1 -2 -3 -1  1  1 -1  2  2  2 -1  1 -2  2  1    1  10   9   0   0   0   1   1   0  10  10   1   9   9  10   1  10   0   9  10  0.17 0.11
  365 R   -1  3  1 -1  0  0 -1 -2  1 -1 -1  1  1 -3 -1  0 -2  2  2 -1    5  23   8   3   3   4   3   3   3   3   7   6   4   0   3   8   0   3   7   3  0.23 0.18
  366 A    1  0  0 -1  0  0  1 -1  0 -1 -2  1  0 -1  1  1  0 -4  0  0   11   6   4   3   2   5   7   3   2   2   3  10   3   2   8  14   5   0   4   7  0.13 0.12
  367 R   -2  3  2  0  1  0 -1 -1  4 -1 -3  0 -1 -2 -4  1 -1 -4  0 -2    3  19  11   4   4   3   3   5  12   5   2   5   2   2   0  13   2   0   3   2  0.36 0.27
  368 R   -2  6 -1 -1 -1 -1 -1 -2 -1 -3 -4  2 -4 -5 -1  1 -4  0 -5 -3    2  48   2   4   2   2   4   3   2   2   2  11   0   0   3  10   0   1   0   2  0.97 0.54
  369 P   -1 -2 -2 -1 -1  1  1 -1  1 -1 -2  0 -1 -2  5 -1 -1 -5 -1 -2    6   2   2   2   1   8  10   4   4   4   4   5   2   2  32   5   3   0   2   3  0.57 0.34
  370 P    0  0  0  0  1  0  0 -1  1  0 -1  0  1  0  0  0  0 -3  1  0    5   5   5   5   5   5   5   5   5   5   5   5   5   5   5   5   5   0   5   5  0.03 0.05
  371 G    1 -1  2 -1 -1  0  0  2 -1 -1 -3 -2  0  1 -1  1 -1  0  0  0   12   3   8   4   2   4   6  15   2   3   3   3   2   6   4   9   4   1   3   6  0.13 0.12
  372 M   -1 -1  1  1  1  1  0 -1  1  0  0  0  2  0  0  0  0  1  0  0    4   3   6   8   3   6   6   4   3   5   8   5   6   3   5   5   5   2   4   8  0.05 0.05
  373 E   -1  0  0  1  1  2  2 -1  1 -1 -1  0  0  0  0 -1 -1  2  0 -1    4   4   5   8   3   8  16   4   4   3   5   5   3   3   5   5   4   3   3   4  0.14 0.14
  374 Y   -1  0  0  0  2  0  0 -1  2  0 -1  0  2  1  0 -1  0  3  1 -1    5   5   5   5   5   5   5   5   5   5   5   5   5   5   5   5   5   5   5   5  0.09 0.08
  375 S   -1  0  0  0  2  0  0 -1  2  0 -1  0  2  1  0 -1  0  3  1 -1    5   5   5   5   5   5   5   5   5   5   5   5   5   5   5   5   5   5   5   5  0.09 0.08
  376 Y   -2 -1  1  0  0 -1  0 -1  1  0 -1  0  0  2  0  0 -1  1  4 -1    4   3   5   6   2   3   6   6   3   5   5   5   2   7   5   7   4   2  15   4  0.19 0.14
  377 D    0 -1  2  4  0  0  0  0  0 -2 -2 -1 -1 -1  0  0  0 -5 -1 -2    6   3  10  23   2   4   7   7   2   2   3   4   2   2   5   7   5   0   3   3  0.27 0.23
  378 I    0  0  1  0  0  0  0 -1  0  1  1  0  0  0  0  0  0 -3  0  0    6   4   7   4   3   3   5   4   2  10  13   5   3   3   4   6   6   0   3   8  0.02 0.03
  379 N   -1  0  0  0  2  0  0 -1  2  0 -1  0  2  1  0 -1  0  3  1 -1    5   5   5   5   5   5   5   5   5   5   5   5   5   5   5   5   5   5   5   5  0.09 0.08
  380 R    0  0  0  0  1  0  0 -1  1  0 -1  0  1  0  0  0  0 -3  1  0    5   5   5   5   5   5   5   5   5   5   5   5   5   5   5   5   5   0   5   5  0.03 0.05
  381 V   -1 -1  0  0  1  0 -1  0  0  1  0 -1  1  0  1  0  0 -4  0  1    4   3   6   6   3   3   4   7   3   8   9   4   4   4   7   5   7   0   3  10  0.04 0.04
  382 P   -1  0  0  0  2  0  0 -1  2  0 -1  0  2  1  0 -1  0  3  1 -1    5   5   5   5   5   5   5   5   5   5   5   5   5   5   5   5   5   5   5   5  0.09 0.08
  383 E    0  0  0  0  1  0  0 -1  1  0 -1  0  1  0  0  0  0 -3  1  0    5   5   5   5   5   5   5   5   5   5   5   5   5   5   5   5   5   0   5   5  0.03 0.05
  384 E   -1  0  0  0  2  0  0 -1  2  0 -1  0  2  1  0 -1  0  3  1 -1    5   5   5   5   5   5   5   5   5   5   5   5   5   5   5   5   5   5   5   5  0.09 0.08
  385 Q   -1  1  0  0 -2  2  1 -1  1 -1 -1  0  0 -1  2  1  0 -3 -1 -1    5   7   4   5   1  12   8   4   3   4   5   6   2   2   9  10   6   0   2   4  0.16 0.12
  386 M   -3 -3 -3 -3 -4 -3 -4 -4 -4  2  4 -4  2  0 -1 -2 -2 -4 -2  1    2   2   2   2   0   1   1   1   0  13  49   1   6   4   4   3   3   0   1   7  0.75 0.38
  387 T   -2 -2  0 -1  0 -3 -1 -2 -2 -2 -3 -2 -2 -3 -2  2  5 -6 -2 -3    3   2   5   4   2   1   3   3   1   3   2   2   1   1   2  18  44   0   1   2  0.84 0.52
  388 F   -1 -2 -1 -2 -2  0 -1 -3  1  0  2 -2  2  2  1  1  0  0  1  0    5   1   2   2   1   4   4   1   3   4  21   1   5   9   7  12   6   1   5   5  0.17 0.16
  389 K    0  2 -1 -1 -1  1  0 -2  0 -1 -1  3  1 -2  0  0  0 -2 -1 -1    6  12   2   2   2   7   5   3   2   3   6  22   4   2   4   6   7   1   2   3  0.21 0.17
  390 D   -1  0  1  6 -1  2  2 -5  1 -4 -4 -1 -2 -2 -5 -1 -2 -6 -3 -3    4   4   5  46   1  10  10   0   3   1   1   3   1   2   0   4   2   0   1   2  0.95 0.47
  391 L   -2 -3 -3 -6 -1 -1 -5 -6 -5  2  5 -3  3  0 -5 -3 -4 -4 -1 -1    2   1   1   0   1   3   0   0   0  10  61   2   9   4   0   1   0   0   2   2  1.00 0.47
  392 V   -2 -2 -3 -2 -1 -4 -4 -4 -2  3  3 -3  2 -1 -5 -3  1  0 -1  2    3   2   1   2   1   0   0   1   1  15  33   1   4   2   0   1   9   1   2  18  0.51 0.28
  393 S    0  0  1  0  2  1 -1 -1  1 -1 -2  0  0 -1 -3  2  0 -1  0 -1    6   5   6   6   5   7   3   4   4   3   3   7   3   2   0  22   4   1   3   3  0.15 0.14
  394 C   -2 -4 -4 -5  3 -1 -4 -5 -3  2  0 -4  5  5 -4 -4 -2  3  2  0    3   0   0   0   8   3   0   0   0  15   7   0  16  30   0   0   2   4   6   4  0.80 0.37
  395 T    3 -3 -2 -3  4 -2 -3  0 -3 -1  0 -2  1 -3 -2  1  1 -4 -3  0   38   0   0   0  10   0   1   8   0   4   8   0   4   0   0  12   8   0   0   4  0.43 0.26
  396 Y   -1  0 -1 -3  0 -1 -1  0  1  0  0 -1  0  1 -3 -1 -1  5  4  0    5   4   2   0   3   3   4   7   4   5  10   3   2   5   0   3   3   9  19   7  0.22 0.14
  397 Q   -1 -2  0  3  1  6  1 -1  2 -4 -2 -2  1 -5 -4 -2 -3 -5 -4 -4    4   0   4  20   4  44   8   3   4   0   4   0   3   0   0   0   0   0   0   0  0.90 0.44
  398 L   -2  0 -4 -5  3 -3 -4 -5 -4  4  0 -3 -1 -2 -4 -2 -1 -4 -3  4    2   6   0   0   7   0   0   0   0  37   7   0   0   0   0   2   3   0   0  35  0.72 0.25
  399 A    5 -3 -3 -3  2 -3 -3 -1 -3 -3 -3 -3 -3 -4 -3  2  2 -5 -4 -1   59   0   0   0   5   0   0   2   0   0   0   0   0   0   0  13  15   0   0   4  0.88 0.32
  400 R    0  3  0  0  0  2  0 -2 -1 -2 -2  3  0 -2 -3  0  0 -1 -2  0    5  24   4   5   3   9   2   1   1   1   3  18   2   1   0   6   4   1   1   7  0.31 0.14
  401 G    0 -2 -3  0 -5 -4 -4  6 -4 -6 -6 -4 -5 -6 -5  0 -3 -6 -6 -5    8   3   0   5   0   0   0  79   0   0   0   0   0   0   0   6   0   0   0   0  1.63 0.41
  402 M   -1 -1 -1 -5  4 -3 -4  1 -4 -1  0 -4  7 -3 -5 -3 -3 -4 -4  2    3   3   3   0   9   0   0  11   0   0   6   0  51   0   0   0   0   0   0  13  1.04 0.37
  403 E    0  0  0  1  0  1  4 -2  2 -2 -2  0 -1 -3 -3  1 -1 -4 -1 -1    7   3   2   5   2   3  38   2   7   2   2   5   2   0   0   9   3   0   2   4  0.40 0.18
  404 Y   -3 -3  0 -4  4  0 -3 -5  4 -4 -3 -3 -3  3 -5  1 -3 -1  6 -4    0   0   5   0  10   5   0   0  12   0   0   0   0  14   0  10   0   0  44   0  1.11 0.36
  405 L    1  1 -3 -4 -2 -2 -3 -3 -2  2  1 -1  3  2 -3 -2 -1 -2 -1  1   14  14   0   0   0   0   0   0   0  14  14   0  14  14   0   0   0   0   0  14  0.24 0.08
  406 A    3 -3 -1  0  1 -1  2 -1  0 -2 -4 -3 -4 -2 -3  3  0  0 -2 -2   30   0   2   5   3   1  14   5   2   2   0   0   0   1   0  27   3   1   2   2  0.51 0.33
  407 S    0 -1  0  1  1  1  1 -1  0 -4 -2  0 -1 -1 -3  4  0  1 -3 -2    5   3   3   6   3   5  10   4   2   0   3   6   2   3   0  38   3   2   0   2  0.41 0.33
  408 Q   -2  3  1 -3 -5  1 -1 -2  3 -1 -1  4  2 -4 -4 -1 -1 -5 -1 -2    2  14   8   0   0   4   2   3   7   4   7  29   8   0   0   4   3   0   3   2  0.45 0.32
  409 K    0  1  1  1 -3  1  1  0  2 -2 -1  1  1  1 -3  0  0 -4 -2 -2    7   7   7   7   0   7   7   7   7   0   7   7   7   7   0   7   7   0   0   0  0.15 0.14
  410 C    0 -3 -3 -4  3 -2 -3 -3  2  1  0 -3  2  1 -3  0  0  4  2  0    8   0   0   0   8   0   0   0   8   8   8   0   8   8   0   8   8   8   8   8  0.21 0.19
  411 I    0 -4 -5 -5  3 -4 -4 -5 -4  4  1 -4  2  1 -4 -3 -2 -4 -2  3    7   0   0   0   7   0   0   0   0  37   9   0   7   7   0   0   0   0   0  25  0.66 0.24
  412 H   -4 -3 -2 -4 -7 -2 -3 -5 10 -5 -1 -3 -4 -4 -5 -4 -4 -5 -1 -5    0   0   0   0   0   0   0   0  92   0   8   0   0   0   0   0   0   0   0   0  2.86 0.56
  413 R   -3  7 -3 -4 -6 -1 -3  0 -3 -6 -5  1 -2 -6 -4 -1 -3  0 -5 -5    0  80   0   0   0   0   0   8   0   0   0   6   1   0   0   3   0   1   0   0  1.75 0.42
  414 D   -4 -4 -1  7 -6 -3  0 -4 -4 -6 -6 -3 -6  0 -5 -3 -1 -7 -5 -6    0   0   0  87   0   0   3   0   0   0   0   0   0   5   0   0   5   0   0   0  2.07 0.45
  415 L   -4 -5 -6 -6 -4 -4 -5 -6 -5  2  5 -5  1  1 -5 -3 -3 -4 -3  0    0   0   0   0   0   0   0   0   0  10  78   0   1   5   0   1   0   0   0   4  1.20 0.31
  416 A    6 -4 -3 -4 -3 -3 -3  0 -4 -4 -4 -3 -4 -5 -3  2 -2 -5 -4 -3   83   0   0   0   0   0   0   5   0   0   0   0   0   0   0  13   0   0   0   0  1.39 0.39
  417 A    5 -4 -3 -4  2 -3 -3 -2 -4 -4 -3 -3 -3 -4 -3  1  1 -5 -4 -2   74   0   0   0   5   0   0   1   0   0   1   0   0   0   0   8  10   0   0   0  1.15 0.35
  418 R   -4  7 -3 -5 -6  0 -3 -5 -3 -5 -1  0 -4 -6 -5 -3 -4 -6 -5 -5    0  92   0   0   0   2   0   0   0   0   6   0   0   0   0   0   0   0   0   0  2.17 0.49
  419 N   -4 -3  8 -1 -6 -3 -3 -3 -2 -6 -6 -3 -5 -6 -5  1 -2 -7 -5 -6    0   0  89   0   0   0   0   0   0   0   0   0   0   0   0  11   0   0   0   0  2.26 0.51
  420 V   -2 -4 -5 -5  6 -4 -5 -5 -5  4 -1 -4 -1 -3 -4 -3 -2 -4 -4  4    2   0   0   0  26   0   0   0   0  33   2   0   0   0   0   0   0   0   0  34  1.10 0.28
  421 L   -3 -4 -4 -5 -4 -3 -4 -5  2  0  5 -4  4 -1 -4 -4 -3 -3 -1 -1    0   0   0   0   0   0   0   0   6   1  73   0  14   1   0   0   0   0   1   1  1.10 0.29
  422 V   -2 -4 -5 -5 -3 -4 -4 -5 -4  2  2 -4  2 -2 -4 -3 -2 -4 -3  5    0   0   0   0   0   0   0   0   0   8  22   0   5   0   0   0   0   0   0  61  0.97 0.27
  423 T    2 -2  1  1  0 -2 -2  2 -1 -3 -3 -2 -2 -3 -3  2  3 -4 -2 -2   17   1   7   7   2   1   0  21   2   0   1   0   1   1   0  14  22   0   1   2  0.38 0.14
  424 E    1 -1  1  3 -3  1  4 -1  1 -3 -3  0 -2 -3 -1  0 -1 -4 -2 -2   11   1   5  18   1   4  33   3   4   1   1   3   1   1   2   6   3   0   1   1  0.48 0.15
  425 N   -2  1  4  3 -3  0  0  2  0 -4 -4  0 -3 -3 -2  1 -1 -4 -2 -3    1   7  27  19   1   2   4  17   2   0   0   5   1   1   1   8   2   0   1   1  0.54 0.16
  426 N   -2  2  2  1 -1  0 -1 -1  0 -2  1  2  1  0 -2 -1 -2 -3  0 -2    1  13  15   8   2   1   1   5   2   1  15  19   6   3   1   1   1   0   4   0  0.23 0.12
  427 V   -1 -2 -1 -3 -1 -2 -2 -1 -2  3  0 -2  0 -3 -3 -1  2 -4 -3  4    3   2   3   1   1   1   2   5   1  19   4   2   1   0   0   3  14   0   0  39  0.42 0.19
  428 M    1 -5 -5 -6  7 -4 -5 -5 -5  2  0 -5  2 -2 -2 -2 -2 -5 -4  4   11   0   0   0  27   0   0   0   0  11   7   0   7   1   2   1   1   0   0  33  0.94 0.30
  429 K   -3  0 -3 -4 -1 -2 -2 -5 -4 -3 -5  7 -2 -6 -4 -3 -4 -6 -3 -5    1   2   0   0   1   0   0   0   0   2   0  91   1   0   0   0   0   0   1   0  2.11 0.58
  430 I   -4 -6 -6 -7 -4 -6 -6 -7 -6  6  1 -6 -1 -3 -6 -5 -3 -5 -4  3    0   0   0   0   0   0   0   0   0  70   9   0   0   0   0   0   0   0   0  22  1.62 0.44
  431 A    4 -4 -3 -4  4 -3 -3  1 -4 -4 -4 -3 -4  0 -3  4  0 -5 -4 -3   36   0   0   0  12   0   0  11   0   0   0   0   0   5   0  33   3   0   0   0  0.86 0.32
  432 D   -5 -2  1  7 -7 -3 -1 -2 -4 -7 -7 -4 -7 -7 -5 -3 -4 -8 -7 -7    0   2   6  87   0   0   2   2   0   0   0   0   0   0   0   0   0   0   0   0  2.31 0.56
  433 F   -6 -7 -7 -8 -6 -7 -8 -8 -5  1  1 -7 -3  8 -8 -6 -6 -4  1 -4    0   0   0   0   0   0   0   0   0   7  15   0   0  75   0   0   0   0   3   0  2.36 0.68
  434 G   -4  0 -4 -5 -7 -5 -1  7 -6 -8 -8 -5 -7 -8 -7 -4 -6 -7 -8 -8    0   5   0   0   0   0   4  91   0   0   0   0   0   0   0   0   0   0   0   0  2.42 0.70
  435 L   -5 -5 -6 -7 -5 -5 -6 -7 -6  0  5 -1  5  3 -6 -3 -4 -5 -4 -3    0   0   0   0   0   0   0   0   0   3  64   5  15  11   0   2   0   0   0   0  1.41 0.50
  436 A    5 -5 -4 -5  2 -4 -4 -4 -5 -5 -5 -4 -4 -2 -4  4  2 -6 -5 -2   47   0   0   0   4   0   0   0   0   0   0   0   0   2   0  31  13   0   0   2  1.19 0.49
  437 R   -1  7 -2 -5 -2 -1 -2 -1 -1 -4 -6  1 -5 -6 -5 -4  0 -7 -6 -4    5  71   1   0   1   1   1   5   1   1   0   5   0   0   0   0   5   0   0   1  1.70 0.57
  438 D   -3 -2  1  5 -3  2  1 -2 -1 -4 -3  0 -1 -3 -1  0 -2 -5 -1 -4    1   2   5  43   1  11   8   2   1   1   3   6   1   1   3   7   1   0   2   1  0.77 0.31
  439 I   -2  0 -5 -4 -1 -4 -3 -3 -5  4  2 -3  3 -2 -5 -3 -2 -5 -4  4    3   5   0   1   1   0   1   2   0  26  15   1   7   1   0   1   2   0   0  32  0.68 0.28
  440 N    0 -1  0 -1 -2  0  0  0  2 -2 -2 -2  3  0 -3 -2 -2 -2  6 -1    6   3   4   3   1   5   6   8   6   2   2   2   8   2   1   2   2   0  32   4  0.49 0.25
  441 N    0  0  3  1 -2  0  2 -1  0 -3 -1  1 -2 -3 -2  1  1 -4 -2 -3    8   4  18   9   1   3  14   3   3   1   6   7   1   1   1   9   8   0   1   1  0.27 0.15
  442 I    0 -2  1  2 -1  1  1 -1  0  1  0 -1  0 -2 -2  1  0 -2  0 -1    6   1   7  16   1   6  11   4   3   9   8   3   2   1   1  10   5   0   4   2  0.16 0.13
  443 D   -3 -1  2  5 -6  0  1  0  2 -6 -2 -1 -3 -5 -1  0  0 -6 -2 -5    2   3   9  38   0   3   7   7   5   0   5   3   1   0   3   7   5   0   1   0  0.73 0.37
  444 Y   -2 -1  1 -1 -1 -1  1 -4  0 -1 -3 -3  0 -2 -5  0 -1 -3  7  0    3   3   8   3   1   2  11   1   2   4   1   1   2   1   0   7   4   0  38   8  0.83 0.42
  445 Y   -3 -2 -1 -2  1 -5 -2 -6  2 -1 -2 -5  0  0 -6 -2 -1  2  8 -1    3   2   3   2   3   0   3   0   4   3   4   0   3   3   0   3   3   2  53   5  1.46 0.77
  446 K   -1  3 -3  0  0  1  0 -2  0  0 -2  2  0 -1 -4 -1  0  1  1  1    6  17   0   6   2   8   5   3   2   5   3  11   3   2   0   4   5   2   6  10  0.20 0.20
  447 K   -1  2 -1 -2 -1  0 -1 -1  1 -2 -2  4  0 -2 -2  0  0  0  0 -1    4  12   3   2   2   3   3   4   3   2   4  31   3   2   2   7   6   2   3   4  0.38 0.32
  448 T   -1  1  0 -1 -1  1  0  0  1 -1 -2  2 -1 -2 -1  1  2 -4 -3 -2    3   7   5   3   1   5   6   7   4   4   4  16   1   2   3  12  13   0   0   2  0.19 0.20
  449 T   -1  2  1 -2 -1 -1 -1  2 -1 -2 -4  1 -1 -2 -4  2  3 -4 -1 -2    4  10   6   2   1   2   3  15   2   3   1   8   1   2   0  16  19   0   2   2  0.34 0.30
  450 N   -1  2  2  1 -2  1  0  2  3 -3 -5  3 -2 -5 -2  0 -1 -6 -4 -2    3   9  12   8   1   7   7  14   6   1   0  16   1   0   1   7   3   0   0   3  0.40 0.31
  451 G    1 -1 -1  0 -1 -1 -2  4 -4 -4 -3  1 -1 -5 -2  2  0 -5 -5  0   11   3   2   5   2   2   2  34   0   0   2   9   2   0   2  14   5   0   0   7  0.46 0.23
  452 R   -1  3 -2 -4 -1 -1 -2 -3  3 -2  0  2  1  3  1 -2 -2  0 -1 -2    5  21   1   0   2   1   1   1   8   2   8  16   4  13   8   1   1   1   1   2  0.41 0.23
  453 L    0 -2 -6 -6 -4 -1 -5 -6 -5  2  5 -5  2  0 -5 -4 -4 -5  0  1    9   3   0   0   0   3   0   0   0  10  55   0   6   4   0   0   0   0   3   8  0.92 0.37
  454 P    0 -6 -6 -6 -7 -6 -6 -7 -6 -7 -7 -5 -7 -6  8  1 -5 -7  2 -7    6   0   0   0   0   0   0   0   0   0   0   0   0   0  78   9   0   0   7   0  2.61 0.79
  455 V   -1 -4 -5 -5 -3 -4 -4 -5 -4  4  1 -4  0  0 -4 -3 -1  0 -1  4    4   0   0   0   0   0   0   0   0  29   8   0   2   3   0   0   1   2   2  48  0.81 0.25
  456 K   -3  5 -2 -3 -1 -1 -1 -4 -3 -5 -4  5 -1 -5  2 -3 -3 -6 -4 -4    0  32   0   0   2   0   2   0   0   0   0  51   2   0  11   0   0   0   0   0  1.24 0.34
  457 W    0 -6 -7 -8 -6 -5 -6 -6 -5 -6 -5 -6 -4 -3 -7 -6 -6 12 -1 -5    9   0   0   0   0   0   0   0   0   0   0   0   0   0   0   0   0  91   0   0  4.06 0.69
  458 M   -2 -2 -4 -5 -1 -3 -4 -5 -4 -1  1 -4  9 -3 -5  0 -1 -4 -4 -1    1   2   0   0   1   0   0   0   0   2   7   0  73   0   0   9   3   0   0   2  1.69 0.47
  459 A    4 -3 -3  0  0 -3 -2  1 -3 -4 -4 -2 -3 -4  3  2 -2 -5 -4 -3   54   0   0   6   2   0   0  10   0   0   0   0   0   0  13  14   0   0   0   0  0.81 0.27
  460 P   -2 -4 -5 -5  1 -4 -4 -5 -4  1 -1 -4 -1 -3  7 -3 -3 -2 -1 -1    1   0   0   0   4   0   0   0   0   8   8   0   1   1  71   1   1   1   2   3  1.91 0.40
  461 E    0 -3  1 -1 -6 -1  6 -2 -2 -5 -5 -2  0 -6 -4 -2 -3 -6 -5 -4    8   0   7   0   0   0  78   3   0   0   0   0   3   0   0   0   0   0   0   0  1.46 0.41
  462 A    2 -1 -1 -3  1 -2 -2  0 -2  0 -3 -2 -3 -4 -3  5  1 -5 -4 -1   22   2   1   0   3   0   0   5   1   7   0   0   0   0   0  52   5   0   0   2  0.71 0.27
  463 L   -1 -5 -6 -6 -1 -5 -6 -6 -5  4  4 -5  2  1 -5 -4 -3 -4 -1  0    4   0   0   0   1   0   0   0   0  27  55   0   4   4   0   0   0   0   2   2  1.05 0.36
  464 F   -1  0 -1 -1  0  0  0 -2 -1 -1  1  0  1  4 -4 -1  0  3  1 -1    4   6   3   3   3   3   5   3   2   2  14   6   4  23   0   3   6   5   4   2  0.19 0.13
  465 D   -3 -2  0  5 -3  1  2 -3  2 -4 -3 -1 -3 -2 -4  0 -2 -2  3 -5    1   2   2  44   1   7  11   1   6   0   2   2   0   1   0   7   1   0  12   0  0.86 0.32
  466 R   -1  2  2 -2 -1  2 -2  3  1 -4 -3  1 -2 -2 -4 -1 -1 -4  0 -2    5  15  11   1   2  12   0  28   4   0   2   7   0   2   0   3   2   0   4   2  0.45 0.21
  467 V   -1  0 -1 -2  0 -1  0 -4 -1  2  0 -1  1  0 -1 -1  0 -4  0  3    2   5   2   2   2   2   8   0   2  17   5   4   4   5   3   2   7   0   3  25  0.18 0.15
  468 Y   -3 -3  0 -4  1 -3  0 -5  2  0 -2 -3  1  4 -4 -1 -1  3  5 -1    0   0   4   0   4   0   7   0   4   4   0   0   4  22   0   4   4   4  33   4  0.71 0.27
  469 T    1 -2  2  2 -3  2  1  1 -1 -3 -4 -1 -2 -4  2  1  1 -4 -3 -3   11   0  11  11   0  11  11  11   0   0   0   0   0   0  11  11  11   0   0   0  0.40 0.11
  470 H    0 -2 -1 -3  0 -1 -1 -2  1  1  0 -2  0 -1 -1  2  3 -4  0  0    5   1   2   0   2   1   3   2   4   9   9   1   2   2   2  21  27   0   3   4  0.28 0.17
  471 Q   -1  2 -1 -1 -1  4  2 -4  0 -4 -3  3 -1 -2  1  0 -1 -4  0 -4    4   9   1   2   1  21  12   0   2   0   2  21   2   2   7   8   2   0   3   0  0.49 0.21
  472 S    1 -2  0 -1  3 -1  1  1 -2 -3 -3 -1 -2 -3 -2  4  2 -4 -3 -2    8   0   0   0   8   0   8   8   0   0   0   0   0   0   0  57  10   0   0   0  0.53 0.07
  473 D   -2 -2  3  6 -4 -1  0 -2 -1 -4 -4 -1 -3 -4 -3 -1 -2 -4 -3 -4    0   0  17  67   0   0   0   0   0   0   0   0   0   0   0   0   0   0   0   0  0.94 0.10
  474 V    0 -1 -3 -4  1 -2 -3 -4 -3  2  0 -2  1 -2  2 -2  0 -3 -3  4    4   4   0   0   4   0   0   0   0   5   0   0   4   0   9   0   5   0   0  62  0.45 0.11
  475 W   -2 -1 -2 -2 -3  2 -1 -2  0 -2 -1 -1 -1  3 -2 -1 -2  6  4 -2    2   1   1   1   0  21   1   1   0   1   2   1   0  21   1   1   1  20  21   1  0.56 0.04
  476 S    2 -1  0 -1 -1 -1 -1 -1 -1 -2 -2 -1  0 -2 -1  3  2 -3 -2 -1   14   1   1   1   0   1   1   1   0   1   2   1   5   1   1  47  19   0   1   1  0.41 0.07
  477 F   -2 -2  1 -2 -2 -2 -2 -2  0 -1  0 -2  0  4 -2 -2 -1  3  4 -1    1   1  12   1   0   1   1   1   0   1   5   1   5  34   1   1   1   3  25   1  0.42 0.06
  478 G    0 -2 -1 -1 -3 -1  1  5 -2 -3 -3 -1 -2 -3 -2  0 -1  2 -2 -3    6   1   1   1   0   1  14  58   0   1   2   1   0   1   1   5   1   4   1   1  0.63 0.06
  479 V   -2 -1 -4 -5 -3 -3 -4 -5 -4  4  0  0  0 -2 -4 -3 -2 -4 -3  5    0   3   0   0   0   0   0   0   0  25   0   8   2   0   0   0   0   0   0  63  0.84 0.24
  480 L   -2 -4 -4 -5  2 -3 -4 -5 -4  1  4 -4  1  0 -4 -3  0 -3 -1  3    1   0   0   0   5   0   0   0   0   1  48   0   1   4   0   0   5   0   1  34  0.61 0.18
  481 M   -2 -4 -5 -5  1 -2 -4 -5 -4  2  4 -4  4 -1 -4 -3 -2 -3 -3  0    1   0   0   0   3   1   0   0   0  12  67   0  12   1   0   1   1   0   0   2  0.83 0.21
  482 W   -5 -5 -6 -7 -1 -5 -6 -3 -4 -4 -4 -6 -3  2 -7 -5 -5 11  2 -5    0   0   0   0   2   0   0   2   0   0   0   0   0  10   0   0   0  81   6   0  3.23 0.47
  483 E   -2 -2 -2  0 -5  0  6 -3  3 -4 -4 -1 -3 -4 -3 -2 -2 -4 -3 -4    1   0   0   0   0   0  84   1   9   0   1   0   0   0   0   1   0   0   0   0  1.45 0.30
  484 I   -2 -4 -4 -5 -1 -4 -4 -5 -4  5  2 -4  3  0 -4 -3  0 -4 -2  2    1   0   0   0   1   0   0   0   0  59  16   0   8   2   0   0   4   0   0   9  0.78 0.20
  485 F    1 -3 -2 -3  0 -2 -2 -2 -2  0  0 -2  2  4 -3  0  0  0  1  1   13   0   0   0   2   0   2   1   0   5   8   1   7  29   0  10   3   1   3  12  0.25 0.09
  486 T    0 -2 -1 -2  0 -2 -2  1 -2 -3 -3 -2  0 -4 -3  3  5 -5 -3 -2    2   1   1   0   2   0   1   9   1   0   1   0   3   0   0  23  56   0   0   0  0.78 0.24
  487 L   -3 -2 -4 -5 -2 -3 -4 -3 -1  0  4 -4  2  2 -4 -3 -2 -2  1  0    0   1   0   0   1   1   0   2   2   2  69   0   4  11   0   0   1   0   6   1  0.74 0.20
  488 G    1 -4 -2 -3 -4 -3 -3  6 -4 -5 -5 -3 -4 -5 -4 -1 -3 -5 -5 -4   13   0   0   0   0   0   0  84   0   0   0   0   0   0   0   2   0   0   0   0  1.55 0.27
  489 G    1  0  1 -1  0  1  0  3 -2 -3 -2  1 -1 -4 -4  1 -2 -5 -1 -2   13   4   8   2   3   6   6  27   0   1   4   9   1   0   0  10   0   0   2   3  0.33 0.18
  490 S   -1 -3  2 -2 -3  4 -2 -4 -1 -2 -2 -1  1  0 -3  3  3 -5 -3 -2    3   0  11   1   1  21   1   0   1   2   4   2   3   4   1  22  19   0   0   2  0.57 0.32
  491 P   -5 -7 -7  0 -8 -6 -6 -7 -7 -8 -4 -6 -7 -8  8 -6 -6 -9 -8 -7    0   0   0   6   0   0   0   0   0   0   2   0   0   0  92   0   0   0   0   0  3.26 0.91
  492 Y   -5 -7 -7 -8 -7 -2 -7 -8 -1 -6 -5 -7 -6  1 -8  0 -6  3  9 -6    1   0   0   0   0   2   0   0   1   0   1   0   0   4   0   6   0   3  83   0  2.95 0.84
  493 P   -1 -2 -4 -2 -3  3 -3 -3 -2 -6 -6 -3 -4 -2  7 -3 -3  4  1 -5    5   2   1   2   1  12   1   2   1   0   0   1   0   2  57   1   2   6   5   0  1.66 0.56
  494 G    0 -2 -1 -2 -2 -2  0  6 -2 -6 -4 -3 -4 -3 -5  0 -1 -6 -6 -5    5   2   3   2   1   1   6  64   1   0   2   1   0   1   0   6   4   0   0   0  1.25 0.43
  495 I   -4 -1 -4 -6 -1 -3 -5 -6 -2  4  2 -3  5 -1 -6 -4 -2 -1  0  2    0   4   0   0   1   1   0   0   1  31  20   2  16   1   0   0   2   1   3  17  0.85 0.34
  496 P    0 -3  0  0 -2  1  0 -1 -1 -3 -4  0 -3 -4  5  3  1 -6 -5 -3    6   1   5   5   1   6   5   4   1   2   1   4   0   1  27  23   8   0   0   2  0.66 0.29
  497 V    0 -4  5 -2 -1 -3 -3 -2 -1  0 -2 -3  0 -3  0 -1  0  0 -3  3    9   0  30   2   1   1   1   2   2   6   3   0   2   1   5   3   6   1   0  25  0.55 0.29
  498 E   -1  0  1  2 -3  1  3  0  2 -3 -3  0 -1 -2 -2  0 -1 -2 -2 -2    5   5   8  13   0   6  26   8   5   1   2   6   2   1   1   5   2   1   1   2  0.38 0.19
  499 E   -3  0  1  2 -4  3  5 -3 -2 -5 -5  1 -3 -6 -4  1 -2 -6 -4 -3    1   4   6  12   0  14  37   2   1   0   0  10   1   0   0  10   2   0   0   1  0.86 0.36
  500 L   -2 -4 -4 -4 -2 -3 -4 -1 -4  1  3 -4  2  2 -5 -3 -2 -5 -3  4    2   0   0   1   1   1   1   6   0   6  29   1   5   9   0   1   1   0   0  35  0.68 0.30
  501 F   -2 -3 -5 -4 -1 -3 -4  0 -3  2  2 -5  3  4 -2 -3 -3 -2  4  0    2   2   0   1   1   0   0   7   0  11  25   0   7  20   2   1   1   0  13   7  0.59 0.26
  502 K   -2  2  1  1 -3  2  2 -1  2 -4 -4  3 -3 -4 -1  1 -1 -5 -2 -4    2  10   7   9   1   9  14   3   5   1   1  21   0   0   2  11   3   0   1   0  0.47 0.23
  503 L   -2  1 -3 -4  0 -1 -2 -4  2  0  2  1  2  3 -4 -3 -3  0  3 -2    3   8   1   1   2   2   2   1   5   6  25   8   7  11   0   1   1   1  14   2  0.43 0.23
  504 L   -3 -5 -6 -6 -4 -5 -5 -6 -2  3  4 -4 -1 -3 -5 -5 -3 -5 -3  4    1   0   0   0   0   0   0   0   1  18  49   1   1   0   0   0   1   0   1  26  1.21 0.44
  505 K   -2  3 -2 -2 -3  2  0 -2 -2  0 -2  4  1 -4 -2 -1  0 -5 -4 -2    3  15   1   2   1   8   6   3   1   7   3  34   3   0   2   4   5   0   0   3  0.55 0.28
  506 E    0  1  2  2 -3  2  2 -1  0 -4 -4  0 -3 -5 -4  2  0 -6 -4 -3    6   9  10  13   1  10  16   3   2   1   1   4   1   0   0  15   6   0   0   1  0.46 0.25
  507 G   -4 -1 -2 -5 -5 -6 -5  7 -4 -8 -7 -4 -7 -4 -6 -3 -6 -7 -7 -7    0   3   1   0   0   0   1  89   0   0   0   1   0   1   0   1   0   0   0   0  2.41 0.75
  508 H   -3  0  1 -3 -4 -1 -2  2  5 -3 -4 -1 -2  0 -6 -4 -2 -3  6 -3    1   6   6   1   0   3   2  14  14   1   1   4   1   4   0   1   3   0  36   1  1.01 0.42
  509 R   -5  7 -5 -6 -3 -1 -4 -5 -1 -2 -2  0 -3 -5 -4 -3 -1 -4 -3 -1    0  71   0   0   1   2   1   1   2   3   4   3   1   0   1   2   4   0   1   5  1.79 0.65
  510 M   -5 -6 -2 -7 -6 -5 -6 -7 -6 -2  4 -6  9 -4 -4 -6 -5 -6 -6 -3    0   0   2   0   0   0   0   0   0   2  38   0  55   0   1   0   0   0   0   1  2.33 0.77
  511 D   -1 -1 -2  2 -3  0  5 -3 -2 -4 -4 -1 -3 -2  2 -1 -1 -6 -3 -4    5   4   1  13   1   4  41   2   0   1   1   4   0   2  12   5   3   0   1   1  0.79 0.37
  512 K   -1  4 -3 -5  4  3 -2 -3 -4 -1 -4  5 -1 -6  0 -1 -3 -1 -5 -4    4  19   1   0   9  12   1   2   0   4   1  35   2   0   5   4   1   1   0   1  0.90 0.41
  513 P   -6 -7 -7 -7 -8 -7 -6 -8 -7 -8 -6 -6 -7 -8  8 -5 -5 -9 -8 -5    0   0   0   0   0   0   0   0   0   0   1   0   0   0  96   1   1   0   0   1  3.54 1.07
  514 T    0  1  0  2 -5  1  3 -2  0 -1 -2  1 -2 -4  2  0 -1 -5 -2 -2    6   9   3  13   0   6  21   2   2   4   3   9   1   1   9   5   3   0   2   2  0.36 0.20
  515 N   -3 -3  5  0  0 -1 -1  1  5 -4 -3 -2 -1  0 -5 -1 -2 -2  3 -4    2   1  32   5   3   3   3   9  16   1   3   2   2   3   0   3   2   0  10   1  0.80 0.37
  516 C    2 -7 -7 -8 10 -7 -7 -6 -8 -3 -5 -7 -6 -7 -7 -1 -2 -7 -7 -1   16   0   0   0  71   0   0   1   0   1   1   0   0   0   0   4   2   0   0   4  2.97 0.86
  517 T   -3 -1 -1 -1 -3 -4 -4 -3 -2 -5 -5 -1 -4 -5  6  3  1 -7 -6 -5    1   3   3   3   1   1   1   2   1   0   1   4   0   0  44  26  10   0   0   1  1.34 0.57
  518 N    0  0  0  3  1  1  1 -1  1 -1 -2 -1  0 -1  1  0 -1  2 -1 -2    6   4   5  16   3   6   9   4   3   3   4   4   3   3   7   7   4   3   3   3  0.17 0.16
  519 E   -2  0  1  1  1  1  4 -2  1 -2 -3 -1  1 -1  0 -1 -2  2  0 -2    4   4   6   8   3   6  27   3   3   3   3   4   3   3   6   5   3   3   3   3  0.38 0.31
  520 L   -2 -7 -8 -8 -7 -1 -7 -8 -7  3  3 -7  4  1 -8 -7 -1  3  0  3    4   0   0   0   0   3   0   0   0  18  27   0  10   5   0   0   4   4   3  20  1.08 0.48
  521 Y    0  1  1  1  2  1  0  0  2 -3 -3  0 -2  1 -3  0  0  4  1 -3    7   7   7   7   6   7   7   7   6   0   1   7   0   6   0   7   7   6   6   0  0.20 0.16
  522 M   -1  0  0  2  1  0  2  0  1 -1 -2  0  0  0  0  0  0 -4  0 -1    5   5   5  14   3   4  13   6   3   3   4   4   3   6   4   8   4   0   3   4  0.12 0.11
  523 M   -3 -6 -6 -7 -2 -3 -6 -7 -6  4  4 -4  3  1 -6 -4 -2 -5 -4  1    2   0   0   0   1   1   0   0   0  28  41   1   8   4   0   1   2   0   0  10  1.03 0.41
  524 M   -3 -7 -7 -8 -7 -5 -7 -8 -7  0  1 -3 10 -5 -7 -6 -3 -6 -6 -2    2   0   0   0   0   0   0   0   0   4   9   2  80   0   0   0   2   0   0   2  3.00 0.97
  525 R   -2  3  0 -4 -1  1 -1 -4 -1 -1  2  2  1 -2 -4  0  0 -1 -1  0    2  20   5   0   2   8   2   1   1   2  21  11   4   1   0   7   6   1   2   7  0.31 0.21
  526 D    1  1 -1  1 -2  2  2 -2  0 -3 -2  1  0 -3 -4  2 -1  2 -1 -3    9   8   2   7   1   9  13   3   2   1   5   8   3   1   0  20   2   4   2   1  0.29 0.20
  527 C   -2 -9 -8 -9 11 -8 -9 -8 -9 -6 -7 -8 -7 -8 -8 -2 -1 -8 -8 -6    3   0   0   0  90   0   0   0   0   0   0   0   0   0   0   3   4   0   0   0  4.03 1.08
  528 W   -8 -9 -9-10 -9 -8 -9 -9 -8 -8 -3 -9 -7 -5-10 -9 -2 12 -3 -8    0   0   0   0   0   0   0   0   0   0   3   0   0   0   0   0   3  91   0   0  4.81 1.31
  529 H    0  1  2  0  0  3  1 -3  5 -3 -3  1 -1 -5 -4  2 -1 -5 -2 -4    9   8   9   4   2  15   7   1  15   1   2   6   1   0   0  16   2   0   1   1  0.51 0.29
  530 A    0  0 -1  0 -4  1  2 -2  2 -2 -1  0 -1  3  0 -1 -1  0  2 -1   10   5   2   6   0   5  15   2   6   2   7   4   1  15   4   4   4   1   6   3  0.18 0.14
  531 V   -2  0  3  4 -2  2  2 -4 -1 -2 -2  1 -2 -4 -3  0 -2 -6 -3 -1    2   5  14  24   1   8  13   1   1   3   4   7   1   1   1   5   2   0   1   6  0.49 0.28
  532 P    1 -3 -5 -3 -3 -1 -4 -7 -2 -4 -6 -4  0 -4  7 -1 -4 -3 -3 -4   10   2   1   2   1   3   1   0   1   1   1   1   3   1  66   5   1   1   1   1  1.94 0.79
  533 S   -1  0  1  1 -3  0  2 -2  1 -3 -3  3 -1 -3 -3  1  1  1  0 -3    5   5   7   8   1   4  16   2   3   1   2  18   1   1   1  13   8   2   3   2  0.35 0.23
  534 Q    0  1  0  3 -1  2  3 -4  0 -3 -1  2  1 -4 -5 -1 -3 -6 -3 -4    7   9   5  17   2   9  18   1   2   1   7  13   4   1   0   4   1   0   1   1  0.46 0.28
  535 R   -7  8 -7 -8-10 -5 -6 -2 -6 -9 -9 -4 -8 -9 -8 -7 -7 -9 -8 -9    0  97   0   0   0   0   0   3   0   0   0   0   0   0   0   0   0   0   0   0  3.39 1.17
  536 P   -5 -8 -8 -8 -3 -5 -7 -9 -3 -4 -5 -5 -2 -5  8 -4 -4-10 -9 -8    1   0   0   0   1   1   0   0   1   1   1   1   1   1  91   1   1   0   0   0  3.24 1.14
  537 T   -2  0  2  0 -2 -1 -3 -4 -1 -5 -3 -1 -2 -5 -1  3  5 -3 -6 -3    2   6   9   5   1   2   1   1   1   0   2   3   1   0   3  26  34   0   0   1  0.82 0.47
  538 F   -2 -9 -9 -9 -8 -9 -9 -9 -7  0 -5 -9  0  9 -9 -8 -4 -1 -2 -4    4   0   0   0   0   0   0   0   0   6   0   0   2  84   0   0   1   1   1   1  3.01 0.99
  539 K    0  1  0 -1 -1  0 -1 -1  1 -2 -2  3 -2 -3 -1  2  1 -3 -3 -1    8   6   3   4   1   3   3   4   4   2   4  17   1   1   2  19  11   0   0   5  0.25 0.20
  540 Q   -2 -2  0  2 -4  3  5 -5  1 -4 -5  0 -2 -3 -5 -1  0 -3  0 -3    3   1   4  12   0  12  36   1   3   1   1   5   1   1   0   4   7   0   4   2  0.78 0.42
  541 L   -6 -5 -8 -8  2 -7 -7 -8 -7  5  5 -7  0 -3 -7 -5 -4 -2 -6  0    0   1   0   0   4   0   0   0   0  38  48   0   1   1   0   1   1   1   0   4  1.61 0.62
  542 V    0  1 -2 -5  2 -2 -2 -4  2  2  0 -1 -1 -2 -5 -1  0 -1 -1  4    7   8   1   0   4   2   3   1   6  12   8   4   1   1   0   5   4   1   2  32  0.41 0.25
  543 E   -1  0  0  2 -3  2  4 -2  1 -5 -3  1 -2 -6 -4  0  0 -4 -4 -3    6   5   5  10   1   8  33   3   3   0   3   9   1   0   0   6   6   0   0   1  0.59 0.34
  544 D   -1  3 -1  1  0  1  1 -3  1  0 -1  1  0  1 -4  1  0 -4 -1 -2    3  16   3   7   2   6   8   1   4   5   5  10   3   6   0  10   6   0   2   2  0.21 0.16
  545 L   -6 -7 -8 -8 -3 -6 -7 -8 -7  2  6 -7  1  2 -7 -7 -3  1 -5 -2    0   0   0   0   1   0   0   0   0  11  71   0   3   7   0   0   2   2   0   2  1.66 0.65
  546 D   -1 -1  0  4 -4  0  4  2 -2 -3 -4 -1 -2 -6 -5 -1 -1 -6 -3 -4    6   2   4  23   0   4  27  15   1   1   2   4   1   0   0   5   3   0   1   1  0.67 0.36
  547 R   -1  3  2  2 -1  2  1 -2  0 -4 -4  2 -3 -4 -4  0  0  0 -1 -3    6  18  10  13   1   8   8   3   2   1   1  13   0   1   0   6   5   1   2   1  0.43 0.26
  548 I   -3 -4 -3 -4  1  0 -3 -7 -3  3  3 -4  5  2 -6 -5 -3 -3 -2  0    1   1   1   1   3   5   1   0   0  19  33   1  18   7   0   0   1   0   1   5  0.91 0.43
  549 L   -3 -3 -3 -5 -3 -4 -4 -5 -3  1  5 -1  2 -1 -1 -3 -4 -3 -2  0    2   1   1   1   1   0   1   1   1   8  61   4   5   2   4   2   0   0   1   4  1.01 0.44
  550 T    0  0  0  0 -2  2  3 -2  0 -3 -2 -1  0 -3 -2  1  2 -4 -1 -2    7   4   4   5   1  11  18   3   2   1   3   3   3   1   2  13  15   0   2   2  0.31 0.21
  551 L    1 -1  0  1 -1  0  1 -2  0 -1  1  0  2 -2 -1  0 -1 -1 -3  0   11   2   4  10   2   3  12   3   2   3  20   4   6   1   3   6   2   1   0   5  0.12 0.13
  552 T    0 -1  2 -1  0 -1  1 -1  0 -1 -1 -2 -2 -3 -2  2  3 -5 -1 -1    9   3   9   2   2   2  10   4   3   3   6   1   1   1   2  16  20   0   2   4  0.25 0.21
  553 T    0 -1  1  0  0  0  0 -2 -2 -1 -2 -1  0 -2 -2  1  3 -5 -1  1    8   2   7   6   3   3   6   2   1   2   3   3   3   2   1  12  21   0   2  13  0.23 0.20
  554 N   -1  0  4  3 -3  2  1  0  0 -3 -4  1 -3 -2 -2  1 -2 -3 -3 -3    4   5  21  15   0   8  11   7   3   1   1   9   0   1   2   9   2   0   1   1  0.46 0.27
  555 E    0  0  1  1 -5  3  3 -3  1 -3 -3  1 -1 -4  0  0 -1 -4  2 -2    6   5   6   6   0  16  18   2   3   1   1   7   2   0   5   7   3   0   7   2  0.36 0.23
  556 E   -2 -1 -1  3 -6  0  4 -2  4 -1 -2  0 -1 -4 -3 -2 -2 -5  0 -2    3   3   3  20   0   3  29   4   9   3   4   5   2   1   1   3   2   0   3   3  0.58 0.32
  557 Y   -6 -5 -2 -8 -8 -2 -4 -2  0 -2 -5 -3 -6  1 -8 -5 -5 -3  9 -1    0   0   2   0   0   2   1   4   2   2   1   2   0   4   0   1   0   0  75   4  2.53 0.92
  558 L   -3 -2 -6 -5 -5 -1 -4 -5 -4  3  4 -1  2 -1 -4 -2 -3 -2 -2  1    1   2   0   1   0   2   1   1   0  15  51   3   4   2   1   3   1   1   1  10  0.86 0.41
  559 D   -5 -4  4  6 -8  0  2 -5 -2 -6 -5 -4 -4 -7 -3 -1 -1 -8 -3 -6    0   1  18  49   0   3  14   0   1   0   1   0   0   0   1   5   3   0   1   0  1.44 0.63
  560 L   -5 -6 -6 -5 -5 -3 -4 -5 -6  1  5 -4  3  1 -3 -2 -2 -5 -2  1    0   0   0   1   0   1   1   1   0   8  60   1   7   6   1   3   3   0   1   8  1.10 0.49
  561 T    0 -2  3  1 -1  0  1  0 -3 -1 -3  0 -2 -3 -1  2  1 -5 -3 -3    6   1  19   8   2   5   7   6   0   4   3   4   1   1   3  19   9   0   1   1  0.35 0.23
  562 Q    0  0  1  1 -2  3  2 -2  0 -1  0  0  0 -2 -2  0  0 -4 -3  0    9   5   9   6   1  16  15   2   2   3   9   4   2   2   1   5   4   0   1   7  0.22 0.17
  563 P   -1 -1 -1 -2 -6  0  0 -2  0 -1 -4 -4  0 -3  6  1  0 -6 -1 -2    4   3   4   2   0   5   5   3   2   4   1   0   2   1  45  10   6   0   2   2  1.00 0.44
  564 L    0 -1 -2 -2  0 -1 -1 -3  0  0  2 -1  1  2 -2 -1  0 -3  2  1    6   2   2   2   2   3   5   1   2   5  26   3   4  10   1   2   6   0   8   9  0.17 0.13
  565 E   -1 -2  0  2 -5  1  4 -3  0 -4 -1  0  0 -4  0  0 -1 -5 -2 -1    6   1   5  11   0   6  34   1   2   0   6   5   3   0   4   7   3   0   2   4  0.47 0.28
  566 Q   -1  0  0  0 -1  4  3 -1 -1 -3 -3  0 -3 -2 -1  1  0 -4  1 -2    5   4   3   6   1  20  19   4   1   1   2   6   0   1   3  12   5   0   7   2  0.37 0.24
  567 Y   -1 -2 -1  1  0 -1  0 -4  1 -1 -1 -3 -1  2 -4  0  1 -2  5 -2    4   2   2  10   2   2   6   0   3   3   6   0   2  10   0   5  12   0  30   1  0.53 0.28
  568 S   -1 -2  3 -1 -4  0 -1 -1  2 -2 -2 -1 -3 -1  2  4 -1 -5 -1 -3    3   1  18   2   0   4   2   4   5   2   4   2   0   3  11  32   2   0   3   1  0.51 0.30
  569 P    0 -2 -1  0 -5 -1 -1 -2  0 -2 -1 -1 -2 -5  5  1 -1 -6 -3  0    8   1   3   6   0   2   3   3   2   2   6   3   1   0  37  10   4   0   1   7  0.72 0.32
  570 S    1 -2  0 -1  0  1 -1  0 -1 -1  0 -1 -1 -3 -1  3 -1 -4  0  0   14   1   5   2   2   6   4   5   1   3   9   3   2   0   3  30   2   0   3   5  0.24 0.19
  571 Y   -1 -1 -1 -2 -1 -1 -1 -1  0 -1 -1 -2 -2  3 -2  1  0 -2  5  0    3   3   3   2   1   2   3   4   2   2   7   2   0  12   1  11   7   0  27   7  0.37 0.21
  572 P   -2 -3  1  1 -1  1  0  0  0 -3 -2 -2  0 -2  5  0  1 -5 -3 -1    2   0   7   8   1   6   6   7   3   1   3   0   3   2  29   8   8   0   1   4  0.53 0.25
  573 D   -1  0  1  5 -5 -1  2 -2 -3 -5 -5  1 -1 -5 -2  0 -1 -6 -5 -3    5   5   6  43   0   2  15   2   0   0   0   8   2   0   1   5   3   0   0   2  0.85 0.35
  574 T    0  1  0  0 -2  1  0  0 -2 -3 -2  1 -1 -2  0  1  3 -4 -3 -2    5   7   4   6   1   7   6   8   0   0   4   7   1   2   4  11  26   0   0   2  0.27 0.17
  575 R   -1  4  1  1 -4  0  0 -2  0 -2  0  1 -2 -2  1  0 -1 -4 -3 -3    2  28   6   9   0   3   4   3   2   2  10   9   0   2   8   8   3   0   0   0  0.35 0.19
  576 S   -1  0 -2  1 -4 -1  0 -1 -1 -4 -3 -1 -4 -5  1  5  0 -5 -4 -3    3   4   0   8   0   2   6   4   1   0   2   3   0   0   8  53   3   0   0   2  0.74 0.37
  577 S   -1  1  0  1  0 -1  0 -2 -1 -1 -2 -2 -3 -1  0  4  2 -4 -1 -2    1   7   4   7   3   2   4   1   1   3   2   0   0   2   5  36  14   0   3   2  0.38 0.24
  578 C   -1 -1  0  2  6 -3 -1 -2  0 -2  1 -3 -2  0 -1  0  0 -4 -3  0    2   4   4  11  27   0   4   3   2   0  15   0   0   4   2   9   6   0   0   6  0.40 0.22
  579 S    0  0  1  1  1 -2  2 -2 -3 -3 -3 -1 -3 -4 -2  4  0 -5 -1  0    7   4   6   7   3   0  12   1   0   0   2   1   0   0   1  42   4   0   2   6  0.50 0.28
  580 S   -2 -1  2  1 -4 -2  0  1  0 -4 -3 -1 -4 -5 -1  4  2 -6 -4 -4    0   3  10   9   0   0   7   9   2   0   2   2   0   0   2  44  12   0   0   0  0.65 0.32
  581 G   -1 -2  2  0 -4 -1  0  4 -3 -4 -1 -1  1 -4 -1  1 -1 -4 -1 -3    3   1  10   6   0   2   7  39   0   0   6   2   5   0   2  13   2   0   2   0  0.48 0.21
  582 D   -3 -2  3  5  0 -1  3 -3  1 -4 -5 -2 -4 -1 -1  1 -2 -5 -4 -3    0   2  16  37   3   0  20   0   3   0   0   0   0   3   3  10   0   0   0   2  0.81 0.29
  583 D   -3 -2  1  5 -5  2  3 -3 -2 -5 -3 -1 -4 -5 -1  1 -1 -5 -4 -4    0   0   7  43   0   8  22   0   0   0   2   2   0   0   2  11   2   0   0   0  0.93 0.30
  584 S    1 -2  2 -1 -3  0 -1  1  1 -3 -1 -1 -2 -3 -3  4  1 -4 -1 -1    7   0  10   2   0   3   2  11   3   0   7   3   0   0   0  41   5   0   2   3  0.42 0.21
  585 V   -1  0 -3 -2 -3 -3 -1 -4 -3  2  2 -3  1 -2 -4 -1  0 -4  0  4    2   6   0   3   0   0   3   0   0   8  22   0   4   0   0   3   6   0   3  40  0.41 0.19
  586 F   -3 -3  1 -3 -3  0 -1 -1 -2  0  2 -3  1  5 -1 -2 -1 -2  2 -2    0   0   7   0   0   4   4   4   0   5  24   0   2  37   3   3   3   0   4   0  0.43 0.18
  587 S    1 -2  0 -2 -3 -1  0 -2  1 -3 -2  0 -2 -4  0  4  2 -5 -3 -3   13   0   3   0   0   0   5   0   5   0   5   5   0   0   4  49  12   0   0   0  0.57 0.21
  588 P   -1 -3 -2  0  2 -2 -2  0  5 -4 -4 -2  1 -4  5  0  1 -5 -2 -3    3   0   0   5   5   0   0   8  23   0   0   0   5   0  36   5   9   0   0   0  0.92 0.23
  589 D    0 -2  2  5 -4  1  1  0 -2 -4 -4 -1 -3 -4 -3  0  0 -5 -4 -3    7   0  13  49   0   6   4   8   0   0   1   0   0   0   0   6   6   0   0   0  0.77 0.18
  590 P    0 -2 -3 -3 -4 -2  0 -1  1 -2 -1  0 -2 -3  6 -2  0 -4  0 -1    5   0   0   0   0   0   8   5   4   0   9   5   0   0  46   0   6   0   5   6  0.92 0.19
  591 M   -2 -3 -3 -4 -3 -3 -4  1  1  0  4 -3  3 -1 -4 -1  0 -3 -2  1    0   0   0   0   0   0   0  11   5   0  57   0   8   0   0   4   6   0   0  10  0.49 0.16
  592 P    0 -2 -2 -2 -4  3  0  2 -2 -4 -4 -2 -3 -5  6 -1 -2 -5 -4 -2    6   0   0   0   0  17   4  19   0   0   0   0   0   0  48   2   0   0   0   4  1.18 0.20
  593 Y    0 -1 -1  2 -3 -1  1 -3  4 -3 -2  0 -2  1  1 -1 -1 -1  5 -2    9   0   2  13   0   0  10   0  13   0   3   7   0   5   5   0   2   0  28   0  0.39 0.11
  594 E    0 -2 -1  1 -4  0  5 -3 -1 -3 -3 -1 -2 -2 -2 -1  0 -3  3 -1    6   0   0   4   0   0  60   0   0   0   1   0   0   0   0   2   7   0  13   5  0.72 0.17
  595 P   -2 -2  1 -2 -4 -2 -2  0 -3 -3 -3  0 -3  1  6 -2 -2 -4 -3 -1    0   0   9   0   0   0   0   9   0   0   0   8   0   9  58   0   0   0   0   7  1.30 0.16
  596 C    1 -4  0 -4  8 -3 -4 -3 -4  0 -2 -3  2 -3 -4 -2 -2 -4 -4 -1   15   0   7   0  63   0   0   0   0   6   0   0   8   0   0   0   0   0   0   0  1.14 0.18
  597 L    0 -2 -2 -3 -2 -2  0 -3 -3  1  3 -2  1 -1 -2  0 -1 -3 -2  2   10   0   0   0   0   0   7   1   0   0  49   0   0   0   0  10   0   0   0  19  0.27 0.06
  598 P   -1 -2 -3 -3 -4  1 -2 -3 -2 -3 -2 -2 -2 -1  7 -2 -2 -4 -3 -3    1   0   0   0   0   7   1   1   0   0   4   0   0   3  79   1   0   0   0   1  2.01 0.16
  599 Q   -2  4 -1 -1 -4  3  2 -1  2 -4 -3  3 -2 -4  0 -1 -2 -4 -2 -3    0  27   0   0   0  17  10   4   8   0   0  29   0   0   4   0   0   0   0   0  0.64 0.07
  600 Y   -2 -2 -2 -3 -1  0 -2  0  6 -2 -2 -2 -2  2 -4 -2 -2  0  5  0    0   0   0   0   2   3   0   8  31   0   0   0   0   8   0   0   0   0  37  11  0.67 0.09
  601 P   -1 -1 -1  1 -3  2  0  1  1 -3 -3 -1 -2 -3  6 -1 -1 -4 -3 -3    1   1   0  12   0  17   1  11   4   1   1   1   0   0  45   3   1   0   0   1  0.98 0.07
  602 H   -1 -1  0  0 -3  1  1 -2  6 -3 -3 -1 -2  0  0 -1 -2 -1  4 -3    4   1   4   5   0   5  12   1  36   1   1   1   0   1   4   1   1   0  22   1  0.54 0.07
  603 I    0 -3 -3 -4 -2 -2 -3 -3 -3  2  1 -3  3 -1 -3  0  0 -3 -1  4    4   0   0   0   0   0   0   0   0  12   3   0  16   0   0   6   4   0   3  51  0.38 0.07
  604 N   -2 -1  6  3 -4  0 -1 -1  2 -4 -4 -1 -3 -4 -3  0 -1 -5 -3 -4    0   0  80  13   0   2   0   0   5   0   0   0   0   0   0   0   0   0   0   0  1.14 0.11
  605 G    0 -3 -1 -2 -4 -2 -3  6 -3 -5 -4 -2 -4 -4 -3  0 -2 -4 -4 -4    5   0   0   0   0   0   0  88   0   0   0   0   0   0   0   7   0   0   0   0  1.23 0.05
  606 S    0  0  1 -2 -3 -1 -1  2  3 -1 -2 -1 -2 -3 -2  2  0 -4 -1  0    3   7   5   0   0   0   0  23  17   0   0   0   0   0   0  27   3   0   0  15  0.28 0.02
  607 V   -1 -3 -4 -4 -2 -3 -4 -5 -4  4  3 -3  1 -1 -3 -3 -1 -3 -2  3    0   0   0   0   0   0   0   0   0  41  31   0   0   0   0   0   0   0   0  28  0.50 0.02
  608 K   -1  3  0 -1 -4  1  0 -2 -1 -3 -3  5 -2 -4 -2 -1 -1 -4 -3 -3    0   9   0   0   0   0   0   0   0   0   0  91   0   0   0   0   0   0   0   0  0.86 0.02
  609 T    0 -2  0 -1 -1 -1 -1 -2 -2 -1 -2 -1 -1 -2 -2  1  5 -4 -2  0    0   0   0   0   0   0   0   0   0   0   0   0   0   0   0   0 100   0   0   0  0.75 0.00

                      K         Lambda
Standard Ungapped    0.1762     0.3424
Standard Gapped      0.1100     0.3190
PSI Ungapped         0.1762     0.3424
PSI Gapped           0.1100     0.3190
