
Last position-specific scoring matrix computed, weighted observed percentages rounded down, information per position, and relative weight of gapless real matches to pseudocounts
           A  R  N  D  C  Q  E  G  H  I  L  K  M  F  P  S  T  W  Y  V   A   R   N   D   C   Q   E   G   H   I   L   K   M   F   P   S   T   W   Y   V
    1 M   -1 -2 -3 -4 -2  0 -2 -4 -2  1  2 -2  6  0 -3 -2 -1 -2 -2  1    0   0   0   0   0   0   0   0   0   0   0   0 100   0   0   0   0   0   0   0  0.60 0.01
    2 L   -2 -2  4 -1 -3 -1 -2 -2 -1  0  3 -1  1 -1 -3 -1 -1 -3 -2 -1    0   0  41   0   0   0   0   0   0   0  59   0   0   0   0   0   0   0   0   0  0.38 0.00
    3 L   -2 -3 -4 -5 -2 -3 -4 -5 -4  3  4 -3  2  0 -4 -3 -1 -3 -2  1    0   0   0   0   0   0   0   0   0  38  62   0   0   0   0   0   0   0   0   0  0.58 0.03
    4 P    1 -2 -3 -3 -3 -2 -2 -2 -3 -3 -3 -2 -3 -4  7 -1 -2 -5 -4 -2   18   0   0   0   0   0   0   0   0   0   0   0   0   0  82   0   0   0   0   0  2.13 0.05
    5 R    0  4  2 -1 -3  0 -1 -2 -1 -2 -2  3  2 -3 -2 -1 -1 -3 -3 -2   11  31  15   0   0   0   0   0   0   0   0  28  15   0   0   0   0   0   0   0  0.45 0.03
    6 Y   -1 -1  2 -2 -3 -1 -2 -3  0 -2  0  1 -1  2 -3  1 -1  0  4 -2    0   0  15   0   0   0   0   0   0   0  11  15   0  13   0  15   0   0  31   0  0.33 0.03
    7 F    2 -3 -2 -3 -2 -2 -2 -2 -1  0 -1 -2 -1  4 -2  0  1 -1  3  0   28   0   0   0   0   0   0   0   0  11   0   0   0  33   0   0  15   0  12   0  0.34 0.03
    8 C   -1  1 -2 -3  6 -2 -2 -3 -3  0 -2 -1 -1 -3 -3  1  1 -4 -3  1    0  14   0   0  40   0   0   0   0   0   0   0   0   0   0  11  13   0   0  22  0.48 0.05
    9 W    1 -2  3 -1  3 -1 -1 -2 -1 -3 -3 -1 -2 -3  2  2  2  4 -2 -2   12   0  24   0  11   0   0   0   0   0   0   0   0   0   9  21  14   8   0   0  0.42 0.03
   10 N    1  0  3 -1 -3  2  0  1 -1 -2 -1  2 -1 -3 -2  0 -1 -4 -3 -2   12   0  25   0   0  13   0  14   0   0  11  24   0   0   0   0   0   0   0   0  0.32 0.03
   11 L   -2 -3 -3 -1 -2 -2 -3 -5 -3  3  3 -3  5  1 -4 -3 -2 -3 -2  1    0   0   0   5   0   0   0   0   0  31  28   0  31   5   0   0   0   0   0   0  0.59 0.10
   12 Q    0  0  1  1 -4  3  0  1 -1 -4 -4  2 -2 -4  4 -1 -2 -4 -3 -3    9   4   7  10   0  20   0  11   0   0   0  14   0   0  25   0   0   0   0   0  0.62 0.07
   13 R   -1  4 -1 -2 -4  0 -1 -3 -1 -2 -2  4  1 -1 -3 -1 -1 -4 -3 -1    5  34   0   0   0   0   0   0   0   0   0  42   7   3   0   0   3   0   0   6  0.66 0.11
   14 C    1  1 -1 -2  4  0  0 -1 -2 -1 -2  1 -2 -3  1  1  1 -3 -3  0   12   9   0   0  16   4   4   5   0   3   0  11   0   0   7  13   8   0   0   7  0.21 0.04
   15 T    0  1 -1 -1 -3  2  0  0 -1 -1 -2  3 -1 -3 -2  1  2 -4 -3 -1    4   6   0   0   0  12   4   8   0   5   0  28   0   0   0   6  22   0   0   3  0.33 0.06
   16 M   -2 -1 -3 -4 -3  1 -1 -3 -3  0  1 -2  7 -2  2 -1 -2 -3 -3  0    2   2   0   0   0   7   3   2   0   1   7   0  57   0  10   3   0   0   0   4  0.89 0.22
   17 A    2 -1 -1 -2 -3 -1 -2  1 -2 -3 -3  2 -3 -1  3  2 -1  0  0 -3   22   0   2   0   0   0   0  12   0   0   0  17   0   3  17  20   2   1   4   0  0.46 0.13
   18 F   -5 -5 -6 -6 -5 -5 -6 -6 -2 -2 -2 -4 -3  7 -6 -5 -4  1  6 -2    0   0   0   0   0   0   0   0   0   2   1   1   0  56   0   0   0   1  37   1  2.00 0.44
   19 Y   -5 -5 -6 -7 -6 -5 -6 -7 -1 -5 -4 -5 -5  1 -7 -5 -5 -1  9 -5    0   0   0   0   0   0   0   0   0   0   0   0   0   2   0   0   0   0  98   0  3.18 0.65
   20 A    6 -4 -4 -5 -3 -3 -3  1 -4 -4 -4 -3 -1 -5 -3 -1 -2 -6 -5 -1   86   0   0   0   0   0   0   8   0   0   0   0   2   0   0   0   0   0   0   4  1.51 0.44
   21 V   -3 -5 -6 -6 -4 -5 -5 -6 -6  1 -2 -5 -2 -4 -5 -4 -3 -5 -4  7    0   0   0   0   0   0   0   0   0   5   0   0   0   0   0   0   0   0   0  95  1.95 0.50
   22 A    3  4 -1 -3 -4  2 -2 -2  2 -4 -2  2 -2 -4 -3 -1 -2 -5 -2 -2   28  29   3   0   0  11   0   2   6   0   3  13   1   0   0   2   0   0   1   1  0.62 0.23
   23 S    0  3  1 -2 -2  0  0 -3  0 -1 -3  3 -2 -3 -3  0  0 -4 -2  1    7  24   6   1   1   3   4   0   2   3   1  22   0   1   0   7   3   0   1  14  0.40 0.17
   24 G   -3 -5 -3 -4 -6 -5 -2  7 -5 -7 -7 -4 -6 -6 -5 -3 -4 -6 -7 -6    0   0   0   0   0   0   2  98   0   0   0   0   0   0   0   0   0   0   0   0  2.39 0.50
   25 R   -3  6 -3 -4 -6 -1 -2 -5  3 -3 -4  2 -4  0 -4 -3 -3 -5 -2 -2    1  67   0   0   0   1   0   0   8   2   1  10   0   6   0   1   1   0   1   3  1.42 0.39
   26 R   -1  3  1 -2 -2  1  0 -3  1 -2 -3  3 -2 -3 -3  1  0 -5 -3  0    3  18   8   0   1   7   5   0   5   2   0  26   0   1   0  10   5   0   0  10  0.44 0.17
   27 S   -1 -2 -4 -4 -2 -1 -2 -5 -4 -1 -4 -2 -2 -5  6 -1  3 -6 -5 -1    3   2   0   0   1   3   1   0   0   5   0   1   1   0  55   3  22   0   0   3  1.50 0.36
   28 G   -3 -5 -3 -4 -6 -5 -5  7 -5 -7 -7 -4 -6 -6 -5 -2 -4 -6 -7 -6    0   0   0   0   0   0   0  98   0   0   0   0   0   0   0   2   0   0   0   0  2.41 0.50
   29 V   -3 -5 -6 -6 -3 -5 -5 -6 -6  4  0 -5 -1 -3 -5 -4 -3 -5 -4  6    0   0   0   0   0   0   0   0   0  30   3   0   0   0   0   0   0   0   0  67  1.50 0.39
   30 Y   -5 -5 -5 -7 -6 -5 -6 -7  0 -4 -3 -5 -4  4 -6 -5 -5 -1  8 -3    0   0   0   0   0   0   0   0   1   0   1   0   0  16   0   0   0   0  80   2  2.54 0.55
   31 G    0  1  1  0 -3  0  1 -1  0 -2 -1  0  0 -2 -1  1  2 -4 -1 -2    5   6   9   5   0   2   9   4   3   1   8   5   2   1   2  13  20   0   2   1  0.19 0.10
   32 S   -2 -3  2  1 -4 -3 -2 -3  0 -4 -3 -2 -3 -5 -4  3  5 -6 -4 -3    0   0  10   8   0   0   0   0   2   0   1   1   0   0   0  29  48   0   0   0  1.04 0.35
   33 W   -7 -3 -7 -9 -7 -6 -7 -7 -6 -6 -6 -7 -5 -3 -8 -7 -7 12  1 -6    0   2   0   0   0   0   0   0   0   0   0   0   0   0   0   0   0  96   2   0  4.62 0.80
   34 A    3 -1  0  3 -3 -1  0 -1 -1 -3 -3 -1 -3 -4  2  1  1 -5 -4 -2   34   2   5  18   0   1   6   4   1   1   2   3   0   0   9   7   7   0   0   1  0.43 0.17
   35 E   -2 -2 -2  3 -6  1  6 -4 -3 -4 -5 -1 -2 -6 -4 -2 -1 -6 -5 -5    2   1   0  15   0   4  69   0   0   1   1   2   1   0   0   1   4   0   0   0  1.43 0.39
   36 C    1 -6 -6 -6 10 -6 -6 -5 -6 -4 -4 -6 -4 -5 -6 -4 -1 -6 -6 -1   13   0   0   0  80   0   0   0   0   0   0   0   0   0   0   0   3   0   0   4  2.74 0.55
   37 E   -1  0 -1 -1 -5  4  4 -4 -1 -4 -2  3 -2 -5 -3  0 -2 -5 -4 -4    2   3   1   1   0  21  41   0   1   0   4  18   1   0   0   7   1   0   0   0  0.89 0.29
   38 E    2  0 -1  0 -2  2  3  0 -1 -2 -3  2 -3 -4 -2  1 -1 -5 -4 -2   21   3   1   2   1   7  25   6   1   2   1  15   0   0   1   8   3   0   0   2  0.41 0.16
   39 Q   -2 -2 -1 -3 -6  7  1 -5  0 -5 -3 -1 -2 -2 -4 -2 -3 -5 -2 -5    3   0   3   0   0  79   5   0   1   0   2   2   1   2   0   2   0   0   1   0  1.84 0.50
   40 V   -2 -5 -5 -6 -3 -4 -5 -6 -5  4 -1 -5  0 -3 -5 -4  0 -5 -4  6    1   0   0   0   0   0   0   0   0  21   1   0   2   0   0   0   7   0   0  68  1.31 0.37
   41 K   -1  2  2  1 -4  0 -1 -3  1 -1 -2  4 -2 -2 -3  0  0 -5 -3 -3    3  11  10   8   0   3   2   0   4   4   3  38   1   2   0   5   6   0   0   1  0.51 0.20
   42 G   -2  0 -1 -1 -6 -3 -3  6 -1 -6 -6  1 -3 -6 -5 -2 -4 -6 -5 -6    1   4   2   3   0   0   1  78   2   0   0   8   1   0   0   1   0   0   0   0  1.58 0.38
   43 F   -5 -5 -6 -6 -1 -5 -6 -6 -1 -2 -2 -5 -3  7 -6 -5 -4  2  6 -2    0   0   0   0   1   0   0   0   1   1   1   0   0  61   0   0   0   3  30   2  1.96 0.45
   44 K    0  1 -2 -3 -4  0 -2 -2 -3 -4 -3  2 -3 -5  5  2  0 -5 -3 -4    7   7   1   0   0   4   1   3   0   1   1  16   0   0  33  21   6   0   0   0  0.85 0.25
   45 N   -1  0  3 -1 -5  0 -2  5 -3 -5 -4 -1 -4 -5 -4 -1 -3 -5 -1 -5    5   5  15   3   0   4   2  57   0   0   1   3   0   0   0   3   0   0   2   0  0.98 0.27
   46 A    6 -4 -2 -4  2 -3 -3 -3 -4 -4 -4 -3 -4 -5  2  0 -1 -6 -5 -3   79   0   1   0   4   0   0   0   0   0   0   0   0   0  11   2   2   0   0   0  1.40 0.41
   47 K   -1  3 -2 -1 -1  2  1 -4 -2  0 -2  3 -1 -4 -3  0 -1 -5 -3  1    1  19   0   2   2  10   7   0   0   6   3  26   1   0   0   9   1   0   0  14  0.42 0.18
   48 Y   -5 -5 -5 -6 -5 -4 -5 -6  4 -4 -3 -5 -3  6 -6 -5 -4 -1  7 -3    0   0   0   0   0   0   0   0   9   0   0   0   0  37   0   0   0   0  52   2  2.04 0.45
   49 K   -3  3 -3 -4 -6  0 -1 -3 -3 -6 -5  7 -4 -6 -4 -3 -3 -6 -5 -5    0  15   0   0   0   1   1   2   0   0   0  81   0   0   0   0   0   0   0   0  1.83 0.46
   50 K   -2  1 -2 -3 -1 -1 -2  0 -3 -3 -3  5 -4 -5 -3  3 -2 -6 -4 -3    1   5   0   0   2   0   0   8   0   2   2  55   0   0   0  25   0   0   0   1  0.98 0.33
   51 F   -5 -6 -6 -7 -1 -6 -7 -7 -4 -3 -1 -6 -3  8 -7 -5 -5  0  0 -4    0   0   0   0   1   0   0   0   0   0   4   0   0  94   0   0   0   1   0   0  2.61 0.55
   52 K    1  2  0  0 -3  0  0  0  0 -3 -1  1  0 -1  2  1  0 -4 -3 -2   12  11   4   5   0   1   4   5   3   0   5  12   2   3  12  14   6   0   0   1  0.23 0.09
   53 T   -1 -3  1  0  1 -3 -1 -3 -3 -2 -3 -3 -2 -4 -4  3  5 -5 -4 -1    2   0   5   4   3   0   2   0   0   1   1   0   1   0   0  26  52   0   0   3  0.96 0.33
   54 R   -1  4 -1 -2 -5  1  3 -4  0 -2  0  2  0  0 -3 -2 -2  1  0 -2    4  25   1   0   0   7  22   0   2   1  11  13   2   3   0   1   0   2   4   1  0.45 0.18
   55 Q    1  0 -1  1 -2  2  4 -2  1 -3 -3  0 -3 -3 -2  1  0 -5 -3 -3   16   5   1   9   1  11  30   2   3   1   1   4   0   1   1  11   4   0   0   0  0.47 0.18
   56 E   -2 -3 -2  4 -6  1  6 -2 -3 -6 -4 -1 -4 -6 -4 -2 -2 -6 -5 -5    1   0   0  22   0   4  64   2   0   0   1   2   0   0   0   1   2   0   0   0  1.42 0.38
   57 A    6 -4 -4 -5  1 -4 -4 -3 -4 -4 -4 -3 -4 -5 -3 -1 -3 -6 -5 -3   98   0   0   0   2   0   0   0   0   0   0   0   0   0   0   0   0   0   0   0  1.91 0.51
   58 D   -2  1  0  0 -5  3  4 -4 -1 -3 -2  0 -2 -1 -3 -1 -1  4 -1 -3    2   8   3   4   0  13  41   0   1   1   5   5   0   3   0   2   2   8   2   0  0.67 0.23
   59 Q    3 -1  1  2 -3  2  2 -1 -1 -3 -2 -1  0 -3 -3  0 -1 -4 -1 -2   31   3   7  10   0   9  15   4   1   0   3   2   3   1   0   7   1   0   2   1  0.34 0.16
   60 F   -5 -6 -6 -6 -5 -6 -6 -6 -3 -3 -3 -6 -3  8 -6 -5 -5  4  5 -4    0   0   0   0   0   0   0   0   0   0   0   0   0  73   0   0   0   5  21   0  2.30 0.50
   61 V    0 -4 -4 -5 -3 -4 -4 -5 -4  3  2 -4  1 -1 -4 -3 -2 -4 -3  4    8   0   0   0   0   0   0   0   0  21  19   0   4   2   0   0   0   0   0  44  0.76 0.23
   62 N    0  2  2  2 -2  1  1 -1  1 -2 -2  1 -2 -2 -2  1  0 -3 -1 -2    7  17  12  12   1   4   6   5   3   3   2  11   0   2   0  10   3   0   2   1  0.26 0.09
   63 G    0  0  0 -1 -4 -1  0  5 -2 -3 -3 -1 -2 -2 -1  0 -1 -4 -3 -3    7   5   4   2   0   2   5  52   0   2   1   2   1   2   3   6   4   0   0   1  0.65 0.17
   64 C    0  1  0 -1  2  1  0  1  1 -1 -1  0 -1 -1  0  0  0  2  0 -1    6   7   4   1   6   7   6  13   4   3   3   4   0   2   3   8   8   4   3   6  0.08 0.03
   65 K    1  1  1 -1 -3  2  0  0  0 -2 -3  3 -2 -2  1  0  0 -4 -3 -2   10   4   7   2   0  11   5   7   1   2   1  28   0   1   5   6   7   0   0   2  0.32 0.11
   66 S    0  1  1 -1 -3 -1  0  1  0 -3 -2  0 -2 -3  1  3  1 -4 -3 -1    7   7   7   2   0   0   5  11   2   0   3   4   0   0   6  30   9   0   0   5  0.29 0.11
   67 Y    0 -1  0  0 -2  0  0 -1  2  0  0  0  0  0  1  1  0 -2  1  0   11   3   3   5   0   5   3   4   6   6  10   4   1   4   7  10   5   0   7   4  0.06 0.03
   68 A    2  0  0 -2 -2 -1 -1  0 -2 -1 -1  0 -2 -3  2  1  1 -3 -1  0   26   4   3   1   0   2   3   6   0   1   4   4   0   0   9  14  12   0   2  10  0.24 0.10
   69 P    0 -1 -1 -1 -4 -1  1 -2 -1 -3 -3  1 -3 -3  5  1 -1  0 -1 -1    7   3   2   2   0   0   8   2   2   1   1  10   0   0  40  13   3   2   2   4  0.83 0.19
   70 Q    0  0  0 -1 -1  2  2  0  1 -1 -2  1 -2 -2  0  1  0 -3 -2 -1    6   2   4   2   1  12  14   9   5   3   4  11   0   2   3  11   4   0   0   6  0.17 0.07
   71 D   -2 -1  1  4 -3  0  0 -1 -2 -1 -3  1 -2 -1  2  0  0 -4 -3 -1    1   3   6  33   0   3   3   4   0   5   1   8   0   4   9   7   6   0   0   5  0.39 0.13
   72 V    0 -2 -2 -2  0 -1 -2 -1 -2  2  0 -1 -1  1  2  0  1 -2  2  1    6   1   1   1   2   2   1   4   0  15   5   2   0   6   9   7  14   0   9  14  0.17 0.08
   73 A    0  1  1  0 -3  1  0  0 -2  0 -1  0 -1  0  1  0  0  3 -2 -2    7   7   7   7   0   7   7   7   0   7   7   7   0   6   7   7   7   6   0   0  0.12 0.11
   74 V   -1  0  1 -2 -3  0 -1  0 -2  1  0  0  2  1  0  1  1 -3 -2  1    4   4   8   0   0   4   4   7   0  11   7   4   7   7   4  10   9   0   0   9  0.07 0.11
   75 P    0 -1  0  0 -4  1  0 -2 -2 -1 -1  0 -2 -4  5 -2  0 -4 -4  0    9   3   5   6   0   8   6   3   0   3   6   6   0   0  29   1   6   0   0   9  0.50 0.26
   76 L    0  0  0 -1  1 -1  0 -3  1  1  1  0  1  0  1  0  0 -3 -2  0    5   4   5   3   5   0   7   0   5  10  12   6   6   4   8   6   5   0   0   7  0.08 0.09
   77 G    0  0  0 -1 -3  0  0  3  0 -3 -3  0 -3 -1  0  2  1 -4 -3 -2    5   3   5   3   0   3   5  27   3   0   1   7   0   4   5  18   7   0   0   3  0.32 0.21
   78 K   -1  3  0  0 -4  2  2 -3  0 -1 -3  3 -3 -2  0  0  1 -4 -3 -2    4  15   4   4   0   7  12   0   2   3   0  26   0   2   3   6   8   0   0   3  0.43 0.28
   79 E    0  0  0  1  0  1  3 -2  1 -2 -3  0 -2 -1  0  1  1 -4 -3  0    7   5   5   7   2   5  23   2   3   2   0   4   0   3   3  10   8   0   0   9  0.23 0.18
   80 K    0  0  0  1 -3  1  1 -1  1 -3 -2  2 -2 -2  2  2  1 -4 -3 -3    6   4   5   7   0   5   9   4   3   0   5  18   0   2   9  16   7   0   0   0  0.28 0.19
   81 A    2 -2 -2  0 -3  0  1  2  1 -1 -3  0 -2 -4  1  1 -1 -4 -3  0   25   0   0   4   0   3   8  17   5   5   1   6   0   0   6  13   0   0   0   6  0.30 0.23
   82 S    1 -2  0 -1  1 -1  0 -1  1  0 -1 -1  0 -3  1  3  1 -4 -3  1    9   0   5   2   3   2   5   3   4   4   4   3   3   0   6  28   7   0   0  11  0.23 0.20
   83 L    0  0 -2 -2 -3 -1  0 -1 -2  0  1 -1 -1  0  1  0 -1 -2  2  1    9   7   0   2   0   2   6   4   0   5  19   3   0   5   8   9   2   0   9  10  0.10 0.12
   84 A    1 -2  0  1 -3  0  0  0  1 -1 -1  0 -2 -3  1  1  1  2 -1  0   14   0   2   8   0   4   3   8   5   5   4   6   0   0   6  11  13   3   1   5  0.15 0.13
   85 S    0 -3  0  0  1  1  0 -1 -3 -2 -4 -1 -3 -1  2  3  2 -5 -4 -2    7   0   3   6   3   5   4   5   0   3   0   2   0   2   9  33  14   0   0   2  0.43 0.32
   86 W   -1  0 -3 -1 -4  1  0 -2  1  0 -1 -1 -2  1 -1  0  2  7 -1  0    3   5   0   3   0   6   6   2   4   5   4   3   0   7   3   6  14  22   0   6  0.50 0.31
   87 K   -1  0  1  0 -4  2  0 -1 -2 -3 -2  3 -3  0  2  1  1 -4  0 -3    3   2   5   5   0  12   3   4   0   0   3  20   0   5  13  14   7   0   3   0  0.35 0.25
   88 N   -1 -1  1  2 -3  1  1  2  0  0 -3  0 -1 -3 -3  1  1 -3  1 -2    3   3   6  11   0   5  11  17   2   7   1   5   2   0   0  11   8   0   6   0  0.21 0.17
   89 S    1 -1 -1  0  1  1  1  0 -2  0 -2  1 -2 -2  0  2  2 -4 -3 -2   10   2   0   5   3   6   7   5   0   6   2   8   0   2   4  22  15   0   0   2  0.24 0.21
   90 I    1 -3 -3 -3 -3 -1 -1 -3  0  2  1 -2  0  0 -1  0  0 -3  0  2   16   0   0   0   0   3   3   0   3  17  18   0   2   4   3   8   4   0   2  15  0.22 0.18
   91 E    1  0 -1  1 -4  1  3 -1  1 -3 -2 -1 -3 -4  1  0  0 -4 -1 -2   14   4   2   9   0   5  29   3   3   0   3   2   0   0   6   5   7   0   2   3  0.36 0.24
   92 V    0 -2 -2  0  0  0 -1 -1 -3  1  1 -1  0 -1  1  0  1 -3 -2  2    9   0   0   5   2   3   2   5   0   6  13   4   1   3   8   7  10   0   0  21  0.12 0.13
   93 N    1 -1  3  1  0  1  1  0 -2 -1 -3  0 -2  0  0  1  0  0 -2 -1   10   2  18   8   2   7   7   8   0   5   0   3   0   5   5   8   5   1   0   4  0.18 0.15
   94 K   -2  2  0  1 -4  0  1  0  0 -3  0  4 -2 -4 -1 -2  1  1 -3 -3    0   9   3   8   0   3   8   7   3   0  12  33   0   0   3   0   8   3   0   0  0.40 0.29
   95 N    0  1  3  0 -3  0 -1  1  0 -3  0  0 -2 -3  0  0  1 -4 -3 -2    9   8  22   5   0   4   3  10   2   1  11   4   0   0   5   6   7   0   0   1  0.24 0.17
   96 P    0 -1 -1 -3 -3 -2 -2 -3 -3 -1 -3 -1 -3 -3  6  0 -2 -4 -3  0    8   4   3   1   0   1   1   1   0   4   2   3   0   1  55   7   1   0   1   6  1.28 0.43
   97 K    1  1 -2 -2 -3  0  2  1 -2 -2 -2  3 -2 -3 -2  1 -1 -3 -3  0   11   5   1   1   0   3  14  13   0   1   4  29   0   1   1   8   1   0   0   6  0.35 0.22
   98 Y   -1 -1  0  0 -2  1 -1  0 -1  0  0  0  0  1  0 -1  0 -1  3  0    4   3   6   6   0   7   1   6   0   7   9   4   2   7   4   4   4   0  15  10  0.07 0.08
   99 T    0  0  0  0 -3 -1 -1  0 -2 -2 -1  2 -2 -2 -2  2  2 -3  1 -1    9   3   3   6   0   1   1   9   0   1   6  14   0   1   1  15  19   0   6   5  0.21 0.17
  100 D   -2  1  1  3 -3  1  2 -2 -2 -2  0  1 -2 -1  0  0  1 -3 -2 -2    1   8   6  19   0   4  15   1   0   1  10   9   0   2   3   4  11   0   1   1  0.29 0.17
  101 E    0 -1  0  1 -3  0  3 -1 -1 -2 -1 -1  0  1  1  0  1 -3  1 -2    8   3   3   7   0   3  26   3   0   1   4   1   3   6   8   6   9   0   7   1  0.26 0.17
  102 W    0  0  0 -1 -3  0 -2  0 -2  0  0 -1 -1  1  0  0 -1  6  0  0   10   4   5   4   0   3   1   7   0   6   9   4   0   8   4   6   3  15   3   6  0.21 0.12
  103 P    1 -3  1  0 -3 -2 -2 -1  0 -3 -2 -2 -3 -1  5  1 -1 -4 -3 -3   14   1   9   6   0   1   1   3   2   1   4   1   0   2  40  12   2   0   0   1  0.88 0.35
  104 E    0  1  1  0 -4  1  3  0 -2 -3 -3  2 -3 -1 -1 -1 -1 -4 -3 -1    8   7   9   4   0   3  29   7   0   0   1  14   0   4   3   1   3   0   0   6  0.36 0.22
  105 E    0  0 -1  0  2 -1  0  0  2 -1  0  0  1  0  1  0  0 -3 -2  0    7   7   0   7   6   0   7   7   6   0   7   7   6   6   7   7   7   0   0   7  0.07 0.11
  106 D    0  0  0  3  0  1  1 -1 -1 -3 -1  1 -2 -1 -2  0  0 -3  0 -2    8   6   3  19   3   6  11   5   0   0   5   9   0   3   0   7   6   0   5   2  0.21 0.14
  107 H    0  2  0  0 -3  1  1 -2  3 -2 -3  1 -2 -1  0  1  0 -3  1 -1    8  11   5   5   0   5   9   2  12   3   1   7   0   3   5   9   7   0   5   3  0.21 0.14
  108 D    1  0 -1  3 -3  0  2 -1 -2 -2 -2  1 -2 -3  1  0  1 -3 -1 -1   11   4   1  19   0   4  12   5   0   1   4   8   0   1   7   5   9   0   2   5  0.25 0.14
  109 L    0 -1 -2 -3  1 -2  0 -2 -3  2  2 -2  0  1  0  0 -1 -3 -2  2   10   3   1   1   3   1   6   3   0  13  21   1   0   6   4   9   1   0   0  19  0.17 0.14
  110 A    2 -1 -2 -2  1 -1  0 -1 -2  0  0  0  0  0  0  1  1 -2  1  0   28   3   1   1   3   1   5   4   0   3   9   4   2   3   3   9   7   0   5   9  0.13 0.12
  111 E    0  0  0  0 -3  1  4 -1 -1  0 -2  0 -2 -3  0 -1  0 -3 -1  0    7   4   4   3   0   6  37   5   0   6   2   6   0   1   5   1   4   0   3   6  0.37 0.21
  112 D    0  0  2  2 -3  0  2 -2 -1 -2 -3  1 -2 -3  1  1  0 -3  0 -1    9   6  11  14   0   3  14   1   0   2   1   8   0   1   8  11   3   0   4   4  0.28 0.15
  113 D    1  0  0  2 -3  1  1  1  0 -2 -2  0 -2  0  1  0 -1 -3 -2 -2   11   5   4  17   0   5  11  12   2   3   4   3   0   7   7   6   1   0   0   1  0.21 0.14
  114 L    1 -2 -2 -1  1 -1 -2  0 -2  1  1 -1  0  2  0  0  0 -2 -1  1   11   1   0   4   4   3   1   7   0  11  13   3   2  12   3  10   4   0   0  10  0.07 0.09
  115 P    0  0  1 -2 -3 -2  1 -1 -2 -1 -3 -1 -2 -1  5  0  1 -4 -3 -1    7   5   8   1   0   0   8   5   0   4   1   4   0   3  32   6  10   0   0   5  0.58 0.25
  116 D    0  0  2  3 -3  0  2 -2 -2 -3 -2 -1 -2 -3  0  2  1 -4 -3 -1    8   6   9  21   0   3  13   1   0   1   4   1   0   0   3  17   8   0   0   5  0.36 0.21
  117 I    1  0 -2 -3 -3 -1 -2  0 -2  1  0  0 -1  1  2  1  0 -3  1  0   11   6   0   0   0   3   1   7   0  10  10   5   0   7  11  13   3   0   6   6  0.14 0.12
  118 L   -2 -1 -1 -3  1 -2  0  0 -2  0  2 -2  1  1 -1  0  1 -3  0  0    0   4   2   0   4   0   8   7   0   4  28   0   4   5   2   9  10   0   4   7  0.13 0.15
  119 N    1  1  2  0  0 -1  0  1  0 -1 -2  1 -2  0  1  0 -1 -3  0 -2   14  10  11   5   2   0   4  13   3   4   4   9   0   4   5   6   2   0   4   0  0.13 0.12
  120 R    2  3 -1  1  1 -1  0 -3 -2 -1 -2  1 -2 -3  2 -1 -2 -4 -3 -1   19  23   3  10   4   0   5   1   0   5   4   9   0   0   9   4   0   0   0   4  0.34 0.22
  121 K    0  2 -2 -2 -3 -1  1 -1 -2 -3 -1  3 -2 -2  2  0  0 -3  1 -3    8   9   0   1   0   0   9   5   0   1   8  26   0   0   9   7   7   0   7   1  0.32 0.22
  122 R    0  2  0 -2 -3  1  0 -1 -1  0 -1  2 -1  0  1  0  0 -3  1  0    7  13   4   0   0   6   5   5   0   5   5  14   0   5   7   5   5   0   7   7  0.14 0.11
  123 K    0  1  1  0 -3  1  1 -1  1 -2 -1  2  0 -3  2  0  1 -4 -3 -1    5   8   5   6   0   4  11   4   4   0   4  13   3   0   9   5  11   0   0   6  0.21 0.13
  124 G    1  0  0  1  0  1  0  2 -2 -1 -1 -2 -2 -2 -3  1 -1 -3 -1  0   14   5   5   7   2   6   5  22   0   3   5   0   0   2   0  14   0   0   3   7  0.19 0.12
  125 T    0  0  1 -1  0  0  0 -3  0 -2 -2  1 -2  0  1  2  2 -4 -2  0    7   4   5   2   2   2   6   0   2   0   1  11   0   6   7  20  16   0   0   7  0.25 0.16
  126 T    0  0 -1  1 -3  0  1 -2 -1 -2 -1 -1 -2 -2 -1  1  3 -3  1 -1    5   4   2   9   0   2  12   2   1   2   6   2   0   0   2  13  24   0   7   4  0.24 0.17
  127 S    1 -1  1  1 -1 -1  1 -1 -2 -1 -2 -2 -2 -3  1  2  1  0  0 -1   12   3   6  10   2   2   8   2   0   4   2   0   0   0   8  22   7   2   5   5  0.23 0.14
  128 G    0 -2  0  1 -3 -1 -1  3 -1 -1 -1 -1 -1 -3 -1  1  1 -4 -3 -1    8   0   4   8   0   2   4  30   2   4   5   2   2   0   2  15   7   0   0   4  0.31 0.15
  129 D    1 -1  1  3 -3  0  3 -1 -2 -3 -1  1  0 -2 -1  0 -1 -4 -3 -2   16   2   6  17   0   2  21   3   0   1   5   9   3   2   2   7   3   0   0   2  0.30 0.15
  130 K    0  1  0  1 -3  1  2 -1  1 -3 -3  3 -2 -2 -1  2  0 -4 -3 -2    9   5   4   8   0   7  12   2   4   0   2  21   0   2   2  15   4   0   0   2  0.31 0.15
  131 R    0  2  1  0 -3  1  1 -1 -1 -2 -1  1 -2 -1  1  1  1 -3 -1 -2   10  11   6   3   0   9  10   2   0   0   7   7   0   3   8  10   8   0   3   2  0.19 0.09
  132 N    0  0  2 -1 -3  1  1  1 -1 -1 -1  1  0 -1 -1  1  0 -3 -1 -1    5   2  14   0   0   7  12  10   0   4   4  13   3   2   2  11   5   0   2   3  0.18 0.11
  133 K    0  2 -1  0 -3 -1  0 -3 -2 -1 -1  3  0 -2  1  1  1 -4 -3  0    5  14   2   4   0   0   5   0   0   3   4  26   2   2   8   9   9   0   0   6  0.32 0.17
  134 I    0  0 -3 -2 -3 -1 -1 -2  0  2  0 -2 -1  0 -1 -1  0 -3  2  3    6   5   0   2   0   3   4   3   3  16   5   0   0   4   2   2   4   0  10  29  0.23 0.16
  135 P    0 -2 -1 -2 -4  0  0 -4 -3  1 -1 -1  0 -3  5 -1 -1 -4  0 -1    8   2   3   2   0   4   6   0   0  11   6   3   3   0  37   4   3   0   3   3  0.70 0.26
  136 R   -1  3 -1 -1 -4  2  2 -3 -2 -3 -1  3  1 -4  1  0 -1 -5 -4 -2    4  21   2   3   0   9  14   0   0   0   4  18   5   0   6   8   3   0   0   2  0.45 0.22
  137 H    0  1  0 -2 -4  1  2 -1  4 -3 -2  1  2 -3 -2  1  1 -4  0 -2    8   8   4   0   0   4  16   3  14   0   3  11   7   0   2   8   7   0   3   2  0.31 0.18
  138 A    2  0  0  0 -3  0  0 -1 -1 -1 -1  0 -2 -3  1  1  0 -4 -3  1   21   4   5   4   0   3   7   3   1   3   5   6   0   0   6  13   6   0   0  14  0.17 0.12
  139 S    1  0 -1  1 -2  1  0 -2 -2 -3 -2  0  0 -4 -1  3  2 -5 -4  0   11   4   1   7   1   7   4   1   0   0   2   6   3   0   3  30  14   0   0   6  0.36 0.21
  140 Q    1  1  1  1 -4  2  1 -1  0 -3 -2  2 -2 -4  1  1  1 -4 -3 -2   10   6   6  10   0  12   9   5   2   0   3  14   0   0   7   8   7   0   0   2  0.29 0.14
  141 V   -1  0 -3 -2  0  0 -2 -1 -2  1  0  0  1  0  1 -1  0 -3  1  2    3   6   0   2   3   3   1   4   0   9   5   8   4   4   7   4   4   0   6  26  0.14 0.12
  142 S    1 -1  0  0 -1 -1  1 -1 -2 -1 -2  0 -1 -2  1  2  1  1 -1  0   12   2   4   5   1   0   9   4   0   4   2   6   1   1   8  18   7   2   3  10  0.15 0.10
  143 E   -1  0  0  0 -1  1  3 -3  0 -3 -2  1 -3 -3  2  0  0  3 -1 -1    3   5   3   4   1   4  28   0   2   0   4   8   0   0   9   8   6   6   2   6  0.37 0.18
  144 A    2  0  0 -2 -3 -1 -1  0 -2 -1 -1  1 -1 -3  2  1  0 -4 -1  0   18   3   4   1   0   0   3   7   0   2   7  10   1   0  11  14   6   0   3   8  0.20 0.12
  145 T    0 -2 -1  0 -3  0  0 -2 -1 -2 -2  0 -1  0  2  1  4 -4 -2 -1    5   1   1   5   0   4   4   3   1   1   3   6   1   4   9   8  38   0   1   4  0.41 0.23
  146 G    1  0 -1  1 -1  0 -1  2  1 -3 -2  1 -3 -4 -1  1  1 -1 -3 -2   13   4   2   9   1   3   2  22   4   0   3  11   0   0   1  11  11   1   0   2  0.28 0.14
  147 L    0  0 -1  0 -3 -1 -1 -3 -2  1  2  0  2 -1 -2  0 -1 -3 -2  1    7   5   2   7   0   1   2   0   1   5  28   8   7   2   2   8   2   0   0  13  0.16 0.11
  148 K    1  2  0  1 -3  1  2 -1 -2 -1 -2  2 -1 -3  0  1  1 -4 -3 -1   13  12   3   6   0   5  12   4   0   4   3  12   2   0   3   8   8   0   0   5  0.20 0.10
  149 Q    0  1  1 -1 -4  3  0 -3  0 -1 -2  3 -2 -3  1  0  0 -4 -2 -1    9   9   6   2   0  16   4   0   2   5   3  22   0   0   5   5   6   0   1   4  0.31 0.16
  150 V    0 -1 -1 -2 -2 -2  0 -3 -2  1  0  1  1  0 -1 -1  1 -3  1  2    9   2   4   1   0   0   5   1   0  11   8   9   4   4   3   4  10   0   5  21  0.13 0.10
  151 G    1  0  0  1 -1  1 -1  2 -2 -3 -2  0  0 -3  0  1  0 -4 -3 -2   15   4   4  11   1   7   1  20   0   0   4   6   3   0   4  12   3   0   0   2  0.24 0.12
  152 A    2  0  0  0 -1  0  0  1  1 -1 -2  0 -2 -3  0  1  1 -3 -1 -1   27   4   5   5   1   2   6   9   3   4   3   6   0   0   4   8   8   0   2   3  0.17 0.10
  153 F    0 -1 -2  0 -3 -2 -2 -2  0  0 -1 -1  0  4 -1  1 -1  0  4 -1    6   3   0   5   0   1   2   3   2   7   5   5   2  23   2  11   3   1  15   4  0.27 0.16
  154 Q   -1  2  0  0 -1  2  1  1 -2 -1 -1  1  0 -3  1  1  0 -4 -3  0    2  11   5   4   1  11   8  10   0   3   4   9   4   0   8  10   3   0   0   8  0.18 0.10
  155 F   -1 -2  0 -1 -4 -2 -2 -4  1 -1 -1 -1  1  5  0  0 -1 -2  2 -1    5   2   5   4   0   1   3   0   3   2   5   3   5  40   4   7   3   0   5   3  0.52 0.25
  156 E   -1 -1  0  1 -4  0  3 -2  1 -2 -3  1  0 -3  1  1  1 -2  1 -2    3   2   4   5   0   2  24   3   3   3   2   9   3   0   8  14   7   0   5   1  0.30 0.18
  157 I    0 -1 -2 -2  0  0 -2 -2 -2  2  0 -1  2 -1  1  0  0 -2  0  2    6   3   1   2   2   5   2   2   0  13   6   3   7   2   8   9   4   1   3  20  0.14 0.11
  158 D   -2  0  2  6 -5 -1  0 -3  0 -5 -4  0 -2 -5  0  0  0 -6 -5 -3    2   6   8  49   0   1   5   1   2   0   1   5   1   0   5   7   4   0   0   2  0.92 0.37
  159 A    1  0  0  1 -4  0  2 -1  0 -3 -4  0 -2 -1  2  2  0  1 -3 -2   15   4   3   9   0   3  13   5   2   1   0   7   0   3   9  19   3   2   0   2  0.29 0.18
  160 E   -1  0  1  3  2  1  4 -2 -2 -4 -4  0 -4 -4  1  1 -1 -5 -3 -4    4   5   6  17   5   5  29   3   0   1   1   4   0   0   6  10   2   0   1   0  0.54 0.26
  161 G   -1 -2  2  2 -5 -1 -1  5 -1 -5 -5  0 -2 -5 -2  0 -1 -5 -3 -4    4   2   9  13   0   2   4  46   1   0   1   6   1   0   1   6   3   0   1   0  0.78 0.32
  162 Y   -1  1 -2 -3  0  0 -1 -3  4 -2 -1 -1  0  2 -1 -1  0  3  4 -1    4   9   1   1   2   4   3   1  11   1   4   4   3  10   4   4   6   5  18   4  0.36 0.22
  163 V   -2 -5 -4 -4 -3 -4 -3 -6 -4  4  1 -5  0 -1 -1 -4 -1 -5 -2  4    3   0   0   1   0   1   2   0   0  27  13   0   2   2   3   0   3   0   1  40  0.93 0.44
  164 I   -2 -1 -1 -2 -3  1 -1 -5  2  3 -1  0  0 -2 -3 -2  2 -5  0  3    3   2   2   2   0   5   4   0   6  19   5   6   1   1   1   1  12   0   3  25  0.39 0.28
  165 V    1 -6 -7 -7  0 -3 -6 -5 -7  4 -1 -6 -1 -3 -6 -4 -4 -7 -6  5   11   0   0   0   2   1   0   1   0  24   5   0   1   1   0   1   1   0   0  53  1.41 0.63
  166 Y   -1 -7 -3 -4 -3 -7 -7 -6  1 -6 -6 -7 -6  3 -8 -1 -5  3  8 -5    6   0   1   1   1   0   0   0   2   0   0   0   0  13   0   5   1   3  65   1  2.37 0.94
  167 T   -1 -6 -5 -6  3 -6 -4 -5 -7  0 -2 -6 -2 -7 -6 -1  6 -8 -7  1    6   0   0   0   6   0   1   1   0   5   4   0   1   0   0   3  66   0   0   8  1.72 0.82
  168 D   -6 -6 -2  8 -8 -1 -4 -3 -6 -8 -8 -6 -7 -7 -6 -4 -3 -8 -4 -7    0   0   1  89   0   3   0   2   0   0   0   0   0   0   0   1   2   0   1   0  2.84 1.09
  169 G   -5 -2 -5 -6 -7 -6 -7  7 -7 -8 -8 -6 -7 -7 -7 -5 -6 -7 -8 -7    0   2   0   0   0   0   0  95   0   0   0   0   0   0   0   0   0   0   0   0  2.86 1.07
  170 S    4 -6 -5 -6  2 -5 -2 -1 -2 -4 -5 -5 -6 -7 -5  5 -3 -7 -6 -3   33   0   0   0   4   0   2   4   1   1   1   0   0   0   0  51   1   0   0   1  1.48 0.81
  171 C    2 -8 -7 -8 10 -7 -8 -5 -8 -7 -7 -7 -7 -2 -7  1 -4 -1 -2 -6   19   0   0   0  63   0   0   1   0   0   0   0   0   2   0  12   1   1   2   0  2.77 1.10
  172 I   -2  2 -2 -2 -5 -1  0 -4  0  1  3  1 -1  0 -1  1 -1 -2 -2 -1    2  12   1   2   0   2   5   0   3   8  28  10   1   3   3  12   4   1   1   2  0.29 0.27
  173 G   -2  0  3  0 -6 -1 -3  5 -1 -5 -5  0 -3 -3  1  0 -4 -1 -1 -4    3   6  14   5   0   3   1  42   2   1   1   5   1   1   6   6   0   1   2   1  0.81 0.49
  174 N   -5 -3  8 -2 -2 -1 -6 -3 -2 -8 -9 -2 -8 -8 -2 -3 -3 -9 -3 -4    1   1  82   1   1   2   0   2   1   0   0   2   0   0   2   1   1   0   1   1  2.63 1.22
  175 G   -3 -6 -3 -3 -7 -1 -2  5 -2 -7 -4 -3 -6 -4  5 -2 -3 -7 -2 -4    2   0   1   2   0   3   3  50   1   0   2   2   0   1  27   3   1   0   1   1  1.42 0.73
  176 R   -2  2  0 -2 -3  1 -2  3  0 -4 -3  2 -1 -3  1  0  0 -5 -2 -4    1  12   4   2   1   8   2  27   2   1   2  13   1   1   8   6   7   0   1   0  0.47 0.33
  177 A    1  0 -1  0 -3 -1 -1  2 -1 -2 -2  0  1 -2  4 -1 -1  1 -2 -1   11   6   2   5   1   2   4  15   1   2   5   5   3   2  22   4   3   2   2   4  0.34 0.25
  178 G   -2 -1  2 -1 -3 -2 -3  6 -2 -4 -5 -2 -6 -3 -1 -1 -3 -1 -3 -4    2   4   8   4   1   2   2  59   1   1   1   3   0   1   3   3   1   1   1   1  1.17 0.60
  179 A    4 -2 -2 -3  1 -2 -4  4  0 -3 -3 -3  1 -2 -1 -1 -2  4 -4 -3   33   2   2   1   3   2   1  28   2   1   2   1   4   2   3   5   2   6   0   2  0.74 0.43
  180 C    0  2 -3 -3  1 -1 -3 -1 -2 -1 -2  0 -1 -1  1 -2 -2  8  0  0   10  12   1   1   3   3   1   6   1   3   3   6   1   2   6   3   2  24   3   8  0.72 0.39
  181 A    5 -4 -2 -4 -1 -3 -3  3 -4 -1 -2 -3 -1 -4 -2 -1 -2  2 -4 -1   48   1   2   1   1   1   1  20   0   3   5   1   2   1   2   4   2   3   0   3  0.83 0.45
  182 G    2 -3 -2  0 -1 -1 -4  5 -5 -2 -2 -3 -1 -2 -5 -1 -2 -6 -3 -2   15   1   2   5   1   3   0  53   0   2   4   1   1   2   0   3   2   0   1   3  0.97 0.51
  183 Y   -2 -3 -5 -5 -1 -4 -3 -2  2  2  1 -5 -1  1 -5 -2 -2  7  4  1    4   2   0   0   1   0   2   4   5  14  13   0   1   6   0   3   2  18  13  12  0.78 0.41
  184 G    1 -1 -2 -4 -5 -4 -1  5 -4  1  0 -4 -1 -4 -5 -2 -2 -5 -1  0   13   3   1   0   0   0   4  42   0   8  11   0   1   0   0   3   2   0   2   8  0.69 0.40
  185 V    1  0 -3 -2  1 -2 -3 -3 -7  3 -1 -7 -1 -1 -2 -2 -2  4 -1  4   10   5   1   2   2   2   2   2   0  15   6   0   2   3   2   3   2   6   2  29  0.66 0.37
  186 Y   -2 -3 -2 -8  1 -1 -1 -4  2  1 -2 -8 -7  3 -1 -3 -1  4  5  2    4   2   2   0   2   3   4   2   5   8   4   0   0  11   4   2   3   6  22  15  0.83 0.47
  187 F   -2 -2  0  0  0 -1 -1  0  2  1  0 -3  0  4  0 -2 -2  5  2  0    3   2   5   5   2   2   4   7   5   8   8   2   2  16   4   3   2   8   6   7  0.36 0.22
  188 G   -1  0  0  0  2  0  0 -1  2  0 -1  0  2  0  0 -1  0  3  1 -1    5   5   5   5   5   5   5   5   5   5   5   5   5   5   5   5   5   5   5   5  0.09 0.08
  189 K   -3  0  1  3 -8 -1  2 -1  2 -3 -4  1 -2 -2  3 -1 -1 -2  1 -3    2   5   6  16   0   3  12   5   5   2   2   9   1   2  13   5   5   1   6   2  0.41 0.34
  190 N   -3 -1  4  3 -1  0  1  3 -1 -3 -4  0 -2 -3 -2 -1 -1  0 -2 -2    3   3  20  14   1   4   8  19   2   1   2   5   1   1   3   4   3   1   1   3  0.54 0.39
  191 H   -2 -1  1  3  0  1  2 -1  6 -4 -4  1 -3 -1 -2  0 -2 -8 -2 -3    3   3   6  17   2   5  12   5  19   1   2   7   1   2   3   6   3   0   2   2  0.65 0.44
  192 Q   -1  1 -2 -1  0  1  2 -3  3 -1 -3  0 -1 -2  3 -1 -1  4  0 -1    4   7   2   4   2   5  14   2   6   3   3   6   2   2  15   5   4   5   3   5  0.32 0.28
  193 L   -1  2 -1 -1  2 -1  0 -2  0  1  2  0  1  0 -2 -2 -2  2  0  0    4  11   3   4   4   3   7   4   3   7  19   4   3   4   2   3   3   3   3   6  0.15 0.11
  194 N   -2 -1  5  0  1 -1 -1 -2  1 -1 -2 -1  1 -1 -1 -1 -1  2  0 -2    4   4  30   5   3   3   5   4   3   3   4   4   3   3   4   4   4   3   3   3  0.52 0.37
  195 A    0 -1 -1 -1  1 -1  1  2  2  0 -1 -1  0 -1 -1  0 -1  2  1 -1    9   3   3   3   3   3  11  15   6   5   5   4   3   3   4   6   4   4   4   5  0.12 0.11
  196 A    3 -4 -3 -3  1 -1 -3  1 -2 -1 -1 -2 -3 -2 -4  4 -2 -3 -1 -3   23   1   1   1   3   3   2  12   1   4   6   2   1   2   1  33   2   0   2   1  0.61 0.42
  197 K   -1  0 -2 -2 -3  1  3  1 -2 -2 -2  1 -3 -2 -4  0 -2  1 -1  1    5   4   1   2   1   5  23  13   1   2   5   9   1   1   1   8   2   2   2  12  0.31 0.25
  198 P    0  4 -2 -1 -1 -2 -2  1 -1 -2 -3  0 -2 -1  4 -2 -1 -1 -2 -3    7  20   2   3   1   2   2  11   1   2   3   4   1   3  25   3   4   1   2   1  0.57 0.35
  199 V   -1 -3 -3 -3  1 -3 -2 -1 -2  1  3 -2  1  0 -3 -1 -1 -1  0  3    6   1   1   1   3   1   2   6   1   8  29   2   3   4   1   4   4   1   3  20  0.33 0.21
  200 E   -1  0 -1  2 -3  0  2 -2  3 -1 -2 -1 -1 -1  2  1  1 -2 -1 -1    3   4   3  14   1   3  14   3   8   3   3   4   2   2  12  11   7   1   2   3  0.28 0.19
  201 G   -1 -2  0  0 -2 -2 -2  5 -2 -4 -3 -1 -2 -2 -1 -1 -1 -4  0 -3    4   2   3   6   1   1   2  54   1   1   3   5   1   2   3   3   4   0   3   1  0.84 0.38
  202 R   -1  4  1 -1 -1  0  0 -1  2 -2 -2  1 -2 -3  1 -1  0 -5 -2 -1    4  28   6   3   2   2   7   4   5   2   4   8   1   1   8   3   5   0   1   6  0.35 0.23
  203 V    0  0 -1  0 -1  4 -1 -1  0  0 -1 -1  0 -1  1  0  1 -4 -2  1    8   4   1   6   1  25   0   6   2   5   5   1   3   2   6   4   8   0   1  10  0.22 0.21
  204 T   -2 -4  1  0 -4  0 -2 -4  0 -4 -5 -2 -4 -5  0  1  6 -6 -5 -4    2   0   6   6   0   3   1   0   2   0   0   2   0   0   4  10  63   0   0   0  1.23 0.59
  205 N   -2  0  6  0 -5  1 -3 -2  2 -3 -5  0 -4 -5 -4  2  0 -6 -4 -2    2   4  52   4   0   6   0   3   4   1   0   4   0   0   0  14   4   0   0   3  1.10 0.50
  206 N   -4  0  6 -1 -6  4 -1 -2 -2 -1 -5 -1 -4 -5 -3 -1 -1 -6 -2 -5    0   3  53   2   0  20   3   2   0   4   0   2   0   0   1   3   4   0   2   0  1.26 0.57
  207 V   -1  4 -2 -3  1  1  0 -3 -1  0 -2  0  0 -2 -1 -1  1 -4 -2  1    5  33   2   0   4   5   4   1   1   6   2   4   2   2   2   3   8   0   1  13  0.41 0.28
  208 G    4 -1 -3 -4 -3  0 -2  2 -3 -3 -3 -3  3 -2 -3  1  0 -4 -1 -2   41   3   0   0   0   4   2  18   0   0   1   0  11   2   0   8   5   0   2   2  0.62 0.39
  209 E   -3 -1  0 -1 -6  0  6 -4 -3 -5 -5 -1 -4 -5 -1  0 -1 -6 -5 -3    0   3   5   2   0   2  68   0   0   0   1   2   0   0   3   6   3   0   0   2  1.42 0.64
  210 I   -2 -4  0 -4 -3  0 -4 -4 -1  3  3 -3  2  1  0 -3 -1 -4 -1  0    3   0   6   0   0   6   0   0   2  22  36   0   5   6   4   0   3   0   2   3  0.51 0.31
  211 Q   -1  0  0  0  2  0  0 -1  1  0 -1  0  1  0 -3  0  0  3  1  0    5   5   5   5   5   5   5   5   5   5   5   5   5   5   0   5   5   5   5   5  0.06 0.09
  212 A    4 -3 -2 -3 -2 -2 -2  1 -3 -2 -3 -2 -2 -3 -2  1  1 -4 -3  1   53   0   0   0   0   0   1  13   0   0   1   1   0   0   0  10   9   0   0  10  0.66 0.25
  213 A    2 -2 -2 -1  1 -2 -1 -1 -2  1  0 -2  1  0  1  1  0 -3 -2  1   23   0   0   4   4   0   4   4   0  12   5   0   4   5   8   8   6   0   0  10  0.15 0.09
  214 I   -1  0  0  0  2  0  0 -1  1  0 -1  0  1  0 -3  0  0  3  1  0    5   5   5   5   5   5   5   5   5   5   5   5   5   5   0   5   5   5   5   5  0.06 0.09
  215 H   -1  3 -2  0  0  2  2 -3  4 -1 -2  1  0 -2 -5 -2 -2  0  0 -1    4  16   2   4   2   8  15   1  12   4   5  10   2   1   0   2   2   2   3   5  0.39 0.29
  216 A    5 -1 -6 -1  0 -5 -5  1 -6 -2 -2 -5  0 -2 -5 -1 -2 -7 -6 -1   60   4   0   3   2   0   0  10   0   2   5   0   2   2   0   3   2   0   0   5  1.14 0.65
  217 I   -1 -6 -6 -6  0 -5 -2 -2 -6  3  4 -2  1 -1 -6 -5 -2 -6 -1  0    4   0   0   0   2   0   4   4   0  19  49   2   3   3   0   0   2   0   2   6  0.91 0.48
  218 K   -2  2 -1 -1  0  2  3 -3  0 -2 -1  2  2 -5  0 -1 -1  0 -2 -2    2  13   2   3   2  10  21   1   2   2   6  16   5   0   4   5   3   1   1   2  0.42 0.31
  219 T    0  0  0  0 -1  3  0 -3  0  0 -1  0  0 -1 -3  1  1  0 -1 -1    8   6   3   6   1  14   4   1   3   6   6   5   2   2   0  11  11   2   2   5  0.15 0.17
  220 A    4 -2 -2 -1  1 -2 -3 -2 -1  0  0  0 -1 -2  0  0  1  0 -3  0   36   2   1   3   4   1   1   2   1   7   9   6   1   2   4   4   7   1   1   7  0.36 0.29
  221 L    0  1 -1 -2 -1  0 -1 -3  0  1  1  2  0  0  2 -1 -1 -1 -1  0    7   7   2   2   1   3   3   2   2   7  14  15   2   3  11   4   4   1   2   7  0.16 0.15
  222 D   -1  0  0  4 -3  0  2 -1  2 -3 -4  2 -3 -4  1  0 -1 -6 -3 -3    5   5   4  22   1   4  16   4   5   2   2  12   1   1   6   7   4   0   1   1  0.46 0.34
  223 L    0  0  0  0 -1  1  0 -1  1  0  1  0  0  0  2  0 -1 -1  0  0    6   6   5   5   1   5   6   3   4   6  13   5   3   4  10   5   3   1   4   5  0.07 0.06
  224 G    0  0  1  0  1  0  0  2  1 -1 -2  0  0 -3  1  0  0 -4 -1 -1    7   4   6   6   4   4   4  17   4   3   4   6   3   0   8   8   4   0   3   3  0.14 0.13
  225 I    0  0  0  0  1  0  0 -1  1  0 -1  0  1  0  0  0  0 -3  1  0    5   5   5   5   5   5   5   5   5   5   5   5   5   5   5   5   5   0   5   5  0.03 0.05
  226 Q   -1  0  0  0  2  0  0 -1  2  0 -1  0  2  0  0 -1  0  3  1 -1    5   5   5   5   5   5   5   5   5   5   5   5   5   5   5   5   5   5   5   5  0.09 0.08
  227 K   -1  1  1  1 -1  0  0 -1  2 -2 -3  2  1 -2  2  0  1 -4 -1 -2    3   8   6   7   2   3   6   4   6   2   2  15   3   2  12   8   8   0   2   2  0.25 0.19
  228 L   -2 -2 -5 -3  0 -4  0 -6 -5  3  3 -5  0 -1 -2 -2 -2  1  0  3    3   2   0   2   2   0   6   0   0  19  31   0   2   2   2   2   2   2   3  18  0.60 0.34
  229 C   -1  0  0  1  1  0  0 -2  1  0 -1  1  0  1 -1 -1  0 -3  0  1    3   4   3  11   4   3   4   3   4   5   5   9   3   8   3   4   7   0   3  14  0.07 0.09
  230 I   -4 -5  0 -5 -4 -5 -5 -5 -5  5  1 -5  2  1  0 -5 -4  4  1  2    1   0   6   0   0   0   0   1   0  36  15   0   5   6   5   1   0   5   5  13  0.89 0.39
  231 S   -1  1  0 -1 -1  1 -1 -2  4  0 -1  0  0  1 -3  0  0  1  3  0    4   9   3   2   2   6   2   2  12   8   6   6   2   5   0   5   5   2  13   5  0.17 0.14
  232 T    0 -3 -3 -3  2 -3 -1 -4 -4 -1 -1 -3  0 -4 -3  2  5 -5 -4 -1    9   0   0   0   5   0   3   1   0   2   6   0   2   0   0  14  53   0   0   3  0.93 0.47
  233 D    0  1  2  1 -3  0  1 -2  3 -3 -3  1 -2 -2 -2  1 -1 -2  2 -2   11  11  10  11   0   0  11   1  10   1   1  11   0   0   1  11   1   0  10   1  0.29 0.10
  234 S    0 -3 -1 -3  0 -2 -2 -3 -3 -3 -1 -1 -3 -1  0  5  0 -4  0 -3    3   0   2   0   2   0   0   1   0   0   7   3   0   3   4  65   4   0   4   0  0.88 0.45
  235 Q    0  0  1  1 -3  3  2 -2  0 -2 -1  2  1 -3 -1  0 -1 -3 -3 -2    6   4   5   6   0  16  18   2   1   2   6  13   7   0   2   6   3   0   0   2  0.30 0.17
  236 F   -1 -3  0 -3  1 -3 -3 -4  1  0 -1 -3  1  3 -1 -1  0  3  5 -1    4   0   4   0   4   0   0   1   4   8   5   0   4  13   4   4   8   3  30   4  0.49 0.27
  237 L    0 -3  0 -3  2 -2 -3 -1 -2  1  2 -2  1  0 -3  0  2 -2  1  1    7   0   5   0   6   0   0   4   0   6  22   0   4   4   0   8  14   0   7  10  0.17 0.15
  238 I   -2 -1 -4 -4  0 -1 -2 -3 -1  5  0  0  1  0 -2 -1 -1 -4 -1  2    2   4   0   0   2   2   2   2   2  43   4   5   3   4   2   6   3   0   2  12  0.50 0.33
  239 N   -3  2  4  2 -5  1  0 -2  1 -3 -3  2 -1 -4 -1 -1 -1  2 -1 -4    0  11  23  12   0   6   5   3   4   2   2  17   2   0   2   3   2   4   2   0  0.51 0.32
  240 S    1 -3  0 -3  6 -3 -3  1 -3  0 -1 -3  1  0 -3  2  0 -4 -3  0   11   0   5   0  23   0   0  12   0   5   5   0   4   5   0  16   7   0   0   5  0.41 0.24
  241 I    0 -2 -2  0  2  1 -2  0  2  0  0 -2  1  1 -3  0  0 -2  1  0    7   0   0   7   7   7   0   7   7   7   7   0   7   7   0   7   7   0   7   7  0.08 0.12
  242 T   -2 -2  2  0  1 -1 -1 -2  0 -2 -3 -1  0 -2 -2  0  5 -5  0 -2    2   2  11   5   3   3   4   2   3   2   2   3   2   1   2   6  43   0   3   2  0.70 0.49
  243 L   -2 -1  0  0 -1  1  2 -3  0 -1 -1  3 -1 -1 -3  0  0  2  0  0    2   2   5   5   1   6  15   2   3   4   5  19   1   2   0   6   7   3   4   8  0.23 0.21
  244 W   -6 -2 -2 -3 -7 -6 -3 -3  1 -3 -2 -3 -5  0 -7 -3 -6 11  3 -6    0   3   3   2   0   0   2   2   3   2   4   2   0   4   0   2   0  63   8   0  2.91 1.15
  245 V    0 -2 -3 -2 -1 -2 -4 -3 -1  4  2 -4  4  0 -3 -2 -2  0  0  1    8   3   1   2   1   1   0   2   1  24  18   0  12   3   1   3   1   1   4  11  0.45 0.30
  246 A   -1  1 -1  0  1  0  0 -1  2 -1 -2  1 -1 -1  4 -1 -1 -1 -1 -2    5   8   3   5   3   4   5   4   6   4   4  10   2   3  23   4   3   1   2   2  0.35 0.23
  247 G   -1  1  2  0 -5  0 -1  3 -1 -3 -4  3 -2 -3 -2  0  0 -5 -2 -3    4   6  11   6   0   3   3  23   1   1   1  23   1   1   1   5   5   0   1   1  0.50 0.33
  248 W   -2 -2 -3 -7 -1 -6 -6 -4  0 -6 -4 -3  0  1 -7 -6 -6 11  0 -6    4   3   1   0   1   0   0   2   2   0   2   2   2   5   0   0   0  71   2   0  3.41 1.28
  249 K    0  1 -1 -3 -2  1  2 -5 -1 -1 -3  5  0 -3 -4 -2 -1 -5 -1 -2    7   8   2   1   1   7  15   0   1   5   2  35   2   1   0   3   4   0   2   3  0.63 0.42
  250 K    1  3  1  0  0  2  1 -3  0 -3 -3  3 -2 -5 -4  0 -2 -2 -2 -3   11  17   6   6   2   9   7   2   2   1   3  24   1   0   0   6   2   1   1   1  0.49 0.35
  251 R   -2  3  6  0 -1  0 -1 -3 -1 -4 -3  2 -5 -4 -1 -1 -2 -6 -4 -4    3  15  41   4   1   4   4   2   1   1   3  11   0   1   3   4   2   0   1   1  0.93 0.56
  252 D   -1 -3  2  2 -6 -3 -1  5 -2 -6 -5 -1 -6 -6 -3  0 -2 -6 -4 -4    5   1  11  10   0   1   4  50   1   0   1   4   0   0   1   6   2   0   1   1  1.03 0.56
  253 W   -4 -3 -7 -8 -7 -3 -3 -4 -6 -2 -6 -7 -1  1 -4 -3 -7 11  2 -3    1   2   0   0   0   1   2   2   0   3   0   0   1   6   1   3   0  68   6   2  3.26 1.27
  254 K   -3  3  0 -1 -2 -1 -1 -2  0  0 -2  4  1 -1 -4 -1  0 -5 -1 -2    1  18   4   3   1   2   2   3   2   6   4  33   4   3   0   3   6   0   2   3  0.54 0.38
  255 L   -2  0  2 -2  2 -2 -3  0 -3 -1  0  2 -1 -2 -4  0  4 -5 -1 -2    2   5  11   1   4   1   0   6   0   3   9  14   1   2   0   6  29   0   2   2  0.43 0.35
  256 K    2  0 -1 -2 -1  0 -2 -2 -2 -2 -2  1 -1 -3  1  3  0 -5 -1 -1   22   6   3   2   1   4   1   2   1   2   3  11   2   1   6  23   5   0   2   4  0.33 0.29
  257 N    0  0  4  2 -2 -1 -1  0  0 -3 -4  2 -1 -2 -2  1  1 -5 -2 -3    7   4  19  11   1   2   2   6   2   1   1  13   2   2   1  12  10   0   1   1  0.37 0.28
  258 N   -1  0  3 -2 -5 -2 -2  5 -3 -5 -5  2 -5 -3 -3 -2 -3 -5 -3 -3    5   4  15   2   0   1   2  48   1   0   1  11   0   1   1   2   1   0   1   2  0.99 0.53
  259 Q   -1  0 -1  1 -5  1  2  0  1 -2 -3  4 -2 -3 -4  0  0 -5 -1 -2    4   4   3   9   0   7  14   8   4   3   2  26   1   1   0   6   4   0   2   2  0.40 0.30
  260 P   -2 -3 -2  0 -5 -2  0 -2  1 -1  0 -1 -1 -4  6 -1 -1 -6 -4 -1    3   1   1   6   0   1   5   4   3   3   9   4   1   1  43   5   3   0   1   5  0.90 0.51
  261 V   -1 -4 -1 -6 -3 -5 -6 -5 -6  3  0 -3 -1 -4 -4 -3 -4 -6 -1  6    5   1   3   0   1   0   0   1   0  13   9   1   1   0   1   1   0   0   3  60  1.29 0.67
  262 K    0  1 -2 -1 -5  2  1 -3 -2  0 -1  5  0 -5 -2 -1 -1 -2 -1 -1    8   5   1   3   0   8   9   1   0   6   7  37   2   0   1   3   3   0   2   3  0.53 0.39
  263 N   -4 -1  7  1 -1 -3 -1 -5  1 -6 -4 -2 -2 -1 -3 -2 -2 -7 -1 -5    1   4  64   7   1   1   4   0   3   0   2   1   1   2   1   2   2   0   2   1  1.68 0.84
  264 V    0  2 -3 -1 -2  2 -1 -3 -2  1  0  2 -1 -1 -2 -1 -1  0 -2  1    7  10   0   3   1  13   3   2   1   9  11  15   1   3   2   3   3   2   1  12  0.20 0.20
  265 V   -1 -1 -1  4 -3  0  3 -4 -2 -1 -2  1  1 -2 -2 -2 -1 -5 -1  1    4   2   2  27   0   3  19   1   1   4   4   8   3   1   1   2   2   0   2  12  0.47 0.33
  266 D   -2 -2  0  3 -4  0  1 -4 -1  0  3 -1  0 -1 -3 -2 -2 -4 -2 -1    2   1   4  16   0   3  12   1   1   6  35   4   2   3   1   2   2   0   1   2  0.43 0.31
  267 F   -2 -4 -5 -4 -3 -4 -4 -4 -1  3  1 -3  3  3 -5 -3 -3  7  2  0    3   1   0   1   0   0   1   1   1  21  16   1   7  15   1   2   1  17   6   5  0.93 0.46
  268 K   -2  2 -2 -1 -2  3  2 -4  1 -1 -1  3  0 -3 -4 -2 -2 -4  0 -1    3  11   1   3   1  16  14   1   3   4   5  22   3   1   0   2   2   0   4   4  0.49 0.35
  269 E    1  1 -2  0 -3  2  4 -3 -1 -3 -2  1 -2 -2 -1  0 -2 -1  1 -2   12   9   1   5   1   8  27   1   1   1   3  10   1   1   3   5   2   1   6   2  0.43 0.32
  270 L   -1 -4 -2 -5 -2 -3 -3 -5 -1  3  4 -4  3 -3 -5 -3 -2 -5 -4  0    5   1   2   0   1   1   2   1   1  19  49   1   7   1   0   2   2   0   0   6  0.89 0.48
  271 D    0  0  1  4 -3 -2  1 -4  1 -1 -1 -1 -1 -2 -2 -1 -1 -3  0  0    8   5   6  31   0   1   7   1   4   4   8   4   1   1   1   4   2   0   4   6  0.40 0.29
  272 K    2  2  1  1 -3  1  2 -2 -1 -3 -2  2 -2 -3 -1 -1  0 -2  0 -3   17  11   5   8   0   5  12   2   1   1   4  14   1   1   2   4   5   1   4   1  0.28 0.24
  273 L    0  0 -2 -1 -1 -1  0 -4 -1  1  3 -2  1 -1 -4 -2 -2 -2  0  0    9   5   2   3   2   3   6   1   1   7  40   2   3   2   0   2   2   1   3   6  0.36 0.27
  274 L    0  0 -2 -2  1 -2 -2 -4 -2  2  3 -1  3  0 -4 -1 -1 -4  1  0    6   5   2   2   3   1   3   1   1  13  31   4   7   3   0   4   3   0   5   6  0.31 0.23
  275 Q    0  2  1  0 -3  3  3 -2  0 -3 -3  2 -1 -2 -3  0 -1 -4 -2 -3    9  12   6   6   1  13  19   3   3   1   2  10   2   2   1   5   4   0   1   1  0.40 0.29
  276 E    0  2  0  1 -3  1  2  0 -1 -2 -1  1 -1 -1 -2  1 -1 -4 -1 -2    8  11   3   7   0   5  17   7   1   2   5   9   2   4   2  10   4   0   2   2  0.19 0.17
  277 N   -1  4  2 -1 -1  1 -1 -1  3 -1 -2  0  0  0 -2  0 -1 -4 -2 -3    4  28   9   2   1   5   3   5   9   3   4   5   2   4   2   9   3   0   1   2  0.43 0.31
  278 N   -1  1  2  1 -3  1 -1  2  1 -4 -3  1 -3 -3  0  1  0 -3 -1 -4    3   7  11   9   0   6   4  20   4   1   2   9   0   1   5   9   5   0   2   1  0.32 0.25
  279 I    1 -1 -1 -3 -2 -2 -2  0  0  3  1 -2  2 -1 -3 -2 -1 -2 -1  2   13   4   2   2   1   2   2   7   2  24  11   2   5   2   1   2   2   1   2  14  0.27 0.22
  280 T    0  1  1  1 -2  1  1 -1 -1 -1 -3  1 -2 -3  1  1  2 -5 -2 -1    6   7   6   9   1   5   8   5   1   3   2  10   1   1   6   8  16   0   1   4  0.22 0.20
  281 V   -2 -5 -5 -6 -5 -5 -5 -5 -3  3  0 -5 -1  2 -2 -4  2 -1 -1  5    3   1   0   0   0   0   1   1   1  17   7   0   1   7   2   1  12   1   2  43  0.97 0.54
  282 K   -2  2 -1 -1 -1  1  2 -3  3 -1 -3  4 -2 -2 -4  0  0 -5 -1 -2    3  11   3   3   1   5  16   1   8   3   2  25   1   1   1   6   5   0   2   3  0.48 0.35
  283 W   -5 -5 -6 -7 -4 -5 -7 -5 -2  1  1 -7 -1  6 -7 -6 -2  9 -1 -1    1   1   0   0   0   0   0   1   1   8  11   0   1  32   0   0   3  34   2   4  2.03 0.91
  284 N   -2  1  1 -1 -1  2  2 -4  3 -1 -3  1  0 -2 -3 -1  0  1 -2  1    2   7   8   2   1  11  17   1   7   4   2  10   2   2   1   3   7   2   1  10  0.32 0.26
  285 Y   -5 -4 -3 -4 -4 -4 -5 -5  7 -6 -3  1 -5 -2 -5 -5 -5  9  4 -4    1   1   1   1   0   1   1   1  28   0   2   9   0   2   1   1   0  32  16   1  2.19 0.95
  286 V   -3 -6 -8 -8 -3 -5 -7 -8 -4  2 -3 -6 -2 -4 -8 -3 -1 -2 -7  7    1   0   0   0   1   1   0   0   0   9   1   0   1   1   0   2   3   1   0  79  2.14 1.03
  287 E   -3  3 -2 -1 -8 -1 -1 -5 -2 -7 -4  5 -6 -4  3 -2 -4 -7 -1 -4    2  15   1   4   0   3   4   1   1   0   2  45   0   1  15   3   0   0   2   1  1.17 0.69
  288 A    2 -2 -5 -6 -5 -3 -6  6 -3 -4 -5 -4 -7 -5 -7 -1 -3 -3 -8 -3   20   2   0   0   0   1   0  65   1   1   1   1   0   1   0   4   1   1   0   2  1.66 0.84
  289 H   -6 -5 -2 -5 -3 -5 -5 -8 10 -9 -9 -5 -8 -7 -5 -5 -4 -8 -3 -9    1   0   2   1   1   0   1   0  92   0   0   0   0   0   1   1   1   0   1   0  4.10 1.64
  290 K    3 -1  1  0 -2  0 -3 -2 -3 -3 -4  0 -2 -6 -4  4  0 -6 -3 -1   22   4   8   4   1   3   1   2   0   1   1   5   1   0   1  34   5   0   1   5  0.63 0.47
  291 G   -3 -2  2  0 -4 -3 -4  6 -5 -5 -6 -2 -6 -5 -4 -2 -3 -6 -5 -4    1   2   8   4   0   1   1  70   0   1   1   3   0   1   1   2   2   0   1   1  1.64 0.76
  292 I   -4 -1  3  3 -2 -2  0 -5  5  3 -2 -2 -3 -2 -5 -2 -2 -3 -2  0    1   3  16  18   1   1   6   0  13  20   2   2   0   2   0   2   2   0   1   8  0.66 0.42
  293 E    0  0 -2  0 -5 -1  2 -5  3 -1 -2  0 -2 -1  4 -2 -1 -1  2 -1    9   4   1   5   0   2  17   0   7   4   3   7   1   2  19   2   3   1   7   5  0.41 0.32
  294 G   -2 -6 -4 -1 -7 -4 -1  6  0 -7 -2 -4 -1 -1 -4 -3 -6  0  2 -7    3   0   0   3   0   1   4  67   3   0   4   1   2   3   1   2   0   1   7   0  1.54 0.76
  295 N   -7 -6  8 -2 -9 -4 -6 -6 -5 -9 -9 -6 -8 -9 -8 -3 -6 -9 -3 -5    0   0  94   2   0   1   0   0   0   0   0   0   0   0   0   1   0   0   1   1  3.38 1.46
  296 E   -5 -1  0  2 -8 -1  6 -7 -1 -2 -6 -2 -4 -4 -6 -2 -3 -2 -2 -2    1   3   3  11   0   2  64   0   1   3   0   2   0   1   0   3   1   1   1   3  1.54 0.84
  297 M    2  2 -2 -3 -2  2  2  0 -1 -1 -1  1  4 -3 -5 -3 -3 -4 -3 -3   19  13   2   1   1   8  13   7   1   3   5   9  14   1   0   1   1   0   1   1  0.46 0.39
  298 A    6 -7 -7 -8  3 -6 -6 -5 -7 -6 -5 -6 -6 -7 -6 -4 -5 -8 -7  0   86   0   0   0   6   0   0   0   0   0   1   0   0   0   0   0   0   0   0   7  2.33 1.13
  299 D   -8 -4 -1  8-10 -6 -4 -7  1-10-10 -3 -9 -9 -8 -6 -7-10 -4 -9    0   1   2  92   0   0   0   0   3   0   0   2   0   0   0   0   0   0   1   0  3.09 1.29
  300 K    1  4 -2 -2 -4  2  2 -2 -1 -4 -3  3 -1 -4 -4 -1 -2 -3 -1 -2   12  25   1   2   0   8  11   3   1   1   3  19   2   1   1   3   2   0   2   2  0.59 0.41
  301 L   -4 -4 -8 -9 -3 -3 -7 -9 -4 -1  6 -5  2 -4 -8 -7 -5 -3 -3 -3    2   1   0   0   1   1   0   0   0   3  84   0   5   0   0   0   0   0   1   1  1.98 0.91
  302 A    7 -7 -7 -7 -3 -6 -6 -5 -7 -7 -5 -6 -6 -8 -6 -2 -4 -9 -8 -4   95   0   0   0   0   0   0   0   0   0   1   0   0   0   0   2   1   0   0   1  2.60 1.19
  303 R   -4  5  3 -3 -3 -1 -3 -3 -3 -3 -5  3 -5 -6 -6 -2  0 -7 -4  1    1  35  17   1   1   2   1   2   0   1   0  20   0   0   0   3   5   0   0  11  1.01 0.58
  304 Q    1  2  1 -1 -4  3  3 -3 -1  0 -1  2 -1 -4 -4 -1 -2 -5 -3 -3   11  11   5   3   0  15  21   1   1   6   6  10   2   1   0   3   1   0   1   1  0.45 0.33
  305 G    3 -6 -5 -6 -3 -6 -4  6 -6 -7 -7 -6 -5 -5 -6 -3 -5 -7 -5 -6   23   0   0   0   1   0   1  72   0   0   0   0   0   0   0   2   0   0   0   0  2.03 0.86
  306 S    6 -3 -5 -6  1 -3 -5 -4 -6 -1 -4 -5 -1 -6 -5  2  0 -7 -6 -2   70   1   0   0   3   1   0   0   0   3   1   0   2   0   0  13   5   0   0   2  1.50 0.74
  307 A    2  0 -1  1 -3  0  1 -1 -2 -3 -1  0 -1 -2 -3  2  0 -5 -3 -2   25   5   2   9   0   4  10   4   1   1   7   6   1   2   0  14   6   0   1   2  0.25 0.20
  308 L   -1  0 -2 -4 -4 -1  0 -4 -4  1  3  0  5  0 -2 -2 -2 -4 -3 -1    6   6   1   0   0   3   8   1   0   6  32   6  20   4   2   2   2   0   0   2  0.49 0.30
  309 Y   -2 -2 -2 -5 -5  0 -4 -4  2 -2 -1 -1 -1  3  1 -2 -4  2  7 -3    3   2   1   0   0   4   0   1   6   1   4   4   2  11   7   2   0   2  49   1  1.08 0.41
  310 K   -1  3  0 -1 -5  3  0 -1 -2 -3 -3  4 -1 -2  1 -2 -1 -4 -1 -4    4  18   5   2   0  16   4   5   0   1   2  31   2   1   5   0   2   0   3   0  0.55 0.24
  311 Q   -2  3  0 -2 -5  4  3 -2  1 -4 -4  2 -1 -5 -1 -1 -2 -5 -4 -2    0  18   4   0   0  30  21   2   3   0   0  12   2   0   2   2   1   0   0   2  0.76 0.27
  312 K   -2  3 -1  0 -5  2  1 -1 -2 -4 -4  4 -1 -5  2 -1 -2 -5 -4 -4    0  18   0   3   0   8  10   4   0   0   0  41   2   0  11   3   0   0   0   0  0.74 0.20
  313 N    0  1  4  3 -4  0  0 -2  3 -4 -4  1 -3 -4 -3  2 -1 -5 -2 -3    6   6  29  20   0   0   0   0  12   0   0  12   0   0   0  16   0   0   0   0  0.59 0.12
  314 G    0 -3 -1 -2 -4 -3 -3  6 -3 -5 -5 -2 -4 -4 -3 -1 -2 -4 -5 -4    0   0   0   0   0   0   0 100   0   0   0   0   0   0   0   0   0   0   0   0  1.53 0.08

                      K         Lambda
Standard Ungapped    0.1769     0.3445
Standard Gapped      0.1100     0.3190
PSI Ungapped         0.1769     0.3445
PSI Gapped           0.1100     0.3190
