
Last position-specific scoring matrix computed, weighted observed percentages rounded down, information per position, and relative weight of gapless real matches to pseudocounts
           A  R  N  D  C  Q  E  G  H  I  L  K  M  F  P  S  T  W  Y  V   A   R   N   D   C   Q   E   G   H   I   L   K   M   F   P   S   T   W   Y   V
    1 M   -1 -2 -3 -4 -2  0 -2 -4 -2  1  2 -2  6  0 -3 -2 -1 -2 -2  1    0   0   0   0   0   0   0   0   0   0   0   0 100   0   0   0   0   0   0   0  0.57 0.00
    2 P   -1  0 -1 -1 -4  4  1 -3  0 -3 -3  0 -1 -4  6 -1 -1 -3 -3 -3    0   0   0   0   0  50   0   0   0   0   0   0   0   0  50   0   0   0   0   0  1.32 0.00
    3 N   -2 -1  6  1 -3  0 -1 -1  0 -4 -4  0 -3 -4 -3  0  0 -4 -3 -3    0   0 100   0   0   0   0   0   0   0   0   0   0   0   0   0   0   0   0   0  1.05 0.00
    4 V    0 -3 -3 -4 -1 -3 -3 -4 -3  3  1 -3  1 -1 -3 -2  0 -3 -2  4    0   0   0   0   0   0   0   0   0   0   0   0   0   0   0   0   0   0   0 100  0.52 0.00
    5 D   -2 -1  1  5 -5  1  4 -2 -1 -4 -4  0 -3 -4 -2 -1 -1 -5 -3 -3    0   0   0  50   0   0  50   0   0   0   0   0   0   0   0   0   0   0   0   0  0.97 0.00
    6 E   -1  1  0  0 -4  2  4 -2 -1 -3 -3  4 -2 -4 -1 -1 -1 -4 -3 -3    0   0   0   0   0   0  50   0   0   0   0  50   0   0   0   0   0   0   0   0  0.74 0.00
    7 Q   -1  1  0 -1 -3  6  2 -2  1 -3 -3  1  0 -4 -2  0 -1 -3 -2 -3    0   0   0   0   0 100   0   0   0   0   0   0   0   0   0   0   0   0   0   0  1.00 0.00
    8 R   -2  6 -1 -2 -4  1 -1 -3  0 -3 -3  2 -2 -4 -2 -1 -1 -3 -2 -3    0 100   0   0   0   0   0   0   0   0   0   0   0   0   0   0   0   0   0   0  1.08 0.00
    9 G    0 -3 -1 -2 -4 -2 -3  6 -3 -5 -4 -2 -4 -4 -3 -1 -2 -4 -4 -4    0   0   0   0   0   0   0 100   0   0   0   0   0   0   0   0   0   0   0   0  1.33 0.00
   10 K   -1  2  0 -1 -4  1  0 -2 -1 -3 -3  5 -2 -4 -1 -1 -1 -4 -3 -3    0   0   0   0   0   0   0   0   0   0   0 100   0   0   0   0   0   0   0   0  0.83 0.00
   11 A    4 -2 -2 -2 -1 -1 -1  0 -2 -2 -2 -1 -1 -3 -1  1  0 -3 -2  0  100   0   0   0   0   0   0   0   0   0   0   0   0   0   0   0   0   0   0   0  0.61 0.00
   12 A    3 -2 -3 -3 -1 -2 -2 -2 -3  3  0 -2  0 -1 -2  0  0 -3 -2  1   50   0   0   0   0   0   0   0   0  50   0   0   0   0   0   0   0   0   0   0  0.29 0.00
   13 T   -1  0  0 -1 -2  4  1 -2  0 -2 -2  0 -1 -3 -2  1  3 -3 -2 -1    0   0   0   0   0  50   0   0   0   0   0   0   0   0   0   0  50   0   0   0  0.60 0.00
   14 K   -1  2  0 -1 -4  1  0 -2 -1 -3 -3  5 -2 -4 -1 -1 -1 -4 -3 -3    0   0   0   0   0   0   0   0   0   0   0 100   0   0   0   0   0   0   0   0  0.83 0.00
   15 R   -1  4 -2 -2 -4  0 -1 -3 -1 -3 -3  1 -2 -4  6 -1 -2 -4 -3 -3    0  50   0   0   0   0   0   0   0   0   0   0   0   0  50   0   0   0   0   0  1.34 0.00
   16 A    4 -2 -2 -2 -1 -1 -1  0 -2 -2 -2 -1 -1 -3 -1  1  0 -3 -2  0  100   0   0   0   0   0   0   0   0   0   0   0   0   0   0   0   0   0   0   0  0.61 0.00
   17 E   -1 -1 -1  1 -5  2  5 -3  0 -4 -4  0 -2 -4 -2  0 -1 -4 -3 -3    0   0   0   0   0   0 100   0   0   0   0   0   0   0   0   0   0   0   0   0  1.07 0.00
   18 S    1 -1  0 -1 -2  0  0 -1 -1 -3 -3 -1 -2 -3 -1  5  1 -4 -2 -2    0   0   0   0   0   0   0   0   0   0   0   0   0   0   0 100   0   0   0   0  0.73 0.00
   19 E   -1 -1 -1  1 -5  2  5 -3  0 -4 -4  0 -2 -4 -2  0 -1 -4 -3 -3    0   0   0   0   0   0 100   0   0   0   0   0   0   0   0   0   0   0   0   0  1.07 0.00
   20 Q   -1  0  0 -1 -4  4  1 -3  6 -4 -3  0 -1 -2 -2 -1 -1 -3  0 -3    0   0   0   0   0  50   0   0  50   0   0   0   0   0   0   0   0   0   0   0  0.83 0.00
   21 S    0 -2 -1 -2 -2 -1 -2 -2 -2  0  2 -1  1 -1 -2  3  0 -3 -2  0    0   0   0   0   0   0   0   0   0   0  50   0   0   0   0  50   0   0   0   0  0.31 0.00
   22 E   -1 -1 -2  0 -3  0  4 -3 -1  1 -1 -1 -1 -2 -2 -1 -1 -3 -3  3    0   0   0   0   0   0  50   0   0   0   0   0   0   0   0   0   0   0   0  50  0.40 0.00
   23 E   -1 -1 -2  0 -3  0  4 -3 -1  1 -1 -1 -1 -2 -2 -1 -1 -3 -3  3    0   0   0   0   0   0  50   0   0   0   0   0   0   0   0   0   0   0   0  50  0.40 0.00
   24 K   -1  5  0 -2 -4  1  0 -2 -1 -3 -3  4 -2 -4 -2 -1 -1 -4 -2 -3    0  50   0   0   0   0   0   0   0   0   0  50   0   0   0   0   0   0   0   0  0.83 0.00
   25 G    0  1  0 -1 -4  0 -1  4 -2 -4 -4  3 -3 -4 -2 -1 -1 -4 -3 -3    0   0   0   0   0   0   0  50   0   0   0  50   0   0   0   0   0   0   0   0  0.69 0.00
   26 D   -2 -2  1  6 -4 -1  1 -2 -1 -4 -5 -1 -4 -4 -2 -1 -1 -5 -4 -4    0   0   0 100   0   0   0   0   0   0   0   0   0   0   0   0   0   0   0   0  1.30 0.00
   27 R   -2  6 -1 -2 -4  1 -1 -3  0 -3 -3  2 -2 -4 -2 -1 -1 -3 -2 -3    0 100   0   0   0   0   0   0   0   0   0   0   0   0   0   0   0   0   0   0  1.08 0.00
   28 Q   -1  0  0  1 -4  5  4 -2  0 -4 -3  1 -1 -4 -2  0 -1 -3 -3 -3    0   0   0   0   0  50  50   0   0   0   0   0   0   0   0   0   0   0   0   0  0.88 0.00
   29 E   -1 -1 -1  1 -5  2  5 -3  0 -4 -4  0 -2 -4 -2  0 -1 -4 -3 -3    0   0   0   0   0   0 100   0   0   0   0   0   0   0   0   0   0   0   0   0  1.07 0.00
   30 G   -1 -1 -1  0 -4  0  4  4 -1 -4 -4  0 -3 -4 -2 -1 -1 -4 -4 -3    0   0   0   0   0   0  50  50   0   0   0   0   0   0   0   0   0   0   0   0  0.77 0.00
   31 D   -1  1  1  4 -4  0  1 -2 -1 -4 -4  4 -3 -4 -2 -1 -1 -5 -3 -3    0   0   0  50   0   0   0   0   0   0   0  50   0   0   0   0   0   0   0   0  0.75 0.00
   32 G    0 -3 -1 -2 -4 -2 -3  6 -3 -5 -4 -2 -4 -4 -3 -1 -2 -4 -4 -4    0   0   0   0   0   0   0 100   0   0   0   0   0   0   0   0   0   0   0   0  1.33 0.00
   33 D   -2  0  1  4 -4  4  2 -2  0 -4 -3  0 -2 -4 -2 -1 -1 -4 -3 -3    0   0   0  50   0  50   0   0   0   0   0   0   0   0   0   0   0   0   0   0  0.84 0.00
   34 P    0 -1 -1 -1 -2 -1 -1 -1 -1 -1 -1 -1 -1 -2  6  0 -1 -2 -1 -1    4   3   2   3   1   2   3   4   1   3   5   3   1   2  53   4   3   1   2   3  0.99 0.00
   35 K   -1  2  0 -1 -4  1  0 -2 -1 -3 -3  5 -2 -4 -1 -1 -1 -4 -3 -3    0   0   0   0   0   0   0   0   0   0   0 100   0   0   0   0   0   0   0   0  0.83 0.00
   36 D   -2 -1  1  5 -5  1  4 -2 -1 -4 -4  0 -3 -4 -2 -1 -1 -5 -3 -3    0   0   0  50   0   0  50   0   0   0   0   0   0   0   0   0   0   0   0   0  0.97 0.00
   37 E   -1 -1 -1  1 -5  2  5 -3  0 -4 -4  0 -2 -4 -2  0 -1 -4 -3 -3    0   0   0   0   0   0 100   0   0   0   0   0   0   0   0   0   0   0   0   0  1.07 0.00
   38 S    0 -1  0  1 -3  1  4 -1 -1 -3 -3  0 -2 -3 -1  3  0 -4 -3 -2    0   0   0   0   0   0  50   0   0   0   0   0   0   0   0  50   0   0   0   0  0.64 0.00
   39 E   -1 -1 -1  1 -5  2  5 -3  0 -4 -4  0 -2 -4 -2  0 -1 -4 -3 -3    0   0   0   0   0   0 100   0   0   0   0   0   0   0   0   0   0   0   0   0  1.07 0.00
   40 E   -2 -1  1  5 -5  1  4 -2 -1 -4 -4  0 -3 -4 -2 -1 -1 -5 -3 -3    0   0   0  50   0   0  50   0   0   0   0   0   0   0   0   0   0   0   0   0  0.97 0.00
   41 A    3 -2 -1 -2 -1 -1 -1 -1 -2 -1 -2 -1 -1 -2 -1  1  4 -3 -2  0   50   0   0   0   0   0   0   0   0   0   0   0   0   0   0   0  50   0   0   0  0.49 0.00
   42 T    1 -1  0 -1 -2 -1 -1 -1 -1 -2 -2 -1 -2 -3 -1  4  3 -4 -2 -1    0   0   0   0   0   0   0   0   0   0   0   0   0   0   0  68  32   0   0   0  0.63 0.00
   43 A    2 -2 -1 -2 -2 -1 -1 -1 -2 -3 -3 -1 -2 -3  5  2  0 -4 -3 -2   32   0   0   0   0   0   0   0   0   0   0   0   0   0  35  33   0   0   0   0  0.87 0.00
   44 K   -1  2  0 -1 -4  1  0 -2 -1 -3 -3  5 -2 -4 -1 -1 -1 -4 -3 -3    0   0   0   0   0   0   0   0   0   0   0 100   0   0   0   0   0   0   0   0  0.85 0.01
   45 I    2 -3 -3 -3 -1 -2 -2 -2 -3  3  1 -2  0 -1 -2 -1 -1 -3 -2  2   35   0   0   0   0   0   0   0   0  65   0   0   0   0   0   0   0   0   0   0  0.31 0.00
   46 K   -1  2  0 -1 -4  1  0 -2 -1 -3 -3  5 -2 -4 -1 -1 -1 -4 -3 -3    0   0   0   0   0   0   0   0   0   0   0 100   0   0   0   0   0   0   0   0  0.85 0.01
   47 G    2 -2 -1 -2 -2 -1 -1  3 -2 -2 -2 -1 -2 -3 -2  1  3 -4 -3 -1   35   0   0   0   0   0   0  32   0   0   0   0   0   0   0   0  33   0   0   0  0.48 0.00
   48 R   -2  6 -1 -2 -4  1 -1 -3  0 -3 -3  2 -2 -4 -2 -1 -1 -3 -2 -3    0 100   0   0   0   0   0   0   0   0   0   0   0   0   0   0   0   0   0   0  1.10 0.01
   49 S    1 -1  0 -1 -2  0 -1 -1 -1 -3 -3 -1 -2 -3 -1  5  1 -4 -2 -2    0   0   0   0   0   0   0   0   0   0   0   0   0   0   0 100   0   0   0   0  0.74 0.01
   50 R   -2  6 -1 -2 -4  1 -1 -3  0 -3 -3  2 -2 -4 -2 -1 -1 -3 -2 -3    0 100   0   0   0   0   0   0   0   0   0   0   0   0   0   0   0   0   0   0  1.10 0.01
   51 F   -3 -4 -4 -4 -3 -4 -4 -4 -2 -1  0 -4  0  6 -4 -3 -2  0  3 -1    0   0   0   0   0   0   0   0   0   0   0   0   0 100   0   0   0   0   0   0  0.98 0.01
   52 T    1 -1  0 -1 -2 -1 -1 -1 -1 -2 -2 -1 -2 -3 -1  4  3 -4 -2 -1    0   0   0   0   0   0   0   0   0   0   0   0   0   0   0  68  32   0   0   0  0.63 0.00
   53 A    4 -2 -2 -2 -1 -1 -1  0 -2 -2 -2 -1 -1 -3 -1  1  0 -3 -2  0  100   0   0   0   0   0   0   0   0   0   0   0   0   0   0   0   0   0   0   0  0.62 0.01
   54 A    4 -2 -2 -2 -1 -1 -1  0 -2 -2 -2 -1 -1 -3 -1  1  0 -3 -2  0  100   0   0   0   0   0   0   0   0   0   0   0   0   0   0   0   0   0   0   0  0.62 0.01
   55 L   -2 -3 -4 -4 -2 -3 -4 -4 -2  0  2 -3  1  5 -4 -3 -2  0  2 -1    0   0   0   0   0   0   0   0   0   0  32   0   0  68   0   0   0   0   0   0  0.68 0.00
   56 R   -2  6 -1 -2 -4  1 -1 -3  0 -3 -3  2 -2 -4 -2 -1 -1 -3 -2 -3    0 100   0   0   0   0   0   0   0   0   0   0   0   0   0   0   0   0   0   0  1.10 0.01
   57 S    1 -1  0 -1 -2  0 -1 -1 -1 -3 -3 -1 -2 -3 -1  5  1 -4 -2 -2    0   0   0   0   0   0   0   0   0   0   0   0   0   0   0 100   0   0   0   0  0.74 0.01
   58 L   -2 -3 -4 -5 -2 -3 -4 -4 -3  1  4 -3  2  0 -3 -3 -2 -2 -2  1    0   0   0   0   0   0   0   0   0   0 100   0   0   0   0   0   0   0   0   0  0.66 0.00
   59 S    1  1  0 -1 -2  0  0 -1 -1 -3 -3  3 -2 -3 -1  4  1 -4 -2 -2    0   0   0   0   0   0   0   0   0   0   0  35   0   0   0  65   0   0   0   0  0.56 0.00
   60 K   -1  1  0 -1 -3  1  0 -2 -1 -2 -2  4 -1 -3 -2  0  3 -4 -2 -2    0   0   0   0   0   0   0   0   0   0   0  65   0   0   0   0  35   0   0   0  0.57 0.00
   61 T   -1  0 -1 -2 -3  0 -1 -2 -2 -2 -3  3 -2 -3  5  0  3 -4 -3 -2    0   0   0   0   0   0   0   0   0   0   0  35   0   0  33   0  32   0   0   0  0.80 0.00
   62 K   -1  2  0 -1 -4  1  0 -2 -1 -3 -3  5 -2 -4 -1 -1 -1 -4 -3 -3    0   0   0   0   0   0   0   0   0   0   0 100   0   0   0   0   0   0   0   0  0.85 0.01
   63 T    2  0 -1 -1 -2  3  0 -1 -1 -2 -2  0 -1 -3 -1  1  3 -3 -2 -1   33   0   0   0   0  35   0   0   0   0   0   0   0   0   0   0  32   0   0   0  0.44 0.00
   64 K   -1  2  0 -1 -2  1  0 -1 -1 -2 -2  4 -1 -2 -1  0  0 -2 -1 -2    3   2   2   2   1   2   2   3   1   2   3  67   1   1   2   3   2   0   1   2  0.42 0.00
   65 R   -1  4  0 -1 -2  1  0 -1  0 -2 -2  3 -1 -2 -1  0 -1 -2 -1 -2    3  34   2   2   1   2   2   3   1   2   3  35   1   1   2   3   2   0   1   2  0.41 0.00
   66 E   -1  0  0  1 -3  1  4 -1  0 -2 -2  0 -1 -2 -1  0 -1 -2 -2 -2    3   2   2   2   1   2  67   3   1   2   3   2   1   1   2   3   2   0   1   2  0.55 0.00
   67 R   -1  4  0 -1 -2  1  0 -1  0 -2 -2  3 -1 -2 -1  0 -1 -2 -1 -2    3  34   2   2   1   2   2   3   1   2   3  35   1   1   2   3   2   0   1   2  0.41 0.00
   68 E   -1  0  0  1 -3  1  4 -1  0 -2 -2  0 -1 -2 -1  0 -1 -2 -2 -2    3   2   2   2   1   2  67   3   1   2   3   2   1   1   2   3   2   0   1   2  0.55 0.00
   69 L    0 -1 -1 -1 -1  0 -1 -1 -1  0  2 -1  1  0  0  0  0 -1 -1  0    5   3   3   4   1   3   4   5   2   4  38   4   2   3   4   5   4   1   2   4  0.05 0.01
   70 D    0  0  1  4 -1  0  1  0  0 -1 -1  0 -1 -1  0  0  0 -1 -1 -1    5   3   3  35   1   3   4   5   2   4   6   4   2   3   4   5   4   1   2   4  0.22 0.00
   71 K   -1  1  0  0 -3  1  3 -1  0 -2 -2  3 -1 -2 -1  0 -1 -2 -2 -2    3   2   1   2   1   1  37   2   1   2   3  34   1   1   2   2   2   0   1   2  0.40 0.00
   72 S    0  1  0 -1 -2  0  0 -1 -1 -2 -2  3 -1 -2 -1  2  0 -2 -1 -1    3   2   1   2   1   1   2   2   1   2   3  37   1   1   2  34   2   0   1   2  0.30 0.00
   73 T    0 -1  0  0 -2  1  3 -1 -1 -1 -2  0 -1 -2 -1  0  3 -2 -2 -1    3   2   1   2   1   1  37   2   1   2   3   2   1   1   2   2  34   0   1   2  0.34 0.00
   74 D   -1  1  0  4 -2  0  1 -1 -1 -2 -2  3 -2 -2 -1  0 -1 -2 -2 -2    3   2   1  34   1   1   2   2   1   2   3  37   1   1   2   2   2   0   1   2  0.38 0.00
   75 R   -1  3 -1 -2 -4  3  0 -3  0 -3 -3  1 -2 -4  5 -1 -1 -3 -3 -3    0  32   0   0   0  33   0   0   0   0   0   0   0   0  35   0   0   0   0   0  0.99 0.00
   76 E   -1  1  0  1 -5  2  5 -2  0 -4 -3  3 -2 -4 -2 -1 -1 -4 -3 -3    0   0   0   0   0   0  65   0   0   0   0  35   0   0   0   0   0   0   0   0  0.81 0.00
   77 T    2 -2 -1 -2 -2 -1 -1 -1 -2 -2 -2 -1 -2 -3  5  1  3 -4 -3 -1   33   0   0   0   0   0   0   0   0   0   0   0   0   0  35   0  32   0   0   0  0.83 0.00
   78 R    0  4  0 -1 -3  1  0 -2 -1 -3 -3  3 -2 -3 -2  2  0 -4 -2 -3    0  32   0   0   0   0   0   0   0   0   0  33   0   0   0  35   0   0   0   0  0.57 0.00
   79 S    1 -1  0 -1 -2  0 -1 -1 -1 -3 -3 -1 -2 -3 -1  5  1 -4 -2 -2    0   0   0   0   0   0   0   0   0   0   0   0   0   0   0 100   0   0   0   0  0.74 0.01
   80 A    4 -1 -1 -1 -1 -1 -1  0 -1 -1 -1 -1 -1 -2  0  1  0 -2 -1  0   70   2   1   2   1   1   2   2   1   2   3   2   1   1   2   2   2   0   1   2  0.33 0.00
   81 E   -1 -1 -1  1 -5  2  6 -3  0 -4 -4  0 -2 -4 -2 -1 -1 -4 -3 -3    0   0   0   0   0   0 100   0   0   0   0   0   0   0   0   0   0   0   0   0  1.09 0.01
   82 E   -1  0  0  1 -4  4  5 -3  0 -4 -3  1 -2 -4 -2  0 -1 -3 -3 -3    0   0   0   0   0  35  65   0   0   0   0   0   0   0   0   0   0   0   0   0  0.91 0.01
   83 E   -1 -1 -1  0 -3  1  4 -3 -1 -1  2  0  0 -2 -2 -1 -1 -3 -2 -1    0   0   0   0   0   0  65   0   0   0  35   0   0   0   0   0   0   0   0   0  0.52 0.00
   84 A    3 -2 -1 -2 -1 -1 -1 -1 -2 -1 -2 -1 -1 -2 -1  1  3 -3 -2  0   65   0   0   0   0   0   0   0   0   0   0   0   0   0   0   0  35   0   0   0  0.49 0.00
   85 Q    2  0 -1 -1 -1  3  1 -1  0 -2 -1  0 -1 -2  0  0  0 -2 -1 -1   38   2   1   2   1  33   2   2   1   2   3   2   1   1   2   2   2   0   1   2  0.29 0.00
   86 E   -1 -1 -1  0 -2  0  3 -2 -1  2  0 -1  0 -1 -1 -1 -1 -2 -1  1    3   2   1   2   1   1  34   2   1  37   3   2   1   1   2   2   2   0   1   2  0.17 0.00
   87 T    0 -1  0 -1 -1  0  0 -1 -1 -1 -1  0 -1 -2 -1  3  3 -2 -1 -1    3   2   1   2   1   1   2   2   1   2   3   2   1   1   2  38  34   0   1   2  0.33 0.00
   88 P    0 -2 -1 -2 -3 -1 -1 -2 -2 -3 -3 -1 -3 -4  6  2  0 -4 -3 -3    0   0   0   0   0   0   0   0   0   0   0   0   0   0  65  35   0   0   0   0  1.58 0.01
   89 G    0 -2 -1 -2 -3 -2 -2  5 -2 -3 -3 -2 -2 -3 -2  0  2 -4 -3 -2    0   0   0   0   0   0   0  67   0   0   0   0   0   0   0   0  33   0   0   0  0.81 0.00
   90 E   -1  0  0  1 -4  4  5 -3  0 -4 -3  1 -2 -4 -2  0 -1 -3 -3 -3    0   0   0   0   0  33  67   0   0   0   0   0   0   0   0   0   0   0   0   0  0.92 0.01
   91 L    2 -2 -3 -4 -2 -2 -2 -2 -3  1  3 -2  1  0 -2 -1 -1 -3 -2  0   35   0   0   0   0   0   0   0   0   0  65   0   0   0   0   0   0   0   0   0  0.35 0.00
   92 E   -1 -1 -1  1 -5  2  6 -3  0 -4 -4  0 -2 -4 -2 -1 -1 -4 -3 -3    0   0   0   0   0   0 100   0   0   0   0   0   0   0   0   0   0   0   0   0  1.09 0.01
   93 D   -2 -2  1  6 -4 -1  1 -2 -2 -4 -5 -1 -4 -4 -2 -1 -1 -6 -4 -4    0   0   0 100   0   0   0   0   0   0   0   0   0   0   0   0   0   0   0   0  1.35 0.02
   94 V   -1 -3 -4 -4 -2 -3 -3 -4 -4  3  2 -3  1 -1 -3 -2 -1 -3 -2  3    0   0   0   0   0   0   0   0   0  35  21   0   0   0   0   0   0   0   0  43  0.47 0.01
   95 A    1 -2  0  3 -2 -1  0 -2 -2 -2 -2 -1 -1 -3 -2  1  4 -4 -3 -1   19   0   0  24   0   0   0   0   0   0   0   0   0   0   0   0  57   0   0   0  0.49 0.01
   96 S    0 -1  1  4 -2  0  0 -1 -1 -2 -2 -1 -2 -2 -1  3  0 -3 -2 -2    2   1   1  37   0   1   1   2   1   1   2   1   1   1   1  43   1   0   1   2  0.46 0.01
   97 S    0 -1  1  4 -2  0  3 -1 -1 -2 -2  0 -2 -2 -1  2  0 -3 -2 -2    2   1   1  37   0   1  23   2   1   1   2   1   1   1   1  21   1   0   1   2  0.48 0.00
   98 I   -1 -2 -2 -3 -1 -2 -2 -3 -2  4  1 -2  1  0 -2 -2 -1 -2 -1  2    2   1   1   1   0   1   1   2   1  78   2   1   1   1   1   2   1   0   1   2  0.30 0.01
   99 S    1 -1  0  0 -2  1  3 -1 -1 -3 -3  0 -2 -3 -1  4  1 -4 -3 -2    0   0   0   0   0   0  35   0   0   0   0   0   0   0   0  65   0   0   0   0  0.63 0.01
  100 T   -1 -2 -2 -3  6 -2 -2 -3 -3  0  1 -2  0 -2 -3  0  3 -3 -2  0    0   0   0   0  35   0   0   0   0   0  21   0   0   0   0   0  43   0   0   0  0.47 0.01
  101 D   -2 -2  1  6 -4 -1  1 -2 -2 -4 -5 -1 -4 -4 -2 -1 -1 -6 -4 -4    0   0   0 100   0   0   0   0   0   0   0   0   0   0   0   0   0   0   0   0  1.35 0.02
  102 S    0 -1  1  4 -2 -1  0 -1 -1 -3 -3 -1 -3 -3 -2  4  1 -4 -3 -3    0   0   0  35   0   0   0   0   0   0   0   0   0   0   0  65   0   0   0   0  0.67 0.01
  103 G    0 -2 -1  0 -4  0  3  5 -2 -4 -4 -1 -3 -4 -2 -1 -2 -4 -4 -3    0   0   0   0   0   0  35  65   0   0   0   0   0   0   0   0   0   0   0   0  0.86 0.01
  104 A    3 -2 -3 -3 -1 -2 -2 -2 -3  1  1 -2  0 -1 -2  0  0 -3 -2  2   43   0   0   0   0   0   0   0   0   0  21   0   0   0   0   0   0   0   0  35  0.28 0.01
  105 L    1 -1 -2 -3 -2 -1 -2 -2 -2  2  1  2  1 -1 -2 -1 -1 -3 -2  1   24   0   0   0   0   0   0   0   0  35  19  21   0   0   0   0   0   0   0   0  0.18 0.01
  106 G    1 -2  0 -1 -2 -1 -1  4 -2 -3 -3 -1 -3 -3 -2  3  0 -4 -3 -3    0   0   0   0   0   0   0  43   0   0   0   0   0   0   0  57   0   0   0   0  0.69 0.01
  107 K   -1  1  0 -1 -3  1  0 -2  5 -3 -3  3 -2 -3 -2  1  0 -3  0 -3    0   0   0   0   0   0   0   0  35   0   0  43   0   0   0  21   0   0   0   0  0.56 0.01
  108 T   -1  0  0 -1 -2  5  1 -2  0 -2 -2  0 -1 -3 -2  0  3 -3 -2 -1    0   0   0   0   0  57   0   0   0   0   0   0   0   0   0   0  43   0   0   0  0.65 0.02
  109 K   -1  1 -1 -2 -3  0  0 -3  5 -1  1  3  0 -2 -2 -1 -1 -3  0 -2    0   0   0   0   0   0   0   0  35   0  24  41   0   0   0   0   0   0   0   0  0.42 0.01
  110 K   -1  1  0 -1 -3  1  0 -2 -1 -2 -2  4 -1 -3 -2  0  3 -4 -2 -2    0   0   0   0   0   0   0   0   0   0   0  65   0   0   0   0  35   0   0   0  0.58 0.01
  111 K   -1  2  0 -1 -4  4  1 -2  0 -3 -3  5 -1 -4 -2 -1 -1 -4 -3 -3    0   0   0   0   0  29   0   0   0   0   0  71   0   0   0   0   0   0   0   0  0.80 0.03
  112 S    1  0  0 -1 -2  0  0 -1 -1 -3 -3  2 -2 -3 -1  4  1 -4 -2 -2    0   0   0   0   0   0   0   0   0   0   0  18   0   0   0  82   0   0   0   0  0.65 0.03
  113 L   -1 -3 -3 -3 -2 -2 -3 -3 -3  1  4 -2  2  0 -3  1 -1 -3 -2  0    0   0   0   0   0   0   0   0   0   0  82   0   0   0   0  18   0   0   0   0  0.46 0.02
  114 T   -1 -1  0  3 -3  3  0 -2 -1 -1  0 -1  0 -2 -2  0  2 -3 -2 -1    0   0   0  29   0  23   0   0   0   0  18   0   0   0   0   0  29   0   0   0  0.37 0.02
  115 R   -1  4  0 -2 -4  1  0 -3  4 -3 -3  3 -2 -3 -2 -1  1 -3 -1 -3    0  46   0   0   0   0   0   0  23   0   0  18   0   0   0   0  13   0   0   0  0.66 0.04
  116 R   -2  5  0 -2 -4  1  0 -3  4 -4 -3  3 -2 -3 -2 -1 -2 -4 -1 -3    0  53   0   0   0   0   0   0  23   0   0  24   0   0   0   0   0   0   0   0  0.82 0.04
  117 L   -1  1 -2 -3 -3 -1 -2 -3 -1 -1  1 -1  0  1 -3  1 -1  7  4 -2    0  13   0   0   0   0   0   0   0   0  22   0   0   0   0  18   0  24  23   0  0.55 0.03
  118 L    0 -2 -2 -3 -2 -2 -2  2 -3  1  2 -2  0 -1 -3  1 -1 -3 -2  0    0   0   0   0   0   0   0  23   0  18  35   0   0   0   0  24   0   0   0   0  0.24 0.02
  119 L   -2 -3 -4 -5 -2 -2 -4 -4 -3  2  4 -3  4  0 -3 -3 -1 -2 -2  1    0   0   0   0   0   0   0   0   0  19  61   0  20   0   0   0   0   0   0   0  0.59 0.05
  120 G   -1 -3 -1 -2 -4 -3 -3  6 -3 -3 -1 -2 -2 -3 -3 -1 -2 -4 -4 -3    0   0   0   0   0   0   0  89   0   0  11   0   0   0   0   0   0   0   0   0  1.18 0.07
  121 G    2 -2  2 -1 -2 -1 -1  3 -2 -3 -3 -1 -2 -3 -2  1  2 -4 -3 -2   20   0  15   0   0   0   0  35   0   0   0   0   0   0   0  11  19   0   0   0  0.49 0.03
  122 L   -1 -1 -1 -2 -3  3 -1  0 -1  1  1 -1  0 -1 -3 -1  1 -2  2  0    0   0   0   0   0  31   0   8   0  17  16   0   0   0   0   0  16   0  13   0  0.22 0.06
  123 R   -2  5  2 -2 -4  0 -1 -3 -1 -2  0  2 -1 -3 -3 -1 -1 -4 -3 -2    0  57  16   0   0   0   0   0   0   0  19   8   0   0   0   0   0   0   0   0  0.62 0.08
  124 K   -1  0  0 -1 -3  2  2 -2 -1 -3 -3  3 -2 -3  2  1  2 -4 -3 -2    0   0   0   0   0  12  17   0   0   0   0  32   0   0   8  14  16   0   0   0  0.49 0.05
  125 S    0  2  0 -1 -2  2  0 -1 -1 -3 -2  2 -2 -3 -1  3  0 -3 -2 -2    1  18   1   1   0  13   1   1   0   1   1  15   0   1   1  43   1   0   0   1  0.43 0.05
  126 G   -1 -1  4  2 -3  0 -1  1  4 -2 -1 -1  2 -2 -2 -1 -1 -3 -1 -2    1   1  31  13   0   1   1  11  17   1   1   1  16   1   1   1   1   0   0   1  0.36 0.05
  127 K   -1  1 -1 -2 -3  0  0 -3 -2 -1 -2  5 -1 -3 -2 -1  2 -4 -3  1    0   0   0   0   0   0   0   0   0   0   0  69   0   0   0   0  15   0   0  16  0.62 0.11
  128 T   -1 -1  2  2 -2  2  0 -2 -1  1 -1 -1 -1 -2 -2  0  3 -3 -2 -1    1   1  14  16   0  15   1   1   0  16   1   1   0   0   1   1  32   0   0   1  0.30 0.06
  129 P   -1 -2 -2 -2 -3 -1 -2 -3  3 -2  0 -2 -1 -2  6 -1  1 -4 -2 -2    0   0   0   0   0   0   0   0  15   0  14   0   0   0  51   0  16   0   0   0  1.12 0.09
  130 K   -1  2  2 -1 -3  0  0 -2 -1 -2 -3  4 -2 -3 -2  1 -1 -4 -3  0    0  13  15   0   0   0   0   0   0   0   0  46   0   0   0  16   0   0   0  10  0.49 0.08
  131 G   -1  1 -1 -2 -4  2  0  4  3 -3 -3 -1 -2 -3 -3  1 -1 -4 -2 -2    0  10   0   0   0  14   4  40  12   0   0   0   0   0   0  14   0   0   0   5  0.50 0.09
  132 R   -2  5 -1 -2 -4  2 -1 -3  3 -3 -3  2 -2 -3 -2 -1  1 -4 -2 -3    0  50   0   0   0  10   0   0  13   0   0  14   0   0   0   0  12   0   0   0  0.78 0.13
  133 P   -1 -1  3 -1 -3 -1 -1  1  2  0 -2  1 -2 -3  4 -1 -1 -4 -2 -2    1   0  22   0   0   0   1  14   9  12   1  15   0   0  23   1   1   0   0   1  0.47 0.09
  134 H    1 -1 -1 -2 -3  0 -1  1  6  0 -2  1 -2 -2 -2 -1 -1 -3 -1 -1   21   0   0   0   0   0   1  14  33  11   1  15   0   0   0   1   1   0   0   1  0.40 0.11
  135 S    1  1 -1  1  3 -1 -1 -2  2 -2 -2 -1  1 -3  2  2 -1 -4 -2 -2   14   9   0  11  11   0   0   0   8   0   0   0  10   0   9  27   0   0   0   0  0.31 0.09
  136 L   -2 -2 -2 -2 -3 -1  0 -4  3  0  2 -2  0 -1  1  0 -1  5 -1  1    0   0   0   0   0   0  10   0  14   0  34   0   0   0   9   8   0  11   0  13  0.34 0.10
  137 A    1 -1  2  2 -3  2  2 -2 -1 -3 -3  2 -2 -4  3  2 -1 -4 -3 -3   14   0  11  10   0   9  11   0   0   0   0  14   0   0  13  17   0   0   0   0  0.46 0.07
  138 T    2 -2 -1 -2  3 -1 -2 -2 -2 -2 -3 -1 -2 -3 -2  3  3 -4 -3 -1   28   0   0   0  11   0   0   0   0   0   0   0   0   0   0  36  25   0   0   0  0.59 0.13
  139 S    1 -2 -1 -1 -3  0  3 -2 -2 -3 -3 -1 -2 -3 -2  3  2 -4 -3 -2   13   0   0   0   0   0  29   0   0   0   0   0   0   0   0  43  14   0   0   0  0.62 0.14
  140 D   -1 -2  0  4 -3 -1  1  1 -2 -2 -3 -2 -3 -4 -3  1  1 -5 -4  0    0   0   0  42   0   0   9  12   0   0   0   0   0   0   0  11  13   0   0  12  0.55 0.13
  141 D   -2 -2  2  4 -4  1  2  1 -1 -2 -3 -1 -2 -4 -3 -1  1 -4 -4  0    0   0  10  35   0   9  14  11   0   0   0   0   0   0   0   0   9   0   0  10  0.52 0.12
  142 I   -2 -3 -4 -3 -3 -2  0 -4 -3  2  2 -3  0  4 -4 -3 -2 -2  0  2    0   0   0   0   0   0  11   0   0  12  31   0   0  27   0   0   0   0   0  19  0.44 0.12
  143 S   -1  1  2  1 -3  0  1  1 -1 -2 -3  1 -2 -3  2  1 -1 -3 -3  0    1  11  10  11   0   0  11  11   0   1   1  11   0   0  11  11   1   0   0  11  0.26 0.08
  144 A    2  0 -1  0 -2 -1 -1  1 -2 -1 -2 -1 -1 -3 -2  0  2 -3 -2  1   36   6   0   7   0   0   0  14   0   0   1   0   0   0   0   0  19   0   0  14  0.25 0.04
  145 D    1 -2  2  4 -3 -1  2  1 -1 -4 -4 -1 -3 -4  2  0 -1 -5 -3 -3   18   0  11  32   0   0  14   8   0   0   0   0   0   0  10   6   0   0   0   0  0.54 0.05
  146 T    2 -2 -1  0 -2 -1 -1  1 -2 -1 -2 -1 -2 -2 -2  2  3 -3  1  0   21   0   0   6   0   0   0   9   0   0   0   0   0   0   0  15  32   0   8   8  0.32 0.06
  147 T    0  1 -1 -2 -2  1  0  0 -2  0 -1  1  1 -2  1  1  2 -3 -2  0    9   6   0   0   0   9   5   6   0   9   0   9   8   0   7  10  16   0   0   5  0.17 0.03
  148 E   -1 -1  1  1 -4  0  4  1  2 -2 -1 -1 -2 -3 -2  1 -1 -4 -2  0    0   0   8   4   0   0  40  14   9   0   7   0   0   0   0  10   0   0   0   9  0.37 0.06
  149 P    0 -3 -3 -3 -4 -2 -1 -3 -3 -3 -3 -2 -3 -4  7  0  0 -5 -4 -1    7   0   0   0   0   0   4   0   0   0   0   0   0   0  72   5   5   0   0   7  1.79 0.15
  150 E   -1  1 -1  1 -3  0  3 -1 -1  0 -1  1 -1 -3  1  0  0 -4 -3 -1    3   7   0   6   0   0  37   4   0   6   7   6   0   0   5   6   7   0   0   5  0.30 0.06
  151 N   -1  1  2  2 -3 -1 -1  2  3 -4 -4 -1 -3 -3 -1  2  1 -4 -2 -3    0  10  12  18   0   0   0  15  12   0   0   0   0   0   3  22   7   0   0   0  0.42 0.07
  152 A    3  0 -2 -2 -3  2 -1  0 -2 -3 -3  1 -2 -4  3  1 -1 -4 -3 -2   42   4   0   0   0  14   0   4   0   0   0  10   0   0  18   9   0   0   0   0  0.57 0.10
  153 K   -1  4  1  1 -4  1 -1 -1 -1 -4 -3  2 -2  0 -3  0 -2  3 -2 -3    3  41   6   7   0   3   0   5   0   0   0  15   0   6   0   8   0   5   0   0  0.53 0.11
  154 P    0 -2 -2 -2 -3  0  0  1 -2 -1 -1  0 -2 -3  6 -1 -2 -4 -4 -1    9   0   0   0   0   6   5  10   0   4   9   5   0   0  45   4   0   0   0   4  0.88 0.11
  155 M   -1 -2 -2 -3 -3  1  0 -1  1  1  1 -1  4 -2  0  0  0 -3 -2  1    0   0   0   0   0  10   6   5   5  10   9   3  28   0   4   6   5   0   0   9  0.22 0.09
  156 P   -2  0 -3 -1  1  0 -2 -3 -3 -4 -4 -1 -3 -4  7 -1 -2 -5 -4 -3    0   6   0   4   5   5   0   0   0   0   0   3   0   0  71   4   0   0   0   0  1.80 0.20
  157 A    2  0 -2 -2  1 -1  0  0 -2  0 -1 -1 -1  0  2  0 -1 -3 -2  2   26   5   0   0   5   0   5   5   0   0   6   0   0   4  12   6   0   0   0  24  0.20 0.06
  158 F   -1  0  0 -1 -3 -2 -2  1  1 -1 -1 -1 -1  3  1 -1 -1 -1  2 -1    5   7   6   3   0   0   1  15   4   5   5   1   0  25   9   1   4   0   7   1  0.19 0.05
  159 G    1  0 -1 -2 -3  1  0  4 -2 -4 -3 -1 -3 -3  0  1 -1  3 -3 -3   12   4   0   0   0   9   5  41   0   0   0   0   0   0   5  15   3   5   0   0  0.53 0.09
  160 D    0 -1  1  4  1  0  0 -2  1 -3 -3  1 -2 -1  0  0  0 -4 -2 -3    5   0   6  35   5   3   3   1   6   0   1  14   0   5   5   7   3   0   0   1  0.41 0.08
  161 L    0 -2  0 -2 -2 -1  0 -3 -2  1  2  0  0  0  0 -1  0 -3 -2  1    5   0   5   0   0   0   7   0   0   8  37   9   0   4   3   4   6   0   0  10  0.16 0.05
  162 T    0 -2 -2 -2 -2 -2 -1 -1 -3  0  1 -1 -1  0  1 -1  3 -3 -2  2    8   0   0   0   0   0   4   5   0   2  12   2   0   4   5   0  32   0   0  24  0.25 0.09
  163 M   -1 -1  0 -1 -2 -1  0 -1  1  2  1 -2  3  0  0 -1  0 -2  1  0    5   3   4   4   0   0   6   4   4  18  10   1  20   4   4   1   5   0   5   1  0.10 0.06
  164 D   -2 -2  0  5 -4  1  2  0  0 -3 -2 -1  0 -2  2 -1  0 -4 -3 -3    0   0   0  45   0   8  10   7   2   0   3   0   5   2  10   0   7   0   0   0  0.62 0.11
  165 Q   -2  2 -1  0 -4  5  2 -3  3 -4 -3  1 -2 -4  0  0 -2 -4 -3 -2    0  14   0   2   0  44  13   0   8   0   0   5   0   0   5   4   0   0   0   3  0.77 0.16
  166 E    0  0  1  0 -4  1  3 -1  1 -3 -2  2 -2  0 -1  0 -1 -3  0 -3    8   4   9   3   0   4  32   3   3   0   2  14   0   7   2   3   2   0   3   0  0.33 0.08
  167 M    0 -2 -3 -3 -3 -2 -2 -1 -3  1  2 -2  5 -1 -2 -1 -2  0 -3  1    8   2   0   1   0   0   2   6   0  10  21   2  34   0   2   3   0   1   0   8  0.42 0.15
  168 E   -1  1  1  1 -4  3  3 -2 -1 -3 -1  1  0 -3 -2  1  0 -4 -3 -3    1   6   8   8   0  14  30   2   0   0   6   6   2   0   0  10   6   0   0   0  0.44 0.12
  169 P    0 -1 -1 -3 -4  1  0 -3 -1 -2  0 -1 -2  0  5  1  0 -4 -3 -2    7   2   2   0   0   6   5   0   1   2   9   2   0   4  41  10   4   0   0   2  0.80 0.18
  170 A    2 -1  0 -1 -2 -1  0 -1 -2  0 -1 -1  0 -1  0  2  1 -4 -2  0   26   3   5   3   0   1   3   2   0   4   3   2   2   4   5  18  11   0   0   7  0.21 0.09
  171 I   -1 -1 -1 -2 -2  0 -2 -3  0  2  1 -1  2  1  1  0  0 -2  1  1    2   2   2   1   0   4   2   1   2  19  14   2   9   5   6   6   6   0   5  11  0.15 0.07
  172 M   -2 -2 -2 -1 -2 -1 -3 -4 -4  1  1 -3  7  0 -2 -2  0 -4 -2  0    3   2   1   3   1   3   1   1   0   6  11   0  46   3   2   2   7   0   1   7  0.85 0.32
  173 T    1 -2  0  0 -1 -1 -1  0 -3 -1 -1  0 -2 -3 -1  2  3 -2 -2  0    8   0   4   5   1   2   3   6   0   2   5   4   0   0   3  22  26   1   1   7  0.31 0.18
  174 S    1 -1  1 -2 -4  0  0 -1  1 -3 -3 -1 -2 -3 -1  4  1 -5 -2 -2   11   2   8   1   0   3   5   5   4   1   2   2   1   1   2  43   8   0   1   2  0.54 0.27
  175 T    0 -1  0 -1 -1  0 -1 -2 -3 -2 -1  1  1 -2 -1  3  3 -5 -2 -1    7   3   4   2   1   3   1   2   0   2   5   8   4   1   2  24  26   0   1   3  0.37 0.22
  176 S    1 -1  1  0 -2  0 -1  0 -1 -3 -3 -1  0 -1  1  3  1 -4  0 -3    9   3   8   6   1   4   3   7   1   1   1   2   2   3   6  31   9   0   3   0  0.33 0.20
  177 D   -1 -2  1  4 -2  1  2  0  0 -4 -2 -1 -2 -3  0  1 -1 -5 -2 -2    2   2   8  28   1   5  16   7   2   0   3   3   1   1   5   9   3   0   1   2  0.44 0.21
  178 K   -1  1  1  1 -2  1  2 -2  1 -3 -2  3  0 -1  0  0 -1 -4 -2 -2    3   8   5   7   1   7  12   2   3   1   2  25   2   3   5   8   4   0   1   2  0.32 0.18
  179 R   -1  3 -1 -2 -4  0 -1 -1  0 -2 -3  2 -3  1  0 -2 -2  1  5 -3    4  21   2   1   0   3   3   4   2   2   1  15   0   7   5   2   1   2  22   2  0.54 0.29
  180 E   -3  0 -1  5 -7  1  4 -4 -1 -6 -6  1 -5 -6 -3 -2 -3 -7 -5 -4    1   4   2  39   0   4  32   0   1   0   0   9   0   0   1   3   1   0   0   1  1.23 0.52
  181 H   -4  1 -1 -4 -2  0 -3 -4  6 -2 -2  0 -3  1 -4 -2  0 -2  6 -1    1   7   2   0   1   3   1   1  20   2   4   6   0   5   1   2   5   0  35   5  1.03 0.46
  182 L   -3 -4 -3 -5 -4 -2 -4 -6 -5  2  4 -3  3  0 -2 -2 -1 -2 -3  2    1   1   1   0   0   2   1   0   0  11  49   1   8   3   2   3   3   0   1  12  0.80 0.38
  183 Y   -3 -5 -7 -7 -2 -3 -7 -7 -1  0  1 -5  1  7 -7 -6 -5 -2  5 -1    2   0   0   0   1   1   0   0   2   5  11   0   3  51   0   0   0   0  19   3  1.65 0.63
  184 K   -5  0 -3 -2 -8  0 -3 -5 -3 -6 -7  7 -6 -8 -6 -4 -4 -8 -7 -7    0   3   1   2   0   4   0   0   0   0   0  88   0   0   0   0   0   0   0   0  2.45 0.93
  185 I   -2 -6 -6 -7 -3 -5 -6 -7 -1  5  2 -6  0  1 -6 -4 -2 -5 -1  4    3   0   0   0   0   0   0   0   1  33  17   0   1   7   0   1   2   0   2  34  1.07 0.45
  186 L   -4 -6 -4 -7 -2 -6 -6 -6 -6  4  3 -6  0 -2 -6 -4 -3 -6 -5  4    1   0   1   0   1   0   0   0   0  29  36   0   1   1   0   1   1   0   0  30  1.24 0.52
  187 V   -3 -6 -6 -7 -3 -3 -6 -7 -6  3  3 -6  2  1 -6 -3 -3 -5 -4  4    1   0   0   0   0   1   0   0   0  17  32   0   5   7   0   1   0   0   0  36  1.10 0.48
  188 I   -3 -6 -6 -7 -3 -4 -6 -6 -6  5  2 -6 -1 -2 -6 -5 -3 -5 -5  4    2   0   0   0   0   0   0   0   0  43  23   0   1   1   0   0   1   0   0  27  1.33 0.53
  189 G   -5 -7 -5 -6 -8 -7 -7  7 -7 -4 -9 -7 -8 -8 -7 -4 -6 -8 -9 -8    0   0   0   0   0   0   0  98   0   1   0   0   0   0   0   1   0   0   0   0  2.93 1.00
  190 E   -2 -4  2  6 -2 -2  3 -3  0 -8 -8 -4 -4 -7 -3 -1 -4 -8 -7 -7    3   0   9  59   1   1  16   1   3   0   0   0   0   0   1   4   1   0   0   0  1.66 0.70
  191 L    1 -3 -3 -4  0  1 -3 -1 -1 -2  0 -2  1 -3  0  4 -1 -5  0 -2   11   1   0   0   2   6   1   5   1   2   9   1   4   1   4  44   3   0   4   2  0.61 0.42
  192 G    1 -2  0 -3 -3 -3 -2  5 -2 -6 -6 -3 -4 -3 -4  1 -1 -6 -2 -2   12   2   4   1   1   1   2  54   1   0   0   1   0   1   0  12   4   0   1   2  1.05 0.49
  193 T    0 -7 -4 -7  1 -6 -6 -7 -7 -1 -4 -6 -4 -2 -6 -3  1 -7 -2  6    6   0   1   0   3   0   0   0   0   1   0   0   0   2   0   2   8   0   2  77  1.84 0.77
  194 G   -2 -7 -5 -6 -8 -6 -2  7 -7 -8 -4 -6 -7 -8 -7 -5 -6 -8 -8 -8    2   0   0   0   0   0   3  92   0   0   2   0   0   0   0   0   0   0   0   0  2.61 0.95
  195 K   -6 -1 -5 -6 -9 -4 -3 -7 -6 -4 -7  7 -6 -8 -6 -5 -3 -9 -7 -4    0   3   0   0   0   0   1   0   0   1   0  93   0   0   0   0   2   0   0   1  2.77 1.10
  196 T   -4 -5 -4 -5 -1 -2 -5 -3 -6 -4 -6 -5 -5 -6 -6  4  6 -7 -6 -5    0   0   0   0   1   2   0   2   0   1   0   0   0   0   0  29  64   0   0   0  1.98 0.90
  197 S    0 -3  2 -5  6 -2 -5 -5 -1 -4 -4 -4 -5 -6 -5  5 -1 -7 -3 -3    8   1   8   0  19   1   0   0   2   1   2   0   0   0   0  53   2   0   1   2  1.40 0.69
  198 F   -4 -6 -6 -7 -2 -6 -6 -7 -6  4  4 -6  1  3 -3 -5 -2 -5 -2  0    0   0   0   0   1   0   0   0   0  24  48   0   3  14   2   0   2   0   1   4  1.20 0.53
  199 I   -3 -3 -6 -6 -3 -3 -5 -6 -2  4  3 -5  2 -2 -6 -3 -1 -5 -2  2    2   1   0   0   1   1   0   0   1  29  35   0   6   1   0   2   3   0   1  16  0.98 0.47
  200 K   -2  3  2 -2 -3  2 -1 -2  3 -1  0  1 -1 -2 -4  0  0 -5 -1 -1    3  15  10   1   0  12   2   2   9   3  12  10   2   2   0   6   6   0   2   4  0.31 0.25
  201 R   -5  7 -3 -6 -2  3 -4 -5  0 -5 -6  0 -2 -7 -6 -3 -4 -7 -6 -5    1  73   1   0   1  11   0   1   2   1   1   5   1   0   0   2   1   0   0   1  2.17 0.93
  202 Y   -5 -6 -5 -7 -4 -6 -6 -7 -4 -3  0 -6 -2  6 -7 -5 -3 -1  7 -3    1   0   1   0   0   0   1   0   0   1   7   0   1  42   0   1   2   1  41   1  2.15 0.85
  203 V    1 -3 -3 -4  5 -2 -3 -4 -2  1 -2 -2  1 -3 -5 -1  2 -5 -5  4   10   1   1   1  13   1   1   1   1   7   3   2   4   1   0   5  16   0   0  31  0.67 0.39
  204 H   -3  1  2  3 -6  1  2 -2  4 -5 -3  2 -3 -2 -4 -2  0 -5  2 -4    1   6  11  17   0   7  14   3  11   0   2  11   0   1   1   2   6   0   7   1  0.55 0.34
  205 Q   -3 -1  4  4 -6  1 -1  3 -1 -5 -6  1 -3 -4 -5 -1 -3 -6 -4 -6    2   3  22  22   0   6   2  24   1   1   0  10   1   1   0   4   1   0   1   0  0.89 0.47
  206 F   -1  1  0  0 -1  1  2 -2 -1 -1 -2  2  0  0 -2  0  1 -1  0  0    3   7   4   4   2   6  12   2   1   3   4  15   2   6   1   6  12   1   4   6  0.17 0.16
  207 F   -5 -7 -7 -7 -3 -5 -5 -7 -3 -3 -2 -7 -2  8 -2 -5 -5 -1  3 -2    1   0   0   0   1   1   1   0   1   1   4   0   1  73   2   1   1   1  10   3  2.44 0.92
  208 S   -1  0  2  1 -1  0  0 -3  1 -1 -2  0 -1 -1  1  2  1 -5  0 -2    5   5  11   8   1   3   6   1   4   3   4   5   1   2   6  22   9   0   3   2  0.25 0.21
  209 Q   -1 -1  1  2 -3  1  3 -1 -1 -3 -2  0 -2 -4  3  1  0 -5 -2 -3    5   2   5  13   0   7  21   4   1   1   4   4   1   1  13   9   5   0   1   2  0.39 0.26
  210 N   -1  0  3  3 -3  1  0 -1  0 -2 -3  0 -2 -3 -1  1  1 -5 -2 -2    5   6  16  16   1   7   6   4   3   2   2   4   1   1   3  12   8   0   1   3  0.32 0.22
  211 Y   -2 -2 -3 -5 -1  1 -1 -4  4 -1 -2 -3  0  2 -3  1  0 -1  6 -2    2   1   1   0   1   6   4   1  10   4   4   1   2   9   1  12   7   1  31   2  0.77 0.41
  212 R   -1  3 -1 -1 -2  2  0 -1 -1  0 -1  3 -1 -1 -1  0  0 -5 -3 -1    4  15   3   4   1   9   6   4   1   7   4  18   1   2   3   7   5   0   1   4  0.23 0.18
  213 A    3 -1  0 -4 -1  0 -3 -3  0 -2 -3 -2 -1 -2  2  3  1 -6 -3  0   24   3   4   0   1   3   1   1   2   1   2   1   1   1  11  26   9   0   1   5  0.51 0.35
  214 T   -2 -5 -2 -5 -5 -5 -5 -6 -6 -3 -4 -3 -5 -6 -3  0  7 -7 -6 -5    3   0   2   0   0   0   0   0   0   1   1   2   0   0   1   5  83   0   0   0  2.25 0.92
  215 I   -2 -5 -5 -6 -4  0 -5 -6 -5  6  1 -5  1 -3 -3 -4 -2 -5 -1  2    3   0   0   0   0   4   0   0   0  56  12   0   3   0   1   0   2   0   2  16  1.17 0.49
  216 G   -2 -5 -2 -2  0 -2 -5  6 -5 -6 -3 -5 -5 -6 -5 -4 -2 -6 -2 -6    2   0   2   2   2   2   0  82   0   0   3   0   0   0   0   0   2   0   2   0  1.89 0.70
  217 V    3 -5 -5 -6  0 -2 -5 -3 -5  3 -2 -5  1 -2 -5 -2 -1 -6 -5  5   23   0   0   0   2   1   0   2   0  15   2   0   3   2   0   3   3   0   0  44  0.96 0.49
  218 D   -2 -5  1  6  2 -1  3 -2 -1 -3 -7 -4 -6 -2 -5  0 -2 -8 -6 -6    4   0   5  52   4   3  17   3   1   2   0   0   0   2   0   6   1   0   0   0  1.33 0.62
  219 F   -2 -7 -7 -8 -1 -7 -7 -7 -5  0 -1 -7 -1  7 -7 -2 -2  1  3 -2    3   0   0   0   2   0   0   0   0   5   6   0   2  64   0   3   2   2  10   3  1.93 0.76
  220 A    1  0  0 -3  1  0 -2  0  1 -1  1  2  0  1 -3  0  0 -1 -1 -1   14   4   3   0   4   4   1   6   3   3  15  16   1   7   0   7   5   1   2   4  0.11 0.14
  221 L   -1 -1 -1 -1  0  1 -1 -4  0  1  0 -1  1  0  1  1  2  1  0  0    5   3   3   3   3   6   3   0   3   8   9   3   5   4   6  10  16   3   3   6  0.13 0.17
  222 K   -2  3  0 -1  1  0 -1 -5  1 -1 -2  5  1 -1 -5 -1 -1 -5  0 -2    3  14   4   3   3   3   3   0   3   3   3  37   3   3   0   3   3   0   4   3  0.64 0.46
  223 V   -2  0  0 -1 -2  0  1 -4 -2  1 -1 -1  1 -2 -2  0  4 -3 -2  2    1   5   4   4   1   3   8   1   1   8   4   4   4   2   1   6  29   0   2  13  0.37 0.28
  224 L   -3 -5 -4 -4 -3 -3 -3 -6 -4  4  3 -4  4 -1 -5 -4  0 -2 -2  3    1   0   1   1   0   1   2   0   0  26  23   1  10   3   1   1   5   1   1  22  0.88 0.42
  225 Q   -2  0  2  1 -2  3  2 -3  1 -2 -3  2  0 -2 -1 -1  1 -2  0 -1    3   3   8   9   1  12  17   1   3   2   2  11   2   1   3   3  10   0   3   5  0.33 0.24
  226 W   -3 -2 -4 -4 -1 -3 -2 -3 -2  3  1  0  1  0 -4 -3 -2  5  1  3    1   2   1   1   1   1   3   2   1  21  13   5   4   3   1   1   2   8   4  23  0.56 0.30
  227 D   -3 -2  2  5 -2 -1  2 -2 -1 -3 -4  1 -3 -3 -2 -1 -1 -5 -4 -3    2   2  10  38   1   3  14   4   2   2   2   7   1   1   2   5   4   0   1   2  0.80 0.41
  228 A    0 -2  0  2 -2 -1  0  3 -1 -2 -3  0 -2 -3  0  1 -1 -3 -2 -2    8   2   4  11   1   2   7  30   1   2   2   5   1   1   5  10   3   0   2   3  0.35 0.17
  229 N   -2  2  3  2 -3  0  0  1  1 -3 -4  3 -3 -1 -2  0 -1 -4 -2 -3    2  10  16  14   1   3   6  10   4   1   1  18   1   4   1   5   3   0   1   2  0.40 0.23
  230 T   -1  1 -1  0  0  2  0 -2  1 -1 -1  2 -1 -3 -2  0  3 -2 -2 -1    4   9   3   5   3  10   5   2   3   3   6  11   1   1   2   6  22   1   1   4  0.25 0.19
  231 I   -1  0 -1 -2 -1  0 -1 -2 -1  3  0  0  0 -1 -1  1  1  0 -1  1    4   5   2   2   1   3   3   2   1  22   8   5   3   2   2  12   7   2   2  12  0.14 0.12
  232 V    0 -3  0 -3  1 -2 -3 -2 -3  3  0 -2  0  0 -3 -2  0 -3 -1  4    5   1   5   1   3   2   1   2   0  21   6   2   1   3   1   1   7   0   2  36  0.37 0.18
  233 R   -1  3  0 -1  2  1 -1 -3 -1 -3 -3  4 -2 -3 -3  1  1 -1 -2 -2    4  22   3   2   5   4   2   1   1   1   2  30   1   0   1  10   8   1   1   1  0.52 0.24
  234 L   -1 -3 -3 -4 -1 -3 -3 -3 -3  1  4 -1  2  0 -3 -2 -1 -3 -1  1    5   0   0   0   2   0   1   2   0   8  52   5   5   4   0   2   2   0   1  11  0.48 0.20
  235 Q    0 -1 -1 -1  0  5  1 -2  1 -1 -1 -1  2  0 -3  0  0 -3 -2  0    7   2   2   1   3  40   5   1   3   2   3   1   7   4   0   5   4   0   1   6  0.46 0.24
  236 L   -2 -3 -3 -1  0 -2 -3 -3 -2  2  3 -3  1  2 -3 -2 -1 -2  1  1    1   1   0   5   2   0   1   1   0  19  34   1   2  12   1   1   3   0   7  10  0.31 0.11
  237 W   -3 -1 -3 -4  0 -3 -3 -4 -3 -3 -2 -1 -2  3 -4 -3  0  9  1 -2    1   4   0   1   2   0   1   1   0   1   1   5   0  13   1   1   8  53   3   3  1.62 0.32
  238 D   -2 -2  0  6 -4  1  0 -3 -2  0 -3 -2 -3 -4  1 -2 -2 -4 -4 -1    1   0   0  67   0   7   1   1   0   8   1   1   0   0   7   1   1   0   0   5  1.03 0.27
  239 I   -1 -3 -2 -3 -3 -2 -3 -3  1  3  1 -2  1  0  2  0  3 -3 -2  1    0   0   0   0   0   0   0   0   5  22  10   0   5   5  10   6  24   0   0   9  0.34 0.18
  240 A    0 -2  1 -3  3  1 -2  0 -2 -1  0 -2  2 -2  1  0  1  4 -2  0    8   0   8   0   8   8   0   8   0   0   8   0   8   0   8   8   8   8   0   8  0.23 0.17
  241 G   -1 -2  4  0 -4 -1 -1  4 -1 -4 -4 -1 -3 -4 -3  0 -1 -4 -3 -4    0   0  50   0   0   0   0  50   0   0   0   0   0   0   0   0   0   0   0   0  0.84 0.00
  242 Q    0  1  1 -2  2  1  0 -3  2 -3 -1  1  2 -3  1  0  0  4 -2 -2    7   7   7   0   7   7   7   0   7   0   7   7   7   0   7   7   7   7   0   0  0.25 0.20
  243 E   -1 -3 -3  3 -6  0  5 -4  1 -5 -6  1 -5 -6  0 -1 -3 -6 -5 -2    3   0   0  15   0   3  57   0   3   0   0   7   0   0   5   4   0   0   0   3  1.19 0.52
  244 R   -2  5  0 -1 -5  0 -1 -4  0 -2 -3  2  1 -2 -4  0 -1  0 -1 -4    2  49   4   3   0   4   3   0   2   3   2  11   4   2   0   6   3   2   2   0  0.83 0.39
  245 F    0 -2  1  1 -2  1 -1  0 -1  0  0 -2  1  1 -2  0  1 -2  1  0    8   0   7   8   0   7   0   8   0   8   8   0   7   7   0   8   8   0   7   8  0.08 0.10
  246 G   -1  5 -1 -3 -3  2 -2  2  2 -3 -2  1 -2 -4 -4  0 -1  0 -3 -3    5  35   3   1   1   9   1  15   5   1   5   7   1   1   0   5   4   2   1   1  0.61 0.35
  247 N    1 -1  2 -2  1 -1 -2 -1  0 -3 -4 -1 -3  0 -1  4  2 -1 -2 -3   10   2  12   1   4   2   1   4   2   1   1   3   0   4   2  34  12   1   1   1  0.50 0.34
  248 M   -2 -5 -5 -6 -4 -4 -5 -6 -5  5  3 -2  4 -1 -5 -1 -2 -5 -4  1    2   0   0   0   0   0   0   0   0  35  32   3  14   1   0   4   1   0   0   7  0.97 0.43
  249 T    0  0 -1 -3 -4 -2 -3  0 -2  0 -3 -3  1 -1 -1  0  5  1 -4  0    7   6   2   1   0   1   1   6   1   5   1   0   4   2   2   5  48   2   0   6  0.67 0.40
  250 R   -1  4  0 -2 -2  1 -1 -2  0 -1 -3  2  0 -3  2  1  1 -5 -2 -1    3  27   4   1   1   6   2   2   2   4   0  12   3   1  12  11   7   0   1   3  0.45 0.26
  251 V    1 -1  0 -1 -1  1 -1 -2  0 -1 -1 -2  1 -1 -2  3  1 -4 -2  1   14   2   5   2   1   9   3   2   2   2   5   0   4   3   1  24   7   0   1  13  0.23 0.20
  252 Y   -5 -1 -6 -7 -6 -2 -6 -7  1 -2 -1 -5 -1  5 -7 -5 -5 -2  8 -3    0   3   0   0   0   2   0   0   3   2   5   0   2  23   0   0   0   0  59   1  2.05 0.72
  253 Y   -4 -6 -6 -7  0 -5 -6 -7  0 -1 -1 -6  0  4 -7 -2 -5  1  8 -3    1   0   0   0   2   0   0   0   1   3   6   0   2  20   0   2   0   1  59   1  1.94 0.69
  254 K   -3  6 -2 -3 -2  0  0 -4  1 -6 -6  2 -5 -6 -2 -1  0 -6 -1 -5    1  59   2   1   1   3   4   1   4   0   0  11   0   0   2   5   5   0   2   0  1.33 0.56
  255 E   -1  0  1  2 -5 -1  1  4  0 -5 -5  1 -2 -5 -4  0 -2  0 -1 -5    4   5   8  11   0   1   9  38   3   0   0   8   1   0   0   7   2   2   2   0  0.62 0.30
  256 A    5 -4  0 -4  1 -3 -3 -2 -4 -1 -4 -2 -4 -5 -4  2  1 -6 -5 -1   56   0   4   0   3   0   0   2   0   3   0   2   0   0   0  16   9   0   0   4  0.96 0.48
  257 V    0  0  1  2 -1  1  0 -2  3 -1  0  0  1 -2 -2  0 -1 -4 -2  1    6   4   8  16   1   7   3   1   9   2   7   6   4   1   1   7   2   0   1  13  0.20 0.17
  258 G    2 -2 -3 -4  3 -4 -4  5 -1 -1 -4 -3 -4 -4 -2 -1 -3 -5 -3 -2   20   2   0   0   7   0   0  56   1   4   0   0   0   0   2   2   0   0   1   3  1.04 0.41
  259 A    3 -2 -4 -4  5 -3 -3 -1 -4  2  0 -3  0 -1 -3 -2 -2 -4 -3  2   34   2   0   0  14   0   0   5   0  12   7   0   3   2   0   1   1   0   0  18  0.54 0.29
  260 F   -2 -4 -3 -5 -2 -4 -4 -5 -4  4  2 -4  3  2 -2 -3 -2 -3  1  3    2   0   1   0   1   0   0   0   0  28  24   0   8   8   2   0   0   0   5  20  0.64 0.29
  261 I   -1 -4 -5 -5 -2 -4 -4 -3 -4  3  3 -4  1  2 -4 -3 -2 -4 -2  3    3   0   0   0   1   0   0   2   0  22  35   0   3   8   0   0   1   0   1  23  0.69 0.30
  262 V   -1 -4 -2 -5 -1 -4 -4 -4 -4  1  1 -4  3 -2 -4 -1  0 -4 -4  5    4   0   2   0   1   0   0   1   0   3  10   0   8   1   0   3   4   0   0  61  0.93 0.42
  263 F   -3 -5 -5 -5  2 -4 -5 -2 -1 -1 -1 -5  0  5 -5 -3 -3 -1  7 -3    2   0   0   0   5   0   0   3   1   3   4   0   3  31   0   1   1   0  45   1  1.47 0.52
  264 D   -4 -5 -1  7 -7 -1 -1 -4 -4 -6 -7 -4 -6 -7 -5 -1 -4 -8 -7 -2    1   0   2  86   0   3   1   1   0   0   0   0   0   0   0   4   0   0   0   3  2.25 0.75
  265 V   -1 -4 -4 -6 -1 -5 -5 -6 -5  5  1 -4  1 -2 -5 -3 -1 -5 -4  4    3   1   1   0   1   0   0   0   0  40  12   1   3   0   0   1   2   0   0  34  1.02 0.43
  266 T   -2 -3  1 -2 -3 -3 -3 -3 -4 -3 -4 -3 -2 -5 -4  2  6 -6 -5 -2    2   0   6   2   0   0   1   1   0   1   1   1   1   0   0  12  70   0   0   2  1.47 0.63
  267 R   -1  3  4  2 -1  0 -1 -3 -1 -4 -4  1 -2 -4 -4  1 -1 -5  0 -3    6  20  25  13   2   4   1   0   1   0   1   9   1   0   0  12   1   0   4   1  0.60 0.32
  268 S    1  3 -2 -1 -3  1  2 -2  0 -3 -2  1  0 -4  2  0 -2 -2 -2 -2   11  21   1   2   0   6  16   2   2   1   4   9   3   0  11   6   0   1   1   2  0.40 0.24
  269 G    0  1  1  1 -3  2  2  0  0 -3 -3  1 -2 -4 -1  1  1 -3 -3 -2    6   7   6   9   0  11  15   6   1   1   1  11   1   0   2  12   7   0   0   2  0.31 0.19
  270 T   -2 -4 -3 -4 -5 -4 -4 -3 -4 -3 -3 -3 -4  0 -4  5  5 -6 -5 -4    1   0   0   0   0   0   0   1   0   1   2   1   0   3   0  56  35   0   0   0  1.47 0.67
  271 F   -5 -4 -4 -7 -5 -6 -6 -7 -5 -1  0 -4 -1  8 -7 -2 -5 -1  2 -3    0   1   1   0   0   0   0   0   0   3  10   1   1  74   0   3   0   1   4   1  2.07 0.71
  272 D   -2 -1  1  3 -2  2  3 -2 -1 -3 -2  0 -2 -4 -3  0 -1 -5 -2 -1    2   2   8  19   1  10  26   2   1   1   4   5   1   0   1   7   3   0   2   5  0.46 0.27
  273 C    2 -1  5  0  0  0 -1  0  2 -4 -3  0 -3 -4 -4  1 -1 -5 -3 -3   18   2  31   5   2   3   3   6   5   0   3   5   0   0   0  13   3   0   1   1  0.56 0.32
  274 V    0 -5 -5 -5  0 -4 -5 -4 -5  3  2 -4  0 -3 -5 -1  0 -5 -3  4   10   0   0   0   2   0   0   1   0  18  21   0   2   0   0   4   7   0   0  34  0.73 0.36
  275 S   -1  2  1  1  1  2  1 -2 -1 -1 -1  2 -1 -3  0  1  0 -3 -3 -1    4  12   5   8   3   8   9   2   1   3   6  11   1   1   5  10   6   0   0   3  0.19 0.13
  276 K   -2  2  2  0 -2  1  0 -1  0 -2 -2  3 -2 -1 -3  0 -1 -4  0 -3    2  14  11   5   1   6   5   3   2   3   3  26   1   3   1   7   4   0   4   1  0.37 0.24
  277 W    0  1  1 -2 -3  1  1 -3 -1 -2  0  1 -1  1 -3  0 -1  4  2 -2    9   9   9   0   0   9   9   0   0   0   9   9   0   9   0   9   0   9   9   0  0.27 0.15
  278 K   -2  0 -2 -4  0 -1 -3 -5  0  2  2  2  4  0 -4 -2 -2  3  0  0    3   4   2   0   2   2   0   0   3  13  27  14  11   4   0   2   2   4   3   5  0.41 0.29
  279 E   -1  1  1  1 -1  2  2 -2  2 -2 -2  2 -1 -4 -3  0  0 -4 -1 -2    3   9   6   8   2  10  17   3   6   2   5  13   2   0   0   5   5   0   2   2  0.31 0.22
  280 D   -1 -1  2  3 -1  1  3 -2  1 -2 -3 -1 -1 -3 -3  0 -1  2  0 -1    4   2   9  19   2   6  25   2   3   2   2   3   2   0   0   5   3   4   4   5  0.43 0.28
  281 L   -2 -4 -2 -4 -1 -3 -1 -5 -4  4  2 -2  1  2 -4 -2 -2  1 -1  2    3   0   2   0   2   0   4   0   0  25  21   2   3  11   0   2   2   2   2  18  0.50 0.29
  282 D   -2  1  0  3 -2  1  2 -2  1 -1 -1  1  0  0 -3 -1 -1  0 -1 -2    2   9   4  24   1   6  11   2   3   4   8   7   2   5   1   4   3   1   2   2  0.28 0.19
  283 S    0  0  1  1 -1  1  2 -2  2 -1 -1  0  0 -2 -2  2  1 -3 -1 -1    5   4   7   7   1   6  16   2   5   3   5   5   2   1   1  15   7   0   2   3  0.20 0.16
  284 K   -1  1  1 -2 -1  2  0 -2  3 -1 -3  3 -1 -2 -3 -1 -1 -1  2 -2    3   5   8   1   1   8   6   3   9   3   2  24   2   1   1   4   3   1   9   3  0.37 0.28
  285 V    2 -2 -1 -2  2 -2 -1 -2 -2  1 -1 -2  0 -1 -3  0  1 -4 -1  3   22   2   2   2   6   1   3   2   1   7   6   2   2   2   1   7   8   0   2  23  0.27 0.23
  286 Q    0  1  1  1 -1  2  1 -1  1 -2 -2  1 -1 -2 -1  1  1 -3  0 -2    5   6   6   7   2  11  10   4   4   2   3   8   2   2   3  10   9   0   3   2  0.16 0.14
  287 L    0  0  0 -1  0  0  0 -1  0  0  1  0  0  0  1  0  0  1  0  0    7   4   5   3   3   4   4   4   3   5  15   3   3   5   7   7   5   2   4   6  0.03 0.02
  288 P    0 -1  0  0  0  0  1 -1  1 -1 -2  0 -1 -1  4  0  0  1  0 -2    9   3   4   4   2   3   9   5   3   3   4   5   1   3  21   7   5   2   4   3  0.27 0.17
  289 D    0  0  3  4 -2 -1  1 -1 -1 -2 -3 -1 -2 -4 -1  0 -1 -4 -3 -2    7   5  15  30   1   2   9   5   1   2   3   3   1   1   3   7   4   0   1   2  0.53 0.31
  290 G    0 -2  1  0  0 -1  0  4 -1 -3 -3 -1 -2 -2  2  0 -1 -4 -2 -2    6   2   8   6   2   3   7  30   1   2   3   3   1   2   9   8   3   0   1   2  0.39 0.24
  291 S    1  0  1  1  0  1  2 -1  1 -2 -2  1 -2 -2 -2  2  0 -4 -2 -1   10   3   8   8   2   5  12   4   3   2   3   9   1   1   2  16   6   0   1   3  0.21 0.18
  292 P   -1 -1  2  2 -2  1  0 -1  0 -2 -2  1 -1 -3  3  0  0 -4 -2 -1    5   3  12  13   1   5   6   4   2   3   3   8   1   1  14   8   6   0   1   4  0.28 0.21
  293 I   -2 -6 -4 -4 -1 -3 -4 -6 -6  5  0 -4  1  2 -3 -5 -2 -5 -1  4    3   0   1   1   2   1   1   0   0  32   9   1   2   8   1   0   2   0   2  32  1.02 0.55
  294 P   -1 -2  0 -2  0 -1  0 -2 -2  1 -2 -1 -1 -3  5 -2 -1 -5 -3  2    4   2   4   2   2   2   6   3   1   7   4   4   1   1  35   3   3   0   1  14  0.68 0.40
  295 C   -1 -1 -3 -4  4 -2 -3 -4 -4  3  0  1  1  3 -4 -2  0  0 -2  2    4   4   1   1  12   1   1   1   0  18   8  10   3  12   1   2   5   1   1  12  0.43 0.27
  296 I   -3 -6 -7 -7 -1 -6 -6 -6 -6  4  1 -4  5  0 -6 -5 -3 -6 -1  4    2   0   0   0   1   0   0   1   0  28  14   1  15   3   0   1   1   0   2  30  1.23 0.64
  297 L   -4 -6 -7 -7 -3 -4 -4 -7 -7  2  6 -6  0 -2 -7 -6 -5 -6 -5  1    1   0   0   0   1   1   1   0   0  10  73   0   2   2   0   0   0   0   0   9  1.68 0.80
  298 L   -3 -6 -7 -4  1 -6 -3 -7 -6  3  3 -6  0 -2 -6 -6 -4 -6 -5  5    2   0   0   1   3   0   2   0   0  18  27   0   1   2   0   0   1   0   0  42  1.26 0.62
  299 A    2 -5 -5 -6 -2 -2 -5  6 -7 -4 -4 -6 -7 -7 -7 -3 -6 -8 -8 -2   18   1   0   0   1   2   1  70   0   1   2   0   0   0   0   1   0   0   0   3  1.86 0.87
  300 N   -4 -6  8 -4 -2 -4 -6 -5  0 -8 -8 -5 -7 -8 -7 -2 -2 -8 -7 -2    2   0  86   0   1   1   0   1   2   0   0   0   0   0   0   3   2   0   0   3  2.83 1.20
  301 K   -1  2  2 -1 -3  2  1  1  3 -2 -2  1  2 -3 -2  1 -1 -3 -2 -2    1  11  10   1   0  10  11  11  10   1   1  11  10   0   1  11   1   0   0   1  0.28 0.11
  302 C    0 -2  0 -1  5 -1 -2  1 -2  0 -1 -1  0 -1 -3  0  0  1 -1  1    7   0   6   2  22   2   0  13   0   7   3   4   2   2   0   8   5   2   2  11  0.22 0.14
  303 D   -2 -2  1  5 -4 -1  1 -1 -2 -4 -2  1 -3 -4  1  0 -2 -5 -4 -4    1   0   4  52   0   0   8   4   0   0   5   8   0   0   8   8   1   0   0   1  0.86 0.31
  304 Q   -1  1 -1 -1  0  2  1 -1 -2  0  2  0  1 -2 -1  0 -1  0 -1 -1    4   9   3   3   2  10   8   5   0   4  25   5   3   0   3   8   2   2   2   4  0.11 0.12
  305 E   -1 -1  0  2 -2  2  3 -2  1 -2 -1  0 -1 -2  0  0  0 -4 -2 -1    4   2   3  10   1  12  24   2   4   2   7   3   2   1   4   8   5   0   1   4  0.31 0.22
  306 K    0  1  0  3 -2  0  1 -2  2 -3  0  2 -1 -3  0  0  0 -5 -2 -3    6   7   5  16   1   3  10   3   6   1   9  14   2   1   4   6   5   0   1   1  0.25 0.19
  307 Q   -2  2  1  1 -2  2  2 -2  1 -3 -2  2 -1 -3 -2  0 -2  2 -2 -3    2  13   6   7   1  11  15   2   4   1   4  14   2   1   2   9   2   4   1   2  0.38 0.27
  308 G   -1  4  0 -1 -1  1  1  1  1  0 -3  0 -2 -3 -2 -1 -2 -5 -3 -1    4  30   3   3   1   6   8  12   4   5   3   5   1   1   1   4   2   0   1   4  0.43 0.28
  309 I   -1  2 -2 -2  0  1  1 -3 -2  1  0  0 -1 -2 -2 -2 -1 -1 -2  3    5  10   2   2   2   8  12   1   1   7   7   5   1   2   2   2   3   1   1  24  0.26 0.21
  310 I   -1  0 -2 -2  1 -1  0 -3 -2  2 -1 -1  0 -2 -1 -2  0 -5 -2  4    5   5   2   2   4   3   7   2   1  10   6   4   2   1   3   2   6   0   1  35  0.41 0.28
  311 T   -1  0  0  0 -1 -1 -1 -3 -1 -1 -2  0 -2 -1  0  2  3 -2 -2  2    3   5   5   4   1   3   4   2   1   3   3   5   1   2   5  18  17   1   1  15  0.26 0.23
  312 Q   -2  0  2  0 -2  2  1 -3  1 -2 -2  1 -2 -1 -1  1  1 -4  0  0    3   6   9   6   1  10  10   2   3   3   3  10   1   3   3  11   9   0   4   6  0.21 0.19
  313 P    0  1  0  0  0  0  1 -1 -1 -1 -2  1 -1 -2  2  0  0 -2 -2 -1    9   7   3   6   2   4  11   5   1   3   4   7   1   2  13   7   7   1   2   5  0.15 0.12
  314 E   -1 -1 -1  1 -7  1  5 -4 -2 -1 -4  0 -2 -3 -2  0 -1 -7 -3 -1    6   4   2   9   0   6  43   1   1   4   1   6   1   1   2   6   4   0   1   4  0.79 0.52
  315 K    1  1 -1  1 -2  2  2  0 -1 -3 -3  3 -1 -3 -4 -1 -1 -2 -2 -2   13   9   2   7   1   9  16   8   1   1   2  18   2   1   0   3   3   1   2   3  0.37 0.30
  316 M    2 -2 -3 -1 -4 -1 -1  1 -2  2  1 -1  4 -1 -4 -2 -1 -4 -1  0   20   2   1   3   0   3   4   9   1  11  15   3  11   2   0   2   3   0   2   6  0.28 0.23
  317 D    0  0  1  3 -2  2  3  1 -2 -3 -3  1 -2 -4 -4  0 -2 -2 -3 -3    8   5   6  18   1   8  19   9   1   1   2   9   1   1   0   6   2   1   1   1  0.43 0.31
  318 E    0  1 -1 -1 -2  3  3 -2  0 -4 -2  2 -1 -1 -4  0 -1 -3 -3 -4    9   6   3   3   1  15  23   3   2   1   4  13   1   2   0   8   3   0   1   1  0.46 0.36
  319 Y   -1 -1 -4 -4  0 -2 -2 -3 -2 -1  1 -1  0  6 -6 -3 -3  5  3 -2    7   4   1   1   2   2   2   2   1   3  14   5   2  33   0   1   2   8  11   2  0.85 0.48
  320 V    4 -3 -4 -5  6 -2 -2 -4 -3 -1  0 -2  0 -1 -5 -1 -2 -2 -2  0   36   1   1   1  19   2   3   1   0   3  11   2   3   3   0   4   3   1   1   6  0.81 0.50
  321 R    2  2 -1  0 -2  2  2 -3  0 -3 -3  3 -2 -5 -3 -1 -2 -2 -3 -3   16  13   3   5   1   9  12   2   3   1   3  22   1   0   1   5   2   1   1   1  0.49 0.38
  322 E   -1  0 -1  1 -4  2  5 -4 -1 -4 -3  2 -1 -4 -4  0 -2 -3 -2 -5    6   4   3   7   0   9  37   1   2   1   2  14   1   1   0   7   3   0   1   1  0.77 0.53
  323 N   -3 -1  5 -1 -2  1  0 -3  5 -1 -1  1  0 -2 -4 -1 -2 -3  1 -3    1   4  28   3   1   6   7   2  13   3   7   7   2   2   0   4   3   0   5   1  0.62 0.43
  324 G   -2 -2  2 -1 -2 -1 -1  5  0 -4 -2  0 -3 -2 -5 -1 -3 -5  2 -4    3   2  12   4   1   3   4  43   2   1   4   6   1   1   0   4   2   0   6   1  0.77 0.47
  325 F   -2 -3  1 -1 -1 -2 -2 -1 -2  3  1 -1  2  5 -4 -3 -3 -2  1 -1    3   1   7   3   1   2   2   5   1  15  14   4   5  26   1   2   1   0   4   3  0.52 0.32
  326 A    2 -2 -2 -2  1 -1 -1 -3 -1  2  1 -1  2 -2  1  0  0 -4 -1  1   17   1   2   2   3   2   3   2   2  12  13   3   7   1   7   7   5   0   3   9  0.19 0.18
  327 G    0  0 -1 -1  0  0  0  2  0 -1  0  0  0 -1  1  0  0 -2 -1 -1    7   4   3   3   2   4   5  19   2   4   9   7   2   2   8   7   4   0   2   3  0.11 0.08
  328 W   -4 -7 -7 -8  0 -5 -8 -4 -1 -4 -1 -7 -2  6 -8 -3 -5  7  5 -2    1   0   0   0   2   0   0   1   1   1   5   0   1  42   0   2   1  19  20   3  2.06 0.96
  329 F   -3 -3 -6 -8  0 -5 -5 -6 -1  3  1 -4  3  6 -7 -4 -2 -3  3 -1    2   2   0   0   2   0   1   0   1  15  12   1   7  37   0   1   3   0  10   4  1.19 0.63
  330 E   -3 -1 -5 -2 -9 -1  7 -6 -4 -4 -4 -1 -3 -3 -6 -4 -3 -9 -3 -3    2   4   0   2   0   2  75   1   0   1   2   3   1   1   0   1   2   0   1   2  1.99 1.08
  331 T    0 -7 -6 -7  3 -7 -7 -5 -8 -1 -6 -7 -2 -8 -7 -2  7 -9 -8  1    7   0   0   0   7   0   0   1   0   3   0   0   1   0   0   3  67   0   0  11  2.00 1.07
  332 S   -5 -7 -6 -7 -1 -7 -7 -3 -8 -9 -9 -7 -8 -9 -8  7 -5-10 -9 -8    0   0   0   0   1   0   0   2   0   0   0   0   0   0   0  96   0   0   0   0  3.00 1.44
  333 A    6 -7 -7 -8 -1 -7 -7 -6 -8 -7 -7 -2 -7 -4 -7 -1 -4 -9 -8  0   84   0   0   0   1   0   0   0   0   0   0   2   0   1   0   5   1   0   0   6  2.27 1.12
  334 K   -4  0 -6 -7 -3 -2 -2 -8 -4 -6  1  7  0 -4 -7 -4 -5 -4 -2 -4    1   4   0   0   1   2   3   0   0   0  12  71   2   1   0   1   0   0   2   1  1.93 0.97
  335 E   -2 -4  2  4 -4 -3  4 -4 -3 -7 -4 -3 -3 -5 -6  1  3 -8 -5 -5    3   1   9  23   0   1  26   1   1   0   2   1   1   0   0  11  20   0   0   1  1.00 0.61
  336 N    0 -3  5  2 -3 -5 -4  4 -3 -8 -6 -3 -7 -6 -7  1 -4 -8 -8 -6    9   1  33  10   1   0   1  34   1   0   1   1   0   0   0   9   0   0   0   0  1.31 0.70
  337 I   -2 -2 -1  0 -3  0  1 -5  1  3 -1 -1 -1 -1 -3  0  3 -2  0  0    2   2   2   5   0   5   8   0   3  23   6   3   1   2   1   8  18   1   4   6  0.34 0.28
  338 N   -6 -3  8 -4 -5 -3 -5  1 -1 -7 -8 -2 -2 -6 -8 -3 -6-10 -5 -9    1   1  77   1   0   1   0  11   1   0   0   2   1   0   0   1   0   0   0   0  2.56 1.18
  339 I   -6 -8 -9 -9 -3 -8 -8 -9 -9  5 -2 -8 -1 -3 -8 -7 -3 -8 -7  6    0   0   0   0   0   0   0   0   0  36   3   0   1   1   0   0   1   0   0  57  2.18 0.94
  340 D   -3 -2  2  4 -5  0  4 -3 -2 -5 -3  0 -2 -5 -5 -1  0 -8 -4 -3    2   2   9  26   0   4  31   2   1   0   2   6   1   0   0   3   6   0   0   2  0.90 0.53
  341 E   -2 -3  0  2 -3  2  5 -6 -2 -5 -3  1 -3 -5 -5 -2 -1 -8 -5 -4    4   1   4  13   1  10  47   0   1   1   3   7   1   1   0   2   3   0   0   1  1.13 0.65
  342 A    5 -6 -6 -7  0 -6 -6 -4 -4  0 -2 -5  1 -5 -2  0 -1 -8 -7  1   61   0   0   0   2   0   0   1   0   5   4   0   3   0   2   8   4   0   0   9  1.32 0.73
  343 A    0 -8 -8 -9 -2 -7 -8 -7 -7 -1 -1 -8  4  7 -8 -4 -5 -6 -2  1    9   0   0   0   1   0   0   0   0   4   4   0  11  61   0   1   1   0   1   8  2.07 0.91
  344 R   -2  2  0 -1 -4  2  2 -4  1 -1  0  1  2 -1 -5 -1  0 -3 -1 -1    2  13   4   2   0  11  17   1   4   3  10   8   5   2   0   4   7   0   3   3  0.33 0.27
  345 A    1  0  0 -1  3  0  1 -3  2 -1 -2  0  0  1 -4  0  2 -2  0 -1   10   5   3   3   8   4   9   1   7   4   4   7   2   5   0   8  12   0   3   3  0.18 0.18
  346 L   -4 -7 -6 -8 -3 -7 -8 -8 -5  3  5 -7  3 -3 -8 -6 -4 -7 -3  1    1   0   0   0   1   0   0   0   0  16  63   0   8   1   0   0   1   0   1   8  1.62 0.74
  347 V    3 -4 -6 -6  1 -5 -5 -2 -6  2  0 -5 -1 -3 -5 -1  1 -6 -4  4   28   0   0   0   3   0   0   2   0   9  10   0   1   1   0   3  10   0   0  31  0.82 0.48
  348 N   -2  3  2  0 -2  1  3 -2 -1 -4 -3  3 -4 -3 -4  0  1 -6 -2 -3    3  17   9   6   1   6  17   2   1   0   2  17   0   1   0   6   9   0   1   1  0.52 0.35
  349 K   -1  1  1  0 -1  2  3 -3  2 -2 -1  3  0 -4 -4 -1 -1 -3 -2 -3    6   7   6   5   1  10  17   2   6   2   7  18   3   0   0   4   3   0   1   2  0.37 0.28
  350 I   -1 -5 -5 -7 -2 -6 -6 -7 -4  6  1 -6  3 -4 -7 -4 -3 -4 -3  2    6   1   1   0   1   0   0   0   0  52  14   0   7   0   0   1   1   0   1  14  1.43 0.66
  351 L   -4 -4 -5 -6 -3 -5 -6 -7 -4  3  4 -3  3  1 -4 -5 -5 -5  1  1    1   1   0   0   0   0   0   0   0  16  48   2   9   5   1   1   0   0   6  10  1.06 0.52
  352 I    1  0  0 -1  0  1  0 -2  0  1  0  1  1 -1 -2  0  0 -3 -1  1   14   3   4   3   2   7   6   1   2  13  10   8   5   2   1   4   4   0   1   8  0.08 0.09
  353 N   -2  0  6  0 -2  1 -2 -3 -1 -4 -5  1 -2 -3 -3  0  0 -6 -1 -4    2   5  49   4   1   6   2   1   1   1   1   9   1   1   1   7   6   0   2   1  1.04 0.49
  354 D   -3 -1  2  4 -5  1  3 -3  1 -2 -4  1 -1 -3  0 -1 -2 -5 -1 -2    1   3  11  24   0   5  21   2   3   2   1   9   1   1   5   4   1   0   3   3  0.55 0.29
  355 K   -1  2  1  0 -5  2  0  0  1 -4 -4  4 -2 -5 -2 -1 -1 -5 -4 -3    3  12   7   5   0   9   5   6   3   1   1  36   1   0   1   4   4   0   0   1  0.62 0.32
  356 L   -1 -2 -2 -1 -1 -1 -1 -1 -3  1  3 -1  2  0 -2 -1  0 -1 -2  0    5   2   2   4   1   3   3   5   0   8  37   3   5   4   2   4   5   1   1   4  0.21 0.16
  357 I   -1 -2 -2 -3 -3 -1 -2 -1 -2  3  2 -1  2  0 -3 -1 -1  1  0  1    4   1   2   1   0   3   2   5   0  25  21   3   6   4   1   3   4   2   3   9  0.24 0.16
  358 S    1 -1  0  1 -4  2  1 -1 -1 -3 -3  0 -2 -2  2  2  1 -4 -3 -2   10   2   5   6   0  11   9   5   1   1   2   4   1   2   9  23   8   0   0   3  0.30 0.18
  359 A    2 -1  1 -1 -3  1  0  0  0 -1  0  0 -2 -1  0  1  1 -3  0  0   19   1   6   2   0   6   5   8   2   3   8   4   0   2   3  15   7   0   4   5  0.13 0.11
  360 D   -1 -1  1  4 -5  1  3 -1  0 -4 -3 -1 -4 -4  1  0 -2 -5 -1 -4    4   3   8  29   0   5  19   4   2   1   3   3   0   0   7   8   1   0   2   0  0.56 0.26
  361 L    0 -1 -1 -1 -3  1  1 -1 -1  1  2 -1  0  0  0 -1  0 -3 -1  1    5   2   1   4   0   8   9   4   1  13  22   3   0   3   4   4   6   0   1  10  0.09 0.09
  362 A    3  0  1 -2 -3 -1  0 -1  0 -1 -2  0 -2 -3  1  2  1 -1 -1 -1   27   4   9   1   0   2   6   2   2   3   2   6   1   0   5  16   8   1   2   3  0.28 0.18
  363 D   -2 -3  2  5 -5  2  1 -1 -2 -3 -3 -1 -4 -3  0  0 -1 -6 -5 -3    2   0  11  45   0   9   6   4   1   2   2   3   0   1   4   7   2   0   0   2  0.83 0.34
  364 G    0 -1  0  0 -4  0  0  4 -3 -4 -4  0  0 -4  1  1 -1 -5 -4 -2    6   2   3   5   0   4   4  44   0   0   0   5   4   0   7  10   2   0   0   4  0.61 0.25
  365 D   -1 -1  2  4 -4  1  1 -1 -1  0 -2 -1  0 -2 -2 -1 -1 -5 -4  0    3   2  10  36   0   5  10   4   1   8   3   3   2   2   1   2   2   0   0   6  0.48 0.22
  366 K   -2  3 -1 -2 -4  1 -2 -1 -2 -2 -2  4 -3 -3 -1  0  0 -4  1  0    1  22   2   1   0   4   0   5   0   1   4  32   0   0   3   8   5   0   5   7  0.49 0.26
  367 F   -2 -3 -1 -3 -3 -1 -3 -3 -3  3  2 -1 -1  2  0 -1 -1 -3  2  2    0   1   3   1   0   2   1   1   0  20  20   3   0  12   6   5   2   0   8  15  0.31 0.17
  368 N    0  1  4  2 -4  0  0 -1  1 -3 -4  2 -3 -5 -3  0  1 -5 -4 -2    6   8  29  10   0   4   3   3   3   2   0  18   0   0   0   6   7   0   0   2  0.55 0.25
  369 L   -2 -4 -1 -3 -3 -4 -3 -3 -4  3  4 -4  1 -1 -2 -1 -2 -4 -3  1    1   0   3   2   0   0   1   2   0  19  53   0   1   1   2   5   1   0   0   9  0.68 0.28
  370 S    0 -1  2  1 -3  1  0 -1  0 -3 -2  0 -2 -2  0  3  2 -4 -3 -2    8   2  11  10   0   8   3   2   2   0   4   5   0   2   4  24  12   0   0   2  0.31 0.17
  371 A    1 -1  0 -1 -2  1  0  0  1 -1  0  0 -1 -1  2  1  1 -3 -2  0   16   2   6   1   0   6   3   8   4   4   8   6   0   2   9   9   8   0   0   5  0.13 0.07
  372 A    1 -1 -1  1 -3  2  1  0 -2 -2 -2  1 -2 -3  1  1  2 -4 -3 -1   15   1   0   8   0  11   8   7   0   1   2  10   0   0   6  14  13   0   0   3  0.28 0.14
  373 D   -1  0  2  4 -4  0  1 -1  0 -3 -2  1 -1 -4 -1  0  1 -5 -3 -3    3   5  10  31   0   4   9   3   2   1   3   7   2   0   2   8   9   0   0   0  0.46 0.18
  374 A    1  0 -1 -1 -3  1  0  0 -2  0 -1  0 -2 -3  2  1  1 -4 -1  0   17   4   2   3   0   6   5   8   0   5   5   5   0   0  11  11  11   0   2   5  0.18 0.09
  375 T   -1 -2  0 -1 -3  0  2  1  1 -2 -2  0 -2 -2  1  2  2 -4 -3  0    2   0   3   2   0   4  15  10   3   0   3   3   0   1   6  19  19   0   0   9  0.29 0.17
  376 G    0 -2  1 -1 -4  0  0  4 -3 -3 -4  1 -2 -4  0  0  1  0 -4 -3    9   0   6   2   0   4   5  39   0   2   0  10   1   0   5   5  10   2   0   1  0.50 0.20
  377 S    2  0  0 -2  0  1  1  0  0 -3 -3 -1 -1 -1  1  2  1 -4 -3 -2   22   4   4   1   2   8   8   5   2   0   1   0   2   4   6  22  10   0   0   1  0.31 0.17
  378 D   -2  0  2  3  0  1  3 -2  0 -4 -3  1 -3 -4 -1  1  1 -5 -3 -3    0   3  13  17   2   7  20   2   2   0   1   7   0   0   2  13  10   0   0   1  0.46 0.18
  379 A    1  0  0 -1 -1  1  0  0 -2 -2 -3  2 -2 -3  1  2  1  0 -3 -2   17   3   5   3   2   7   5   5   0   2   0  16   0   0   7  17   7   2   0   2  0.27 0.12
  380 K    0  2  0 -2 -1  1  1 -1 -1 -4 -3  5 -1 -4 -3  1 -1 -5 -4 -4    6  13   5   0   2   6   7   3   1   0   2  44   2   0   0   9   2   0   0   0  0.66 0.25
  381 N    0  0  4  0 -4  1  0 -1 -2 -4 -3  2 -3 -4 -2  3  0 -5 -4 -3    5   2  23   4   0   6   4   3   0   0   2  18   0   0   1  28   4   0   0   0  0.56 0.23
  382 K   -1  1  0 -2  3  2 -1  1  1 -4 -4  4 -3 -4 -3  2 -1 -4 -1 -3    2   5   4   0   7  12   2  11   3   0   0  34   0   0   0  15   1   0   2   0  0.52 0.22
  383 C   -1 -2 -3 -6 10 -5 -6 -3 -6 -4 -5 -4 -4 -5 -6 -1 -1 -6 -6 -4    3   2   1   0  82   0   0   1   0   0   0   1   0   0   0   5   4   0   0   0  2.64 0.59
  384 S    2 -2  1 -2  2  1 -2  0  1 -4 -4  0 -3 -4 -3  4  0 -4 -1 -3   17   0   6   0   7   6   0   7   4   0   0   4   0   0   0  42   4   0   2   0  0.53 0.21
  385 C   -3 -6 -6 -7 10 -6 -7 -6 -6 -4 -4 -6 -4 -5 -6 -4 -4 -6 -6 -4    0   0   0   0 100   0   0   0   0   0   0   0   0   0   0   0   0   0   0   0  3.40 0.57

                      K         Lambda
Standard Ungapped    0.1729     0.3383
Standard Gapped      0.1100     0.3190
PSI Ungapped         0.1729     0.3383
PSI Gapped           0.1100     0.3190
