
Last position-specific scoring matrix computed, weighted observed percentages rounded down, information per position, and relative weight of gapless real matches to pseudocounts
           A  R  N  D  C  Q  E  G  H  I  L  K  M  F  P  S  T  W  Y  V   A   R   N   D   C   Q   E   G   H   I   L   K   M   F   P   S   T   W   Y   V
    1 M   -3 -4 -5 -6 -4 -2 -4 -5 -4  0  1 -4  9 -2 -5 -4 -3 -3 -3 -1    0   0   0   0   0   0   0   0   0   0   6   0  94   0   0   0   0   0   0   0  2.05 0.41
    2 S    2 -2  0 -2 -3  0 -2 -2 -2 -3 -3 -2  0 -4  1  4  3 -5 -3 -2   16   0   4   0   0   2   0   0   0   0   0   0   2   0   6  51  18   0   0   0  0.73 0.22
    3 K    1  1 -2  0 -4  2  0 -1 -2 -4 -4  5  0 -4  1 -1  0 -5 -4 -3   11   4   0   4   0  12   2   4   0   0   0  47   3   0   7   2   4   0   0   0  0.64 0.22
    4 P    0 -1 -2 -2 -1  0  0 -2 -3 -4 -2  2 -3 -4  6 -1 -1 -5 -4 -3    7   2   0   2   2   4   5   2   0   0   4  14   0   0  50   4   3   0   0   0  1.12 0.25
    5 I   -3 -5 -5 -6 -4 -4 -5 -6 -5  4  4 -5  3  0 -4 -4 -1 -4 -3  2    1   0   0   0   0   0   0   0   0  25  46   0   9   3   1   0   4   0   0  13  0.96 0.35
    6 R   -3  1  0  0 -5  1  3 -4 -2  0 -1  4 -3 -4 -3 -2  1 -5 -4 -2    0   4   3   5   0   5  18   0   1   7   5  39   0   0   0   1  10   0   0   1  0.61 0.29
    7 F   -4 -5 -6 -7 -4 -5 -6 -6 -5  2  5 -5  0  3 -6 -5 -2 -4  2  1    0   0   0   0   0   0   0   0   0   8  60   0   1  13   0   0   2   0   6  10  1.09 0.41
    8 Y   -6 -6 -6 -7 -7 -6 -7 -8  1 -2 -3 -4 -5  2 -7 -5 -6  1  9 -5    0   0   0   0   0   0   0   0   2   2   1   1   0   7   0   0   0   1  85   0  2.83 0.82
    9 Y    1 -3 -1 -4 -2 -2 -4  0  2 -1  1 -2  0  2 -4 -2 -1  1  5  0   11   1   2   0   1   1   0   9   6   1  15   1   2   9   0   2   2   2  27   7  0.44 0.25
   10 D   -2 -4  2  6 -6 -1 -1 -2  3 -3 -4 -3  0 -1 -4 -1 -2 -6 -2 -3    2   0   7  58   0   2   1   2   8   2   1   0   3   3   1   4   2   0   1   2  1.18 0.46
   11 L   -2  0 -3 -3 -1 -3 -2 -4 -1  0  3 -3  2  2  4 -2 -2  3  1 -2    2   5   1   1   1   0   2   1   2   3  33   1   5   8  20   3   2   4   5   1  0.49 0.24
   12 L   -1 -1 -3 -3 -1 -2 -3  0 -3  1  3 -3  5  0 -2 -1 -1  0 -2  0    5   4   1   1   1   1   1   7   0   9  31   0  19   3   1   5   2   1   0   5  0.36 0.21
   13 S   -1 -4 -1 -4 -5 -4 -4 -3 -4 -6 -6 -4 -5 -6 -5  7  0 -7 -5 -5    2   0   2   0   0   0   0   1   0   0   0   0   0   0   0  90   4   0   0   0  1.99 0.74
   14 P    0 -1 -4 -3 -6  6  0 -4 -3 -5 -4 -2 -4 -3  5 -2 -1 -6 -5 -4    6   3   0   1   0  48   4   1   0   0   1   0   0   1  28   1   3   0   0   1  1.41 0.55
   15 I   -2 -3 -2 -5  2 -3 -3 -6 -5 -4 -5 -4 -5 -4  8 -2 -3 -7 -3 -3    2   1   2   0   4   1   1   0   0   1   1   0   0   1  79   3   1   0   1   1  2.40 0.71
   16 A    1 -5 -4 -5  8 -2 -4 -4 -5 -4 -5 -4 -3 -2 -5  4 -1 -6 -5 -2   12   0   0   0  37   1   0   0   0   0   0   0   1   2   0  40   3   0   0   3  1.50 0.55
   17 R   -5  8 -3 -6 -7 -3 -4 -6  0 -6 -2 -1 -5 -7 -6 -4 -5 -7 -6 -6    0  92   1   0   0   0   0   0   2   0   4   1   0   0   0   0   0   0   0   0  2.56 0.80
   18 G    5 -1 -3 -4  1 -3 -3 -2 -4 -3 -4 -2  0 -3 -1  2  0 -6 -5 -3   61   3   0   0   3   0   0   2   0   1   0   1   2   1   2  17   4   0   0   1  1.00 0.46
   19 L   -1 -3 -6 -6  1 -5 -5 -6 -6  2  2 -5 -1 -3 -3 -3 -3 -5 -4  5    5   1   0   0   3   0   0   0   0   7  22   0   0   0   1   1   0   0   0  59  1.09 0.44
   20 W   -1  0 -4 -4 -1  0 -2 -5  1  1  1 -2  2  1 -5 -2 -2  6  4  1    4   4   0   1   1   4   2   0   3   6  16   1   6   5   0   3   1  13  21   9  0.56 0.26
   21 I   -2 -5 -4 -6 -2 -3 -5 -6 -5  5  3 -5  5  0 -5 -3 -2  4 -2  0    4   0   1   0   1   1   0   0   0  36  23   0  19   3   0   1   2   6   1   3  0.93 0.38
   22 G    1 -4 -4 -5  0 -4 -4 -3 -4 -1  1 -4 -2  6 -4 -2  1 -3  0  2   14   0   0   0   2   0   0   2   0   1  14   0   0  38   0   1  11   0   2  13  0.74 0.34
   23 L    2 -4 -5 -5  5 -4 -3 -4 -5  0  4 -3  1 -2 -4 -2 -2 -5 -4  0   22   0   0   0  14   0   1   1   0   3  49   1   2   1   0   1   2   0   0   4  0.82 0.37
   24 K   -1  3  0 -1 -6 -1  2 -2  1 -3 -3  5 -2 -5 -4 -2 -1 -6 -4 -4    3  15   4   3   0   1  17   2   3   1   2  44   1   0   0   2   4   0   0   0  0.85 0.38
   25 F    2 -2 -2 -3  0 -1  0 -3  1  1  1  1  1  0 -3 -1 -1  0  0  1   19   0   1   0   2   1   8   0   4   8  16  11   4   5   0   2   2   1   3  14  0.16 0.14
   26 S    0 -2  4 -2  0 -2 -2 -1 -1  0  2  0 -1 -2 -4  0  0 -5 -2 -2    9   1  30   0   2   0   1   5   2   6  20   7   1   1   0   8   5   0   1   2  0.38 0.25
   27 N   -2  1  4  1 -6  0 -1  3 -3 -4 -4  3 -4 -6 -4 -2 -3 -6 -5 -4    2   8  27   9   0   4   2  27   0   1   1  18   0   0   0   1   0   0   0   1  0.79 0.35
   28 S   -2 -5 -2 -4 -3 -2 -5 -6 -3  5  2 -3  0 -2 -5 -3  0 -5 -2  2    3   0   2   1   0   1   0   0   1  51  19   2   1   1   0   0   6   0   1  10  0.90 0.37
   29 P   -3 -2 -2  2 -6  0  2 -4 -2 -6 -5 -2 -5 -6  7 -2 -4 -7 -6 -4    1   2   1  12   0   3  12   1   1   0   1   2   0   0  60   2   0   0   0   1  1.72 0.57
   30 V   -3 -5 -3 -6 -1 -4 -5 -6  4  0  1 -5  0  6 -6 -4 -1 -2  4  1    1   0   1   0   1   0   0   0  12   4  11   0   2  35   0   1   5   0  18  10  1.01 0.40
   31 E   -3  0  2  2 -6  1  5 -4 -2 -4 -4  0 -2 -6 -4 -2  0 -6 -5 -1    1   4   8  10   0   6  49   1   0   0   1   4   1   0   0   1   6   0   0   6  0.92 0.41
   32 Y   -1 -2 -3 -1 -1 -1  0 -3  1  0  2 -1  1  3  0 -1  0  0  2  0    6   2   0   4   1   2   8   1   3   4  20   2   3  13   4   3   7   1  10   6  0.16 0.12
   33 C   -2  1  0 -3  3  2  0 -4  3  2 -2  4 -2 -2 -3 -2 -3 -5 -3  1    1   5   6   0   7  10   4   0   7  14   2  27   1   1   1   2   0   0   0  12  0.45 0.27
   34 P   -1 -1  0  0 -4  0  1 -3  1 -1  0  0 -2 -1  4 -1  0 -4  1 -1    5   3   3   5   0   4   8   0   4   2   9   7   1   2  27   3   6   0   6   6  0.43 0.20
   35 I   -3 -5 -5 -6  2 -5 -5 -5 -6  4  1 -4 -1 -2 -4 -3  0 -5 -4  5    1   0   0   0   5   0   0   0   0  27   9   1   0   1   1   1   7   0   0  48  1.04 0.41
   36 A    2  0  3  4 -4 -2  0 -2 -3 -3 -3  0 -2 -5 -2  1 -2  0 -3 -3   17   5  17  27   0   1   6   1   0   1   2   5   1   0   1  11   0   2   1   1  0.54 0.27
   37 L   -1 -5 -5 -3 -4 -3 -5 -6 -5  3  5 -5  1  0 -1 -4 -2 -4 -1  0    5   0   0   1   0   1   0   0   0  18  59   0   2   3   3   1   2   0   2   4  0.90 0.36
   38 R    0  2 -3 -2 -4 -1  0  1 -1 -1  1 -1  3  2 -2  0  0 -3 -2 -1    9  15   0   1   0   2   5  12   1   2  16   1   9  11   1   6   5   0   1   2  0.18 0.16
   39 K    0  0  1 -1 -3  0  1 -2 -1 -5 -3  5 -2 -5 -4  0  0 -6 -2 -4    9   4   7   3   1   2   7   2   1   0   2  49   1   0   0   5   7   0   1   0  0.76 0.36
   40 F   -1  0 -1 -2 -5 -2 -2  5 -4 -5 -1  1 -1 -2 -5 -1 -4 -6 -4 -5    5   5   3   2   0   1   3  60   0   0   6   8   2   2   0   3   0   0   0   0  1.01 0.38
   41 E   -2 -3 -3  1 -6  3  6 -3  0 -5 -4 -2 -4 -3 -4 -2  0  0 -3 -4    3   0   0   8   0  12  60   1   2   0   2   1   0   1   0   1   5   1   1   1  1.24 0.49
   42 Q   -4 -3  1 -3 -7  5 -3 -5  8 -2 -5 -2 -4 -2  0 -3 -2 -6 -2 -4    1   0   7   1   0  26   0   0  51   2   0   1   0   2   5   1   3   0   0   1  1.75 0.62
   43 L   -3  2 -1 -4 -2  1 -2 -4  1 -2  2  2  1  1 -4 -3  0 -3  1 -2    0  12   3   0   1   5   1   1   4   0  30  18   4   6   0   0   7   0   6   2  0.37 0.23
   44 T   -1 -1  0 -2 -4  0 -2 -1 -2 -3 -4  2 -3 -5 -2  3  5 -6 -4 -3    3   3   4   1   0   4   1   5   1   1   1  12   0   0   1  27  38   0   0   0  0.76 0.37
   45 D   -1 -3 -3  3 -6  0  3 -2 -4 -6 -6  0 -5 -6  6 -1 -3 -6 -3 -4    4   0   0  15   0   3  25   2   0   0   0   6   0   0  39   4   0   0   1   1  1.22 0.43
   46 E    0 -3 -2  2 -6  0  6 -4 -1 -5 -6 -1 -5 -6 -2  0 -2  1 -3 -5    6   1   0   8   0   1  64   1   1   0   0   3   0   0   1   7   2   2   1   0  1.29 0.49
   47 Y   -5 -6 -6 -7 -6 -6 -6 -7  0 -4 -2 -6 -4  7 -7 -4 -5 -2  6 -1    0   0   0   0   0   0   0   0   2   0   2   0   0  57   0   1   0   0  33   5  2.15 0.63
   48 K    0  1 -2 -3 -4  2 -1 -1 -3 -1  2  3  1 -2 -2 -1  0 -4 -3 -1   10   9   0   1   0   9   2   4   0   2  26  21   2   0   1   2   7   0   0   3  0.29 0.20
   49 K    1  0  0 -1 -5  3  1 -4 -3 -5 -4  5 -4 -6 -4 -1 -2 -6 -5 -4   14   3   5   3   0  11   6   0   0   0   1  51   0   0   0   3   2   0   0   1  1.00 0.42
   50 I   -4 -5 -6 -6 -2 -5 -5 -7 -6  6  2 -2  2 -2 -6 -5 -2  0 -4  3    0   0   0   0   1   0   0   0   0  50  20   3   6   1   0   0   1   1   0  17  1.13 0.41
   51 N   -5 -4  8 -2 -6 -4 -4 -4  1  0 -6 -4 -5 -3 -6  1 -1 -7 -5 -6    0   0  80   0   0   0   0   0   3   5   0   0   0   1   0   8   3   0   0   0  2.17 0.71
   52 R   -3  1 -4 -5 -7 -2 -4 -6 -3 -3 -4 -3 -3 -7  7  0 -4 -8 -6 -3    1   9   0   0   0   2   0   0   1   1   1   1   0   0  74   7   0   0   0   2  2.22 0.66
   53 F   -2 -1  2 -2 -2  1 -3 -4 -1 -1  2 -2  3  5 -5 -2 -1 -3  0 -1    3   3  12   1   1   9   0   0   2   2  18   1  10  29   0   1   3   0   1   4  0.50 0.27
   54 Q    0  1 -1 -4  1  4 -2  2  5 -5 -5  2  0 -5 -4 -2 -3 -5 -3 -5    9   9   1   0   4  22   1  19  17   0   0  13   3   0   0   1   0   0   1   0  0.76 0.36
   55 K   -3  0 -2 -4  2  2 -1 -5 -2 -4  0  5 -1 -5 -4 -2  3 -6 -5 -3    1   3   1   0   5   9   3   0   1   0   8  45   1   0   0   0  23   0   0   0  0.95 0.44
   56 V   -3 -6 -6 -7 -4 -5 -6 -7 -6  3  1 -6 -2 -3  0 -5 -3 -6 -5  6    1   0   0   0   0   0   0   0   0  17  11   0   0   1   5   0   0   0   0  65  1.45 0.52
   57 P   -5  0 -6 -6 -8 -1 -5 -7 -6 -7 -7 -5 -7 -8  8 -3 -4 -9 -8 -7    0   5   0   0   0   3   0   0   0   0   0   0   0   0  90   1   1   0   0   0  3.09 0.86
   58 A    4 -4 -4 -3  1 -4 -4 -3 -5 -1 -2 -4 -2  0 -4 -1  2 -5 -4  3   41   0   0   1   3   0   0   1   0   1   2   0   1   5   0   2  15   0   0  28  0.79 0.39
   59 I   -3 -5 -6 -7 -4 -5 -6 -7 -6  5  4 -5  3 -1 -6 -5  0 -5 -4  0    2   0   0   0   0   0   0   0   0  39  41   0   8   2   0   0   5   0   0   4  1.16 0.42
   60 V   -2  1  0  2 -4  2  1 -4 -1  0 -2  2 -2 -4 -4 -1  1 -5 -3  2    2   6   4  11   0  12   6   0   1   6   1  17   0   0   0   2   9   0   0  22  0.36 0.23
   61 G   -1 -5 -1  7 -7 -4  0 -2  3 -2 -6 -4 -6 -6 -5 -3 -2 -8 -6 -3    5   0   1  71   0   0   4   2   8   3   0   0   0   0   0   1   2   0   0   3  1.75 0.59
   62 G   -2 -3  1  3 -6 -4 -1  6 -1 -7 -7  0 -6 -6 -2 -2 -3 -7 -6 -6    2   1   8  15   0   0   3  61   1   0   0   6   0   0   2   1   1   0   0   0  1.30 0.45
   63 D   -3 -1  1  6 -6 -3  1  3 -4 -7 -7 -1 -6 -3 -5 -1 -2 -7 -3 -6    2   3   7  46   0   0  10  23   0   0   0   4   0   1   0   3   2   0   1   0  1.12 0.44
   64 F   -2 -6 -6 -7 -6 -2 -6 -4 -1 -1  0 -4 -3  8 -7 -5 -2 -1  0 -1    4   0   0   0   0   2   0   2   1   3   8   1   0  70   0   0   3   0   2   3  1.84 0.64
   65 H   -1 -1 -1 -4  1 -1 -2 -3  2  1 -1  1 -1 -2 -4  1  2 -4  1  2    3   2   2   0   4   2   0   2   7  10   5  10   1   1   0  12  14   0   6  18  0.24 0.20
   66 L   -4 -5 -6 -7 -5 -5 -6 -7 -6  2  5 -5  1 -2 -6 -5 -4 -5 -4  1    0   0   0   0   0   0   0   0   0   9  75   0   3   1   0   0   0   0   0  11  1.51 0.53
   67 S    2 -3 -3 -4  0 -3 -3 -1 -1 -2 -2 -3 -2  2 -2  2  2  5  2 -2   16   1   0   0   3   0   0   5   1   2   2   1   1  11   2  17  18  10   9   3  0.51 0.29
   68 E   -5 -2 -4  0 -8 -2  7 -3 -4 -7 -7 -3 -6 -7 -5 -4 -5 -7 -7 -6    0   2   0   5   0   0  90   2   0   0   0   0   0   0   0   0   0   0   0   0  2.43 0.85
   69 T   -1 -1 -2 -4 -2 -4 -4  0 -5 -6 -6 -4 -2  0 -5  6 -1 -7 -5 -5    3   3   1   0   1   0   0   6   0   0   0   0   1   5   0  79   2   0   0   0  1.66 0.72
   70 I   -2  1  1 -2  0 -1 -3 -3  5  2 -1 -3  0 -2 -2 -1  1 -5 -2  2    1  10   8   2   3   2   0   2  20  17   4   0   2   2   1   3   7   0   0  15  0.44 0.28
   71 A    6 -5 -2 -5 -4 -4 -4 -2 -5 -5 -5 -4 -5 -6 -2  0  0 -6 -5 -4   84   0   2   0   0   0   0   1   0   0   0   0   0   0   2   4   6   0   0   0  1.77 0.70
   72 I   -1 -6 -6 -7 -5 -2 -6 -7 -6  7 -2 -6  0 -4 -6 -5 -4 -6 -5 -1    6   0   0   0   0   2   0   0   0  87   0   0   2   0   0   0   0   0   0   1  2.18 0.75
   73 I    0 -4 -2 -5  3 -2 -1 -4 -4  2  4 -4  4  0 -4 -2 -2 -4 -2  0    8   0   2   0   6   1   5   1   0  11  39   0  13   3   0   2   2   0   1   6  0.59 0.30
   74 R   -1  5  0 -4 -1  2 -1 -5  1 -1  0  2  1 -3 -4 -2 -2 -5  0 -2    6  38   5   0   1   8   2   0   3   3   8  13   4   1   0   1   1   0   3   2  0.65 0.34
   75 Y   -6 -6 -4 -8 -7 -6 -7 -8  1 -5 -3 -7 -5  0 -8 -6 -6 -2  9 -1    0   0   1   0   0   0   0   0   3   0   2   0   0   2   0   0   0   0  87   5  3.05 0.96
   76 L   -5 -6 -6 -7 -5  0 -6 -7 -6  2  6 -5  1 -2 -6 -3 -4 -5 -5  0    0   0   0   0   0   5   0   0   0   9  76   0   3   1   0   2   0   0   0   4  1.49 0.57
   77 A    4 -3 -2 -4  5 -3 -3 -3 -2  0 -1 -3 -3 -4  0  0  0 -5 -4  2   42   1   2   0  13   1   1   1   1   4   4   1   0   0   5   6   4   0   0  14  0.65 0.35
   78 D   -2  3  3  3 -1  1  2 -2  1 -4 -4  0 -4 -3 -4  1  0 -5 -4 -2    2  17  15  18   2   5  14   2   3   0   1   4   0   1   0  10   4   0   0   3  0.51 0.26
   79 K   -1  2 -3 -2 -1  2  1 -4 -2 -3 -2  5 -1 -4 -3 -1  0 -1 -2 -3    4   9   0   1   2   7   7   0   1   1   3  48   2   1   1   4   6   1   1   1  0.79 0.39
   80 G   -1  0  0 -3 -1 -3 -3  2  3 -1 -3  1 -2  2 -2 -2 -2 -2  6 -4    5   5   5   1   2   0   1  15   7   3   1   8   1   8   2   3   2   0  31   0  0.59 0.31
   81 Q    0  0  1  1 -4  1 -1  2  2 -2 -2  2 -2 -4  2  0 -1 -4 -2 -2    8   3   7   8   0   5   2  17   5   2   5  14   1   0   9   7   2   0   1   2  0.24 0.15
   82 F    0 -1 -2 -1  0 -1 -1 -1 -2  1  0  0 -1  1  1  0  1  2 -1  1    7   3   1   3   2   3   2   4   1   9  10   6   0   6   8   4   9   4   1  16  0.08 0.08
   83 D    1 -2  1  3 -2  0  0  0 -1 -4 -3 -1 -4 -5  4  1 -1 -5 -4 -3   13   1   5  18   1   4   3   8   1   0   2   4   0   0  22  13   3   0   0   1  0.55 0.26
   84 E   -1 -3  1  4 -1  1  3 -2  1 -5 -3 -2 -4 -2 -1  1  0 -5 -2 -3    3   0   6  31   1   6  19   2   4   0   2   1   0   2   2  13   5   0   1   2  0.62 0.31
   85 K    0 -1  1  0 -5  2 -1 -2  7 -4 -3  0 -3 -1  1  0  0 -4 -1 -2    7   2   6   5   0  10   2   3  30   0   2   7   0   2   6   8   4   0   2   2  0.62 0.32
   86 L   -3 -7 -7 -8 -6 -6 -7 -4 -6 -1  4 -7 -2 -1 -7 -6 -6  9  0 -3    2   0   0   0   0   0   0   2   0   2  51   0   0   2   0   0   0  38   3   1  2.14 0.72
   87 Y   -4 -4 -5 -6  1 -4 -5 -6  2 -1 -1 -5  1  3 -6 -4 -1  4  7 -1    0   0   0   0   3   0   0   0   5   3   5   0   5  11   0   0   3   6  55   4  1.39 0.41
   88 P   -2 -3 -3 -3 -4 -3 -3  2 -3 -4 -4 -3 -4 -4  7  1 -3 -5 -4 -4    1   1   0   1   0   0   1  17   0   1   1   1   0   0  62  13   1   0   0   1  1.71 0.40
   89 K    0  2  1  0 -3  2  0 -1 -1 -2 -2  2 -2 -1  0  1  0  1 -2 -1    7  10   9   4   0  11   3   4   0   3   3  15   0   2   3  14   6   2   0   3  0.21 0.10
   90 T   -2  0  2  6  1 -1  1 -3  0 -4 -4 -2 -4 -4 -4  0  1 -5 -1 -4    2   4   8  46   4   2   8   2   2   0   2   1   0   0   0   8   7   0   2   1  0.88 0.36
   91 L    0 -2 -2 -2 -2 -2 -3 -3 -1  1  3 -2  0  0  4 -1 -2 -4 -2  0    6   1   2   2   1   1   1   1   1   9  35   3   1   4  19   4   1   0   1   6  0.43 0.22
   92 E   -2  2 -1 -2 -2  4  2 -4  2 -1 -2  3  0 -1 -1 -2 -1 -4 -1 -1    2  10   1   1   1  20  12   1   6   4   3  19   3   2   2   2   3   0   3   5  0.40 0.23
   93 N    1  1 -1  1 -3  2  2 -1 -1 -1 -1  2 -1 -3 -2 -1  1 -4 -3 -2   12   7   1   9   0  10  14   5   1   4   8  14   1   0   0   3   8   0   0   2  0.23 0.15
   94 R   -3  6 -3 -4 -5  3  0 -2  0 -5 -4  1 -4 -5 -4 -2 -3 -5 -4 -2    1  59   0   0   0  14   5   4   2   0   1   6   0   0   0   2   0   0   0   3  1.38 0.51
   95 A    6 -4 -4 -4  2 -3 -3 -1 -4 -4 -3 -3 -3 -4 -3  1 -1 -5 -1 -2   69   0   0   0   5   0   1   3   0   0   2   0   0   0   0  10   3   0   2   2  1.18 0.49
   96 R   -2  5 -1 -2 -5  0 -1 -4  1 -1 -1  4 -2 -4 -3 -2 -2 -4 -3 -1    2  39   2   2   0   3   4   1   4   3   6  25   1   0   0   2   2   0   0   5  0.79 0.34
   97 V   -2 -4 -4 -5  1 -4 -2 -5 -5  4 -1 -4  2 -2 -4 -4 -2 -4 -4  5    2   0   0   0   3   0   3   1   0  25   2   0   6   1   0   1   2   0   0  51  1.04 0.41
   98 D   -4 -3  4  6 -5  0  1 -4  0 -4 -3 -3 -1 -5 -4 -2 -2  0 -4 -5    0   0  18  55   0   3   6   0   3   1   4   0   2   0   0   1   2   2   0   0  1.29 0.48
   99 E   -2  0  0 -2 -5  5  4 -3  0 -5 -5  1 -1 -4 -4  1 -1 -2 -4 -4    2   4   3   0   0  27  37   1   2   0   0   8   2   1   0  10   2   1   0   0  0.94 0.44
  100 F   -2  1 -5 -6 -1 -3 -5 -4 -3 -2 -2 -3 -1  4 -6 -4 -4  7  6  0    3   8   0   0   1   1   0   1   0   2   3   1   1  18   0   0   0  20  32   8  1.32 0.49
  101 L   -2 -4 -5 -5 -4 -2 -5 -5 -5  1  5 -4  4 -1 -5 -2 -1 -4 -3  1    3   0   0   0   0   2   0   0   0   6  59   0  12   1   0   3   4   0   0   9  0.94 0.39
  102 E    1 -2  2  3 -2  0  2 -2  1 -3 -1 -2 -2  1 -3  1 -1 -4  0 -3   11   0   9  22   1   2  17   1   4   0   7   0   1   7   0  12   1   0   3   0  0.38 0.22
  103 W   -5 -2 -6 -6 -6 -2 -6 -4 -5 -5 -3 -5 -4  3 -6 -4 -3 11  2 -2    0   3   0   0   0   2   0   1   0   0   2   0   0  15   0   1   2  65   5   3  2.85 0.78
  104 Q    1 -2 -1  1  0  4  0 -2  6 -2 -4 -2 -1 -1 -3  0 -1 -4  0 -2   11   0   2   9   2  25   5   2  24   2   0   0   1   2   0   5   3   0   3   2  0.67 0.34
  105 H    0 -2 -1 -1 -2  0 -1 -2  7 -1 -2 -3  0 -1 -2  0  1 -4 -1  0    6   1   2   4   1   4   2   2  42   3   4   0   3   2   1   5   8   0   1   7  0.83 0.39
  106 L    0 -1  0 -3  0  0 -2  0  0  0  2 -2  1  0 -3  2  2 -4 -2 -1    5   2   4   0   2   4   1   6   3   5  20   1   4   4   0  18  18   0   1   1  0.22 0.19
  107 N   -1 -3  5  0 -5 -2  1  0  1 -4 -4 -2 -1 -1 -4  1  1 -5 -1 -3    5   0  36   3   0   1  10   8   4   0   1   1   2   3   0  11  10   0   3   2  0.63 0.35
  108 I   -1 -3 -2 -4 -3 -2 -2 -4 -2  2  3 -2  1  1 -2 -2  2  2 -1  2    4   1   1   0   0   1   3   0   1  15  31   1   2   6   1   1  13   3   2  13  0.36 0.22
  109 R   -1  6 -1 -1 -1  1 -1 -2  0 -4 -2 -1 -3  0 -4 -1 -1  1  1 -4    5  49   3   4   2   5   3   3   2   1   4   0   0   4   0   4   3   2   5   0  0.78 0.40
  110 L   -1  1 -2 -2 -2 -1 -2 -2 -1  0  2  0  2  1  3 -1 -1 -2 -1 -1    5   9   1   1   1   2   1   3   2   4  22   5   6   7  17   4   3   0   2   4  0.24 0.16
  111 A    2 -1  0 -1  1 -1 -2  1  2 -3 -2  0 -2  0  2  1  0 -3 -1 -2   21   2   5   4   4   3   1  11   8   0   3   5   1   5   8   9   5   0   2   2  0.20 0.15
  112 C    2 -2 -3 -4  5 -2 -3  0 -1  0  0 -2  0  2 -1  0 -1  0  0  0   19   2   0   0  18   1   1   6   1   5   8   1   3   9   2   6   4   1   4   8  0.32 0.20
  113 S    2 -1  0 -2 -1 -2 -1  1 -1 -1 -1 -1  0 -1 -1  2  0 -4  0  0   15   3   5   1   2   0   3  12   1   2   5   3   3   3   2  23   5   0   3   9  0.19 0.16
  114 M    0  1  0  0 -3  0  0 -1  1  0  0  1  2 -2  0  0  0 -3  0 -1    6   8   4   7   0   4   4   6   3   7  11  10   8   0   3   4   6   0   5   4  0.06 0.08
  115 Y    0 -3 -3 -4 -4  0 -3  0  2  1  0 -3  1  2 -4 -1  0  3  4  1    7   0   0   0   0   4   0   6   4   9   9   0   4   9   0   4   5   4  21  10  0.39 0.26
  116 F   -1 -4 -1 -4  0 -1 -4 -4  0  0  1 -3  1  5 -1  0 -1  2  3  1    3   0   3   0   2   3   0   0   3   4  12   0   4  29   3   7   3   2  11   9  0.45 0.29
  117 R   -2  2 -1 -2 -4  0 -2 -3  0  1  0  1  1  2 -2 -1 -2  6  2 -1    3  14   3   2   0   4   2   2   2   9  10   7   3   8   2   4   2  14   6   4  0.36 0.24
  118 D   -1  1  2  0 -1  1  1 -2  3 -1 -1  0 -1  0  2  0  0  0  1 -1    3   6   9   6   1   7   9   2   7   5   4   4   2   3   9   6   7   1   4   3  0.15 0.13
  119 A    2  1  0 -3 -1 -1  0 -2 -1 -2 -1  2  0 -2  1  0  0 -4 -1  0   17   9   4   0   2   2   7   3   1   2   5  15   2   2   8   5   5   0   2   9  0.20 0.19
  120 W   -1 -1 -2 -5 -2 -1 -3 -3 -1  0  1 -3  2  3 -5 -2 -2  5  3  3    5   3   2   0   1   3   2   2   2   5  11   2   6  11   0   3   2   9  12  19  0.48 0.30
  121 L   -1  0 -5 -5  0 -1 -3 -5 -4  2  3 -3  3  1 -1 -3 -2 -4  0  1    5   5   0   0   2   2   2   1   0  14  35   2   9   6   3   2   2   0   4   8  0.53 0.32
  122 F    1 -1 -2 -2 -2 -1  0 -3  0  1  0  1 -1  4  0 -1 -1 -1  2 -1   11   2   1   2   1   2   6   2   2  11   8   9   2  18   4   4   2   1   8   4  0.22 0.19
  123 P   -1 -2 -2 -2 -5 -4 -2 -1 -5 -2 -2 -1 -5 -2  7 -1 -1 -6 -5 -2    6   2   2   3   0   0   3   5   0   2   5   4   0   2  55   4   4   0   0   3  1.33 0.66
  124 M   -1  0 -1 -1 -3  0 -1 -3  0  1  1 -1  3  1 -2 -1 -1  0  0  2    3   5   2   3   0   5   3   2   2   7  17   4  10   7   2   5   3   1   3  14  0.15 0.15
  125 N   -1  1  1 -1 -3  0  0 -1  1  0  1  0  2  1 -1 -1 -1 -3  0 -1    4   8   9   3   0   3   7   4   3   5  14   7   7   8   2   4   3   0   3   4  0.07 0.10
  126 G    0 -1 -1 -2 -4 -1 -2  4 -1 -2  0  0  0  1 -3 -1  1  0 -1 -2    7   3   2   2   0   2   3  31   1   2   8   7   3   6   1   4  10   1   2   2  0.29 0.22
  127 I    0 -1 -1 -1 -1  0  0  1 -1  1  1  0  0  0 -1 -1  0 -1  0  0    6   3   2   2   2   4   7  15   1  11  13   6   2   4   2   3   6   1   4   4  0.03 0.07
  128 A    1  0  0 -1 -3  1  0  1 -1  0 -1  1 -2 -1  1  0  0 -3 -1 -1   12   4   5   3   0   7   6  13   1   6   4   8   0   3   7   5   6   0   2   5  0.09 0.10
  129 P   -1 -1 -2  0 -4  1  0  0 -1 -1 -2  1  0 -1  5 -1 -1 -5 -4 -2    6   4   2   7   0   6   6   7   1   3   4   8   3   3  30   4   4   0   0   3  0.50 0.34
  130 K    0  1  0  0 -2  1  0 -2  0 -2 -2  3 -2 -1 -1  0  1 -4 -3  0    6   7   4   6   1   7   6   2   2   2   4  24   1   4   2   5   9   0   0   7  0.24 0.23
  131 P    1 -1 -2  0 -1 -1 -1 -1 -4 -1 -2 -2 -4 -2  5  0 -2 -2 -1  0   11   3   2   6   1   3   5   4   0   4   3   2   0   2  35   6   2   1   2   7  0.64 0.42
  132 K    0  1  1  3 -4 -1  1 -2 -1 -1 -2  2 -1 -3 -1  1  0 -4 -2 -1    7   6   6  19   0   2   8   2   1   3   4  13   2   1   3  12   6   0   1   3  0.26 0.22
  133 P    0 -2 -1  1 -4  0  2 -2 -3 -3 -2  0 -1 -2  4  0  0 -2 -1 -2    9   2   2   7   0   3  15   2   0   1   4   5   2   1  24   6   7   1   2   3  0.43 0.31
  134 E    1 -1  0  2 -2  1  5 -2 -4 -4 -3  1 -4 -6 -4 -1 -1 -6 -5 -4   10   2   3  10   1   4  42   3   0   1   3   9   0   0   0   4   4   0   0   1  0.77 0.52
  135 Q    1  1  0  0 -4  2  0 -3 -2 -2 -1  3  1 -3 -1  0  0 -5 -4  0   12   7   5   4   0  11   6   1   1   1   5  20   4   1   3   5   7   0   0   6  0.26 0.26
  136 I   -1 -2 -3 -1 -2 -1  0 -3 -1  2  2 -2  3 -1 -1 -2  0 -2  0  2    4   2   1   3   1   3   6   2   1  15  22   3   8   2   2   2   5   1   3  13  0.24 0.22
  137 Q    1  0  0  1 -5  3  2 -2 -1 -2 -3  3 -1 -5 -2  0 -2 -5 -2 -2   14   5   5   7   0  13  16   2   1   2   2  17   1   0   2   5   2   0   1   2  0.39 0.34
  138 A    3  1 -1  0 -4  0  1  0 -2 -2 -1  2  0 -1 -2  0 -1 -5 -2 -1   24   6   3   6   0   3  10   6   1   2   6  15   2   2   1   6   3   0   1   3  0.24 0.24
  139 L    1 -1 -1 -1 -1  0 -1 -1  0  0  1  0  1  1 -3  0  0  0  0  0   16   3   2   3   1   4   2   4   2   6  17   5   5   7   0   6   4   1   4   6  0.07 0.10
  140 I    0 -1 -2 -2 -1 -1  1 -3 -1  1  2  0  1  0 -3 -1  0 -1  0  1    6   3   1   1   2   2  11   1   1   9  26   7   4   4   0   3   5   1   3   9  0.18 0.17
  141 E    1 -1  0  1 -5  0  4 -4 -2 -3 -3  3 -2 -5  0 -1 -2 -5 -3 -2   10   3   3   9   0   3  32   1   1   2   2  19   1   0   5   4   2   0   1   2  0.61 0.41
  142 G    0  1  1  1 -2  0  1  2 -1 -2 -2  1 -1 -2 -3  0  0 -3 -1 -1    6   8   9   9   1   4   8  16   1   2   5  12   2   1   1   4   6   0   2   4  0.17 0.14
  143 V   -1 -3 -3 -5 -2 -3 -3 -5 -3  2  3 -3  4  2 -3 -3 -2  1 -1  2    4   2   1   0   1   1   1   1   1  10  32   1  12   8   1   1   2   2   2  17  0.62 0.37
  144 E   -1  0  1  2 -5  1  3 -2  2 -2 -2  2 -1 -3 -2 -1  0 -5 -2 -2    6   4   7  12   0   5  23   3   5   2   4  12   1   1   1   4   6   0   1   3  0.36 0.27
  145 N    0  2  2  1 -4  1  1 -2  1 -2 -3  2  0 -2 -3  0  1 -5 -4 -2    9  10   9  10   0   6   8   3   3   2   1  16   2   2   0   7   9   0   0   3  0.31 0.25
  146 N    2 -3  1 -2  2  0 -1 -1  1 -2 -2 -2  0 -1 -2  3  1  0 -2  0   20   0   7   1   4   4   3   3   3   2   3   1   3   3   2  21  10   1   1   7  0.30 0.27
  147 L   -2 -5 -4 -4  1 -3 -5 -6 -2 -1  5 -3  1  2 -5 -5 -4 -1  1 -1    4   0   1   1   3   1   0   0   1   2  63   2   3   9   0   0   0   1   5   4  1.15 0.60
  148 G    0  0  2  3 -5  1  0  2 -1 -5 -5  2 -2 -5 -2  0  0 -5 -2 -3    8   5   9  20   0   7   6  14   1   0   1  12   1   0   1   7   5   0   1   1  0.44 0.31
  149 L   -1 -1 -1 -1 -4  0 -2 -2  1  1  2  0  1  2 -4 -1  0  0  1  1    3   2   3   4   0   5   1   3   4   8  19   8   4   9   0   3   6   1   4  12  0.14 0.15
  150 L   -5 -6 -7 -7 -5 -6 -4 -5 -6  3  5 -6  2  4 -6 -6 -4 -5 -2  0    0   0   0   0   0   0   2   1   0  14  54   0   6  16   0   0   1   0   1   5  1.30 0.66
  151 E   -5 -5  1  3 -8  0  6 -6 -5 -7 -6 -3 -6 -2 -6 -3 -3 -8 -7 -7    0   0   6  15   0   4  67   0   0   0   1   1   0   2   0   2   1   0   0   0  1.87 0.97
  152 R   -1  2  2  1 -5  1  2 -2  0 -3 -3  2 -2 -5 -4  1  2 -6 -4 -2    3  10  12   6   0   5  14   3   2   2   3  13   1   0   0   9  14   0   0   3  0.39 0.30
  153 L   -1 -2 -2 -3 -4 -1 -3 -4  2  2  1  1  2  3 -4 -2 -1 -1  3  1    5   2   2   1   0   2   0   1   5  11  12  11   7  14   0   1   4   1  11   9  0.33 0.24
  154 W   -4 -6 -3 -3 -5 -4 -4 -3 -1  0  3 -6 -3  5 -6 -5 -5  8  1 -2    1   0   1   1   0   1   1   3   1   4  30   0   0  27   0   0   0  21   4   2  1.37 0.63
  155 L    0 -3 -3 -2 -5 -2  1 -1 -5 -1  4 -1 -1 -3 -3  0 -2 -5 -3 -2    7   1   1   2   0   1   9   6   0   2  53   3   0   0   1   8   2   0   1   2  0.65 0.44
  156 E    0  1  1  1 -5  3  2  1  0 -5 -5  3 -4 -5 -4 -1  0 -6 -5 -3    7   9   6   8   0  12  12  12   2   0   0  20   0   0   0   3   6   0   0   2  0.50 0.34
  157 N   -3  1  4  3 -6  1 -2  2  2 -6 -3  1 -5 -4 -3  1  0 -6 -5 -5    1   7  20  16   0   8   1  13   5   0   3   7   0   1   1  11   7   0   0   0  0.58 0.40
  158 D    0  0  2  3 -6  2  0 -2 -2 -6 -3  3 -4 -6  2 -1  0 -6 -5 -5    7   4  10  20   0   8   5   3   1   0   2  21   0   0  10   3   7   0   0   0  0.60 0.40
  159 F   -5 -7 -7 -8 -7 -7 -7 -5 -4 -5 -4 -4 -5  7 -8 -7 -6  5  7 -6    1   0   0   0   0   0   0   1   0   0   1   1   0  51   0   0   0   9  35   0  2.56 1.04
  160 L   -1 -6 -6 -7 -5 -6 -6 -7 -6  4  4 -6  1 -1 -6 -4 -3 -1 -5  3    5   0   0   0   0   0   0   0   0  25  45   0   3   2   0   1   1   1   0  17  1.16 0.57
  161 V    4 -5 -5 -5  5 -4 -4 -2 -2  0  0 -5 -1 -2 -5 -1  1 -6 -2  2   38   0   0   0  13   0   1   3   1   5   7   0   1   1   0   3   9   0   1  16  0.77 0.48
  162 G   -1 -6 -2 -3 -1 -6 -4  6 -1 -7 -6 -4 -7 -7 -6  0 -4 -7 -7 -4    5   0   2   2   1   0   1  78   1   0   1   1   0   0   0   6   1   0   0   1  1.93 0.86
  163 K   -1 -2  3  5 -6 -2  2 -3 -2 -5 -6  0 -6 -6 -1  1  0 -7 -4 -6    4   1  17  37   0   1  11   2   1   1   0   5   0   0   3  10   5   0   1   0  0.96 0.54
  164 N   -1  0  3  2 -4  3  3 -2  4 -6 -6  0 -5 -6 -5  0  1 -6 -4 -5    5   5  14  12   0  12  16   3  12   0   0   6   0   0   0   7   9   0   0   0  0.66 0.44
  165 L   -2 -5 -6 -7 -5 -1 -6 -7 -5  5  3 -3  3  2  1 -5 -4 -5 -1  1    4   0   0   0   0   3   0   0   0  33  25   1   6   9   6   0   0   0   2  10  0.87 0.45
  166 T   -4 -6 -4 -6 -1 -5 -5 -2 -6 -6 -7 -5 -6 -7 -6  5  6 -8 -7 -5    0   0   0   0   2   0   0   3   0   0   0   0   0   0   0  39  56   0   0   0  1.99 0.97
  167 M   -3 -7 -7 -8 -5 -6 -7 -8 -7  5  3 -7  1 -1 -7 -6 -5 -6 -2  3    2   0   0   0   0   0   0   0   0  42  33   0   3   2   0   0   0   0   1  18  1.41 0.62
  168 A    7 -6 -6 -7 -6 -6 -6 -1 -7 -4 -4 -6 -6 -7 -4 -3 -5 -8 -7 -2   89   0   0   0   0   0   0   3   0   1   2   0   0   0   1   1   0   0   0   3  2.19 1.00
  169 D   -7 -7 -4  8-10 -6 -2 -7 -7-10-10 -6 -9 -9 -7 -6 -7-11 -9 -9    0   0   0  98   0   0   2   0   0   0   0   0   0   0   0   0   0   0   0   0  3.36 1.27
  170 I   -5 -7 -7 -8 -2 -6 -7 -8 -6  5  4 -7 -2  2 -7 -6 -3 -1  1  0    0   0   0   0   1   0   0   0   0  33  47   0   0   7   0   0   1   1   5   5  1.35 0.61
  171 L    1 -2 -2 -4  0 -2 -4 -4 -1 -1  2 -3  1  2 -2  3 -1 -2 -1  2   10   2   2   0   2   2   0   1   2   1  19   1   3   8   2  28   2   1   1  14  0.39 0.32
  172 G    4 -5 -3 -5  3 -4 -5  0 -5  1  2 -4  1 -1 -4 -2 -2 -5  0  1   40   0   1   0   6   0   0   6   0   7  19   0   3   3   0   1   2   0   3   9  0.63 0.40
  173 S    3 -5 -5 -5  1 -4 -5 -2 -4  2  1 -4  1  1 -5 -1 -2 -4  2  3   27   0   0   0   3   0   0   2   0  13  11   0   3   5   0   4   1   0   7  23  0.58 0.36
  174 S    2 -5 -1 -5  7 -5 -2 -2 -5 -4 -3 -5 -1 -1  0  2  1 -6 -5  1   15   0   3   0  33   0   3   2   0   0   2   0   1   3   4  16   8   0   0  10  1.00 0.51
  175 E   -1 -4 -2  0 -3 -2  5 -3  0 -4 -3 -3 -5  0 -2  1  2 -2 -5 -2    5   0   1   5   1   0  51   2   2   1   3   0   0   4   1  10  12   1   0   2  0.96 0.55
  176 I   -2 -6 -6 -7 -5 -5 -6 -7 -6  4  3 -6  2  0 -3 -5 -2 -5 -2  3    2   0   0   0   0   0   0   0   0  28  33   0   5   3   2   0   2   0   1  22  1.04 0.48
  177 N   -1 -3  0  0 -2 -2  3 -1 -1 -1 -2 -2  5 -2 -4  2  2 -5 -4 -1    5   1   5   5   1   0  18   5   2   3   2   1  20   2   0  15  13   0   0   3  0.48 0.37
  178 Q   -1 -1 -1 -4  0  6 -1 -2  1 -4  0 -3 -2 -2 -2  0  1  0 -4 -2    5   2   3   0   2  47   3   3   3   0   8   0   1   2   2   7   8   1   0   3  0.89 0.52
  179 L    0 -4 -2 -4 -2 -3 -3 -3 -2  1  3 -3  2  0  3 -2  0 -4 -1  0    9   0   2   0   1   0   1   2   1   6  33   0   5   5  16   2   7   0   2   7  0.47 0.28
  180 R   -1  2  0  0 -1  1  3 -2 -2 -1 -1  1 -1 -2  0  0  0 -1 -3  0    4  11   4   6   1   4  25   2   0   3   5   8   2   2   4   5   5   1   1   9  0.24 0.19
  181 L    1 -3 -3 -3  0 -2 -3  0 -2  2  2 -3  3  0 -1 -1 -2  2 -1  1   14   1   1   1   2   2   1   7   1  11  21   1  11   3   3   3   1   3   2  11  0.23 0.19
  182 C    2 -3 -3 -3  3 -2 -3 -1 -4  2  1 -2  2 -1 -2 -1  0 -4 -1  2   17   0   1   1   8   1   1   5   0  12  13   2   7   2   1   4   5   0   2  16  0.26 0.20
  183 Q   -1 -2  2  1 -5  0  0  4  1 -3 -3  1 -2 -2 -1 -1 -3 -2 -2 -3    5   1   8   9   0   4   6  38   3   2   2   8   1   2   4   4   1   1   1   1  0.53 0.29
  184 Y   -2 -1 -3 -1  1 -3 -1 -1 -1  0  0 -2 -2  4 -1 -2 -1  1  5 -1    3   3   0   4   3   0   5   5   1   6   9   1   1  18   3   2   4   2  23   4  0.44 0.26
  185 R   -1  1  1  3 -3  0  2  0  0 -3 -2  0 -1 -2  2 -1 -1 -3 -1 -2    3   8   7  21   0   4  12   6   3   1   5   5   2   2  10   3   3   0   2   3  0.30 0.17
  186 V   -1 -2 -3  0 -3 -2 -2 -2  0  2  1 -2  2  2  1 -2  0 -1 -1  2    3   1   1   6   0   1   2   3   2  12  13   2   5  11   8   2   5   1   1  20  0.23 0.16
  187 D   -1 -1  0  5 -2 -1  0 -1 -3 -2 -2 -2 -1  2 -1 -1 -1 -2 -2 -2    4   4   4  38   1   2   5   6   0   2   4   2   2  11   3   3   4   1   1   3  0.55 0.33
  188 E   -1  0 -1  0 -4  0  2 -2  0 -1  1  0  0  2 -1 -1 -1 -3  0 -1    5   6   2   6   0   4  17   2   3   1  16   6   3   9   2   3   4   0   3   5  0.13 0.13
  189 K    0  0  2  1 -2 -1  0  2  0 -3 -3  2 -3 -4  0  2  0 -4 -4 -3    5   4   9   8   1   2   6  15   2   2   2  11   0   0   4  21   5   0   0   2  0.32 0.22
  190 K   -1  4  0  1 -6  0  0  0  1 -5 -3  4 -4 -5  1 -2 -2 -1 -5 -4    4  24   4   8   0   3   4   6   4   0   2  27   0   0   8   1   2   1   0   1  0.66 0.39
  191 F   -2  0 -2 -3 -2 -3 -3 -3  2 -3 -1 -3  0  5 -3 -2 -3  3  6 -1    2   5   2   1   1   1   1   3   4   1   5   1   3  24   1   2   1   3  34   4  1.00 0.39
  192 P   -1 -6 -3 -4 -7 -2 -1 -4 -1 -7 -7  0 -7 -8  8 -2 -2 -8 -7 -5    5   0   1   1   0   2   4   1   1   0   0   5   0   0  75   3   3   0   0   1  2.31 0.94
  193 K   -1  2  4 -2 -7  0 -2 -5  1 -2 -3  5 -5 -6 -5 -3 -1 -7 -6 -5    5  11  23   1   0   3   2   0   3   2   3  43   0   0   0   1   3   0   0   0  1.13 0.60
  194 V   -4 -6 -6 -7 -5 -6 -6 -7 -6  4  4 -6  0 -2 -6 -3 -2 -6 -5  4    0   0   0   0   0   0   0   0   0  27  35   0   1   1   0   2   2   0   0  31  1.26 0.57
  195 V    1  0  1 -1 -2  1  0 -1 -1 -1 -1  2  0 -2 -3  1  1 -2 -2  0   16   6   6   2   0   7   6   3   1   3   7  12   3   1   0   8  10   1   1   7  0.14 0.14
  196 K    4  1  0 -1 -5  1  2 -4 -4 -4 -3  2 -1 -6 -4  0 -1 -6 -5 -3   43   7   4   2   0   6  12   0   0   0   2  11   1   0   0   6   3   0   0   1  0.71 0.46
  197 W   -9 -9 -9-11 -9 -8 -9 -9 -7 -8 -7 -9 -7  0-10 -9 -9 12  4 -8    0   0   0   0   0   0   0   0   0   0   0   0   0   3   0   0   0  86  11   0  4.71 1.51
  198 L   -4  2 -6 -7 -2 -4 -5 -7 -2  2  3 -3  5  2 -6 -4 -4 -2  4 -1    1  11   0   0   1   0   0   0   1  12  31   1  16   9   0   1   0   1  14   3  0.89 0.46
  199 E    1 -1  1  3 -6  3  3 -2  1 -5 -5  2 -3 -6 -3  0 -1 -1 -5 -4   10   3   6  15   0  12  22   2   3   0   1  14   0   0   1   6   2   1   0   1  0.60 0.36
  200 R   -3  7  2 -1 -3 -1 -1 -4 -1 -7 -5  2 -6 -7 -6 -3 -2 -7 -4 -6    2  63   8   4   1   1   3   1   1   0   1  11   0   0   0   1   2   0   0   0  1.64 0.74
  201 V   -1 -4 -6 -7  2 -5 -4 -7 -6  2  1 -6  5 -2 -6 -5 -1 -6 -5  5    4   1   0   0   5   0   1   0   0   9  14   0  19   2   0   0   3   0   0  44  1.17 0.56
  202 R   -3  5 -3 -4 -7  2  1 -5 -3 -4 -4  5 -4 -3 -5 -3 -4 -6 -5 -5    1  29   0   0   0  11   8   0   0   1   1  46   0   1   0   1   0   0   0   0  1.41 0.63
  203 V    1 -1  1  1 -3  1  2 -2 -2 -1 -2  1 -2 -3 -2  1  1 -3 -3  0   15   1   9   6   0   5  17   2   0   3   4  10   0   1   1  12   9   0   0   6  0.25 0.16
  204 S    3  0 -1 -1 -3  1  3 -2 -1 -1 -3  0 -2 -2 -1  1  1 -4 -1 -2   31   6   2   3   0   5  20   1   1   3   2   4   0   1   2   7   7   0   2   2  0.36 0.22
  205 A    1 -3 -3 -2  2 -1  0 -2 -4  0  2 -2  1 -1  0 -1  2 -4 -3  1   13   0   0   3   5   2   5   2   0   3  25   1   3   3   4   2  17   0   0  13  0.25 0.21
  206 N    0 -2  4 -1 -4  1  0  2  0 -1  0  0  0 -4  1  0 -1 -4 -3 -2    6   0  23   3   0   8   4  14   2   4   9   5   3   0   7   8   1   0   0   2  0.28 0.20
  207 P   -3 -5 -5 -1 -6 -2  0 -1 -5 -6 -3 -3 -5 -6  7 -2 -4  1 -2 -6    2   0   0   4   0   2   8   5   0   0   3   1   0   0  70   2   0   2   1   0  2.01 0.69
  208 Y   -3 -4 -4 -3 -6 -3 -2 -3  6  0 -3 -3 -4  1 -5 -1 -4 -2  7  0    2   0   0   1   0   0   2   2  25   6   1   1   0   3   0   6   0   0  44   6  1.42 0.57
  209 H   -5 -4  2 -3 -6  0 -1 -5  5 -4 -3 -4 -4  5 -6 -3 -4  2  6 -5    0   0  11   1   0   4   4   0  14   0   2   0   0  26   0   1   0   3  34   0  1.35 0.53
  210 D   -1 -1  1  6 -6  0  3 -4 -3 -6 -6  0 -5 -1 -4 -2 -3 -7 -5 -3    5   3   5  51   0   3  21   0   0   0   0   6   0   3   0   2   0   0   0   2  1.20 0.49
  211 E   -2 -3 -1  1 -7  2  6 -5  1 -4 -6  0 -5 -3 -4 -2 -4 -6 -5 -3    3   0   3   5   0   7  70   0   3   1   0   4   0   1   0   2   0   0   0   1  1.48 0.59
  212 G    4 -3 -1 -4 -3 -3 -2  2  1 -1 -1 -3  1 -3 -3  0 -2 -4 -1  2   42   0   2   0   0   0   2  16   5   2   4   0   4   0   0   4   0   0   2  17  0.48 0.28
  213 L   -1 -1 -1 -1 -1  1 -2 -4  7  0  1 -3 -2  1 -4 -2 -3 -4  0 -1    6   2   2   3   2   6   0   0  41   6  18   0   0   6   0   2   0   0   2   4  0.74 0.32
  214 T    2 -1  0 -1 -3  0  2 -1  1  0 -2  2  0 -2 -2  0  0 -4 -3  0   23   0   5   2   0   3  18   2   3   6   0  14   4   2   0   5   7   0   0   6  0.23 0.15
  215 F   -2 -3 -3  0 -3 -2  1  1 -3  2  2 -3  1  4 -4 -2 -2 -3  0  1    0   0   0   5   0   0  12  11   0  14  18   0   2  22   0   3   0   0   2  10  0.28 0.16
  216 I   -3 -4 -5 -6 -3 -4 -5 -6 -5  4  3 -4  0  1 -5 -4 -2 -4 -2  3    0   0   0   0   0   0   0   0   0  33  33   0   0   6   0   0   0   0   0  28  0.87 0.27
  217 D   -2  0  4  3 -4  2  1 -3  2  0 -3  0 -3 -2 -3 -1 -2 -3  3 -3    0   3  23  21   0   9   7   0   7   7   0   6   0   0   0   2   0   0  12   0  0.50 0.19
  218 R   -1  3  1 -2 -5  1  0 -3  0 -4 -2  4  0 -1 -3  0 -2 -5 -3 -3    3  20   8   0   0   4   3   0   2   0   4  43   2   3   0   7   0   0   0   0  0.67 0.23
  219 K   -2  0 -2 -3 -3  1 -1 -4 -2  1  1  4  0  0 -3 -2  0 -3  1  1    0   0   0   0   0   8   0   0   0  10  17  36   2   4   0   0   7   0   7   9  0.32 0.14
  220 S    3  0  0 -2 -2 -2 -2  0 -2  0  0 -1  0 -3 -2  2  0 -4 -3  0   33   7   3   0   0   0   0   7   0   7  11   0   3   0   0  24   3   0   0   3  0.28 0.11
  221 K    0  1  0  1 -4  0  0 -1 -2 -4 -2  5 -3 -4 -3 -1 -2 -5 -4 -3    6   5   4   7   0   0   3   5   0   0   4  64   0   0   0   3   0   0   0   0  0.77 0.20
  222 Q   -1  0  1  0 -4  4  1 -1  3 -3 -3  2  0 -4 -2  0  0 -4 -2 -3    4   0   4   5   0  28   8   5  11   0   0  20   4   0   0   5   5   0   0   0  0.47 0.12
  223 S    1  2  1  0 -3 -1 -1  1 -1 -3 -3  2 -2  1 -2  2 -1 -3 -1 -2   17  11   8   4   0   0   0  10   0   0   0  13   0  11   0  22   0   0   0   0  0.26 0.07
  224 T   -1 -1  1 -2 -2  1 -1  1  1  1  0  0  1 -2  1  0  1 -3 -2  0    1   0   7   1   0   7   1  14   5  10  13   5   5   0   7   4  10   0   0  10  0.09 0.03
  225 A    3 -1 -2 -2 -2  3 -1 -2 -2 -2 -2  1 -2  0  1  2 -1 -4 -2  0   39   0   0   0   0  18   0   0   0   0   0   8   0   6   7  16   0   0   0   6  0.40 0.11
  226 A    5 -2 -2 -3 -2 -2 -2  1 -3 -3 -3 -2 -2 -4 -2  3  0 -4 -3 -2   69   0   0   0   0   0   0   6   0   0   0   0   0   0   0  25   0   0   0   0  0.81 0.16
  227 K   -2  2 -1 -2 -5  2  0 -3 -1 -3 -1  6 -2 -4 -2 -1 -2 -4 -3 -3    0   8   0   0   0   8   0   0   0   0   7  77   0   0   0   0   0   0   0   0  0.97 0.16
  228 L   -2 -3 -4 -5 -2 -3 -4 -5 -4  2  4 -3  2  0 -4 -3 -2 -3 -2  1    0   0   0   0   0   0   0   0   0  17  83   0   0   0   0   0   0   0   0   0  0.78 0.09

                      K         Lambda
Standard Ungapped    0.1833     0.3480
Standard Gapped      0.1100     0.3190
PSI Ungapped         0.1833     0.3480
PSI Gapped           0.1100     0.3190
