
Last position-specific scoring matrix computed, weighted observed percentages rounded down, information per position, and relative weight of gapless real matches to pseudocounts
           A  R  N  D  C  Q  E  G  H  I  L  K  M  F  P  S  T  W  Y  V   A   R   N   D   C   Q   E   G   H   I   L   K   M   F   P   S   T   W   Y   V
    1 M   -1 -2 -3 -4 -2  0 -2 -4 -2  1  2 -2  6  0 -3 -2 -1 -2 -2  1    0   0   0   0   0   0   0   0   0   0   0   0 100   0   0   0   0   0   0   0  0.57 0.00
    2 E   -1 -1 -1  1 -5  2  6 -3  0 -4 -4  0 -2 -4 -2  0 -1 -4 -3 -3    0   0   0   0   0   0 100   0   0   0   0   0   0   0   0   0   0   0   0   0  1.07 0.00
    3 N   -1 -1  4  0 -3 -1 -1  3 -1 -3 -3 -1 -2 -3 -2  0  2 -4 -3 -2    0   0  41   0   0   0   0  33   0   0   0   0   0   0   0   0  26   0   0   0  0.59 0.00
    4 E   -1 -1 -1  1 -5  2  6 -3  0 -4 -4  0 -2 -4 -2 -1 -1 -4 -3 -3    0   0   0   0   0   0 100   0   0   0   0   0   0   0   0   0   0   0   0   0  1.09 0.01
    5 S    1 -1  0 -1 -2  0 -1 -1 -1 -3 -3 -1 -2 -3 -1  5  1 -4 -2 -2    0   0   0   0   0   0   0   0   0   0   0   0   0   0   0 100   0   0   0   0  0.74 0.01
    6 V    0 -3 -3 -4 -1 -3 -3 -4 -4  3  1 -3  1 -1 -3 -2  0 -3 -2  4    0   0   0   0   0   0   0   0   0   0   0   0   0   0   0   0   0   0   0 100  0.54 0.01
    7 K   -1  4  0 -1 -4  1  0 -2 -1 -3 -3  5 -2 -4 -2 -1 -1 -4 -3 -3    0  33   0   0   0   0   0   0   0   0   0  67   0   0   0   0   0   0   0   0  0.82 0.01
    8 S    1 -1  0 -1 -2  0 -1 -1 -1 -3 -3 -1 -2 -3 -1  5  1 -4 -2 -2    0   0   0   0   0   0   0   0   0   0   0   0   0   0   0 100   0   0   0   0  0.74 0.01
    9 E   -1 -1 -1  1 -4  1  4  3 -1 -4 -4  0 -3 -4 -2 -1 -1 -4 -3 -3    0   0   0   0   0   0  67  33   0   0   0   0   0   0   0   0   0   0   0   0  0.78 0.01
   10 H   -1  3 -1 -2 -4  0 -1 -3  6 -4 -3  0 -2 -3  4 -1 -2 -3  0 -3    0  33   0   0   0   0   0   0  41   0   0   0   0   0  26   0   0   0   0   0  0.87 0.01
   11 S    1 -1  0 -1 -2 -1 -1  3 -2 -3 -3 -1 -2 -3 -2  4  1 -4 -3 -2    0   0   0   0   0   0   0  26   0   0   0   0   0   0   0  74   0   0   0   0  0.63 0.01
   12 G    0 -2 -1  0 -3  0  3  4 -1 -3 -3 -1 -2 -3 -2  0  2 -4 -3 -2    0   0   0   0   0   0  33  41   0   0   0   0   0   0   0   0  26   0   0   0  0.55 0.00
   13 R   -1  5 -1 -2 -4  1  0 -3  0 -3 -3  3 -2 -4 -2 -1 -1 -4 -3 -3    0  74   0   0   0   0   0   0   0   0   0  26   0   0   0   0   0   0   0   0  0.94 0.01
   14 S    1 -1  0 -1 -2  0 -1 -1 -1 -3 -3 -1 -2 -3 -1  5  1 -4 -2 -2    0   0   0   0   0   0   0   0   0   0   0   0   0   0   0 100   0   0   0   0  0.74 0.01
   15 R   -1  5 -1  0 -4  1  3 -3  0 -4 -3  2 -2 -4 -2 -1 -1 -4 -3 -3    0  67   0   0   0   0  33   0   0   0   0   0   0   0   0   0   0   0   0   0  0.84 0.01
   16 R   -2  6 -1 -2 -4  1 -1 -3  0 -3 -3  2 -2 -4 -2 -1 -1 -4 -3 -3    0 100   0   0   0   0   0   0   0   0   0   0   0   0   0   0   0   0   0   0  1.10 0.01
   17 S    1 -1  0 -1 -2  0 -1 -1 -1 -3 -3 -1 -2 -3 -1  5  1 -4 -2 -2    0   0   0   0   0   0   0   0   0   0   0   0   0   0   0 100   0   0   0   0  0.74 0.01
   18 R   -2  6 -1 -2 -4  1 -1 -3  0 -3 -3  2 -2 -4 -2 -1 -1 -4 -3 -3    0 100   0   0   0   0   0   0   0   0   0   0   0   0   0   0   0   0   0   0  1.10 0.01
   19 N   -1 -1  5  1 -3  0 -1 -1  0 -3 -4  0 -2 -3 -2  3  0 -4 -3 -3    0   0  67   0   0   0   0   0   0   0   0   0   0   0   0  33   0   0   0   0  0.77 0.01
   20 H    1 -1  0 -2 -3  0 -1 -2  7 -3 -3 -1 -2 -2 -2  0 -1 -3  1 -2   26   0   0   0   0   0   0   0  74   0   0   0   0   0   0   0   0   0   0   0  0.78 0.01
   21 N   -1 -1  4  0 -4  3  0  3  0 -4 -4  0 -2 -4 -2  0 -1 -4 -3 -3    0   0  41   0   0  26   0  33   0   0   0   0   0   0   0   0   0   0   0   0  0.64 0.00
   22 N    0  0  4  0 -3  3  0 -1  0 -3 -3  0 -2 -3 -2  2  0 -4 -2 -3    0   0  41   0   0  26   0   0   0   0   0   0   0   0   0  33   0   0   0   0  0.60 0.00
   23 N   -2  0  6  1 -3  3  0 -1  0 -4 -4  0 -2 -4 -2  0  0 -4 -3 -3    0   0  74   0   0  26   0   0   0   0   0   0   0   0   0   0   0   0   0   0  0.85 0.01
   24 G   -1 -1  0 -1 -4  3  0  4  5 -4 -3 -1 -2 -3 -2 -1 -2 -3 -1 -3    0   0   0   0   0  26   0  41  33   0   0   0   0   0   0   0   0   0   0   0  0.65 0.00
   25 G   -1 -1  0 -1 -4  3  0  4  5 -4 -3 -1 -2 -3 -2 -1 -2 -3 -1 -3    0   0   0   0   0  26   0  41  33   0   0   0   0   0   0   0   0   0   0   0  0.65 0.00
   26 G    0 -1 -1 -1 -4  3 -1  5 -1 -4 -4 -1 -2 -4 -3 -1 -2 -3 -4 -4    0   0   0   0   0  26   0  74   0   0   0   0   0   0   0   0   0   0   0   0  0.93 0.01
   27 G    0 -1  0 -1 -3  3  0  4 -1 -4 -3  0 -2 -3 -2  2  0 -3 -3 -3    0   0   0   0   0  26   0  41   0   0   0   0   0   0   0  33   0   0   0   0  0.58 0.00
   28 G    0 -1 -1 -1 -4  3 -1  5 -1 -4 -4 -1 -2 -4 -3 -1 -2 -3 -4 -4    0   0   0   0   0  26   0  74   0   0   0   0   0   0   0   0   0   0   0   0  0.93 0.01
   29 G   -1 -2  0 -2 -4 -1 -2  5  4 -5 -4 -2 -3 -3 -3 -1 -2 -3 -1 -4    0   0   0   0   0   0   0  74  26   0   0   0   0   0   0   0   0   0   0   0  0.96 0.01
   30 G    0 -1  0 -1 -2  0 -1  4  4 -2 -2 -1 -2 -2 -1  0 -1 -2  0 -2    3   2   1   2   1   1   2  44  27   2   3   2   1   1   2   2   2   0   1   2  0.43 0.00
   31 G    0 -1  0 -1 -2 -1 -1  4 -1 -2 -2 -1 -2 -2 -1  2  0 -2 -2 -2    3   2   1   2   1   1   2  44   1   2   3   2   1   1   2  28   2   0   1   2  0.41 0.00
   32 G    0 -1  0 -1 -2 -1 -1  4 -1 -2 -2 -1 -2 -2 -1  2  0 -2 -2 -2    3   2   1   2   1   1   2  44   1   2   3   2   1   1   2  28   2   0   1   2  0.41 0.00
   33 G    0 -1  0 -1 -2 -1 -1  5 -2 -2 -2 -1 -2 -2 -1  0 -1 -2 -2 -2    3   2   1   2   1   1   2  70   1   2   3   2   1   1   2   2   2   0   1   2  0.68 0.00
   34 G    0 -2 -1 -1 -2 -1 -1  4 -2  0 -1 -1 -1 -2 -1 -1 -1 -2 -2  1    3   2   1   2   1   1   2  49   1   2   3   2   1   1   2   2   2   0   1  23  0.35 0.00
   35 G    0 -1  0  0 -1  0  0  2 -1 -1 -1  0 -1 -1  0  2  0 -1 -1 -1    5   3   3   3   1   3   4  25   1   3   5   3   1   2   3  25   3   1   2   4  0.17 0.00
   36 G    0 -1  0 -1 -2 -1 -1  4 -1 -1 -1 -1 -1 -1  0  0 -1 -1 -1 -1    5   3   3   3   1   3   4  45   1   3   5   3   1   2   3   4   3   1   2   4  0.31 0.00
   37 S    0 -1  0  0 -1  0  0  2 -1 -1 -1  0 -1 -1  0  2  0 -1 -1 -1    5   3   3   3   1   3   4  25   1   3   5   3   1   2   3  25   3   1   2   4  0.17 0.00
   38 V   -1 -2 -1 -2 -2 -1 -2  2  0  0 -1 -2 -1  1 -2 -1 -1  0  4  1    2   1   1   1   1   1   2  23   1   1   2   1   1   1   1   2   2   0  34  22  0.23 0.00
   39 N   -1 -1  5  0 -3 -1 -1  2 -1 -3 -3 -1 -2 -3 -2  1  2 -4 -3 -2    0   0  53   0   0   0   0  21   0   0   0   0   0   0   0   0  26   0   0   0  0.61 0.00
   40 N   -1  3  2 -1 -3  0 -1 -2 -1 -1  1  0  0 -2 -2  1  0 -3 -2 -1    0  33  21   0   0   0   0   0   0   0  26   0   0   0   0  21   0   0   0   0  0.30 0.00
   41 G    0 -1 -1 -2 -3  2 -1  5 -2 -2 -3 -1 -2 -3 -3 -1 -1 -3 -3  0    0   0   0   0   0  24   0  63   0   0   0   0   0   0   0   0   0   0   0  14  0.67 0.01
   42 Y    0 -1 -1 -2 -3 -1 -1 -2  4 -3 -2 -1 -2  1 -2  3  0  0  5 -2    0   0   0   0   0   0   0   0  17   0   0   0   0   0   0  41   0   0  42   0  0.58 0.03
   43 H   -1 -1  0 -1 -4  0 -1 -2  8 -4 -3 -1 -2 -2 -2  1 -1 -3  1 -3    0   0   0   0   0   0   0   0  80   0   0   0   0   0   0  20   0   0   0   0  1.01 0.04
   44 R   -2  6 -1 -2 -4  1 -1 -3  0 -4 -3  2 -2 -4 -3 -1 -2 -4 -3 -3    0 100   0   0   0   0   0   0   0   0   0   0   0   0   0   0   0   0   0   0  1.24 0.05
   45 E   -1  0  0  0 -3  4  2 -2  4 -3 -3  0 -1 -3  3 -1 -1 -3 -1 -2    1   1   1   1   0  34  19   1  18   1   1   1   0   1  17   1   1   0   0   1  0.63 0.02
   46 R   -1  2  0 -1 -3  2  0  3  3 -3 -3  0 -2 -3 -2 -1 -1 -3 -1 -3    1  19   1   1   0  17   1  39  14   1   1   1   0   1   1   1   1   0   0   1  0.47 0.02
   47 D   -1 -1  0  3 -3  1  4 -2 -1 -1 -2  0 -2 -3 -1  1 -1 -3 -3  0    1   1   1  17   0   0  47   1   0   1   1   1   0   0   1  13   1   0   0  15  0.47 0.02
   48 R   -2  5 -1 -2 -4  0 -1 -3  3 -3 -3  1 -2 -3  2 -1 -1 -3 -2 -3    1  68   0   1   0   0   1   1  11   1   1   1   0   0  13   1   1   0   0   1  0.83 0.05
   49 S    0  1  0 -1 -2 -1 -1 -2 -2 -2 -3 -1 -2 -3 -2  4  3 -4 -3 -2    0   8   0   0   0   0   0   0   0   0   0   0   0   0   0  61  31   0   0   0  0.67 0.08
   50 R   -2  6  3 -1 -4  0 -1 -2  0 -4 -4  1 -3 -4 -3 -1 -1 -4 -3 -3    0  74  26   0   0   0   0   0   0   0   0   0   0   0   0   0   0   0   0   0  1.04 0.10
   51 H   -2 -1  0  1 -4  0  1 -3  7 -4 -4 -1 -3 -3  2  0 -2 -4  0 -4    0   0   0  10   0   0  12   0  60   0   0   0   0   0  10   8   0   0   0   0  0.91 0.09
   52 S    0  2  0 -1 -3 -1 -1  2 -2 -4 -3  0 -3 -4 -2  4  0 -4 -3 -3    0  20   0   0   0   0   0  19   0   0   0   0   0   0   0  62   0   0   0   0  0.63 0.09
   53 H   -2  2 -1 -2 -5  0 -1  0  8 -5 -4 -1 -3 -3 -3  0 -2 -4  0 -4    0  12   0   0   0   0   0   8  72   0   0   0   0   0   0   8   0   0   0   0  1.26 0.18
   54 R   -2  5  2 -2 -4  2 -1 -3 -1 -4 -3  3 -2 -3 -3 -1 -2 -3  1 -3    0  42  12   0   0   9   0   0   0   0   0  29   0   0   0   0   0   0   7   0  0.78 0.12
   55 S    0  2  0  1 -3 -1 -1 -2 -2 -4 -4 -1 -3 -4 -2  5  0 -4 -3 -3    0  17   0   8   0   0   0   0   0   0   0   0   0   0   0  74   0   0   0   0  0.83 0.16
   56 T   -1  2  2  1 -4 -1 -1  0  5 -4 -4 -1 -3 -3  2  1  1 -4 -1 -3    0  13  13   8   0   0   0   6  29   0   0   0   0   0  10   8  13   0   0   0  0.52 0.11
   57 H   -2  5  1 -2 -4  0 -1  1  5 -4 -4  2 -3 -4 -3  0 -2 -4 -2 -4    0  44   8   0   0   0   0  11  24   0   0   8   0   0   0   5   0   0   0   0  0.77 0.14
   58 S    0  1  3  1 -3  1 -1  1  1 -4 -4 -1 -3 -4 -2  4  0 -4 -3 -3    0   7  18   8   0   5   0   8   5   0   0   0   0   0   0  48   0   0   0   0  0.56 0.12
   59 S    0  2  0 -2 -3  0 -1  2  4 -3 -3  0 -2 -3 -2  3  1 -3 -1 -3    1  18   0   1   0   0   1  17  18   1   1   1   0   0   1  32   8   0   0   1  0.44 0.09
   60 K   -1  4 -1 -2 -4  2  1  1 -1 -3 -1  3 -2 -3 -2  0 -1 -4 -3 -3    0  29   0   0   0   8  10  12   0   0   8  28   0   0   0   6   0   0   0   0  0.51 0.09
   61 S   -1  2  0  3 -3  1  1 -2 -1 -1 -3  1 -2 -3 -2  3  0 -4 -3 -2    0  16   0  19   0   6   5   0   0   8   0   5   0   0   0  41   0   0   0   0  0.45 0.11
   62 A    1  2 -1 -1 -3  1  1  3  1 -3 -3  0 -2 -3 -2  2 -1 -3 -2 -2   15  13   1   1   0   7   9  25   6   1   1   1   0   1   1  18   1   0   0   1  0.33 0.05
   63 K   -2  3 -1 -2 -4  1  1  1  4 -4 -3  3 -2 -3  0 -1 -2 -4 -2 -3    0  23   0   0   0   6   8  10  20   0   0  25   0   0   5   0   0   0   0   0  0.58 0.10
   64 G   -1  3 -1  2 -3 -1 -1  2 -2 -2 -3  0 -2 -3 -2  0  1 -4 -3 -1    0  29   0  18   0   0   0  23   0   0   0   0   0   0   0   8  13   0   0   8  0.40 0.09
   65 F   -1  1 -1  0  1 -1  0 -3  3  0  0 -1 -1  2 -2  0 -1 -2  1  0    1  10   0   8   4   0   6   1  12   8   9   1   0  15   1  10   1   0   6   7  0.11 0.05
   66 Q   -1  1  1  2 -4  2  3 -1  4 -4 -4  0 -2 -4 -2  0  1 -4 -2 -3    0   6   7  11   0  12  25   4  16   0   0   3   0   0   0   7  10   0   0   0  0.49 0.09
   67 R   -1  4  2  0 -3  0  0 -2  2 -1 -3  2 -2 -3  1  0 -1 -4 -2 -2    1  34  15   4   0   0   4   1   8   7   1   9   0   0   7   8   0   0   0   0  0.45 0.09
   68 G   -1 -1  4  0  1  0  0  1  3 -2 -1  0 -2 -3  0  1 -1 -3 -2 -2    1   1  29   1   4   1   6  12  10   1   8   7   0   1   4  13   1   0   0   1  0.29 0.07
   69 D   -1  1  2  4 -3 -1  0  1 -2 -2 -1 -1 -2 -3 -2  0  0 -4 -3  0    1   9  10  33   0   0   4  13   0   0   7   0   0   0   0   7   4   0   0   9  0.33 0.07
   70 M   -1  1 -1 -2 -3  1  0  1 -1 -1 -1  1  4 -2 -2  0  1 -2  1 -2    0   9   0   0   0   5   6  14   0   0   1  13  25   0   0   6  10   0   8   0  0.23 0.09
   71 A    3  1 -1 -1 -2 -1  1  1 -2 -1 -3 -1 -2 -3  1  3  0 -4 -3 -2   30   7   0   0   0   0   9   8   0   4   0   0   0   0   6  29   4   0   0   0  0.36 0.09
   72 P   -1 -1 -2  1 -4  0  1 -3 -2 -3 -3  1 -2 -4  6 -1 -2 -4 -3 -1    1   1   1   8   0   5   8   1   0   1   1  13   0   0  54   1   1   0   0   5  1.22 0.14
   73 Y    0  1 -2 -3 -2 -2 -2 -3 -1  1 -1 -1  1  3  0 -1  0 -1  4 -1   11  11   1   1   0   0   1   1   0  11   1   1   6  20   5   1   5   0  23   1  0.30 0.08
   74 Q   -1 -1 -1 -1 -3  5  1 -1  2 -1 -2  0 -1 -3  3 -1  0 -3 -2  0    1   1   1   1   0  42   7   5   6   5   1   1   0   0  14   1   4   0   0   9  0.51 0.11
   75 T   -1  1  2 -1 -3 -1  0 -2 -2 -1 -2  1 -2 -3  1  0  4 -4 -3  0    0   7  10   0   0   0   5   0   0   0   1  10   0   0   6   0  48   0   0  10  0.46 0.12
   76 S    0  0 -1 -2 -2 -1 -2 -1 -2  1  0 -1  1 -2  0  2  3 -3 -2  0    4   4   1   1   0   1   1   5   0  17   8   1   5   0   5  22  25   0   0   1  0.22 0.07
   77 V    1  1 -2 -3 -2 -2 -1 -3 -2  2  0 -1  0 -2  0 -1 -1 -3 -2  3   14   9   1   1   0   1   5   1   0   7   5   1   0   0   5   1   1   0   0  48  0.28 0.09
   78 N   -1 -1  4  1 -3  1 -1  0 -1 -2 -2 -1  0 -3  0  1  2 -3 -3 -1    1   1  32   8   0   6   1   5   0   1   1   1   3   0   5  14  15   0   0   6  0.38 0.08
   79 M    0 -2 -2  0 -3  0 -2 -3 -3  2  2  0  3 -1  1 -2 -1 -3 -2  1    6   0   0   7   0   5   0   0   0  17  26   7  16   0   9   0   0   0   0   8  0.26 0.08
   80 T    0  0  0  0 -3 -1  0  0 -2 -2  0 -1 -1 -3  4  0  1 -4 -3 -2    5   7   4   4   0   0   5   8   0   0  16   0   0   0  28   6  16   0   0   0  0.47 0.08
   81 G    1 -2  0  0 -3 -1  1  3 -2  0 -2 -1  1 -1 -1  0 -1 -3 -3 -1   10   0   4   6   0   0  14  34   0   7   0   0   9   3   2   8   0   0   0   3  0.28 0.06
   82 D   -1 -2  3  5 -4  0  3 -2  2 -4 -4 -1 -3 -4 -2  0 -1 -5 -3 -4    6   0  17  44   0   0  21   0   6   0   0   0   0   0   0   6   0   0   0   0  0.83 0.11
   83 G    0  0  0  3 -3  1  0  2 -2 -1 -3 -1 -2 -3  1  2  1 -4 -3 -1    8   5   0  21   0   6   2  16   0   4   0   0   0   0   6  18   8   0   0   6  0.28 0.05
   84 S    0  1  1  1 -3 -1  1 -1 -1 -2  0 -1 -1 -2 -2  3  1 -3  0 -1    3   9   7   6   0   0   8   3   0   0  12   0   0   0   0  35  10   0   5   2  0.24 0.06
   85 H   -2  1  1  1 -4  1  1  0  5 -1 -1 -1 -1  0 -3 -1  0 -3 -1 -1    0  11   5  10   0   8   7   6  25   5   5   0   0   6   0   0   7   0   0   4  0.25 0.07
   86 D   -1  1  3  4 -4 -1  0 -1  1 -3 -2 -1 -1 -3  0  0 -1 -5 -3 -3    5  13  17  39   0   0   0   2   4   0   5   0   2   0   5   5   3   0   0   0  0.51 0.09
   87 G    1 -1  2  1 -3 -1 -1  4 -2 -3 -2 -1 -2 -3 -3  1  0 -4 -3 -3   13   2  11  10   0   2   0  44   0   0   5   0   0   0   0   7   6   0   0   0  0.52 0.07
   88 Q    0  1  0  2 -3  3  3  0 -1 -3 -3  0 -2 -3 -2  0 -1 -3 -3 -2    6   8   1  11   0  23  33   7   0   1   1   1   0   0   1   6   1   0   0   1  0.51 0.06
   89 E   -1  0  0  3 -3  1  4  0 -1 -3 -3  0 -2 -3 -2  0  0 -3 -3 -2    1   2   1  17   0   5  48   6   0   1   1   3   0   0   1   6   8   0   0   1  0.59 0.07
   90 V   -1  1 -2  0 -2 -1 -1 -3 -2  2  0  0  0 -2 -2 -1  1 -3 -2  3    0  11   0   5   0   0   2   0   0  15   5   6   2   0   0   4  11   0   0  37  0.19 0.05
   91 I   -2 -1 -3 -3 -2 -2 -1 -4 -3  4  1 -2  0 -1 -3 -2 -1 -3 -2  3    0   5   0   0   0   0   5   0   0  60   1   0   0   0   0   0   0   0   0  26  0.49 0.09
   92 E   -1 -1  0  2 -4  3  4 -1 -1 -4 -3  0 -2 -4 -2  0 -1 -4 -3 -3    1   0   0  11   0  20  52   5   0   0   1   0   0   0   0   7   0   0   0   1  0.73 0.09
   93 V   -1 -3 -3 -1 -2 -2 -3 -1 -3  2  0 -3  1 -2 -3 -2 -1 -3 -2  5    0   0   0   4   0   0   0   5   0   0   5   0   4   0   0   0   0   0   0  78  0.51 0.11
   94 Q   -1  0  2 -1 -4  5  1 -2  3 -3 -3  2 -1 -3 -2  0 -1 -3 -2 -3    0   0   9   0   0  47   6   0   9   0   0  17   0   0   0   8   0   0   0   0  0.68 0.10
   95 I   -1 -3 -3 -3 -2 -2 -1 -4 -3  4  1 -2  2 -1 -3 -2 -1 -3 -2  3    1   1   1   1   0   0   4   1   0  53   4   1   8   0   1   1   1   0   0  23  0.44 0.08
   96 L    0 -2 -1 -3 -2 -2 -2 -3 -2  3  3 -2  2  0 -2 -2  0 -2 -2  1    8   1   4   1   0   1   1   1   0  28  43   1   3   1   1   1   3   0   1   1  0.29 0.05
   97 P   -1  1 -1 -2 -3 -1 -2 -3  2 -3 -3 -1 -3 -3  7 -1 -1 -4 -2 -2    1   9   3   1   0   0   1   1   9   1   1   1   0   0  65   1   4   0   0   3  1.53 0.12
   98 Q   -1  0 -1  1 -4  6  2 -2  0 -4 -3  0 -1 -4  2  0 -1 -3 -3 -3    0   2   0   6   0  66   6   2   0   0   0   0   0   0  10   6   0   0   0   0  0.91 0.15
   99 D   -3 -1  1  6 -5 -1  2 -2 -2 -5 -5 -1 -4 -5 -3 -1 -2 -6 -4 -4    0   3   4  78   0   0  13   2   0   0   0   0   0   0   0   0   0   0   0   0  1.34 0.16
  100 E   -2 -2  2  5 -5  0  4 -3 -1 -5 -5 -1 -4 -5 -3 -1 -2 -5 -4 -4    0   0   8  50   0   0  43   0   0   0   0   0   0   0   0   0   0   0   0   0  1.19 0.17
  101 N   -2  0  6  3 -4  0 -1  0  1 -4 -4 -1 -3 -4 -2  0  0 -4 -3 -4    0   3  62  16   0   2   0   4   3   0   0   0   0   0   2   0   5   0   0   0  0.93 0.15
  102 W   -4 -4 -5 -6 -5  0 -4 -5 -3 -4 -4 -4 -3 -1 -6 -5 -5 11  2 -4    0   0   0   0   0   6   0   0   0   0   0   0   0   0   0   0   0  90   4   0  3.26 0.34
  103 G    1 -3 -1 -2  1 -3 -3  6 -3 -5 -4 -3 -4 -4 -3 -1 -1 -4 -4 -4   10   0   2   0   4   0   0  80   0   0   0   0   0   0   0   0   2   0   0   0  1.26 0.19
  104 E    0 -2 -1  4 -4  0  5 -3 -2 -3 -4 -1 -3 -4 -2 -1 -2 -5 -4  0    7   0   0  25   0   0  58   0   0   0   0   0   0   0   0   0   0   0   0   9  0.91 0.18
  105 N    0 -2  5  1 -3 -1 -1  1 -1 -3 -3 -1 -2 -3 -2  0  3 -4 -3 -2    5   0  40   8   0   0   0  10   0   0   1   0   0   0   0   1  33   0   0   0  0.63 0.14
  106 T    1 -2  1  1 -2 -2 -2 -2 -2 -2 -3 -2 -2 -3  2  0  5 -4 -3  0   10   0   5   7   0   0   0   0   0   0   0   0   0   0   9   0  64   0   0   4  0.72 0.18
  107 T   -1 -2  1 -2 -2 -2 -2 -3 -2 -2 -3 -2 -2 -3 -3  2  6 -5 -3 -2    0   0   8   0   0   0   0   0   0   0   0   0   0   0   0   9  83   0   0   0  1.11 0.24
  108 A    3 -3 -2 -3  1 -2 -2 -2 -3  1 -1 -2 -1  2 -2  1  1 -3 -1  1   43   0   0   0   4   0   0   0   0   9   0   0   0  12   0   5  12   0   0  15  0.32 0.11
  109 V    0 -3 -3 -4 -2 -3 -3 -4 -4  4  1 -3  1 -1 -3 -2  2 -3 -2  3    7   0   0   0   0   0   0   0   0  39  10   0   2   2   0   0  15   0   0  27  0.45 0.11
  110 T   -1 -2 -1 -2  2 -2 -2 -3 -3 -2 -3 -2 -2 -3 -3  2  6 -4 -3 -1    0   0   0   0   6   0   0   0   0   0   0   0   0   0   0  14  80   0   0   0  1.08 0.24
  111 G    0 -2 -1 -1 -3 -1  1  4 -2  0 -2 -1 -2 -3 -2  1  0 -3 -3 -2    3   1   1   1   0   1  11  47   0  10   1   1   0   0   1  15   6   0   0   1  0.49 0.09
  112 N    1 -1  4  1 -2  0  1 -1  1 -2 -1 -1 -1 -2 -2  0  1 -3 -2 -1   15   1  28   8   0   1  13   2   5   1   6   1   2   1   1   1  13   0   0   3  0.29 0.07
  113 T    1 -2 -1 -2  4 -2 -2 -2 -3 -2 -3 -2 -2 -3 -2  1  5 -4 -3 -1   15   0   0   0  11   0   0   0   0   0   0   0   0   0   0   9  62   0   0   0  0.83 0.24
  114 S    1 -2  1  2 -3 -1 -1  1 -2 -3 -3 -2 -3 -4 -2  4  3 -5 -3 -2    9   0   4  14   0   0   0   9   0   0   0   0   0   0   0  42  22   0   0   0  0.59 0.18
  115 E   -1  1 -1  2 -4  0  3  0 -2 -2 -3 -1 -2 -4 -2  2  1 -4 -3  0    0  11   0  12   0   0  32   9   0   0   0   0   0   0   0  17   9   0   0   9  0.42 0.14
  116 Q    0  1 -1 -1 -2  0  1 -1  2 -1 -1  0  1  0 -2  2  1 -3 -1  0    6  11   1   1   0   4  10   3   7   1   3   1   6   5   1  19  12   0   0   9  0.15 0.06
  117 S    1 -2 -1  0  3  0 -1  1 -2  0 -2 -1 -2 -3 -2  3  0 -3 -3  0   10   1   0   7   9   6   1  14   0  10   1   1   0   0   1  35   1   0   0   5  0.26 0.10
  118 I    0 -3 -2 -1 -3 -1  0  1 -1  1  0 -2 -1  1 -3 -1  1 -2  3  1    7   0   0   3   0   2   9  13   0  13  11   0   0   7   0   0   9   0  16  10  0.14 0.09
  119 S   -1 -2  2  1 -3  0 -2  1 -2 -3 -2 -2 -3 -4 -3  4  2 -5 -3 -1    0   0  10   6   0   4   0  10   0   0   3   0   0   0   0  53  10   0   0   3  0.64 0.24
  120 M   -1 -2  0  0 -3  0 -2  0  1  2  2 -2  3  0 -3 -2 -1 -3  0  0    2   1   6   6   0   6   0   9   5  17  20   0  15   4   0   0   2   0   3   3  0.17 0.11
  121 E    0 -2 -1  3 -4  0  5 -1 -2 -3 -1  0 -3 -4 -3  0 -2 -5 -4 -2    7   0   0  17   0   0  51   3   0   0   8   3   0   0   0   7   0   0   0   2  0.73 0.24
  122 D    1 -2  2  5 -4 -1  2  1 -2 -5 -5  0 -4 -5 -3  0 -2 -5 -4 -4   14   0   8  45   0   0  12   9   0   0   0   7   0   0   0   5   0   0   0   0  0.78 0.22
  123 I   -2 -3 -3  0 -2 -2 -2  0 -3  2  2 -3  1 -2  0 -2  0 -3 -3  2    1   0   0   7   0   0   3   7   0  17  27   0   2   0   5   1   7   0   0  20  0.25 0.13
  124 N    1  1  2  1 -3 -1 -1  0 -2 -2  0  0 -2 -3  1  2  1 -4 -3 -1    9   7  14   8   0   0   2   7   0   0  11   4   0   0   7  17  11   0   0   4  0.22 0.11
  125 N    0  2  1 -1 -3  0  1  1  0 -2 -1  2 -2 -1  0  0 -1 -4 -2 -2    4  16   9   0   0   3   9  12   2   0   9  15   0   4   4   7   3   0   0   3  0.20 0.10
  126 M   -2  0 -2 -2  1 -2 -2 -3 -2  1  2  1  2  2 -3  0 -1  2  1  1    1   4   0   3   5   0   0   1   0  13  23  11   7   9   0   7   0   3   4   7  0.18 0.10
  127 W   -1 -1 -2 -1 -3  0 -1  1  2 -2 -1  0  0  1 -2  0 -2  6  2 -1    4   3   1   3   0   3   4  13   7   1   6   5   2   7   1   7   1  19   9   4  0.36 0.12
  128 H    1 -1  1  0 -3  2  1 -2  2 -3 -2  1 -2 -3  0  2  1 -4 -2 -1   12   0   9   5   0  10   8   0   6   0   3  12   0   0   5  15  11   0   0   3  0.29 0.13
  129 R   -1  2 -1  0 -4 -1  0  0  1 -1 -1  2  0  0  3  0  0 -4 -2 -2    0  12   0   5   0   0   5   8   4   4   4  21   3   6  15   8   4   0   0   0  0.29 0.14
  130 E   -1  0  1  3 -4  0  2  0  0 -2 -3  0 -3 -4  1  0  1 -5 -3 -2    3   5   8  21   0   3  17   7   2   2   0   5   0   0   7   7   8   0   0   4  0.36 0.14
  131 S    0 -2  0  1 -3 -1 -1  1 -2  1 -1  0  2 -1 -1  2  0 -3  1  0    5   0   3   8   0   2   2   9   0   9   4   6   9   2   2  23   4   0   5   6  0.11 0.10
  132 D   -2  1  3  4 -4  1  2  1 -2 -2 -4  0 -3 -4  0  0  0 -5 -4 -2    0   6  14  28   0   8  14   9   0   3   0   2   0   0   3   4   4   0   0   2  0.51 0.19
  133 K   -1  3  0  1 -3 -1  0 -1 -2 -1  0  2 -2 -3 -3  1 -1 -4 -3 -1    4  23   4   9   0   0   5   5   0   2  10  16   0   0   0  15   1   0   0   4  0.29 0.15
  134 G   -1  0 -1 -1 -3  0 -1  2  0 -1 -2  1 -2  0 -1  2  1 -3 -2  0    2   6   0   2   0   2   2  20   2   3   1  12   0   5   2  20   8   0   0  11  0.21 0.12
  135 F   -1  0  0 -2 -3 -1 -1 -4 -2  1 -1 -1  1  3  1 -2 -2  4 -1  2    2   7   6   2   0   3   2   0   0  12   1   3   5  16   7   2   0   8   0  22  0.25 0.15
  136 S    1  1  2 -2 -3 -1 -2  3 -2 -4 -4  0 -3 -4  1  3  1 -4 -3 -3    9   7  10   0   0   2   0  23   0   0   0   3   0   0   6  30  10   0   0   0  0.50 0.20
  137 F   -1  2  0 -4  0 -3 -3 -2  1 -1  1 -2 -1  5 -2 -2 -2 -2  1 -1    3  14   6   0   2   0   0   3   4   2  12   0   0  43   2   3   0   0   1   4  0.52 0.24
  138 A    0  2  1  2  1  0 -1 -2 -2 -1 -2  1 -2 -3 -2  2  1 -4 -3 -1    8  18   4  17   5   2   1   1   0   4   2   7   0   0   1  19   7   0   0   3  0.28 0.13
  139 C   -2 -3 -3 -2  8 -3 -3 -4  2 -2 -2 -2 -3  1  0 -1 -2 -3 -2 -1    1   1   1   3  56   1   1   1   7   1   3   3   0   8   5   5   1   0   0   5  1.25 0.33
  140 R    0  4  0 -2  0  2 -1 -3 -2 -2 -1  0 -2 -2 -3  2  1  1 -3 -1    5  29   3   0   2  11   0   0   0   2   4   4   0   2   0  22   9   2   0   3  0.41 0.19
  141 R   -3  6  2 -3 -5  1 -2 -1 -1  0 -4  1 -3 -4 -4 -2 -1 -5 -4 -3    0  59  12   0   0   4   0   5   1   6   0   7   0   0   0   0   4   0   0   0  1.03 0.35
  142 Y   -3 -1 -1 -4  0 -3 -3 -4  2  1  0 -3 -1  3 -4  0 -2  3  5  0    0   3   3   0   3   0   0   0   6  12  10   0   0  13   0   8   0   4  33   4  0.59 0.23
  143 V    0 -3 -4 -4  2 -3 -3 -4 -3  2  2 -2  1  2 -3 -1 -2  3 -1  2    9   0   0   0   6   0   0   0   0  11  30   2   3  11   0   4   0   4   0  19  0.36 0.16
  144 E    0 -3  1 -1 -3 -1 -1  3 -3 -1 -2 -1 -1 -3 -2  1  0  6 -2 -3    6   0   8   3   0   2   4  30   0   4   4   2   2   0   2  13   4  15   0   0  0.47 0.18
  145 S   -1  0  2 -2  1 -2 -2 -3 -2  0  1  0  0  1  1  1  2 -3 -2 -1    3   4  16   0   4   0   0   0   0   5  20   7   2   7   5  11  16   0   0   0  0.19 0.13
  146 S    1 -3 -1 -3 -2 -2 -2  0 -3  1  0 -2  1  2 -1  2  1  0 -1  1    9   0   2   0   0   0   0   8   0  10   8   0   4  12   3  23   6   1   0  12  0.18 0.13
  147 F    1 -3 -3 -4  2 -3 -3 -3 -3  3  1 -3  0  1 -1  1  0 -3 -2  2   13   0   0   0   7   0   0   0   0  23  17   0   1   8   2  13   3   0   0  13  0.28 0.13
  148 Y    2 -1 -2  0 -2 -2 -2 -1 -2 -1 -1 -2 -2  2 -1  2  1 -3  2  0   29   3   0   7   0   0   0   3   0   1   6   0   0  10   1  20   7   0   8   5  0.25 0.15
  149 F    2 -3 -3 -3 -2 -3 -3  0 -3  1  0 -3  1  3 -3  1  0  4 -1  1   19   0   0   0   0   0   0   5   0   8  10   0   3  17   0  15   3   7   0  13  0.27 0.14
  150 L    1 -3 -3 -4  1 -3 -3  1 -3  2  2 -3  0  0 -3  0 -1 -3 -1  1   12   0   0   0   4   0   0  12   0  23  22   0   0   4   0   8   2   0   1  12  0.24 0.12
  151 L   -2 -4 -4 -5 -3 -3 -4 -5 -4  3  4 -4  0  1 -4 -3  2 -4 -2  1    0   0   0   0   0   0   0   0   0  17  54   0   0   4   0   0  14   0   0  10  0.71 0.24
  152 G    1 -2 -1  0  3 -1 -2  3 -3  1 -1  0 -2 -3 -3  2  0 -4 -3 -1   11   0   0   7   9   2   0  25   0  14   4   6   0   0   0  20   3   0   0   0  0.28 0.14
  153 C    0 -4 -4 -5  6 -3 -4 -4 -4  2  2 -4  1  3 -4 -2 -1 -3 -2  0    8   0   0   0  30   0   0   0   0  12  24   0   3  15   0   2   3   0   0   2  0.65 0.22
  154 G    0 -3 -2 -3  2 -2 -2  0 -3  1  2 -2  1  1 -2  1 -1 -3 -1  2    8   0   0   0   6   0   1   7   0   9  21   1   2   8   0  15   2   0   0  17  0.17 0.09
  155 A    3  0 -2 -3 -2 -2 -2 -1 -2  1 -1 -2 -1 -3 -2  3 -1 -4 -3  1   33   7   0   0   0   0   0   3   0  12   4   0   0   0   0  25   0   0   0  11  0.36 0.18
  156 F   -1 -3 -3 -4 -3 -3 -3 -2  2  2  2 -3  0  4 -4 -3 -2  3  1  1    4   0   0   0   0   0   0   3   7  17  18   0   0  29   0   0   0   6   3  10  0.47 0.17
  157 F    0 -3 -3 -4  3 -3 -3 -3 -3  2  2 -3  0  2 -3 -1 -2 -3 -2  2   10   0   0   0  10   0   0   0   0  16  29   0   0  10   0   4   0   0   0  17  0.38 0.16
  158 S    0 -3 -1 -2 -3 -2 -2  2 -3 -4 -4 -2 -3 -4 -1  5  3 -4 -3 -3    4   0   0   0   0   0   0  14   0   0   1   0   0   0   3  57  17   0   0   0  0.87 0.31
  159 P    0 -4 -4 -4 -4 -3 -3 -4 -4 -4 -4 -3 -4  0  7 -3 -3 -5 -4  0    7   0   0   0   0   0   0   0   0   0   1   0   0   4  77   0   0   0   0   6  2.18 0.46
  160 V    0 -3 -4 -4 -2 -3 -3 -4 -4  4  1 -3  0  1  1 -1 -2 -3 -2  3    7   0   0   0   0   0   0   0   0  35  14   0   0   6   8   3   0   0   0  23  0.50 0.19
  161 A    3 -3 -3 -4 -2 -3 -3 -3 -3  2  2 -3  0  1 -3 -1  0 -3 -2  0   41   0   0   0   0   0   0   0   0  12  22   0   2   8   0   0   6   0   0   6  0.44 0.21
  162 M   -3 -4 -5 -6 -4 -3 -5 -1 -4  1  1 -4  7  4 -5 -4 -3 -3 -2  0    0   0   0   0   0   0   0   6   0   6   6   0  51  25   0   0   0   0   0   7  1.26 0.43
  163 V    0 -4 -4 -5  2 -4 -4 -1 -5  3  1 -4  0 -2 -4 -3 -1 -4 -3  4    6   0   0   0   7   0   0   6   0  24  13   0   1   0   0   0   1   0   0  43  0.65 0.24
  164 V    0 -3 -3 -4 -3 -3 -3 -4 -4  3  3 -3  0 -2 -4  1  0 -4 -3  2    5   0   0   0   0   0   0   0   0  21  33   0   0   0   0  18   5   0   0  18  0.49 0.21
  165 M   -2 -4 -5 -6 -3 -4 -5 -5 -4  1  5 -4  1  1 -5 -2 -2  2 -2 -1    2   0   0   0   0   0   0   0   0   7  73   0   3   6   0   4   2   3   0   0  0.97 0.32
  166 P    0 -4 -4 -4  3 -4 -3 -4 -4 -5 -5 -3 -4 -5  7  0 -3 -6 -5 -4    6   0   0   0   7   0   0   0   0   0   0   0   0   0  80   6   0   0   0   0  2.40 0.51
  167 Y   -2  1  0 -3 -3  0 -2 -3  2 -1  2  3 -1  1 -1 -1  0 -3  1  0    0   6   4   0   0   4   0   0   6   3  26  25   0   5   2   3   4   0   6   5  0.23 0.14
  168 V    0 -3 -3 -3  2 -2 -3 -3 -3  3  2 -3  2  0 -3  0 -1 -3 -2  1    8   1   1   1   6   1   1   1   0  26  24   1   8   3   1   7   2   0   0  10  0.31 0.13
  169 G    1 -1  0 -1 -2  1 -1  2 -2 -1  0  0 -1 -2  0  1  0 -3 -2 -1   13   1   4   3   0   7   2  19   0   4  15   6   0   1   4  14   3   0   1   1  0.15 0.07
  170 F   -2 -3 -3 -3 -3 -1 -3 -3 -2  1  1 -3  2  5 -3 -3 -2  6  2 -1    1   1   1   1   0   4   1   1   0  12  10   1   8  32   1   1   1  16   6   1  0.70 0.20
  171 F    0 -1 -1 -2 -2 -2 -1 -2 -2  2  1 -1  1  3 -2 -1 -1  1  1  1    9   4   3   1   0   1   4   2   1  16  12   3   5  21   1   2   1   3   4   8  0.16 0.08
  172 P   -1 -2 -2 -2 -3  1 -2  0 -2 -3 -1  0 -2  0  6 -2  0  2 -2 -2    4   1   1   1   0   6   1   7   0   1   6   5   0   5  47   1   7   3   1   1  0.97 0.22
  173 S    0 -1 -1  0 -2  1  1  0  1  0  0 -1 -1 -1  1  0  0  4  1  0    5   3   1   5   0   7   8   6   3   8  12   1   1   1   8   9   3   8   5   4  0.11 0.05
  174 A    0 -1  0 -1 -2 -1 -1  1 -2  0  1  0  0  0  0  1  0 -2 -2  0    8   4   4   4   0   1   3  11   1   5  20   5   1   3   3  11   4   0   1  10  0.04 0.03
  175 F    0 -2  1 -1  0 -1 -1 -1 -1  0  1 -1  3  2  0  0  0  1  1 -1    8   1   7   4   3   1   2   4   1   4  12   2  13  15   4   5   5   2   5   2  0.09 0.06
  176 D   -1 -1  2  3 -2 -1  0  0  2 -1  0 -1 -1  1 -1  1 -1 -2 -1  0    2   2   9  22   1   1   4   8   7   2   9   2   1   7   2  11   2   0   1   8  0.17 0.07
  177 H   -1 -1  0  0 -2 -1  0 -2  2  1  1  0  0  0 -2  0  0  2  2  0    2   2   7   5   0   1   6   3   7  11  17   5   3   1   1   6   4   3  10   6  0.06 0.05
  178 P   -1 -2 -2 -2 -2 -1 -1  0 -2  0  2 -1  0 -1  4  0 -1  0 -2 -1    3   1   1   1   1   1   4  10   1   6  26   3   2   1  24   8   3   2   1   2  0.35 0.10
  179 E    1 -1  0  1 -2  1  1  0 -1 -2 -1  0 -1 -2  2  1  0 -2  0 -1   10   2   4   7   1   7  13   7   1   2   5   5   1   1  10  16   2   0   4   3  0.18 0.04
  180 I    0 -1 -1  0 -2  0 -1 -2 -2  2  1  0  0 -1  2 -1 -1 -2 -1  1   10   2   2   5   1   5   2   3   1  26  17   5   1   1   9   3   2   0   1   4  0.12 0.05
  181 T    0 -1  0  0 -2  1  0  0 -1  0  0 -1  0 -1  0  1  2 -2  0  0    5   2   4   4   1   6   4   7   1   9  12   2   1   1   4   9  20   1   4   2  0.08 0.03
  182 Q   -1 -1  2  0 -2  2  1 -1 -1 -2 -1  0  0 -2  2  0  0  3 -1 -1    4   2  15   5   1  10  12   3   1   2   6   2   4   1  11   4   6   6   1   2  0.23 0.06
  183 T    0 -1  1  0 -1  0  0  1 -1 -1 -1 -1  0  0  1  1  1 -1 -1 -1    9   2   6   5   1   5   3  10   1   2   6   3   4   5   5  17  12   1   1   3  0.11 0.03
  184 V    0 -1 -1 -1 -2  1  0 -1 -1  0  0 -1  0 -1  1  1  1  3 -1  1    6   2   2   2   1   8   6   3   1   5  12   2   1   3   7  10  10   6   1  13  0.10 0.03
  185 R   -1  3  0  0 -3  0  2 -2 -1 -2 -2  2 -2 -1  0  1  0  1  0 -2    2  26   3   4   0   1  15   2   1   3   2  11   1   3   4  10   4   3   3   2  0.29 0.07
  186 T   -1 -1 -1  1 -2 -1  1 -1 -1  0 -1  0 -1 -2  1  1  1  5 -1 -1    2   1   1   8   1   1  11   4   1   6   7   8   1   1   7  12  11  13   1   2  0.23 0.06
  187 Q   -1  0  1  1 -2  3  2 -2  0 -1 -1  1 -1 -2 -1  0 -1 -2 -2 -1    4   3   5   6   1  21  16   2   2   6   6  10   1   1   2   9   2   0   1   4  0.23 0.06
  188 L   -1 -1 -1 -2 -2  1 -1 -1  0  1  2 -1  0  0 -1  0  0 -1  0  0    3   2   2   2   1   7   2   6   4   6  36   2   1   4   2   6   6   0   3   7  0.10 0.04
  189 L    0 -1 -1  0 -2  0  1 -2 -1  1  1  1  0 -1 -1  1  0 -2 -2  0    6   2   1   7   1   4  11   2   1  10  22   8   1   1   2  14   5   0   1   2  0.09 0.04
  190 A    1  0  0  1 -2  0  2  0 -1 -1 -1 -1 -1 -2  2  1  0 -2 -2 -1   12   5   4   6   0   3  16   7   1   4   5   1   1   1  11  15   1   0   1   5  0.19 0.04
  191 C   -1 -5 -5 -5 10 -5 -5 -5 -5 -3 -4 -5 -3 -4 -5 -3 -3  1 -4 -3    4   0   0   0  90   0   0   0   0   0   0   0   0   0   0   0   0   2   0   0  2.67 0.45
  192 S   -1 -1  2  2 -4  0  0  4 -2 -4 -4 -1 -3 -4  0  1  0 -4 -4 -3    2   2  11  15   0   3   7  39   0   0   0   0   0   0   3  11   6   0   0   0  0.57 0.14
  193 E    1 -2 -1 -1 -2  0  0 -3  1  2 -1 -2  0 -2  3  0  2 -3 -1  0   16   0   3   4   0   5   4   0   5  20   3   0   2   0  14   2  15   0   1   6  0.23 0.09
  194 Q    0 -2 -1  3 -4  1  3  0  1 -2 -2 -1 -2 -3 -1 -1  1 -4 -1 -1    7   0   0  17   0   5  32   6   5   2   3   0   0   0   2   1  12   0   3   4  0.39 0.13
  195 C   -3 -6 -5 -1 10 -5 -6 -5 -6 -3 -4 -6 -4 -1 -5 -3 -3 -5 -5 -3    0   0   0   4  93   0   0   0   0   0   0   0   0   3   0   0   0   0   0   0  2.77 0.47
  196 K   -2  0  1  3 -5  2  4 -2 -1 -4 -3  2 -3 -4 -3 -1 -2 -4  0 -2    0   2   6  18   0  12  37   2   0   0   2  13   0   0   0   0   0   0   4   3  0.66 0.18
  197 G   -1 -4 -2 -3 -5 -3 -4  6 -4 -6 -5 -3 -5 -5 -4  0 -1 -5 -5 -5    2   0   0   0   0   0   0  87   0   0   0   0   0   0   0   8   3   0   0   0  1.65 0.31
  198 Q   -1  0 -1 -3 -3  1 -2 -3  3  0  2  0  1 -1 -3 -1  0 -2  2 -1    5   4   2   0   0  10   0   0  11   3  33   4   5   0   0   4   7   0   9   1  0.23 0.10
  199 L   -1 -3 -4 -4  1 -3 -4 -4  0  1  4 -3  2  3 -4 -3 -2 -2  2 -1    3   0   0   0   3   0   0   0   3   4  54   0   6  15   0   0   0   0   8   0  0.59 0.16
  200 V   -2 -4 -4 -5 -2 -4 -4 -5 -4  5  3 -4  1  1 -4 -3 -2 -3 -2  2    0   0   0   0   0   0   0   0   0  51  26   0   1   5   0   0   0   0   0  14  0.74 0.19
  201 S    1 -2  1 -1 -3 -2 -2  2 -2 -3 -1 -2 -2 -1 -2  4  2 -4 -3 -2    7   0   6   2   0   0   0  16   0   0   5   0   0   3   0  46  12   0   0   0  0.51 0.17
  202 L   -2 -3 -4 -4  0 -3 -3 -4 -3  3  3 -3  4  2 -4 -3 -2 -3 -1  1    0   0   0   0   3   0   1   1   0  22  38   0  15  11   0   0   0   0   0   6  0.56 0.15
  203 A    4 -3 -2 -3 -1 -2 -2  1 -3  0 -1 -2  1 -1 -2  1  0  2 -2  0   50   0   0   0   1   0   0   8   0   8   3   0   5   2   0  10   5   3   0   3  0.40 0.15
  204 A    0 -4 -4 -4  1 -3 -4 -4 -3  2  0 -4  1  5 -4 -2 -2 -2  0  2    7   0   0   0   3   0   0   0   0  10   3   0   3  46   0   2   0   0   0  22  0.66 0.19
  205 R   -2  2 -2 -2 -5  0 -1 -3 -2 -4 -4  6 -3 -5 -3 -2 -2 -5 -4 -4    0  10   0   0   0   0   0   0   0   0   0  87   0   0   0   0   0   0   0   0  1.52 0.34
  206 L   -2 -3 -3 -3 -3 -2  0 -4 -3  1  4 -3  2 -1 -3 -1  1 -3  0  0    0   0   0   0   0   0  10   0   0   3  58   0   4   0   0   6   9   0   3   4  0.47 0.16
  207 L    0 -3 -3 -4  1 -3 -3 -4 -3  2  3 -3  0  2 -3 -2  0 -3 -1  2    9   0   0   0   3   0   0   0   0  13  37   0   0  12   0   2   4   0   0  18  0.37 0.11
  208 L   -2 -4 -4 -5 -3 -3 -4 -5 -4  4  4 -4  1  0 -4 -3 -2 -3 -2  1    2   0   0   0   0   0   0   0   0  32  54   0   0   4   0   0   0   0   0   6  0.76 0.19
  209 L   -3 -4 -5 -6 -3 -4 -5 -6 -5  0  5 -4  2 -1 -5 -4 -3 -4 -3 -1    0   0   0   0   0   0   0   0   0   0  98   0   2   0   0   0   0   0   0   0  1.41 0.32
  210 A    2 -3 -3 -4  0 -3 -3  0 -3  1  2 -3  1  2 -3  0  0 -3 -1  1   22   0   0   0   3   0   0   8   0   6  29   0   3  12   0   5   3   0   0  10  0.24 0.10
  211 I   -2 -4 -5 -5 -3 -4 -4 -3 -4  5  2 -4  0  1 -1 -3 -2 -4 -2  2    2   0   0   0   0   0   0   1   0  49  24   0   0   5   4   0   0   0   0  16  0.68 0.19
  212 G    3 -3 -2 -3 -1 -3 -3  5 -3 -4 -2 -3 -3 -4 -3  0 -2 -5 -4 -3   36   0   0   0   1   0   0  55   0   0   3   0   0   0   0   5   0   0   0   0  1.02 0.24
  213 L    0 -2  0 -2 -2 -1 -2 -2 -3  1  1 -2 -1 -2 -3  3  3 -4 -3  1    4   0   3   0   0   2   0   1   0  10  13   0   0   0   0  35  22   0   0  10  0.40 0.16
  214 W   -4 -5 -5 -6 -5 -4 -5 -3 -4 -3  0 -5 -3  2 -5 -3 -4 10  2 -2    0   0   0   0   0   0   0   2   0   0   8   0   0   7   0   2   0  71   6   3  2.59 0.42
  215 A    5 -3 -3 -4 -2 -3 -3 -1 -3  2 -2 -3 -2 -1 -2  0 -1 -4  0  1   65   0   0   0   0   0   0   1   0  14   0   0   0   2   0   4   0   0   3  10  0.70 0.24
  216 V   -2 -4 -5 -5 -3 -3 -4 -5 -4  2  4 -4  2  0 -4 -3 -1 -3 -2  2    0   0   0   0   0   0   0   0   0   8  62   0   3   3   0   0   3   0   0  21  0.79 0.20
  217 F   -4 -5 -5 -5 -4 -4 -5 -5 -2  0 -1 -5  0  7 -5 -4 -2 -1  5 -2    0   0   0   0   0   0   0   0   0   4   1   0   2  69   0   0   2   0  22   0  1.63 0.34
  218 M   -2 -1 -4 -5  3 -3 -4 -2 -3 -1  2 -3  0  4 -4 -2 -3  6  2 -1    3   4   0   0   8   0   0   3   0   0  24   0   1  31   0   3   0  15   4   4  0.67 0.18
  219 R   -3  7  0 -3 -5 -1 -2 -2 -2 -5 -4  1 -3 -4 -1  0 -3 -5  0 -4    0  80   3   0   0   0   0   2   0   0   0   3   0   0   3   6   0   0   3   0  1.46 0.34
  220 R   -1  4 -1 -2 -4  0  0 -1  2 -4 -4  3 -3 -4  3  1  0 -5 -3 -3    3  31   0   0   0   1   3   3   7   0   0  18   0   0  16  12   6   0   0   0  0.65 0.17
  221 T    2  0  1 -2  0  0 -1 -1  0 -3 -3  0 -3 -4  5  1  1 -5 -3 -2   19   4   6   0   3   3   3   2   3   0   0   7   0   0  30   7  13   0   0   0  0.64 0.15
  222 S   -1  4  1 -1 -4  0  0 -1  0 -2 -3  2 -1 -3 -1  1  0 -4  0 -3    2  41   5   1   0   1   5   4   1   2   0   9   1   0   3  13   6   0   4   0  0.51 0.16
  223 A    4 -2 -2 -3  0 -2 -2 -2  2 -3 -3 -1 -2 -1 -2  2  0 -3  1 -1   60   0   0   0   2   0   0   0   8   0   0   3   0   2   0  13   2   0   6   4  0.63 0.21
  224 T    0  0  1  2 -1 -1 -1 -1 -2  0 -1  0 -1  1 -3  1  3 -3 -1 -1    4   7   6  12   1   0   0   3   0   6   3   3   0  11   0  12  27   0   1   4  0.21 0.10
  225 M   -1 -3 -4 -5 -3 -3 -4 -2 -3  0  3 -3  5  1 -4 -3  0 -3  0  1    5   0   0   0   0   0   0   3   0   1  45   0  26   6   0   0   4   0   3   6  0.60 0.19
  226 P    0 -4 -4 -4 -5 -3 -3 -4 -4 -5 -5 -3 -4 -6  8 -2  0 -6 -5 -4    5   0   0   0   0   0   0   0   0   0   0   0   0   0  90   0   5   0   0   0  2.71 0.40
  227 R   -3  7 -2 -3 -1  1 -2 -4 -2 -5 -4  0 -3 -5 -4  0 -3 -5 -4 -4    0  87   0   0   2   3   0   0   0   0   0   0   0   0   0   8   0   0   0   0  1.70 0.36
  228 I   -1 -4 -4 -5 -2 -4 -4 -5 -4  4  2 -4  0  0  0 -3 -2 -3 -2  3    3   0   0   0   0   0   0   0   0  33  28   0   0   4   4   0   0   0   0  29  0.63 0.17
  229 F   -2  0  0  1  2 -2 -2 -3  1 -1 -1 -2 -2  4 -4  0  0 -2  3 -1    0   6   6  12   6   0   0   0   3   4   3   0   0  31   0  10   5   0  12   2  0.35 0.13
  230 L   -1  0 -3 -4 -2 -2 -2 -4 -3  1  2 -1  1  2 -2  0 -1 -3 -1  3    0   7   0   0   0   0   2   0   0   5  27   3   3  10   1   8   2   0   0  31  0.28 0.11
  231 Y   -1 -3 -4 -4  1  0 -3 -2  0 -1  0 -3 -1  5  0 -2 -2  2  4 -1    6   0   0   0   4   5   0   3   1   3   8   0   0  40   4   1   0   3  19   4  0.59 0.16
  232 R   -1  6 -2 -3 -5  1 -2 -4  0 -5 -4  3 -3 -5 -3 -2 -3 -5 -4 -4    4  74   0   0   0   2   0   0   2   0   0  17   0   0   0   0   0   0   0   0  1.45 0.30
  233 A    3 -3 -2 -3  0 -2 -2 -1 -3 -1  1 -2 -1  0 -2  2  2  2 -2  0   40   0   0   0   2   0   0   1   0   2  14   0   0   4   0  13  17   4   0   4  0.36 0.14
  234 L    0 -3 -3 -4  1 -3 -3  1 -3  1  3 -3  1  1 -3  0 -2 -3 -2  0    9   0   0   0   3   0   0  12   0  10  44   0   4   8   0   7   0   0   0   3  0.32 0.11
  235 V   -1 -1 -4 -4 -2 -3 -3 -4 -3  2  3 -3  3  0 -4 -1  0 -3 -2  3    2   3   0   0   0   0   0   0   0   8  39   0  11   4   0   3   4   0   0  26  0.48 0.14
  236 L    0 -1 -1 -3 -2 -2 -3 -2 -3  1  3 -2  4 -1 -3  0  0 -3 -2  1    5   4   3   0   0   0   0   3   0   7  39   0  18   0   0   9   5   0   0   7  0.32 0.11
  237 L    1 -3 -3 -3  1 -2 -3 -3 -3  1  1 -2  1  2 -3  0  0 -3 -1  2   20   0   0   0   4   0   0   0   0   6  18   0   5  11   0   8   5   0   0  23  0.23 0.08
  238 L   -2 -4 -4 -5  0 -3 -4 -5 -4  2  4 -4  1  2 -4 -3 -1 -3 -1  1    0   0   0   0   2   0   0   0   0  11  69   0   0  11   0   0   2   0   0   5  0.73 0.16
  239 V    0 -3 -3 -4 -2 -3 -3 -1 -4  3  2 -3  0 -1 -3 -1  1 -3 -2  3    5   0   0   0   0   0   0   4   0  20  19   0   0   0   0   3  10   0   0  39  0.39 0.11
  240 T   -1 -4 -4 -4 -3 -3 -4 -4 -3  0  2 -3  1  5 -4 -2  1 -1  2  0    4   0   0   0   0   0   0   0   0   2  23   0   3  49   0   0  11   0   3   5  0.67 0.16
  241 I   -2 -4 -4 -5 -2 -3 -4 -5 -4  3  3 -4  2  3 -4 -3 -2 -2 -1  2    0   0   0   0   0   0   0   0   0  19  38   0   5  15   0   0   0   0   0  23  0.58 0.12
  242 C   -1 -3 -3 -4  4 -3 -2 -4 -3  3  2 -3  0  2 -3 -2  0 -3 -1  2    2   0   0   0  15   0   2   0   0  22  19   0   0  13   0   2   5   0   0  20  0.37 0.09
  243 T   -1 -3 -3 -3 -2 -2 -3 -4 -3  2  2 -2  2 -1 -3  0  3 -3 -2  2    4   0   0   0   0   0   0   0   0  17  28   0   5   0   0   4  26   0   0  16  0.39 0.11
  244 F   -1 -3 -3 -4  0 -3 -3 -2 -3  2  1 -3  0  4 -3  0 -1 -2  0  2    5   0   0   0   2   0   0   4   0  12  10   0   1  35   0   7   3   0   0  20  0.37 0.11
  245 A    3 -2 -2 -2  3 -2 -2  0 -2 -1 -1 -2 -2 -3 -2  2  1 -4 -3  0   41   0   0   0  12   0   0   6   0   3   4   0   0   0   0  26   5   0   0   4  0.43 0.10
  246 Y   -3 -3 -3 -4 -4 -3 -4 -4  2 -2 -1 -3 -2  4 -4 -3 -3  0  7 -2    0   0   0   0   0   0   0   0   6   0   4   0   0  22   0   0   0   0  61   0  1.20 0.20
  247 W   -4 -4 -5 -6  2 -4 -5 -5  1 -4 -4 -5 -3 -1 -6 -5 -5 11  1 -4    0   0   0   0   6   0   0   0   5   0   0   0   0   0   0   0   0  89   0   0  3.20 0.34
  248 L   -2 -3 -4 -5 -2 -3 -4 -5 -4  2  4 -3  1 -1 -4 -1 -2 -3 -2  1    0   0   0   0   0   0   0   0   0  17  72   0   0   0   0   7   0   0   0   5  0.69 0.13
  249 F   -3 -4 -5 -5 -4 -4 -5 -5 -2 -1  0 -4 -1  7 -5 -4 -3 -1  3 -2    0   0   0   0   0   0   0   0   0   0   6   0   0  88   0   0   0   0   6   0  1.53 0.23
  250 Y   -3 -4 -4 -5 -4 -3 -4 -1  0 -2 -1 -4 -2  3 -5 -3 -3  1  7 -3    0   0   0   0   0   0   0   5   0   0   6   0   0  10   0   0   0   0  79   0  1.48 0.23
  251 I    0  0 -2 -2 -2 -2 -2  2 -2  2  0 -2 -1 -1 -2  1  0 -3 -1  2    6   6   0   1   0   0   1  18   0  16   2   1   0   2   1  11   4   0   3  28  0.15 0.05
  252 V   -1 -2 -3 -3 -2 -2 -1 -3  1  2  0 -2  2  1 -3 -2 -1  4  1  3    1   1   0   1   0   0   5   1   6   9   5   1   7   6   1   1   1   7   4  45  0.31 0.08
  253 Q    1  4 -1 -2 -3  3  0 -2  0 -2 -1  3 -1 -3 -2 -1 -1  1 -2 -2   13  33   1   1   0  16   1   1   2   1   6  19   0   1   1   1   1   2   0   1  0.44 0.08
  254 V   -1  0 -2 -3 -2 -2 -2 -1 -3  3  0 -2  0 -1 -2 -2 -1 -3 -2  3    1   8   1   1   0   1   1   6   0  35   4   1   0   1   1   1   1   0   1  35  0.31 0.07
  255 T   -1  0 -1 -2 -2 -1 -2 -2 -2  1  2 -1  0  1 -2 -1  0  4  0  1    2   7   3   2   1   1   2   2   1   9  27   2   1   5   2   2   8  10   3  10  0.16 0.04
  256 N   -1  1  1  3 -2  1  2 -1  3 -2 -2  0 -2 -2 -1 -1 -1  3 -1 -2    4   7   5  21   1   9  12   2  13   2   3   4   1   1   2   2   2   6   1   2  0.30 0.05
  257 G    1  1 -1 -1 -2  0 -1  2 -1 -2 -2  0 -1 -2  1  1  0  3 -2  0   12  10   1   1   0   3   1  20   1   1   2   6   1   1   7   9   8   7   1   8  0.20 0.04
  258 A    1  2 -1 -1 -2  0  1 -1 -1 -1 -1  1 -1 -2  2  0  1 -2 -2  1   17  14   1   2   1   3   8   2   1   2   5   7   1   1   9   2  10   0   1  13  0.16 0.05
  259 K   -1  3 -1  2 -3  0  2 -2 -1 -3 -2  3 -2 -1 -1 -1 -1 -3 -2 -2    2  26   1  11   0   1  13   2   1   1   2  26   1   4   1   4   1   0   1   2  0.45 0.12
  260 I    0  1 -1 -1 -1 -1 -1 -1 -1  2  1 -1  0  0 -1  0  0 -1 -1  1    9  10   2   2   1   2   3   3   1  18  10   3   3   4   2   8   4   1   1  12  0.05 0.02
  261 V    0  1 -1  0 -2  1  0 -1 -1  1  1 -1  0  0 -1 -1 -1 -2 -1  1   11   8   2   5   1   6   4   3   1  11  19   2   2   6   2   3   2   0   1  10  0.04 0.02
  262 V    0 -1  0 -1 -2  0  1 -1 -1  0  1  0  0  0  0  0  0 -1  0  0    8   2   3   2   1   2  11   3   1   7  17   4   1   4   5   9   7   1   5   9  0.05 0.02
  263 E    0  0  0  1 -2  1  3 -1 -1 -1 -1  1  1 -2 -1  0  0 -2 -1 -1    7   2   4   6   1   6  30   3   1   5   4   7   6   2   2   5   4   1   1   3  0.23 0.05
  264 T    0  1  0  1 -2  2  0 -1  0 -1 -1  1 -1 -1 -1  1  1 -1 -1  0    4  10   2   8   1  17   5   4   1   2   4   6   1   2   2  10  12   1   2   7  0.16 0.04
  265 G    0  0  1  0 -2  1  0  2  0 -1 -1  0 -1 -1  0  0  0 -1 -1 -1    4   5   8   3   1   9   6  22   3   4   6   5   1   2   4   6   5   1   3   3  0.12 0.02
  266 G    0  1  0  1 -1  0  1  1 -1 -1 -1  1 -1 -1  0  1  0 -1 -1 -1    7   8   5   7   1   2  11  12   1   3   5   7   1   2   4  12   3   1   2   4  0.11 0.01
  267 D    0  0  2  2 -2  1  2 -1 -1 -2 -2  1 -1 -2 -1  0  0 -2 -2 -1    7   5  12  12   1   6  20   3   1   2   4   6   1   2   2   6   6   1   1   4  0.22 0.05
  268 A    1  0  0  0 -1  1  0  0 -1  0 -1  0  0 -1  0  1  0 -1 -1  0   15   6   3   6   1  10   6   5   1   5   7   3   1   4   3  11   5   1   2   7  0.07 0.01
  269 V    0  1 -1 -1 -2  0  0 -2 -1  1  0  1  0 -1  0  0  0  3  0  1    6  11   1   2   1   2   5   2   1  10   8  10   3   1   5   6   5   5   4  12  0.08 0.03
  270 D   -1  0  2  4 -3  0  2 -2 -1 -3 -3 -1 -2 -3 -1  0  0 -3 -2 -2    2   4  13  32   1   4  18   2   1   1   2   2   1   1   1   7   7   0   1   2  0.49 0.10
  271 Y   -3 -3 -3 -4 -4 -3 -4 -4  0  0 -1 -3 -2  3  0 -3 -3  0  7 -2    1   1   0   1   0   0   1   1   0   6   5   1   0  10   5   1   1   0  66   1  1.40 0.30
  272 K    0  1  1  0 -3  2  0  0  1 -1 -1  2 -1 -2 -1  1  0 -3  0 -2    4   7   5   5   0  14   2   7   4   4   9  17   0   0   3  11   6   0   3   1  0.16 0.07
  273 S    0 -2  0  0 -3 -2 -2  3  1 -3 -3 -1  0 -1  1  2  0 -3  0 -2    7   0   3   4   0   0   0  32   4   0   1   2   5   2   8  21   3   0   4   3  0.37 0.12
  274 L   -1 -4 -4 -5 -3 -4 -4 -4 -4  5  2 -4  0 -2 -4 -3 -2 -4 -3  2    5   0   0   0   0   0   0   0   0  63  15   0   0   0   0   0   0   0   0  13  0.89 0.24
  275 V   -2 -4 -5 -5 -3 -4 -4 -5 -5  2  2 -4  0 -2 -4 -3  0 -4 -3  5    0   0   0   0   0   0   0   0   0   9  21   0   0   0   0   0   4   0   0  67  0.99 0.28
  276 G    0  0  0 -1 -3  3  0  0 -2 -3 -1  1 -2 -3 -3  3  1 -4 -3 -2    5   4   3   2   0  18   5   7   0   0   8   6   0   0   0  34   6   0   0   2  0.37 0.16
  277 Y   -4  0 -5 -5 -4 -4 -5 -5 -2 -2  1 -4 -2  6 -5 -4 -4 -1  6 -3    0   6   0   0   0   0   0   0   0   0  11   0   0  50   0   0   0   0  33   0  1.41 0.33
  278 A    5 -3 -3 -3 -2 -2 -2 -2 -3 -3 -3 -2 -3 -4 -2  2  2 -5 -4 -1   68   0   0   0   0   0   0   0   0   0   0   0   0   0   0  15  13   0   0   4  0.96 0.30
  279 T    0 -2  1 -1 -3 -2 -2  1 -3  0  1 -1  0 -2 -3  2  2 -4 -3  2    3   0   6   3   0   0   0  15   0   4  13   1   2   0   0  19  14   0   0  18  0.22 0.11
  280 N    1 -2  1 -2  2 -1 -1 -2 -1 -2 -2  0  1 -2 -2  3  1 -3  1 -2    9   0   9   0   8   0   0   0   0   0   0   6   8   0   0  41   9   0   6   0  0.34 0.16
  281 F   -2 -3 -3 -4  4 -2 -3 -4  3  2  1 -3  3  2 -4 -3 -2 -1  3  1    0   0   0   0  12   0   0   0  12  12  12   0  12  12   0   0   0   0  12  12  0.38 0.12
  282 V    0 -2 -2 -3  0 -2  0 -2 -3  2  1 -2  0 -1 -3  0  1 -3 -2  3    4   0   0   0   2   0   8   2   0   8  19   0   0   0   0   8  14   0   0  36  0.22 0.05
  283 D   -3 -2  2  6 -5 -1  1 -2 -2 -5 -5 -2 -4 -5 -3 -1 -2 -6 -4 -4    0   0  10  85   0   0   5   0   0   0   0   0   0   0   0   0   0   0   0   0  1.48 0.15
  284 T    3 -2 -2 -3  3 -2 -2 -1 -3  0  0 -2 -1 -2 -2  1  2 -4 -3  0   49   0   0   0   8   0   0   0   0   8   8   0   0   0   0   7  14   0   0   6  0.35 0.07
  285 L   -2 -3 -4 -4 -3  0 -2 -5 -3  1  4 -3  2  0 -4 -3 -2 -3 -2  0    0   0   0   0   0   6   3   0   0   0  84   0   5   2   0   0   0   0   0   0  0.70 0.11
  286 L   -2 -3 -4 -5 -2 -3 -4 -5 -4  2  5 -3  2  0 -4 -3 -2 -3 -2  0    0   0   0   0   0   0   0   0   0   9  87   0   4   0   0   0   0   0   0   0  0.85 0.12
  287 F   -3 -4 -4 -5  0 -4 -5 -5 -2 -1 -1 -4 -1  7 -5 -3 -3  4  4 -2    0   0   0   0   3   0   0   0   0   0   0   0   0  79   0   0   0   7  11   0  1.29 0.15
  288 I   -1 -3 -3 -4  1 -3 -3 -4 -3  3  2 -3  2 -1 -3 -2  1 -3 -2  3    0   0   0   0   3   0   0   0   0  25  27   0   5   0   0   0  13   0   0  26  0.41 0.06
  289 H   -3 -1  1 -2 -5  1 -1 -3  8 -4 -1 -2 -2 -2 -3 -2 -2 -3  0 -4    0   0   8   0   0   5   0   0  79   0   8   0   0   0   0   0   0   0   0   0  1.39 0.18
  290 Y   -3 -3 -4 -5 -4 -3 -4 -5  1  0 -2 -3 -2  3 -5 -3 -3  1  7 -2    0   0   0   0   0   0   0   0   0   8   0   0   0  10   0   0   0   0  82   0  1.47 0.17
  291 V    1 -3 -3 -4 -2 -2 -3 -3 -3  3  3 -3  1 -1 -3  0 -1 -3 -2  2   12   0   0   0   0   0   0   0   0  23  39   0   0   0   0  10   0   0   0  16  0.35 0.06
  292 A    4 -2 -1 -2 -2 -1 -1  2 -2 -2 -3 -1 -2 -3 -2  2  1 -4 -3 -1   53   0   0   0   0   0   0  15   0   0   0   0   0   0   0  24   5   0   0   3  0.55 0.09
  293 V   -1 -3 -4 -4 -2 -3 -3 -4 -4  3  2 -3  1 -1 -3 -3 -1 -3 -2  4    0   0   0   0   0   0   0   0   0  19  27   0   0   0   0   0   0   0   0  52  0.56 0.08
  294 V    1 -3 -3 -4 -2 -3 -3 -3 -3  3  1 -3  0  1 -3 -1  0 -3 -1  3   14   0   0   0   0   0   0   0   0  21  11   0   0   8   0   0   4   0   0  40  0.34 0.06
  295 L    0 -3 -4 -4 -2 -2 -3 -4 -3  1  4 -3  3  0 -3 -2 -2  2 -2  1    8   0   0   0   0   0   0   0   0   6  55   0  12   2   0   0   0   3   0  10  0.53 0.13
  296 L   -3 -4 -5 -5 -3 -3 -4 -5 -4  1  4 -4  3  1 -4 -3 -2 -3 -2  1    0   0   0   0   0   0   0   0   0   5  73   0   8   6   0   0   0   0   0   7  0.85 0.18
  297 E   -2 -2 -2  0 -5  0  6 -4 -1 -3 -4  0 -3 -2  1  0 -2  2  0 -3    0   0   0   0   0   0  76   0   0   2   0   2   0   2   6   4   0   4   5   0  1.09 0.24
  298 L   -2 -4 -4 -5 -3 -3 -4 -5 -4  3  3 -4  1  1  0 -3 -2 -3 -2  2    0   0   0   0   0   0   0   0   0  28  46   0   0   7   6   0   0   0   0  13  0.60 0.14
  299 R   -1  6 -1 -3 -5  2 -1 -3  0 -4 -2  2 -2 -4 -3 -2 -1 -4 -2 -3    2  66   2   0   0   7   0   0   1   0   4  12   0   0   0   0   4   0   1   0  1.02 0.21
  300 H   -2  3 -1 -2  0  4 -1 -3  6 -4 -3  1 -2 -3  1 -1 -2  3 -1 -4    1  19   0   0   3  23   0   0  33   0   2   5   0   0   7   2   0   4   0   0  0.78 0.19
  301 Q   -1  0  0 -2 -2  0 -2 -3  1  1  3 -1  2 -1 -3 -2 -1 -3 -2  1    5   5   5   2   0   6   0   0   4  10  43   4   5   0   0   0   2   0   0   7  0.23 0.08
  302 Q   -2  3 -1 -1 -4  4  2 -3  1 -3 -3  1 -2  0 -1 -1 -1 -3  0 -3    0  25   0   2   0  36  11   0   3   0   1   6   0   4   3   0   2   0   5   0  0.64 0.15
  303 P    0 -1 -1 -3 -1 -2 -1 -3 -3 -3 -3  0 -2 -2  6  1  1 -5 -4 -3    3   2   2   0   2   0   2   0   0   0   0   4   1   2  57  13  11   0   0   1  1.34 0.20
  304 C    0  2 -1 -1  1  2  1 -2  0  0  0  1  0 -1 -2  0  0 -3 -2  0    4  13   2   0   4  13  10   1   2   5   9  11   3   3   0   4   4   0   0  10  0.14 0.04
  305 Y   -1 -2 -2 -2  1 -2 -2 -2  0  1 -1 -2 -1  4 -2  0 -1  2  4 -1    2   1   1   1   4   1   1   2   0  15   2   1   0  25   1  10   1   2  27   1  0.38 0.08
  306 Y    0  0  0 -2  1 -1 -1 -2  3  0 -1 -1  0  1 -2  0  0 -1  4  0    6   5   5   1   5   1   1   2  10   8   5   1   2   3   1   6   8   0  23   6  0.15 0.05
  307 I    1 -2 -2 -2  3 -2 -2 -2 -2  2  1 -2  0 -1 -2 -1 -1 -2 -2  2   15   1   1   1   9   1   1   2   0  12  20   1   0   1   1   2   1   0   1  29  0.19 0.05
  308 K   -1  1  0  0  1  1  2 -2  2 -2 -2  2 -2 -2 -1  1  0 -3 -1 -2    2   5   1   1   4   4  20   2   9   1   2  21   0   1   1  17   6   0   1   1  0.29 0.06
  309 I    0 -2 -2 -2 -1 -2 -2 -2 -2  2  1 -2  0 -1 -2  1  0 -2 -2  3    4   1   1   1   0   1   1   2   0  11  10   1   0   1   1  15   1   0   1  46  0.25 0.07
  310 I   -1 -2 -2 -3  4  1 -2 -3 -2  2  0 -2  0 -2 -2 -1  1 -3 -2  3    1   1   1   1  14   9   1   1   0  14   5   1   2   1   1   1  11   0   0  36  0.28 0.08
  311 R   -1  5 -1 -2 -3  0 -1 -2 -1 -3 -2  1 -2 -3  2  1 -1 -3 -2 -2    1  55   1   1   0   1   1   1   0   1   2   1   0   1  12  18   1   0   1   1  0.64 0.08
  312 S    1  0  1  1 -2 -1 -1 -1 -1 -1  1 -1 -1 -2 -1  3  1 -3 -2 -1    7   7   6   9   0   1   1   1   0   1  18   1   0   1   1  38   4   0   1   1  0.21 0.04
  313 P    0 -2 -1 -1 -2 -1 -1  0 -2 -1 -2 -1 -1 -2  5  2  2 -3 -2  0    1   1   1   1   0   1   1   6   0   4   2   1   0   1  32  21  19   0   1   7  0.62 0.06
  314 D   -1  2  1  4 -3  0  0 -2 -1 -2 -2  0 -2 -3 -2  1 -1 -3 -2 -1    1  18   7  43   0   1   1   1   0   1   2   1   0   1   1  12   1   0   1   7  0.47 0.06
  315 G   -1 -2 -1 -2 -3 -2 -2  4 -2 -3 -3 -2 -2 -2  3 -1 -2  6 -1 -3    1   1   1   1   0   1   1  49   0   1   2   1   0   1  18   1   1  17   1   1  0.83 0.08
  316 V    0  2 -1  0 -3  1  4 -2  0 -1 -2  0  1 -1 -2  0  0 -3 -1 -1    7  16   1   1   0   3  37   1   2   3   3   2   6   2   1   6   5   0   2   3  0.35 0.10
  317 S    1  1 -1 -1  0  0  0 -2 -1 -2 -2 -1  0 -3  2  3  1 -3 -2 -1    7   8   1   1   2   4   5   1   0   1   1   1   3   1  10  41  10   0   1   3  0.39 0.11
  318 R   -2  4 -1 -2 -3  3  0 -3  3 -2  0  3 -1 -3 -2 -1 -2 -3 -2 -2    1  30   1   1   0  19   1   1  10   1  11  19   0   1   1   1   1   0   0   1  0.55 0.15
  319 S   -1 -2 -1 -2  1 -1 -2 -1  3  0 -1 -2 -1  2  2  1  1 -1  3  0    3   1   1   1   4   2   1   3  10   5   1   1   0  10  11  10  14   0  15   8  0.23 0.08
  320 Y   -2 -2 -2 -3 -3 -2 -3 -3  4 -1  0 -2  1  2 -3 -2 -2  0  6  0    1   1   1   1   0   1   1   1  12   1  11   1   3   3   1   1   1   0  53   7  0.88 0.20
  321 M    0  0  3 -1 -2  0 -1 -1  1 -2 -1  0  1 -2  1  2  1 -3 -2 -1    7   4  17   1   0   3   1   2   4   2   5   6   5   1   5  21  11   0   1   3  0.23 0.09
  322 L   -1 -2  0 -2  2 -2 -2 -3 -2  3  2 -2  1 -1 -2 -2 -1 -2 -2  2    4   1   8   1   5   1   1   1   0  27  23   1   3   1   1   1   1   0   1  17  0.28 0.10
  323 G    0 -2 -1 -2 -3 -2 -2  5  1 -3 -3 -2 -3 -3 -2  0 -2 -3 -3 -3    8   1   1   1   0   1   1  67   4   1   2   1   0   1   1   6   1   0   1   1  1.00 0.21
  324 Q    1  0  2  0 -3  3  1 -2  2 -2 -2  0  0 -2  0  0 -1 -3 -1 -1   12   5  14   4   0  23  10   1   6   2   3   4   2   1   3   3   2   0   1   3  0.30 0.10
  325 L   -1 -2  1 -2  3  1 -2  0 -2  1  1 -2  2  1 -3 -1  1 -2 -1  1    1   0   9   0   9   9   1  10   0  10  10   1   9   9   0   1  10   0   0  10  0.12 0.11
  326 S    0  1  0 -2  1 -1 -1 -2  1 -3 -3 -1 -2 -3 -2  5  2 -4 -3 -2    0   7   0   0   4   0   0   0   4   0   0   0   0   0   0  76   9   0   0   0  0.76 0.10
  327 I   -2 -4 -4 -5 -2 -3 -4 -5 -4  5  2 -4  1 -1 -4 -3 -1 -3 -2  3    0   0   0   0   0   0   0   0   0  71  14   0   0   0   0   0   0   0   0  15  0.70 0.08
  328 Q   -2  0 -1 -1 -4  7  1 -3  0 -4 -3  0 -1 -4 -2 -1 -2 -3 -3 -3    0   0   0   0   0 100   0   0   0   0   0   0   0   0   0   0   0   0   0   0  1.49 0.15
  329 R   -1  5  0 -1 -4  2  2 -3  2 -3 -2  2 -2 -3 -2  0 -1 -4 -2 -3    5  50   4   0   0   5  15   0   6   0   3   7   0   0   0   3   0   0   0   0  0.64 0.06
  330 A    4 -2 -2 -3  2 -2 -2 -1 -2 -1  0 -2 -1 -2 -2  1  1 -4 -3  0   61   0   0   0   7   0   0   0   0   0   8   0   0   0   0   9   8   0   0   6  0.44 0.06
  331 A    5 -2 -2 -2 -1 -1 -1 -1 -2 -2 -3 -1 -2 -3 -1  2  0 -4 -3 -1   83   0   0   0   0   0   0   0   0   0   0   0   0   0   0  17   0   0   0   0  0.77 0.09
  332 V    1 -3 -3 -4 -2 -1 -1 -4 -1  3  1 -3  0 -2 -3 -1  0 -4 -3  4   11   0   0   0   0   3   3   0   2  16  15   0   1   0   0   2   3   0   0  44  0.44 0.13
  333 W   -1 -2 -1 -3 -4  3  1 -4  3 -3 -3 -1 -2  0 -4 -2 -1  8  1 -1    4   0   2   0   0  16  12   0  10   0   0   2   0   3   0   1   4  37   3   4  1.13 0.22
  334 V   -1 -4 -5 -5  2 -4 -4 -5 -5  4  1 -4  0 -2 -4 -3 -2 -4 -3  4    2   0   0   0   7   0   0   0   0  36  10   0   0   0   0   0   0   0   0  45  0.83 0.18
  335 L   -3 -4 -5 -6 -3 -4 -5 -2 -5  1  5 -4  1 -1 -5 -4 -3 -4 -3 -1    0   0   0   0   0   0   0   4   0   7  89   0   0   0   0   0   0   0   0   0  1.17 0.24
  336 Q   -2  3  0  2 -5  3  4 -3  3 -5 -4  0 -3 -5 -3 -2 -2 -5 -3 -4    0  21   4  12   0  19  37   0   8   0   0   0   0   0   0   0   0   0   0   0  0.88 0.19
  337 H   -2  0  2 -2 -4  1 -1 -3  3 -2 -2  3  1  2 -3 -1 -2  2  3 -2    0   3  11   1   0   6   0   0  10   2   0  27   5  14   0   2   0   3  11   2  0.38 0.13
  338 Y   -4 -4 -4 -5 -5 -3 -4 -6  4 -4 -3 -4 -4  1 -5 -4 -4  0  8 -4    0   0   0   0   0   0   0   0  11   0   0   0   0   0   0   0   0   0  89   0  2.34 0.43
  339 Y   -3 -3 -3 -1 -4  0  1 -5  2 -2 -1 -3  1  0 -4 -1 -1  0  7 -1    0   0   0   3   0   4  13   0   5   0   3   0   5   0   0   3   3   0  55   6  0.93 0.25
  340 V    1  2  0 -2  0  0 -1 -2  1  0 -2  1 -2 -3 -2  2  3 -4 -3  0    9  14   2   0   3   3   0   0   3   7   0   7   0   0   0  22  22   0   0   9  0.30 0.12
  341 D   -3  0  1  6 -5  0  1 -3 -2 -4 -4 -1 -4  0 -3 -2 -1 -4  1 -4    0   6   5  60   0   4   8   0   0   0   0   2   0   6   0   0   2   0   7   0  1.01 0.23
  342 F   -4 -5 -5 -6 -4 -5 -6 -6 -3 -2 -1 -5 -2  8 -6 -4 -4 -2  1  0    0   0   0   0   0   0   0   0   0   0   0   0   0  93   0   0   0   0   0   7  2.03 0.39
  343 P   -1 -3 -1 -1 -4  0  0 -4  0 -4 -4 -2 -4 -5  7  1  1 -6 -4 -4    2   0   3   3   0   4   5   0   2   0   0   0   0   0  60  11  10   0   0   0  1.53 0.26
  344 I    0 -1 -2 -2 -2 -2  0 -3  1  2  0 -2  0 -2 -1  3  0 -4 -2  2    5   3   0   0   0   0   5   0   5  15   5   0   2   0   2  31   3   0   0  23  0.28 0.13
  345 F   -4 -4 -4 -2 -5 -3 -4 -5  3 -3 -3 -4 -3  3  0 -4 -4  0  8 -4    0   0   0   3   0   0   0   0   6   0   0   0   0  13   4   0   0   0  74   0  1.76 0.31
  346 N   -3  0  7  0 -5  1 -2 -2 -1 -5 -5 -1 -4 -5 -4 -1  0 -6 -4 -5    0   3  85   0   0   7   0   0   0   0   0   0   0   0   0   0   5   0   0   0  1.69 0.32
  347 P   -1 -3 -3 -1 -4  0 -3 -4 -4  0 -3 -3 -3 -4  7 -1 -2 -6 -5  1    4   0   0   3   0   4   0   0   0   5   0   0   0   0  66   4   0   0   0  13  1.68 0.32
  348 Y    2 -3  0 -1 -3 -2 -2  0  2 -2 -1 -2 -2  3 -3  0 -2  1  5 -2   21   0   6   3   0   0   0   6   7   0   6   0   0  13   0   5   0   1  30   0  0.46 0.16
  349 L   -1 -3 -3 -4 -3 -2 -3 -3  0  0  4 -1  2  1 -3 -2 -2  1 -1  0    6   1   1   1   0   0   1   1   3   1  65   3   3   6   1   2   1   2   0   3  0.54 0.17
  350 E    0 -1  1  3 -3  0  2 -2 -1 -2  0 -1  0 -2  0  0 -1 -3  0 -1    6   3   6  26   0   4  16   1   0   1  12   1   3   1   4   7   1   0   4   4  0.27 0.08
  351 R   -2  4  3 -1 -3  0 -1 -2 -1 -2 -2  3 -2 -3  0 -1  0 -3 -1 -2    1  38  16   1   0   3   1   1   0   2   3  19   0   1   3   1   4   0   2   1  0.57 0.15
  352 I    1 -1 -2 -2  1  0 -1 -2 -1  1  2 -1  1 -1 -1  0  0 -2  0  1   12   4   1   1   4   6   1   2   1   6  25   1   4   1   2   9   5   0   5   9  0.08 0.04
  353 P   -1  2 -2 -2 -3 -1 -1 -3 -2 -1 -1  1 -2 -1  6 -1  0 -3 -3 -1    1  12   1   1   0   1   3   1   0   5   7   8   0   3  44   4   4   0   0   4  0.88 0.17
  354 I    1  0  1 -1 -2  1 -1 -1 -1  0  1  0  1 -2  1  1  1 -2 -2  0   11   7   7   1   0   6   1   5   1   7  14   4   4   1   7   9   9   0   1   4  0.09 0.04
  355 S    0  1  2 -1 -2  0  0  0 -1 -2 -2  0 -1 -2  0  3  1 -3  0  0    1   7  10   1   0   4   4   7   0   1   2   3   1   1   3  33  10   0   3   7  0.27 0.13
  356 V    1  1 -1 -2 -2 -1 -1  0 -2  0 -1  1 -1 -1 -2  1  1 -3 -2  1   15   7   2   1   0   1   1   8   0   7   3   8   0   4   1  16   8   0   1  16  0.12 0.07
  357 S    0  1  0 -2  1  0 -1  1  2 -3 -2  1 -2 -3 -1  3  0 -3 -2 -2    6   8   4   1   4   2   1  10   5   1   3   8   0   1   2  37   4   0   1   1  0.32 0.14
  358 K   -1  4 -1 -3 -5  1 -1 -1  0 -4 -4  4  0 -4 -3  0 -2 -5 -3 -2    5  32   2   0   0   5   0   5   2   0   0  38   3   0   0   6   0   0   0   2  0.79 0.28
  359 S    1  0  1  0 -3 -1 -1  0  2 -3 -1  0 -2  1 -2  3  1 -3 -1 -2    8   4   8   4   0   0   1   5   8   0   6   4   0   8   0  36   6   0   0   1  0.31 0.16
  360 Q   -1  3 -1 -2 -3  2 -1  0 -1  0 -1  2  0 -1 -1  0  0 -3  0 -1    3  18   2   0   0  13   0   7   0   7   3  19   3   3   2   7   5   0   4   3  0.23 0.12
  361 R    0  2  2 -2 -3 -1 -1 -1 -1 -1  0  2  0 -2 -2  1  0 -3 -1 -2    9  16  11   1   0   0   1   4   0   2  14  14   3   0   1  12   7   0   3   1  0.19 0.11
  362 N    0  0  3 -1 -3  0 -1 -1  0 -3 -3  1 -1 -1  1  3  1 -4 -2 -2    8   4  18   0   0   4   1   3   1   0   1   8   1   4   6  29  10   0   0   1  0.37 0.16
  363 K   -1  2  1  1 -4  1 -1  1  1 -2 -3  4 -2  0 -3  0 -1 -4 -2 -2    1  11   5  11   0   4   0  11   3   2   1  35   0   5   0   6   2   0   0   3  0.39 0.17
  364 I    0  0  0 -2  2  0 -2  0  3  0 -1  0 -1 -1  0 -1 -1 -3  1  1    7   4   5   0   6   5   1   8  10   6   6   8   0   2   5   3   3   0   6  15  0.09 0.10
  365 S    0  0  2 -2  0 -2 -2  0  1 -3 -1  0  2 -1  1  3  0 -4 -1 -2    8   5  11   0   2   0   0   7   3   0   4   6   9   2   8  25   4   0   2   2  0.27 0.20
  366 N    1 -1  3 -1 -3  1 -1  1 -1 -3 -3  0 -2 -3  2  2  1 -4 -3 -2   10   0  21   0   0   7   0   9   0   0   1   6   0   0  11  22  10   0   0   0  0.42 0.13
  367 S    1 -1  1 -1 -2 -1  0  3  1 -2 -2  0  1 -2 -2  1  1 -3 -2 -2   13   1   7   1   0   1   7  27   6   1   1   6   7   1   1  12   8   0   0   1  0.27 0.09
  368 F   -2 -2 -2 -3 -2 -2 -2 -3 -2  0  1  0  0  5  0 -2 -2 -1  2  0    1   1   1   1   0   1   1   1   0   3  19  11   0  48   4   1   1   0   3   3  0.42 0.08
  369 K   -1  1  2 -1 -3  2  1 -2 -1 -3 -3  4 -2 -3 -1  1  0 -3 -2 -2    1   1  10   1   0   9   3   1   0   1   1  55   0   1   1   8   4   0   0   1  0.55 0.09
  370 Y   -1 -1 -2 -3 -2 -1 -2 -3 -2  1  0  0  1  2 -2 -1  0 -1  1  2    1   1   1   1   0   1   1   1   0   7   6  11   6  16   1   1   8   0   6  32  0.17 0.05
  371 Y   -2 -1 -2 -3 -3 -1 -2 -3  1 -1  0  1 -1  2 -2 -2 -2  1  6 -2    1   1   1   1   0   1   1   1   0   1   8  15   0   1   1   1   1   0  64   1  0.67 0.07
  372 E   -1 -1  4  4 -3  0  1 -1 -1 -3 -3  0 -2 -3 -1  2  0 -3 -2 -2    1   1  28  30   0   1   7   1   0   1   1   1   0   1   1  22   1   0   1   1  0.54 0.04
  373 V   -1 -2 -2 -3 -2 -2 -2  0 -2  2  2 -2  1 -1 -2 -1  0 -2 -2  2    1   1   1   1   0   1   1  11   0  20  21   1   0   1   1   1   8   0   1  29  0.19 0.02
  374 D   -1 -1  0  5 -3  0  2  1 -1 -2 -2 -1 -2 -2 -1  0  1 -3 -2 -2    2   1   1  48   0   1  11  11   1   1   2   1   1   1   1   2  11   0   1   2  0.50 0.03
  375 G    0 -2  0  0 -3  0  1  4 -2 -3 -1 -1 -2 -3 -2  1 -1 -3 -3 -2    5   1   5   3   0   4  10  43   0   1  10   1   0   0   1  14   1   0   0   1  0.45 0.10
  376 V    0  0 -1 -1 -2  1  1  2  0 -1  0  0  0  0  1  0 -1 -2 -2  0    5   3   1   1   0  11  12  17   2   2  12   4   3   4   6   5   2   0   0   9  0.11 0.04
  377 S    1 -1  2  0 -3  0  2  2 -1 -3 -3  0 -3 -4  0  2  0 -4 -3 -2   15   0  14   2   0   2  19  19   0   0   0   4   0   0   3  16   5   0   0   2  0.38 0.10
  378 N   -1 -1  5  1 -4  0  0  2 -2 -4 -3  1 -3 -4 -1  0  0 -5 -4 -2    3   0  42   7   0   2   7  14   0   0   2  11   0   0   2   3   5   0   0   3  0.62 0.19
  379 S    0  0  3  1  2  0  0 -1  0 -3 -2  0 -3 -1 -2  3  1 -4 -3 -2    7   3  17   6   6   2   3   4   2   0   3   5   0   4   1  27   7   0   0   2  0.32 0.18
  380 Q    0 -2  3 -1 -3  2  1 -2 -2 -2 -1  0  0 -4 -3  2  1 -4 -3 -1    4   0  18   1   0  10  11   2   0   1   6   6   3   0   0  23   9   0   0   5  0.36 0.20
  381 Q    0  0  2 -2 -3  2  1 -2  1  0 -2  0 -2  0 -1  1  2 -4 -2 -1    7   5  12   0   0  10   8   2   3   7   3   3   0   5   2  12  18   0   0   3  0.21 0.14
  382 Q   -1 -1  2  1 -3  2  1 -1 -1 -1 -1  1 -2 -3  1  0  1 -4 -1  0    4   2  12   8   0  13  10   4   1   5   5   7   0   0   6   2  10   0   2   8  0.19 0.11
  383 S    1  0  2  0  1 -2 -1  2 -2 -2 -3 -2 -3 -2  1  2  0 -4 -3  0   14   4  16   3   4   0   3  15   0   0   0   0   0   2   7  19   3   0   0  11  0.29 0.19
  384 Q    0  1  1  0  1  3  1  1  0 -1 -3  0 -2 -4  0  1  1 -4 -3 -2    6   8   9   3   4  18   9  11   2   5   0   5   0   0   5   8   9   0   0   0  0.27 0.16
  385 S    1  0  1  0 -3 -1 -1  0 -2 -2 -3  1 -2 -3  1  2  2 -3  1 -1   16   5   9   5   0   0   0   6   0   0   0   9   0   0   6  21  13   0   6   6  0.27 0.16
  386 R    0  3 -1 -2 -3  1  0 -1  1 -3 -1  1 -2  0  0 -1  2 -3 -2 -2    9  26   0   0   0   5   6   5   5   0   5  10   0   5   5   0  18   0   0   0  0.31 0.17
  387 A    2 -3  0 -3 -3 -2 -2  1 -3  0 -2 -2 -2 -3  0  1  2 -4  0  1   26   0   4   0   0   0   0  13   0   6   2   0   0   0   5  10  17   0   4  14  0.30 0.19
  388 V   -1  0 -3 -3  0 -2  0  0 -3  2  2 -2  2 -2  0 -1  1 -4 -3  2    1   6   0   0   2   0   8   7   0  12  19   0   7   0   4   2  12   0   0  20  0.20 0.15
  389 L    0 -1 -1 -3 -3  0 -2  0  1  2  2 -2  2  0 -3 -1 -1 -3  1  1    7   4   2   0   0   5   0   7   6  13  20   0  10   2   0   4   2   0   5  13  0.15 0.12
  390 A    1 -2  0  0  2  0  1  0 -2  0 -2  0  0 -3 -2  2  2 -4 -3 -1   17   0   4   4   6   3  11   6   0   6   0   4   4   0   0  16  18   0   0   3  0.26 0.16
  391 A    4 -3 -2 -3 -3  1 -2  2 -3  0 -3 -2 -2 -4  0  1  1 -4 -4  0   44   0   0   0   0   9   0  15   0   6   0   0   0   0   3   9  10   0   0   6  0.50 0.27
  392 N    2  1  1 -2  1  1 -1  1  0 -3 -3  0 -2 -4 -2  2  1 -4 -3  0   24   7   8   0   5   7   0  10   2   0   0   5   0   0   0  21   6   0   0   6  0.32 0.18
  393 A    3 -1 -2 -1 -2 -2 -2  1 -2 -2 -2 -1 -2 -3  1  2  1 -4 -3  1   29   4   0   2   0   0   0  13   0   0   4   3   0   0   6  18   7   0   0  12  0.31 0.17
  394 R    0  4 -2 -1 -3  0 -1 -1  0  0 -2  1  1 -3  0 -2  0  3 -2  0    7  35   0   4   0   4   0   3   2   7   0   9   6   0   5   0   5   5   0   6  0.37 0.20
  395 R   -2  5  1 -3 -4 -1 -2 -1  0 -1 -3  1 -2 -4 -3  0  1  2 -3 -1    0  49   8   0   0   0   0   6   2   4   0   5   0   0   0   4  10   4   0   6  0.67 0.29
  396 R    0  4  0 -2 -3  1 -1  0 -1 -2 -1  1 -2 -3 -3  0  0 -3  0  0    5  40   3   0   0   5   1   9   0   0   6   7   0   0   0   5   4   0   3  10  0.42 0.20
  397 D    2  1  1  3 -3 -1  0  0 -2 -2 -3  1 -2 -2  1  1 -1 -4 -3 -2   21  10   5  23   0   0   5   5   0   3   1   8   0   2   5  10   2   0   0   1  0.32 0.15
  398 S    0 -2  1 -2  2 -1 -1  2 -2 -2 -3 -2 -1  0  1  2  2 -4 -2 -1    6   0   9   0   7   3   3  18   0   0   0   0   2   6   6  15  22   0   0   2  0.30 0.16
  399 S    1  0  3 -2  1 -2 -2  3 -2 -2 -1 -2 -2 -3 -3  2 -1 -4 -3 -1   14   7  16   0   4   0   0  22   0   0   7   0   0   0   0  24   0   0   0   6  0.38 0.20
  400 H   -1  0  0 -3  2  0 -2 -3  5 -2  0  1 -2  2 -3 -2  0 -2  3 -2    5   5   4   0   7   5   0   0  23   0  10  10   0  10   0   0   5   0  13   0  0.37 0.18
  401 N    1 -2  4  1 -3 -1 -1  1  2 -3 -1  0 -2 -3 -3  2  1 -4 -3 -3   11   0  25   6   0   0   0  10   6   0   8   7   0   0   0  19  10   0   0   0  0.38 0.19
  402 E   -1 -2 -1  3 -5  2  5 -3 -2 -4 -4 -1 -3 -5 -3  1 -2 -5 -4 -2    3   0   0  21   0   8  52   0   0   0   0   0   0   0   0  12   0   0   0   3  0.99 0.28
  403 R   -2  5 -2 -3 -4 -1  1 -4 -2  0 -1  1  0 -2  2 -2 -2 -4  0  1    0  46   0   0   0   0  10   0   0   5   6   3   2   2  12   0   0   0   3  11  0.63 0.22
  404 F   -3 -4 -4 -5 -3 -3 -4 -5 -2  1  1 -4  3  4 -4  1 -2 -1  5 -1    0   0   0   0   0   0   0   0   0   8  14   0  12  25   0  12   0   0  29   0  0.77 0.24
  405 Y   -3 -1 -1  1 -4  1 -2 -4  4 -2  0 -3 -2  3 -4 -3 -3 -1  6 -3    0   2   2  10   0   8   0   0  13   0  12   0   0  16   0   0   0   0  37   0  0.82 0.25
  406 E    0 -2  0  1 -4  1  4 -2  1 -4 -4  0 -3 -4  2  0  1 -5 -4 -3   10   0   2   6   0   3  47   2   4   0   0   2   0   0  12   4   8   0   0   0  0.72 0.21
  407 E   -2 -2 -2  1 -5  0  5 -1 -2 -2 -3 -1  2 -4 -3  1 -1 -5 -4 -3    0   0   0   6   0   2  62   4   0   2   0   0  10   0   0  12   2   0   0   0  0.96 0.30
  408 H    1 -2 -1 -1  2 -1  0  0  1  1  1 -2  1 -2 -3  0 -1 -3 -1  1   18   0   1   3   5   2  10   8   5   9  18   0   3   0   0   3   2   0   1  10  0.09 0.07
  409 E   -2  1  2  2 -5  0  5 -3 -2 -5 -5 -1 -4 -5  2  0 -2 -5 -4 -4    0  10  11  11   0   0  52   0   0   0   0   0   0   0  12   4   0   0   0   0  0.98 0.27
  410 Y   -3  1 -3 -4 -4 -1 -3 -4  3 -1  0 -1  0  3  2 -3 -3  6  4 -3    0   9   0   0   0   2   0   0  11   3   7   4   3  19  12   0   0  14  15   0  0.67 0.20
  411 E    0 -2 -1  2 -5  1  5  1 -2 -5 -4 -1 -3 -4 -3 -1 -2 -4 -1 -4    9   0   0  12   0   3  62  12   0   0   0   0   0   0   0   0   0   0   3   0  0.93 0.24
  412 R    0  5 -2 -3  2 -1 -2 -3  0 -2 -3  3 -2 -1 -3 -2 -2 -4 -3  0    7  48   0   0   7   0   0   0   2   0   0  21   0   4   0   0   0   0   0  12  0.71 0.21
  413 R   -1  5  1 -2 -4  0 -1 -3 -2 -3 -4  3 -3 -4 -3 -1  1 -5 -3 -2    4  55   7   0   0   0   0   0   0   0   0  19   0   0   0   0  12   0   0   3  0.93 0.24
  414 V    1 -3 -4 -4 -2 -3 -3 -4  0  3  1 -3  0  0 -3 -2 -1 -3 -2  3   18   0   0   0   0   0   0   0   4  23  14   0   0   4   0   0   0   0   0  37  0.46 0.15
  415 K   -2  4 -1 -1 -1  1 -1  0 -2 -3 -1  4 -2 -4 -3 -1 -2 -4 -3 -1    0  36   0   3   2   4   0   8   0   0   7  32   0   0   0   2   0   0   0   7  0.59 0.18
  416 K   -2  3  1  2 -5  1 -1 -3 -2 -4 -4  5 -3 -5  1 -2 -2 -5 -4 -4    0  14   7  12   0   3   0   0   0   0   0  56   0   0   8   0   0   0   0   0  0.90 0.23
  417 R   -2  5 -2 -3  0 -1 -2  1  0 -3 -1  1 -2 -2 -3 -2 -2 -3  1 -3    1  60   0   0   2   0   0  12   2   0   8   4   0   0   0   0   0   0   7   0  0.77 0.21
  418 R   -2  4 -1 -2 -4  1 -1 -3 -1 -3 -3  4 -2  1 -2  1 -1  3  0 -3    1  29   0   0   0   4   0   1   0   0   1  34   0   8   0  12   0   4   4   0  0.60 0.17
  419 A    2 -2 -2 -3 -2 -1 -2 -3  4 -1  1 -2  3 -1 -3  0 -1 -3  2  0   29   0   0   0   0   0   0   0  15   0  16   0  14   0   0   7   2   0   8   8  0.33 0.15
  420 R   -1  2 -1 -2 -3 -1 -1  1 -2 -1 -1  2  2 -3 -2  1  2 -3 -3  1    0  14   0   0   0   0   0  14   0   0   0  14  14   0   0  14  14   0   0  14  0.23 0.09
  421 L   -3 -3 -4 -5 -3  2 -3 -5 -3  0  5 -3  1 -1 -4 -3 -3 -3 -3 -1    0   0   0   0   0  16   0   0   0   0  84   0   0   0   0   0   0   0   0   0  0.97 0.21
  422 I   -1  1 -2 -3 -2  0 -1 -3 -2  2  1 -1  2 -1 -3  1  0 -3 -2  2    0  13   0   0   0   3   4   0   0  16  13   0   8   2   0  16   2   0   0  24  0.22 0.08
  423 T    0  2  0 -2  1  0  1 -3 -2  0 -1  0  1 -3 -2  0  1 -4 -3  1    9  21   4   0   4   3  14   0   0   3   3   0   5   0   0   7  10   0   0  18  0.20 0.07
  424 A    4 -3 -2 -3  4 -2 -2 -2 -3 -2 -3 -2 -2 -3 -2  2  0 -4 -3  0   61   0   0   0  13   0   0   0   0   0   0   0   0   0   0  16   3   0   0   8  0.72 0.17
  425 A    2 -3 -2 -3  2 -2 -2 -3 -3  0 -1 -2 -1 -3 -3  1  3 -4 -3  3   19   0   0   0   6   0   0   0   0   0   0   0   0   0   0  13  23   0   0  39  0.47 0.14
  426 E   -3 -2 -2  0 -6  0  6 -4  1 -5 -5 -1 -4 -4 -3 -2 -3  6 -2 -4    0   0   0   0   0   0  80   0   4   0   0   0   0   0   0   0   0  16   0   0  1.56 0.27
  427 E   -2 -1 -1  3 -4  0  4 -3 -2 -2  1  0  3 -3 -3 -2 -2 -4 -3 -2    0   2   0  20   0   2  43   0   0   0  16   4  13   0   0   0   0   0   0   0  0.64 0.15
  428 A    4  2 -3 -3 -2 -2 -2 -2 -3 -2 -3 -1 -2 -4 -2  1 -1 -4 -3  1   61  15   0   0   0   0   0   0   0   0   0   0   0   0   0  10   0   0   0  15  0.69 0.20
  429 F   -3 -4  2 -3 -4 -3 -4 -4 -2 -2 -2 -3 -2  6 -4  1 -2 -2  1  0    0   0  15   0   0   0   0   0   0   0   0   0   0  62   0  15   0   0   0   9  1.01 0.24
  430 T    1 -2  2 -2 -3 -2 -1 -1 -2 -1 -3 -2  0 -3 -3  1  5 -4 -3 -1    9   0  14   0   0   0   3   3   0   3   0   0   3   0   0   8  53   0   0   3  0.64 0.18
  431 H   -3  1  0  2  3  0 -1 -2  6 -4 -4 -2 -3 -3 -4 -1 -1  6 -1 -2    0  10   3  15   9   4   0   3  32   0   0   0   0   0   0   3   3  15   0   4  0.75 0.18
  432 I   -2  1  1 -3 -3 -2 -3 -4 -3  3  1 -2  0 -2  2 -2 -1 -4 -3  3    0  12   9   0   0   0   0   0   0  29   9   0   0   0  11   0   0   0   0  30  0.41 0.13
  433 K   -1  3  0 -1 -4  3  2  0  1 -4 -2  3 -2 -4 -2 -1 -2 -4 -3 -3    2  16   5   0   0  13  17   9   4   0   3  31   0   0   0   0   0   0   0   0  0.55 0.13
  434 R    0  5  0 -2 -4  0 -1 -3 -1 -3 -3  2 -3 -1 -3  0 -2 -4 -3 -1    7  59   5   0   0   0   0   0   0   0   0  14   0   3   0   8   0   0   0   4  0.86 0.19
  435 I    0 -2 -3 -2  0 -2 -3 -4 -1  2  1  0  2  2 -3 -2 -1 -3  1  2    6   0   0   3   2   0   0   0   2  18  16   9   7   9   0   0   4   0   4  19  0.23 0.12
  436 H    1  1  1  0 -3  3  1 -2  3 -3 -2  0 -2 -4  2  1  0 -4 -3 -1   11   9   5   5   0  19   6   1   9   0   2   2   0   0   9  12   4   0   0   6  0.32 0.14
  437 N    0 -2  2  1  3  2  1  1 -1 -3 -2 -1  0 -4  0  1  0 -4 -3 -2    9   0  15   5   8  11   8  11   1   0   3   1   3   0   4  15   3   0   0   1  0.27 0.12
  438 E   -1  1  1  2 -4  0  4 -1  0 -1 -4  1 -3 -4  1  1 -2 -5 -4 -3    2  10   5  12   0   2  33   3   2   4   0   9   0   0   7  11   0   0   0   0  0.51 0.18
  439 P   -1  0  1  3  0  1  2  0 -2 -4 -3  3 -2 -4  2 -1  0 -5 -4 -3    3   2   8  18   2   6  11   7   0   0   2  21   1   0  11   3   5   0   0   1  0.42 0.17
  440 A    0  1  1  1  2  1  0  0  2  0 -2  0 -2 -3  1  0  0 -4 -2  0    7   7   7   7   6   7   7   7   6   7   1   7   0   0   7   7   7   0   0   7  0.13 0.11
  441 P    0 -1  0 -1  0 -2 -2  0 -1 -1 -3 -2 -2 -4  5  2  1  0 -3 -1    7   2   4   2   3   1   0   8   2   5   1   0   0   0  31  17   9   2   0   5  0.59 0.18
  442 A    2  0  2  0  2 -1 -2  2 -2 -3 -3  0 -3 -3 -2  1  1 -4  0 -2   24   5  14   6   7   0   0  14   0   0   0   6   0   0   0  11   7   0   3   2  0.31 0.14
  443 L    0 -1  0 -1 -2 -1  1  0 -1  1  0  0  1 -2  0  1  1 -3 -2  0    5   1   6   3   0   0   9   7   2  11  10   6   5   0   3  14   9   0   0   8  0.08 0.06
  444 P    0 -2  0 -2 -3  0 -2 -3 -2 -1 -1 -1 -1 -3  5  1  1 -4 -3  1    6   1   6   1   0   5   1   1   0   2   7   3   1   0  30   9  10   0   0  15  0.54 0.16
  445 L   -2 -3 -4 -4 -3 -2 -3 -2 -3  2  2 -3  7  1 -4 -3 -2 -3 -2  0    1   0   0   0   0   0   0   3   0  10  15   0  58   5   0   1   0   0   0   4  0.99 0.25
  446 D   -1 -2  2  5 -4 -1  1 -1  0 -4 -4 -1 -3 -4  0  2  1 -4 -3 -3    1   0   7  44   0   0   9   3   2   0   1   0   0   0   3  18   9   0   0   0  0.71 0.16
  447 P    0 -3 -1  1 -3 -2 -2 -3 -3 -3 -2 -2 -3 -4  6  0 -1 -4 -4 -1    7   0   3   7   0   0   0   1   0   0   4   0   0   0  58   9   4   0   0   5  1.34 0.21
  448 Q    1  4 -1  0  0  0  0 -3  2 -2 -1  0  0 -2 -3 -1 -1 -3  2 -1   13  34   2   6   2   3   6   0   5   0   7   1   4   0   0   1   1   0  11   3  0.32 0.12
  449 E   -2 -2  1  2 -5  3  5 -2 -1 -4 -3 -1 -3 -4 -3 -1  2 -5 -4 -3    0   0   7   8   0  13  53   2   0   0   3   0   0   0   0   0  15   0   0   0  0.85 0.22
  450 A    4 -2 -2 -3 -2 -2 -2 -1 -3 -1 -2 -2 -2 -3 -2  2  1 -4 -3  1   62   0   0   0   0   0   0   0   0   0   0   0   0   0   0  15  10   0   0  13  0.60 0.13
  451 A    5 -2 -2 -3 -2 -2 -2 -1 -3 -3 -3 -2 -2 -4  3  1 -1 -4 -3 -2   77   0   0   0   0   0   0   0   0   0   0   0   0   0  15   9   0   0   0   0  0.90 0.16
  452 S    0  0 -1 -1 -4  5  2 -3  2 -3 -2  2 -2 -4 -2  2 -1 -4 -3 -3    4   0   0   0   0  44  14   0   5   0   3  11   0   0   0  18   0   0   0   0  0.67 0.13
  453 A    2 -2  0 -2 -2 -1  0  0 -2  0  0 -2  1  0  1  1  1 -4 -2  0   28   0   5   0   0   0   8   5   0   5   6   0   5   6   6  12   8   0   0   6  0.19 0.09
  454 V   -3 -4 -5 -6 -3 -4 -5 -6 -5  4  3 -4  0 -2 -5 -4 -2 -4 -3  4    0   0   0   0   0   0   0   0   0  30  38   0   0   0   0   0   0   0   0  31  0.95 0.22
  455 F   -3 -4 -4 -5 -3 -4 -4 -5 -3  0  1 -4 -1  6 -4 -3 -3  2  1  1    0   0   0   0   0   0   0   0   0   0  11   0   0  70   0   0   0   3   0  16  1.03 0.16
  456 P    2 -3 -2 -3 -3 -2 -2  1 -3 -4 -4 -2 -3 -4  6  1  0 -5 -4 -3   22   0   0   0   0   0   0  14   0   0   0   0   0   0  51   9   4   0   0   0  1.25 0.13
  457 S    1  2 -1 -2  1  0 -1 -1 -2 -1 -1  1 -1 -3  0  3  1  2 -2 -1   10  14   0   0   4   4   0   2   0   5   6   8   0   0   3  33   9   4   0   0  0.26 0.06
  458 M   -2 -2 -4 -5 -2 -2 -4 -5 -3  3  3 -3  5  1 -4 -3 -2 -3 -2  1    0   2   0   0   0   0   0   0   0  30  33   0  29   4   0   0   0   0   0   2  0.57 0.09
  459 A    3 -2 -2 -3 -1 -1 -2 -1 -2  0 -1 -2  1 -2 -2  2  0 -4 -2  1   52   0   0   0   0   0   0   0   0   7   0   0   6   0   0  19   3   0   0  14  0.40 0.08
  460 R   -2  5 -1 -2  4  1 -1 -3 -1 -3 -3  2 -2 -4  2 -1 -2 -4 -3 -1    0  49   1   0  17   8   0   0   0   0   0  10   0   0  11   0   0   0   0   4  0.69 0.09
  461 A    1 -2 -2 -3 -3 -1 -2 -2 -3  1 -2 -2 -2 -2  5  1  0  5 -2 -1   15   0   0   0   0   2   0   0   0  17   0   0   0   0  36  18   2  11   0   0  0.78 0.08
  462 L   -2 -3 -4 -4  4 -3 -4 -4 -3  0  3 -3  2  0  2 -3 -2 -3 -2  0    0   0   0   0  17   0   0   0   0   0  60   0   8   4  11   0   0   0   0   0  0.57 0.09
  463 Q   -2  0  1 -1 -4  5  1 -3  0 -3  0  2 -1 -3 -2 -1  0 -3 -3 -2    0   0   7   0   0  62   0   0   0   0  11  17   0   0   0   0   3   0   0   0  0.76 0.12
  464 K   -2  2 -1  1 -4  0  0 -3 -2 -2 -2  5  3 -3 -2 -1 -1 -4 -3 -2    0   8   0  11   0   0   0   0   0   0   0  64  17   0   0   0   0   0   0   0  0.68 0.11
  465 Y   -3 -3 -3 -4 -4 -2 -3 -5  3 -1  1 -3 -1  2 -4 -3 -2  1  7 -2    0   0   0   0   0   0   0   0  11   0  21   0   0   2   0   0   0   0  66   0  1.04 0.13
  466 L   -2 -2 -3 -3 -3  2 -2  0 -2  1  4 -2  2 -1 -3 -2 -2 -3 -2  0    0   0   0   0   0  17   0  11   0   2  67   0   2   0   0   0   0   0   0   0  0.45 0.09
  467 R   -2  6 -1 -2 -5  0 -1  2 -1 -4 -4  2 -3 -4 -3 -1 -2 -4 -3 -4    0  78   0   0   0   0   0  17   0   0   0   5   0   0   0   0   0   0   0   0  1.08 0.13
  468 V    0  2 -1 -2 -2 -1 -2 -3 -2  0  1 -1  0 -1 -2  1  3 -3 -2  1    7  17   0   0   0   2   0   0   0   4  14   0   0   2   0   8  33   0   0  14  0.25 0.05
  469 T    0 -2 -1 -2 -2 -1 -2 -2 -2 -1 -2 -1  0 -3 -2  1  6 -4 -3  0    4   0   0   0   0   0   0   0   0   0   0   0   3   0   0   4  87   0   0   3  0.92 0.15
  470 R   -2  5 -1 -2 -4  2 -1 -3 -1 -2 -2  3 -2 -3 -3 -1 -1 -4 -3  1    0  55   0   0   0   8   0   0   0   0   0  21   0   0   0   0   0   0   0  17  0.73 0.10
  471 Q   -1  1 -1 -2 -3  5  1 -3  0 -2  0  1 -1 -3 -2  1 -1 -3 -3 -2    0   8   0   0   0  60   0   0   0   0  13   2   0   0   0  17   0   0   0   0  0.69 0.12
  472 Q    0  0  0 -2 -4  6  1 -3  5 -4 -3  0 -1 -3 -2 -1 -2 -3 -1 -3    8   0   2   0   0  64   0   0  26   0   0   0   0   0   0   0   0   0   0   0  1.00 0.15
  473 P   -1 -2 -1 -2 -4  1 -2 -3  4 -1 -1 -2 -2 -3  6  0  0 -4 -2 -2    3   0   1   0   0   7   0   0  20   5   5   0   0   0  47   8   5   0   0   0  1.08 0.15
  474 R   -2  3 -2 -3  3  2 -2 -4  3 -2  0  0  0  0 -3 -1 -2  3  2 -3    0  28   0   0  11  11   0   0  11   0   9   4   3   2   0   5   0   6   9   0  0.45 0.16
  475 H   -3 -3 -2 -4 -5 -2 -3 -5  7 -4 -3 -3 -3  3  1 -3 -3  3  5 -4    0   0   0   0   0   0   0   0  45   0   0   0   0  13   7   0   0   4  30   0  1.38 0.32
  476 T   -1  0  0 -2 -3  1 -1 -3 -2 -3 -3  0 -3 -4  5  2  3 -5 -3 -3    0   6   5   0   0   9   0   0   0   0   0   6   0   0  30  20  26   0   0   0  0.81 0.20
  477 F    0  0 -3 -3 -3 -2 -2 -1 -3  1  0  1  5 -1  0  0 -1 -3 -2  2    6   5   0   0   0   0   0   6   0   8   3   9  28   3   5   7   0   0   0  21  0.27 0.15
  478 E    1  2  0  2 -3  2  2  1 -1 -4 -3  0 -2 -4 -2  1 -1 -4 -3 -3   14  14   0  14   0  14  14  14   0   0   0   0   0   0   0  14   0   0   0   0  0.40 0.08
  479 S    1  0  0  1 -3  0  0 -1 -2 -1 -2 -1  0 -3 -2  3  0 -4 -3  0   10   7   3  10   0   4   6   3   0   5   0   0   3   0   0  38   3   0   0   8  0.30 0.11
  480 I   -2 -4  1 -4  4 -4 -4 -5 -4  5  0 -4  0 -2 -4 -3 -2 -4 -3  3    0   0   8   0  11   0   0   0   0  50   0   0   0   0   0   0   0   0   0  30  0.77 0.21
  481 L   -2 -2 -2 -4 -3  0 -2 -4  5  2  2 -2  2 -1 -3 -2  1 -3 -1  2    0   0   0   0   0   5   0   0  23  11  31   0   5   0   0   0   9   0   0  17  0.46 0.15
  482 K    0  2  1  2 -3  2  1 -1  1 -2 -3  1 -2  1 -2  1  0 -3 -1 -1    5  11   6  15   0  12   5   4   4   0   0   8   0   9   0  11   4   0   0   5  0.23 0.06
  483 H   -3  2  1 -3 -5 -1 -2 -4  8 -5 -4 -1 -4 -3 -4  0 -2 -4  1 -4    0  13   5   0   0   0   0   0  70   0   0   0   0   0   0   9   0   0   3   0  1.57 0.29
  484 L    0 -4 -5 -5 -3 -3 -4 -5 -4  2  5 -4  1 -1 -4 -3 -2 -3 -3  0    9   0   0   0   0   0   0   0   0  14  77   0   0   0   0   0   0   0   0   0  0.85 0.19
  485 A    3 -2 -1 -2 -2  1  1 -2 -2 -3 -3 -1 -2 -4 -2  3  1 -4 -3 -1   42   0   0   0   0   8  12   0   0   0   0   0   0   0   0  28   5   0   0   4  0.56 0.15
  486 H   -2  3  0 -2 -1  0 -2  0  3 -1 -1  1 -1  3 -3 -1  0 -3  0 -1    0  21   4   0   1   3   0   9  11   4   5   8   0  20   0   0   9   0   0   4  0.23 0.09
  487 C   -2 -5 -5 -6 10 -5 -6 -5 -6 -3 -4 -5 -4 -4 -5 -1 -3 -5 -5 -3    0   0   0   0  95   0   0   0   0   0   0   0   0   0   0   5   0   0   0   0  2.69 0.38
  488 L   -3 -4 -5 -5 -3 -4 -5 -5 -4  3  4 -4  1  1 -4 -4 -2 -3 -2  1    0   0   0   0   0   0   0   0   0  29  64   0   0   5   0   0   0   0   0   3  0.85 0.18
  489 K    1  3 -1 -2 -3  1 -1 -2 -2 -1 -3  0 -1 -3 -2  2  3 -4 -3 -2   16  20   0   0   0   5   0   0   0   3   0   4   2   0   0  22  27   0   0   0  0.46 0.13
  490 H   -3  1  1 -3 -4  1 -2 -4  6 -2  1 -2  0  1 -4 -2 -2 -1  4 -3    0   9   8   0   0   5   0   0  30   0  15   0   3   6   0   0   0   0  24   0  0.66 0.16
  491 D   -2  3  4  4 -4 -1  0  2 -1 -5 -4  0 -4 -4 -3  0 -2 -5 -4 -4    0  19  24  28   0   0   4  15   0   0   0   4   0   0   0   5   0   0   0   0  0.68 0.14
  492 L    0 -3 -4 -4  2 -2 -3 -4 -3  1  3 -3  5  0  2 -2 -2 -3 -2  0   10   0   0   0   5   0   0   0   0   5  35   0  32   3   9   0   0   0   0   0  0.59 0.16
  493 S    0 -2 -1 -2 -3 -2 -2  2 -2 -3 -4 -2 -3 -4 -2  4  3 -5 -3 -3    4   0   0   0   0   0   0  18   0   0   0   0   0   0   0  56  22   0   0   0  0.82 0.20
  494 P    2 -3 -3 -3 -4 -2 -2  1  1 -4 -4 -2 -3 -3  6  0 -2 -4  0 -3   19   0   0   0   0   0   0   9   4   0   0   0   0   0  55   7   0   0   5   0  1.36 0.20
  495 R    0  4 -1 -2 -4  2  0 -3  2 -4 -3  4 -2 -4 -3 -1 -2 -4 -3 -3    8  28   2   0   0   6   4   0   5   0   2  44   0   0   0   0   0   0   0   0  0.78 0.17
  496 A    3 -2 -2 -3 -2 -2 -2  0 -2 -1 -2 -2 -2 -1 -2  1  1 -2  2  1   49   0   0   0   0   0   0   7   0   0   0   0   0   0   0   8   8   0  14  14  0.38 0.09
  497 F   -3 -4 -4 -4 -3 -4 -4 -4 -2 -1  1 -4 -1  7 -4 -3  1 -1  2 -1    0   0   0   0   0   0   0   0   0   0  14   0   0  76   0   0  11   0   0   0  1.06 0.16
  498 L    0 -3 -4 -4 -2 -3 -3 -4 -3  1  4 -3  2 -1  0 -2 -2 -3 -2  2    8   0   0   0   0   0   0   0   0   0  59   0   5   0   5   0   0   0   0  22  0.51 0.09
  499 E    0  0  0  1 -4  4  4 -2  3 -4 -3  1 -2 -4 -2  0 -1 -4 -2 -3    8   0   3   3   0  31  37   0   8   0   0   4   0   0   0   5   0   0   0   0  0.70 0.10
  500 P   -1  4 -1 -2 -4  2 -1 -3  0 -2 -3  2 -2 -4  2  0  0 -4 -3 -1    0  38   0   0   0  13   0   0   2   3   0  13   0   0  12   8   6   0   0   5  0.57 0.09
  501 Y   -3 -4 -4 -5 -4 -4 -4 -5  0 -2 -1 -4 -2  6 -5 -3 -3  0  6 -2    0   0   0   0   0   0   0   0   0   0   0   0   0  50   0   0   0   0  50   0  1.50 0.19
  502 L   -2  0 -4 -4 -3 -3 -4 -4 -3  2  3 -3  0  3 -4 -1  0 -2 -1  1    0   7   0   0   0   0   0   0   0   9  42   0   0  20   0   3   5   0   0  13  0.45 0.12
  503 T    1  0  2 -1  1  0  0 -1  0 -1 -1 -1  2 -3 -2  2  1 -4 -2  0    9   5  15   0   4   4   4   1   2   0   4   1  10   0   0  23   6   0   0  10  0.20 0.08
  504 E    1  0  0  2 -3  1  1 -1  0 -3 -4  0 -3 -4  4  0  1 -4 -3 -3   11   3   4  13   0   6  11   4   2   0   0   6   0   0  24   6   9   0   0   0  0.53 0.12
  505 S    0  2  1 -1  0  1  0  3 -2 -4 -3  0 -3 -3 -1  1 -1 -4 -1 -3    3  12   7   3   3   6   6  32   0   0   1   5   0   0   3  14   1   0   3   0  0.37 0.12
  506 P   -1 -3 -1 -1 -5 -3 -2 -4 -4 -3 -4 -1 -4 -5  7 -2 -2 -6 -5 -4    4   0   2   3   0   0   2   0   0   2   0   3   0   0  74   2   2   0   0   0  1.98 0.39
  507 V   -1 -3 -2  0  2 -3 -2 -3 -3  2  0 -3 -1  0  0  0  2 -3 -1  3    3   0   0   6   6   0   0   0   0  13   3   0   0   3   5   5  19   0   3  32  0.30 0.13
  508 M   -3 -1 -4 -4 -3 -3 -2 -3 -4  3  3 -3  2  0  0 -3 -1 -3 -2  1    0   3   0   0   0   0   3   2   0  23  41   0   5   4   6   0   4   0   0   7  0.49 0.21
  509 Q    0 -2 -2 -1 -4  4  1 -1  2 -3 -1 -1 -2  1 -3  2  1 -4 -2 -3    8   0   0   2   0  29  10   5   5   0   7   2   0   6   0  16   9   0   0   0  0.42 0.22
  510 S   -1 -1  4 -3  3  0 -1 -4 -1 -3 -4 -2 -3  0  0  0  0 -2  5 -2    5   3  24   0   7   4   2   0   0   0   0   0   0   2   5   7   5   0  33   3  0.68 0.30
  511 E    0 -2 -1  3 -4  2  3  0  1 -3 -2 -1  0 -4  2  1  0 -5 -3 -1    8   0   0  17   0   9  21   6   4   0   3   2   3   0  10   9   5   0   0   4  0.37 0.16
  512 K   -2  2  1  1 -4  1  0  1  0 -1 -3  3 -1 -4 -1  0  1 -4 -2 -2    0  11   6   6   0   5   4  11   2   4   0  29   2   0   3   4   9   0   1   3  0.32 0.15
  513 E   -1 -1 -1  2  0  2  5 -4  3 -5 -5  0 -4 -5  1  0 -1 -5 -4 -4    3   2   2  11   2   8  46   0   8   0   0   4   0   0   6   5   2   0   0   0  0.83 0.30
  514 R    0  3  1 -2  1  0 -2 -3  2  0 -1  0 -2 -2 -1  0  0  1  0  0    5  26   8   0   4   3   1   1   8   7   5   5   0   0   2   7   6   2   4   5  0.23 0.12
  515 R   -1  3  0 -1  0  0  1 -2 -2  0 -1  1  0 -2  0 -1 -2  5  0 -1    3  20   5   3   3   3   8   2   0   5   5  10   4   0   4   3   1  13   4   4  0.29 0.13
  516 W   -1  0  0  0 -2  1  0  1 -1 -2  0  1  0  0  2  1 -1  0  0 -2    2   5   4   7   0   9   3  10   1   1  10  12   3   4   9  10   3   2   3   2  0.12 0.05
  517 V    0 -1  0 -2  1 -1  0  0 -2  1  0 -1 -1 -2  0  1  0 -3 -1  1    9   2   6   1   4   1   8   8   0  11   8   1   0   1   4  16   4   0   2  13  0.08 0.07
  518 Q    0  1  0 -2  0  5  1 -3  2 -3 -2  2 -2 -3 -2  0 -1 -3 -3 -1    9   5   5   1   3  37   5   1   4   1   3  12   0   0   1   6   3   0   0   4  0.53 0.22
  519 S    0  1  0  1 -3  2  0 -1  2 -1 -2  1 -2 -3 -2  1  1 -3 -2 -2    8   7   4   9   0  13   5   3   6   4   2   9   0   1   1  15  11   0   1   1  0.24 0.10
  520 W   -6 -6 -6 -7 -6 -5 -6 -6 -5 -5 -5 -6 -4 -3 -6 -6 -6 12 -1 -5    0   0   0   0   0   0   0   0   0   0   0   0   0   0   0   0   0  96   0   0  4.49 0.86
  521 S    1  0 -1 -1 -3 -2 -1 -1 -3 -1 -3 -1 -2 -4 -3  4  3 -4 -3  0   11   4   2   3   0   0   2   3   0   5   0   3   0   0   0  40  20   0   0   5  0.53 0.24
  522 L   -3 -4 -5 -5 -3 -4 -5 -5 -5  3  4 -4  0 -2 -4 -4 -3 -4 -3  2    0   0   0   0   0   0   0   0   0  22  62   0   0   0   0   0   0   0   0  13  1.04 0.32
  523 I    0 -4 -4 -4 -3 -1 -2 -4 -4  4 -1 -3 -1 -2 -4 -1  0 -4  0  4    5   0   0   0   0   3   3   0   0  30   0   0   0   0   0   5   4   0   3  45  0.71 0.28
  524 C   -2 -5 -3 -4  9 -4 -4 -1 -5 -4 -5 -4 -4 -5 -5  4 -2 -6 -5 -4    0   0   0   0  53   0   0   5   0   0   0   0   0   0   0  42   0   0   0   0  1.95 0.53
  525 D   -3 -1  2  5 -5  0  3 -3 -2 -5 -5  1 -4 -5 -1 -2 -3 -5 -4 -4    0   3  10  46   0   3  25   0   0   0   0   7   0   0   3   0   0   0   0   0  1.10 0.31
  526 E   -1 -1  0  0 -4  2  4 -3 -2 -2 -1  0 -2 -1 -2  0  0 -3  0  1    4   2   3   4   0   7  40   0   0   0   5   6   0   2   0   6   4   0   3  13  0.42 0.18
  527 I    0 -1 -2 -3  0  1 -2 -3 -2  0  2 -2  0  0  3  1  0 -3 -1 -1   10   2   0   0   2   7   0   0   0   5  31   0   0   3  17  13   4   0   2   2  0.30 0.14
  528 V    0 -4 -4 -4 -3 -3 -4 -2 -4  1  3 -3  1 -2  0 -2 -2 -4 -3  4    8   0   0   0   0   0   0   3   0   2  34   0   3   0   5   2   0   0   0  41  0.56 0.22
  529 S    0 -2  2 -2  1 -2 -2 -2  0 -1 -1 -2 -2 -3 -3  3  4 -4 -1 -1    6   0  10   0   3   0   0   0   2   3   4   0   0   0   0  32  33   0   1   2  0.58 0.24
  530 R    0  4  2 -1 -4  1 -1 -3 -1 -4 -4  3  0 -4 -3  2 -1 -5 -4 -2    6  30  10   3   0   6   0   0   1   0   0  19   3   0   0  21   0   0   0   2  0.62 0.24
  531 P    0 -3  1 -1 -3 -1 -1  3 -3 -3 -3 -2  1 -4  3  2  1 -4 -4 -3    6   0   6   2   0   2   2  33   0   0   0   0   5   0  17  17   8   0   0   0  0.59 0.19
  532 I   -3 -4 -5 -5 -3 -4 -4 -5 -4  4  4 -4  0 -1 -4 -4 -2 -4 -3  1    0   0   0   0   0   0   0   0   0  35  53   0   0   0   0   0   0   0   0   8  0.95 0.28
  533 G   -1  3 -1  0 -4  2  1 -1  2 -2 -3  2 -2 -2 -2  2  0 -4 -2 -3    4  18   0   4   0  14   9   4   6   4   0  13   0   1   0  17   4   0   0   0  0.38 0.15
  534 N    0 -1  3  4 -4  1  1 -1  3 -4 -4 -1 -3 -4  0  1  0 -4 -3 -3    6   3  17  28   0   4   8   3  10   0   0   2   0   0   3  11   4   0   0   0  0.55 0.18
  535 E   -2 -3  0  2 -5  0 -1  6 -3 -5 -5 -1 -4 -5 -4 -1 -3 -5 -5 -5    0   0   4  11   0   4   3  68   0   0   0   3   0   0   0   4   0   0   0   0  1.19 0.30
  536 C    0 -3 -2 -3  2 -1 -3 -3 -3  1  1 -3  2 -2 -3  0  3 -4 -3  2    5   0   0   0   6   2   0   0   0  10  18   0   6   0   0   5  29   0   0  18  0.39 0.17
  537 T   -2 -3 -3 -3 -3 -2  0 -2 -3  2 -1 -3  0  0 -3 -1  3  1  0  3    0   0   0   0   0   0   8   3   0  12   3   0   2   4   0   0  27   2   3  34  0.42 0.20
  538 F   -4 -5 -5 -5 -4 -5 -5 -5 -3 -2 -1 -5 -2  8 -5 -4 -4 -2  1 -3    0   0   0   0   0   0   0   0   0   0   3   0   0  92   0   0   0   0   0   0  2.28 0.52
  539 Q   -2  0 -2 -3  2  5  0 -4 -2 -1  0 -1  3 -3 -3  0 -1 -4 -3  2    0   5   0   0   5  35   4   0   0   0   8   0   9   0   0   8   1   0   0  21  0.51 0.24
  540 L   -3 -4 -5 -5 -3 -4 -5 -5 -4  2  5 -4  0 -1 -4 -4 -3 -4 -3 -1    0   0   0   0   0   0   0   0   0   9  86   0   0   0   0   0   0   0   0   0  1.30 0.36
  541 I   -2  4 -2 -3 -4  1 -1 -3  0  1 -3  4 -2  0 -3  0 -2 -4 -2 -2    0  27   0   0   0   7   0   0   3  13   0  36   0   6   0   5   0   0   0   0  0.68 0.25
  542 Q   -2  3  0  2  4  5 -1 -2 -2 -4 -4  0 -3 -4  0  0 -1 -4 -4 -4    0  18   3  14  10  39   0   2   0   0   0   2   0   0   4   5   2   0   0   0  0.76 0.27
  543 N    0 -1  3  0  0  1  1  2  1 -2 -1  0 -2 -3  0  1  0 -4 -3 -2    5   0  17   2   3   6   8  18   4   2   6   5   0   0   5  12   5   0   0   0  0.24 0.10
  544 D   -3 -3  0  6 -6  0  2  0  0 -5 -6 -2 -5 -5 -1 -1 -1 -6 -5 -3    0   0   2  65   0   3  11   8   2   0   0   0   0   0   2   3   2   0   0   1  1.30 0.36
  545 V   -1 -4 -5 -5 -3 -4 -4 -5 -3  3  0 -4 -1  3 -4 -3 -1 -3  2  4    2   0   0   0   0   0   0   0   0  19   7   0   0  17   0   0   2   0   9  44  0.76 0.26
  546 S    1 -2 -2 -3  1  2 -2 -2 -3 -4 -3  1 -3 -4 -3  5  1 -5 -4 -3    9   0   0   0   3  12   0   1   0   0   2   7   0   0   0  60   6   0   0   0  0.88 0.34
  547 L   -4 -5 -6 -6 -4 -4 -6 -6 -5  1  6 -5  0 -2 -5 -5 -4 -4 -3 -1    0   0   0   0   0   0   0   0   0   3  97   0   0   0   0   0   0   0   0   0  1.61 0.44
  548 M   -2 -4 -4 -5 -3 -2 -4 -5 -4  2  3 -4  3 -1 -4 -1 -1 -3  0  3    0   0   0   0   0   2   0   0   0  11  34   0  12   0   0   5   1   0   3  33  0.65 0.23
  549 V   -2 -5 -5 -6  8 -5 -5 -6 -6  1 -2 -5 -2 -4 -5 -4 -3 -5 -4  5    1   0   0   0  42   0   0   0   0   3   0   0   0   0   0   0   0   0   0  54  1.64 0.43
  550 T   -1  0  1 -2 -3  0  0 -3 -1 -3 -3 -2 -3 -2 -3  3  5 -5 -3 -1    0   5   6   0   0   4   5   0   1   0   0   0   0   2   0  25  49   0   0   2  0.81 0.31
  551 V   -1 -4 -5 -5  1 -4 -4 -5 -5  3  0 -4 -1 -1 -4 -3 -1 -4 -3  5    3   0   0   0   3   0   0   0   0  18   5   0   0   2   0   1   2   0   0  65  1.00 0.32
  552 H   -2  2  0 -2 -1  0 -2 -3  4 -1 -2  3  0 -3 -3  1  2 -4  0 -2    0  13   4   0   2   2   0   0  15   3   3  20   2   0   0  14  17   0   4   2  0.42 0.19
  553 K   -1  3  1 -1 -4  0 -1 -2  1 -4 -4  4 -3 -4  1  2  0 -5 -3 -4    1  17   5   3   0   3   0   2   3   0   0  33   0   0   7  23   3   0   0   0  0.64 0.23
  554 L   -1 -4 -4 -5 -3 -1 -4 -5 -4  4  3 -4  0  0 -4 -2 -1 -4 -3  2    3   0   0   0   0   4   0   0   0  28  43   0   0   3   0   2   2   0   0  14  0.64 0.22
  555 P   -3 -5 -5 -5 -6 -4 -4 -5 -5 -6 -6 -4 -5 -7  8 -4 -4 -7 -6 -5    0   0   0   0   0   0   0   0   0   0   0   0   0   0 100   0   0   0   0   0  3.35 0.63
  556 H   -3  0 -1 -3 -5  0 -1 -4  5 -2 -2  1  0  5 -4 -1 -3 -2  2 -3    0   4   3   0   0   4   3   0  22   2   0  11   3  40   0   4   0   0   5   0  0.82 0.28
  557 F   -3 -5 -5 -6 -4 -4 -5 -6 -3  2  3 -5  0  5 -5 -4 -3 -2  2  0    0   0   0   0   0   0   0   0   0  14  36   0   0  39   0   0   0   0   6   5  0.99 0.28
  558 N   -1  1  4  1 -4  0  0 -3  0 -2 -3  2 -3 -2 -3  1 -1 -4 -1  0    3   8  32   7   0   3   2   0   1   1   0  19   0   2   0  10   2   0   2   8  0.48 0.19
  559 L   -3 -5 -5 -6 -3 -4 -5 -6 -5  4  5 -5  0 -1 -5 -4 -3 -4 -3  1    0   0   0   0   0   0   0   0   0  25  69   0   0   0   0   0   0   0   0   6  1.16 0.33
  560 A    0  1 -1 -1 -3  0 -1 -2  1 -1 -3 -2 -2 -1 -3  3  4 -4 -3 -2    5   8   0   2   0   2   3   1   4   4   0   0   0   3   0  31  36   0   0   0  0.57 0.24
  561 E   -3 -3 -2  1 -6  0  7 -4 -2 -5 -5 -2 -4 -5 -3 -2 -3 -6 -5 -5    0   0   0   5   0   0  92   0   0   0   0   0   0   0   0   0   0   0   0   0  1.98 0.49
  562 E   -2  0 -2  1 -5  3  5 -1  2 -4 -4  1 -3 -4 -3 -2 -1 -5 -3 -2    0   3   0   6   0  14  52   3   7   0   0   8   0   0   0   0   2   0   0   3  0.90 0.27
  563 V   -1 -3 -3 -1 -2 -2 -1 -3 -2  2  0 -2  1  4 -1 -1  0 -2  2  2    3   0   0   4   0   0   4   1   0  11   4   1   5  24   3   4   6   0   6  21  0.27 0.12
  564 V    0 -4 -4 -4 -2 -3 -4 -2 -3  4  0 -3  0  2 -4 -2 -2 -3  0  3    7   0   0   0   0   0   0   4   0  34   6   0   0  12   0   2   0   0   3  30  0.52 0.19
  565 D   -3  0  2  6  1 -1  0 -3  1 -5 -3  0 -4 -5 -4 -1 -3 -6 -4 -5    0   6   7  64   4   2   2   0   4   0   3   5   0   0   0   4   0   0   0   0  1.17 0.32
  566 P   -2 -4 -1 -3 -5 -3 -1 -4  2 -2 -3 -3 -4 -1  7  1 -3 -5 -1 -4    0   0   4   0   0   0   3   0   5   3   2   0   0   3  67  10   0   0   2   0  1.77 0.39
  567 K   -1  0 -1  0  0 -1  2 -1 -2 -3 -4  5 -3 -1 -3  1 -1 -5 -3 -3    5   0   2   5   2   0  12   3   0   2   0  55   0   4   0   9   3   0   0   0  0.70 0.26
  568 S    0 -2  3 -2  2  0  0 -1 -2 -4 -4 -1 -3 -4  0  4  2 -5 -4 -3    3   0  17   0   4   2   4   3   0   0   0   2   0   0   4  48  14   0   0   0  0.70 0.26
  569 N   -1 -1  5  1  1  0 -1 -3  5 -4 -4 -2 -3  0 -4 -1  1 -4  0 -4    4   3  39   6   3   3   3   0  23   0   0   0   0   4   0   2   8   0   3   0  0.81 0.27
  570 K   -1  5 -2 -3 -5  1 -1 -4 -2 -5 -4  5  0 -5 -3 -2 -3 -5 -4 -4    4  35   0   0   0   6   0   0   0   0   0  53   3   0   0   0   0   0   0   0  1.29 0.36
  571 F   -5 -5 -6 -6 -5 -5 -6 -6 -3 -1 -1 -6 -2  8 -6 -5 -4 -2  2 -3    0   0   0   0   0   0   0   0   0   3   3   0   0  91   0   0   0   0   3   0  2.21 0.49
  572 V    0 -1 -4 -4 -3 -3 -3 -4 -4  2  0 -1 -1 -3 -4 -1  0 -4 -3  5    8   3   0   0   0   0   0   0   0   7   7   4   0   0   0   3   4   0   0  62  0.68 0.26
  573 L   -3 -4 -5 -6 -3 -4 -5 -6 -4  1  5 -4  3  1 -5 -3 -3 -3 -2  0    0   0   0   0   0   0   0   0   0   7  76   0   7   6   0   1   0   0   0   3  1.08 0.30
  574 K   -3  5  0  0  1  0 -1 -4  2 -5 -4  4 -3 -5 -3 -1 -2 -5 -3 -4    0  39   3   4   4   1   0   0   6   0   0  39   0   0   0   3   0   0   0   0  1.04 0.30
  575 L   -2 -4 -4 -5 -3 -3 -4 -5 -4  2  4 -3  4  2 -1 -1 -1 -3 -2  1    0   0   0   0   0   0   0   0   0   9  50   0  14   9   3   7   4   0   0   6  0.61 0.21
  576 N   -3 -1  6  0 -5  4 -1 -3 -1 -5 -5  0 -3 -5 -4  1  0 -5 -4 -4    0   2  54   3   0  22   0   0   0   0   0   3   0   0   0  10   5   0   0   0  1.15 0.34
  577 S   -1 -3  0 -2 -4  1 -2 -1 -3 -4 -4 -2 -3 -1  2  5  0 -5 -3 -4    0   0   3   0   0   6   0   4   0   0   0   0   0   3  10  72   2   0   0   0  1.06 0.35
  578 E   -1 -3 -3 -1 -6  0  7 -4 -2 -6 -5 -2 -4 -6 -3 -2 -3 -6 -5 -5    6   0   0   0   0   0  94   0   0   0   0   0   0   0   0   0   0   0   0   0  1.95 0.47
  579 T   -2 -3 -2 -3 -3 -2  0 -4 -3 -3 -4 -3 -3 -4 -3  1  6 -5 -4 -2    0   0   0   0   0   0   6   0   0   0   0   0   0   0   0  10  85   0   0   0  1.56 0.44
  580 S    1  0  1 -2 -3 -2 -2 -2 -3 -4 -4 -2 -4 -4 -1  6  1 -5 -4 -4    5   4   5   0   0   0   0   0   0   0   0   0   0   0   2  80   4   0   0   0  1.21 0.37
  581 V   -2 -5 -5 -6 -3 -4 -4 -6 -5  2  0 -4 -1 -3 -4 -4 -2 -5 -4  6    0   0   0   0   0   0   0   0   0   6   3   0   0   0   0   0   0   0   0  91  1.42 0.36

                      K         Lambda
Standard Ungapped    0.1766     0.3439
Standard Gapped      0.1100     0.3190
PSI Ungapped         0.1766     0.3439
PSI Gapped           0.1100     0.3190
