
Last position-specific scoring matrix computed, weighted observed percentages rounded down, information per position, and relative weight of gapless real matches to pseudocounts
           A  R  N  D  C  Q  E  G  H  I  L  K  M  F  P  S  T  W  Y  V   A   R   N   D   C   Q   E   G   H   I   L   K   M   F   P   S   T   W   Y   V
    1 M   -1 -2 -3 -4 -2  0 -2 -4 -2  1  2 -2  6  0 -3 -2 -1 -2 -2  1    0   0   0   0   0   0   0   0   0   0   0   0 100   0   0   0   0   0   0   0  0.56 0.00
    2 I   -2 -3 -4 -4 -2 -3 -4 -5 -4  5  1 -3  1  0 -4 -3 -1 -3 -2  3    0   0   0   0   0   0   0   0   0 100   0   0   0   0   0   0   0   0   0   0  0.55 0.00
    3 I   -2 -3 -4 -4 -2 -3 -4 -5 -4  5  1 -3  1  0 -4 -3 -1 -3 -2  3    0   0   0   0   0   0   0   0   0 100   0   0   0   0   0   0   0   0   0   0  0.55 0.00
    4 C   -1 -4 -3 -4  9 -3 -5 -4 -4 -2 -2 -4 -2 -3 -4 -2 -1 -3 -3 -1    0   0   0   0 100   0   0   0   0   0   0   0   0   0   0   0   0   0   0   0  1.28 0.00
    5 L   -2 -3 -4 -5 -2 -3 -4 -4 -3  1  4 -3  2  0 -3 -3 -2 -2 -2  1    0   0   0   0   0   0   0   0   0   0 100   0   0   0   0   0   0   0   0   0  0.64 0.00
    6 A    4 -2 -2 -2 -1 -1 -1  0 -2 -2 -2 -1 -1 -3 -1  1  0 -3 -2  0  100   0   0   0   0   0   0   0   0   0   0   0   0   0   0   0   0   0   0   0  0.60 0.00
    7 D   -2 -2  1  6 -4 -1  1 -2 -1 -4 -5 -1 -4 -4 -2 -1 -1 -6 -4 -4    0   0   0 100   0   0   0   0   0   0   0   0   0   0   0   0   0   0   0   0  1.30 0.00
    8 G    0 -3 -1 -2 -4 -2 -3  6 -3 -5 -4 -2 -4 -4 -3 -1 -2 -4 -4 -4    0   0   0   0   0   0   0 100   0   0   0   0   0   0   0   0   0   0   0   0  1.33 0.00
    9 F   -3 -4 -4 -4 -3 -4 -4 -4 -2  0  0 -4  0  6 -4 -3 -2  0  3 -1    0   0   0   0   0   0   0   0   0   0   0   0   0 100   0   0   0   0   0   0  0.95 0.00
   10 L   -2 -3 -4 -5 -2 -3 -4 -4 -3  1  4 -3  2  0 -3 -3 -2 -2 -2  1    0   0   0   0   0   0   0   0   0   0 100   0   0   0   0   0   0   0   0   0  0.64 0.00
   11 R   -2  6 -1 -2 -4  1 -1 -3  0 -3 -3  2 -2 -4 -2 -1 -1 -3 -2 -3    0 100   0   0   0   0   0   0   0   0   0   0   0   0   0   0   0   0   0   0  1.08 0.00
   12 H   -2  0  4  0 -4  0  0 -2  7 -4 -4 -1 -3 -2 -3  0 -1 -3  1 -4    0   0  39   0   0   0   0   0  61   0   0   0   0   0   0   0   0   0   0   0  0.85 0.00
   13 Q   -1  0 -1  0 -4  3  4 -3  0 -3 -2  0 -1  3 -2 -1 -1 -2  0 -2    0   0   0   0   0  28  48   0   0   0   0   0   0  24   0   0   0   0   0   0  0.58 0.00
   14 P   -1 -2 -3 -2 -4 -2 -2 -3 -3 -4 -3 -2 -3 -4  8 -1 -2 -5 -4 -3    0   0   0   0   0   0   0   0   0   0   0   0   0   0 100   0   0   0   0   0  2.66 0.01
   15 P   -1 -2 -3 -3 -3 -2 -2 -3 -3 -2  1 -2 -1 -3  7 -2 -2 -4 -3 -2    0   0   0   0   0   0   0   0   0   0  21   0   0   0  79   0   0   0   0   0  1.87 0.01
   16 G    0 -3 -1 -2 -4 -3 -3  6 -3 -5 -5 -2 -4 -4 -3 -1 -2 -4 -4 -4    0   0   0   0   0   0   0 100   0   0   0   0   0   0   0   0   0   0   0   0  1.36 0.01
   17 E   -1  0  0  0 -4  5  3  2  0 -4 -3  1 -1 -4 -2 -1 -1 -3 -3 -3    0   0   0   0   0  51  30  19   0   0   0   0   0   0   0   0   0   0   0   0  0.70 0.01
   18 D   -2 -1  5  4 -4  0  2 -1  0 -4 -4  0 -3 -4 -2  0 -1 -5 -3 -4    0   0  45  41   0   0  14   0   0   0   0   0   0   0   0   0   0   0   0   0  0.87 0.01
   19 G    1 -1 -1  0 -3  0  3  2 -2 -3 -3 -1 -2 -3  3  0  2 -4 -3 -2   12   0   0   0   0   0  29  20   0   0   0   0   0   0  14   0  26   0   0   0  0.46 0.00
   20 V   -1 -2 -2 -3 -2 -1 -2 -3  4  2  0 -2  2 -1 -2 -2 -1 -2 -1  3    1   1   1   1   0   0   1   1  19   1   1   1  13   0   1   1   1   0   0  57  0.26 0.01
   21 P    0  0 -1 -1 -3 -1 -1 -2 -2 -3 -3  2 -2 -3  6  1 -1 -4 -3 -2    1   1   1   1   0   0   1   1   0   1   1  20   0   0  56  15   1   0   0   1  1.24 0.01
   22 E    0  0  0  2 -3  3  3 -1  0 -2 -2  0 -1 -2 -1  0 -1 -2 -2 -2   12   1   1  14   0  20  35   2   1   1   2   1   1   1   1   2   1   0   1   2  0.43 0.00
   23 A    2  1  0 -1 -2  0 -1  1 -1 -2 -2  0 -1 -2 -1  2  2 -3 -2 -1   27  12   1   1   0   1   1  10   0   1   1   1   0   0   1  30  13   0   0   1  0.32 0.00
   24 G    0 -1  2  0 -2  1  0  3 -1 -3 -3  0 -2 -3 -2  3  0 -3 -2 -2    1   1  15   1   0  12   1  27   0   1   1   1   0   0   1  37   1   0   0   1  0.42 0.00
   25 H   -1  2  2  1 -3  0  0 -1  6 -3 -2  0 -2 -2 -1  0 -1 -2  0 -2    2  13  16  11   0   1   1   2  41   1   2   1   1   1   1   2   1   0   1   1  0.45 0.01
   26 R   -1  4 -1 -2 -3  1  0 -2 -1 -2  0  4 -1 -2 -2 -1 -1 -3 -2 -2    1  42   0   1   0   0   1   1   0   1  11  38   0   0   1   1   1   0   0   1  0.55 0.00
   27 P    1  1  2 -1 -3 -1 -1 -2 -1 -3 -3  0 -2 -3  6  0 -1 -4 -3 -2   13  11  14   1   0   0   1   1   0   1   1   1   0   0  54   1   1   0   0   1  1.17 0.01
   28 P   -1 -1 -2 -2 -3 -1 -1 -3 -2 -3 -3  0 -2 -3  7 -1 -1 -4 -3 -3    1   0   0   0   0   0   1   1   0   0   1  10   0   0  82   1   1   0   0   1  2.01 0.01
   29 P   -1 -2 -2 -2 -3 -1 -1 -3 -2 -3 -3 -1 -2 -3  7 -1 -1 -4 -3 -2    1   1   0   1   0   0   1   1   0   1   1   1   0   0  89   1   1   0   0   1  2.24 0.01
   30 R   -2  5  3 -1 -4  1  0 -2  0 -4 -3  3 -2 -4 -2 -1 -1 -4 -3 -3    0  58  20   0   0   0   0   0   0   0   0  22   0   0   0   0   0   0   0   0  0.76 0.01
   31 I   -2 -3 -4 -4 -2 -3 -4 -5 -4  4  2 -3  1  0 -4 -3 -1 -3 -2  2    0   0   0   0   0   0   0   0   0  89  11   0   0   0   0   0   0   0   0   0  0.54 0.01
   32 T    1 -1  0 -1 -2 -1 -1 -1 -2 -2 -2 -1 -1 -3 -1  3  4 -4 -2 -1    0   0   0   0   0   0   0   0   0   0   0   0   0   0   0  42  58   0   0   0  0.62 0.01
   33 F   -3 -4 -4 -4 -3 -4 -4 -4 -2 -1  0 -4  0  7 -4 -3 -2  0  3 -1    0   0   0   0   0   0   0   0   0   0   0   0   0 100   0   0   0   0   0   0  0.99 0.01
   34 S    1 -1  0 -1 -2  0 -1 -1 -1 -3 -3 -1 -2 -3 -1  5  1 -4 -2 -2    0   0   0   0   0   0   0   0   0   0   0   0   0   0   0 100   0   0   0   0  0.75 0.01
   35 E   -1 -1  0  3 -5  1  5 -2 -1 -4 -4  0 -3 -4 -2 -1 -1 -4 -3 -3    0   0   0  18   0   0  82   0   0   0   0   0   0   0   0   0   0   0   0   0  0.99 0.01
   36 N   -2 -1  6  1 -3  0 -1 -1  0 -4 -4  0 -3 -4 -3  0  0 -4 -3 -4    0   0 100   0   0   0   0   0   0   0   0   0   0   0   0   0   0   0   0   0  1.09 0.01
   37 S    1 -1  0 -1 -2  0 -1 -1 -1 -3 -3 -1 -2 -3 -1  5  1 -4 -2 -2    0   0   0   0   0   0   0   0   0   0   0   0   0   0   0 100   0   0   0   0  0.75 0.01
   38 S    1 -1  0 -1 -2  0 -1 -1 -1 -3 -3 -1 -2 -3 -1  5  1 -4 -2 -2    0   0   0   0   0   0   0   0   0   0   0   0   0   0   0 100   0   0   0   0  0.75 0.01
   39 S    1 -1  0 -1 -2  0 -1 -1 -1 -3 -3 -1 -2 -3 -1  5  1 -4 -2 -2    0   0   0   0   0   0   0   0   0   0   0   0   0   0   0 100   0   0   0   0  0.75 0.01
   40 L   -2 -3 -4 -5 -2 -3 -4 -4 -3  1  4 -3  2  0 -3 -3 -2 -2 -2  1    0   0   0   0   0   0   0   0   0   0 100   0   0   0   0   0   0   0   0   0  0.66 0.01
   41 I   -1 -3 -4 -4 -2 -3 -4 -5 -4  4  1 -3  1 -1 -3 -3 -1 -3 -2  3    0   0   0   0   0   0   0   0   0  80   0   0   0   0   0   0   0   0   0  20  0.54 0.01
   42 R   -2  6 -1 -2 -4  1 -1 -3  0 -3 -3  2 -2 -4 -2 -1 -2 -4 -3 -3    0 100   0   0   0   0   0   0   0   0   0   0   0   0   0   0   0   0   0   0  1.11 0.01
   43 C   -1 -4 -3 -4  9 -4 -5 -4 -4 -2 -2 -4 -2 -3 -4 -2 -2 -3 -3 -1    0   0   0   0 100   0   0   0   0   0   0   0   0   0   0   0   0   0   0   0  1.36 0.01
   44 I   -1 -3 -4 -4 -2 -3 -3 -4 -3  3  2 -3  3  0 -3 -3 -1 -3 -2  3    0   0   0   0   0   0   0   0   0  49  20   0  11   0   0   0   0   0   0  20  0.45 0.00
   45 P   -1 -2 -3 -2 -4 -2 -2 -3 -3 -4 -3 -2 -3 -4  8 -1 -2 -5 -4 -3    0   0   0   0   0   0   0   0   0   0   0   0   0   0 100   0   0   0   0   0  2.66 0.01
   46 N   -2 -1  6  1 -3  0 -1 -1  0 -4 -4  0 -3 -4 -3  0  0 -4 -3 -4    0   0 100   0   0   0   0   0   0   0   0   0   0   0   0   0   0   0   0   0  1.09 0.01
   47 E   -1 -1 -1  1 -5  2  6 -3  0 -4 -4  0 -2 -4 -2 -1 -1 -4 -3 -3    0   0   0   0   0   0 100   0   0   0   0   0   0   0   0   0   0   0   0   0  1.10 0.01
   48 R   -2  6 -1 -2 -4  1 -1 -3  0 -3 -3  2 -2 -4 -2 -1 -2 -4 -3 -3    0 100   0   0   0   0   0   0   0   0   0   0   0   0   0   0   0   0   0   0  1.11 0.01
   49 A    5 -2 -2 -2 -1 -1 -1  0 -2 -2 -2 -1 -1 -3 -1  1  0 -3 -2  0  100   0   0   0   0   0   0   0   0   0   0   0   0   0   0   0   0   0   0   0  0.63 0.01
   50 T    0 -2  0 -1 -2 -1 -1 -2 -2 -1 -2 -1 -1 -2 -2  1  5 -4 -2  0    0   0   0   0   0   0   0   0   0   0   0   0   0   0   0   0 100   0   0   0  0.76 0.01
   51 F   -3 -4 -4 -4 -3 -4 -4 -4 -2 -1  0 -4  0  7 -4 -3 -2  0  3 -1    0   0   0   0   0   0   0   0   0   0   0   0   0 100   0   0   0   0   0   0  0.99 0.01
   52 F   -3 -4 -4 -4 -3 -4 -4 -4 -2 -1  0 -4  0  7 -4 -3 -2  0  3 -1    0   0   0   0   0   0   0   0   0   0   0   0   0 100   0   0   0   0   0   0  0.99 0.01
   53 V    0 -3 -3 -4 -1 -3 -3 -4 -4  3  1 -3  1 -1 -3 -2  0 -3 -2  4    0   0   0   0   0   0   0   0   0   0   0   0   0   0   0   0   0   0   0 100  0.54 0.01
   54 K   -1  2  0 -1 -4  1  0 -2 -1 -3 -3  5 -2 -4 -2 -1 -1 -4 -3 -3    0   0   0   0   0   0   0   0   0   0   0 100   0   0   0   0   0   0   0   0  0.86 0.01
   55 I   -2 -3 -4 -4 -2 -3 -4 -5 -4  5  1 -3  1 -1 -4 -3 -1 -3 -2  3    0   0   0   0   0   0   0   0   0 100   0   0   0   0   0   0   0   0   0   0  0.58 0.01
   56 D   -2 -2  1  6 -4 -1  1 -2 -2 -4 -5 -1 -4 -4 -2 -1 -1 -6 -4 -4    0   0   0 100   0   0   0   0   0   0   0   0   0   0   0   0   0   0   0   0  1.33 0.01
   57 C   -1 -2 -2 -2  8 -2 -2 -2 -2 -1 -1 -2 -1 -2 -2 -1 -1 -2 -2 -1    2   2   1   2  69   1   2   2   1   2   3   2   1   1   2   2   2   0   1   2  0.68 0.01
   58 S    2 -1  0  3 -2 -1  0 -1 -1 -2 -2 -1 -2 -3 -1  2  2 -3 -2 -1   26   1   0  28   0   0   1   1   0   1   1   1   0   0   1  16  22   0   0   1  0.37 0.00
   59 E   -1 -1  0  3 -4  1  5 -2  0 -3 -3  0 -2 -3 -1  0 -1 -3 -3 -3    1   1   0  21   0   0  69   1   0   1   1   1   0   0   1   1   1   0   0   1  0.81 0.00
   60 E   -1 -1  0  3 -5  1  5 -2 -1 -4 -4  0 -3 -4 -2 -1 -1 -4 -3 -3    0   0   0  21   0   0  79   0   0   0   0   0   0   0   0   0   0   0   0   0  0.99 0.01
   61 D   -2 -2  3  6 -4  0  2 -2 -1 -4 -4 -1 -4 -4 -2  0 -1 -5 -4 -4    0   0  20  70   0   0  10   0   0   0   0   0   0   0   0   0   0   0   0   0  1.03 0.01
   62 E   -1 -1  0  3 -5  1  5 -2 -1 -4 -4  0 -3 -4 -2 -1 -1 -4 -3 -3    0   0   0  22   0   0  78   0   0   0   0   0   0   0   0   0   0   0   0   0  0.98 0.01
   63 P    1 -2 -1 -2 -2 -1 -1 -2 -2  0 -1 -1  1 -2  5  2  0 -4 -3  0   11   0   0   0   0   0   0   0   0  10   0   0   9   0  30  29   0   0   0  10  0.56 0.00
   64 E   -2 -1  0  5 -5  1  4 -2 -1 -4 -4  0 -3 -4 -2 -1 -1 -5 -4 -3    0   0   0  50   0   0  50   0   0   0   0   0   0   0   0   0   0   0   0   0  0.98 0.01
   65 L   -2 -3 -4 -4 -2 -3 -4 -4 -3  3  3 -3  3  2 -3 -3 -1 -2 -1  1    0   0   0   0   0   0   0   0   0  31  50   0  10   9   0   0   0   0   0   0  0.46 0.00
   66 L   -2 -3 -4 -5 -2 -3 -4 -4 -3  1  4 -3  2  0 -3 -3 -2 -2 -2  1    0   0   0   0   0   0   0   0   0   0 100   0   0   0   0   0   0   0   0   0  0.66 0.01
   67 P   -1 -2 -3 -2 -4 -2 -2 -3 -3 -4 -3 -2 -3 -4  8 -1 -2 -5 -4 -3    0   0   0   0   0   0   0   0   0   0   0   0   0   0 100   0   0   0   0   0  2.66 0.01
   68 F   -2 -3 -4 -4 -2 -3 -4 -4 -2  0  3 -3  1  5 -4 -3 -2 -1  2  0    0   0   0   0   0   0   0   0   0   0  42   0   0  58   0   0   0   0   0   0  0.63 0.01
   69 K   -1  2  0 -1 -4  3  2 -2  0 -3 -3  4 -1 -4 -2  0  1 -4 -3 -2    0   0   0   0   0  20  11   0   0   0   0  59   0   0   0   0   9   0   0   0  0.62 0.00
   70 F   -3 -4 -4 -4 -3 -4 -4 -4 -2 -1  0 -4  0  7 -4 -3 -2  0  3 -1    0   0   0   0   0   0   0   0   0   0   0   0   0 100   0   0   0   0   0   0  0.99 0.01
   71 E   -1 -1 -1  1 -5  2  6 -3  0 -4 -4  0 -2 -4 -2 -1 -1 -4 -3 -3    0   0   0   0   0   0 100   0   0   0   0   0   0   0   0   0   0   0   0   0  1.10 0.01
   72 W   -3 -4 -4 -6 -3 -3 -4 -4 -3 -3 -2 -4 -2  0 -5 -4 -4 11  2 -3    0   0   0   0   0   0   0   0   0   0   0   0   0   0   0   0   0 100   0   0  2.65 0.01

                      K         Lambda
Standard Ungapped    0.1822     0.3370
Standard Gapped      0.1100     0.3190
PSI Ungapped         0.1822     0.3370
PSI Gapped           0.1100     0.3190
