
Last position-specific scoring matrix computed, weighted observed percentages rounded down, information per position, and relative weight of gapless real matches to pseudocounts
           A  R  N  D  C  Q  E  G  H  I  L  K  M  F  P  S  T  W  Y  V   A   R   N   D   C   Q   E   G   H   I   L   K   M   F   P   S   T   W   Y   V
    1 M   -1 -2 -3 -4 -2  0 -2 -4 -2  1  2 -2  6  0 -3 -2 -1 -2 -2  1    0   0   0   0   0   0   0   0   0   0   0   0   0   0   0   0   0   0   0   0  0.00     0.00
    2 T    0 -1  0 -1 -1 -1 -1 -2 -2 -1 -2 -1 -1 -2 -2  1  5 -4 -2  0    0   0   0   0   0   0   0   0   0   0   0   0   0   0   0   0 100   0   0   0  0.74 0.00
    3 K   -1  2  0 -1 -4  1  0 -2 -1 -3 -3  5 -2 -4 -1 -1 -1 -4 -3 -3    0   0   0   0   0   0   0   0   0   0   0 100   0   0   0   0   0   0   0   0  0.84 0.00
    4 R   -2  6 -1 -2 -4  1 -1 -3  0 -3 -3  2 -2 -4 -2 -1 -1 -3 -2 -3    0 100   0   0   0   0   0   0   0   0   0   0   0   0   0   0   0   0   0   0  1.09 0.00
    5 L    2 -2 -3 -4 -2 -2 -3 -2 -3  1  3 -2  1  0 -2 -1 -1 -3 -2  0   33   0   0   0   0   0   0   0   0   0  67   0   0   0   0   0   0   0   0   0  0.37 0.01
    6 R   -1  6 -1 -2 -4  1 -1 -2 -1 -3 -3  2 -2 -4 -2  1 -1 -4 -3 -3    0  82   0   0   0   0   0   0   0   0   0   0   0   0   0  18   0   0   0   0  0.95 0.04
    7 M   -2 -3 -3  0 -3 -2 -3 -4 -3  1  1 -3  8 -2 -4 -1 -2 -3 -3  1    0   0   0   7   0   0   0   0   0   6   0   0  71   0   0   6   0   0   0  10  1.04 0.22
    8 K   -2  1 -1  0 -5  0 -1 -3  2 -5 -4  6 -3 -5 -3 -2 -2 -5 -3 -4    0   0   0   4   0   0   0   0   7   0   0  89   0   0   0   0   0   0   0   0  1.46 0.29
    9 R   -3  7 -2 -3 -5 -1 -2 -4  2 -5 -4  1 -3 -5 -4  0 -3 -5 -3 -4    0  89   0   0   0   0   0   0   4   0   0   0   0   0   0   7   0   0   0   0  1.68 0.29
   10 E    0  1 -1  1 -3  1  4 -2 -1 -3 -2 -1  1 -1  2  0 -1 -3  1 -2    6   8   0   5   0   4  38   1   0   0   1   1   5   3  11   9   1   0   6   1  0.44 0.11
   11 M    1  2  0 -2 -2 -1  0 -2  1  0  0  0  1  0  1  0 -1 -2  0 -1   20  16   6   0   0   0   4   1   3   9   7   4   6   4   7   7   1   0   3   1  0.13 0.05
   12 N   -2 -2  4  3 -4  0  3 -2 -1 -4 -2 -1 -3 -3 -3  2  0 -3  1 -3    0   0  25  19   0   3  20   0   0   0   3   0   0   0   0  17   5   0   8   0  0.56 0.14
   13 D   -1 -2  2  5 -4 -1  1  1 -2 -3 -2 -2 -1 -4  1  0 -2 -5 -4 -2    4   0  10  45   0   2   9  10   0   0   3   0   2   0   6   6   0   0   0   3  0.66 0.14
   14 E    0  1  1  4 -4  2  3 -2  0 -4 -4 -1 -2 -4 -2  1 -1 -5 -3 -3    6   6   4  26   0   9  30   0   2   0   0   0   1   0   0  12   2   0   0   0  0.63 0.14
   15 G    1  0  0  1 -1 -2 -1  3 -2  0 -2 -1  2 -3 -3  1 -1 -4 -3 -1   10   8   4   8   1   0   2  31   0   6   0   0   9   0   0  16   0   0   0   5  0.29 0.09
   16 E   -1 -1  0  3 -4  1  4  1 -2 -2 -3 -1 -3 -4 -3  1 -1 -5 -4 -2    0   3   2  19   0   4  38  10   0   3   2   0   0   0   0  15   0   0   0   4  0.56 0.15
   17 G    0 -3  0  1 -4 -1  1  5 -3 -4 -4 -2 -3 -4 -3  1 -1 -4 -4 -2    5   0   4   9   0   1  12  54   0   0   0   0   0   0   0   8   2   0   0   4  0.75 0.15
   18 P    0  0 -2 -2 -4  1  1 -1  0 -3 -3 -1 -3 -3  6  1 -2 -4 -1 -1    4   4   0   0   0   8   9   4   2   0   0   0   0   0  45  14   0   0   3   5  0.96 0.17
   19 Q    0  2  2  1 -3  2 -1 -2 -1 -2  0  0  0 -1  0  1  0 -3 -1 -1    8  14  12   7   0  17   0   0   0   0  10   2   2   3   5  10   4   0   2   4  0.20 0.08
   20 D    1  0  2  3 -3 -1  1  0 -2 -3 -3  2 -3 -4  1  1 -1 -4 -3 -2   11   3  10  19   0   0   6   8   0   0   0  18   0   0   8  12   0   0   0   3  0.35 0.08
   21 Q    0  3  1 -2 -3  1 -1 -1  2 -2 -1  2  0  0  1  0 -1 -3 -2 -2    8  19   7   0   0   7   0   2   6   0   5  21   3   7   7   7   0   0   0   1  0.28 0.07
   22 K   -2  2 -2  0 -5  1 -1 -2 -2 -3 -2  5 -2 -4  3 -2 -2 -4 -2 -2    0  13   0   5   0   6   0   1   0   0   3  49   0   0  18   0   0   0   2   3  0.79 0.17
   23 R   -1  6 -2 -3 -5 -1 -2 -4 -2 -4 -1  2 -2 -1 -3  0 -2 -4 -3 -3    3  73   0   0   0   0   0   0   0   0   7   9   0   3   0   5   0   0   0   0  1.17 0.23
   24 N    1  2  2  0 -3  1  0 -1 -1 -3 -3  1  0 -3  0  2 -1 -3  0 -2   11  13  12   3   0   7   5   3   0   0   0   9   5   0   5  21   0   0   5   2  0.27 0.08
   25 R   -1  5 -1  0 -4  0 -1  0 -1 -3 -2  2  0  0 -1  0 -1 -3 -2 -2    4  44   0   6   0   0   0   7   0   0   0  14   5   6   2   7   2   0   0   3  0.49 0.12
   26 R    0  2  1  1 -3  1  0  0  1 -3 -3  1  0 -3  0  1  0 -3  0 -2   10  18   6   7   0   9   5   8   4   0   0   6   3   0   4  12   3   0   3   0  0.25 0.05
   27 N   -1  0  2  3 -2  2  0  2 -1 -2 -3  0 -2 -2 -1  1  1 -4 -3 -3    1   3  13  19   1  13   2  15   0   4   0   4   0   2   2  13   7   0   0   0  0.33 0.08
   28 E   -1  0  0  3 -4  2  4 -2  0 -4 -4  1 -3 -4 -1  0  1 -5 -3 -3    4   3   3  20   0  10  33   2   1   0   0   6   0   0   2   6   8   0   0   0  0.58 0.11
   29 E   -1 -1 -1  1 -3  1  3 -3  2  0 -1 -1 -1  1  0  0  0 -3 -1  1    0   0   0   9   0   7  26   0   6   7   4   2   0   7   4   8   5   0   0  14  0.22 0.07
   30 T   -1 -2 -1  0  0 -1  2 -2 -2  0  0 -2  1 -3 -2  1  4 -4 -3  0    3   0   0   4   3   0  17   1   0   4   9   0   5   0   1   8  39   0   0   5  0.36 0.12
   31 V   -2 -4 -5 -5  0 -4 -4 -5 -4  3  3 -4  2  1 -4 -3 -2 -3 -2  4    0   0   0   0   2   0   0   0   0  16  34   0   4   7   0   0   0   0   0  36  0.69 0.17
   32 R   -4  7 -3 -4 -6 -1 -2 -5  1 -5 -5  1 -4 -5 -4 -3 -2 -5 -4 -5    0  92   0   0   0   0   0   0   3   0   0   3   0   0   0   0   2   0   0   0  2.04 0.40
   33 I    0 -4 -4 -5 -1 -3 -4 -2 -4  3  3 -4  2  3 -4 -2 -2 -3 -1  1    8   0   0   0   1   0   0   4   0  26  29   0   7  17   0   1   0   0   0   6  0.47 0.15
   34 L   -3 -4 -5 -6 -3 -4 -5 -6 -4  2  5 -4  1 -1 -5 -4 -3 -3  0  1    0   0   0   0   0   0   0   0   0  10  78   0   2   0   0   0   0   0   4   6  1.09 0.26
   35 I   -2 -4 -5 -5  3 -3 -4 -5 -4  4  1 -4  4  0 -4 -3 -2 -4 -3  3    0   0   0   0   9   0   0   0   0  34  10   0  20   4   0   1   0   0   0  23  0.77 0.21
   36 P   -1 -1 -1 -3  1  3 -2 -1  1 -3 -3 -2 -2 -4  6  1 -1 -5 -2 -3    2   2   2   0   4  17   0   5   4   1   1   0   1   0  46  10   4   0   2   0  1.08 0.24
   37 S    0  0  0 -2 -3  0 -2  1 -2 -3 -2  0 -3 -4 -3  4  1 -5 -4 -1    4   4   2   0   0   3   0  13   0   0   3   5   0   0   0  54   9   0   0   4  0.62 0.21
   38 S   -2  3 -1 -1  0  1  1 -3  1 -3 -4  5 -3 -4  0  0 -2 -1 -3 -4    2  19   1   2   3   3   7   0   3   1   0  49   0   0   4   5   0   1   0   0  0.79 0.22
   39 I    0 -1  3  2 -1  1  3 -1 -1  0 -2  0  0 -3 -3 -1 -1 -2 -3  0    9   2  18  13   1   4  26   3   1   7   1   3   3   0   0   1   2   1   0   7  0.33 0.11
   40 A    4 -3 -3 -4 -2 -2 -2 -2 -3  1 -1 -2 -1 -3 -2  0  1 -4 -3  2   63   0   0   0   0   0   0   0   0   9   4   0   0   0   0   2   7   0   0  15  0.65 0.19
   41 G    0 -4 -2 -1 -4 -3 -3  6 -3 -4 -4 -3 -1 -4 -4 -2 -3  1 -4 -2    7   0   0   4   0   0   0  78   0   0   0   0   2   0   0   0   0   2   0   4  1.30 0.22
   42 A    2  0  0 -2 -2 -1 -2  1 -2  0 -1  1 -2 -3  0  2  0 -4 -3  0   29   4   2   0   0   0   0  10   0   9   2   8   0   0   4  21   5   0   0   6  0.27 0.09
   43 V   -2 -4 -5 -5 -3 -4 -5 -6 -5  5  1 -4  1 -2 -4 -4 -2 -4 -3  3    0   0   0   0   0   0   0   0   0  60  10   0   2   0   0   0   0   0   0  28  1.00 0.22
   44 I   -3 -5 -5 -6 -3 -5 -5 -6 -5  6  0 -5  0  0 -5 -4 -2 -4 -3  2    0   0   0   0   0   0   0   0   0  91   0   0   0   4   0   0   0   0   0   6  1.41 0.30
   45 G   -2 -1 -2 -3 -5 -4 -4  6 -4 -6 -6 -3 -5 -5 -4 -1 -3 -5 -5 -5    0   4   0   0   0   0   0  93   0   0   0   0   0   0   0   3   0   0   0   0  1.86 0.32
   46 K   -3  2 -2 -3 -5  0  0 -4  1 -2 -4  6 -3 -5 -3 -2 -2 -5 -4 -4    0   8   0   0   0   0   4   0   4   3   0  81   0   0   0   0   0   0   0   0  1.39 0.31
   47 G    0  0 -2 -2 -5  0  1  5 -2 -5 -5  2 -4 -4 -3  0 -2 -4 -1 -4    4   5   0   0   0   2  10  54   0   0   0  19   0   0   0   4   0   0   2   0  0.83 0.18
   48 G   -2 -4 -2 -3 -5 -4 -4  7 -4 -6 -6 -4 -5 -6 -5 -2 -4 -5 -6 -6    0   0   0   0   0   0   0 100   0   0   0   0   0   0   0   0   0   0   0   0  2.15 0.35
   49 Q    1  0 -1  1 -4  1  3 -3  1 -3 -2  2 -1 -3 -2  1  0 -4 -3 -2   10   1   0   6   0   6  31   0   3   0   2  17   1   1   0  14   3   0   0   3  0.44 0.13
   50 H   -2 -1  5 -1 -4  2 -2 -3  2 -1 -3 -1 -2 -2 -3  0  2 -5 -3  0    0   2  49   0   0   9   0   0   4   4   0   0   0   2   0   5  15   0   0   9  0.74 0.21
   51 I   -3 -4 -5 -6 -3 -4 -5 -6 -5  6  1 -4  2 -2 -5 -4 -2 -4 -3  3    0   0   0   0   0   0   0   0   0  67   7   0   5   0   0   0   0   0   0  22  1.13 0.29
   52 Q    0  2  2 -2 -4  1  1 -3 -2 -4 -4  4 -3 -5 -3  1  0 -5 -4 -2    7  12  12   0   0   6   8   0   0   0   0  40   0   0   0   8   5   0   0   2  0.65 0.24
   53 K    0  3  1  1 -4  1  2 -3  1 -4 -2  2 -2 -4 -3  0 -1 -4 -1 -3   10  22   7   7   0   6  14   0   4   0   4  18   0   0   0   6   2   0   2   0  0.44 0.16
   54 M   -3 -4 -5 -6 -3 -4 -5 -6 -4  3  4 -4  2  2 -5 -4 -3 -3  0  1    0   0   0   0   0   0   0   0   0  26  50   0   6   7   0   0   0   0   3   8  0.86 0.26
   55 R   -3  6 -3 -4 -6  1 -2 -5  3 -5 -5  1 -4 -4 -4 -3  0 -4  1 -5    0  69   0   0   0   6   0   0   7   0   0   6   0   0   0   0   6   0   6   0  1.48 0.45
   56 T   -1  0  0  1 -3  2  2 -3  1 -2 -1  0 -2 -3 -3  1  3 -4 -3 -1    3   5   4   8   0   9  20   0   3   0   8   5   0   0   0  11  22   0   0   3  0.35 0.17
   57 Q    0  1 -1  1 -3  1  1  0  2 -2 -1  1  2 -2 -3  0  0 -3  1 -2    8   8   0   8   0   8   8   8   8   0   8   8   8   0   0   8   8   0   8   0  0.16 0.14
   58 Y   -1 -3  0 -3  0 -3 -3 -4  0 -1 -3  0 -2  3 -4  2  1 -2  5  0    5   0   6   0   2   0   0   0   1   3   0   7   0  15   0  20  10   0  25   7  0.51 0.25
   59 K   -1  1  3  0 -1  0  0  2  0 -1 -3  3 -1 -4  0  1 -1 -5 -3 -3    3   5  17   4   2   3   5  16   2   7   0  22   1   0   4  10   1   0   0   0  0.33 0.17
   60 A    5 -3 -3 -4  3  1 -2 -1 -3 -3 -3 -3 -3 -4 -3  1  0 -5 -4  0   62   0   0   0   7   7   0   3   0   0   0   0   0   0   0   9   4   0   0   8  0.85 0.31
   61 T   -1  3  0 -1  1  1 -1  1  0 -2 -2  3 -2 -4 -3  1  1 -5 -3 -2    0  15   3   2   4   6   0  10   2   1   4  26   0   0   0  13  11   0   0   2  0.37 0.16
   62 V   -3 -5 -5 -6  1 -4 -5 -6 -5  5  1 -4 -1 -2  1 -4 -2 -5 -4  4    0   0   0   0   4   0   0   0   0  44  11   0   0   0   7   0   0   0   0  35  0.97 0.29
   63 S   -1 -2  3  0 -3  2  0 -3  1 -2 -1  0 -1 -1  1  2  2 -4 -3 -2    0   0  16   3   0  11   5   0   3   2   5   5   2   2   7  23  13   0   0   2  0.34 0.16
   64 V    0 -2 -4 -4 -3 -2 -3 -4 -3  3  1  1  2  2 -3 -2 -2 -3 -2  3    7   0   0   0   0   0   0   0   0  21  12  13   8   9   0   0   0   0   0  30  0.41 0.17
   65 D    0 -2  0  2 -4  1  1 -3  1 -2 -3  0 -2 -4  4  1  0 -5 -3  0    6   0   5  12   0   6  12   0   5   0   0   5   0   0  23  11   5   0   0  11  0.50 0.14
   66 D   -3 -3  1  6 -5 -2  3 -2 -3 -2 -5 -1 -4 -5 -2  0 -3 -6 -5 -1    0   0   3  59   0   0  17   1   0   3   0   2   0   0   2   6   0   0   0   6  1.16 0.37
   67 S    2  1  0 -2  3  0  0  1  0 -4 -4  1 -3 -4 -1  3  0 -4 -1 -3   19   6   5   0   8   3   4   8   2   0   0   8   0   0   3  26   4   0   3   0  0.36 0.19
   68 Q   -1  1  3  0 -3  2  1  0  0 -2 -2  0 -2 -3  1  2  0 -4 -1 -3    1   7  17   3   0  11   9   7   1   2   3   5   0   0   5  23   2   0   2   0  0.33 0.16
   69 G    1 -2 -1  1  2 -2 -2  4  0 -3 -3 -1 -1 -2 -3  0  0 -3  1 -1   14   0   2   9   7   0   0  37   2   0   1   2   2   0   0   4   7   0   6   5  0.39 0.15
   70 P   -2 -1  0 -1 -3 -2  0 -2  1 -2 -1 -1 -2  0  6 -1 -1 -4 -2  0    1   2   4   3   0   0   7   2   4   0   8   3   0   6  45   4   2   0   0   9  0.85 0.20
   71 E   -2 -1 -1  2 -4  1  5 -3 -1 -4 -4  1 -3 -1 -2  1  0 -4 -3 -3    1   0   0   9   0   5  54   1   0   0   1  10   0   3   0   8   7   0   0   0  0.77 0.24
   72 R   -2  5 -1 -2  3  0 -1 -3  3 -3 -3  2 -3 -3 -3  0 -2 -4 -2 -3    1  52   1   1  10   0   1   1  10   1   1  12   0   0   1   8   1   0   0   1  0.84 0.25
   73 T    1 -2 -2 -3 -2 -2 -2 -3 -2  2  1 -2  2 -1 -2  1  1 -2  1  2   11   1   0   1   0   0   1   1   0  22  10   1   6   0   1  13   9   0   6  17  0.21 0.11
   74 I    0  0 -3 -3  2 -2 -2 -3 -2  2  2 -2  2  1 -3 -2  0 -2  1  2    7   8   0   1   8   0   1   1   0  14  19   1   6   5   1   1   5   0   8  15  0.17 0.09
   75 Q    0 -1  2 -3 -1  0 -3 -2 -1  0 -1 -1 -2 -3 -3  2  4 -5 -1  0    7   3   9   0   1   4   0   2   1   5   4   4   0   0   0  13  37   0   2   5  0.48 0.31
   76 I   -4 -6 -6 -7 -4 -5 -6 -7 -6  6  1 -5  3  0 -6 -5 -1 -5 -4  4    0   0   0   0   0   0   0   0   0  51  10   0   7   3   0   0   4   0   0  26  1.30 0.54
   77 S    0 -1 -1  0  1 -2 -1 -2 -3 -2 -2 -2 -3 -3 -1  3  3 -5 -1  1    4   3   1   6   3   1   3   3   0   1   2   1   0   1   2  32  23   0   2  11  0.46 0.35
   78 A    3 -3 -3 -4  1 -3 -1  4 -4 -2 -2 -2 -4 -5  0  2  0 -5 -5 -1   24   1   0   0   4   0   3  36   0   2   3   1   0   0   3  13   5   0   0   4  0.64 0.36
   79 D    0 -3  2  5 -1  0  1 -2 -2 -4 -4 -3  0 -5  0  2  1 -6 -5 -3    6   0   8  33   1   3   9   2   1   0   1   0   3   0   4  18  10   0   0   1  0.66 0.38
   80 I    0 -2 -2 -2 -1 -2 -1 -4 -4  3  2 -1  1  0 -4 -1  1 -4 -2  2    6   1   1   2   1   1   4   0   0  20  20   3   4   3   0   3  12   0   1  17  0.31 0.22
   81 E   -1 -1  0  3  0  1  4 -1  0 -1 -3 -1 -4 -5 -1  0 -2 -5 -2 -4    4   2   4  20   3   7  36   4   1   4   3   3   0   0   2   5   1   0   1   0  0.61 0.36
   82 S    1 -1  2  0  0  0 -1  0  0 -3 -1  0 -1 -4  1  2  2 -5 -4 -2   15   3  14   3   2   3   2   5   2   0   6   5   1   0   6  15  17   0   0   2  0.29 0.23
   83 T    1 -2 -1 -4  1 -3 -4 -3 -4  3  1 -3  1 -3 -1 -1  0 -5 -4  3   16   3   4   0   3   0   0   2   0  24  12   0   2   0   3   4   6   0   0  23  0.41 0.28
   84 L    0 -4 -1 -3  2 -3 -4 -1  0  1  2 -3  2  2 -2 -1 -1 -3  0  1    8   0   4   1   5   0   0   5   2   9  30   0   5  10   1   5   3   0   4   7  0.24 0.19
   85 E    0  1  0  2 -4  1  3 -2  0 -4 -3  3 -3 -4 -1  0  0 -5 -1 -3   10   8   4  10   0   6  22   2   2   0   2  21   0   0   2   4   4   0   2   2  0.43 0.26
   86 I    2 -3 -4 -4  2 -1 -1 -4 -4  3  1 -2  1 -1 -4 -1  0 -4 -1  2   19   0   0   0   6   2   3   0   0  27  12   2   3   2   0   3   6   0   2  12  0.38 0.27
   87 I   -1 -4 -5 -5  1  0 -2 -5 -4  3  2 -4  2  3 -5 -3 -1 -3  0  2    3   0   0   0   3   5   2   0   0  23  24   0   5  14   0   0   3   0   2  17  0.57 0.32
   88 T    1  0  0  0  1  0 -1  1 -2 -1 -1  0  0 -3  1  1  2 -4 -3 -1   11   5   4   6   3   4   3  10   0   4   8   6   3   0   8  10  14   0   0   3  0.14 0.13
   89 E   -1  0  0  1 -4  0  2 -2 -2 -1  0  1  2 -3  0  1  1 -4 -3 -2    4   5   3   9   0   3  18   3   0   2  10  11   7   0   4  11   7   0   0   2  0.23 0.20
   90 M   -1  0  0 -4  1 -1 -3 -4  0  3  2  0  3 -1 -4 -1  0 -4 -3  2    3   4   5   0   4   3   0   0   2  25  17   8   8   2   0   4   4   0   0  12  0.32 0.25
   91 L   -1 -3 -3 -2  2 -1 -2 -3  0  2  3 -3  1  0  0 -1  0 -3  0  1    3   0   0   2   5   2   3   2   2  16  31   0   4   3   4   3   4   0   3  10  0.28 0.21
   92 K    0  0  0  1 -5  2  1 -2  1 -3 -3  2 -3 -2  3  0  0 -5 -2 -4    5   5   4   6   0  12  11   2   3   1   2  16   0   1  18   7   4   0   1   0  0.47 0.31
   93 Y   -1  1  1 -1 -1  1  0 -4  3 -1 -1  2 -2  1  0  0  0 -3  2 -1    5   6   7   2   2   5   5   0   8   3   6  19   0   6   3   4   4   0  11   4  0.22 0.21
   94 F   -1 -1  0 -1  1  0 -2 -2 -2  2  1 -1  2  1  0  0 -2 -3  0  0    5   4   5   4   3   6   0   2   0  13  18   3   7   8   5   8   0   0   4   4  0.10 0.14
   95 E    0  0  0  1 -4  2  2 -1  2 -3 -2  1  0 -3  1  1  0 -4 -3 -1    7   3   4   8   0   8  14   5   8   0   4  10   3   0   7   8   4   0   0   5  0.22 0.17
   96 E    0  0  1  2 -4  1  2 -1  1 -1 -2  1  0 -3  0  0  0 -4  0 -3    7   5   5  12   0   6  19   5   4   4   4   6   3   0   4   6   5   0   4   0  0.24 0.19
   97 R   -1  2  1  1 -1  2  0 -2  0  0 -2  1 -1 -3 -2  1  0  2  1 -1    3  12   6  10   1  11   5   2   2   5   2   6   1   0   2  11   6   3   6   5  0.19 0.20
   98 D   -1 -1  2  4  0  1  1 -1  1 -2 -2  0  0 -2  0  1  0 -5 -4 -2    3   3  11  24   2   7   6   4   4   2   3   5   3   2   5   9   4   0   0   3  0.33 0.26
   99 E   -1  0  1  2 -4  1  2 -1  2 -3 -2  1  0 -1  1  0  0 -4  0 -1    2   5   5  11   0   5  16   5   7   0   3   8   3   3   7   7   4   0   3   4  0.22 0.19
  100 D   -1 -1  0  3 -4  1  2 -1  1 -3 -2  0  0 -1  1  0  0 -4  0 -2    4   2   5  23   0   7  13   5   4   0   3   4   3   3   8   6   6   0   4   2  0.33 0.25
  101 F    0 -2  0 -3  2 -2 -3  0  2  0  0  0  1  1  1  0  0  4  1  0    6   0   6   0   6   0   0   6   6   6   6   6   6   6   6   6   6   6   6   6  0.14 0.16
  102 D   -1 -1  1  3 -4  0  3 -3 -1 -2 -3  1 -3 -3 -1  1  2 -4 -3 -3    2   0   5  19   0   1  31   0   1   2   0   8   0   1   2   9  18   0   0   0  0.55 0.18
  103 V    0 -2 -4 -5 -1 -3 -4 -4 -4  2  3 -3  4  1 -4 -3 -1 -3 -1  1    7   1   0   0   1   0   0   0   0  17  36   0  18   6   0   0   3   0   1  11  0.52 0.18
  104 R   -3  6 -2 -2 -5  0 -2 -4 -2 -5 -4  2 -3 -4 -4  0 -3 -4  0 -4    0  75   0   2   0   3   0   0   0   0   0   9   0   0   0   7   0   0   4   0  1.44 0.37
  105 L   -3 -4 -5 -6 -3 -3 -5 -5 -4  1  4 -4  4  2 -5 -4 -3 -3 -2  1    0   0   0   0   0   0   0   0   0   7  64   0  16   7   0   0   0   0   0   5  0.95 0.27
  106 L   -3 -3 -4 -5 -3 -3 -4 -5  1  2  5 -1  2 -1 -4 -4 -3 -4 -3  1    0   0   0   0   0   0   0   0   4   8  73   6   3   0   0   0   0   0   0   5  0.88 0.27
  107 I   -1 -4 -4 -5 -3 -4 -4 -5 -4  4  1 -4  0 -1 -4 -1 -1 -4 -3  4    2   0   0   0   0   0   0   0   0  27   7   0   1   1   0   6   1   0   0  53  0.75 0.25
  108 H   -2 -2 -1 -3  0  0 -1 -4  7 -5 -5  0 -4 -4  4  0 -3 -5 -1 -4    2   0   1   0   3   3   1   0  47   0   0   6   0   0  27   7   0   0   0   0  1.31 0.35
  109 Q    1  2  0 -2 -1  4  0 -1  3 -3 -3  0 -2 -3 -2  1  0 -4 -2 -3   15  11   5   0   1  26   4   3  10   0   1   1   0   0   0   8   5   0   1   0  0.36 0.18
  110 S    0  0  2 -2 -2 -1 -1 -1 -2 -3 -3  0 -3 -3 -1  4  0 -4  1 -2    3   5  10   0   1   1   3   2   0   1   1   5   0   0   2  55   2   0   6   1  0.57 0.24
  111 L   -2  0  0 -2 -4  5  0 -4  4  0  1  1  0 -3 -3 -2 -2 -3 -2 -1    0   2   3   0   0  38   3   0  13   8  19   7   2   0   0   0   0   0   0   4  0.54 0.21
  112 A    3 -3 -3 -3  4 -2 -2 -2 -3  1 -1 -2  2 -2 -2 -1  1 -3 -3  1   43   0   0   0  15   0   1   1   0  10   1   0   7   0   0   1   8   0   0  12  0.49 0.19
  113 G   -2 -3 -2 -3 -5 -3  0  6  1 -5 -5 -1 -4 -2 -4 -2 -3 -5 -4 -3    0   0   0   0   0   0   6  79   5   0   0   3   0   2   0   0   0   0   0   3  1.38 0.32
  114 C    1 -2 -2 -3  7 -3 -3  0 -3 -2 -1 -3 -2 -2 -2  2  0 -4 -1 -2   15   2   0   0  36   0   0   8   0   2   5   0   0   1   1  22   5   0   2   0  0.69 0.22
  115 V   -1 -2 -2 -2 -1 -2 -2 -3 -2  3  2 -2  1  0 -2 -2 -1 -2 -1  2    2   1   1   1   0   1   2   2   1  26  27   1   1   1   1   2   1   0   1  27  0.23 0.01
  116 I   -2 -4  0 -4 -2 -3 -4 -4 -4  6  1 -3  0 -2 -4 -3 -2 -4 -3  2    1   0   5   0   0   0   0   1   0  79   4   0   0   0   0   1   0   0   0   5  0.93 0.22
  117 G   -1 -3  2 -2 -4 -3 -1  6 -3 -5 -5 -3 -4 -5 -4  0 -2 -5 -5 -5    0   0  13   0   0   0   3  75   0   0   0   0   0   0   0   8   0   0   0   0  1.33 0.24
  118 K   -2  4  0 -2 -4  0 -1 -3 -2 -1 -2  5  1 -1 -3 -2 -1 -4 -2 -1    0  25   5   0   0   0   0   0   0   3   1  50   5   2   0   0   2   0   1   6  0.71 0.19
  119 G    0 -1  3 -1 -4  1 -1  3  2 -3 -3  2 -3 -4 -3  1 -1 -4 -3 -2    8   0  17   0   0   5   1  33   8   0   2  15   0   0   0   8   0   0   0   3  0.47 0.12
  120 G   -1 -3  0 -1 -4 -3 -3  6 -3 -4 -4 -1 -4 -5 -4 -2 -3 -5 -5 -1    2   0   5   3   0   0   0  77   0   0   0   5   0   0   0   0   0   0   0   8  1.22 0.22
  121 Q    1  1 -1 -1  0  1  1 -1 -1 -2  0  0 -1 -1 -2  2  0 -3 -1 -1   10   8   1   2   3   6   9   2   0   0  13   5   0   3   0  30   5   0   2   1  0.20 0.08
  122 K   -2  4  1  1 -4  0 -1 -3 -2 -1 -3  4 -2 -4 -3 -1  1 -5 -3 -2    0  23   5   8   0   0   0   0   0   6   0  47   0   0   0   0   8   0   0   3  0.69 0.18
  123 I   -2 -4 -4 -4 -2 -3 -4 -4 -4  5  1 -3  0  1 -4  0 -1 -3 -2  2    0   0   0   0   0   0   0   0   0  62  12   0   0   6   0  12   0   0   0   8  0.61 0.17
  124 K    1  3  1  0 -4  1  0 -2 -1 -4 -3  4 -2 -4 -2 -1  0 -4 -3 -3   14  16   7   5   0   3   3   0   0   0   0  46   0   0   0   0   5   0   0   0  0.61 0.14
  125 E   -1 -1  0  2 -5  1  4 -2  1 -4 -4  3 -3 -3 -3 -1 -2  5 -2 -3    3   0   3   9   0   5  41   2   3   0   0  22   0   0   0   0   0  12   0   0  0.72 0.15
  126 I   -2  1 -4 -5 -3 -2 -4 -5 -3  4  3 -2  3 -1 -4 -3 -2 -3 -2  1    0  12   0   0   0   0   0   0   0  42  33   0   9   0   0   0   0   0   0   4  0.57 0.14
  127 R   -2  5  1 -1 -4  2  2 -3 -1 -4 -3  1  0 -4 -3 -1 -1 -4 -3 -3    0  48   7   0   0  11  19   0   0   0   0   4   5   0   0   3   3   0   0   0  0.76 0.16
  128 D    1  0  1  2 -4  2  4 -2 -1 -4 -3  1  0 -4 -2  0  0 -5 -4 -3   12   2   5  14   0   6  44   2   0   0   0   5   3   0   0   2   4   0   0   0  0.63 0.15
  129 R    0  1  1  1 -3  1  1  0 -2  0  0  1  1 -3 -3  0  0 -4 -3  0    7   7   7   7   0   7   7   7   0   7   7   7   7   0   0   7   7   0   0   7  0.11 0.10
  130 I    0 -3  1 -3  2 -2 -2 -3  2  0 -2 -2 -2 -3 -3  3  4 -4  1 -2    3   0   6   0   5   0   0   0   5   6   3   0   0   0   0  25  40   0   6   0  0.60 0.29
  131 G   -1  0  2  0 -5  1  0  5  0 -5 -4  0 -1 -5 -4  0 -2 -5 -4 -4    2   4  10   4   0   9   4  52   3   0   0   7   2   0   0   4   0   0   0   0  0.78 0.26
  132 C    3 -3 -3 -4  3 -2 -3 -1 -3  0  1 -2  3 -3 -3  0  1 -4 -3  1   44   0   0   0   8   0   0   3   0   4  12   0  10   0   0   2   8   0   0   9  0.44 0.23
  133 R    0  3  1  0 -3  2 -1  0  4 -3 -3  1 -2 -3 -2  0  0 -3 -1 -3    6  21   7   5   0   9   1   5  17   1   1   9   0   0   1   8   7   0   0   1  0.37 0.13
  134 F    0 -1 -1 -2 -1 -1 -1 -1 -1  1  1 -1  2  1 -1 -1  1 -1  2  1    9   2   2   2   1   2   3   3   1  11  11   2   9   8   2   3  11   1   9   9  0.07 0.03
  135 L   -2 -4 -4 -4  3 -1 -4 -5 -4  4  2 -3  1 -2 -4 -1 -1 -4 -3  3    0   0   0   0   9   4   0   0   0  34  22   0   2   0   0   5   3   0   0  19  0.56 0.22
  136 K   -2  1  1 -2 -3  2  0 -2 -1  0 -1  5 -2 -3 -2 -1  0 -3 -3 -2    1   5   7   1   0   9   5   1   0   7   4  49   0   1   1   1   4   0   1   1  0.58 0.21
  137 V    0 -3 -3 -3 -2 -2 -1 -1 -3  2  1 -3  2 -2 -3 -2 -1 -3 -3  4   10   0   0   0   0   0   4   5   0  15  12   1   7   0   0   1   1   0   0  42  0.43 0.19
  138 F    2 -2 -1 -2 -3  1  0  0  1 -2 -2  0 -2  3 -1  0 -1 -1  4 -2   20   0   2   0   0   7   5   6   3   0   2   4   0  21   2   9   1   0  17   1  0.32 0.16
  139 S    0  0 -1  0 -3  3  0  1 -2 -3 -2  1 -2 -3  0  3  0 -4 -3 -2    4   3   0   3   0  18   2  11   0   0   5  11   0   0   4  29   5   0   0   2  0.34 0.16
  140 N   -2  0  2  3 -4  1  3 -2  0 -3 -3  1  0 -3  2  0  0 -4 -3 -1    1   3  14  17   0   7  22   2   2   0   2   6   3   0   9   5   3   0   0   4  0.41 0.14
  141 V   -2 -3 -3 -4  6 -1 -3 -4  1  2  1  0  4 -1 -1 -2  0 -1 -3  0    1   0   0   0  28   3   0   0   4  14  10   8  16   1   4   0   6   1   0   4  0.56 0.24
  142 A    1 -4 -4 -4  7 -3 -4 -1 -4 -2  2 -4  0 -3  0  0 -2 -4 -4 -2   16   0   0   0  34   0   0   4   0   0  31   0   2   0   4   9   0   0   0   0  0.78 0.30
  143 P    0 -3 -4 -4 -5 -1 -3 -4 -4 -5 -5  1 -4 -5  7 -2 -3 -6 -5 -4   10   0   0   0   0   3   0   0   0   0   0   9   0   0  75   0   0   0   0   0  2.15 0.47
  144 Q   -1  0  3  0 -1  3 -1  2  3 -1 -2 -1  0 -3 -3 -1 -2 -3  0 -3    2   3  18   5   1  19   1  19  12   4   3   2   2   0   0   2   0   0   4   0  0.36 0.15
  145 S   -1 -2 -1  0  2 -1  1 -2 -2 -4 -4  1 -3 -4 -2  5  0 -4 -3 -3    1   0   0   3   5   0   7   1   0   0   1  10   0   0   0  69   0   0   0   0  0.94 0.32
  146 T   -1 -2  0  0 -3 -2 -2 -3 -3 -3 -3  1 -1 -3 -3  2  5  2 -3 -2    2   0   2   5   0   0   0   1   0   0   1  10   1   0   0  18  55   3   0   0  0.80 0.28
  147 D   -3 -3 -1  6 -5 -1  5 -3 -2 -5 -5 -2 -4 -5 -3 -2 -2 -5 -4 -4    1   0   0  53   0   0  40   1   0   0   1   0   0   0   0   1   0   0   0   0  1.42 0.34
  148 R   -3  6 -2  1 -6 -1  1 -4 -2 -5 -5  2 -4 -5 -4 -3 -3 -5 -4 -5    0  71   0   9   0   0   8   0   0   0   0  12   0   0   0   0   0   0   0   0  1.48 0.39
  149 V    0 -2 -4 -4  0 -3 -3 -3 -4  3  2 -3  0 -2 -4 -1  0 -4 -3  4    6   1   0   0   2   0   1   2   0  16  25   0   0   0   0   3   4   0   0  41  0.53 0.20
  150 V   -1 -4 -5 -5  1 -4 -4 -5 -5  2  1 -4 -1  0 -4 -3 -2 -4 -3  5    5   0   0   0   3   0   0   0   0  11  12   0   0   4   0   0   0   0   0  66  0.92 0.29
  151 Q   -1  0 -1  1 -4  4  2 -3 -1 -2 -1  0  0 -2 -3  0  2 -4 -3 -1    3   3   0   8   0  33  15   1   1   1   4   4   2   1   0   6  14   0   0   5  0.49 0.21
  152 T   -2 -4 -3 -5  3 -4 -5 -5 -5  4  1 -4  1 -1 -4 -3 -1 -4 -3  4    0   0   1   0   8   0   0   0   0  37  14   0   2   2   0   1   2   0   0  32  0.79 0.25
  153 V    0  0  0 -2  0  0 -2 -1 -2  1  1 -1  1 -2 -3  2  1 -4 -2  1    5   4   5   0   2   3   0   5   0   8  14   3   4   1   0  27   7   0   1  12  0.17 0.12
  154 G    0 -5 -3 -4  3 -4 -5  6 -5 -6 -6 -4 -5 -6 -5 -3 -4 -6 -6 -5    5   0   0   0   8   0   0  87   0   0   0   0   0   0   0   0   0   0   0   0  1.93 0.44
  155 K    0 -1  0  2 -4  0  3 -2 -2 -3 -3  2 -2 -4 -2  2  2 -5 -3 -2    7   1   2  11   0   1  20   2   0   1   2  14   0   0   1  21  14   0   0   2  0.44 0.21
  156 Q    1  0 -3 -2 -4  0 -1 -3 -3  0 -2  0 -1 -4  5 -1 -2 -5 -4  2   12   5   0   1   0   5   3   1   0   4   1   7   1   0  38   3   2   0   0  16  0.82 0.27
  157 S    0  0  0  3 -4  0  3 -1 -1 -3 -3  0 -3 -4  0  1  0 -5 -1 -3    9   4   3  24   0   1  23   4   1   1   2   3   0   0   4  13   5   0   3   0  0.44 0.19
  158 Q    2  0  1 -1 -3  2  1 -2  0 -2 -2  1 -2 -4 -3  1  0  1 -3  1   18   4   7   2   0  12   9   1   2   1   1  11   0   0   0  13   6   2   0  11  0.27 0.15
  159 V    0 -5 -5 -6  4 -4 -5 -5 -5  4  1 -4 -1 -3 -5 -2 -1 -5 -4  4    7   0   0   0  11   0   0   0   0  34   8   0   0   0   0   2   2   0   0  37  0.90 0.31
  160 I    0  1 -1 -4  0 -2 -3 -1 -1  3  1 -2  0 -2 -4 -1  0 -4 -3  2    6  12   3   0   2   1   0   4   1  19  18   0   1   0   0   3   7   0   0  23  0.27 0.16
  161 E   -1  0  1  3 -3  2  3 -1  1 -3 -2  1 -3 -4 -3  0 -1 -4 -1 -2    5   5   8  21   0   9  20   3   5   1   4   8   0   0   0   5   3   0   2   1  0.41 0.17
  162 A    4 -5 -4 -5  8 -4 -4 -2 -5 -2 -4 -4 -4 -4 -4  0 -1 -5  0 -2   40   0   0   0  40   0   0   2   0   1   0   0   0   0   0   7   3   0   3   2  1.38 0.43
  163 V   -2 -4 -4 -5 -1 -3 -4 -5  0  4  2 -4  1 -1 -4 -3 -2 -4 -3  3    2   0   0   0   1   0   0   1   3  36  24   0   3   2   0   1   2   0   0  24  0.73 0.25
  164 R   -1  3  0 -1 -4  0  1 -1  1  0 -2  3 -2 -2 -3 -1 -1 -1  1  0    4  18   5   1   0   3  10   5   4   9   1  20   0   1   0   3   2   1   6   6  0.25 0.13
  165 E   -1  0 -1  0 -4  3  3 -2  2  0 -1  1  0 -3 -3 -1  0 -4 -3 -1    4   3   2   4   0  19  28   2   7   8   5   6   2   0   0   4   4   0   0   2  0.42 0.19
  166 V   -3 -4 -5 -5 -1 -4 -5 -5 -5  6  0 -4  0 -2 -4 -4 -3 -4 -3  3    1   0   0   0   1   0   0   1   0  70   5   0   2   0   0   1   0   0   0  17  1.35 0.39
  167 I    0 -2 -2 -3  2  1 -2  0  2  0  0  0  1  1 -3  0  0  4  1  0    7   0   0   0   6   7   0   7   6   7   7   7   6   6   0   7   7   6   6   7  0.13 0.15
  168 T    0 -2  1  2  2  0  3 -2  0 -2 -1  0 -2 -1 -3  0  0 -4  0 -1   10   0   7  13   7   2  21   2   3   1   8   7   0   2   0   3   7   0   4   4  0.23 0.18
  169 L   -1 -1 -4 -4 -3  0  0 -5 -1  3  3 -1  2 -2 -4 -2  0 -4 -1  2    3   2   0   0   0   3   7   0   2  20  29   4   6   0   0   2   5   0   2  16  0.38 0.24
  170 T   -1 -4 -4 -5  3 -3 -4 -5  0  3  3 -2  3  0 -4 -1 -1 -4 -3  1    4   0   0   0   8   0   0   0   3  19  36   2  10   3   0   5   3   0   0   7  0.57 0.31
  171 R   -1  3 -1 -2 -4  2  2 -2 -2 -1  0  2  0 -3 -3  0 -1 -4 -3 -1    5  17   2   0   0  11  13   2   0   4  12  16   2   0   0   8   2   0   0   4  0.32 0.21
  172 D   -1 -1  0  2 -4  2  4  0 -2 -4 -4  0 -1 -4 -2 -1  1 -5 -4 -2    3   2   3  14   0  10  37   6   0   0   0   5   2   0   2   4   8   0   0   4  0.59 0.31
  173 T    2 -2  1 -1  0 -2 -1 -2 -3  0 -2 -1  0 -1 -3  2  3 -4 -1  0   21   0   6   3   2   0   3   0   0   7   2   2   2   3   0  19  21   0   1   7  0.31 0.23
  174 P   -1 -4 -4 -1 -1 -1 -1 -4 -4 -4 -2 -3 -4 -2  7 -2 -1 -5 -5 -2    5   0   0   3   2   3   3   1   0   0   4   0   0   2  68   2   3   0   0   3  1.82 0.61
  175 I    0 -1 -3 -4 -3 -3 -3 -2 -3  3  0 -1 -1 -3  4 -1 -1 -4 -1  1    7   4   0   0   0   0   0   2   0  28   6   3   0   0  28   4   2   0   2  11  0.62 0.30
  176 K   -1  3 -2 -3 -5  0 -2 -3 -3 -2 -4  6 -4 -5 -4 -1 -1 -5 -4 -3    4  19   0   0   0   3   0   2   0   2   0  61   0   0   0   3   3   0   0   2  1.22 0.52
  177 G   -1  0 -3 -4 -5  1 -2  6 -4 -2 -2 -3 -4 -5 -5 -3 -2 -6 -5 -2    4   6   0   0   0   8   2  68   0   3   5   0   0   0   0   0   2   0   0   2  1.24 0.48
  178 A    1 -1  0 -3 -1 -1 -2 -1 -1  0 -1 -1 -1 -2  4  1 -1 -4 -2  1   16   3   5   0   1   1   2   4   1   5   4   3   1   2  25  12   2   0   1  12  0.41 0.21
  179 I   -1  1  2  0 -3 -1 -1 -4 -3  3 -2 -1 -1 -3 -1 -1  2 -5 -3  2    5   7  10   5   0   2   4   0   0  25   0   2   1   0   3   3  14   0   0  20  0.32 0.24
  180 H   -2  1  2 -1 -4  3  0 -4  3  2 -2  0  0 -3 -4  0 -2 -4 -1  1    1   6  10   3   0  19   5   0  10  15   2   5   2   0   0   8   1   0   1  12  0.34 0.24
  181 N   -1 -2  3  0 -4  1  0 -4  0 -1  0 -2 -1 -1  5  0 -1 -5 -4 -3    3   1  15   4   0   7   5   0   2   3  11   0   1   3  35   6   4   0   0   0  0.71 0.31
  182 Y   -5 -5 -5 -7 -6 -5 -6 -7  2 -5 -5 -2 -5  2 -7 -2 -5 -1  9 -5    0   0   0   0   0   0   0   0   4   0   0   3   0   5   0   2   0   0  86   0  2.75 0.86
  183 D   -4  1  2  6 -6 -2  0 -4 -1 -6 -4  1 -5 -3  0 -2 -2 -6 -5 -5    0   9  11  53   0   0   4   0   1   0   1  11   0   2   6   2   2   0   0   0  1.14 0.44
  184 P    2 -5 -5 -5 -5  0 -4 -5 -5 -6 -6 -4 -5 -6  7 -1 -2 -7 -6 -5   20   0   0   0   0   5   0   0   0   0   0   0   0   0  69   5   2   0   0   0  2.16 0.67
  185 M    0  0  1  0 -3  1  0  0  2  0 -1  0  1  1 -3  0  0 -3  1  0    6   6   6   6   0   6   6   6   6   6   6   6   6   6   0   6   6   0   6   6  0.06 0.09
  186 N    0  0  5  0  2  1 -2 -3  1 -4 -4 -2  1  1 -4  0 -2 -4  2 -4    8   6  39   5   5   6   0   0   3   0   0   0   5   8   0   5   0   0   8   0  0.64 0.35
  187 F    0 -3 -3 -4  1  0 -3 -4  2 -2  0 -3 -2  4  1  0 -3  3  4 -1    9   0   0   0   4   6   0   0   5   0   8   0   0  22   6   7   0   4  21   5  0.55 0.29
  188 D    0 -4  2  6  2 -2  0 -3 -3 -5 -2 -3 -4 -5  0  1 -2 -6 -5 -4    8   0   8  54   5   0   3   0   0   0   4   0   0   0   5  12   0   0   0   0  1.05 0.39
  189 R   -2  1 -2  0 -5  3  4 -4  0 -3 -2  1 -1 -4  3 -1 -1 -5 -4 -1    0   8   0   5   0  13  32   0   2   0   5   7   2   0  14   4   3   0   0   5  0.57 0.24
  190 V    0 -3 -2  0 -3 -1 -1 -2 -2  0 -1 -2  1  2  1  1  1 -2  2  1   10   0   0   7   0   1   3   3   0   5   2   0   6  12   7   9  11   0  11  11  0.19 0.14
  191 Y   -2 -4 -1  1 -4 -1 -3 -5  1  0  0 -4  2  4 -5 -3 -1 -1  5  0    3   0   3   9   0   2   0   0   2   6   9   0   7  24   0   0   3   0  25   5  0.63 0.27
  192 A    4 -3 -3 -3  2 -2 -2 -2 -3  0  0 -2 -2 -3 -1  1  0 -4  0  1   49   0   0   0   6   0   1   1   0   6   7   0   0   0   3   9   3   0   3   9  0.51 0.25
  193 D   -1 -1  2  1  0  0  1 -1  1 -2  1 -1  0 -2  2 -1 -1 -3  1 -1    5   2  14  10   3   3   9   5   4   1  17   1   2   1  11   4   1   0   6   4  0.16 0.10
  194 E   -2 -1  1  4 -5  1  3  0  1 -4 -5 -2 -4 -5  1  0  1 -6 -4 -3    0   2   6  27   0   5  26   6   3   0   0   0   0   0   6   5  11   0   0   2  0.65 0.28
  195 Y   -4 -4 -5 -6 -5  0 -5 -6 -1 -4 -1 -4 -3  0 -6 -4  0  3  8 -4    0   0   0   0   0   6   0   0   0   0   7   0   0   0   0   0   7   4  75   0  2.05 0.60
  196 G   -2 -4 -2  1 -5 -4 -3  6 -4 -5 -5 -3 -5 -5 -4  0  0 -5 -5 -5    0   0   0   7   0   0   0  75   0   0   0   0   0   0   0   8   8   0   0   0  1.51 0.42
  197 G   -2  1 -2 -3 -5 -3 -4  6 -4 -5 -5 -3 -4 -5 -4 -1  1 -5 -5 -5    0   8   0   0   0   0   0  77   0   0   0   0   0   0   0   2   9   0   0   0  1.53 0.40
  198 Y   -4 -4 -4 -5 -4 -1 -4 -5  3 -1 -3 -4 -3  5 -5 -4 -4  7  6 -3    0   0   0   0   0   3   0   0   9   3   1   0   0  26   0   0   0  18  37   0  1.50 0.37
  199 G    1 -2 -2 -2 -2 -2 -2  3 -3  1  0 -2 -1 -2  1  2  1 -3 -3 -1   12   0   0   0   0   0   1  23   0  16   8   1   0   0   5  24   7   0   0   1  0.31 0.13
  200 T    0 -2  0  0  0 -1  0 -3 -2 -1 -1 -2  1  0  0  1  3 -3  1  0    4   0   2   4   2   0   5   0   0   2   4   0   5   5   3  14  32   0   7   9  0.25 0.11
  201 G    1 -1 -1  0 -4 -2 -2  5 -3 -5 -4 -2 -4 -4  3  1 -2 -5 -4 -4    9   4   2   4   0   0   0  54   0   0   0   0   0   0  15  12   0   0   0   0  0.89 0.18
  202 S    0  0  1  1 -3  1  2  0 -2 -1 -2 -1  2 -3 -2  3  0 -4 -3 -2    3   5   6   9   0   5  14   7   0   5   0   0  12   0   0  30   2   0   0   0  0.30 0.12
  203 G    0  0  3  1 -3 -2 -2  2 -1 -3 -1 -1 -2 -2 -3  1  0 -3  2 -3    6   6  19   9   0   0   0  23   0   0   7   0   0   0   0  12   4   0  13   0  0.32 0.11
  204 S    2 -2  1  0 -2 -1 -2  1  0 -2 -1 -2 -2 -2 -2  3  1 -3  1 -2   17   0   7   4   0   0   0   8   3   0   9   0   0   0   0  38   8   0   6   0  0.35 0.13
  205 T   -1  0  1 -2 -2  2 -1 -3 -2  2  0  0 -1 -2 -3  1  3 -4 -3  0    0   5   8   0   0  11   0   0   0  23   7   4   0   0   0  15  28   0   0   0  0.29 0.11
  206 R    1  3  1  1 -4 -1 -1  2 -2 -4 -4  1 -3 -4  3 -1 -2 -4 -3 -3   16  29   7   9   0   0   0  17   0   0   0   9   0   0  14   0   0   0   0   0  0.51 0.10
  207 P    0 -2  0 -3 -3 -2 -2  2  2 -1  2 -2  3 -2  3 -1 -2 -3 -2 -1    9   0   7   0   0   0   0  19   9   0  24   0  14   0  17   0   0   0   0   0  0.36 0.09
  208 S    0 -2  3 -1 -3 -1 -1  1 -2 -2 -3 -1 -2 -3 -2  4  1 -4 -3  0    0   0  16   0   0   0   0  11   0   0   0   0   0   0   0  60   5   0   0   8  0.64 0.15
  209 Q   -1  0  1 -1 -3  4  0  1 -1 -2 -1  1  4 -3 -2 -1 -1 -3 -2 -2    1   0   8   0   0  37   1  13   0   0   1  11  24   0   0   1   0   0   0   1  0.46 0.11
  210 R    1  3  1 -1 -3  2 -1  1  3 -3 -3  0 -2 -2 -2  0 -1 -2  2 -2   17  23   9   1   0  10   1  14  12   1   1   1   0   0   1   1   1   0   9   1  0.30 0.05
  211 G   -1  1  2  2 -4 -1 -1  4 -2 -3 -1  1 -2 -3 -3 -1 -2 -4 -4 -3    0   9  12  16   0   0   0  43   0   0  10  11   0   0   0   0   0   0   0   0  0.51 0.07
  212 N   -2 -2  5  0 -3 -1 -2  2 -1 -3 -2 -1  2 -2 -3  0  1 -3  2 -3    0   0  53   0   0   0   0  16   0   0   0   0  10   0   0   0  10   0  11   0  0.63 0.12
  213 N   -2  1  4 -1 -3 -1 -2 -3 -1  1 -1 -1 -1  2  2 -1  1 -3 -1  1    0   9  31   0   0   0   0   0   0  12   0   0   0  12  10   0  10   0   0  16  0.28 0.07
  214 R   -2  4 -2 -3 -3 -1 -2 -4 -2  0  2  0  0 -2 -3 -2 -2 -3 -2  1    0  47   0   0   0   0   0   0   0   0  35   0   0   0   0   0   0   0   0  18  0.50 0.08
  215 N   -1 -1  5  0 -3 -1 -1 -1 -1 -3 -4 -1 -3 -4 -2  3  2 -4 -3 -3    0   0  56   0   0   0   0   0   0   0   0   0   0   0   0  31  13   0   0   0  0.83 0.11
  216 G   -1 -2  3 -1 -3 -2 -2  4 -2 -2  0 -2 -1 -3 -3  0  2 -4 -3 -2    0   0  20   0   0   0   0  41   0   0  13   0   0   0   0   0  27   0   0   0  0.50 0.06
  217 G    1  3 -1 -2 -4  0 -1  4 -2 -4 -3  2 -3 -4 -2 -1 -2 -4 -3 -3   12  29   0   0   0   0   0  40   0   0   0  20   0   0   0   0   0   0   0   0  0.62 0.06
  218 G    2 -2  2 -1 -2 -1 -2  4 -2 -3 -3 -1 -2 -3 -2  0  2 -4 -3 -2   29   0  16   0   0   0   0  38   0   0   0   0   0   0   0   0  17   0   0   0  0.53 0.04
  219 A    3 -2 -3 -3 -2 -2 -2 -1 -1 -2 -2 -2 -2  2  3  0 -1 -1  3 -1   54   0   0   0   0   0   0   0   0   0   0   0   0  17  15   0   0   0  14   0  0.49 0.05
  220 G    0 -3 -2 -2 -3 -3 -3  5 -3 -1 -3 -2 -2 -3  3 -1 -2 -4 -4  1    0   0   0   0   0   0   0  64   0   0   0   0   0   0  15   0   0   0   0  21  0.81 0.05
  221 G    0 -2 -1 -1 -3 -1  2  5 -2 -4 -4 -1 -3 -4 -2  1 -1 -4 -4 -3    0   0   0   0   0   0  18  64   0   0   0   0   0   0   0  18   0   0   0   0  0.82 0.04
  222 V    0 -2  3  3 -2 -1 -1 -2 -1  0  0 -1  3 -2 -2 -1 -1 -3 -3  1   10   0  23  26   0   0   0   0   0   0   0   0  23   0   0   0   0   0   0  19  0.29 0.02
  223 A    3 -2 -1 -2 -1 -1 -1 -1 -2 -1 -2 -1 -1 -2 -1  2  0 -3 -2  1   59   0   0   0   0   0   0   0   0   0   0   0   0   0   0  28   0   0   0  14  0.43 0.01
  224 G    0 -2  0 -1 -3 -2 -2  5 -2 -4 -4 -2 -3 -4 -2  2  0 -4 -3 -3    0   0   0   0   0   0   0  67   0   0   0   0   0   0   0  33   0   0   0   0  0.88 0.01
  225 G    0 -3 -1 -2 -4 -2 -3  6 -3 -5 -4 -2 -4 -4 -3 -1 -2 -4 -4 -4    0   0   0   0   0   0   0 100   0   0   0   0   0   0   0   0   0   0   0   0  1.37 0.02
  226 A    4 -1  3 -1 -1 -1 -1  0 -1 -2 -2 -1 -2 -3 -1  1  0 -4 -2 -1   72   0  28   0   0   0   0   0   0   0   0   0   0   0   0   0   0   0   0   0  0.50 0.01
  227 A    4 -2 -1 -2 -1 -1 -1 -1 -2 -2 -2 -1 -1 -3 -1  1  3 -3 -2  0   67   0   0   0   0   0   0   0   0   0   0   0   0   0   0   0  33   0   0   0  0.51 0.01
  228 G    0 -3 -1 -2 -4 -2 -3  6 -3 -5 -4 -2 -4 -4 -3 -1 -2 -4 -4 -4    0   0   0   0   0   0   0 100   0   0   0   0   0   0   0   0   0   0   0   0  1.37 0.02
  229 G    0 -3 -1 -2  6 -3 -3  5 -3 -3 -3 -3 -3 -3 -3 -1 -2 -4 -4 -3    0   0   0   0  33   0   0  67   0   0   0   0   0   0   0   0   0   0   0   0  0.95 0.01
  230 N   -2 -1  6  1 -3  0 -1 -1  0 -4 -4  0 -3 -4 -3  0  0 -4 -3 -3    0   0 100   0   0   0   0   0   0   0   0   0   0   0   0   0   0   0   0   0  1.07 0.01
  231 G    0 -3 -1 -2 -4 -2 -3  6 -3 -5 -4 -2 -4 -4 -3 -1 -2 -4 -4 -4    0   0   0   0   0   0   0 100   0   0   0   0   0   0   0   0   0   0   0   0  1.34 0.00
  232 G    0 -3 -1 -2 -4 -2 -3  6 -3 -5 -4 -2 -4 -4 -3 -1 -2 -4 -4 -4    0   0   0   0   0   0   0 100   0   0   0   0   0   0   0   0   0   0   0   0  1.34 0.00
  233 G    0 -3 -1 -2 -4 -2 -3  6 -3 -5 -4 -2 -4 -4 -3 -1 -2 -4 -4 -4    0   0   0   0   0   0   0 100   0   0   0   0   0   0   0   0   0   0   0   0  1.33 0.00
  234 F   -3 -4 -4 -4 -3 -4 -4 -4 -2  0  0 -4  0  6 -4 -3 -2  0  3 -1    0   0   0   0   0   0   0   0   0   0   0   0   0 100   0   0   0   0   0   0  0.95 0.00
  235 N   -2 -1  6  1 -3  0 -1 -1  0 -4 -4  0 -3 -4 -3  0  0 -4 -3 -3    0   0 100   0   0   0   0   0   0   0   0   0   0   0   0   0   0   0   0   0  1.05 0.00
  236 A    4 -2 -2 -2 -1 -1 -1  0 -2 -2 -2 -1 -1 -3 -1  1  0 -3 -2  0  100   0   0   0   0   0   0   0   0   0   0   0   0   0   0   0   0   0   0   0  0.60 0.00
  237 G    0 -3 -1 -2 -4 -2 -3  6 -3 -5 -4 -2 -4 -4 -3 -1 -2 -4 -4 -4    0   0   0   0   0   0   0 100   0   0   0   0   0   0   0   0   0   0   0   0  1.33 0.00
  238 G    0 -3 -1 -2 -4 -2 -3  6 -3 -5 -4 -2 -4 -4 -3 -1 -2 -4 -4 -4    0   0   0   0   0   0   0 100   0   0   0   0   0   0   0   0   0   0   0   0  1.33 0.00
  239 A    4 -2 -2 -2 -1 -1 -1  0 -2 -2 -2 -1 -1 -3 -1  1  0 -3 -2  0  100   0   0   0   0   0   0   0   0   0   0   0   0   0   0   0   0   0   0   0  0.60 0.00
  240 R   -2  6 -1 -2 -4  1 -1 -3  0 -3 -3  2 -2 -4 -2 -1 -1 -3 -2 -3    0 100   0   0   0   0   0   0   0   0   0   0   0   0   0   0   0   0   0   0  1.07 0.00
  241 G    0 -3 -1 -2 -4 -2 -3  6 -3 -5 -4 -2 -4 -4 -3 -1 -2 -4 -4 -4    0   0   0   0   0   0   0 100   0   0   0   0   0   0   0   0   0   0   0   0  1.33 0.00
  242 N   -2 -1  6  1 -3  0 -1 -1  0 -4 -4  0 -3 -4 -3  0  0 -4 -3 -3    0   0 100   0   0   0   0   0   0   0   0   0   0   0   0   0   0   0   0   0  1.05 0.00
  243 A    4 -2 -2 -2 -1 -1 -1  0 -2 -2 -2 -1 -1 -3 -1  1  0 -3 -2  0  100   0   0   0   0   0   0   0   0   0   0   0   0   0   0   0   0   0   0   0  0.60 0.00
  244 G    0 -3 -1 -2 -4 -2 -3  6 -3 -5 -4 -2 -4 -4 -3 -1 -2 -4 -4 -4    0   0   0   0   0   0   0 100   0   0   0   0   0   0   0   0   0   0   0   0  1.33 0.00
  245 G    0 -3 -1 -2 -4 -2 -3  6 -3 -5 -4 -2 -4 -4 -3 -1 -2 -4 -4 -4    0   0   0   0   0   0   0 100   0   0   0   0   0   0   0   0   0   0   0   0  1.33 0.00
  246 R   -2  6 -1 -2 -4  1 -1 -3  0 -3 -3  2 -2 -4 -2 -1 -1 -3 -2 -3    0 100   0   0   0   0   0   0   0   0   0   0   0   0   0   0   0   0   0   0  1.07 0.00
  247 G    0 -3 -1 -2 -4 -2 -3  6 -3 -5 -4 -2 -4 -4 -3 -1 -2 -4 -4 -4    0   0   0   0   0   0   0 100   0   0   0   0   0   0   0   0   0   0   0   0  1.33 0.00
  248 G    0 -3 -1 -2 -4 -2 -3  6 -3 -5 -4 -2 -4 -4 -3 -1 -2 -4 -4 -4    0   0   0   0   0   0   0 100   0   0   0   0   0   0   0   0   0   0   0   0  1.33 0.00
  249 A    4 -2 -2 -2 -1 -1 -1  0 -2 -2 -2 -1 -1 -3 -1  1  0 -3 -2  0  100   0   0   0   0   0   0   0   0   0   0   0   0   0   0   0   0   0   0   0  0.60 0.00
  250 D   -2 -2  1  6 -4 -1  1 -2 -1 -4 -5 -1 -4 -4 -2 -1 -1 -5 -4 -4    0   0   0 100   0   0   0   0   0   0   0   0   0   0   0   0   0   0   0   0  1.30 0.00
  251 R   -2  6 -1 -2 -4  1 -1 -3  0 -3 -3  2 -2 -4 -2 -1 -1 -3 -2 -3    0 100   0   0   0   0   0   0   0   0   0   0   0   0   0   0   0   0   0   0  1.07 0.00
  252 F   -3 -4 -4 -4 -3 -4 -4 -4 -2  0  0 -4  0  6 -4 -3 -2  0  3 -1    0   0   0   0   0   0   0   0   0   0   0   0   0 100   0   0   0   0   0   0  0.95 0.00
  253 G    0 -3 -1 -2 -4 -2 -3  6 -3 -5 -4 -2 -4 -4 -3 -1 -2 -4 -4 -4    0   0   0   0   0   0   0 100   0   0   0   0   0   0   0   0   0   0   0   0  1.33 0.00
  254 G    0 -3 -1 -2 -4 -2 -3  6 -3 -5 -4 -2 -4 -4 -3 -1 -2 -4 -4 -4    0   0   0   0   0   0   0 100   0   0   0   0   0   0   0   0   0   0   0   0  1.33 0.00
  255 A    4 -2 -2 -2 -1 -1 -1  0 -2 -2 -2 -1 -1 -3 -1  1  0 -3 -2  0  100   0   0   0   0   0   0   0   0   0   0   0   0   0   0   0   0   0   0   0  0.60 0.00
  256 A    4 -2 -2 -2 -1 -1 -1  0 -2 -2 -2 -1 -1 -3 -1  1  0 -3 -2  0  100   0   0   0   0   0   0   0   0   0   0   0   0   0   0   0   0   0   0   0  0.60 0.00
  257 G    0 -3 -1 -2 -4 -2 -3  6 -3 -5 -4 -2 -4 -4 -3 -1 -2 -4 -4 -4    0   0   0   0   0   0   0 100   0   0   0   0   0   0   0   0   0   0   0   0  1.33 0.00
  258 G    0 -2 -1  0 -4  0  3  5 -2 -4 -4 -1 -3 -4 -2 -1 -2 -4 -4 -3    0   0   0   0   0   0  34  66   0   0   0   0   0   0   0   0   0   0   0   0  0.85 0.00
  259 A    4 -2 -2 -2 -1 -1 -1  0 -2 -2 -2 -1 -1 -3 -1  1  0 -3 -2  0  100   0   0   0   0   0   0   0   0   0   0   0   0   0   0   0   0   0   0   0  0.60 0.00
  260 V    0 -3 -3 -4 -1 -3 -3 -4 -4  3  1 -3  1 -1 -3 -2  0 -3 -2  4    0   0   0   0   0   0   0   0   0   0   0   0   0   0   0   0   0   0   0 100  0.51 0.00
  261 A    4 -2 -2 -2 -1 -1 -1  0 -2 -2 -2 -1 -1 -3 -1  1  0 -3 -2  0  100   0   0   0   0   0   0   0   0   0   0   0   0   0   0   0   0   0   0   0  0.60 0.00
  262 G    0 -3 -1 -2 -4 -2 -3  6 -3 -5 -4 -2 -4 -4 -3 -1 -2 -4 -4 -4    0   0   0   0   0   0   0 100   0   0   0   0   0   0   0   0   0   0   0   0  1.33 0.00
  263 A    4 -2 -2 -2 -1 -1 -1  0 -2 -2 -2 -1 -1 -3 -1  1  0 -3 -2  0  100   0   0   0   0   0   0   0   0   0   0   0   0   0   0   0   0   0   0   0  0.60 0.00
  264 G    0 -3 -1 -2 -4 -2 -3  6 -3 -5 -4 -2 -4 -4 -3 -1 -2 -4 -4 -4    0   0   0   0   0   0   0 100   0   0   0   0   0   0   0   0   0   0   0   0  1.33 0.00
  265 M   -1 -2 -3 -4 -2  0 -2 -4 -2  1  2 -2  6  0 -3 -2 -1 -2 -2  1    0   0   0   0   0   0   0   0   0   0   0   0 100   0   0   0   0   0   0   0  0.56 0.00
  266 G    0 -3 -1 -2 -4 -2 -3  6 -3 -5 -4 -2 -4 -4 -3 -1 -2 -4 -4 -4    0   0   0   0   0   0   0 100   0   0   0   0   0   0   0   0   0   0   0   0  1.33 0.00
  267 Q   -1  1  0 -1 -3  6  2 -2  1 -3 -3  1  0 -4 -2  0 -1 -3 -2 -3    0   0   0   0   0 100   0   0   0   0   0   0   0   0   0   0   0   0   0   0  0.99 0.00
  268 R   -2  6 -1 -2 -4  1 -1 -3  0 -3 -3  2 -2 -4 -2 -1 -1 -3 -2 -3    0 100   0   0   0   0   0   0   0   0   0   0   0   0   0   0   0   0   0   0  1.07 0.00
  269 D   -2 -2  1  6 -4 -1  1 -2 -1 -4 -5 -1 -4 -4 -2 -1 -1 -5 -4 -4    0   0   0 100   0   0   0   0   0   0   0   0   0   0   0   0   0   0   0   0  1.30 0.00
  270 N   -2 -1  6  1 -3  0 -1 -1  0 -4 -4  0 -3 -4 -3  0  0 -4 -3 -3    0   0 100   0   0   0   0   0   0   0   0   0   0   0   0   0   0   0   0   0  1.05 0.00
  271 P   -1 -2 -3 -2 -4 -2 -2 -3 -2 -4 -3 -1 -3 -4  8 -1 -2 -5 -4 -3    0   0   0   0   0   0   0   0   0   0   0   0   0   0 100   0   0   0   0   0  2.64 0.00
  272 F   -2 -2  3 -1 -3 -2 -2 -2 -1 -1 -1 -2 -1  5 -3 -1 -1 -1  2 -2    0   0  34   0   0   0   0   0   0   0   0   0   0  66   0   0   0   0   0   0  0.57 0.00
  273 I   -2 -2 -2 -3 -2 -1 -2 -4  5  3  1 -2  0 -1 -3 -2 -1 -3  0  2    0   0   0   0   0   0   0   0  34  66   0   0   0   0   0   0   0   0   0   0  0.38 0.00
  274 N   -2  0  5  1 -3  4  0 -1  0 -4 -3  0 -2 -4 -2  0  0 -4 -3 -3    0   0  66   0   0  34   0   0   0   0   0   0   0   0   0   0   0   0   0   0  0.80 0.00
  275 P   -1 -2 -3 -2 -4 -2 -2 -3 -2 -4 -3 -1 -3 -4  8 -1 -2 -5 -4 -3    0   0   0   0   0   0   0   0   0   0   0   0   0   0 100   0   0   0   0   0  2.64 0.00
  276 W   -3 -3 -4 -5 -3 -3 -4 -4 -3 -3 -2 -4 -2  0 -5 -4 -4 11  2 -3    0   0   0   0   0   0   0   0   0   0   0   0   0   0   0   0   0 100   0   0  2.58 0.00
  277 A    4 -2 -2 -2 -1 -1 -1  0 -2 -2 -2 -1 -1 -3 -1  1  0 -3 -2  0  100   0   0   0   0   0   0   0   0   0   0   0   0   0   0   0   0   0   0   0  0.60 0.00
  278 N   -2 -1  6  1 -3  0 -1 -1  0 -4 -4  0 -3 -4 -3  0  0 -4 -3 -3    0   0 100   0   0   0   0   0   0   0   0   0   0   0   0   0   0   0   0   0  1.05 0.00
  279 G    0 -3 -1 -2 -4 -2 -3  6 -3 -5 -4 -2 -4 -4 -3 -1 -2 -4 -4 -4    0   0   0   0   0   0   0 100   0   0   0   0   0   0   0   0   0   0   0   0  1.33 0.00
  280 G    0 -3 -1 -2 -4 -2 -3  6 -3 -5 -4 -2 -4 -4 -3 -1 -2 -4 -4 -4    0   0   0   0   0   0   0 100   0   0   0   0   0   0   0   0   0   0   0   0  1.33 0.00
  281 G    0 -3 -1 -2 -4 -2 -3  6 -3 -5 -4 -2 -4 -4 -3 -1 -2 -4 -4 -4    0   0   0   0   0   0   0 100   0   0   0   0   0   0   0   0   0   0   0   0  1.33 0.00
  282 G    0 -3 -1 -2 -4 -2 -3  6 -3 -5 -4 -2 -4 -4 -3 -1 -2 -4 -4 -4    0   0   0   0   0   0   0 100   0   0   0   0   0   0   0   0   0   0   0   0  1.33 0.00
  283 D   -2 -2  1  6 -4 -1  1 -2 -1 -4 -5 -1 -4 -4 -2 -1 -1 -5 -4 -4    0   0   0 100   0   0   0   0   0   0   0   0   0   0   0   0   0   0   0   0  1.30 0.00
  284 V    0 -3 -3 -4 -1 -3 -3 -4 -4  3  1 -3  1 -1 -3 -2  0 -3 -2  4    0   0   0   0   0   0   0   0   0   0   0   0   0   0   0   0   0   0   0 100  0.51 0.00
  285 D   -2 -2  1  6 -4 -1  1 -2 -1 -4 -5 -1 -4 -4 -2 -1 -1 -5 -4 -4    0   0   0 100   0   0   0   0   0   0   0   0   0   0   0   0   0   0   0   0  1.30 0.00
  286 G    0 -3 -1 -2 -4 -2 -3  6 -3 -5 -4 -2 -4 -4 -3 -1 -2 -4 -4 -4    0   0   0   0   0   0   0 100   0   0   0   0   0   0   0   0   0   0   0   0  1.33 0.00
  287 F   -3 -4 -4 -4 -3 -4 -4 -4 -2  0  0 -4  0  6 -4 -3 -2  0  3 -1    0   0   0   0   0   0   0   0   0   0   0   0   0 100   0   0   0   0   0   0  0.95 0.00
  288 G    0 -3 -1 -2 -4 -2 -3  6 -3 -5 -4 -2 -4 -4 -3 -1 -2 -4 -4 -4    0   0   0   0   0   0   0 100   0   0   0   0   0   0   0   0   0   0   0   0  1.33 0.00
  289 N   -2 -1  6  1 -3  0 -1 -1  0 -4 -4  0 -3 -4 -3  0  0 -4 -3 -3    0   0 100   0   0   0   0   0   0   0   0   0   0   0   0   0   0   0   0   0  1.05 0.00
  290 N   -2 -1  6  1 -3  0 -1 -1  0 -4 -4  0 -3 -4 -3  0  0 -4 -3 -3    0   0 100   0   0   0   0   0   0   0   0   0   0   0   0   0   0   0   0   0  1.05 0.00
  291 A    4 -2 -2 -2 -1 -1 -1  0 -2 -2 -2 -1 -1 -3 -1  1  0 -3 -2  0  100   0   0   0   0   0   0   0   0   0   0   0   0   0   0   0   0   0   0   0  0.60 0.00
  292 G    0 -3 -1 -2 -4 -2 -3  6 -3 -5 -4 -2 -4 -4 -3 -1 -2 -4 -4 -4    0   0   0   0   0   0   0 100   0   0   0   0   0   0   0   0   0   0   0   0  1.33 0.00
  293 G    0 -3 -1 -2 -4 -2 -3  6 -3 -5 -4 -2 -4 -4 -3 -1 -2 -4 -4 -4    0   0   0   0   0   0   0 100   0   0   0   0   0   0   0   0   0   0   0   0  1.33 0.00
  294 A    4 -2 -2 -2 -1 -1 -1  0 -2 -2 -2 -1 -1 -3 -1  1  0 -3 -2  0  100   0   0   0   0   0   0   0   0   0   0   0   0   0   0   0   0   0   0   0  0.60 0.00
  295 G    0 -3 -1 -2 -4 -2 -3  6 -3 -5 -4 -2 -4 -4 -3 -1 -2 -4 -4 -4    0   0   0   0   0   0   0 100   0   0   0   0   0   0   0   0   0   0   0   0  1.33 0.00
  296 G    0 -3 -1 -2 -4 -2 -3  6 -3 -5 -4 -2 -4 -4 -3 -1 -2 -4 -4 -4    0   0   0   0   0   0   0 100   0   0   0   0   0   0   0   0   0   0   0   0  1.33 0.00
  297 F   -3 -4 -4 -4 -3 -4 -4 -4 -2  0  0 -4  0  6 -4 -3 -2  0  3 -1    0   0   0   0   0   0   0   0   0   0   0   0   0 100   0   0   0   0   0   0  0.95 0.00
  298 A    4 -2 -2 -2 -1 -1 -1  0 -2 -2 -2 -1 -1 -3 -1  1  0 -3 -2  0  100   0   0   0   0   0   0   0   0   0   0   0   0   0   0   0   0   0   0   0  0.60 0.00
  299 G    0 -3 -1 -2 -4 -2 -3  6 -3 -5 -4 -2 -4 -4 -3 -1 -2 -4 -4 -4    0   0   0   0   0   0   0 100   0   0   0   0   0   0   0   0   0   0   0   0  1.33 0.00
  300 N   -2 -1  6  1 -3  0 -1 -1  0 -4 -4  0 -3 -4 -3  0  0 -4 -3 -3    0   0 100   0   0   0   0   0   0   0   0   0   0   0   0   0   0   0   0   0  1.05 0.00
  301 S    1 -1  0 -1 -2  0  0 -1 -1 -3 -3 -1 -2 -3 -1  5  1 -4 -2 -2    0   0   0   0   0   0   0   0   0   0   0   0   0   0   0 100   0   0   0   0  0.72 0.00
  302 F   -3 -4 -4 -4 -3 -4 -4 -4 -2  0  0 -4  0  6 -4 -3 -2  0  3 -1    0   0   0   0   0   0   0   0   0   0   0   0   0 100   0   0   0   0   0   0  0.95 0.00
  303 G    0 -3 -1 -2 -4 -2 -3  6 -3 -5 -4 -2 -4 -4 -3 -1 -2 -4 -4 -4    0   0   0   0   0   0   0 100   0   0   0   0   0   0   0   0   0   0   0   0  1.33 0.00
  304 G    0 -3 -1 -2 -4 -2 -3  6 -3 -5 -4 -2 -4 -4 -3 -1 -2 -4 -4 -4    0   0   0   0   0   0   0 100   0   0   0   0   0   0   0   0   0   0   0   0  1.33 0.00
  305 G    0 -3 -1 -2 -4 -2 -3  6 -3 -5 -4 -2 -4 -4 -3 -1 -2 -4 -4 -4    0   0   0   0   0   0   0 100   0   0   0   0   0   0   0   0   0   0   0   0  1.33 0.00
  306 A    4 -2 -2 -2 -1 -1 -1  0 -2 -2 -2 -1 -1 -3 -1  1  0 -3 -2  0  100   0   0   0   0   0   0   0   0   0   0   0   0   0   0   0   0   0   0   0  0.60 0.00
  307 G    0 -3 -1 -2 -4 -2 -3  6 -3 -5 -4 -2 -4 -4 -3 -1 -2 -4 -4 -4    0   0   0   0   0   0   0 100   0   0   0   0   0   0   0   0   0   0   0   0  1.33 0.00
  308 G    0 -3 -1 -2 -4 -2 -3  6 -3 -5 -4 -2 -4 -4 -3 -1 -2 -4 -4 -4    0   0   0   0   0   0   0 100   0   0   0   0   0   0   0   0   0   0   0   0  1.33 0.00
  309 P   -1 -2 -3 -2 -4 -2 -2 -3 -2 -4 -3 -1 -3 -4  8 -1 -2 -5 -4 -3    0   0   0   0   0   0   0   0   0   0   0   0   0   0 100   0   0   0   0   0  2.64 0.00
  310 F   -3 -4 -4 -4 -3 -4 -4 -4 -2  0  0 -4  0  6 -4 -3 -2  0  3 -1    0   0   0   0   0   0   0   0   0   0   0   0   0 100   0   0   0   0   0   0  0.95 0.00
  311 G    0 -3 -1 -2 -4 -2 -3  6 -3 -5 -4 -2 -4 -4 -3 -1 -2 -4 -4 -4    0   0   0   0   0   0   0 100   0   0   0   0   0   0   0   0   0   0   0   0  1.33 0.00
  312 G    0 -3 -1 -2 -4 -2 -3  6 -3 -5 -4 -2 -4 -4 -3 -1 -2 -4 -4 -4    0   0   0   0   0   0   0 100   0   0   0   0   0   0   0   0   0   0   0   0  1.33 0.00
  313 G    0 -3 -1 -2 -4 -2 -3  6 -3 -5 -4 -2 -4 -4 -3 -1 -2 -4 -4 -4    0   0   0   0   0   0   0 100   0   0   0   0   0   0   0   0   0   0   0   0  1.33 0.00
  314 S    1 -1  0 -1 -2  0  0 -1 -1 -3 -3 -1 -2 -3 -1  5  1 -4 -2 -2    0   0   0   0   0   0   0   0   0   0   0   0   0   0   0 100   0   0   0   0  0.72 0.00
  315 F   -3 -4 -4 -4 -3 -4 -4 -4 -2  0  0 -4  0  6 -4 -3 -2  0  3 -1    0   0   0   0   0   0   0   0   0   0   0   0   0 100   0   0   0   0   0   0  0.95 0.00
  316 G    0 -3 -1 -2 -4 -2 -3  6 -3 -5 -4 -2 -4 -4 -3 -1 -2 -4 -4 -4    0   0   0   0   0   0   0 100   0   0   0   0   0   0   0   0   0   0   0   0  1.33 0.00
  317 N   -2 -1  6  1 -3  0 -1 -1  0 -4 -4  0 -3 -4 -3  0  0 -4 -3 -3    0   0 100   0   0   0   0   0   0   0   0   0   0   0   0   0   0   0   0   0  1.05 0.00
  318 N   -2 -1  6  1 -3  0 -1 -1  0 -4 -4  0 -3 -4 -3  0  0 -4 -3 -3    0   0 100   0   0   0   0   0   0   0   0   0   0   0   0   0   0   0   0   0  1.05 0.00
  319 G    0 -3 -1 -2 -4 -2 -3  6 -3 -5 -4 -2 -4 -4 -3 -1 -2 -4 -4 -4    0   0   0   0   0   0   0 100   0   0   0   0   0   0   0   0   0   0   0   0  1.33 0.00
  320 F   -3 -4 -4 -4 -3 -4 -4 -4 -2  0  0 -4  0  6 -4 -3 -2  0  3 -1    0   0   0   0   0   0   0   0   0   0   0   0   0 100   0   0   0   0   0   0  0.95 0.00
  321 G    0 -3 -1 -2 -4 -2 -3  6 -3 -5 -4 -2 -4 -4 -3 -1 -2 -4 -4 -4    0   0   0   0   0   0   0 100   0   0   0   0   0   0   0   0   0   0   0   0  1.33 0.00
  322 G    0 -3 -1 -2 -4 -2 -3  6 -3 -5 -4 -2 -4 -4 -3 -1 -2 -4 -4 -4    0   0   0   0   0   0   0 100   0   0   0   0   0   0   0   0   0   0   0   0  1.33 0.00
  323 G    0 -3 -1 -2 -4 -2 -3  6 -3 -5 -4 -2 -4 -4 -3 -1 -2 -4 -4 -4    0   0   0   0   0   0   0 100   0   0   0   0   0   0   0   0   0   0   0   0  1.33 0.00
  324 P   -1 -2 -3 -2 -4 -2 -2 -3 -2 -4 -3 -1 -3 -4  8 -1 -2 -5 -4 -3    0   0   0   0   0   0   0   0   0   0   0   0   0   0 100   0   0   0   0   0  2.64 0.00
  325 S    1 -1  0 -1 -2  0  0 -1 -1 -3 -3 -1 -2 -3 -1  5  1 -4 -2 -2    0   0   0   0   0   0   0   0   0   0   0   0   0   0   0 100   0   0   0   0  0.72 0.00
  326 D   -1 -2  0  4 -4 -1  0  4 -2 -5 -5 -2 -4 -4 -3 -1 -2 -4 -4 -4    0   0   0  50   0   0   0  50   0   0   0   0   0   0   0   0   0   0   0   0  0.90 0.00
  327 F   -3 -4 -4 -4 -3 -4 -4 -4 -2  0  0 -4  0  6 -4 -3 -2  0  3 -1    0   0   0   0   0   0   0   0   0   0   0   0   0 100   0   0   0   0   0   0  0.95 0.00
  328 G    0 -3 -1 -2 -4 -2 -3  6 -3 -5 -4 -2 -4 -4 -3 -1 -2 -4 -4 -4    0   0   0   0   0   0   0 100   0   0   0   0   0   0   0   0   0   0   0   0  1.33 0.00
  329 G    0 -3 -1 -2 -4 -2 -3  6 -3 -5 -4 -2 -4 -4 -3 -1 -2 -4 -4 -4    0   0   0   0   0   0   0 100   0   0   0   0   0   0   0   0   0   0   0   0  1.33 0.00
  330 N   -2 -1  6  1 -3  0 -1 -1  0 -4 -4  0 -3 -4 -3  0  0 -4 -3 -3    0   0 100   0   0   0   0   0   0   0   0   0   0   0   0   0   0   0   0   0  1.05 0.00
  331 S    1 -1  0 -1 -2  0  0 -1 -1 -3 -3 -1 -2 -3 -1  5  1 -4 -2 -2    0   0   0   0   0   0   0   0   0   0   0   0   0   0   0 100   0   0   0   0  0.72 0.00
  332 G    0 -3 -1 -2 -4 -2 -3  6 -3 -5 -4 -2 -4 -4 -3 -1 -2 -4 -4 -4    0   0   0   0   0   0   0 100   0   0   0   0   0   0   0   0   0   0   0   0  1.33 0.00
  333 N   -2 -1  6  1 -3  0 -1 -1  0 -4 -4  0 -3 -4 -3  0  0 -4 -3 -3    0   0 100   0   0   0   0   0   0   0   0   0   0   0   0   0   0   0   0   0  1.05 0.00
  334 F   -3 -4 -4 -4 -3 -4 -4 -4 -2  0  0 -4  0  6 -4 -3 -2  0  3 -1    0   0   0   0   0   0   0   0   0   0   0   0   0 100   0   0   0   0   0   0  0.95 0.00
  335 G    0 -3 -1 -2 -4 -2 -3  6 -3 -5 -4 -2 -4 -4 -3 -1 -2 -4 -4 -4    0   0   0   0   0   0   0 100   0   0   0   0   0   0   0   0   0   0   0   0  1.33 0.00
  336 Q   -1  1  0 -1 -3  6  2 -2  1 -3 -3  1  0 -4 -2  0 -1 -3 -2 -3    0   0   0   0   0 100   0   0   0   0   0   0   0   0   0   0   0   0   0   0  0.99 0.00
  337 A    4 -2 -2 -2 -1 -1 -1  0 -2 -2 -2 -1 -1 -3 -1  1  0 -3 -2  0  100   0   0   0   0   0   0   0   0   0   0   0   0   0   0   0   0   0   0   0  0.60 0.00
  338 Q   -1  1  0 -1 -3  6  2 -2  1 -3 -3  1  0 -4 -2  0 -1 -3 -2 -3    0   0   0   0   0 100   0   0   0   0   0   0   0   0   0   0   0   0   0   0  0.99 0.00
  339 G    0 -3 -1 -2 -4 -2 -3  6 -3 -5 -4 -2 -4 -4 -3 -1 -2 -4 -4 -4    0   0   0   0   0   0   0 100   0   0   0   0   0   0   0   0   0   0   0   0  1.33 0.00
  340 T    0 -1  0 -1 -1 -1 -1 -2 -2 -1 -2 -1 -1 -2 -2  1  5 -4 -2  0    0   0   0   0   0   0   0   0   0   0   0   0   0   0   0   0 100   0   0   0  0.73 0.00
  341 N   -2 -1  6  1 -3  0 -1 -1  0 -4 -4  0 -3 -4 -3  0  0 -4 -3 -3    0   0 100   0   0   0   0   0   0   0   0   0   0   0   0   0   0   0   0   0  1.05 0.00
  342 S    1 -1  0 -1 -2  0  0 -1 -1 -3 -3 -1 -2 -3 -1  5  1 -4 -2 -2    0   0   0   0   0   0   0   0   0   0   0   0   0   0   0 100   0   0   0   0  0.73 0.00
  343 L   -2 -3 -4 -5 -2 -3 -4 -4 -3  1  4 -3  2  0 -3 -3 -2 -2 -2  1    0   0   0   0   0   0   0   0   0   0 100   0   0   0   0   0   0   0   0   0  0.65 0.00
  344 P   -1 -2 -3 -2 -4 -2 -2 -3 -2 -4 -3 -1 -3 -4  8 -1 -2 -5 -4 -3    0   0   0   0   0   0   0   0   0   0   0   0   0   0 100   0   0   0   0   0  2.65 0.01
  345 S    1 -1  0 -1 -2  0  0 -1 -1 -3 -3 -1 -2 -3 -1  5  1 -4 -2 -2    0   0   0   0   0   0   0   0   0   0   0   0   0   0   0 100   0   0   0   0  0.73 0.00
  346 L   -1 -2 -2 -3 -2 -2 -2 -3 -3  1  3 -2  1 -1 -2  0  3 -3 -2  0    0   0   0   0   0   0   0   0   0   0  56   0   0   0   0   0  44   0   0   0  0.39 0.00
  347 G   -1 -3 -2 -3 -3 -3 -3  4 -2 -2 -1 -3 -2  4 -3 -1 -2 -1  1 -2    0   0   0   0   0   0   0  56   0   0   0   0   0  44   0   0   0   0   0   0  0.68 0.00
  348 S    1 -1  0 -1 -2  0  0 -1 -1 -3 -3 -1 -2 -3 -1  5  1 -4 -2 -2    0   0   0   0   0   0   0   0   0   0   0   0   0   0   0 100   0   0   0   0  0.73 0.00
  349 F   -2 -3 -4 -4 -2 -3 -4 -4 -2  1  3 -3  1  5 -4 -3 -2 -1  2  0    0   0   0   0   0   0   0   0   0   0  44   0   0  56   0   0   0   0   0   0  0.61 0.00
  350 S    1 -1  0 -1 -2  0  0 -1 -1 -3 -3 -1 -2 -3 -1  5  1 -4 -2 -2    0   0   0   0   0   0   0   0   0   0   0   0   0   0   0 100   0   0   0   0  0.73 0.00
  351 Q    0  0  0 -1 -2  5  1 -2  0 -3 -3  1 -1 -3 -2  3  0 -3 -2 -2    0   0   0   0   0  56   0   0   0   0   0   0   0   0   0  44   0   0   0   0  0.64 0.00
  352 N    0 -1  5  1 -2  0 -1 -1  0 -3 -3  0 -2 -3 -2  3  1 -4 -2 -3    0   0  56   0   0   0   0   0   0   0   0   0   0   0   0  44   0   0   0   0  0.70 0.00
  353 Q   -2  0 -1 -2 -3  5  1 -3  1 -3 -2  0 -1  1 -3 -1 -1  0  5 -2    0   0   0   0   0  56   0   0   0   0   0   0   0   0   0   0   0   0  44   0  0.69 0.00
  354 G    0 -3 -1 -2 -4 -2 -3  6 -3 -5 -4 -2 -4 -4 -3 -1 -2 -4 -4 -4    0   0   0   0   0   0   0 100   0   0   0   0   0   0   0   0   0   0   0   0  1.34 0.00
  355 G    3 -2 -1 -2 -2 -2 -2  4 -2 -3 -3 -2 -2 -3 -2  0 -1 -4 -3 -2   44   0   0   0   0   0   0  56   0   0   0   0   0   0   0   0   0   0   0   0  0.73 0.00
  356 T   -1  4  0 -2 -2  0 -1 -2 -1 -2 -2  1 -1 -3 -2  1  4 -4 -2 -1    0  44   0   0   0   0   0   0   0   0   0   0   0   0   0   0  56   0   0   0  0.58 0.00
  357 S    0  0  0 -1 -2  4  1 -1  0 -3 -3  0 -1 -3 -1  3  1 -3 -2 -2    0   0   0   0   0  44   0   0   0   0   0   0   0   0   0  56   0   0   0   0  0.61 0.00
  358 S    0 -1  0  0 -3  1  4 -1 -1 -3 -3  0 -2 -3 -1  3  1 -4 -3 -2    0   0   0   0   0   0  44   0   0   0   0   0   0   0   0  56   0   0   0   0  0.63 0.00
  359 L   -2 -3 -4 -5 -2 -3 -4 -4 -3  1  4 -3  2  0 -3 -3 -2 -2 -2  1    0   0   0   0   0   0   0   0   0   0 100   0   0   0   0   0   0   0   0   0  0.65 0.00
  360 P    0 -1 -1 -1 -2 -1 -1 -1 -1 -2 -2 -1 -1 -2  6  0 -1 -2 -2 -1    3   2   2   2   1   2   3   3   1   2   4   3   1   2  58   3   3   1   1   3  1.15 0.00
  361 S    1  0  0  0 -1  0  0  0 -1 -1 -1  0 -1 -1  0  3  1 -2 -1 -1    3   2   2   2   1   2   3   3   1   2   4   3   1   2   2  59   3   1   1   3  0.31 0.00
  362 L   -1 -1 -1 -2 -1 -1 -1 -2 -1  1  3 -1  1  0 -1 -1 -1 -1 -1  0    3   2   2   2   1   2   3   3   1   2  60   3   1   2   2   3   3   1   1   3  0.18 0.00
  363 G    0 -1  0 -1 -2 -1 -1  4 -1 -2 -2 -1 -2 -2 -1  0 -1 -2 -2 -2    3   2   2   2   1   2   3  59   1   2   4   3   1   2   2   3   3   1   1   3  0.50 0.00
  364 S    1  0  0  0 -1  0  0  0 -1 -1 -1  0 -1 -1  0  3  1 -2 -1 -1    3   2   2   2   1   2   3   3   1   2   4   3   1   2   2  59   3   1   1   3  0.31 0.00
  365 F   -1 -1 -1 -2 -2 -1 -1 -2 -1  0  0 -1  0  5 -1 -1 -1  0  2 -1    3   2   2   2   1   2   3   3   1   2   4   3   1  57   2   3   3   1   1   3  0.31 0.00
  366 G    0 -1  0 -1 -2 -1 -1  4 -1 -2 -2 -1 -2 -2 -1  0 -1 -2 -2 -2    3   2   2   2   1   2   3  59   1   2   4   3   1   2   2   3   3   1   1   3  0.50 0.00
  367 Q    0  1  0  0 -2  5  1 -1  0 -2 -1  1  0 -2  0  0  0 -1 -1 -1    3   2   2   2   1  58   3   3   1   2   4   3   1   2   2   3   3   1   1   3  0.42 0.00
  368 N   -2 -1  5  4 -4  0  0 -1  0 -4 -4 -1 -3 -4 -3  0 -1 -5 -3 -4    0   0  65  35   0   0   0   0   0   0   0   0   0   0   0   0   0   0   0   0  0.96 0.01
  369 P   -1 -3 -3 -3 -3 -2 -2 -3 -3 -1  2 -2  0 -2  7 -2 -2 -4 -3 -1    0   0   0   0   0   0   0   0   0   0  35   0   0   0  65   0   0   0   0   0  1.47 0.01
  370 G   -1 -3 -1 -2 -4 -3 -3  5 -3 -4 -4 -3 -3 -2 -3 -1 -2  7 -1 -4    0   0   0   0   0   0   0  72   0   0   0   0   0   0   0   0   0  28   0   0  1.22 0.01
  371 G    2 -2 -1 -1 -2 -1 -1  4 -2 -3 -3 -1 -2 -3 -2  3  0 -4 -3 -2   28   0   0   0   0   0   0  38   0   0   0   0   0   0   0  35   0   0   0   0  0.58 0.00
  372 P   -1 -2 -3 -2 -4 -2 -2 -3 -3 -4 -3 -2 -3 -4  8 -1 -2 -5 -4 -3    0   0   0   0   0   0   0   0   0   0   0   0   0   0 100   0   0   0   0   0  2.66 0.02
  373 G   -1 -2  3 -1 -4 -2 -2  5 -2 -5 -4 -2 -3 -4 -3  0 -2 -4 -4 -4    0   0  22   0   0   0   0  78   0   0   0   0   0   0   0   0   0   0   0   0  1.05 0.02
  374 G    0 -2 -1 -2 -2 -2 -2  4 -3 -1 -2 -2 -1 -3 -3  0  2 -4 -3  1    0   0   0   0   0   0   0  54   0   0   0   0   0   0   0   0  24   0   0  22  0.55 0.01
  375 L    1 -2  2 -2 -2 -2 -2 -2 -2  0  3 -2  1 -1 -2 -1 -1 -3 -2  0   24   0  22   0   0   0   0   0   0   0  54   0   0   0   0   0   0   0   0   0  0.26 0.01
  376 G    2 -3 -1 -2 -3 -2 -2  5 -3 -4 -4 -2 -3 -4 -2  0 -1 -4 -4 -3   24   0   0   0   0   0   0  76   0   0   0   0   0   0   0   0   0   0   0   0  0.98 0.02
  377 N   -1 -2  3 -1 -4 -2 -2  5 -1 -5 -4 -1 -3 -4 -3  0 -1 -4 -4 -4    0   0  30   0   0   0   0  70   0   0   0   0   0   0   0   0   0   0   0   0  0.98 0.02
  378 G   -1  3 -1 -2 -3  3 -1  3 -1  1 -1  0 -1 -3 -3 -1 -1 -3 -3  0    0  24   0   0   0  22   0  30   0  24   0   0   0   0   0   0   0   0   0   0  0.32 0.01
  379 L   -2  2 -3 -4 -2 -1 -2 -4 -2  1  3 -1  3  0 -3 -2 -1 -2 -2  0    0  24   0   0   0   0   0   0   0   0  53   0  22   0   0   0   0   0   0   0  0.41 0.01
  380 S    1 -1  0 -1 -2 -1 -1  2 -2 -3 -3 -1 -2 -3 -2  4  1 -4 -3 -2    0   0   0   0   0   0   0  22   0   0   0   0   0   0   0  78   0   0   0   0  0.66 0.02
  381 G    2 -2 -1 -2 -2 -2 -2  4 -2 -3 -3 -1 -2 -3 -2  0  2 -4 -3 -2   24   0   0   0   0   0   0  52   0   0   0   0   0   0   0   0  24   0   0   0  0.64 0.01
  382 G    0 -3 -1 -2 -4 -3 -3  6 -3 -5 -5 -2 -4 -4 -3 -1 -2 -4 -4 -4    0   0   0   0   0   0   0 100   0   0   0   0   0   0   0   0   0   0   0   0  1.38 0.02
  383 A    2 -2  3 -1 -2 -1 -1  3 -1 -3 -3 -1 -2 -3 -2  2  0 -4 -3 -2   30   0  22   0   0   0   0  24   0   0   0   0   0   0   0  24   0   0   0   0  0.47 0.01
  384 N   -2 -2  3 -1 -3 -2 -2 -3  1 -2 -2 -2 -2  4 -4 -1 -2  1  5 -2    0   0  30   0   0   0   0   0   0   0   0   0   0  22   0   0   0   0  48   0  0.68 0.02
  385 G    2 -3 -1 -2 -3 -2 -2  5 -3 -4 -4 -2 -3 -4 -2  0 -2 -4 -4 -3   22   0   0   0   0   0   0  78   0   0   0   0   0   0   0   0   0   0   0   0  1.01 0.02
  386 G    0 -2  0 -1 -3 -2 -2  5 -2 -4 -4 -1 -3 -4 -2  3  0 -4 -3 -3    0   0   0   0   0   0   0  61   0   0   0   0   0   0   0  39   0   0   0   0  0.84 0.02
  387 V   -1 -3 -3 -4 -2 -2 -3  1 -3  2  2 -3  3 -1 -3 -2 -1 -3 -2  2    0   0   0   0   0   0   0  14   0  19  31   0  18   0   0   0   0   0   0  19  0.32 0.02
  388 G   -1 -1  2 -1 -4 -1 -2  5 -2 -4 -4  2 -3 -4 -3 -1 -2 -4 -4 -4    0   0  14   0   0   0   0  67   0   0   0  19   0   0   0   0   0   0   0   0  0.86 0.03
  389 T    1 -2 -1 -2 -2 -1 -1  1 -2 -2 -2 -1 -1 -3 -2  2  4 -4 -3 -1   16   0   0   0   0   0   0  14   0   0   0   0   0   0   0  15  55   0   0   0  0.51 0.03
  390 L   -2 -3 -4 -5 -2 -2 -3 -4 -3  1  4 -3  3  0 -3 -3 -1 -2 -2  2    0   0   0   0   0   0   0   0   0   0  69   0  14   0   0   0   0   0   0  17  0.58 0.04
  391 G    1 -2 -1 -2 -3  1 -1  5 -2 -4 -4 -1 -3 -4 -2  0 -2 -4 -4 -3   17   0   0   0   0  13   0  70   0   0   0   0   0   0   0   0   0   0   0   0  0.90 0.04
  392 G   -1 -2  2 -1 -4 -2 -2  5 -2 -3 -2 -2  1 -3 -3 -1 -2 -4 -4 -3    0   0  13   0   0   0   0  75   0   0   0   0  12   0   0   0   0   0   0   0  0.93 0.05
  393 A    2 -3 -2 -3 -2 -2 -2  3 -3  2  0 -2  2 -2 -2 -1 -1 -3 -3  0   31   0   0   0   0   0   0  25   0  30   0   0  14   0   0   0   0   0   0   0  0.28 0.03
  394 N    2 -1  4  0 -2 -1 -1 -1 -1 -2 -2 -1 -2 -3  3  2  0 -3 -2 -2   27   1  34   1   0   1   1   1   0   1   1   1   0   1  14  16   1   0   0   1  0.47 0.02
  395 G    0 -2  2 -1 -2 -1 -1  4 -1 -2 -2 -1  1 -2 -2  1 -1 -3 -2 -2    1   1  15   1   0   1   1  44   0   1   2   1  13   1   1  16   1   0   1   1  0.42 0.02
  396 A    3 -2 -2 -2 -2 -1 -2  1 -1 -2 -1 -1  2 -1 -2  2  0 -2  2 -1   42   0   0   0   0   0   0  12   0   0   0   0  14   0   0  17   0   0  15   0  0.31 0.03
  397 G    2  2 -1 -2 -3 -1 -1  3 -2 -3 -3  0 -2 -3  3  1 -1 -4 -3 -2   27  17   0   0   0   0   0  30   0   0   0   0   0   0  13  13   0   0   0   0  0.50 0.02
  398 G    1 -3 -2 -2 -3 -2 -2  4 -3 -3 -2 -2  1 -3  4 -1 -2 -4 -4 -2   14   0   0   0   0   0   0  46   0   0   0   0  12   0  28   0   0   0   0   0  0.82 0.04
  399 F   -2 -2 -2 -3 -3 -2 -3  1  3 -1 -1 -2  2  4 -4 -2 -2  0  4 -2    0   0   0   0   0   0   0  12  15   0   0   0  14  33   0   0   0   0  26   0  0.52 0.04
  400 N    2 -2  4  0 -2 -1 -1  3 -1 -3 -3 -1 -2 -3 -2  2  0 -4 -3 -2   25   0  33   0   0   0   0  27   0   0   0   0   0   0   0  15   0   0   0   0  0.54 0.03
  401 A    3 -2 -1  2 -2 -1 -1 -1 -2  0 -2 -1 -1 -3  3  0 -1 -4 -3  0   57   0   0  17   0   0   0   0   0  13   0   0   0   0  13   0   0   0   0   0  0.43 0.04
  402 V   -1 -3 -3 -4 -2 -2 -3 -4 -2  3  0 -3  2  0  2 -2 -1 -2  2  3    0   0   0   0   0   0   0   0   0  25   0   0  14   0  13   0   0   0  15  33  0.39 0.03
  403 G    1 -2 -1 -2 -2 -2 -2  4 -2 -3 -3 -1 -2 -3  2  1  1 -4 -3 -2   17   0   0   0   0   0   0  43   0   0   0   0   0   0  12  13  15   0   0   0  0.61 0.03
  404 G    1  2  2 -1 -3 -1 -1  3 -1 -4 -3  0 -3 -4  2  1 -1 -4 -3 -3   12  17  14   0   0   0   0  29   0   0   0   0   0   0  13  15   0   0   0   0  0.48 0.02
  405 A    1 -2 -1 -2 -2 -1 -2  2  3 -1 -1 -2  3 -1 -2  1 -1 -2  2 -1   16   0   0   0   0   0   0  17  13   0   0   0  26   0   0  15   0   0  13   0  0.24 0.03
  406 N    1  2  3 -1 -2 -1 -1 -1 -1 -2  0  0 -1 -2 -2  2  0 -4 -2 -2   13  15  29   0   0   0   0   0   0   0  17   0   0   0   0  27   0   0   0   0  0.31 0.03
  407 G    0 -2 -1 -2 -2 -2 -2  3 -2 -2 -2 -2 -2  1 -2  1  3 -3 -1 -2    0   0   0   0   0   0   0  30   0   0   0   0   0  13   0  12  45   0   0   0  0.46 0.04
  408 G    0 -2 -1 -2 -2 -2 -2  3 -2  1  0 -2  3  1 -3  2  0 -2 -1 -1    0   0   0   0   0   0   0  26   0  13   0   0  23  11   0  27   0   0   0   0  0.25 0.03
  409 P   -1  3 -2 -2 -4 -1 -1  1 -2 -4 -3  0 -3 -4  6  0 -1 -4 -3 -3    0  26   0   0   0   0   0  13   0   0   0   0   0   0  50  11   0   0   0   0  1.17 0.04
  410 N    0 -1  3 -1 -2 -1 -1  1 -1  0 -2  1 -1 -3  2  0 -1 -3 -2 -1   12   1  26   1   0   1   1  14   0  12   1  16   0   0  12   1   1   0   0   1  0.27 0.02
  411 G    2 -3 -1 -2 -3 -2 -2  5 -3  0 -2 -2 -2 -3 -3  0 -1 -4 -3 -1   23   0   0   0   0   0   0  66   0  11   0   0   0   0   0   0   0   0   0   0  0.78 0.04
  412 S    1 -2  1 -2 -2  1 -1  1 -2 -1  0 -1  1 -2  2  2  0 -3 -3 -1   18   0   9   0   0   8   0  14   0   0  12   0  10   0   8  21   0   0   0   0  0.23 0.02
  413 P    1 -2 -1 -2 -3  1 -1  2 -2 -4 -3 -1 -3 -4  5  2 -1 -4 -3 -3    9   0   0   0   0   8   0  17   0   0   0   0   0   0  43  24   0   0   0   0  0.99 0.05
  414 N   -1 -1  4  0 -3  1  1  3 -1 -3 -1 -1 -2 -3 -2  0 -1 -4 -3 -3    0   0  32   0   0   8  11  32   0   0   8   0   0   0   0   5   0   0   0   0  0.47 0.05
  415 A    3 -2 -2 -2 -2 -1 -2  1 -2 -1  1 -1  1 -2  1  2  0 -3 -3 -1   39   0   0   0   0   0   0   9   0   0  17   0   6   0   6  23   0   0   0   0  0.32 0.05
  416 A    2 -2 -1 -2 -2 -1 -1 -2  2 -1 -1 -1  3 -2 -2  2  1 -3 -2  1   32   0   0   0   0   0   0   0   9   0   0   0  21   0   0  21   6   0   0  10  0.30 0.06
  417 T    1 -2 -1 -2 -2  0 -1 -2 -2 -1  1 -1  0 -2 -2  2  4 -3 -2  0    9   0   0   0   0   3   0   0   0   0  18   0   0   0   0  19  41   0   0   7  0.36 0.07
  418 N    0 -2  5  0 -3 -1 -1  1 -1 -1 -3 -1 -2 -3  2  0  1 -4 -3  0    6   0  44   0   0   0   0  14   0   5   0   0   0   0   9   5   7   0   0   8  0.46 0.07
  419 V   -1 -1  1 -2 -2 -1 -2 -3 -2  1  2 -2  3  0 -3  1 -1 -3 -2  2    0   4   9   0   0   0   0   0   0   8  22   0  17   4   0  15   0   0   0  18  0.20 0.05
  420 P   -1 -2 -2 -2 -3  0  0 -1 -2  0 -1  0 -2 -3  6 -1  0 -4 -3 -2    0   0   0   0   0   4   6   4   0   7   7   8   0   0  56   0   5   0   0   0  1.18 0.10
  421 Q    1  0 -1 -2 -2  2 -1  1  1 -2 -2 -1 -2 -2  3  1  1 -2  1 -2   13   5   1   1   0  15   1  12   5   1   1   1   0   1  17  11   9   0   7   1  0.33 0.04
  422 G    1 -1  0 -2 -3 -2 -2  4  1 -3 -2 -1 -2 -2  0  0  1 -3  0 -2   16   4   4   0   0   0   0  43   4   0   6   0   0   0   4   0  12   0   5   0  0.41 0.06
  423 H   -1 -1  2  1 -3  1  0 -2  3  0 -1 -1  2 -1 -2  1 -1 -2  0  0    4   1  11   8   0  10   3   1  14   7   3   1  15   0   1  11   1   0   4   8  0.16 0.05
  424 D    0 -1  1  4 -3  0  2 -1 -1 -2 -2  0 -2 -1  0  0 -1 -3 -2  0    6   0   7  33   0   3  12   3   0   0   3   6   0   5   3   7   0   0   0   9  0.34 0.06
  425 P    0 -2  1 -1 -4 -1 -1 -1 -3 -4 -4 -1 -3 -4  7 -1  0 -5 -4 -3    6   0   8   2   0   2   2   3   0   0   1   2   0   0  63   2   6   0   0   0  1.55 0.20
  426 N   -1 -1  4  0 -1  0  0 -2 -1  1 -1  0 -1 -3  0  0  2 -4 -3 -1    1   3  35   2   1   4   4   1   0  10   4   4   1   0   4   6  16   0   0   3  0.36 0.12
  427 N   -1 -1  1  0 -3  2  1 -1 -1  0 -2  1 -1 -3 -3  1  3 -4 -3  0    0   1   6   4   0  10   9   3   1   9   2   8   1   0   0   8  32   0   0   5  0.31 0.12
  428 S    0 -2 -2 -3 -3  0 -2 -3 -3 -2 -2 -2 -1 -4 -3  3  5 -4 -3  0    3   2   0   0   0   3   0   0   0   0   1   0   1   0   0  25  56   0   0   6  0.91 0.27
  429 T   -1 -2 -1 -3 -3  3 -2 -4  1  0 -1 -1 -1 -3 -3  0  4 -4 -1  2    3   0   2   0   0  15   0   0   3   3   3   1   0   0   0   3  43   0   1  22  0.59 0.23
  430 Q   -3  1 -1 -2 -3  6  4 -4  0 -5 -5  0 -3 -5 -4 -2 -2 -5 -4 -4    0   7   1   0   1  53  33   0   1   0   0   2   0   0   0   0   2   0   0   0  1.39 0.37
  431 V   -1 -4 -5 -5 -3 -3 -4 -5 -5  4  1 -4  3 -2 -4 -3 -2 -4 -3  4    3   0   0   0   0   1   0   0   0  25  12   0  11   1   0   0   0   0   0  48  0.90 0.26
  432 T   -1 -1 -2 -3 -3 -2 -1 -4  0 -1  0 -2  1  0 -3  1  5 -4 -1  1    1   4   1   0   0   0   2   0   2   2   9   0   5   4   0   9  48   0   2  11  0.54 0.23
  433 I   -3 -5 -5 -6 -3 -5 -5 -6 -5  6  0 -5 -1  0 -5 -4 -3 -4 -3  4    0   0   0   0   0   0   0   0   0  63   2   0   0   4   0   0   0   0   0  31  1.28 0.34
  434 P   -3 -4 -2 -4 -6 -4 -4 -3 -5 -6 -6 -4 -5 -6  8 -1 -4 -7 -6 -5    0   0   2   0   0   0   0   1   0   0   0   0   0   0  91   5   0   0   0   0  2.89 0.53
  435 K   -1  1  5  1 -5  0  1 -3  2 -5 -5  3 -4 -5 -3  0 -1 -5 -3 -4    5   7  39   5   0   1   9   0   6   0   0  23   0   0   0   4   1   0   0   0  0.81 0.25
  436 E   -2 -2  2  5 -5 -1  2 -1 -1 -5 -3  0 -4 -5 -3  0  0 -6 -4 -4    1   0  12  46   0   0  16   3   1   0   3   6   0   0   0   6   5   0   0   0  0.87 0.24
  437 L   -1 -3 -4 -5  1 -2 -4 -5 -4  2  4 -2  3 -1 -4 -2 -1 -3 -1  2    3   0   0   0   3   2   0   0   0   8  52   2   9   1   0   1   2   0   2  15  0.62 0.20
  438 A    2 -4 -4 -4  2 -3 -3  0 -4  3 -1 -3  2 -1 -3 -2  0 -4 -3  2   27   0   0   0   6   0   0   7   0  29   0   0   6   2   0   0   7   0   0  17  0.45 0.20
  439 G   -2 -5 -3 -2 -5 -4 -4  6 -5 -6 -6 -4 -5 -6 -1 -2 -4 -6 -6 -3    1   0   0   2   0   0   0  90   0   0   0   0   0   0   3   1   0   0   0   3  1.91 0.42
  440 A    3 -2 -2 -3  5 -2 -3 -2 -3 -3 -2 -2 -3 -3 -3  4  1 -4  0 -2   30   2   0   0  15   0   0   0   0   0   3   0   0   0   0  38   7   0   4   1  0.73 0.27
  441 I   -3 -5 -6 -6 -3 -5 -5 -6 -6  6  0 -5 -1 -2 -5 -4 -3 -5 -4  3    0   0   0   0   0   0   0   0   0  72   5   0   0   0   0   0   0   0   0  23  1.44 0.37
  442 I   -4 -5 -5 -6  1 -5 -5 -6 -4  6  1 -5  2 -2 -5 -4 -3 -3  3  0    0   0   0   0   3   0   0   0   0  74   7   0   4   0   0   0   0   0  11   0  1.32 0.37
  443 G   -2 -5 -3 -1 -6 -4 -1  7 -5 -7 -6 -4 -6 -6 -5 -3 -4 -6 -6 -6    0   0   0   3   0   0   4  93   0   0   0   0   0   0   0   0   0   0   0   0  2.07 0.44
  444 K   -2  4 -2 -3 -6 -1  1 -4  1 -5 -5  6 -4 -5 -1 -2 -3 -6 -4 -5    1  23   0   0   0   0  10   0   3   0   0  59   0   0   3   0   0   0   0   0  1.26 0.35
  445 G    0 -1  2  0 -3  0 -2  5  0 -5 -5  0 -4 -5 -4 -1 -2 -5 -5 -5    5   3   9   5   1   5   1  61   2   0   0   5   0   0   0   2   1   0   0   0  1.00 0.26
  446 G   -2 -4 -3 -2 -5 -4 -4  7 -4 -6 -6 -4 -5 -5 -4 -2 -4 -5 -5 -5    0   0   0   1   0   0   0  94   0   0   0   0   0   0   0   1   0   0   0   0  2.07 0.42
  447 G    1  0 -1 -1  1  2  1  0 -2 -3 -3  0 -1 -4 -2  3  2 -4 -3 -2   11   3   1   2   4  12  11   7   0   0   0   3   1   0   0  31  13   0   0   2  0.39 0.16
  448 R   -3  5  3 -2  1  0 -2 -3 -2 -4 -4  4 -3 -4 -3 -2 -1  2 -3 -4    0  43  17   0   3   1   0   0   0   0   0  27   0   0   0   0   4   3   0   0  1.00 0.29
  449 I   -3 -5 -5 -5 -3 -4 -5 -6 -5  6  2 -4  0  0 -5 -4 -3 -4 -3  0    0   0   0   0   0   0   0   0   0  75  18   0   0   4   0   0   0   0   0   0  1.30 0.35
  450 R    1  3  4 -1 -4  0 -1 -2 -1 -2 -3  2 -3 -2 -3  0  0 -4 -3 -2   12  23  29   0   0   2   1   0   1   2   1  16   0   2   0   4   4   0   0   2  0.56 0.20
  451 R   -2  3 -1  0 -5  4  4 -4  1 -4 -2  1  0 -4 -3 -2 -2 -4 -3 -3    0  23   2   2   0  21  32   0   3   0   5   7   2   0   0   0   1   0   0   0  0.75 0.23
  452 I   -3 -4 -5 -5 -3 -4 -5 -5 -5  6  1 -4  1  0 -4 -4 -2 -4 -3  2    0   0   0   0   0   0   0   0   0  71  12   0   2   3   0   0   0   0   0   9  1.19 0.32
  453 R   -4  7 -3 -4  1  0  0 -5  3 -5 -5  0 -4 -5 -3 -3 -2 -5 -4 -5    0  79   0   0   4   3   4   0   7   0   0   2   0   0   1   0   1   0   0   0  1.71 0.43
  454 N   -1  0  1  0 -5  5  3 -3  4 -4 -3  0  0 -4 -3 -1 -1 -4 -2 -3    4   4   5   2   0  34  24   0  12   0   2   2   3   0   0   4   3   0   1   1  0.73 0.25
  455 E   -2  0  0  1 -4  1  3 -2 -2  2  0 -1  0  0 -3 -1 -1 -4 -1  0    0   5   5  10   0   4  28   2   0  21   8   1   2   4   0   2   1   0   2   5  0.28 0.14
  456 S   -1 -3 -2 -3 -2 -3 -3 -3 -3 -5 -3 -3 -4 -1 -3  6  0 -6 -4 -4    0   0   0   0   1   0   0   0   0   0   2   0   0   3   0  91   4   0   0   0  1.61 0.47
  457 S    0 -1  0 -3  0 -2 -3  6 -4 -6 -6 -1 -5 -6 -4 -2 -3 -5 -5 -5    5   3   4   0   2   1   1  80   0   0   0   3   0   0   0   1   0   0   0   0  1.53 0.35
  458 A    6 -4 -4 -4 -3 -3 -3 -1 -4 -4 -4 -3 -3 -5 -3  1 -1 -5 -4 -3   90   0   0   0   0   0   0   2   0   0   0   0   0   0   0   7   2   0   0   0  1.49 0.43
  459 Y   -1  1  0 -1 -4  3  0 -1  3 -2 -1  2  2 -2 -3  1  0 -4 -2 -1    1   4   4   3   0  17   5   3  10   1   6  16   8   1   0  12   3   0   1   3  0.28 0.14
  460 I   -3 -5 -6 -6 -3 -5 -5 -6 -6  6  0 -5 -1 -2 -5 -4 -3 -5 -4  3    0   0   0   0   0   0   0   0   0  73   4   0   0   0   0   0   0   0   0  23  1.47 0.38
  461 T   -2  1 -1 -1 -4  1  1 -3 -2  0 -3  4 -1 -4 -3 -1  2 -1 -3  0    1   7   2   3   0   6   7   0   0   5   0  44   1   0   0   2  14   1   0   7  0.57 0.22
  462 I   -1 -5 -5 -6 -3 -4 -5 -6 -5  6  1 -5  1 -2 -5 -4 -2 -5 -3  3    4   0   0   0   0   0   0   0   0  65  11   0   2   0   0   0   0   0   0  19  1.17 0.32
  463 D    0 -2  1  4 -4 -1  1  0  4 -4 -4 -2 -2 -4 -3  1 -2 -5 -3 -2   10   0   4  36   0   1   9   7  15   0   0   0   1   0   0  13   0   0   0   3  0.65 0.21
  464 E   -2 -1  1  4 -5  0  5 -3 -2 -5 -5  2 -4 -5  1  0 -2 -6 -5 -4    0   2   5  25   0   1  44   0   0   0   0  11   0   0   5   6   0   0   0   0  0.97 0.27
  465 P    1 -1 -2 -3 -4  0 -2 -3 -2 -4 -3 -1 -1 -5  6  1  0 -6 -4 -3   12   3   1   0   0   5   1   0   1   0   2   3   2   0  54   9   5   0   0   1  1.30 0.30
  466 L   -1  1 -1  0 -3  0  1 -2  1 -1  2  0  0 -2  0  0 -1 -4 -3 -1    3  10   1   6   0   4  10   2   4   2  37   3   2   0   4   8   3   0   0   2  0.18 0.12
  467 P    0 -2 -1  1 -4 -1  2  0 -2 -3 -2 -2 -2 -4  5  0 -1 -5 -4 -2    6   2   3   8   0   2  18   6   1   1   3   0   1   0  40   6   2   0   0   2  0.89 0.23
  468 N   -2 -4  3  2 -2 -3  0  5 -3 -6 -6 -3 -5 -5 -4 -1 -3 -6 -5 -5    1   0  18  13   1   0   6  59   0   0   0   0   0   0   0   2   0   0   0   0  1.18 0.30
  469 S    1 -2 -1 -2 -3  0  0 -1 -3 -4 -4 -1 -3 -4 -1  5  3 -5 -4 -2    7   0   1   1   0   3   5   3   0   0   0   1   0   0   2  56  17   0   0   2  0.79 0.28
  470 N    0 -1  3  1 -3  0  2 -1  0 -1 -3  0 -2 -4 -1  2  2 -5 -3 -2    4   1  16   5   0   1  15   4   2   3   1   5   0   0   1  20  18   0   0   2  0.36 0.15
  471 D   -4 -3  0  6 -6  0  4 -3 -3 -6 -6 -2 -5 -6 -4 -3 -3 -6 -3 -5    0   0   2  66   0   3  27   1   0   0   0   0   0   0   0   0   0   0   1   0  1.67 0.40
  472 R   -4  7 -3 -4 -6  1 -2 -3  0 -5 -5  1 -4 -6 -4 -3 -1 -6 -4 -5    0  86   0   0   0   5   0   2   1   0   0   2   0   0   0   0   3   0   0   0  1.94 0.47
  473 I   -2 -4 -4 -5 -3 -2 -4 -5  0  5  1 -2  0 -2  0 -3  1 -4 -3  2    2   0   0   0   0   2   0   0   3  53   9   2   1   0   4   0   9   0   0  15  0.71 0.25
  474 I   -3 -5 -5 -6 -3 -5 -5 -6 -5  6  0 -5  2  0 -5 -4 -2 -4 -3  4    0   0   0   0   0   0   0   0   0  61   4   0   4   3   0   0   0   0   0  27  1.22 0.33
  475 T   -2 -3 -2 -3 -3 -3 -1 -4  1  0 -3 -3  1 -2 -4  0  6 -5 -3  1    0   0   0   0   0   0   4   0   4   4   0   0   3   2   0   5  70   0   0   8  1.11 0.36
  476 I   -4 -5 -6 -6 -4 -5 -6 -7 -6  7  0 -5  0 -3 -6 -5 -3 -5 -4  1    0   0   0   0   0   0   0   0   0  93   4   0   1   0   0   0   0   0   0   2  1.83 0.46
  477 S   -1 -1  1 -3 -3  0 -2 -3 -3 -2 -3  1 -3 -4 -3  3  4 -5 -4 -1    1   1   5   0   0   4   0   0   0   1   1   8   0   0   0  32  42   0   0   5  0.77 0.28
  478 G   -2 -5 -3 -4 -6 -5 -5  7 -5 -7 -7 -4 -6 -6 -5 -3 -4 -6 -6 -6    0   0   0   0   0   0   0 100   0   0   0   0   0   0   0   0   0   0   0   0  2.37 0.48
  479 T   -1 -3  1 -2 -4 -3 -3 -3 -4 -2 -2 -3 -3 -4 -4  0  6 -5 -4 -1    1   0   7   1   0   0   0   1   0   0   3   0   0   0   0   5  78   0   0   4  1.35 0.41
  480 P    0 -2 -2 -2 -5  3  0 -4  0 -5 -4 -2 -1 -5  6 -1 -2 -5 -2 -4    7   1   1   2   0  19   4   0   2   0   1   1   1   0  55   2   2   0   1   0  1.47 0.34
  481 K   -2 -1  0  5 -5  0  4 -3 -1 -3 -4  0 -4 -4 -2  0  0 -5 -1 -3    2   1   3  36   0   3  31   0   1   2   0   5   0   0   1   6   5   0   2   2  0.79 0.23
  482 Q    1  1 -1 -1  1  6  2 -3 -2 -5 -4 -1 -3 -5 -3  1 -2 -5 -4 -4   15   5   1   2   4  54  10   0   0   0   0   0   0   0   0   9   1   0   0   0  1.03 0.34
  483 I   -2 -4  1 -4 -3 -2 -4 -5 -4  5 -1 -4  1 -3 -4 -3  2 -5 -3  2    2   0   7   0   0   1   0   0   0  59   1   0   3   0   0   0  18   0   0   9  0.88 0.30
  484 Q    0  0  1 -1 -5  6  0 -2  5 -4 -3  0 -1 -4 -3 -1 -1 -2 -3 -4    6   4   6   2   0  46   3   2  16   0   2   4   2   0   0   4   2   1   0   0  0.88 0.29
  485 M    2  0  3 -2 -2 -2 -2 -3  2  0  1 -1  4 -2 -3  0 -1 -3  0 -1   20   4  18   1   1   0   1   0   6   7  14   1  17   0   0   4   2   0   4   1  0.28 0.17
  486 A    6 -4 -4 -4 -3 -3 -3 -1 -4 -4 -2 -3 -3 -5 -3 -1 -1 -5 -4 -2   91   0   0   0   0   0   0   3   0   0   2   0   0   0   0   0   3   0   0   0  1.50 0.44
  487 Q   -1  1 -2 -3 -5  7  0 -5  1 -4 -1  0 -2 -3 -4 -3 -3 -5 -4 -4    4   5   0   0   0  76   1   0   3   0   8   2   0   1   0   0   0   0   0   0  1.59 0.45
  488 Y   -3 -4 -1 -4 -5 -3 -4 -3  3 -4 -3 -4 -3  3 -5  2 -3 -1  7 -4    0   0   3   0   0   0   0   2   7   0   0   0   0  14   0  21   0   0  54   0  1.37 0.36
  489 L   -3 -4 -5 -6 -4 -4 -5 -6 -4  0  5 -4  2 -1 -5 -2 -3 -4  1 -1    0   0   0   0   0   0   0   0   0   2  84   0   5   0   0   3   0   0   6   0  1.26 0.34
  490 L   -3 -4 -5 -6 -3 -4 -5 -6 -5  3  4 -4  2 -1 -5 -4 -3 -4 -3  2    0   0   0   0   0   0   0   0   0  21  62   0   5   0   0   0   0   0   0  12  1.03 0.27
  491 Q   -1  0  2 -2 -5  6 -1 -4  0 -5 -4  1 -3 -4 -4 -1 -1 -4  1 -4    4   3  12   0   0  63   0   0   1   0   0   6   0   0   0   2   2   0   6   0  1.23 0.36
  492 Q    1 -1  2 -1 -4  4  0 -3 -1 -1 -1  0  3 -4 -3  1  0 -4 -3 -2   12   1  13   2   0  33   4   0   0   3   3   3  12   0   0   9   5   0   0   0  0.50 0.20
  493 S   -1  1 -1 -3  6 -2 -3 -3 -3 -3 -2  0 -1  2 -3  4  0 -1 -2 -3    2   9   2   0  24   0   0   0   0   0   1   7   2  10   0  39   4   1   0   0  0.64 0.23
  494 V   -2 -4 -5 -5  1 -4 -3 -5 -5  3  1 -4  0 -2 -4 -3 -2 -4 -3  5    0   0   0   0   3   0   2   0   0  16  15   0   1   0   0   0   1   0   0  63  0.92 0.25
  495 H   -2  4  0 -2 -4  2  2 -2  4 -1 -2  2 -2 -3 -3 -1 -2 -4 -2 -3    0  26   4   0   0  10  14   2  13   6   4  16   0   0   0   2   0   0   0   0  0.52 0.14
  496 E    0  1  0  0 -4  4  4 -3 -1 -4 -4  2 -2 -4 -2  0 -2 -4 -3 -2   10   4   3   3   0  28  34   0   0   0   0  12   0   0   0   4   0   0   0   2  0.70 0.15
  497 N   -1 -1  3  0 -4 -1  2 -2  4 -3 -2  0 -3 -1 -3  1  0 -2  4 -3    2   0  26   3   0   0  16   1  15   0   3   3   0   0   0   9   3   0  20   0  0.49 0.12
  498 G    2 -1 -1 -2 -3  1  0  4 -2 -3 -2  1 -2 -3 -2  1 -1 -4 -3 -2   20   2   0   0   0   7   6  36   0   0   5   9   0   0   0  14   0   0   0   0  0.43 0.06
  499 R   -2  5  0 -1 -4  1  0 -3  4 -4 -2  3 -2 -3 -3 -1 -2 -4 -2 -3    0  45   3   2   0   3   3   0  17   0   3  21   0   0   0   3   0   0   0   0  0.73 0.09
  500 R    0  6 -1 -2 -4  0 -1 -3  1 -4 -3  2 -2 -4 -2 -1 -2 -4 -3 -3   10  75   0   0   0   0   0   0   4   0   0  12   0   0   0   0   0   0   0   0  0.98 0.08
  501 N   -2  2  4  0 -4 -1 -1 -2  1 -3 -3  0 -2  0 -3 -1 -1 -1  5 -3    0  18  47   0   0   0   0   0   0   0   0   0   0   0   0   0   0   0  35   0  0.64 0.03
  502 I   -2 -3 -4 -5 -2 -3 -4 -5 -4  4  3 -3  2  0 -4 -3 -1 -3 -2  2    0   0   0   0   0   0   0   0   0  52  48   0   0   0   0   0   0   0   0   0  0.55 0.02

                      K         Lambda
Standard Ungapped    0.1825     0.3400
Standard Gapped      0.1100     0.3190
PSI Ungapped         0.1825     0.3400
PSI Gapped           0.1100     0.3190
