
Last position-specific scoring matrix computed, weighted observed percentages rounded down, information per position, and relative weight of gapless real matches to pseudocounts
           A  R  N  D  C  Q  E  G  H  I  L  K  M  F  P  S  T  W  Y  V   A   R   N   D   C   Q   E   G   H   I   L   K   M   F   P   S   T   W   Y   V
    1 M   -4 -5 -6 -7 -5 -3 -5 -6 -5 -2 -1 -5 10 -3 -6 -5 -4 -4 -4 -2    0   0   0   0   0   0   0   0   0   0   0   0 100   0   0   0   0   0   0   0  3.02 0.70
    2 G    2 -1  0 -3 -3 -2 -2  3 -3 -4 -3 -2 -3 -4  3  3  1 -5 -4 -2   15   3   3   0   0   0   1  28   0   0   3   0   0   0  13  27   7   0   0   2  0.60 0.21
    3 K   -1  2  1 -2 -5  2  0 -3 -2 -2 -2  5 -3 -4  1 -1 -1 -5 -4 -3    3  10   8   0   0   8   4   1   0   3   4  44   0   0   7   2   4   0   0   1  0.65 0.27
    4 I   -4 -5 -6 -7 -1 -5 -6 -7 -6  4  3 -5  5 -1  0 -5 -3 -5 -4  2    0   0   0   0   1   0   0   0   0  32  30   0  15   1   5   0   1   0   0  13  1.07 0.45
    5 S   -3 -2 -1  3 -5 -1  0 -5 -3  1 -3  4 -2 -5 -4 -2  4 -6 -5  0    1   1   2  18   0   1   5   0   0  11   1  25   0   0   0   1  28   0   0   6  0.71 0.41
    6 L   -5 -6 -7 -8 -3 -6 -7 -8 -6  2  6 -6  0  2 -7 -6 -5 -5 -2  0    0   0   0   0   1   0   0   0   0   9  77   0   1   7   0   0   0   0   1   4  1.62 0.63
    7 Y   -7 -7 -7 -8 -8 -6 -7 -8  3 -4 -5 -7 -6 -1 -8 -7 -6  3  9 -6    0   0   0   0   0   0   0   0   5   1   1   0   0   1   0   0   0   4  88   0  3.32 1.09
    8 G   -1 -2  0 -2  0 -1 -3  3  3 -3 -3  0  0  0 -5  1 -1 -1  5 -2    5   1   4   2   2   2   0  25   8   1   2   5   3   3   0   9   3   1  22   3  0.52 0.31
    9 L   -1 -1  1  1  0 -2 -2 -4  3  0  0 -3  3  3 -3 -1  1 -1  0  0    6   4   9   8   2   0   1   0   8   4  10   0  11  14   1   4   9   1   2   6  0.23 0.21
   10 D   -1 -1 -1  2 -3 -1  1 -4  1 -1 -2 -1 -1 -2  5  0 -1 -1 -1 -1    4   2   2  13   0   3  12   0   3   4   4   3   2   1  29   6   3   1   2   4  0.55 0.29
   11 A    1  0 -1 -1 -3 -1 -2  2 -2  1  1 -1  1  0  2 -1 -1 -2 -1  1   12   6   2   3   0   2   1  16   0   9  13   1   4   4   9   4   2   1   1   9  0.12 0.11
   12 S   -1 -5 -2 -5 -1 -4 -4 -2 -5 -7 -7 -5 -6 -7 -4  7 -2 -8 -6 -6    3   0   1   0   1   0   0   3   0   0   0   0   0   0   0  90   1   0   0   0  2.17 0.92
   13 P    1 -3 -4 -4 -6  2 -3 -1 -5 -4 -5 -4 -5 -4  7 -1 -2 -7 -6 -2   14   1   0   0   0  11   1   6   0   1   1   0   0   1  56   5   3   0   0   2  1.57 0.65
   14 P   -2 -5  2 -5  2 -2 -3 -5  1 -7 -7 -5 -6 -2  7 -2 -3 -8 -2 -5    3   0   9   0   4   1   1   0   3   0   0   0   0   2  70   3   1   0   1   0  2.16 0.81
   15 T    0 -5 -4 -5  8 -5 -5 -1 -3 -3 -4 -4 -4 -3 -3  3  0 -6 -5  2    8   0   0   0  37   0   0   5   0   0   0   1   0   1   1  23   6   0   0  18  1.28 0.56
   16 R   -2  7 -2 -5 -3  1 -4 -5  2 -6 -2 -2 -2 -6 -4 -4 -4  1 -2 -6    3  72   2   0   1   7   0   1   4   0   5   0   1   0   1   1   1   2   1   0  1.84 0.76
   17 A    4  1 -2 -4  0 -3 -3 -2 -4 -2 -2  1 -1 -1 -2  2  0 -6 -3 -1   45   8   1   0   2   0   0   2   0   1   3   8   1   3   1  16   5   0   0   5  0.63 0.40
   18 C    0 -6 -6 -7  2 -6 -6 -6 -6  1  0 -6 -3 -4 -6 -4 -2 -6 -5  6    8   0   0   0   5   0   0   0   0   5   6   0   0   0   0   0   2   0   0  73  1.61 0.67
   19 L   -1  2 -4 -3 -3  1 -1 -5 -2  0  3 -1  3  0 -5 -2 -2  1  1  0    4  14   0   2   1   6   4   0   1   5  35   2   9   3   0   2   1   2   5   7  0.43 0.29
   20 L   -1 -5 -4 -7 -1 -3 -6 -6 -6  2  4 -5  7 -2 -6 -3 -2  4 -3 -1    5   0   1   0   1   1   0   0   0   9  38   0  30   1   0   2   3   7   0   3  1.21 0.56
   21 T    1 -3 -2 -5  2 -4 -4 -5 -5  0  1 -4  1  2 -5 -3  4 -5 -4  3   10   1   2   0   4   0   0   0   0   3  16   0   3   9   0   0  29   0   0  23  0.67 0.41
   22 L    4 -5 -5 -6  3 -4 -5 -2 -5  1  3 -5  1 -2 -5 -2 -2 -5 -5  0   38   0   0   0   6   0   0   2   0   6  36   0   4   1   0   2   1   0   0   4  0.85 0.46
   23 K    1  3  0 -1 -6 -1  1 -2  1 -3 -3  5 -4 -5 -4 -1 -1 -6 -2 -3   11  14   4   4   0   1   9   3   4   1   2  39   0   0   0   3   2   0   2   2  0.69 0.40
   24 A    3 -3 -2 -3 -1 -1  2 -2  3  1  0 -1  2 -2 -4 -2 -2 -2  0  0   32   0   1   0   1   2  15   2   8   7   8   3   5   1   0   1   1   0   3   7  0.37 0.30
   25 L   -2 -4  0 -6 -5 -4 -5 -4 -5  2  5  1  1 -1 -6 -3 -2 -5 -3  0    3   0   6   0   0   0   0   1   0  12  57   9   2   2   0   2   2   0   1   4  0.88 0.46
   26 D   -2 -2  4  3 -7 -1 -1  5 -3 -7 -7  1 -6 -7 -5 -3 -4 -7 -6 -5    2   2  22  15   0   2   4  43   0   0   0   9   0   0   0   1   0   0   0   1  1.16 0.54
   27 L   -2 -5 -6 -7 -4 -3 -6 -7 -3  4  4 -5  1 -2 -6 -5 -2 -5 -2  3    3   0   0   0   0   1   0   0   1  29  42   0   2   1   0   0   2   0   1  17  1.10 0.49
   28 P   -2 -2  0  4 -4  1  3 -4 -2 -6 -6  0 -5 -6  5 -1 -2 -7 -6 -4    2   1   4  23   0   7  20   1   1   0   0   5   0   0  28   4   2   0   0   1  1.00 0.49
   29 F   -2 -6 -6 -5 -2 -5 -6 -7  1  0  3 -6  0  5 -4 -4 -4 -1  5  2    2   0   0   1   1   0   0   0   4   4  28   0   2  23   1   0   0   1  20  13  1.00 0.47
   30 E   -3 -2  4  1 -7  1  5 -5  0 -5 -4  0 -5 -6 -5 -2  1 -7 -4 -2    1   2  20   6   0   5  44   0   2   1   1   4   0   0   0   2   8   0   0   4  1.06 0.56
   31 F   -3 -1 -4 -4 -1 -2 -1 -5  0  2  3 -1  0  3 -1 -2 -2  1  3  0    0   3   0   1   1   1   5   1   2  12  32   3   2  12   3   2   2   2   9   5  0.41 0.26
   32 V   -3  1  0 -4 -1  0  0 -5  1  3 -3  4 -2 -2 -5 -3 -2 -6 -4  3    1   7   4   0   1   4   6   0   4  17   1  31   0   1   0   1   1   0   0  20  0.66 0.40
   33 F   -1 -1  0  1 -4  0  3 -3  1  0 -1  0 -1  0  1 -1 -1 -1  0  0    3   3   5   9   0   4  21   1   3   5   7   6   2   5   8   4   4   1   3   6  0.20 0.16
   34 V   -2 -5 -6 -6 -2 -5 -4 -6 -6  4  1 -4  0 -3 -4 -4  1 -5 -2  5    3   0   0   0   1   0   1   0   0  21  11   1   2   1   1   0   9   0   1  49  1.10 0.51
   35 N   -3 -2  5  5 -6 -2 -1 -2 -4 -5 -5 -1 -4 -6 -3  0 -3 -7 -2 -4    2   1  34  40   0   1   3   3   0   1   1   3   0   0   1   6   0   0   1   1  1.31 0.59
   36 L   -3 -4 -4 -4 -2 -5 -5 -4 -2  3  4 -5  1  2  0 -4 -1 -4 -1  1    2   1   1   1   1   0   0   1   1  15  49   0   2   9   4   1   3   0   2   7  0.79 0.39
   37 F    0  1 -2 -2 -2 -2 -3  0 -2  0  1 -2  3  4 -1 -1 -1 -1  1 -1   10   8   2   2   1   1   1   7   1   4  16   1   9  19   3   5   3   1   4   3  0.22 0.19
   38 E    2  0  0  0 -5  1  0  0 -1 -5 -4  4 -3 -3 -2  0 -1 -3 -3 -3   20   2   5   5   0   5   6   6   2   0   1  35   0   1   2   5   3   0   1   1  0.55 0.35
   39 K   -2  1  1 -1 -6  0 -2  5 -1 -5 -3  2  0 -5  0 -2 -4 -6 -5 -5    3   7   5   3   0   4   2  48   1   0   2  14   2   0   4   3   0   0   0   0  0.85 0.42
   40 E   -2 -3 -3  3 -3  0  6 -1  0 -5 -4 -2 -3 -4 -1 -3 -3  0 -6 -4    3   1   1  14   1   3  61   4   2   0   1   1   1   1   3   0   1   1   0   1  1.34 0.62
   41 N   -3 -2  2 -2 -3  5 -2 -4  7 -2 -4 -1 -3 -3 -4 -3  0 -5 -2 -4    2   1   9   2   1  33   1   1  36   2   1   2   0   1   1   1   5   0   1   1  1.43 0.63
   42 F   -3  2 -2 -2 -1 -1 -3 -4  1 -2  3  2  4  1 -4 -2 -2  0  0 -2    1  12   2   2   2   2   1   1   4   1  29  16  12   7   0   2   2   1   3   1  0.43 0.29
   43 S    0  0  0 -1 -4  2  0 -1 -1 -4 -3  3 -2 -2 -1  2  3 -5 -4 -4    5   2   5   2   0   9   4   4   1   0   2  25   1   1   3  17  19   0   0   0  0.49 0.31
   44 E   -1 -2 -3  2 -6 -1  3 -5 -4 -5 -6  0 -5 -4  6 -1 -3 -7 -3 -5    5   1   0  12   0   2  24   0   0   0   0   4   0   1  44   3   1   0   1   0  1.37 0.57
   45 D    0 -3  0  3 -6 -1  5 -3 -2 -5 -5 -1 -5 -3 -3  0 -1  2 -3 -4    6   0   4  13   0   1  53   1   1   0   0   3   0   1   1   7   3   3   1   1  1.05 0.48
   46 F   -6 -6 -6 -7 -6 -6 -7 -7  0  0 -2 -6 -1  7 -7 -4 -5 -1  5 -3    0   0   0   0   0   0   0   0   2   5   3   0   1  61   0   1   0   1  22   1  1.98 0.73
   47 S   -1  0 -3 -4 -2 -2 -2 -3 -2  0  3  1  1 -2 -2 -1  0 -2 -1  1    5   4   1   0   1   1   2   1   1   3  42   9   3   0   2   5   6   0   2   9  0.31 0.25
   48 K    1  1 -1 -2 -5  1  1 -3 -3 -5 -2  6 -4 -5 -4 -2 -2 -6 -5 -3   14   6   2   2   0   5   7   1   0   0   3  54   0   0   0   2   2   0   0   1  1.01 0.47
   49 K   -2 -2 -2 -4 -3 -2 -3 -4 -2  4  2  1  4 -1 -4 -2 -2 -1 -1  1    2   2   2   0   0   1   1   1   1  32  20  11  11   1   0   3   0   1   1   9  0.54 0.28
   50 N   -3 -4  8 -1 -5 -1 -1 -4 -1 -3 -5 -3 -5 -3 -5  0 -2 -5 -5 -5    1   0  75   1   0   3   4   1   1   1   1   0   0   1   0   5   2   0   0   1  1.96 0.69
   51 P   -2 -3 -5 -5 -5 -3 -4 -4 -3 -3 -2 -4 -5 -5  8  0 -2 -6 -5 -3    2   2   0   0   0   1   1   1   1   1   4   0   0   0  75   6   2   0   0   2  2.22 0.72
   52 Q   -1  1  1 -2 -1  5 -1 -3  0 -1  1 -1  1  2 -3 -1 -1  0 -2 -2    6   6   6   2   1  31   1   1   2   4  12   2   4  10   0   3   4   1   1   2  0.42 0.28
   53 H   -2  1 -2 -4  0  2 -2  2  8 -5 -4  0 -1 -4 -4 -2 -3 -4  0 -3    4   8   1   0   2  10   1  15  41   0   1   6   2   0   0   2   1   0   3   2  1.14 0.47
   54 T   -2  0 -1 -3  3  1 -1 -2 -3 -1 -1  2 -1 -2 -3 -1  4 -4 -2 -2    2   6   3   0   7   7   3   2   0   4   6  15   1   1   0   3  35   0   1   2  0.51 0.31
   55 V   -2 -4 -4 -4 -1 -4 -4 -4 -4  4  1 -4 -1 -2 -4 -2 -2 -4 -3  5    2   1   1   1   1   1   1   1   0  28   9   1   0   1   1   3   2   0   0  46  0.90 0.35
   56 P   -3 -4 -4 -4 -5 -4 -4 -4 -4 -5 -2 -4 -4 -5  8 -4 -4 -5 -5 -4    1   1   1   1   0   1   1   1   0   1   5   1   0   1  84   1   1   0   0   1  2.64 0.74
   57 L    1 -3 -3 -3  1 -3 -3 -3 -3  0  0 -3  0  1 -3  0  4 -4 -2  3   14   1   0   1   3   0   1   1   0   3  10   1   3   6   1   4  27   0   1  22  0.44 0.25
   58 L   -3 -4 -5 -5 -4 -4 -5 -5 -5  4  4 -4  2  0 -4 -4 -3  2 -3  0    2   0   0   0   0   0   1   1   0  23  54   1   5   3   0   1   1   3   0   4  1.03 0.39
   59 Q   -1 -1  0  3 -2  1  3 -3 -1  0 -2  2  0 -3 -3 -1 -1 -4 -3  2    3   3   3  16   1   6  19   1   1   6   2  13   2   0   0   3   4   0   1  17  0.33 0.20
   60 D   -4 -4 -1  7 -5 -2  2 -3  0 -3 -3 -3 -1  0 -4 -2 -1 -5 -3 -3    1   0   1  63   0   1  11   1   2   2   2   1   2   4   0   1   3   0   1   2  1.40 0.50
   61 D   -1 -1  2  3  2 -1  0  3  0 -1 -4 -1 -4 -4 -2  0 -2 -5 -4 -3    3   2  13  22   5   1   6  27   2   4   1   2   0   0   2   6   2   0   0   2  0.55 0.27
   62 D   -1  0  0  4 -5 -1  0  4 -1 -5 -4  0 -4 -5 -2 -1 -2 -5 -2 -4    4   4   4  28   0   2   7  32   2   0   2   5   0   0   1   4   2   0   1   1  0.71 0.33
   63 A   -1 -3 -2 -2  0 -2 -2 -1 -1 -1  0 -2  0  6 -2 -2  1 -3  1  0    4   1   2   2   2   1   2   6   2   3  10   2   3  38   2   2   8   0   4   7  0.52 0.28
   64 C    0 -1 -1 -3  2  1 -1 -2  0  2 -1 -1  0  0 -1 -1  1 -3  1  2    6   3   3   1   6   8   2   3   2  15   4   3   2   4   3   4   7   0   6  18  0.15 0.11
   65 I   -2 -3 -3 -4 -2 -3 -3 -4 -3  3  3 -3  2  1 -3 -2  0 -3 -1  2    1   1   1   1   0   0   1   1   0  17  39   1   7   8   1   1   5   0   0  16  0.47 0.17
   66 W   -1  0  0 -3  1 -1 -2 -1  0  0 -1 -2  0  2 -1  0  1  6  1 -1    4   8   4   1   3   2   1   4   3   5   5   1   2  11   3   7  10  19   4   3  0.31 0.13
   67 D   -1 -1  2  2 -3  2  2 -2 -1 -3 -2  0 -2  2  3 -1 -1 -2 -1 -2    1   1  15  15   0  15  15   1   0   1   1   1   0  15  15   1   1   0   0   1  0.40 0.06
   68 S    0  0  0 -4  2 -4 -4  0 -5 -5 -5 -4 -5  0  1  5  1 -6 -5 -1    6   6   5   0   5   0   0   8   0   0   0   0   0   5   6  46   7   0   0   5  0.81 0.46
   69 H    0  0  0  0  2  0 -2 -1  2  0 -1  0  1  0  1  0  0 -3  1  0    6   6   6   6   6   6   0   6   6   6   6   6   6   6   6   6   6   0   6   6  0.05 0.09
   70 A    5  0 -4 -5  1 -3 -4 -1 -4 -1 -2 -3 -3 -5  0  0 -1 -6 -5 -1   69   6   0   0   3   0   0   3   0   3   3   0   0   0   4   3   3   0   0   4  1.03 0.46
   71 I   -1 -5 -6 -6  2  0 -5 -6 -6  6  0 -5  2 -3 -6 -4  0 -5 -4  1    4   0   0   0   4   4   0   0   0  68   4   0   4   0   0   0   5   0   0   5  1.33 0.52
   72 M    1 -4  1 -5  4  0 -4 -1 -4  2  1 -4  4  0 -5  0  0 -5 -4  0   11   0   7   0  11   5   0   5   0  15  14   0  13   4   0   6   4   0   0   5  0.44 0.29
   73 A    0  2 -1 -1  1  1 -1 -1  1  0 -1  0  2 -3 -1  0  1 -4  0  0    8  13   3   3   4   7   3   5   3   7   4   5   7   0   3   5  10   0   3   7  0.10 0.12
   74 Y   -2 -2  2 -2 -3 -1 -2 -3  4 -1  1 -2 -1  3 -3 -2 -2 -1  4 -2    0   0  20   0   0   0   0   0  20   0  20   0   0  20   0   0   0   0  20   0  0.44 0.06
   75 L   -2 -3 -3 -4 -2 -2 -3 -4 -3  2  3 -3  2  1  1 -1 -1 -2 -1  1    0   0   0   0   0   0   0   0   0   9  54   0   7   7   7   7   0   0   0   7  0.40 0.08
   76 V    3 -5 -2 -1  5 -3 -3 -3 -2  1 -2 -4 -1 -3 -4 -1 -2 -2 -4  4   31   0   2   3  13   1   1   1   1   7   3   0   1   1   0   2   2   1   0  29  0.70 0.41
   77 E   -1  1  2  3 -3  1  4 -3  0 -5 -3 -1 -4 -5 -4  1 -1 -6 -5 -2    5   9  11  17   1   5  29   2   2   0   2   2   0   0   0  11   3   0   0   2  0.63 0.36
   78 K   -2  2 -2 -2 -6  2  0 -3 -1 -5 -2  6 -2 -6 -4 -1  1 -6 -5 -3    3   9   1   2   0   7   4   2   1   0   3  50   1   0   0   3  10   0   0   2  0.99 0.52
   79 Y   -4 -1 -1 -4 -1 -5 -4 -4  2 -3 -2 -2  0  2 -2 -3 -3  1  8 -5    1   4   3   1   1   0   1   1   5   1   4   2   2   7   2   2   1   2  59   0  1.72 0.79
   80 A    2 -1  1  1  1  0 -2  3 -3 -2 -3  0 -1 -4  0  0 -2 -5 -4 -2   21   3   6   8   3   3   2  26   0   3   2   5   2   0   5   7   2   0   0   2  0.38 0.27
   81 P   -1  1 -1 -1 -5 -1  0 -1 -3 -1 -2  2  0 -4  5 -1  0  1 -2 -1    4   6   2   3   0   3   5   4   0   4   4  17   2   0  28   5   6   2   2   5  0.52 0.33
   82 S    1 -2  1  3 -5  0  1  2  1 -4 -4 -1 -4 -2  1  1  1 -1 -2 -3   10   1   8  17   0   4   9  14   3   1   1   3   0   2   6  11   9   1   1   1  0.33 0.26
   83 D   -2 -2  1  5 -1 -1  1  0  2 -2 -3  0 -1 -2 -1  1 -1 -5 -2 -4    2   2   5  33   2   2   8   7   6   2   2   5   1   2   3  11   4   0   2   0  0.56 0.33
   84 E    1  1  0  0  0  0  1 -1  1 -1 -1  1 -1 -1  2  0  1 -3  1 -1   12   7   4   5   2   3   7   3   5   3   4   8   2   2   9   8   9   0   5   2  0.13 0.09
   85 L   -3 -1 -4 -5 -3 -3 -4 -1 -3  1  3 -3  2  2 -4 -3  0  5  1  0    0   5   0   0   0   0   0   5   0   9  43   0   5   8   0   0   5   9   5   5  0.54 0.26
   86 Y   -1 -1 -1 -4 -4 -3 -4 -2 -2 -1  1 -1  1  2 -5 -1 -1  6  5 -1    4   4   4   0   0   0   0   4   0   4  14   4   4   6   0   4   4  12  31   4  0.63 0.30
   87 P    0 -5 -5 -5 -6 -5 -5 -1 -5 -2  0 -4 -4 -1  7 -1 -2 -6  0 -5    6   0   0   0   0   0   0   5   0   3   9   0   0   2  64   6   2   0   3   0  1.74 0.63
   88 K    0  1  1 -1 -1  2  1 -1  1 -3 -2  3 -3 -2  0  0  0 -4  0 -2    7   6   5   2   1   9  10   4   4   1   3  25   0   1   4   7   5   0   3   2  0.28 0.18
   89 D   -2 -2  2  5  0 -1  2  0 -3 -3 -5 -2 -5 -5  0 -1  0 -6 -2 -2    2   1  10  44   2   2  11   7   0   1   0   1   0   0   4   3   6   0   1   3  0.82 0.38
   90 L    0 -2 -3 -2 -1 -3 -3 -5 -1  0  2 -1 -1 -1  5 -2 -2  0  0  1    9   2   1   2   1   1   1   0   1   5  22   4   1   2  29   2   1   1   3  10  0.58 0.34
   91 L    0  2 -1 -1 -2  2  1 -2  0 -2  0  3 -1  0 -3 -2 -2 -5 -2 -1   10   9   2   3   1  11   8   2   3   2  10  25   2   4   1   2   2   0   1   4  0.31 0.24
   92 Q    1  0  0  1 -4  1  0 -1  1 -1 -1  1  0 -1  0  0 -1  2  0 -1   14   4   3   7   0   6   6   4   4   3   7  11   3   3   4   5   3   3   4   5  0.09 0.10
   93 R   -1  5  0 -4  1  2 -3  0  1 -4 -1  0  1  0 -4 -1 -4 -5  0 -1    5  36   5   0   4   8   0   6   4   0   7   5   4   4   0   4   0   0   4   4  0.62 0.39
   94 A    4 -1  0 -1  1 -3 -3  1 -3 -1 -1 -3  0 -3 -1  0  1 -4 -1 -1   44   3   5   3   3   0   0  10   0   3   4   0   3   0   3   5   7   0   3   3  0.46 0.35
   95 K   -2  2 -2 -2 -1  2 -1 -3  0  1  2  2  0 -2 -4 -1  0  0  1  0    3  10   2   2   2   9   2   1   2   9  22  14   1   0   0   3   4   1   5   7  0.23 0.21
   96 V   -1 -5 -2 -5 -1 -2 -5 -5 -5  3 -1 -5  1  0 -5 -1 -1 -5  0  5    4   0   2   0   2   2   0   0   0  16   4   0   3   4   0   4   3   0   3  51  0.99 0.52
   97 D   -2 -1  4  4 -2  1  1 -3 -1 -3 -1 -2 -1 -2 -4 -2 -1  0  0 -1    2   3  18  30   1   7  10   2   1   1   6   2   2   1   0   1   3   1   3   4  0.60 0.38
   98 Q    0  1  1 -4 -2  6  1 -3  2 -3 -4 -1 -1 -3 -5 -1 -2  3 -4 -1    7   8   5   0   1  42   9   2   5   1   2   3   2   1   0   3   1   4   0   4  0.92 0.57
   99 L   -1  3 -4 -5  1 -1 -4 -1 -1  1  0 -2  3  0 -5 -3 -3  7  2 -1    6  20   0   0   4   2   0   4   1   8  10   2   8   4   0   1   1  17   8   3  0.68 0.40
  100 M    0 -2  1  0  2  1  0 -3  2  0  0 -2  1  1 -3  0  0  4 -1  0    7   0   7   7   6   7   7   0   6   7   7   0   6   6   0   7   7   6   0   7  0.13 0.15
  101 H    0  0  0  1  0  0  0 -2  4 -2 -2 -2  0  1 -3  1 -1  3  2 -3   10   6   5   8   2   4   6   2  12   2   3   0   3   8   0  14   2   5   9   0  0.26 0.24
  102 F   -1 -2 -2 -5 -1 -2 -4 -5  0  0  0 -2  1  5 -5 -1  0  6  3  0    6   2   2   0   2   2   0   0   2   4   7   2   3  31   0   4   5  13   9   5  0.72 0.41
  103 E    0 -1  0  3 -4  2  3 -2  2 -1 -2 -2  0 -2 -3  0  0 -5 -3 -1    9   2   5  21   0   9  21   2   5   4   2   0   2   2   0   4   5   0   0   6  0.39 0.30
  104 S    2 -2  0 -1  1  0 -1  0  1 -1  0 -1  2 -2  0  2  1 -4 -3 -1   17   1   6   3   3   5   1   5   4   3   9   2   6   1   5  15  10   0   0   4  0.15 0.18
  105 G    1 -1  1 -1  0 -1 -2  4 -1 -4 -3 -2 -4 -1 -2  1  1 -5 -4 -3   10   4   6   3   2   3   2  36   2   0   1   1   0   3   2  12  11   0   0   2  0.51 0.34
  106 V    0 -1  0 -1  1 -1 -1 -1  2  1  0 -1  1  0 -1  0  1 -3  0  1    6   3   5   3   4   3   3   5   6  12  11   3   3   4   3   5  10   0   3   9  0.04 0.08
  107 I   -1 -1 -1 -2  1 -1 -4 -5  1  2  2 -3  1  2 -1 -1  0  2  1  0    3   3   3   3   3   3   0   0   3  13  23   0   4   9   3   4   5   3   6   5  0.22 0.22
  108 F   -2  0 -2 -2  0 -1 -4 -1  1 -1  0 -2  0  5 -1 -2  0  1  4 -1    3   5   2   2   2   3   0   4   3   3   9   3   2  27   3   3   6   2  14   3  0.47 0.33
  109 E    0  0  1  1 -1  1  0  0  1 -2 -1  0  0 -2  2 -1  0  0 -1  0    8   5   6   7   2   6   6   8   4   2   6   4   2   2  12   4   4   2   2   7  0.12 0.11
  110 S    0  1  0 -2  0  1 -1  0  0 -2 -2  0  1 -1  2  2  0 -5 -1 -1    7  10   5   1   3   6   2   6   2   2   2   4   4   3   9  20   5   0   2   5  0.20 0.23
  111 A    2  0  0 -2  0 -1 -2  0  1  0  0 -1  0  0  0  0  0  0  1  1   18   5   4   2   3   3   2   6   3   6   7   3   2   5   5   5   5   1   5   9  0.07 0.09
  112 L   -2 -3 -3 -4 -1 -3 -3 -2 -1  2  2 -3  4  4 -5 -1 -2  0  1  1    4   2   1   1   2   1   1   4   2  11  22   2   9  16   0   4   3   1   4  10  0.50 0.31
  113 R    0  4 -1  0 -3  0  1  0  1 -1 -2  1 -1 -1 -3 -1 -2  1  0 -3    8  21   3   6   1   5   8   8   4   4   3   9   2   3   1   5   2   2   4   2  0.28 0.24
  114 R    0  2  1  0  0  1 -1 -2  0 -1 -3 -1 -1  1  0  0 -1 -1  3 -1    9  11   8   6   2   7   4   3   3   4   3   4   1   7   5   6   3   1   9   4  0.18 0.16
  115 L    0 -4 -3 -2  1 -3 -3 -7  0  3  2 -7  2  3 -7 -3 -2 -6  4  2    7   1   1   2   3   2   2   0   2  16  16   0   5  10   0   2   3   0  12  15  0.67 0.36
  116 T    0 -1 -1 -3 -1 -1 -4 -2  0  0  0 -1  3  2 -2  0  1  0  4  1    7   4   3   2   1   3   1   3   2   6   8   4   7   8   2   8   7   1  13   9  0.26 0.19
  117 R   -1  3  0  0 -2  0  0 -2  2 -1 -1  0  1  0 -1 -2 -2 -1  4 -2    6  14   5   5   1   3   7   3   4   4   6   6   3   3   3   3   2   1  13   4  0.27 0.20
  118 P   -1 -1  0 -2 -5 -1 -1 -1  0  0 -1  0  0 -1  5  0  0  1  0 -2    5   4   5   2   0   2   3   5   2   5   5   5   3   3  30   6   5   2   3   3  0.46 0.35
  119 V   -1 -1 -1 -2  0  0 -1 -2 -1  2  1  0  1  0  0 -1 -1  0  0  2    6   3   3   2   2   4   3   3   2  15  12   5   4   5   4   3   4   2   3  14  0.08 0.11
  120 L    0  0 -2 -3  2  1  0 -1  2  0 -1  0  1  1  1  0  0  3  1  0    6   6   0   0   5   5   6   6   5   6   6   6   5   5   6   6   6   5   5   6  0.09 0.12
  121 F   -2  1 -1 -1  1  0  0 -1  1  1 -1  0  2  4 -1 -1  0  2  1 -1    4   7   3   3   3   4   5   5   3   7   6   5   5  16   3   4   5   3   5   5  0.19 0.13
  122 F    0  0  0  0  0  0  0  1  0  0  0  0  1  2 -1 -1  0  1  0 -1    6   4   5   5   2   3   6  10   3   6   9   7   3   9   3   5   6   2   4   3  0.04 0.04
  123 G   -1 -1  1  0  0  0 -1  4 -1 -2 -2  0  0 -2  0 -1 -1  1 -1 -2    5   4   6   4   2   4   4  35   2   2   4   6   2   2   5   4   3   2   2   3  0.38 0.30
  124 E    0  0  1  0  0  2  2 -1  0 -1 -2  1  0 -2 -1  0  0 -5  0 -1    8   5   6   6   2   8  17   4   2   4   3  10   2   2   3   6   7   0   3   4  0.17 0.18
  125 P    0  0  0  0 -5  1  0 -1  0 -1 -2  2  0 -2  4 -1  0  1 -1 -1    6   4   5   5   0   5   5   4   3   4   4  12   2   2  19   4   7   2   2   4  0.26 0.23
  126 T    0 -1  0  1  0  0  1  0  0 -1 -2  0 -1 -1  1  1  2 -5 -1  0    6   3   3   7   2   3   9   8   2   3   4   7   2   3   7   9  16   0   2   6  0.13 0.15
  127 L    0  0  0  0  1  0  0 -1  1  0 -1  0  1  0  0  0  0 -3  1  0    5   5   5   5   5   5   5   5   5   5   5   5   5   5   5   5   5   0   5   5  0.03 0.05
  128 P    0 -2  0  2 -3  0  1 -2 -2 -1 -2  0 -2 -4  4  0  0 -3 -2  0    8   1   4  10   0   3   9   3   1   3   4   5   1   0  25   7   6   0   2   6  0.44 0.30
  129 R   -1  0 -1  1 -2  2  3 -2 -1 -4 -2  3 -2 -6  1 -2 -2 -6 -3 -2    5   6   3   9   1  10  24   3   1   1   5  16   1   0   9   2   2   0   1   4  0.46 0.34
  130 N    0 -1  2  2 -2  0  3 -2 -1 -3 -2  2 -2 -3 -1  0 -1 -5 -3 -1    9   2   8  11   1   4  23   3   1   1   3  13   1   1   3   5   3   0   1   4  0.35 0.27
  131 Q    1  1  0 -1 -3  3  2 -3  1 -4 -3  3 -1 -3 -3 -1 -1 -2 -3 -1   11   8   4   3   1  14  13   2   4   0   2  21   1   1   1   5   3   1   1   5  0.42 0.32
  132 V    1  0 -2 -3 -2 -1 -1 -3 -2  2  2  1  0  0 -2 -1 -1 -1  0  1   11   6   1   1   1   1   4   2   1  12  18  10   2   5   2   4   4   1   3  13  0.15 0.14
  133 D    0  0  2  3 -3  0  3 -2 -2 -4 -4  3 -5 -3 -3 -1 -1 -6 -2 -4    9   5  10  17   1   4  21   3   1   1   2  16   0   1   1   3   4   0   1   1  0.53 0.36
  134 H    0  1  1  0 -3  1  1 -1  0 -3 -1  3  0 -1 -2 -1 -2 -3  2 -3   10   6   7   6   1   5  11   5   2   1   7  20   3   2   1   4   2   0   7   1  0.23 0.21
  135 I    0 -3 -2 -4 -2 -3 -2 -4 -2  3  2 -2  3  1 -4 -1 -1  1 -1  2    7   1   2   1   1   1   3   1   1  19  24   2   8   6   0   4   3   2   2  13  0.39 0.26
  136 L   -1  0  1  0 -2  0  1 -2  2 -1  2  2  0 -2 -2 -1  0 -4  0 -2    5   5   6   4   1   4  12   2   5   3  20  15   2   1   1   2   6   0   3   2  0.17 0.18
  137 Q    0  0  0  1 -1  3  3 -3  0 -2 -3  2 -1 -4 -3  0 -1 -6 -5 -4    7   5   5   8   1  13  25   2   2   2   2  16   1   1   1   7   2   0   0   1  0.52 0.36
  138 V    3 -2 -3 -3  1 -2 -2  1 -3 -1  1 -1 -1 -1 -3  1  0 -2 -2  2   30   2   1   1   3   1   1  10   0   2  12   3   1   2   1   8   5   1   1  15  0.30 0.26
  139 Y   -2 -3 -3 -2 -1 -4 -4 -5 -3 -1  3 -3  2  3 -5 -3 -2  0  5  0    3   1   1   2   1   0   1   1   0   3  35   2   5  14   0   1   2   1  22   5  0.79 0.43
  140 D   -1  0  1  4 -5  1  3  1 -2 -3 -4  1 -3 -4 -3  0  0 -6 -5 -3    6   6   5  25   0   5  17  12   1   1   1   7   1   1   1   5   5   0   0   2  0.49 0.31
  141 F   -1 -2 -2 -1 -1 -3 -3 -2 -1  1  1 -2  1  4 -3 -2  0  2  2  0    4   2   2   3   1   1   1   3   1  10  16   2   3  22   1   2   6   3   8   7  0.35 0.24
  142 V   -2 -5 -5 -4  0 -3 -2 -3 -2  1  4 -5  3  1 -5 -3 -2 -2  0  1    3   0   0   1   2   1   3   2   1   8  49   0   8   5   0   2   2   0   3   9  0.73 0.41
  143 E   -3 -3  3  3 -7 -1  6 -3 -4 -5 -5 -1 -2 -2 -5 -3 -2 -6 -4 -3    1   1  13  16   0   1  52   2   0   1   1   3   1   2   0   1   2   0   1   2  1.27 0.66
  144 T    0  1  1  0 -4  1  0  0  0 -1 -3  2 -1 -2 -3  0  2 -5 -1 -2   10   8   7   6   0   7   5   6   2   4   2  16   2   1   1   7  15   0   2   2  0.23 0.21
  145 F   -3 -2 -5 -4  1 -1 -3 -4  2  1  0 -2  2  6 -5 -2 -1  3  3 -2    2   2   0   1   3   3   1   1   4   8   9   2   4  34   0   2   4   5  12   3  0.77 0.41
  146 L   -3 -3 -6 -7 -5 -5 -6 -3 -6  1  5 -5  1  0 -6 -5 -4  2 -4  0    1   1   0   0   0   0   0   2   0   7  77   0   2   2   0   0   0   3   0   3  1.36 0.56
  147 D    0  0  0  1 -4  1  3  1  0 -2 -3  1 -2 -4 -1  1  1 -4 -2  0    5   6   3   7   0   6  21  10   2   1   2   8   0   0   2   9   9   0   1   7  0.26 0.17
  148 D   -1  0  2  3 -5  1  1  2  0 -4 -4  2 -2 -5 -2  0  0 -5 -4 -3    2   5   9  17   0   6   8  19   2   1   0  15   1   0   1   8   5   0   0   1  0.44 0.24
  149 H   -1  2  2 -1 -2  2  0  0  3 -4 -4  2 -3 -4 -3  1  1 -1 -1 -3    4  14  12   3   1   8   4   7   9   0   0  11   0   0   0  13  10   1   2   1  0.38 0.23
  150 D   -1  1  0  2 -4  0  1 -1 -1 -3 -2  3 -3 -1  2  0  0  0 -1 -3    5   5   4  15   0   4   8   5   1   1   3  20   0   4  10   6   5   2   2   1  0.29 0.18
  151 F   -5 -5 -6 -6 -6 -5 -6 -6  1 -4 -2 -5 -4  5 -6 -5 -5  7  7 -2    0   0   0   0   0   0   0   0   2   0   4   0   0  28   0   0   0  18  43   2  2.02 0.69
  152 V    2 -4 -4 -5  0 -4 -4 -4 -4  3  2 -4  1 -1 -4 -2 -1 -4 -1  3   18   0   0   0   2   0   0   0   0  17  23   0   4   2   0   2   4   0   1  25  0.56 0.30
  153 A    5 -4 -3 -4  2 -3 -1  0 -2  0 -3 -4 -3 -2 -3 -1  0 -5 -1  0   58   0   1   0   4   0   3   6   1   4   2   0   0   2   1   3   6   0   2   7  0.78 0.44
  154 G    0 -5 -1 -2  0 -4 -3  6 -2 -6 -3 -4 -2 -6 -5  0  0 -6 -3 -4    7   0   2   2   2   0   1  68   1   0   3   0   1   0   0   5   6   0   1   1  1.32 0.53
  155 D   -3 -2  3  6 -2 -1  1 -2  0 -6 -6 -1 -5 -6 -1  0 -1 -6 -3 -4    2   1  14  50   1   1   9   3   3   0   0   4   0   0   4   5   2   0   1   1  1.07 0.46
  156 Q   -1  1  2 -1 -2  2  2 -1  5 -3 -4  1 -1 -2 -3  0  0 -2 -1 -2    3   7  12   2   1   8  13   4  20   1   0   9   2   2   1   6   6   1   2   3  0.46 0.29
  157 L   -2 -5 -5 -6 -1 -4 -5 -6 -5  2  4 -3  4  1  2 -3 -3 -1  0  0    3   0   0   0   1   0   0   0   0  14  42   1  11   6  10   2   0   1   3   6  0.75 0.37
  158 T   -3 -3 -2 -5 -5 -4 -4 -5 -5 -3 -5 -4 -1 -5 -5  3  7 -7 -2 -4    0   1   1   0   0   0   0   0   0   1   0   0   1   0   0  18  76   0   2   0  1.89 0.77
  159 I   -4 -6 -6 -7 -4 -3 -6 -7 -6  5  3 -5  1 -1 -3 -5 -4 -5 -4  2    0   0   0   0   0   1   0   0   0  46  31   0   3   2   2   0   0   0   0  14  1.23 0.48
  160 A    6 -5 -5 -5  1 -4 -4 -1 -5 -3 -5 -4 -4 -2 -3 -1 -3 -6 -5 -3   87   0   0   0   3   0   0   3   0   1   0   0   0   2   1   1   0   0   0   1  1.75 0.67
  161 D   -5 -5 -2  8 -7 -4 -1 -3 -5 -7 -7 -4 -7 -7 -6 -4 -5 -8 -3 -4    0   0   0  94   0   0   2   1   0   0   0   0   0   0   0   0   0   0   1   1  2.69 0.81
  162 F   -2 -5 -5 -6 -1 -4 -5 -6 -2  4  3 -5  0  4 -5 -3 -3  1  1  0    3   0   0   0   1   0   0   0   1  31  27   0   1  23   0   2   1   2   5   4  0.83 0.34
  163 S    2 -2 -2 -2  4 -1 -3 -2 -1 -3 -2 -3  0  0 -1  4  0 -5 -2 -2   20   1   1   2  12   2   0   1   2   1   4   0   2   4   2  37   4   0   1   3  0.56 0.32
  164 I    1 -4 -4 -5  5 -4 -4 -3 -2  3  3 -4  1  0 -4 -2 -2 -2 -2  1   11   0   0   0  14   0   0   1   1  16  34   0   2   3   0   2   2   0   1  10  0.59 0.28
  165 V    1 -4 -3 -4  0 -3 -4 -1 -2  2  1 -4  1  1 -3 -2 -2 -1  2  3   15   0   1   0   2   0   0   4   1  14  15   0   4   5   1   2   1   1   8  27  0.38 0.22
  166 S    3 -3 -1 -2  4 -3 -1 -1 -2 -2 -3 -3 -1 -1  1  2  1 -5 -2  0   29   0   2   1  12   0   2   5   1   1   1   0   2   3   7  17   9   0   1   8  0.43 0.27
  167 T    0 -3 -1 -2  1  0  1 -2  0 -1 -1 -3 -2 -3 -2  3  4 -1  0 -1    5   0   2   1   3   3  10   2   2   4   5   0   0   1   1  23  33   1   3   3  0.49 0.32
  168 I   -1 -4 -4 -5  0 -3 -5 -5 -2  3  2 -4  1  1 -3 -3 -1 -4 -1  4    6   0   1   0   2   0   0   0   1  21  25   0   3   5   1   1   4   0   2  30  0.65 0.31
  169 T    0 -3 -1 -1  0 -1  0 -1  0 -1 -2 -2  1 -2 -2  3  3 -4  1 -1    6   0   3   3   3   3   5   3   2   4   3   2   5   1   1  30  18   0   5   3  0.35 0.26
  170 S    1 -2  0 -3  2  2 -2 -2  0 -2 -2 -2  0  0 -2  2  3 -5 -1 -2   14   1   3   1   5  11   1   2   2   1   4   1   3   4   1  20  23   0   2   1  0.39 0.29
  171 I    0 -2 -4 -4  0 -3 -3 -4 -2  2  3 -3  3  2  0 -2 -2  0  0  1    7   2   1   1   2   1   1   1   1  12  32   1   8  10   5   2   2   2   2   9  0.38 0.22
  172 G    0  0  1  2 -3  1  2  2 -1 -2 -1  0  0 -2  0 -1 -1  0 -1 -1    7   4   5  11   1   5  19  15   2   2   5   4   3   1   3   2   3   1   2   4  0.19 0.14
  173 V    2 -2 -2 -2  1 -1  0 -1 -2  1  1 -2  1 -1 -1 -1  0 -1 -1  2   19   1   1   1   4   2   7   5   1   9  13   2   4   1   2   3   4   1   3  17  0.14 0.14
  174 F    0 -1 -1 -2 -2 -1 -2  0 -1  1  1 -1  1  3 -2 -1 -1  0  1  1    9   3   3   2   1   2   2   7   2   8  14   3   4  18   2   3   3   2   5   9  0.13 0.10
  175 L    0 -2 -1 -1  0 -1 -2 -1 -1  2  1 -1  2  1 -1 -2 -1 -1 -1  2    8   1   3   3   2   3   1   5   2  14  16   4   6   7   3   2   2   1   2  16  0.13 0.11
  176 E   -1 -1  1  2 -4  0  2  2 -2 -3 -4  1 -2 -2  3 -1 -2 -5 -1 -3    3   3   6  14   0   3  13  16   1   2   1   9   1   2  18   4   1   0   2   2  0.45 0.27
  177 L   -2 -3 -2 -2 -2 -2 -3 -4  0  3  2 -3 -1  4 -2 -3 -1  0  3  1    2   1   1   3   1   2   2   1   2  20  18   1   1  18   2   1   3   1   9  11  0.47 0.26
  178 D   -3 -4  1  6 -6 -2  1 -1  0 -2 -3 -2 -5 -2 -1 -1 -2 -3 -6 -2    2   0   5  56   0   1   7   4   2   2   2   2   0   2   3   5   2   0   0   4  1.19 0.56
  179 P    0  0 -2 -3  0 -2  0 -2 -2  1  2 -1  1  2  2 -1 -1 -1  1 -1    7   6   1   1   2   1   6   3   1   7  21   3   4  11   9   5   4   1   5   2  0.16 0.14
  180 A    1  0  1  1 -2  0  1  0 -1 -3 -3  0 -2 -2 -2  3  0 -5 -4 -1   12   5   7   8   1   4  11   6   1   1   2   6   1   2   1  22   6   0   0   4  0.29 0.21
  181 K   -1  2  0  1 -3  1  1 -1  0 -4 -6  4 -3 -6  1  0 -1 -6 -5 -4    5  10   5   8   1   5   9   4   2   1   0  34   0   0   8   5   3   0   0   1  0.65 0.39
  182 Y   -5  0 -4 -7 -2 -6 -5 -5  3 -6 -3 -5 -5  5 -7 -6 -5  3  8 -4    1   6   1   0   1   0   1   1   8   0   2   1   0  21   0   0   1   4  52   1  2.06 0.82
  183 P   -2 -4 -5 -2 -8 -2 -2 -4 -3 -7 -6  0 -7 -4  7 -1 -3 -4 -4 -3    3   1   0   2   0   2   3   1   1   0   1   6   0   1  69   5   2   0   1   2  2.05 0.88
  184 K   -2  2  5 -2 -2 -1 -2 -4  3 -4 -3  4 -4 -6 -5 -2 -2 -7 -1 -6    3  10  29   2   1   2   2   1   7   1   3  32   0   0   0   2   2   0   2   0  1.00 0.54
  185 I   -3 -6 -7 -7 -3 -6 -6 -6 -7  5  3 -6 -1 -2 -6 -5  0 -6 -5  4    1   0   0   0   0   0   0   0   0  32  32   0   1   1   0   0   5   0   0  27  1.25 0.55
  186 A    1  1  0 -2  0  1  0 -2 -2 -1 -1  1 -2 -1 -3  1  1 -3 -1  0   16   6   5   1   3   7   6   2   1   3   7  11   1   2   0  11   7   0   2   9  0.15 0.15
  187 A    4  3 -1  0 -5  0  0 -1 -4 -5 -4  2 -3 -6 -4  0 -2 -6 -5 -4   40  16   2   5   0   4   6   3   0   0   1  13   1   0   0   6   1   0   0   0  0.76 0.46
  188 W   -9 -9 -9 -4 -2 -8 -9 -9 -2 -5 -8 -9 -7  0-10 -5 -9 12  3 -5    0   0   0   1   1   0   0   0   1   1   0   0   0   3   0   1   0  80  11   1  4.29 1.41
  189 L   -2 -1 -3 -7 -4 -4 -6 -4 -1  2  3 -4  4  3 -6 -4 -4  2  5  0    3   3   1   0   0   0   0   1   1  10  25   0  11  10   0   1   0   3  24   5  0.86 0.43
  190 E    1 -1  1  2 -6  2  4 -2 -2 -6 -6  3 -4 -5 -4  0 -2 -7 -4 -5   10   2   6  11   0   7  34   3   1   0   0  16   0   0   0   5   2   0   0   0  0.80 0.45
  191 R   -3  6  1 -1 -4 -1  0 -4  1 -4 -2  2 -2 -6 -6 -2  0 -3 -6 -4    2  49   7   3   0   1   5   1   3   1   5  12   1   0   0   3   7   0   0   1  1.09 0.55
  192 L   -2 -6 -6 -7  6 -5 -6 -6 -6  2  2 -6  6 -1 -6 -5 -2 -6 -1  2    4   0   0   0  18   0   0   0   0  11  22   0  23   3   0   0   2   0   2  16  1.18 0.53
  193 K   -2  3  1 -3 -1  2  2 -5 -4 -4 -5  5 -5 -4 -5  0 -3 -7 -4 -4    3  13   5   0   2   8  16   0   0   1   1  41   0   1   0   7   1   0   1   1  1.01 0.53
  194 E    2 -1  0  0 -6  2  4 -4 -1 -6 -5  2 -5 -6 -4  1  0 -7 -5 -4   16   3   3   4   0  10  35   0   1   0   1  11   0   0   0  11   4   0   0   0  0.78 0.45
  195 L   -1  1 -2 -4 -4  0 -1 -5 -3  2  4 -2  2 -1 -5 -3 -2  0 -2  0    5  10   2   0   0   4   3   0   0  14  41   1   5   2   0   1   2   1   1   6  0.54 0.32
  196 P   -2 -5 -5 -1 -7 -4 -1 -6 -3 -4 -4 -2 -4 -5  7  0 -2 -8 -7 -2    3   0   0   3   0   0   4   0   1   1   1   2   0   0  70   6   3   0   0   3  2.05 0.81
  197 Y    1 -4 -1  1  0 -2  0  2  3 -5 -4 -2 -3  2 -3  0 -3  1  5 -3   11   0   3   7   3   1   6  16   7   0   0   2   0   7   1   6   1   2  26   1  0.56 0.34
  198 Y   -4 -7 -4 -8 -2 -6 -6 -4  1 -4 -4 -7 -3  5 -8 -5 -4  5  8 -2    1   0   1   0   1   0   0   1   3   1   1   0   0  25   0   0   1   9  52   3  2.13 0.81
  199 E    0  0  0  2 -5  2  4 -2  0 -2 -4  3 -3 -3 -3 -1 -2 -2 -3 -3    6   5   4  14   0  11  26   2   2   2   1  17   0   1   1   4   2   1   0   1  0.57 0.31
  200 E   -1  0  0  1 -7  1  5 -5 -2 -4 -4  2 -4 -6 -3 -2  0 -3 -4 -4    4   4   4   8   0   5  52   0   0   1   1  11   0   0   1   3   5   0   0   1  1.04 0.52
  201 A    3 -3 -3 -4  2 -3 -1 -3 -2  3  0 -3  0 -3 -2 -1  1 -4 -1  2   29   1   0   1   5   1   3   1   1  18   7   1   2   0   1   3   7   0   2  17  0.43 0.28
  202 N   -3 -2  7 -1 -3 -3 -3 -3  4 -5 -5 -3 -4 -6 -4 -1 -1 -1 -3 -3    2   2  65   2   1   1   1   2  11   0   1   1   0   0   1   3   3   1   1   2  1.75 0.73
  203 G    1  1 -1  0 -3  3  1  2 -1 -3 -3  1 -2 -4 -2 -1 -1  0 -4 -1   16   6   3   5   0  14  10  16   1   0   2  11   1   0   1   3   2   2   0   6  0.29 0.21
  204 K    0  1  1 -1 -5  1  3 -2 -2 -2 -4  3 -2 -4  2  0 -1 -5 -3 -1    6   7   7   3   0   5  21   3   1   2   0  21   1   0  10   5   3   0   1   4  0.43 0.24
  205 G   -1 -2 -3 -4 -3 -5 -4  6 -3 -5 -5 -4 -6 -6  0 -2 -3 -7 -6 -6    5   3   1   1   1   0   1  77   1   1   1   0   0   0   6   2   1   0   0   0  1.74 0.62
  206 A    3 -3 -1 -3  0 -1 -2 -1 -2  1  2 -3  2 -2 -3 -1 -1 -2 -3  1   31   1   3   1   2   2   1   4   1   9  20   1   7   1   0   3   2   0   0  12  0.34 0.24
  207 A    1 -1  1  2 -4  2  3 -2 -2 -2 -2  3 -1 -3 -3 -1 -1 -5 -2 -2   13   1   6  13   0   8  19   2   0   2   3  20   1   1   0   3   3   0   2   2  0.40 0.24
  208 Q    1 -1 -1  0 -4  3  3 -1 -1  0  0  1  2 -2 -3 -1 -1 -4 -3 -1   12   2   2   5   0  15  19   4   1   8   8  10   6   1   0   2   2   0   1   3  0.28 0.20
  209 F   -3 -5 -5 -6 -3 -5 -5 -5  1  1  3 -5  2  6 -2 -4 -4  1  2 -2    1   0   0   0   1   0   0   1   3   8  30   0   5  41   2   1   0   2   5   1  1.11 0.44
  210 V    1  1 -2 -2 -1  0  0  1  0  1 -2  3  0 -3 -3 -1  0 -1 -1  0   13   6   1   1   1   2   5  14   2  10   3  22   2   0   0   3   6   1   2   6  0.20 0.17
  211 E    1  0  2  2 -5  3  3  0 -2 -5 -5  2 -4 -5 -3  0 -1 -5 -3 -3   11   4   9  11   0  13  23   7   0   0   0  11   0   0   1   5   4   0   1   1  0.51 0.28
  212 L   -1 -1 -5 -6 -4 -4 -5 -4 -4  2  3 -2  4  4 -5 -3 -2  5  1  0    6   3   0   0   0   0   0   1   0  13  27   2  12  17   0   1   1   9   3   5  0.67 0.32
  213 L   -1 -5 -5 -6 -4 -4 -5 -5 -3  3  3 -5  2  3 -5 -4 -3 -3  2  3    3   0   0   0   0   0   0   1   1  18  29   0   7  12   0   0   0   0   8  21  0.76 0.33
  214 R   -1  3  1 -2 -6  3  1 -2  1 -5 -4  4 -4 -4 -3 -1 -1 -5 -3 -5    4  17   6   1   0  13  10   2   3   0   1  36   0   1   1   2   2   0   1   0  0.78 0.37
  215 S    2 -2  1 -1 -4  1 -1 -1 -3 -4 -4  0 -1 -3 -3  5  0 -6 -4 -4   19   1   7   2   0   5   3   2   0   0   1   6   2   1   1  47   5   0   0   0  0.74 0.40
  216 K   -3  2  1 -3 -6  1 -1 -1 -3 -2 -5  6 -1 -3 -4 -3 -2 -6 -3 -3    0   9   6   0   0   5   2   4   0   2   0  66   1   1   0   0   1   0   1   1  1.21 0.48
  217 N   -2  0  5  0 -4  0 -1  0  1 -2 -4  3 -3 -4 -3  2 -1 -5 -4 -4    0   4  44   2   0   3   0   6   3   3   0  20   0   0   0  17   0   0   0   0  0.78 0.25
  218 F    0 -4 -3 -4 -3 -3 -4 -1 -2  0  0 -3 -1  6 -4 -1  0 -1  3 -2    9   0   0   0   0   0   0   5   0   4   6   0   0  55   0   6   5   0  11   0  0.72 0.17
  219 T    1  1 -1 -2 -2 -1 -1 -2 -2  0 -2  1 -1 -3 -2  1  4 -4 -3 -1    8   7   0   0   0   0   0   0   0   7   0  14   0   0   0   9  56   0   0   0  0.52 0.09
  220 I   -2 -3 -3 -4 -2 -3 -4 -4 -3  4  2 -3  1  1 -4  0 -1 -3 -1  2    0   0   0   0   0   0   0   0   0  64  18   0   0   7   0  11   0   0   0   0  0.48 0.07
  221 V    1 -3 -3 -4 -2 -2 -3 -3 -3  2  1 -3  0 -1 -3 -1 -1 -3 -2  4   18   0   0   0   0   0   0   0   0   0  11   0   0   0   0   0   0   0   0  71  0.46 0.05
  222 S    3 -1  0 -1 -1 -1 -1 -1 -1 -2 -3 -1 -2 -3 -1  4  1 -4 -2 -2   30   0   0   0   0   0   0   0   0   0   0   0   0   0   0  70   0   0   0   0  0.61 0.01

                      K         Lambda
Standard Ungapped    0.1827     0.3484
Standard Gapped      0.1100     0.3190
PSI Ungapped         0.1827     0.3484
PSI Gapped           0.1100     0.3190
