
Last position-specific scoring matrix computed, weighted observed percentages rounded down, information per position, and relative weight of gapless real matches to pseudocounts
           A  R  N  D  C  Q  E  G  H  I  L  K  M  F  P  S  T  W  Y  V   A   R   N   D   C   Q   E   G   H   I   L   K   M   F   P   S   T   W   Y   V
    1 M   -2 -2 -3 -4 -2 -1 -3 -4 -3  2  3 -2  6  0 -3 -2 -1 -2 -2  1    0   0   0   0   0   0   0   0   0  15  19   0  66   0   0   0   0   0   0   0  0.59 0.03
    2 L   -2 -3 -4 -5 -2 -2 -4 -4 -3  2  3 -3  3  3 -4 -3 -2 -2  0  1    0   0   0   0   0   0   0   0   0  15  56   0  13  16   0   0   0   0   0   0  0.52 0.02
    3 K   -1  1 -1 -1 -4  2  1  1 -1 -4 -3  4 -2 -4  2 -1 -1 -4 -3 -3    0   0   0   0   0  11   9  11   0   0   0  56   0   0  13   0   0   0   0   0  0.65 0.04
    4 Y   -3 -2 -2 -3 -4  1 -2 -4  4 -2  0 -2 -1  2 -4 -2 -2  1  6 -2    0   0   0   0   0   8   0   0  18   0  11   0   0   0   0   0   0   0  64   0  0.96 0.08
    5 F    0 -2 -3 -3 -3  1 -2 -3 -2  0  2 -2  0  4 -3 -1 -2 -1  2 -1    8   0   0   0   0  11   0   0   0   0  32   0   0  35   0   6   0   0   7   0  0.39 0.06
    6 E    0 -1  0  3 -4  1  3 -2  2 -4 -4  1 -3 -4  1  2 -1 -4 -3 -3    7   0   0  17   0   5  32   0   6   0   0   6   0   0   8  18   0   0   0   0  0.54 0.06
    7 E   -1 -1  1  1 -4  2  4  0  3 -4 -4  1 -2 -3 -2  1 -1 -3  0 -3    0   0   4   5   0  12  42   5   9   0   0   5   0   0   0  11   0   0   4   0  0.57 0.07
    8 R    0  4 -1  2 -4  2  0 -2 -1 -3 -3  2 -2 -4 -2  1  1 -4 -3 -3    4  40   0  14   0   8   0   0   0   0   0  15   0   0   0  10   9   0   0   0  0.59 0.09
    9 D   -2 -2  2  5 -5  0  3  0 -1 -5 -5 -1 -4 -4 -3  0 -1 -5 -4 -4    0   0   9  55   0   0  23   7   0   0   0   0   0   0   0   6   0   0   0   0  0.94 0.08
   10 E   -1  0  0  3 -4  1  3 -2 -1 -3 -2  2 -1  0 -1  1 -1 -4 -1 -3    4   4   3  24   0   3  23   0   0   0   2  15   3   5   2  10   1   0   1   0  0.40 0.05
   11 D   -1 -1  0  4 -4  1  4  0  1 -3 -3 -1  0 -3 -2  0 -1 -4 -3 -3    0   0   1  33   0   4  34   6   5   0   1   0   5   0   0   8   0   0   0   1  0.61 0.08
   12 F   -1 -3 -2 -3  2 -2 -3 -3  0  2  1 -2  1  1 -2  1  0 -3  0  2    2   0   1   0   7   0   0   0   3  23  10   0   2   9   1  18   5   0   3  17  0.19 0.05
   13 D   -1 -1  0  4 -4  0  5 -3 -1 -4 -4 -1 -3 -4 -1  0  1 -5 -4 -3    3   1   0  29   0   0  51   0   0   0   0   0   0   0   1   2  12   0   0   0  0.86 0.12
   14 V   -2 -3 -4 -5 -1 -2 -4 -5 -2  2  3 -3  4  0 -4 -3 -2 -3 -1  2    1   0   0   0   1   0   0   0   1  16  38   0  25   2   0   0   0   0   1  15  0.58 0.11
   15 R   -3  7 -2 -2 -5  1 -1 -4 -1 -4 -4  2 -3 -4 -3 -2 -2 -4 -3 -4    0  88   0   2   0   2   0   0   0   0   0   7   0   0   0   0   0   0   0   0  1.48 0.21
   16 L   -2 -3 -4 -5 -3 -3 -4 -5 -4  2  4 -3  4  1 -4 -3 -2 -3 -2  1    0   0   0   0   0   0   0   0   0   6  64   0  15   6   0   0   0   0   0   8  0.72 0.12
   17 L   -3 -4 -5 -5 -3 -3 -4 -5 -4  2  5 -4  2 -1 -4 -3 -2 -3 -2  1    0   0   0   0   0   0   0   0   0  10  83   0   2   0   0   0   0   0   0   5  0.89 0.15
   18 I   -2 -4 -4 -5 -2 -3 -4 -5 -4  4  1 -4  1 -2 -4 -3 -1 -4 -3  4    0   0   0   0   0   0   0   0   0  36   3   0   2   0   0   0   0   0   0  58  0.82 0.15
   19 H   -2 -2  0 -2 -5  0 -1 -3  8 -5 -4 -2 -3 -3  3  0 -2 -4  0 -4    2   0   2   0   0   2   0   0  73   0   0   0   0   0  15   6   0   0   0   0  1.52 0.23
   20 Q    1  3  1 -2 -4  5  0 -3  3 -3 -3  0 -2 -4 -2  0  0 -4 -2 -3   13  21   5   0   0  42   2   0   9   0   1   0   0   0   0   2   5   0   1   0  0.64 0.13
   21 S    0  1  1 -1 -1  0  0  0 -2 -3 -3 -1 -3 -4 -2  5  1 -4 -3 -3    0  10   4   0   1   2   5   4   0   0   2   0   0   0   0  68   4   0   0   0  0.68 0.15
   22 L   -2  0 -1 -2 -3  4  0 -3  5  0  1  1  0 -2 -2 -1 -2 -3 -1 -1    1   2   0   1   0  38   1   1  22   5  17   5   3   0   1   1   1   0   0   2  0.51 0.11
   23 A    3 -2 -2 -3  4 -2 -2 -1 -2  0 -1 -2  1 -2 -1  0 -1 -3 -2  1   51   1   1   1  15   1   1   1   0   5   1   1   6   1   1   1   1   0   1  11  0.38 0.09
   24 G   -1 -3 -1 -2 -4 -2 -3  6  3 -4 -4 -2 -4 -1 -3 -1 -3 -4 -2 -4    0   0   0   0   0   0   0  81  10   0   0   0   0   4   0   0   0   0   0   0  1.26 0.16
   25 C    2 -2 -2 -3  7 -2 -2  0 -3 -2 -2 -2 -2 -2 -2  2  0 -4 -3 -2   19   2   0   0  38   0   0   7   0   2   0   0   0   2   0  23   5   0   0   0  0.61 0.12
   26 V   -1 -3 -3 -4 -2 -3 -3 -4 -3  4  2 -3  1 -1 -3 -2 -1 -3 -2  3    1   1   0   1   0   0   1   1   0  35  20   1   0   0   1   1   1   0   0  37  0.52 0.09
   27 I   -2 -3 -4 -4 -2 -3 -3 -4 -4  6  1 -3  0 -1 -3 -3 -1 -3 -2  2    1   1   0   1   0   0   1   1   0  81   1   1   0   0   1   1   1   0   0  10  0.83 0.15
   28 G   -1 -3  2 -2 -5 -3 -3  6 -3 -6 -5 -3 -4 -5 -4 -1 -3 -5 -5 -5    0   0  10   0   0   0   0  90   0   0   0   0   0   0   0   0   0   0   0   0  1.57 0.19
   29 K   -2  5 -1 -3 -4  0 -1 -3 -1 -1 -2  4  0 -1 -3 -2 -2 -4 -3 -1    0  41   0   0   0   0   0   0   0   5   0  44   4   3   0   0   0   0   0   3  0.81 0.15
   30 G    1 -1 -1 -2 -3  1 -1  4  3 -3 -3  1 -2 -4 -3  0 -1 -4 -2 -1   17   0   1   0   0   8   1  44  10   0   0   9   0   0   0   4   0   0   0   5  0.54 0.09
   31 G    0 -2 -2 -3 -4 -3 -3  6 -3 -3 -4  0 -3 -4 -3 -1 -2 -4 -4  0    3   0   0   0   0   0   0  77   0   0   0   9   0   0   0   0   0   0   0  10  1.12 0.16
   32 Q    1 -2 -1  0  1 -1  0 -1 -2 -1  1 -1 -1  1 -2  3  1 -3  0 -1    9   0   1   4   5   2   8   2   0   0  16   1   0   6   0  36   4   0   4   2  0.20 0.07
   33 K   -2  5  0 -2 -5  0 -1 -3 -1 -3 -3  5 -2 -4 -3 -1 -1 -5 -3 -3    0  37   2   0   0   0   0   0   0   2   0  56   0   0   0   0   3   0   0   0  1.04 0.17
   34 I   -2 -4 -4 -5 -2 -4 -4 -5 -4  5  2 -4  1 -1 -4 -3 -1 -3 -2  3    0   0   0   0   0   0   0   0   0  73  15   0   0   0   0   0   0   0   0  12  0.74 0.11
   35 K   -2  3  1  1 -4  0  0 -3 -1 -4 -3  5 -2 -4 -2 -1  0 -5 -3 -3    0  16   4  11   0   0   0   0   0   0   0  64   0   0   0   0   4   0   0   0  0.80 0.11
   36 E   -2  0 -1  2 -5  2  5 -1  1 -4 -4  2 -3 -4 -2 -1 -2 -4 -3 -3    0   0   0  12   0   8  57   3   5   0   0  16   0   0   0   0   0   0   0   0  0.82 0.10
   37 I   -2 -3 -4 -5 -2 -3 -4 -5 -4  3  4 -3  3  0 -4 -3 -2 -3 -2  1    0   0   0   0   0   0   0   0   0  33  56   0   7   0   0   0   0   0   0   4  0.65 0.09
   38 R   -2  5  2 -2 -4  2 -1 -3 -1 -4 -3  2 -2 -4 -3  0 -1 -4 -3 -3    0  65  11   0   0   9   0   0   0   0   0  10   0   0   0   5   0   0   0   0  0.94 0.11
   39 D   -1 -1  0  3 -4  2  5 -3 -1 -4 -4  1 -3 -4 -2  0  0 -4 -3 -3    3   0   3  17   0   7  58   0   0   0   0   5   0   0   0   3   3   0   0   0  0.83 0.10
   40 R    0  1  1  0 -4  3  1 -2 -1 -1 -1  3 -2 -3 -2  1  0 -4 -3 -1    4   4   5   5   0  18   8   1   0   3   4  29   0   0   0  13   3   0   0   3  0.38 0.12
   41 I   -1 -3  0 -3  1 -2 -2 -3  1  0 -1 -2 -2 -3 -3  3  5 -4  0 -2    0   0   2   0   4   0   0   0   4   7   4   0   0   0   0  24  51   0   4   0  0.68 0.21
   42 G   -1 -1  0 -1 -5  1 -1  5 -1 -5 -5  0 -2 -5 -4 -1 -2 -5 -4 -4    0   2   5   1   0   7   4  68   2   0   0   6   1   0   0   4   0   0   0   0  1.07 0.21
   43 C    4 -3 -3 -4  3 -2 -3 -2 -3 -1  1 -2  2 -2 -2  0  1 -4 -3  0   50   0   0   0   7   0   0   1   0   0  17   0   7   0   0   2   9   0   0   6  0.48 0.17
   44 R   -1  3  2  0 -4  3 -1 -2  5 -4 -4  2 -2 -4 -3  1 -1 -4 -2 -3    2  24  10   3   0  15   0   2  20   0   0  11   0   0   0   9   3   0   0   0  0.59 0.14
   45 F    1 -1 -1 -1 -1  0  0 -1 -1  0  0 -1  1  1  0  0  0 -1  0  0   19   3   3   3   1   3   4   4   1   7   7   3   5   9   3   4   7   1   4   9  0.03 0.01
   46 L   -2 -4 -4 -5 -2 -3 -4 -5 -4  4  3 -4  1 -1 -4 -3 -1 -3 -2  2    0   0   0   0   0   0   0   0   0  47  31   0   2   0   0   0   3   0   0  16  0.73 0.15
   47 K   -2  1  0 -2 -4  3  0 -3 -1 -4 -2  5 -2 -4 -2 -1 -1 -4 -3 -3    0   4   4   0   0  13   4   0   0   0   3  67   0   0   0   0   2   0   0   0  0.95 0.20
   48 V    0 -4 -4 -5 -2 -3 -4 -5 -4  3  2 -4  1 -2 -4 -3 -1 -4 -3  4    6   0   0   0   0   0   0   0   0  18  18   0   4   0   0   0   0   0   0  54  0.71 0.16
   49 F    1 -3 -3 -3 -3 -2 -3  1  1 -2 -1 -1 -2  4 -3  0 -2 -1  5 -2   13   0   0   0   0   1   0  15   3   0   2   5   0  29   0   6   0   0  26   0  0.56 0.14
   50 S    0  0 -1  0 -3  3 -1  3 -2 -4 -4  0 -2 -4 -1  3  1 -4 -3 -2    3   2   0   3   0  19   0  22   0   0   0   4   0   0   1  37   6   0   0   2  0.52 0.14
   51 N   -2  0  3  4 -4  1  3 -2  0 -3 -3  0  0 -4 -3  0  0 -5 -3 -2    0   3  16  27   0   7  24   1   2   0   1   2   4   0   0   4   4   0   0   3  0.56 0.12
   52 V   -2 -4 -4 -5  7 -3 -4 -5 -4  1  1 -4  5 -1  0 -3 -1 -1 -3  0    1   0   0   0  38   0   0   0   0   6   9   0  28   1   5   0   4   1   0   6  0.89 0.20
   53 A    2 -4 -3 -4  7 -3 -4  1 -4 -2  1 -3  0 -3 -1 -2 -2 -4 -4 -2   22   0   0   0  36   0   0  15   0   0  22   0   2   0   3   0   0   0   0   0  0.69 0.17
   54 P   -1 -3 -3 -3 -4 -2 -2 -3 -3 -3 -3 -2 -3 -4  7 -2 -2 -4 -4 -3    4   1   1   1   0   1   1   1   0   1   1   1   0   1  83   1   1   0   0   1  2.30 0.25
   55 Q   -1  1  3  0 -1  4  0  1  2 -3 -2  0  0 -2 -2  0 -1 -3  0 -2    3   6  16   3   2  33   1  12   5   1   3   3   3   1   1   3   1   0   3   1  0.39 0.10
   56 S    0 -2 -1 -2 -2 -1 -1 -2 -2 -3 -3 -1 -2 -3 -2  6  0 -4 -3 -3    1   1   1   1   0   1   1   1   0   1   1   1   0   1   1  86   1   0   0   1  1.10 0.22
   57 T   -1 -2 -1 -2 -2 -2 -2 -2 -2 -2 -2 -2  0 -3 -2  1  6 -3 -3 -1    1   1   1   1   0   1   1   1   0   1   1   1   2   1   1   9  76   0   0   1  1.01 0.20
   58 D   -2 -2  0  5 -4  0  4 -2 -1 -4 -4 -1 -3 -4 -2 -1 -2 -4 -3 -3    1   1   1  43   0   1  44   1   0   1   1   1   0   1   1   1   1   0   0   1  1.04 0.17
   59 R   -3  7 -2 -3 -6  0 -2 -4 -2 -5 -4  3 -3 -5 -4 -2 -3 -5 -4 -4    0  85   0   0   0   0   0   0   0   0   0  15   0   0   0   0   0   0   0   0  1.72 0.29
   60 V    0 -2 -4 -4 -2 -3 -3 -3 -4  3  1 -3  0 -2 -4 -2 -1 -4 -3  4    8   2   0   0   0   0   1   2   0  25   6   0   0   0   0   0   3   0   0  54  0.62 0.16
   61 V    0 -4 -4 -5  1 -3 -4 -5 -4  3  2 -4  0 -2 -4 -3 -1 -4 -3  4    6   0   0   0   3   0   0   0   0  16  19   0   0   0   0   0   0   0   0  56  0.70 0.16
   62 Q   -1  0 -1  2 -4  5  1 -3 -1 -2 -1  0  0 -2 -3  0  2 -4 -3 -3    5   3   0  11   0  37   6   1   1   2   5   5   3   1   0   6  15   0   0   0  0.55 0.22
   63 T   -2 -4 -3 -5  4 -4 -5 -5 -5  4  2 -4  1  0 -4 -3 -1 -4 -3  3    0   0   1   0  11   0   0   0   0  38  18   0   3   2   0   1   3   0   0  21  0.73 0.22
   64 V    0 -2  1 -2  1 -1 -2  0 -2  1  1 -1  1 -2 -3  2  1 -4 -1  1    4   0   7   0   3   3   0   7   0  11  13   3   3   1   0  21   9   0   2  12  0.15 0.10
   65 G    0 -5 -3 -4  4 -4 -5  6 -5 -6 -6 -4 -5 -6 -5 -3 -4 -6 -6 -5    5   0   0   0  11   0   0  83   0   0   0   0   0   0   0   0   0   0   0   0  1.90 0.41
   66 K    0  0  0  1 -3  0  1 -2 -2 -2 -3  2 -2 -4 -3  3  2 -5 -3 -2    7   2   2   7   0   2  11   1   0   1   2  19   1   0   0  29  12   0   1   2  0.42 0.17
   67 Q    1 -1 -3 -2 -4  1  0 -3 -3 -2 -3  1 -1 -5  6 -1 -2 -5 -4  0   12   2   0   2   0   6   5   1   0   2   1  12   1   0  44   2   2   0   0   7  1.00 0.25
   68 S    1 -1  1  4 -4  0  3 -2  0 -4 -4  0 -4 -5 -1  1 -1 -5 -4 -4   14   2   6  28   0   1  26   1   2   0   0   5   0   0   3  11   3   0   0   0  0.63 0.20
   69 Q    1  0  1 -1 -3  2  1 -2 -1 -1 -2  2 -2 -3 -2  1  0 -4 -3  1   16   4   9   1   0  12  12   1   1   2   3  13   0   0   0   8   5   0   0  12  0.25 0.11
   70 V   -1 -4 -5 -5  4 -4 -5 -5 -5  4  1 -4 -1 -2 -4 -3 -1 -4 -3  4    6   0   0   0  14   0   0   0   0  35  12   0   0   0   0   0   2   0   0  32  0.84 0.25
   71 I    0 -1 -3 -4 -3 -1 -3 -3 -1  3  2 -3  0 -2 -3 -1  1 -4 -3  3    9   3   0   0   0   3   0   1   2  24  20   0   1   0   0   4   7   0   0  25  0.38 0.15
   72 E    0 -1  1  3 -2  2  3 -1 -2 -2 -2  1 -2 -4 -3  0  0 -5 -4 -2    8   1   8  17   1   9  26   4   0   2   5   7   0   0   0   6   4   0   0   1  0.42 0.14
   73 A    3 -4 -4 -5  8 -4 -4 -1 -4 -2 -4 -4 -3 -4 -4  1  0 -5 -2 -3   28   0   0   0  49   0   0   3   0   2   0   0   0   0   0  12   5   0   1   0  1.39 0.36
   74 V   -1 -3 -4 -4 -1 -3 -3 -4 -4  4  2 -3  2 -1 -3 -3 -1 -3 -2  3    2   1   1   1   1   0   1   1   0  38  18   1   4   2   1   1   2   0   0  25  0.62 0.18
   75 R   -2  3  1 -2 -4  1  1  0  0 -2 -2  3 -2 -1 -2 -1 -1  0  1 -2    1  24   8   1   0   4   9   6   2   3   2  21   0   2   1   3   3   1   8   3  0.34 0.12
   76 E    0  0  0  0 -3  2  3 -2  3 -1 -1  0 -2 -3 -2  0  0 -3 -2 -1    6   3   2   4   0  12  31   2   9   5   6   4   0   0   1   5   4   0   0   4  0.36 0.13
   77 V   -2 -4 -4 -4 -1 -3 -4 -4 -4  6  1 -4  1 -2 -4 -3 -2 -4 -3  3    1   1   1   1   1   0   1   1   0  64   6   1   2   0   1   1   1   0   0  18  1.02 0.27
   78 I    0 -2 -2 -3  2  1 -2 -3  2  1  0  0  2  1 -3 -2  0  4  2  0    8   0   0   0   7   7   0   1   7   8   8   8   7   7   0   1   8   7   7   8  0.20 0.16
   79 T    1 -2  1  2  3  0  3 -2  1 -3 -2  0 -2 -1 -3  0  1 -4 -3 -1   11   0   7  13   8   2  25   1   3   0   3   7   0   3   0   3   9   0   0   6  0.30 0.17
   80 L   -1 -4 -4 -4 -3 -3 -1 -5 -4  3  3 -3  3 -1 -4 -3  0 -4 -1  2    3   0   0   0   0   0   5   0   0  18  41   0  10   0   0   0   6   0   2  14  0.58 0.26
   81 T    0 -3 -4 -4  3 -3 -3 -4 -4  3  2 -1  2 -1 -4  0 -1 -4 -3  1    8   0   0   0   7   0   0   0   0  26  29   4   7   2   0   7   2   0   0   8  0.40 0.20
   82 R    0  2 -1 -1 -3  2  2 -2 -1 -1  0  3  0 -3 -2  1  0 -4 -3 -1    7  10   2   0   0  11  15   2   0   3   9  21   2   0   0  10   3   0   0   4  0.29 0.15
   83 D   -1 -1  0  2 -4  2  3  0 -1 -3 -3  1 -1 -4 -1  0  1 -4 -3 -2    2   0   4  13   0  13  29   7   0   0   1   7   1   0   3   6  10   0   0   4  0.45 0.19
   84 T    2 -2  1 -2  0 -2 -2 -2 -2  1 -1 -2  0 -1 -2  2  3 -4 -3  0   23   0   6   0   2   0   0   1   0   9   3   0   3   2   0  23  19   0   0   7  0.35 0.20
   85 P   -1 -3 -3 -3  0  0  0 -4 -3 -4 -4 -3 -4 -2  7 -1 -1 -5 -4 -2    3   0   0   0   2   4   5   1   0   0   1   0   0   2  71   3   3   0   0   3  1.89 0.48
   86 I   -1 -1 -4 -4 -3 -3 -3 -4 -3  4  0 -3 -1 -2  4 -2 -1 -4  0  2    5   5   0   0   0   0   0   1   0  36   6   0   0   0  28   1   2   0   3  12  0.73 0.28
   87 K   -1  3 -2 -3 -5 -1 -2 -2 -3 -2 -4  6 -4 -5 -4  0 -3 -6 -4 -2    5  17   0   0   0   0   0   3   0   3   0  65   0   0   0   6   0   0   0   2  1.22 0.43
   88 G    0 -5 -3 -4 -5 -4 -2  6 -5 -5 -1 -4 -4 -5 -5 -3 -4 -6 -6 -5    5   0   0   0   0   0   3  83   0   0   9   0   0   0   0   0   0   0   0   0  1.74 0.48
   89 A    1 -1 -1 -3 -3 -1 -1 -1 -1  0 -1 -2 -1 -1  5  0 -1 -4 -2  0   14   4   3   0   0   2   3   5   1   7   6   0   1   2  31   7   3   0   1   7  0.51 0.18
   90 I   -1  1  2 -1 -3 -1 -1 -4 -3  3 -1 -1  0 -3 -3  0  2 -4 -3  2    5   9  13   2   0   2   3   0   0  23   0   3   1   0   0   4  14   0   0  22  0.32 0.20
   91 H   -2  0  2  0 -4  3  1 -4  3  2 -1  1  0 -3 -3 -1 -1 -4 -3  0    1   4  14   4   0  21   8   0   9  21   3   6   2   0   0   2   1   0   0   3  0.41 0.22
   92 N   -1 -3  3  0 -4  0 -1 -3  0 -3 -1 -2 -1 -2  6  0 -2 -5 -4 -3    3   0  19   5   0   4   3   0   2   1   8   0   1   2  41   8   0   0   0   0  0.96 0.30
   93 Y   -5 -5 -5 -7 -6 -5 -6 -7  3 -4 -4 -5 -4  2 -6 -5 -5 -1  9 -5    0   0   0   0   0   0   0   0   6   0   0   0   0   5   0   0   0   0  89   0  2.81 0.70
   94 D   -4  1  2  6 -6 -2  1 -4 -1 -5 -4  1 -5 -6 -4 -2 -2 -7 -5 -5    0  10  10  62   0   0   5   0   1   0   2   9   0   0   0   0   2   0   0   0  1.32 0.39
   95 P    2 -4 -4 -4 -5  1 -3 -4 -4 -5 -5 -3 -4 -6  7  0 -2 -6 -5 -4   17   0   0   0   0   7   0   0   0   0   0   0   0   0  69   6   2   0   0   0  2.05 0.50
   96 M    0  0  1  0 -3  1  0  0  2  0 -1  0  1  1 -3  0  0 -3  1  0    6   6   6   6   0   6   6   6   6   6   6   6   6   6   0   6   6   0   6   6  0.06 0.09
   97 N    0 -3  6  0  2  1 -2 -3  1 -4 -4 -2  0  1 -4  1 -2 -4  2 -4    7   0  48   4   5   5   0   0   3   0   0   0   4   7   0  10   0   0   7   0  0.82 0.33
   98 F    0 -3 -3 -4  2  0 -3 -4  2 -2  0 -3 -2  4 -4  1 -2  2  4 -1    7   0   0   0   6   5   0   0   5   0   7   0   0  25   0  16   0   3  19   4  0.59 0.26
   99 D   -3 -4  2  6  3 -3 -1 -4 -3 -5 -2 -3 -4 -5  0  1 -3 -6 -5 -5    0   0  10  59   7   0   0   0   0   0   5   0   0   0   6  14   0   0   0   0  1.23 0.40
  100 R   -2  1 -2  0 -4  1  4 -4  0 -3 -1  1 -1 -4  2 -1 -1 -5 -4  0    0   8   0   5   0   6  37   0   2   0   6   8   2   0  11   4   4   0   0   8  0.51 0.21
  101 V    1 -3 -2  1 -3 -1 -1 -1 -2  1 -1 -2  1  3 -1  1  1 -2  2  1   11   0   0   9   0   1   3   3   0   7   2   0   5  15   2   9   9   0   9  13  0.17 0.13
  102 Y   -2 -4  0  1 -4 -1 -3 -5  0  0  1 -3  3  4 -4 -3 -3 -1  5  0    3   0   4  11   0   3   0   0   2   6  10   0   9  21   0   0   0   0  26   5  0.60 0.25
  103 A    4 -3 -3 -3  3 -2 -3 -2 -3  1  0 -2 -2 -3 -1  1 -1 -4  0  0   52   0   0   0   7   0   0   1   0   8   8   0   0   0   3  10   2   0   3   4  0.55 0.25
  104 D   -1 -1  2  1  0  0 -1  0  1 -2  1 -2  0 -2  2  0 -1 -3  0 -1    5   2  16  11   3   3   3   6   4   1  19   1   3   0  12   4   1   0   3   4  0.19 0.11
  105 E   -2 -1  1  4 -5  1  3  0  1 -4 -5 -2 -4 -5 -3  0  2 -5 -4 -2    0   3   6  28   0   6  26   7   3   0   0   0   0   0   0   7  13   0   0   2  0.67 0.27
  106 Y   -5 -5 -5 -6 -6  1 -5 -7 -1 -4  0 -5 -4  0 -6 -5 -5 -1  8 -4    0   0   0   0   0   7   0   0   0   0   8   0   0   0   0   0   0   0  84   0  2.41 0.63
  107 G   -2 -5 -3  1 -5 -4 -4  6 -5 -6 -6 -4 -5 -6 -5 -2  1 -6 -6 -5    0   0   0   9   0   0   0  80   0   0   0   0   0   0   0   0  10   0   0   0  1.74 0.44
  108 G   -2  1 -3 -4 -5 -3 -4  6 -4 -6 -6 -3 -5 -6 -5 -2  1 -6 -5 -5    0  11   0   0   0   0   0  77   0   0   0   0   0   0   0   0  13   0   0   0  1.58 0.37
  109 Y   -4 -4 -4 -6 -5 -4 -5 -6  4 -1 -3 -5 -3  5 -6 -4 -4  7  6 -4    0   0   0   0   0   0   0   0  13   4   0   0   0  30   0   0   0  19  35   0  1.72 0.39
  110 G    1 -3 -2 -3 -3 -2 -3  3 -3  2  0 -2 -1 -3 -1  2  1 -4 -3 -1   13   0   0   0   0   0   0  26   0  22   9   0   0   0   3  19   8   0   0   0  0.33 0.13
  111 T    0 -2  0  0  0 -1  0 -2 -2 -1 -1 -2 -2 -3  1  2  4 -4 -3  0    5   0   3   6   2   0   6   0   0   4   3   0   0   0   5  17  43   0   0   7  0.43 0.12
  112 G    0  0  0  0 -4 -2 -2  4 -3 -4 -4 -2 -3 -4  3  1 -1 -5 -4 -4    5   6   3   6   0   0   0  46   0   0   0   0   0   0  19  15   0   0   0   0  0.79 0.12
  113 S    0  1 -1  0 -3  0  2 -1 -2 -2 -2 -1  3 -3 -2  3  0 -4 -3 -2    4   9   0   4   0   0  19   4   0   0   0   0  16   0   0  41   3   0   0   0  0.40 0.10
  114 G   -1  1  2  2 -3 -1 -1  3 -1 -4 -4 -1 -3 -2 -3  1  0 -3  1 -3    0   8  13  12   0   0   0  36   0   0   0   0   0   0   0  16   6   0   8   0  0.48 0.08
  115 S    1 -2  1  0 -2 -1 -1  0  1 -2  0 -1 -1 -1 -2  3  0 -3  2 -2    9   0   9   6   0   0   0   5   4   0  13   0   0   0   0  45   0   0  10   0  0.32 0.09
  116 T   -1  1  2 -1 -3  2 -1  0 -1  1 -2  0 -1 -3 -2  0  4 -4 -3 -1    0   7  11   0   0  15   0   6   0  12   0   5   0   0   0   0  42   0   0   0  0.37 0.08
  117 R    2  4 -1  2 -3  0 -1 -2 -1 -3 -3  0 -2 -3  4 -1 -1 -4 -3 -2   23  37   0  14   0   0   0   1   0   0   1   0   0   0  21   1   0   0   0   0  0.61 0.07
  118 P    1 -2 -2 -3 -2 -1 -2  1 -2  0  2 -2  3 -1  3 -1 -1 -3 -2 -1   16   1   0   1   0   0   1  16   0   1  25   1  20   0  17   1   1   0   0   1  0.31 0.04
  119 S    0 -1  3 -1 -2 -1 -1 -1 -1 -3 -3 -1 -2 -3 -1  4  2 -3 -2 -2    1   1  15   1   0   0   1   1   0   1   1   1   0   0   1  69   7   0   0   1  0.63 0.07
  120 Q   -1  0 -1 -2 -3  4  0 -3 -1 -1  0  2  5 -2 -2 -1 -1 -2 -2 -1    1   1   0   1   0  40   1   1   0   1   1  16  35   0   1   1   1   0   0   1  0.52 0.08
  121 R    1  3  0 -1 -2  2  0 -1  4 -2 -2  0 -1 -2 -1  0 -1 -2 -1 -1   23  20   1   1   1  17   2   2  18   1   2   2   1   1   1   2   2   0   1   2  0.30 0.03
  122 G   -1 -1  3  3 -4 -1 -1  4 -2 -4 -4  1 -3 -4 -3 -1 -1 -4 -4 -4    0   0  17  22   0   0   0  44   0   0   0  17   0   0   0   0   0   0   0   0  0.68 0.05
  123 N   -2 -2  5  0 -3 -1 -2  2  0 -2 -2 -1  2 -1 -3 -1 -1 -2  3 -2    0   0  47   0   0   0   0  22   0   0   0   0  15   0   0   0   0   0  17   0  0.51 0.06
  124 N   -2 -2  4 -1 -3 -2 -2 -3 -2  2 -1 -2 -1  1  3 -1 -1 -3 -1  2    0   0  34   0   0   0   0   0   0  17   0   0   0  12  15   0   0   0   0  22  0.35 0.04
  125 R   -1  3 -2 -3 -2 -1 -2 -4 -2  1  2  0  1 -1 -3 -2 -1 -3 -2  2    0  36   0   0   0   0   0   0   0   0  40   0   0   0   0   0   0   0   0  25  0.36 0.03
  126 N   -2 -1  6  1 -3  0 -1 -1  0 -3 -3 -1 -2 -4 -3  0  2 -4 -3 -3    0   0  79   0   0   0   0   0   0   0   0   0   0   0   0   0  21   0   0   0  0.92 0.05
  127 G   -1 -2  3 -1 -3 -1 -2  4 -2 -3 -4 -1 -3 -4 -3  0  2 -4 -3 -3    0   0  25   0   0   0   0  54   0   0   0   0   0   0   0   0  21   0   0   0  0.73 0.03
  128 G   -1  4 -1 -2 -4  0 -1  4 -1 -4 -4  3 -3 -4 -2 -1 -2 -4 -3 -3    0  36   0   0   0   0   0  40   0   0   0  25   0   0   0   0   0   0   0   0  0.69 0.03
  129 G    1 -2  2 -1 -2 -1 -2  4 -2 -3 -3 -1 -2 -3 -2  0  2 -4 -3 -2   18   0  15   0   0   0   0  46   0   0   0   0   0   0   0   0  21   0   0   0  0.57 0.02
  130 A    3 -2 -2 -3 -2 -2 -2 -1 -2 -2 -2 -2 -1  3  3  0 -1 -2  0 -1   60   0   0   0   0   0   0   0   0   0   0   0   0  21  18   0   0   0   0   0  0.54 0.03
  131 G    0 -3 -2 -2 -3 -2 -3  4 -3 -1 -2 -2 -2 -3  3 -1 -2 -4 -4  1    0   0   0   0   0   0   0  57   0   0   0   0   0   0  18   0   0   0   0  25  0.73 0.03
  132 G    0 -2 -1 -1 -3 -1  1  5 -2 -4 -4 -1 -3 -4 -2  1 -1 -4 -4 -3    0   0   0   0   0   0  15  67   0   0   0   0   0   0   0  18   0   0   0   0  0.85 0.03
  133 V    0 -2  2  3 -2 -1 -1 -2 -2  0  0 -1  3 -2 -2 -1 -1 -3 -3  1   10   0  18  27   0   0   0   0   0   0   0   0  24   0   0   0   0   0   0  20  0.27 0.02
  134 A    4 -2 -1 -2 -1 -1 -1 -1 -2 -1 -2 -1 -1 -2 -1  2  0 -3 -2  1   62   0   0   0   0   0   0   0   0   0   0   0   0   0   0  24   0   0   0  14  0.42 0.01
  135 G    0 -2  0 -1 -3 -2 -2  5 -2 -4 -4 -1 -3 -4 -2  2  0 -4 -3 -3    0   0   0   0   0   0   0  66   0   0   0   0   0   0   0  34   0   0   0   0  0.86 0.01
  136 G    0 -3 -1 -2 -4 -2 -3  6 -3 -5 -4 -2 -4 -4 -3 -1 -2 -4 -4 -4    0   0   0   0   0   0   0 100   0   0   0   0   0   0   0   0   0   0   0   0  1.35 0.01
  137 A    4 -1  3 -1 -1 -1 -1  0 -1 -2 -2 -1 -2 -3 -1  1  0 -4 -2 -1   76   0  24   0   0   0   0   0   0   0   0   0   0   0   0   0   0   0   0   0  0.49 0.01
  138 A    4 -2 -1 -2 -1 -1 -1 -1 -2 -1 -2 -1 -1 -3 -1  1  3 -3 -2  0   66   0   0   0   0   0   0   0   0   0   0   0   0   0   0   0  34   0   0   0  0.50 0.01
  139 G    0 -3 -1 -2 -4 -2 -3  6 -3 -5 -4 -2 -4 -4 -3 -1 -2 -4 -4 -4    0   0   0   0   0   0   0 100   0   0   0   0   0   0   0   0   0   0   0   0  1.35 0.01
  140 G    0 -3 -1 -2  6 -3 -3  5 -3 -3 -3 -3 -3 -3 -3 -1 -2 -4 -4 -3    0   0   0   0  34   0   0  66   0   0   0   0   0   0   0   0   0   0   0   0  0.93 0.01
  141 N   -2 -1  6  1 -3  0 -1 -1  0 -4 -4  0 -3 -4 -3  0  0 -4 -3 -3    0   0 100   0   0   0   0   0   0   0   0   0   0   0   0   0   0   0   0   0  1.07 0.01
  142 G    0 -3 -1 -2 -4 -2 -3  6 -3 -5 -4 -2 -4 -4 -3 -1 -2 -4 -4 -4    0   0   0   0   0   0   0 100   0   0   0   0   0   0   0   0   0   0   0   0  1.34 0.00
  143 G    0 -3 -1 -2 -4 -2 -3  6 -3 -5 -4 -2 -4 -4 -3 -1 -2 -4 -4 -4    0   0   0   0   0   0   0 100   0   0   0   0   0   0   0   0   0   0   0   0  1.34 0.00
  144 G    0 -3 -1 -2 -4 -2 -3  6 -3 -5 -4 -2 -4 -4 -3 -1 -2 -4 -4 -4    0   0   0   0   0   0   0 100   0   0   0   0   0   0   0   0   0   0   0   0  1.33 0.00
  145 F   -3 -4 -4 -4 -3 -4 -4 -4 -2  0  0 -4  0  6 -4 -3 -2  0  3 -1    0   0   0   0   0   0   0   0   0   0   0   0   0 100   0   0   0   0   0   0  0.95 0.00
  146 N   -2 -1  6  1 -3  0 -1 -1  0 -4 -4  0 -3 -4 -3  0  0 -4 -3 -3    0   0 100   0   0   0   0   0   0   0   0   0   0   0   0   0   0   0   0   0  1.05 0.00
  147 A    4 -2 -2 -2 -1 -1 -1  0 -2 -2 -2 -1 -1 -3 -1  1  0 -3 -2  0  100   0   0   0   0   0   0   0   0   0   0   0   0   0   0   0   0   0   0   0  0.60 0.00
  148 G    0 -3 -1 -2 -4 -2 -3  6 -3 -5 -4 -2 -4 -4 -3 -1 -2 -4 -4 -4    0   0   0   0   0   0   0 100   0   0   0   0   0   0   0   0   0   0   0   0  1.33 0.00
  149 G    0 -3 -1 -2 -4 -2 -3  6 -3 -5 -4 -2 -4 -4 -3 -1 -2 -4 -4 -4    0   0   0   0   0   0   0 100   0   0   0   0   0   0   0   0   0   0   0   0  1.33 0.00
  150 A    4 -2 -2 -2 -1 -1 -1  0 -2 -2 -2 -1 -1 -3 -1  1  0 -3 -2  0  100   0   0   0   0   0   0   0   0   0   0   0   0   0   0   0   0   0   0   0  0.60 0.00
  151 R   -2  6 -1 -2 -4  1 -1 -3  0 -3 -3  2 -2 -4 -2 -1 -1 -3 -2 -3    0 100   0   0   0   0   0   0   0   0   0   0   0   0   0   0   0   0   0   0  1.07 0.00
  152 G    0 -3 -1 -2 -4 -2 -3  6 -3 -5 -4 -2 -4 -4 -3 -1 -2 -4 -4 -4    0   0   0   0   0   0   0 100   0   0   0   0   0   0   0   0   0   0   0   0  1.33 0.00
  153 N   -2 -1  6  1 -3  0 -1 -1  0 -4 -4  0 -3 -4 -3  0  0 -4 -3 -3    0   0 100   0   0   0   0   0   0   0   0   0   0   0   0   0   0   0   0   0  1.05 0.00
  154 A    4 -2 -2 -2 -1 -1 -1  0 -2 -2 -2 -1 -1 -3 -1  1  0 -3 -2  0  100   0   0   0   0   0   0   0   0   0   0   0   0   0   0   0   0   0   0   0  0.60 0.00
  155 G    0 -3 -1 -2 -4 -2 -3  6 -3 -5 -4 -2 -4 -4 -3 -1 -2 -4 -4 -4    0   0   0   0   0   0   0 100   0   0   0   0   0   0   0   0   0   0   0   0  1.33 0.00
  156 G    0 -3 -1 -2 -4 -2 -3  6 -3 -5 -4 -2 -4 -4 -3 -1 -2 -4 -4 -4    0   0   0   0   0   0   0 100   0   0   0   0   0   0   0   0   0   0   0   0  1.33 0.00
  157 R   -2  6 -1 -2 -4  1 -1 -3  0 -3 -3  2 -2 -4 -2 -1 -1 -3 -2 -3    0 100   0   0   0   0   0   0   0   0   0   0   0   0   0   0   0   0   0   0  1.07 0.00
  158 G    0 -3 -1 -2 -4 -2 -3  6 -3 -5 -4 -2 -4 -4 -3 -1 -2 -4 -4 -4    0   0   0   0   0   0   0 100   0   0   0   0   0   0   0   0   0   0   0   0  1.33 0.00
  159 G    0 -3 -1 -2 -4 -2 -3  6 -3 -5 -4 -2 -4 -4 -3 -1 -2 -4 -4 -4    0   0   0   0   0   0   0 100   0   0   0   0   0   0   0   0   0   0   0   0  1.33 0.00
  160 A    4 -2 -2 -2 -1 -1 -1  0 -2 -2 -2 -1 -1 -3 -1  1  0 -3 -2  0  100   0   0   0   0   0   0   0   0   0   0   0   0   0   0   0   0   0   0   0  0.60 0.00
  161 D   -2 -2  1  6 -4 -1  1 -2 -1 -4 -5 -1 -4 -4 -2 -1 -1 -5 -4 -4    0   0   0 100   0   0   0   0   0   0   0   0   0   0   0   0   0   0   0   0  1.30 0.00
  162 R   -2  6 -1 -2 -4  1 -1 -3  0 -3 -3  2 -2 -4 -2 -1 -1 -3 -2 -3    0 100   0   0   0   0   0   0   0   0   0   0   0   0   0   0   0   0   0   0  1.07 0.00
  163 F   -3 -4 -4 -4 -3 -4 -4 -4 -2  0  0 -4  0  6 -4 -3 -2  0  3 -1    0   0   0   0   0   0   0   0   0   0   0   0   0 100   0   0   0   0   0   0  0.95 0.00
  164 G    0 -3 -1 -2 -4 -2 -3  6 -3 -5 -4 -2 -4 -4 -3 -1 -2 -4 -4 -4    0   0   0   0   0   0   0 100   0   0   0   0   0   0   0   0   0   0   0   0  1.33 0.00
  165 G    0 -3 -1 -2 -4 -2 -3  6 -3 -5 -4 -2 -4 -4 -3 -1 -2 -4 -4 -4    0   0   0   0   0   0   0 100   0   0   0   0   0   0   0   0   0   0   0   0  1.33 0.00
  166 A    4 -2 -2 -2 -1 -1 -1  0 -2 -2 -2 -1 -1 -3 -1  1  0 -3 -2  0  100   0   0   0   0   0   0   0   0   0   0   0   0   0   0   0   0   0   0   0  0.60 0.00
  167 A    4 -2 -2 -2 -1 -1 -1  0 -2 -2 -2 -1 -1 -3 -1  1  0 -3 -2  0  100   0   0   0   0   0   0   0   0   0   0   0   0   0   0   0   0   0   0   0  0.60 0.00
  168 G    0 -3 -1 -2 -4 -2 -3  6 -3 -5 -4 -2 -4 -4 -3 -1 -2 -4 -4 -4    0   0   0   0   0   0   0 100   0   0   0   0   0   0   0   0   0   0   0   0  1.33 0.00
  169 G    0 -2 -1  0 -4  0  3  5 -2 -4 -4 -1 -3 -4 -2 -1 -2 -4 -4 -3    0   0   0   0   0   0  34  66   0   0   0   0   0   0   0   0   0   0   0   0  0.85 0.00
  170 A    4 -2 -2 -2 -1 -1 -1  0 -2 -2 -2 -1 -1 -3 -1  1  0 -3 -2  0  100   0   0   0   0   0   0   0   0   0   0   0   0   0   0   0   0   0   0   0  0.60 0.00
  171 V    0 -3 -3 -4 -1 -3 -3 -4 -4  3  1 -3  1 -1 -3 -2  0 -3 -2  4    0   0   0   0   0   0   0   0   0   0   0   0   0   0   0   0   0   0   0 100  0.51 0.00
  172 A    4 -2 -2 -2 -1 -1 -1  0 -2 -2 -2 -1 -1 -3 -1  1  0 -3 -2  0  100   0   0   0   0   0   0   0   0   0   0   0   0   0   0   0   0   0   0   0  0.60 0.00
  173 G    0 -3 -1 -2 -4 -2 -3  6 -3 -5 -4 -2 -4 -4 -3 -1 -2 -4 -4 -4    0   0   0   0   0   0   0 100   0   0   0   0   0   0   0   0   0   0   0   0  1.33 0.00
  174 A    4 -2 -2 -2 -1 -1 -1  0 -2 -2 -2 -1 -1 -3 -1  1  0 -3 -2  0  100   0   0   0   0   0   0   0   0   0   0   0   0   0   0   0   0   0   0   0  0.60 0.00
  175 G    0 -3 -1 -2 -4 -2 -3  6 -3 -5 -4 -2 -4 -4 -3 -1 -2 -4 -4 -4    0   0   0   0   0   0   0 100   0   0   0   0   0   0   0   0   0   0   0   0  1.33 0.00
  176 M   -1 -2 -3 -4 -2  0 -2 -4 -2  1  2 -2  6  0 -3 -2 -1 -2 -2  1    0   0   0   0   0   0   0   0   0   0   0   0 100   0   0   0   0   0   0   0  0.56 0.00
  177 G    0 -3 -1 -2 -4 -2 -3  6 -3 -5 -4 -2 -4 -4 -3 -1 -2 -4 -4 -4    0   0   0   0   0   0   0 100   0   0   0   0   0   0   0   0   0   0   0   0  1.33 0.00
  178 Q   -1  1  0 -1 -3  6  2 -2  1 -3 -3  1  0 -4 -2  0 -1 -3 -2 -3    0   0   0   0   0 100   0   0   0   0   0   0   0   0   0   0   0   0   0   0  0.99 0.00
  179 R   -2  6 -1 -2 -4  1 -1 -3  0 -3 -3  2 -2 -4 -2 -1 -1 -3 -2 -3    0 100   0   0   0   0   0   0   0   0   0   0   0   0   0   0   0   0   0   0  1.07 0.00
  180 D   -2 -2  1  6 -4 -1  1 -2 -1 -4 -5 -1 -4 -4 -2 -1 -1 -5 -4 -4    0   0   0 100   0   0   0   0   0   0   0   0   0   0   0   0   0   0   0   0  1.30 0.00
  181 N   -2 -1  6  1 -3  0 -1 -1  0 -4 -4  0 -3 -4 -3  0  0 -4 -3 -3    0   0 100   0   0   0   0   0   0   0   0   0   0   0   0   0   0   0   0   0  1.05 0.00
  182 P   -1 -2 -3 -2 -4 -2 -2 -3 -2 -4 -3 -1 -3 -4  8 -1 -2 -5 -4 -3    0   0   0   0   0   0   0   0   0   0   0   0   0   0 100   0   0   0   0   0  2.64 0.00
  183 F   -2 -2  3 -1 -3 -2 -2 -2 -1 -1 -1 -2 -1  5 -3 -1 -1 -1  2 -2    0   0  34   0   0   0   0   0   0   0   0   0   0  66   0   0   0   0   0   0  0.57 0.00
  184 I   -2 -2 -2 -3 -2 -1 -2 -4  5  3  1 -2  0 -1 -3 -2 -1 -3  0  2    0   0   0   0   0   0   0   0  34  66   0   0   0   0   0   0   0   0   0   0  0.38 0.00
  185 N   -2  0  5  1 -3  4  0 -1  0 -4 -3  0 -2 -4 -2  0  0 -4 -3 -3    0   0  66   0   0  34   0   0   0   0   0   0   0   0   0   0   0   0   0   0  0.80 0.00
  186 P   -1 -2 -3 -2 -4 -2 -2 -3 -2 -4 -3 -1 -3 -4  8 -1 -2 -5 -4 -3    0   0   0   0   0   0   0   0   0   0   0   0   0   0 100   0   0   0   0   0  2.64 0.00
  187 W   -3 -3 -4 -5 -3 -3 -4 -4 -3 -3 -2 -4 -2  0 -5 -4 -4 11  2 -3    0   0   0   0   0   0   0   0   0   0   0   0   0   0   0   0   0 100   0   0  2.58 0.00
  188 A    4 -2 -2 -2 -1 -1 -1  0 -2 -2 -2 -1 -1 -3 -1  1  0 -3 -2  0  100   0   0   0   0   0   0   0   0   0   0   0   0   0   0   0   0   0   0   0  0.60 0.00
  189 N   -2 -1  6  1 -3  0 -1 -1  0 -4 -4  0 -3 -4 -3  0  0 -4 -3 -3    0   0 100   0   0   0   0   0   0   0   0   0   0   0   0   0   0   0   0   0  1.05 0.00
  190 G    0 -3 -1 -2 -4 -2 -3  6 -3 -5 -4 -2 -4 -4 -3 -1 -2 -4 -4 -4    0   0   0   0   0   0   0 100   0   0   0   0   0   0   0   0   0   0   0   0  1.33 0.00
  191 G    0 -3 -1 -2 -4 -2 -3  6 -3 -5 -4 -2 -4 -4 -3 -1 -2 -4 -4 -4    0   0   0   0   0   0   0 100   0   0   0   0   0   0   0   0   0   0   0   0  1.33 0.00
  192 G    0 -3 -1 -2 -4 -2 -3  6 -3 -5 -4 -2 -4 -4 -3 -1 -2 -4 -4 -4    0   0   0   0   0   0   0 100   0   0   0   0   0   0   0   0   0   0   0   0  1.33 0.00
  193 G    0 -3 -1 -2 -4 -2 -3  6 -3 -5 -4 -2 -4 -4 -3 -1 -2 -4 -4 -4    0   0   0   0   0   0   0 100   0   0   0   0   0   0   0   0   0   0   0   0  1.33 0.00
  194 D   -2 -2  1  6 -4 -1  1 -2 -1 -4 -5 -1 -4 -4 -2 -1 -1 -5 -4 -4    0   0   0 100   0   0   0   0   0   0   0   0   0   0   0   0   0   0   0   0  1.30 0.00
  195 V    0 -3 -3 -4 -1 -3 -3 -4 -4  3  1 -3  1 -1 -3 -2  0 -3 -2  4    0   0   0   0   0   0   0   0   0   0   0   0   0   0   0   0   0   0   0 100  0.51 0.00
  196 D   -2 -2  1  6 -4 -1  1 -2 -1 -4 -5 -1 -4 -4 -2 -1 -1 -5 -4 -4    0   0   0 100   0   0   0   0   0   0   0   0   0   0   0   0   0   0   0   0  1.30 0.00
  197 G    0 -3 -1 -2 -4 -2 -3  6 -3 -5 -4 -2 -4 -4 -3 -1 -2 -4 -4 -4    0   0   0   0   0   0   0 100   0   0   0   0   0   0   0   0   0   0   0   0  1.33 0.00
  198 F   -3 -4 -4 -4 -3 -4 -4 -4 -2  0  0 -4  0  6 -4 -3 -2  0  3 -1    0   0   0   0   0   0   0   0   0   0   0   0   0 100   0   0   0   0   0   0  0.95 0.00
  199 G    0 -3 -1 -2 -4 -2 -3  6 -3 -5 -4 -2 -4 -4 -3 -1 -2 -4 -4 -4    0   0   0   0   0   0   0 100   0   0   0   0   0   0   0   0   0   0   0   0  1.33 0.00
  200 N   -2 -1  6  1 -3  0 -1 -1  0 -4 -4  0 -3 -4 -3  0  0 -4 -3 -3    0   0 100   0   0   0   0   0   0   0   0   0   0   0   0   0   0   0   0   0  1.05 0.00
  201 N   -2 -1  6  1 -3  0 -1 -1  0 -4 -4  0 -3 -4 -3  0  0 -4 -3 -3    0   0 100   0   0   0   0   0   0   0   0   0   0   0   0   0   0   0   0   0  1.05 0.00
  202 A    4 -2 -2 -2 -1 -1 -1  0 -2 -2 -2 -1 -1 -3 -1  1  0 -3 -2  0  100   0   0   0   0   0   0   0   0   0   0   0   0   0   0   0   0   0   0   0  0.60 0.00
  203 G    0 -3 -1 -2 -4 -2 -3  6 -3 -5 -4 -2 -4 -4 -3 -1 -2 -4 -4 -4    0   0   0   0   0   0   0 100   0   0   0   0   0   0   0   0   0   0   0   0  1.33 0.00
  204 G    0 -3 -1 -2 -4 -2 -3  6 -3 -5 -4 -2 -4 -4 -3 -1 -2 -4 -4 -4    0   0   0   0   0   0   0 100   0   0   0   0   0   0   0   0   0   0   0   0  1.33 0.00
  205 A    4 -2 -2 -2 -1 -1 -1  0 -2 -2 -2 -1 -1 -3 -1  1  0 -3 -2  0  100   0   0   0   0   0   0   0   0   0   0   0   0   0   0   0   0   0   0   0  0.60 0.00
  206 G    0 -3 -1 -2 -4 -2 -3  6 -3 -5 -4 -2 -4 -4 -3 -1 -2 -4 -4 -4    0   0   0   0   0   0   0 100   0   0   0   0   0   0   0   0   0   0   0   0  1.33 0.00
  207 G    0 -3 -1 -2 -4 -2 -3  6 -3 -5 -4 -2 -4 -4 -3 -1 -2 -4 -4 -4    0   0   0   0   0   0   0 100   0   0   0   0   0   0   0   0   0   0   0   0  1.33 0.00
  208 F   -3 -4 -4 -4 -3 -4 -4 -4 -2  0  0 -4  0  6 -4 -3 -2  0  3 -1    0   0   0   0   0   0   0   0   0   0   0   0   0 100   0   0   0   0   0   0  0.95 0.00
  209 A    4 -2 -2 -2 -1 -1 -1  0 -2 -2 -2 -1 -1 -3 -1  1  0 -3 -2  0  100   0   0   0   0   0   0   0   0   0   0   0   0   0   0   0   0   0   0   0  0.60 0.00
  210 G    0 -3 -1 -2 -4 -2 -3  6 -3 -5 -4 -2 -4 -4 -3 -1 -2 -4 -4 -4    0   0   0   0   0   0   0 100   0   0   0   0   0   0   0   0   0   0   0   0  1.33 0.00
  211 N   -2 -1  6  1 -3  0 -1 -1  0 -4 -4  0 -3 -4 -3  0  0 -4 -3 -3    0   0 100   0   0   0   0   0   0   0   0   0   0   0   0   0   0   0   0   0  1.05 0.00
  212 S    1 -1  0 -1 -2  0  0 -1 -1 -3 -3 -1 -2 -3 -1  5  1 -4 -2 -2    0   0   0   0   0   0   0   0   0   0   0   0   0   0   0 100   0   0   0   0  0.72 0.00
  213 F   -3 -4 -4 -4 -3 -4 -4 -4 -2  0  0 -4  0  6 -4 -3 -2  0  3 -1    0   0   0   0   0   0   0   0   0   0   0   0   0 100   0   0   0   0   0   0  0.95 0.00
  214 G    0 -3 -1 -2 -4 -2 -3  6 -3 -5 -4 -2 -4 -4 -3 -1 -2 -4 -4 -4    0   0   0   0   0   0   0 100   0   0   0   0   0   0   0   0   0   0   0   0  1.33 0.00
  215 G    0 -3 -1 -2 -4 -2 -3  6 -3 -5 -4 -2 -4 -4 -3 -1 -2 -4 -4 -4    0   0   0   0   0   0   0 100   0   0   0   0   0   0   0   0   0   0   0   0  1.33 0.00
  216 G    0 -3 -1 -2 -4 -2 -3  6 -3 -5 -4 -2 -4 -4 -3 -1 -2 -4 -4 -4    0   0   0   0   0   0   0 100   0   0   0   0   0   0   0   0   0   0   0   0  1.33 0.00
  217 A    4 -2 -2 -2 -1 -1 -1  0 -2 -2 -2 -1 -1 -3 -1  1  0 -3 -2  0  100   0   0   0   0   0   0   0   0   0   0   0   0   0   0   0   0   0   0   0  0.60 0.00
  218 G    0 -3 -1 -2 -4 -2 -3  6 -3 -5 -4 -2 -4 -4 -3 -1 -2 -4 -4 -4    0   0   0   0   0   0   0 100   0   0   0   0   0   0   0   0   0   0   0   0  1.33 0.00
  219 G    0 -3 -1 -2 -4 -2 -3  6 -3 -5 -4 -2 -4 -4 -3 -1 -2 -4 -4 -4    0   0   0   0   0   0   0 100   0   0   0   0   0   0   0   0   0   0   0   0  1.33 0.00
  220 P   -1 -2 -3 -2 -4 -2 -2 -3 -2 -4 -3 -1 -3 -4  8 -1 -2 -5 -4 -3    0   0   0   0   0   0   0   0   0   0   0   0   0   0 100   0   0   0   0   0  2.64 0.00
  221 F   -3 -4 -4 -4 -3 -4 -4 -4 -2  0  0 -4  0  6 -4 -3 -2  0  3 -1    0   0   0   0   0   0   0   0   0   0   0   0   0 100   0   0   0   0   0   0  0.95 0.00
  222 G    0 -3 -1 -2 -4 -2 -3  6 -3 -5 -4 -2 -4 -4 -3 -1 -2 -4 -4 -4    0   0   0   0   0   0   0 100   0   0   0   0   0   0   0   0   0   0   0   0  1.33 0.00
  223 G    0 -3 -1 -2 -4 -2 -3  6 -3 -5 -4 -2 -4 -4 -3 -1 -2 -4 -4 -4    0   0   0   0   0   0   0 100   0   0   0   0   0   0   0   0   0   0   0   0  1.33 0.00
  224 G    0 -3 -1 -2 -4 -2 -3  6 -3 -5 -4 -2 -4 -4 -3 -1 -2 -4 -4 -4    0   0   0   0   0   0   0 100   0   0   0   0   0   0   0   0   0   0   0   0  1.33 0.00
  225 S    1 -1  0 -1 -2  0  0 -1 -1 -3 -3 -1 -2 -3 -1  5  1 -4 -2 -2    0   0   0   0   0   0   0   0   0   0   0   0   0   0   0 100   0   0   0   0  0.72 0.00
  226 F   -3 -4 -4 -4 -3 -4 -4 -4 -2  0  0 -4  0  6 -4 -3 -2  0  3 -1    0   0   0   0   0   0   0   0   0   0   0   0   0 100   0   0   0   0   0   0  0.95 0.00
  227 G    0 -3 -1 -2 -4 -2 -3  6 -3 -5 -4 -2 -4 -4 -3 -1 -2 -4 -4 -4    0   0   0   0   0   0   0 100   0   0   0   0   0   0   0   0   0   0   0   0  1.33 0.00
  228 N   -2 -1  6  1 -3  0 -1 -1  0 -4 -4  0 -3 -4 -3  0  0 -4 -3 -3    0   0 100   0   0   0   0   0   0   0   0   0   0   0   0   0   0   0   0   0  1.05 0.00
  229 N   -2 -1  6  1 -3  0 -1 -1  0 -4 -4  0 -3 -4 -3  0  0 -4 -3 -3    0   0 100   0   0   0   0   0   0   0   0   0   0   0   0   0   0   0   0   0  1.05 0.00
  230 G    0 -3 -1 -2 -4 -2 -3  6 -3 -5 -4 -2 -4 -4 -3 -1 -2 -4 -4 -4    0   0   0   0   0   0   0 100   0   0   0   0   0   0   0   0   0   0   0   0  1.33 0.00
  231 F   -3 -4 -4 -4 -3 -4 -4 -4 -2  0  0 -4  0  6 -4 -3 -2  0  3 -1    0   0   0   0   0   0   0   0   0   0   0   0   0 100   0   0   0   0   0   0  0.95 0.00
  232 G    0 -3 -1 -2 -4 -2 -3  6 -3 -5 -4 -2 -4 -4 -3 -1 -2 -4 -4 -4    0   0   0   0   0   0   0 100   0   0   0   0   0   0   0   0   0   0   0   0  1.33 0.00
  233 G    0 -3 -1 -2 -4 -2 -3  6 -3 -5 -4 -2 -4 -4 -3 -1 -2 -4 -4 -4    0   0   0   0   0   0   0 100   0   0   0   0   0   0   0   0   0   0   0   0  1.33 0.00
  234 G    0 -3 -1 -2 -4 -2 -3  6 -3 -5 -4 -2 -4 -4 -3 -1 -2 -4 -4 -4    0   0   0   0   0   0   0 100   0   0   0   0   0   0   0   0   0   0   0   0  1.33 0.00
  235 P   -1 -2 -3 -2 -4 -2 -2 -3 -2 -4 -3 -1 -3 -4  8 -1 -2 -5 -4 -3    0   0   0   0   0   0   0   0   0   0   0   0   0   0 100   0   0   0   0   0  2.64 0.00
  236 S    1 -1  0 -1 -2  0  0 -1 -1 -3 -3 -1 -2 -3 -1  5  1 -4 -2 -2    0   0   0   0   0   0   0   0   0   0   0   0   0   0   0 100   0   0   0   0  0.72 0.00
  237 D   -1 -2  0  4 -4 -1  0  4 -2 -5 -5 -2 -4 -4 -3 -1 -2 -5 -4 -4    0   0   0  50   0   0   0  50   0   0   0   0   0   0   0   0   0   0   0   0  0.90 0.00
  238 F   -3 -4 -4 -4 -3 -4 -4 -4 -2  0  0 -4  0  6 -4 -3 -2  0  3 -1    0   0   0   0   0   0   0   0   0   0   0   0   0 100   0   0   0   0   0   0  0.95 0.00
  239 G    0 -3 -1 -2 -4 -2 -3  6 -3 -5 -4 -2 -4 -4 -3 -1 -2 -4 -4 -4    0   0   0   0   0   0   0 100   0   0   0   0   0   0   0   0   0   0   0   0  1.33 0.00
  240 G    0 -3 -1 -2 -4 -2 -3  6 -3 -5 -4 -2 -4 -4 -3 -1 -2 -4 -4 -4    0   0   0   0   0   0   0 100   0   0   0   0   0   0   0   0   0   0   0   0  1.33 0.00
  241 N   -2 -1  6  1 -3  0 -1 -1  0 -4 -4  0 -3 -4 -3  0  0 -4 -3 -3    0   0 100   0   0   0   0   0   0   0   0   0   0   0   0   0   0   0   0   0  1.05 0.00
  242 S    1 -1  0 -1 -2  0  0 -1 -1 -3 -3 -1 -2 -3 -1  5  1 -4 -2 -2    0   0   0   0   0   0   0   0   0   0   0   0   0   0   0 100   0   0   0   0  0.72 0.00
  243 G    0 -3 -1 -2 -4 -2 -3  6 -3 -5 -4 -2 -4 -4 -3 -1 -2 -4 -4 -4    0   0   0   0   0   0   0 100   0   0   0   0   0   0   0   0   0   0   0   0  1.33 0.00
  244 N   -2 -1  6  1 -3  0 -1 -1  0 -4 -4  0 -3 -4 -3  0  0 -4 -3 -3    0   0 100   0   0   0   0   0   0   0   0   0   0   0   0   0   0   0   0   0  1.05 0.00
  245 F   -3 -4 -4 -4 -3 -4 -4 -4 -2  0  0 -4  0  6 -4 -3 -2  0  3 -1    0   0   0   0   0   0   0   0   0   0   0   0   0 100   0   0   0   0   0   0  0.95 0.00
  246 G    0 -3 -1 -2 -4 -2 -3  6 -3 -5 -4 -2 -4 -4 -3 -1 -2 -4 -4 -4    0   0   0   0   0   0   0 100   0   0   0   0   0   0   0   0   0   0   0   0  1.33 0.00
  247 Q   -1  1  0 -1 -3  6  2 -2  1 -3 -3  1  0 -4 -2  0 -1 -3 -2 -3    0   0   0   0   0 100   0   0   0   0   0   0   0   0   0   0   0   0   0   0  0.99 0.00
  248 A    4 -2 -2 -2 -1 -1 -1  0 -2 -2 -2 -1 -1 -3 -1  1  0 -3 -2  0  100   0   0   0   0   0   0   0   0   0   0   0   0   0   0   0   0   0   0   0  0.60 0.00
  249 Q   -1  1  0 -1 -3  6  2 -2  1 -3 -3  1  0 -4 -2  0 -1 -3 -2 -3    0   0   0   0   0 100   0   0   0   0   0   0   0   0   0   0   0   0   0   0  0.99 0.00
  250 G    0 -3 -1 -2 -4 -2 -3  6 -3 -5 -4 -2 -4 -4 -3 -1 -2 -4 -4 -4    0   0   0   0   0   0   0 100   0   0   0   0   0   0   0   0   0   0   0   0  1.33 0.00
  251 T    0 -1  0 -1 -1 -1 -1 -2 -2 -1 -2 -1 -1 -2 -2  1  5 -4 -2  0    0   0   0   0   0   0   0   0   0   0   0   0   0   0   0   0 100   0   0   0  0.73 0.00
  252 N   -2 -1  6  1 -3  0 -1 -1  0 -4 -4  0 -3 -4 -3  0  0 -4 -3 -3    0   0 100   0   0   0   0   0   0   0   0   0   0   0   0   0   0   0   0   0  1.05 0.00
  253 S    1 -1  0 -1 -2  0  0 -1 -1 -3 -3 -1 -2 -3 -1  5  1 -4 -2 -2    0   0   0   0   0   0   0   0   0   0   0   0   0   0   0 100   0   0   0   0  0.73 0.00
  254 L   -2 -3 -4 -5 -2 -3 -4 -4 -3  1  4 -3  2  0 -3 -3 -2 -2 -2  1    0   0   0   0   0   0   0   0   0   0 100   0   0   0   0   0   0   0   0   0  0.65 0.00
  255 P   -1 -2 -3 -2 -4 -2 -2 -3 -2 -4 -3 -1 -3 -4  8 -1 -2 -5 -4 -3    0   0   0   0   0   0   0   0   0   0   0   0   0   0 100   0   0   0   0   0  2.65 0.01
  256 S    1 -1  0 -1 -2  0  0 -1 -1 -3 -3 -1 -2 -3 -1  5  1 -4 -2 -2    0   0   0   0   0   0   0   0   0   0   0   0   0   0   0 100   0   0   0   0  0.73 0.00
  257 L   -1 -2 -2 -3 -2 -2 -2 -3 -3  1  3 -2  1 -1 -2  0  3 -3 -2  0    0   0   0   0   0   0   0   0   0   0  56   0   0   0   0   0  44   0   0   0  0.39 0.00
  258 G   -1 -3 -2 -3 -3 -3 -3  4 -2 -2 -1 -3 -2  4 -3 -1 -2 -1  1 -2    0   0   0   0   0   0   0  56   0   0   0   0   0  44   0   0   0   0   0   0  0.68 0.00
  259 S    1 -1  0 -1 -2  0  0 -1 -1 -3 -3 -1 -2 -3 -1  5  1 -4 -2 -2    0   0   0   0   0   0   0   0   0   0   0   0   0   0   0 100   0   0   0   0  0.73 0.00
  260 F   -2 -3 -4 -4 -2 -3 -4 -4 -2  1  3 -3  1  5 -4 -3 -2 -1  2  0    0   0   0   0   0   0   0   0   0   0  44   0   0  56   0   0   0   0   0   0  0.61 0.00
  261 S    1 -1  0 -1 -2  0  0 -1 -1 -3 -3 -1 -2 -3 -1  5  1 -4 -2 -2    0   0   0   0   0   0   0   0   0   0   0   0   0   0   0 100   0   0   0   0  0.73 0.00
  262 Q    0  0  0 -1 -2  5  1 -2  0 -3 -3  1 -1 -3 -2  3  0 -3 -2 -2    0   0   0   0   0  56   0   0   0   0   0   0   0   0   0  44   0   0   0   0  0.64 0.00
  263 N    0 -1  5  1 -2  0 -1 -1  0 -3 -3  0 -2 -3 -2  3  1 -4 -2 -3    0   0  56   0   0   0   0   0   0   0   0   0   0   0   0  44   0   0   0   0  0.70 0.00
  264 Q   -2  0 -1 -2 -3  5  1 -3  1 -3 -2  0 -1  1 -3 -1 -1  0  5 -2    0   0   0   0   0  56   0   0   0   0   0   0   0   0   0   0   0   0  44   0  0.69 0.00
  265 G    0 -3 -1 -2 -4 -2 -3  6 -3 -5 -4 -2 -4 -4 -3 -1 -2 -4 -4 -4    0   0   0   0   0   0   0 100   0   0   0   0   0   0   0   0   0   0   0   0  1.34 0.00
  266 G    3 -2 -1 -2 -2 -2 -2  4 -2 -3 -3 -2 -2 -3 -2  0 -1 -4 -3 -2   44   0   0   0   0   0   0  56   0   0   0   0   0   0   0   0   0   0   0   0  0.73 0.00
  267 T   -1  4  0 -2 -2  0 -1 -2 -1 -2 -2  1 -1 -3 -2  1  4 -4 -2 -1    0  44   0   0   0   0   0   0   0   0   0   0   0   0   0   0  56   0   0   0  0.58 0.00
  268 S    0  0  0 -1 -2  4  1 -1  0 -3 -3  0 -1 -3 -1  3  1 -3 -2 -2    0   0   0   0   0  44   0   0   0   0   0   0   0   0   0  56   0   0   0   0  0.61 0.00
  269 S    0 -1  0  0 -3  1  4 -1 -1 -3 -3  0 -2 -3 -1  3  1 -4 -3 -2    0   0   0   0   0   0  44   0   0   0   0   0   0   0   0  56   0   0   0   0  0.63 0.00
  270 L   -2 -3 -4 -5 -2 -3 -4 -4 -3  1  4 -3  2  0 -3 -3 -2 -2 -2  1    0   0   0   0   0   0   0   0   0   0 100   0   0   0   0   0   0   0   0   0  0.65 0.00
  271 P    0 -1 -1 -1 -2 -1 -1 -1 -1 -2 -2 -1 -1 -2  6  0 -1 -2 -2 -1    3   2   2   2   1   2   3   3   1   2   4   3   1   2  58   3   3   1   1   3  1.15 0.00
  272 S    1  0  0  0 -1  0  0  0 -1 -1 -1  0 -1 -1  0  3  1 -2 -1 -1    3   2   2   2   1   2   3   3   1   2   4   3   1   2   2  59   3   1   1   3  0.31 0.00
  273 L   -1 -1 -1 -2 -1 -1 -1 -2 -1  1  3 -1  1  0 -1 -1 -1 -1 -1  0    3   2   2   2   1   2   3   3   1   2  60   3   1   2   2   3   3   1   1   3  0.18 0.00
  274 G    0 -1  0 -1 -2 -1 -1  4 -1 -2 -2 -1 -2 -2 -1  0 -1 -2 -2 -2    3   2   2   2   1   2   3  59   1   2   4   3   1   2   2   3   3   1   1   3  0.50 0.00
  275 S    1  0  0  0 -1  0  0  0 -1 -1 -1  0 -1 -1  0  3  1 -2 -1 -1    3   2   2   2   1   2   3   3   1   2   4   3   1   2   2  59   3   1   1   3  0.31 0.00
  276 F   -1 -1 -1 -2 -2 -1 -1 -2 -1  0  0 -1  0  5 -1 -1 -1  0  2 -1    3   2   2   2   1   2   3   3   1   2   4   3   1  57   2   3   3   1   1   3  0.31 0.00
  277 G    0 -1  0 -1 -2 -1 -1  4 -1 -2 -2 -1 -2 -2 -1  0 -1 -2 -2 -2    3   2   2   2   1   2   3  59   1   2   4   3   1   2   2   3   3   1   1   3  0.50 0.00
  278 Q    0  1  0  0 -2  5  1 -1  0 -2 -1  1  0 -2  0  0  0 -1 -1 -1    3   2   2   2   1  58   3   3   1   2   4   3   1   2   2   3   3   1   1   3  0.42 0.00
  279 N   -2 -1  5  4 -4  0  0 -1  0 -4 -4 -1 -3 -4 -3  0 -1 -5 -3 -4    0   0  65  35   0   0   0   0   0   0   0   0   0   0   0   0   0   0   0   0  0.95 0.01
  280 P   -1 -3 -3 -3 -3 -2 -2 -3 -3 -1  2 -2  0 -2  7 -2 -2 -4 -3 -1    0   0   0   0   0   0   0   0   0   0  35   0   0   0  65   0   0   0   0   0  1.47 0.01
  281 G   -1 -3 -1 -2 -4 -3 -3  5 -3 -4 -4 -3 -3 -2 -3 -1 -2  7 -1 -4    0   0   0   0   0   0   0  73   0   0   0   0   0   0   0   0   0  27   0   0  1.22 0.01
  282 G    2 -2 -1 -1 -2 -1 -1  4 -2 -3 -3 -1 -2 -3 -2  3  0 -4 -3 -2   27   0   0   0   0   0   0  38   0   0   0   0   0   0   0  35   0   0   0   0  0.58 0.00
  283 P   -1 -2 -3 -2 -4 -2 -2 -3 -3 -4 -3 -2 -3 -4  8 -1 -2 -5 -4 -3    0   0   0   0   0   0   0   0   0   0   0   0   0   0 100   0   0   0   0   0  2.66 0.02
  284 G   -1 -2  3 -1 -4 -2 -2  5 -2 -5 -4 -1 -3 -4 -3  0 -1 -4 -4 -4    0   0  27   0   0   0   0  73   0   0   0   0   0   0   0   0   0   0   0   0  0.98 0.01
  285 G    0 -3 -1 -2 -3 -2 -3  5 -3 -1 -2 -2 -2 -3 -3 -1 -1 -4 -3  1    0   0   0   0   0   0   0  73   0   0   0   0   0   0   0   0   0   0   0  27  0.76 0.01
  286 L   -2 -2  3 -2 -2 -2 -2 -3 -2  1  3 -2  1  0 -3 -2 -1 -3 -2  0    0   0  27   0   0   0   0   0   0   0  73   0   0   0   0   0   0   0   0   0  0.40 0.01
  287 G    2 -2 -1 -2 -2 -2 -2  5 -2 -3 -3 -2 -3 -3 -2  0 -1 -4 -3 -2   35   0   0   0   0   0   0  65   0   0   0   0   0   0   0   0   0   0   0   0  0.84 0.01
  288 N   -1 -2  4  0 -4 -1 -2  5 -1 -4 -4 -1 -3 -4 -3  0 -1 -4 -4 -4    0   0  38   0   0   0   0  62   0   0   0   0   0   0   0   0   0   0   0   0  0.91 0.01
  289 G   -1 -1 -1 -2 -3  3 -1  3 -1  2 -1 -1  0 -2 -3 -1 -1 -3 -3  0    0   0   0   0   0  27   0  38   0  35   0   0   0   0   0   0   0   0   0   0  0.33 0.01
  290 L   -2  2 -3 -4 -2 -1 -2 -4 -2  1  3 -1  3  0 -3 -2 -1 -2 -2  0    0  25   0   0   0   0   0   0   0   0  54   0  22   0   0   0   0   0   0   0  0.41 0.01
  291 S    1 -1  0 -1 -2 -1 -1  2 -2 -3 -3 -1 -2 -3 -2  4  1 -4 -3 -2    0   0   0   0   0   0   0  22   0   0   0   0   0   0   0  78   0   0   0   0  0.66 0.02
  292 G    2 -2 -1 -2 -2 -2 -2  4 -2 -3 -3 -1 -2 -3 -2  0  2 -4 -3 -2   25   0   0   0   0   0   0  52   0   0   0   0   0   0   0   0  24   0   0   0  0.64 0.01
  293 G    0 -3 -1 -2 -4 -3 -3  6 -3 -5 -5 -2 -4 -4 -3 -1 -2 -4 -4 -4    0   0   0   0   0   0   0 100   0   0   0   0   0   0   0   0   0   0   0   0  1.38 0.02
  294 A    2 -2  3 -1 -2 -1 -1  3 -1 -3 -3 -1 -2 -3 -2  2  0 -4 -3 -2   30   0  22   0   0   0   0  25   0   0   0   0   0   0   0  24   0   0   0   0  0.47 0.01
  295 N   -2 -2  3 -1 -3 -2 -2 -3  1 -2 -2 -2 -2  4 -4 -1 -2  1  5 -2    0   0  30   0   0   0   0   0   0   0   0   0   0  22   0   0   0   0  48   0  0.68 0.02
  296 G    2 -3 -1 -2 -3 -2 -2  5 -3 -4 -4 -2 -3 -4 -2  0 -2 -4 -4 -3   22   0   0   0   0   0   0  78   0   0   0   0   0   0   0   0   0   0   0   0  1.01 0.02
  297 G    0 -2  0 -1 -3 -2 -2  5 -2 -4 -4 -1 -3 -4 -2  3  0 -4 -3 -3    0   0   0   0   0   0   0  61   0   0   0   0   0   0   0  39   0   0   0   0  0.84 0.02
  298 V   -1 -3 -3 -4 -2 -2 -3  1 -3  2  2 -3  3 -1 -3 -2 -1 -3 -2  2    0   0   0   0   0   0   0  14   0  19  31   0  18   0   0   0   0   0   0  19  0.32 0.02
  299 G   -1 -1  2 -1 -4 -1 -2  5 -2 -4 -4  2 -3 -4 -3 -1 -2 -4 -4 -4    0   0  14   0   0   0   0  67   0   0   0  19   0   0   0   0   0   0   0   0  0.86 0.03
  300 T    1 -2 -1 -2 -2 -1 -1  1 -2 -2 -2 -1 -1 -3 -2  2  4 -4 -3 -1   16   0   0   0   0   0   0  14   0   0   0   0   0   0   0  15  55   0   0   0  0.51 0.03
  301 L   -2 -3 -4 -5 -2 -2 -3 -4 -3  1  4 -3  3  0 -3 -3 -1 -2 -2  2    0   0   0   0   0   0   0   0   0   0  69   0  14   0   0   0   0   0   0  17  0.58 0.04
  302 G    1 -2 -1 -2 -3  1 -1  5 -2 -4 -4 -1 -3 -4 -2  0 -2 -4 -4 -3   17   0   0   0   0  13   0  70   0   0   0   0   0   0   0   0   0   0   0   0  0.90 0.04
  303 G   -1 -2  2 -1 -4 -2 -2  5 -2 -3 -2 -2  1 -3 -3 -1 -2 -4 -4 -3    0   0  13   0   0   0   0  75   0   0   0   0  12   0   0   0   0   0   0   0  0.93 0.05
  304 A    2 -3 -2 -3 -2 -2 -2  3 -3  2  0 -2  2 -2 -2 -1 -1 -3 -3  1   31   0   0   0   0   0   0  25   0  30   0   0  14   0   0   0   0   0   0   0  0.28 0.03
  305 N    2 -1  4  0 -2 -1 -1 -1 -1 -2 -2 -1 -2 -3  3  2  0 -3 -2 -2   27   1  34   1   0   1   1   1   0   1   1   1   0   1  14  16   1   0   0   1  0.47 0.02
  306 G    0 -2  2 -1 -2 -1 -1  4 -1 -2 -2 -1  1 -2 -2  1 -1 -3 -2 -2    1   1  14   1   0   1   1  44   0   1   2   1  13   1   1  16   1   0   1   1  0.42 0.02
  307 A    3 -2 -2 -2 -2 -1 -2  1 -1 -2 -1 -1  2 -1 -2  2  0 -2  2 -1   42   0   0   0   0   0   0  12   0   0   0   0  14   0   0  17   0   0  15   0  0.31 0.03
  308 G    2  2 -1 -2 -3 -1 -1  3 -2 -3 -3  0 -2 -3  3  1 -1 -4 -3 -2   27  17   0   0   0   0   0  30   0   0   0   0   0   0  13  13   0   0   0   0  0.50 0.02
  309 G    1 -3 -2 -2 -3 -2 -2  4 -3 -3 -2 -2  1 -3  4 -1 -2 -4 -4 -2   14   0   0   0   0   0   0  46   0   0   0   0  12   0  28   0   0   0   0   0  0.83 0.04
  310 F   -2 -2 -2 -3 -3 -2 -3  1  3 -1 -1 -2  2  4 -4 -2 -2  0  4 -2    0   0   0   0   0   0   0  12  15   0   0   0  14  33   0   0   0   0  26   0  0.52 0.04
  311 N    2 -2  4  0 -2 -1 -1  3 -1 -3 -3 -1 -2 -3 -2  2  0 -4 -3 -2   25   0  33   0   0   0   0  27   0   0   0   0   0   0   0  15   0   0   0   0  0.54 0.03
  312 A    3 -2 -1  2 -2 -1 -1 -1 -2  0 -2 -1 -1 -3  3  0 -1 -4 -3  0   57   0   0  17   0   0   0   0   0  13   0   0   0   0  13   0   0   0   0   0  0.43 0.03
  313 V   -1 -3 -3 -4 -2 -2 -3 -4 -2  3  0 -3  2  0  2 -2 -1 -2  2  3    0   0   0   0   0   0   0   0   0  25   0   0  14   0  13   0   0   0  15  33  0.39 0.03
  314 G    1 -2 -1 -2 -2 -2 -2  4 -2 -3 -3 -1 -2 -3  2  1  1 -4 -3 -2   17   0   0   0   0   0   0  43   0   0   0   0   0   0  12  13  15   0   0   0  0.61 0.03
  315 G    1  2  2 -1 -3 -1 -1  3 -1 -4 -3  0 -3 -4  3  1 -1 -4 -3 -3   12  17  14   0   0   0   0  29   0   0   0   0   0   0  13  15   0   0   0   0  0.48 0.02
  316 A    1 -2 -1 -2 -2 -1 -2  2  3 -1 -1 -2  3 -1 -2  1 -1 -2  2 -1   16   0   0   0   0   0   0  17  13   0   0   0  26   0   0  15   0   0  13   0  0.24 0.03
  317 N    1  2  3 -1 -2 -1 -1 -1 -1 -2  0  0 -1 -2 -2  2  0 -4 -2 -2   13  15  29   0   0   0   0   0   0   0  17   0   0   0   0  27   0   0   0   0  0.31 0.03
  318 G    0 -2 -1 -2 -2 -2 -2  3 -2 -2 -2 -2 -2  1 -2  1  3 -3 -1 -2    0   0   0   0   0   0   0  30   0   0   0   0   0  13   0  12  45   0   0   0  0.46 0.03
  319 G    0 -2 -1 -2 -2 -2 -2  3 -2  1  0 -2  3  1 -3  2  0 -2 -1 -1    0   0   0   0   0   0   0  26   0  13   0   0  22  11   0  27   0   0   0   0  0.25 0.03
  320 P   -1  3 -2 -2 -4 -1 -1  1 -2 -4 -3  0 -3 -4  6  0 -1 -4 -3 -3    0  27   0   0   0   0   0  13   0   0   0   0   0   0  50  10   0   0   0   0  1.17 0.04
  321 N    0 -1  3 -1 -2 -1 -1  1 -1  0 -2  1 -1 -3  2  0 -1 -3 -2 -1   12   1  26   1   0   1   1  14   0  12   1  16   0   0  12   1   1   0   0   1  0.27 0.02
  322 G    2 -3 -1 -2 -3 -2 -2  5 -3  0 -2 -2 -2 -3 -3  0 -1 -4 -3 -1   23   0   0   0   0   0   0  66   0  11   0   0   0   0   0   0   0   0   0   0  0.77 0.04
  323 S    1 -2  1 -2 -2  1 -1  1 -2 -1  0 -1  1 -2  2  2  0 -3 -3 -1   18   0   8   0   0   8   0  14   0   0  12   0   9   0   8  22   0   0   0   0  0.23 0.02
  324 P    1 -2 -1 -2 -3  1 -1  2 -2 -4 -3 -1 -3 -4  5  2 -1 -4 -3 -3    9   0   0   0   0   8   0  17   0   0   0   0   0   0  43  24   0   0   0   0  0.99 0.05
  325 N   -1 -1  3  0 -3  1  1  3 -1 -3 -1 -1 -2 -3 -2  0 -1 -3 -3 -3    0   0  26   0   0   6  13  36   0   0  10   0   0   0   0   6   0   0   0   0  0.43 0.03
  326 A    3 -2 -2 -2 -2 -1 -2  1 -2 -1  1 -2  1 -2  1  1  0 -3 -2 -1   42   0   0   0   0   0   0  10   0   0  20   0   7   0   7  15   0   0   0   0  0.30 0.04
  327 A    3 -2 -1 -2 -2 -1 -1 -1  2 -1 -1 -1  2 -2 -2  2  1 -3 -2  1   38   0   0   0   0   0   0   0  10   0   0   0  14   0   0  20   7   0   0  11  0.30 0.04
  328 T    1 -2 -1 -2 -2  0 -1 -2 -2  0  1 -1  0 -2 -2  1  4 -3 -2  0   11   0   0   0   0   3   0   0   0   0  20   0   0   0   0  13  43   0   0   7  0.34 0.06
  329 N    0 -1  4  0 -3 -1 -1  2 -1 -1 -2 -1 -2 -3  1  1  1 -3 -3  0    7   1  40   1   0   0   1  16   0   3   1   1   0   0   5   6   9   0   0   9  0.38 0.05
  330 V   -1  0  1 -2 -2 -1 -2 -3 -2  2  2 -2  3 -1 -2  0 -1 -2 -2  2    1   5  10   1   0   0   1   1   0   9  22   1  19   0   1   9   1   0   0  21  0.20 0.04
  331 P   -1 -1 -2 -2 -3  0  0 -3 -2  0 -1  1 -1 -3  6 -1  0 -4 -3 -2    0   0   0   0   0   5   7   0   0   8   8   9   0   0  53   0   6   0   0   0  1.11 0.08
  332 Q   -1  1 -1 -2 -3  2  0  0  1 -2 -2  0 -2  0  3  1  1 -2  1 -2    1   6   1   1   0  19   1   9   5   1   1   1   0   5  19  11   9   0   8   1  0.36 0.04
  333 G    1 -1  0 -2 -3 -1 -2  4  1 -3 -1 -1 -2 -2  0  0  0 -3  0 -2   18   4   6   0   0   0   0  42   4   0   6   0   0   0   4   4   5   0   5   0  0.39 0.04
  334 H   -1 -1  1  1 -3  2  0 -2  3  0  0 -1  3 -1 -2  0 -1 -2  1  0    4   1   8   8   0  14   3   1  15   8   3   1  18   0   1   5   1   0   5   5  0.19 0.05
  335 D   -1 -2  1  4 -3  0  2 -1 -1 -2 -2 -1 -2 -1  0  0 -1 -3 -2  0    3   0   8  34   0   3  16   4   0   0   3   0   0   5   3   8   0   0   0  11  0.37 0.06
  336 P    0 -3  1 -2 -4  0 -1 -1 -2 -4 -4 -2 -3 -4  7 -1  0 -5 -4 -3    6   0   8   2   0   5   2   4   0   0   1   0   0   0  63   3   6   0   0   0  1.52 0.20
  337 N   -1  0  4  0 -1  1  0 -2 -1  1 -1  0 -1 -3 -2  0  2 -4 -3 -1    1   3  31   2   1   5   5   1   0  11   4   6   1   0   1   6  18   0   0   3  0.34 0.12
  338 N   -1 -1  1  0 -3  2  1 -2 -1  1 -2  1 -2 -3 -3  1  4 -4 -3 -1    0   1   6   4   0  14   9   2   1  10   2   8   0   0   0   8  34   0   0   2  0.39 0.15
  339 S    0 -2 -2 -3 -3  0 -2 -3 -3 -2 -2 -2 -1 -4 -3  3  5 -5 -3  0    3   2   0   0   0   3   1   0   0   0   1   0   1   0   0  24  57   0   0   7  0.90 0.28
  340 T   -1 -1 -2 -3 -3  3 -2 -4  1  0 -2 -1 -2 -3 -3  0  4 -4 -2  2    3   2   0   0   0  15   0   0   4   4   1   1   0   0   0   3  43   0   1  22  0.62 0.24
  341 Q   -3  1 -1 -2 -3  6  4 -4  0 -5 -5  0 -3 -5 -4 -2 -2 -5 -4 -4    0   5   1   0   1  55  33   0   1   0   0   2   0   0   0   0   2   0   0   0  1.44 0.38
  342 V   -1 -4 -5 -5 -3 -3 -4 -5 -5  4  1 -4  3 -2 -4 -3 -2 -4 -3  5    3   0   0   0   0   1   0   0   0  24  11   0  11   1   0   0   0   0   0  49  0.92 0.27
  343 T   -1  0 -2 -3 -3 -2 -1 -4  0 -1  0 -2  1  0 -3  1  5 -4 -1  1    1   4   1   0   0   0   2   0   2   1   9   0   5   4   0  10  51   0   2   9  0.61 0.25
  344 I   -3 -5 -5 -6 -3 -5 -5 -6 -5  6  0 -5 -1  0 -5 -4 -3 -5 -3  4    0   0   0   0   0   0   0   0   0  64   2   0   0   4   0   0   0   0   0  30  1.32 0.35
  345 P   -3 -5 -2 -4 -6 -4 -4 -3 -5 -6 -6 -4 -5 -6  8 -1 -4 -7 -6 -5    0   0   2   0   0   0   0   1   0   0   0   0   0   0  92   5   0   0   0   0  2.91 0.54
  346 K   -1  1  5  1 -5 -1  1 -3  2 -5 -5  3 -4 -5 -3  0 -1 -5 -3 -4    3   7  39   5   0   0   9   0   6   0   0  24   0   0   0   6   1   0   0   0  0.84 0.26
  347 E   -2 -2  2  5 -5 -1  2 -1 -1 -5 -3  0 -4 -5 -3  0  0 -6 -4 -4    2   0  11  46   0   0  16   5   1   0   3   7   0   0   0   4   5   0   0   0  0.86 0.24
  348 L   -1 -4 -5 -5  0 -3 -4 -5 -4  2  4 -2  3 -1 -4 -3 -2 -3  0  2    3   0   0   0   3   0   0   0   0   7  55   2   8   1   0   1   2   0   3  14  0.69 0.22
  349 A    3 -4 -4 -4  2 -3 -3  0 -4  3 -1 -3  2 -1 -3 -1  1 -4 -3  2   30   0   0   0   5   0   0   7   0  28   0   0   6   2   0   0   7   0   0  15  0.46 0.20
  350 G   -2 -5 -3 -2 -6 -4 -4  6 -5 -6 -6 -4 -5 -6 -1 -2 -4 -6 -6 -2    1   0   0   2   0   0   0  90   0   0   0   0   0   0   3   1   0   0   0   3  1.93 0.42
  351 A    3  0 -2 -3  5 -2 -3 -3 -3 -3 -2 -2 -3 -3 -3  4  1 -4  0 -2   29   4   0   0  15   0   0   0   0   0   3   0   0   0   0  36   8   0   4   1  0.71 0.26
  352 I   -3 -5 -6 -6 -3 -5 -5 -6 -6  6  0 -5 -1 -2 -5 -4 -3 -5 -4  3    0   0   0   0   0   0   0   0   0  73   5   0   0   0   0   0   0   0   0  22  1.48 0.38
  353 I   -4 -5 -6 -6  1 -5 -6 -6 -4  6  1 -5  2 -2 -5 -4 -3 -4  3  0    0   0   0   0   3   0   0   0   0  75   7   0   4   0   0   0   0   0  11   0  1.36 0.38
  354 G   -2 -5 -3 -1 -6 -4 -1  7 -5 -7 -6 -4 -6 -6 -5 -3 -4 -6 -6 -6    0   0   0   3   0   0   4  93   0   0   0   0   0   0   0   0   0   0   0   0  2.07 0.44
  355 K   -2  4 -2 -3 -6 -1  1 -4  1 -5 -5  6 -4 -5 -1 -2 -3 -6 -4 -5    1  24   0   0   0   0   9   0   3   0   0  60   0   0   3   0   0   0   0   0  1.29 0.36
  356 G    0 -1  1  0 -3  0 -2  5  0 -5 -5  0 -4 -5 -4 -1 -2 -5 -5 -5    5   3   8   4   1   5   1  62   2   0   0   4   0   0   0   2   1   0   0   0  1.02 0.27
  357 G   -2 -4 -3 -2 -5 -4 -4  7 -4 -6 -6 -4 -5 -5 -4 -2 -4 -5 -5 -5    0   0   0   1   0   0   0  94   0   0   0   0   0   0   0   1   0   0   0   0  2.09 0.43
  358 G    1  0 -1 -1  1  2  1  0 -2 -3 -3  0 -1 -4 -2  3  2 -4 -3 -2   10   3   1   2   4  13  12   6   0   0   0   3   1   0   0  29  13   0   0   2  0.40 0.16
  359 R   -3  5  3 -2  1 -1 -2 -2 -2 -4 -4  3 -3 -4 -3 -2 -1  2 -3 -4    0  44  15   0   3   1   0   2   0   0   0  25   0   0   0   0   4   3   0   0  0.99 0.29
  360 I   -3 -5 -5 -5 -3 -4 -5 -6 -5  6  2 -5  0  0 -5 -4 -3 -4 -3  0    0   0   0   0   0   0   0   0   0  76  17   0   0   4   0   0   0   0   0   0  1.35 0.36
  361 R    1  3  4 -2 -4  0 -1 -2 -1 -2 -3  2 -3 -2 -3  0  0 -4 -3 -2   12  24  29   0   0   2   1   0   1   2   1  15   0   1   0   4   4   0   0   2  0.58 0.20
  362 R   -2  3 -1  0 -5  4  4 -4  1 -4 -1  1 -1 -4 -3 -2 -2 -4 -3 -3    0  23   2   3   0  22  31   0   3   0   6   7   2   0   0   0   1   0   0   0  0.75 0.23
  363 I   -3 -4 -5 -5 -3 -4 -5 -6 -5  6  1 -4  0  0 -5 -4 -3 -4 -3  2    0   0   0   0   0   0   0   0   0  71  13   0   0   3   0   0   0   0   0  10  1.23 0.33
  364 R   -4  7 -3 -4  1  0 -1 -5  3 -5 -5  0 -4 -5 -3 -3 -2 -5 -4 -5    0  78   0   0   3   3   4   0   7   0   0   2   0   0   1   0   2   0   0   0  1.71 0.43
  365 N   -1  0  1  0 -5  5  3 -3  4 -4 -3  0  0 -4 -3 -1 -1 -4 -2 -3    3   4   5   4   0  33  22   1  12   0   2   2   3   0   0   4   3   0   1   1  0.70 0.24
  366 E   -2  0  0  1 -4  1  3 -2 -2  2  0 -1  0  0 -3 -2 -2 -4 -1  0    0   5   5   9   0   4  31   2   0  20   7   1   2   4   0   0   1   0   2   6  0.32 0.16
  367 S   -1 -3 -2 -3 -2 -3 -3 -3 -3 -5 -3 -3 -4 -1 -4  6  0 -6 -4 -4    0   0   0   0   1   0   0   0   0   0   2   0   0   3   0  92   2   0   0   0  1.65 0.49
  368 S    0 -1  0 -3 -1 -2 -3  6 -4 -6 -6 -1 -5 -6 -4 -2 -3 -5 -5 -5    4   4   4   0   2   1   1  78   0   0   0   3   0   0   0   1   0   0   0   0  1.51 0.35
  369 A    6 -4 -4 -4 -3 -3 -3 -1 -4 -4 -4 -3 -3 -5 -3  1 -1 -5 -4 -3   90   0   0   0   0   0   0   2   0   0   0   0   0   0   0   6   2   0   0   0  1.52 0.44
  370 Y   -1  1  0 -1 -4  3  0 -1  3 -2 -1  2  2 -2 -3  1  0 -4 -2 -1    1   5   4   3   0  17   5   3  10   1   6  15   9   1   0  15   3   0   1   3  0.28 0.14
  371 I   -3 -5 -6 -6 -3 -5 -5 -6 -6  6  0 -5 -1 -2 -5 -4 -3 -5 -4  3    0   0   0   0   0   0   0   0   0  76   4   0   0   0   0   0   0   0   0  21  1.53 0.40
  372 T   -2  2 -1 -1 -4  1  1 -4 -2  0 -3  5 -1 -4 -3 -1  2 -1 -4  0    0   8   2   3   0   4   7   0   0   5   0  45   1   0   0   2  14   1   0   8  0.60 0.23
  373 I   -1 -5 -5 -6 -3 -5 -5 -6 -5  6  1 -5  1 -2 -5 -4 -3 -5 -3  3    4   0   0   0   0   0   0   0   0  68  10   0   2   0   0   0   0   0   0  17  1.23 0.34
  374 D    0 -2  0  5 -4 -1  1  0  4 -4 -4 -2 -2 -4 -3  1 -2 -5 -3 -2   10   0   3  38   0   1   9   6  14   0   0   0   1   0   0  14   0   0   0   3  0.69 0.22
  375 E   -2 -1  1  4 -5  0  5 -3 -2 -5 -5  2 -4 -5  1  0 -2 -6 -5 -4    0   2   6  25   0   1  44   0   0   0   0  11   0   0   6   6   0   0   0   0  0.96 0.27
  376 P    1 -1 -2 -3 -1  0 -2 -3 -2 -4 -3 -1 -4 -5  6  1  0 -6 -5 -3   13   3   1   0   2   6   1   0   1   0   1   3   0   0  54   9   5   0   0   1  1.32 0.31
  377 L   -1  1 -1  0 -3  0  1 -2  0 -1  2  0  0 -2 -1  0  0 -4 -3 -1    3  10   1   6   0   4  11   2   3   2  35   3   2   0   3   8   4   0   0   2  0.18 0.11
  378 P    0 -2 -1  1 -4 -1  2  0 -2 -3 -2 -2 -1 -4  5  0 -1 -5 -4 -2    6   2   2   7   0   2  19   6   1   1   3   0   1   0  40   5   2   0   0   3  0.87 0.23
  379 N   -2 -4  3  2 -2 -3  0  5 -3 -6 -6 -3 -5 -5 -4 -1 -3 -6 -5 -5    1   0  15  13   1   0   6  61   0   0   0   0   0   0   0   3   0   0   0   0  1.21 0.30
  380 S    1 -2  0 -2 -3  0  0 -1 -3 -4 -4 -1 -3 -4 -1  5  3 -5 -4 -2    7   0   3   1   0   3   5   3   0   0   0   2   0   0   2  54  18   0   0   2  0.77 0.28
  381 N    0 -1  3  1 -3  0  2 -1  0 -2 -3  0 -2 -4 -1  2  2 -5 -3 -2    4   1  16   5   0   1  18   4   2   3   1   6   0   0   1  20  15   0   0   2  0.36 0.14
  382 D   -4 -3  0  6 -6  1  4 -3 -3 -6 -6 -2 -5 -6 -4 -3 -3 -6 -3 -5    0   0   2  67   0   4  25   1   0   0   0   0   0   0   0   0   0   0   1   0  1.67 0.40
  383 R   -4  7 -3 -4 -6  1 -2 -3  0 -5 -5  0 -4 -6 -4 -3 -1 -6 -5 -5    0  86   0   0   0   6   0   2   1   0   0   2   0   0   0   0   3   0   0   0  1.95 0.47
  384 I   -3 -4 -4 -5 -3 -2 -4 -5  0  5  1 -1  0 -2 -1 -3  1 -4 -3  2    0   0   0   0   0   2   0   0   4  55   8   3   1   0   4   0   9   0   0  14  0.76 0.26
  385 I   -3 -5 -5 -6 -3 -5 -5 -6 -5  6  0 -5  2  0 -5 -4 -3 -4 -3  3    0   0   0   0   0   0   0   0   0  64   5   0   4   3   0   0   0   0   0  24  1.25 0.34
  386 T   -2 -3 -2 -3 -3 -3 -1 -4  1  0 -3 -3  1 -2 -4  0  6 -5 -3  0    0   0   0   0   0   0   4   0   4   4   0   0   3   2   0   5  72   0   0   8  1.18 0.38
  387 I   -4 -5 -6 -6 -4 -5 -6 -7 -6  7  0 -5  0 -3 -6 -5 -3 -5 -4  1    0   0   0   0   0   0   0   0   0  91   4   0   1   0   0   0   0   0   0   4  1.82 0.45
  388 S   -1 -1  0 -3 -3  0 -2 -3 -3 -2 -3  1 -3 -4 -3  3  5 -5 -4 -1    1   1   4   0   0   4   0   0   0   1   1   9   0   0   0  32  42   0   0   5  0.78 0.29
  389 G   -2 -5 -3 -4 -6 -5 -5  7 -5 -7 -7 -4 -6 -6 -5 -3 -4 -6 -6 -6    0   0   0   0   0   0   0 100   0   0   0   0   0   0   0   0   0   0   0   0  2.39 0.49
  390 T   -2 -3  2 -2 -4 -3 -3 -3 -3 -2 -2 -3 -3 -4 -4  0  6 -6 -4 -1    1   0   9   1   0   0   0   1   0   0   3   0   0   0   0   5  76   0   0   4  1.33 0.41
  391 P    0 -2 -2 -2 -5  3  0 -4  1 -5 -4 -1 -2 -5  6 -1 -1 -5 -2 -4    6   1   1   2   0  20   4   0   3   0   1   1   1   0  54   2   2   0   1   0  1.43 0.34
  392 K   -1 -1  0  5 -5  0  4 -3 -1 -3 -4  0 -4 -4 -2  0  0 -5 -2 -3    2   1   3  36   0   3  30   0   1   2   0   5   0   0   1   6   6   0   2   1  0.77 0.23
  393 Q    1  1 -1 -1  0  6  2 -3 -2 -5 -4 -1 -3 -5 -3  1 -2 -5 -4 -4   14   5   1   2   2  55   9   0   0   0   0   0   0   0   0  11   1   0   0   0  1.07 0.35
  394 I   -2 -4  0 -4 -3 -2 -4 -5 -4  5 -1 -4  1 -3 -4 -2  2 -5 -3  2    2   0   6   0   0   1   0   0   0  60   1   0   3   0   0   1  17   0   0   9  0.90 0.30
  395 Q    0  0  1 -1 -5  6  0 -2  4 -4 -3  0 -1 -4 -3  0 -2 -2 -3 -4    6   4   6   3   0  47   3   2  15   0   2   4   2   0   0   4   1   1   0   0  0.88 0.30
  396 M    2 -1  3 -2 -2 -2 -2 -3  2  0  1 -1  4 -2 -3  0 -1 -3  0 -1   20   3  18   1   1   0   1   0   6   7  14   3  17   0   0   3   2   0   4   1  0.28 0.17
  397 A    6 -4 -4 -4 -3 -3 -3 -1 -4 -4 -2 -2 -3 -5 -3 -1 -1 -5 -4 -2   91   0   0   0   0   0   0   3   0   0   2   1   0   0   0   0   3   0   0   0  1.49 0.44
  398 Q   -1  1 -3 -3 -5  7  0 -5  1 -4  0  0 -2 -3 -4 -3 -3 -5 -4 -4    4   5   0   0   0  75   1   0   3   0   9   2   0   1   0   0   0   0   0   0  1.58 0.46
  399 Y   -3 -4 -3 -5 -5 -3 -4 -3  3 -4 -3 -4 -3  3 -5  2 -3 -1  7 -4    0   0   0   0   0   0   0   2   7   0   0   0   0  14   0  21   0   0  56   0  1.47 0.37
  400 L   -4 -4 -5 -6 -4 -4 -5 -6 -4  0  5 -4  3 -1 -5 -3 -3 -4  1 -1    0   0   0   0   0   0   0   0   0   2  85   0   6   0   0   1   0   0   5   0  1.29 0.34
  401 L   -3 -4 -5 -6 -3 -4 -3 -6 -5  3  4 -4  2 -1 -5 -4 -3 -4 -3  1    0   0   0   0   0   0   1   0   0  22  62   0   5   0   0   0   0   0   0   9  0.99 0.27
  402 Q   -1  1  2 -2 -5  6 -1 -4  0 -5 -4  0 -2 -4 -4 -1 -1 -4  1 -4    4   5  12   0   0  63   0   0   1   0   0   4   0   0   0   3   3   0   6   0  1.20 0.35
  403 Q    1  0  2 -1 -4  4  0 -3 -1 -1 -1  0  3 -4 -3  1  0 -4 -3 -2   10   2  14   2   0  32   4   0   0   3   3   3  11   0   0  10   5   0   0   0  0.48 0.19
  404 S    0  1 -1 -3  5 -2 -2 -3 -3 -3 -2  1 -1  1 -3  4  0 -4 -3 -3    3   9   1   0  21   0   0   0   0   0   1   8   2   9   0  41   4   0   0   0  0.63 0.23
  405 V   -2 -4 -4 -5  1 -4 -3 -5 -5  3  2 -4  0 -2 -4 -3 -2 -4 -3  5    0   0   1   0   3   0   2   0   0  16  16   0   1   0   0   0   1   0   0  61  0.88 0.25
  406 H   -2  3  1 -1 -4  2  2 -2  4 -1 -2  2 -2 -3 -3  0 -2 -4 -2 -3    0  24   6   0   0  10  15   3  13   6   3  15   0   0   0   5   0   0   0   0  0.48 0.13
  407 E    0  0 -1  0 -4  4  4 -3 -1 -4 -3  2 -2 -4 -2  0 -2 -4 -3 -2   10   2   1   3   0  30  35   0   0   0   2  12   0   0   0   4   0   0   0   2  0.72 0.16
  408 N   -1 -1  4  0 -4 -1  2 -2  4 -3 -2  0 -3 -1 -3  1  0 -2  4 -3    2   0  25   3   0   0  17   1  14   0   3   3   0   0   0   8   3   0  20   0  0.50 0.12
  409 G    2 -1 -1 -2 -3  1  0  4 -2 -3 -2  1 -2 -3 -2  1 -1 -4 -3 -2   19   2   0   0   0   7   6  38   0   0   5  10   0   0   0  13   0   0   0   0  0.45 0.07
  410 R   -2  4  0 -1 -4  2  0 -3  4 -3 -2  3 -2 -3 -3 -1 -2 -4 -2 -2    0  42   3   2   0   7   3   0  14   0   3  20   0   0   0   3   0   0   0   4  0.65 0.09
  411 R    0  6 -1 -3 -4  0 -1 -3  1 -3 -3  2  1 -3 -3 -1 -2 -4 -3 -3    8  71   0   0   0   0   0   0   4   0   0  10   6   0   0   0   0   0   0   0  0.93 0.09
  412 N   -2  3  4 -1 -4  2 -1 -2  1 -3 -3  0 -2  0 -3 -1 -1 -1  4 -3    0  23  36   0   0  12   0   0   0   0   0   0   0   0   0   0   0   0  29   0  0.58 0.04
  413 I   -2 -3 -4 -4 -2 -2 -3 -4 -3  3  3 -3  3  0 -3 -3 -1 -3 -2  2    0   0   0   0   0   0   0   0   0  35  36   0  14   0   0   0   0   0   0  15  0.49 0.02

                      K         Lambda
Standard Ungapped    0.1848     0.3412
Standard Gapped      0.1100     0.3190
PSI Ungapped         0.1848     0.3412
PSI Gapped           0.1100     0.3190
