
Last position-specific scoring matrix computed, weighted observed percentages rounded down, information per position, and relative weight of gapless real matches to pseudocounts
           A  R  N  D  C  Q  E  G  H  I  L  K  M  F  P  S  T  W  Y  V   A   R   N   D   C   Q   E   G   H   I   L   K   M   F   P   S   T   W   Y   V
    1 M   -4 -5 -5 -7 -4 -3 -5 -6 -5  1  0 -4  9 -3 -6 -5 -3 -4 -4  0    0   0   0   0   0   0   0   0   0   5   0   0  90   0   0   0   0   0   0   5  2.54 0.63
    2 V    1 -2 -2 -4 -1 -2 -2 -1 -3  0 -1 -3  6 -3  1  2  0 -4 -1  0    9   2   1   0   1   0   2   5   0   3   1   0  34   0   8  22   4   0   2   4  0.59 0.32
    3 K    0  1  1 -2 -4  1 -1 -1 -2 -3 -4  4 -1 -5  1  2  0 -5 -4 -4    7   6   7   0   0   6   1   4   0   2   0  38   1   0   6  14   6   0   0   0  0.58 0.28
    4 L   -4 -6 -6 -7 -2 -5 -6 -7 -6  4  4 -6  5 -2  0 -5 -3 -5 -5  0    0   0   0   0   1   0   0   0   0  23  47   0  17   1   6   0   1   0   0   5  1.26 0.55
    5 T   -3  0 -2  2 -5 -1  0 -5 -2  1 -4  4 -3 -5 -5 -2  4 -6 -2  1    1   3   1  11   0   2   4   0   1   8   1  29   0   0   0   1  28   0   1   9  0.70 0.44
    6 L   -4 -6 -7 -8 -2 -6 -7 -5 -6  2  5 -6  0  1 -5 -6 -5 -5 -2  1    0   0   0   0   1   0   0   1   0  10  72   0   1   6   1   0   0   0   1   7  1.48 0.63
    7 Y   -7 -7 -7 -9 -8 -7 -8 -9  2 -6 -3 -7 -6  1 -9 -7 -5  5  9 -7    0   0   0   0   0   0   0   0   4   0   3   0   0   4   0   0   1   7  81   0  3.13 1.13
    8 G   -1 -3 -1 -3 -1 -2 -4  4  2 -3 -3 -1  1  0 -3  0 -1  1  4 -3    5   1   3   1   2   2   0  35   6   1   3   4   4   3   1   8   3   2  16   1  0.58 0.34
    9 V   -1  0  1  1 -2 -2 -2 -3  3  0  0 -2  3  2 -3 -1  1 -1  1  0    4   5   7  10   1   1   1   2  10   7   7   1  10   9   1   5   8   1   4   8  0.20 0.20
   10 N    1 -1  0  1 -3  0  1 -2  0  0 -2  0 -1 -2  4  0 -1  1  0 -1   10   3   4   9   0   3   9   2   2   7   3   4   1   2  19   8   3   3   3   3  0.28 0.19
   11 P    1  1  0 -1 -3 -1 -2  1 -2  0  0 -1  1  0  2 -1 -1 -1  0  0   11   8   4   3   0   3   1  13   0   7  11   3   4   5  11   2   3   1   3   6  0.10 0.10
   12 S   -1 -5 -1 -3  0 -4 -4 -2 -5 -6 -7 -4 -6 -7 -5  7 -1 -7 -6 -6    4   0   3   1   2   0   0   3   0   0   0   0   0   0   0  86   2   0   0   0  2.04 0.94
   13 P    1 -3 -3 -5 -6  1 -4 -1 -4 -3 -4 -4 -3 -6  7  0  0 -7 -6 -3   11   1   1   0   0   6   0   5   0   1   2   0   0   0  58   6   6   0   0   2  1.59 0.69
   14 P   -2 -5  3 -5  3 -1 -3 -5 -2 -4 -5 -4 -5 -2  7 -1 -3 -7 -1 -6    3   0  15   0   7   3   1   0   1   1   1   0   0   2  58   4   1   0   2   0  1.73 0.74
   15 V    1 -5 -4 -5  7 -5 -5 -1 -4 -3 -3 -4 -4 -2 -3  2  1 -6 -4  3   12   0   0   0  31   0   0   4   0   0   1   0   0   2   1  18   8   0   0  22  1.07 0.55
   16 R   -2  6 -2 -5  1  3 -3 -5  0 -3 -2  0 -1 -4 -4 -3 -4  1  0 -5    3  59   2   0   3  12   1   1   2   1   4   3   2   1   0   1   1   2   3   1  1.39 0.68
   17 A    4  2 -2 -4 -2 -1 -3 -1 -4 -2 -2  2 -2 -1 -1  2  0 -5 -4 -2   38  11   1   0   1   1   0   3   0   2   3  13   1   4   2  14   4   0   0   3  0.54 0.38
   18 V   -1 -6 -6 -7  0 -6 -6 -7 -7  1 -2 -6 -3 -5 -4 -4 -1 -6 -4  7    5   0   0   0   2   0   0   0   0   5   3   0   0   0   1   1   3   0   1  79  1.82 0.79
   19 K   -1  3 -3 -3 -3  0 -1 -5 -2  0  3  0  3 -2 -4 -2 -2  3 -1  0    6  18   1   1   0   4   3   0   1   3  34   5   8   1   0   2   1   5   2   4  0.47 0.32
   20 L   -2 -5 -4 -6 -2 -3 -5 -5 -5  2  4 -5  6 -2 -6 -3 -1  5 -2  0    3   0   1   0   1   1   0   1   0  10  37   0  27   1   0   1   3   9   1   4  1.15 0.55
   21 T    1 -5 -4 -5  2 -4 -5 -3 -5  1  1 -4  1  1 -5 -3  4 -5 -3  3   11   0   0   0   5   0   0   1   0   7  16   0   4   6   0   0  30   0   0  21  0.68 0.43
   22 L    3 -5 -5 -6  3 -5 -3 -2 -5  1  4 -5  0 -1 -5 -2 -2  0 -4 -1   31   0   0   0   7   0   1   2   0   8  39   0   2   2   0   2   1   1   0   3  0.77 0.46
   23 A    2  1  0  0 -5  0  2 -1  2 -4 -2  4 -2 -5 -4  0 -1 -6 -1 -3   16   7   4   5   0   2  14   3   5   1   3  30   1   0   0   5   3   0   2   1  0.50 0.35
   24 A    3 -3 -2 -3  0 -1  3 -4  1  0  0 -2  1 -1 -4 -2 -2 -3 -1  0   33   1   1   1   2   2  21   0   4   7  10   2   3   3   0   1   1   0   2   5  0.44 0.36
   25 L   -2 -2 -1 -6 -5 -4 -3 -5 -5  1  5  2  1 -2 -6 -2 -2 -5 -3 -1    2   2   4   0   0   0   1   1   0   8  58  12   2   1   0   3   3   0   0   3  0.88 0.50
   26 Q   -2 -1  3  1 -7  0  0  5  0 -7 -7  1 -6 -7 -5 -2 -4 -7 -6 -6    2   3  18   9   0   4   6  45   3   0   0  10   0   0   0   1   0   0   0   0  1.08 0.55
   27 L   -2 -4 -6 -7 -5 -2 -6 -7 -3  4  4 -6 -2 -2 -6 -4 -1 -6 -5  3    2   1   0   0   0   2   0   0   1  29  41   0   0   1   0   1   3   0   0  19  1.11 0.54
   28 P   -2 -2  0  3 -4  1  2 -2  0 -6 -5  1 -5 -6  5  0 -2 -7 -6 -4    3   1   4  18   0   5  17   3   2   0   0   7   0   0  29   7   2   0   0   1  0.86 0.47
   29 Y   -2 -6 -6 -7 -1 -5 -6 -7  1  0  3 -6  0  4 -4 -4 -3 -1  6  1    3   0   0   0   1   0   0   0   4   5  25   0   2  17   1   1   2   1  29  11  1.07 0.55
   30 E   -5 -1  4  1 -8  1  6 -6 -1 -5 -7  0 -6 -7 -4 -3 -1 -7 -4 -2    0   2  18   8   0   5  50   0   1   0   0   6   0   0   1   1   4   0   1   3  1.26 0.70
   31 F   -3  0 -4 -4 -2 -1 -2 -4  0  1  3 -1  0  3 -3 -3 -1  1  3  0    1   6   0   1   1   3   3   1   2   7  33   4   1  13   1   1   4   2  11   5  0.44 0.30
   32 V   -3  1  0 -4 -2  0 -1 -5  2  3 -3  4 -1 -4 -5 -2 -2 -5 -3  3    1   9   4   0   1   3   4   0   6  20   1  27   1   0   0   2   1   0   1  19  0.65 0.43
   33 N   -1  0  1  2 -4  1  3 -3  1 -1 -2  0 -1  0  2  0 -1 -2 -1 -2    4   4   8  13   0   5  18   1   4   4   4   6   1   4   9   6   3   1   2   3  0.25 0.20
   34 V   -2 -5 -6 -6 -2 -5 -3 -6 -6  4  1 -3  1 -3 -3 -4 -1 -1 -2  5    3   0   0   0   1   0   2   0   0  26  11   2   3   1   1   0   3   1   1  44  1.01 0.53
   35 N   -3 -3  5  5 -6 -3 -1  0 -1 -5 -5 -1 -3 -3 -5  0 -2 -6 -1 -2    1   1  28  38   0   0   3   7   1   0   1   3   1   1   0   7   2   0   2   4  1.06 0.57
   36 I   -2 -2 -3 -2 -4 -4 -4 -2 -1  2  3 -2  1  2  0 -3  0 -1 -1  0    2   2   1   2   0   0   1   3   2  14  36   2   4  11   4   0   6   1   2   6  0.44 0.30
   37 S    0  0 -2 -1 -2 -1 -2  0  0 -1  1 -1  2  2  0  1 -1 -1  0 -1   10   5   1   4   1   3   1   7   2   3  15   3   7  12   5  12   3   1   3   3  0.10 0.14
   38 G    1  0  1  0 -1  0  0  1  0 -2 -3  3 -2  1 -2 -1  0 -4 -1 -2   11   3   7   3   2   4   7  13   2   3   2  23   1   6   1   4   5   0   2   1  0.23 0.21
   39 Q    0  1  1  0 -5  1 -1  4 -1 -4 -3  1  0 -3 -1 -1 -2 -5  0 -3    6   7   5   6   0   6   2  37   1   0   2  11   3   1   3   4   1   0   3   2  0.49 0.31
   40 E   -2 -2 -1  2 -1  0  6 -1 -1 -5 -4 -1 -2 -1 -3 -1 -2 -6 -5 -3    3   2   2  12   1   3  54   5   1   0   2   2   1   2   1   4   2   0   0   2  0.99 0.54
   41 Q   -1 -2  2 -1 -2  5  0 -2  6 -3 -3 -1 -2 -4 -1 -2  0 -5 -2 -3    4   1   9   3   1  26   4   3  26   1   3   3   1   0   4   1   6   0   1   2  0.84 0.49
   42 L   -2  2 -1 -1 -2  0 -2 -3  0 -1  2  3  2  1 -3 -2 -2 -3 -1 -1    2  10   3   3   1   3   2   1   2   3  27  20   7   6   0   1   2   0   2   3  0.29 0.24
   43 S    0  0  0  0  0  1  0 -1  0 -3 -2  2 -1 -4  1  2  2 -4 -3 -3    7   5   4   6   2   7   6   4   2   0   3  14   1   0   5  17  15   0   0   0  0.28 0.21
   44 E    0 -2 -2  2 -5  0  3 -2 -3 -2 -2  0 -3  0  5 -1 -1 -5 -2 -2    6   2   0  12   0   4  21   2   0   2   3   5   0   4  29   3   2   0   2   2  0.67 0.34
   45 E   -1 -2 -1  2 -4  1  4 -2  1 -2 -4 -1 -3 -2  1  0  0  3 -1 -2    4   0   2  10   0   4  38   2   3   2   1   3   0   2   7   6   5   5   2   2  0.57 0.32
   46 Y   -4 -4 -4 -4 -4 -3  0 -5  2  0  0 -4  2  5 -5 -4 -3  3  6 -1    1   0   0   0   0   0   6   0   5   4   6   0   6  33   0   0   0   3  28   4  1.07 0.44
   47 L   -1  0 -3 -3  1  0 -1 -2 -2  1  2  0  1  0 -3  0  1  2  0  0    5   5   0   0   3   4   4   3   0   8  27   5   4   4   0   5   8   3   3   7  0.13 0.13
   48 K    0  1  1  1 -3  1  1  0  2  0 -1  1 -1 -3 -2  0  0 -3 -2  0    7   7   7   7   0   7   7   7   7   7   7   7   0   0   0   7   7   0   0   7  0.11 0.08
   49 K   -1 -1 -2 -4 -3 -2 -3 -4 -2  4  2  2  3 -2 -4 -2 -2 -2 -2  1    4   3   2   0   0   0   1   1   1  27  20  18  10   0   0   1   0   1   1  10  0.52 0.29
   50 N   -4 -4  7 -2 -6  2  0 -4  1 -3 -6 -3 -5 -3 -5  0 -2 -6 -5 -6    1   0  70   1   0   9   4   0   3   1   0   0   0   1   0   5   2   0   0   0  1.86 0.71
   51 P   -3 -3 -6 -5 -7 -3 -3 -5 -3 -4 -2 -2 -5 -7  8 -2 -5 -7 -6 -6    1   1   0   0   0   1   2   1   1   1   4   3   0   0  83   2   0   0   0   0  2.61 0.86
   52 E    0  1  1 -2 -2  4 -1 -3  0 -1  0 -1  1  2 -4  0 -1 -2 -3 -2    6   8   8   2   1  27   3   1   2   3  11   1   5  11   0   8   2   0   0   2  0.38 0.29
   53 H   -2  1 -2 -5 -1  1 -4  3  8 -6 -6  0 -1 -5 -5 -2 -4  1  0 -4    3   7   1   0   1   7   0  23  39   0   0   5   1   0   0   1   0   2   2   1  1.17 0.57
   54 T   -2  0  0 -3  1  1 -2 -3 -3  0  0  3  0 -1 -4 -1  4 -5 -2 -1    1   5   3   0   3   7   2   2   0   5   8  18   2   2   0   3  29   0   1   4  0.35 0.31
   55 V   -2 -4 -4 -5 -1 -4 -2 -5 -5  4  0 -4 -1  0 -4 -2 -1 -4 -3  5    1   0   0   0   1   0   2   1   0  27   8   0   1   4   0   3   3   0   0  45  0.92 0.40
   56 P   -3 -4 -4 -4 -5 -4 -4 -4 -4 -5 -4 -4 -4 -5  8 -4 -4 -5 -5 -4    1   1   1   1   0   1   1   1   0   1   1   1   0   1  86   1   1   0   0   1  2.75 0.75
   57 T    1 -3 -3 -3  1 -3 -2 -2 -3  0  0 -3  0 -1 -3 -1  4 -4 -1  2   12   1   1   1   3   1   3   2   0   4   8   1   3   2   1   2  36   0   2  18  0.51 0.28
   58 L   -3 -4 -5 -5 -4 -4 -5 -5 -4  4  4 -4  2  1 -4 -4 -3  1 -3  0    2   0   0   0   0   0   1   1   0  25  50   1   5   6   0   1   1   2   0   4  0.98 0.37
   59 E   -1 -2  0  2 -2  0  3 -3 -1  0 -2  1  0 -3 -3 -1 -1 -4 -2  2    3   1   4  15   1   3  22   1   1   4   2  10   3   0   0   3   3   0   2  21  0.36 0.22
   60 D   -3 -4 -2  7 -5 -2  0 -3  2 -1 -5 -3  0  0 -3 -2 -2 -5 -3 -3    1   0   0  65   0   1   3   2   6   4   1   1   2   4   1   2   2   0   1   2  1.46 0.52
   61 D   -2 -2  3  4  2 -1  0  3  0 -4 -3 -1 -4 -4 -2 -1 -1 -4 -2 -3    2   2  14  30   4   2   5  22   2   1   2   3   0   0   2   3   3   0   2   2  0.62 0.30
   62 G   -1 -1  0  3 -5 -3  0  5 -1 -5 -4 -1 -4 -5 -2 -1 -2 -5 -2 -5    5   4   4  17   0   0   7  46   2   0   2   3   0   0   2   4   1   0   1   0  0.82 0.37
   63 N   -2 -1  0 -1 -4 -1 -1 -2  0 -1  0 -1 -2  5 -2 -1  0 -3  1  0    2   3   4   4   0   3   4   2   3   4   8   5   0  36   2   6   5   0   3   6  0.44 0.25
   64 Y   -1 -2 -1 -4  1 -1 -3 -2  0  3 -1 -2  0  2 -1 -1  0 -3  2  3    5   2   3   0   3   3   1   3   2  18   4   3   2  11   3   3   5   0   7  23  0.28 0.17
   65 I   -1 -3 -4 -4  1 -3 -3 -4 -3  3  3 -3  2  1 -3 -3 -2 -3  0  2    5   0   0   1   4   0   1   1   0  20  34   1   5   4   1   1   1   0   4  19  0.47 0.20
   66 W    0 -1 -1 -3  1 -1 -2  0  0 -1  0 -1  0  2 -1  0  0  6  2  0    7   3   4   1   4   2   1   6   2   4   8   2   2  10   2   5   5  17   8   7  0.30 0.14
   67 D   -2 -2  1  4 -5  1  4 -1 -2 -4 -4 -2 -3  0  0 -2 -2 -4 -3 -4    1   0   6  29   0   5  39   5   0   0   1   1   0   5   5   1   1   0   0   1  0.85 0.32
   68 S    0  0  0 -3  0 -2 -1 -1 -3 -4 -4 -2 -3 -4  0  5  0 -5 -4 -4    4   6   2   0   2   0   4   3   0   0   1   0   0   0   4  67   3   0   0   1  1.01 0.47
   69 H   -1  3  0 -1 -1  0 -2 -2  5 -1 -1  0  0 -1 -2 -1  0 -3  1  0    5  22   5   4   2   2   0   3  18   3   5   2   3   2   2   3   5   0   6   8  0.31 0.22
   70 A    4  0 -1 -1 -2 -2 -2 -1 -2 -1 -2  0 -2 -3  1  0  0 -4 -3  0   51   5   3   3   0   0   1   3   0   4   3   6   0   0   5   4   5   0   0   5  0.41 0.23
   71 I   -1 -3 -3 -4  2  0 -3 -4 -3  5  0  0  2 -2 -3 -2  0 -3 -3  1    6   0   0   0   5   5   1   1   0  51   6   6   5   0   0   1   6   0   0   6  0.50 0.25
   72 I    0 -2  1 -2  2  1 -2  0 -2  1  0 -2  2  1 -2  0  1 -3 -2  0    8   0   8   0   8   8   0   8   0   8   8   0   8   8   0   8   8   0   0   8  0.10 0.11
   73 A    0  2  0 -1  1  1  0 -1  1  0 -1  0  1 -2 -1  0  1 -3  0  0    8  14   3   3   3   6   5   5   3   6   5   5   6   0   3   5   8   0   4   6  0.08 0.10
   74 Y   -2 -2 -2 -3 -3 -2 -2 -3  4 -2 -1 -2 -2  3 -3 -2 -2  1  6 -2    1   1   1   1   0   1   1   1  13   1   1   1   0  15   1   1   1   0  58   1  0.87 0.10
   75 L   -1 -2 -2 -3 -2 -2 -2 -3 -2  2  3 -2  2  1 -2  0 -1 -2 -1  1    2   1   1   1   0   1   1   1   0  11  43   1   8   8   1   9   1   0   1   9  0.23 0.03
   76 V    3 -3 -2 -1  4 -2 -1 -2 -1  1 -1 -3  0 -2 -3 -1 -1  0 -3  3   30   0   2   4  11   1   4   2   2   6   4   0   2   2   0   2   3   1   0  22  0.39 0.23
   77 S    0  1  2  2 -1  0  3 -1  0 -3 -2  0 -1 -4 -3  1  0 -4 -3 -1    9   7  10  13   1   3  21   4   2   0   4   3   2   0   0  10   7   0   0   4  0.30 0.17
   78 K   -1  2  0 -3 -5  2  0 -3  1 -3 -3  5 -1 -5 -4 -1  1 -5 -4 -1    5   8   4   0   0   7   3   2   3   1   2  46   1   0   0   2  10   0   0   4  0.76 0.37
   79 Y    0  0  0  0  2  1  0 -1  2 -2 -1  0  1  1 -3  0  0  3  1 -1    6   6   5   6   5   5   6   6   5   0   6   6   5   5   0   6   6   5   5   6  0.09 0.12
   80 A    1 -1  0  0  0  1  0  1  0 -1 -1  0  0 -1  3  0 -1 -4 -3 -1   11   3   4   6   3   6   4  12   3   3   5   6   3   3  15   7   3   0   0   3  0.20 0.17
   81 D    0  0  1  0 -3  1  0  0  2  0 -1  0 -1  0  1  0  0  3 -1  0    6   6   6   6   0   6   6   6   6   6   6   6   0   6   6   6   6   6   0   6  0.08 0.09
   82 S    0  0  1  2 -4  1  0  0  1 -1 -2  0 -3 -3  2  1  0 -4  0 -1    6   3   8  14   0   5   6   9   4   3   4   6   0   0  11   9   5   0   3   4  0.21 0.16
   83 D   -1 -2  1  4 -1 -1  1  1  1 -4 -3 -1 -1 -2  0  1  0 -5 -2 -3    3   2   7  26   2   3   8  13   4   0   2   4   2   2   4  10   6   0   2   2  0.41 0.29
   84 A    0  0 -1  1 -1  0 -1 -1  2 -2 -2  1 -1 -2  3  1  1  1 -1 -2    7   4   2   7   1   4   3   4   5   3   4  10   1   2  14  14   9   3   2   2  0.22 0.20
   85 L   -1 -1 -4 -5 -4 -3 -1 -2 -4  0  3 -1  1  1  0 -1 -1  3  0  0    4   3   0   0   0   0   4   4   0   5  43   4   4   6   4   3   4   5   3   4  0.38 0.29
   86 Y   -1 -3 -1 -1 -4 -1 -3 -4  1  0  1 -1  1  1  2 -1 -1  2  5 -1    3   0   3   3   0   3   0   0   3   7  16   3   5   6  10   4   3   3  23   4  0.38 0.27
   87 P   -1 -1 -5  0 -6 -4 -2 -2 -1 -2 -3 -4 -5 -2  7 -1 -2 -7 -6  0    4   3   0   5   0   0   2   3   2   2   3   0   0   2  61   5   2   0   0   6  1.57 0.68
   88 R    0  1  0  0 -1  1  0 -1  2  0 -2  2 -2 -2  0  1  1 -4 -3 -1    7   8   5   6   1   4   4   3   6   7   2  18   0   1   4  10   9   0   0   4  0.18 0.16
   89 D   -1 -2  1  5  1  1  1 -1  2 -3 -5 -2 -4 -5 -4  1  0 -6 -4 -2    5   2   4  44   4   5   8   4   5   2   0   2   0   0   0   8   4   0   0   3  0.79 0.42
   90 L    0 -2 -3 -2 -1 -3 -3 -3 -2  1  2 -2  1 -2  4 -1 -1 -1  0  1    9   2   1   3   1   1   1   2   1   6  20   2   3   1  25   4   3   1   3  11  0.45 0.30
   91 L   -1  2 -1 -2 -2  2  1 -2  1 -1  0  3 -1  0 -1 -2 -1 -1  0 -1    5  10   2   2   1  11   8   2   3   3  12  22   1   5   2   1   2   1   3   4  0.26 0.23
   92 Q    1  0  0  0  1  2  1  0  0 -1 -1  2  0 -1  0  0  0 -4  0 -1   11   3   3   6   3   9   9   7   3   4   4  13   3   3   4   4   4   0   3   4  0.10 0.11
   93 R   -1  5  0 -4 -5  1 -1 -2  1 -1 -1  1  2 -4 -5 -1 -4  2  0 -1    4  32   5   0   0   7   4   4   4   4   7   8   6   0   0   4   0   3   4   4  0.57 0.39
   94 A    5 -2 -4 -5  0  0 -2  0 -4 -2 -2 -3  0 -1 -1  0  0 -5 -1 -2   54   2   0   0   2   4   3   5   0   2   4   0   2   3   3   6   5   0   2   2  0.69 0.50
   95 V   -1  0  0  0  2  0  0 -1  2  0 -1  0  1  0 -3  0  0  3  1  0    5   5   5   5   5   5   5   5   5   5   5   5   5   5   0   5   5   5   5   5  0.06 0.09
   96 V   -1 -4 -1 -5  2  0 -4 -5 -4  2 -1 -4  2  1 -5  0 -1  3  0  4    5   0   4   0   5   4   0   0   0  12   5   0   5   7   0   8   4   4   4  31  0.54 0.33
   97 D   -1 -1  2  4 -1 -1  2 -2  0 -2 -2 -2  0  0 -4 -1 -2  2  1 -2    4   4  12  29   1   2  12   3   2   2   5   2   2   4   0   3   2   3   4   3  0.47 0.33
   98 Q    0  1  0 -2 -1  6  1 -5  1 -3 -3 -1 -1 -2 -5 -1 -2  0 -1 -2    6   8   5   2   2  42   8   0   3   2   3   4   2   2   0   4   2   1   2   4  0.87 0.56
   99 R    0  3 -3 -5  0 -1 -1 -2 -1 -1  0 -2  3 -1 -5 -2 -2  8  2 -2    9  16   1   0   2   3   4   3   2   4   8   2   7   2   0   3   2  23   6   2  0.78 0.45
  100 L    0 -2  1  0  2  1 -2 -3 -2  0  0  0  1  1 -3  0  0  4  1  0    7   0   7   7   6   7   0   0   0   7   7   7   6   6   0   7   7   6   6   7  0.12 0.14
  101 H    1 -1  0  1  0 -1 -1 -2  4 -2 -2 -2  0  2 -3  1 -1  1  4 -2   12   2   4   7   2   3   4   3  11   2   2   2   2   9   0  13   2   2  17   2  0.31 0.26
  102 F   -2 -2  0 -5  0 -2 -5 -5  0  1 -1 -4  0  6 -5 -1 -1  6  1  0    3   2   5   0   2   2   0   0   2   8   5   0   2  37   0   5   3  12   4   6  0.86 0.48
  103 E   -1 -1  0  3 -4  2  3 -2  1 -1 -2 -1 -1 -2 -3  1 -1 -5 -1 -1    4   2   4  20   0  12  21   2   4   3   3   2   2   2   0  10   2   0   2   4  0.41 0.30
  104 T    1 -1  0 -1  2  0  0 -1  1 -1 -1  0  1 -1  0  1  2 -4  0 -1   11   3   5   3   6   4   4   4   5   4   5   5   5   3   4   9  12   0   3   3  0.09 0.13
  105 G    0 -1  1 -1  1  0 -1  2  0 -1 -1 -1  1  0 -1  1  0  2 -3 -2    8   3   7   3   3   3   4  21   3   3   5   3   4   5   3  11   5   3   0   3  0.15 0.16
  106 V    0 -2  0 -1  0 -1 -1 -2  1  2  0 -1  0  0 -2 -1  2 -4  0  2    6   2   5   3   2   2   3   2   4  12   6   4   3   5   2   5  12   0   4  20  0.15 0.17
  107 V    0 -2 -1 -4  0 -1 -1 -2  1  1  2 -2  0  1 -1 -2  0  2  1  1    7   2   3   0   3   2   3   2   4   9  25   2   2   7   3   2   5   3   4  11  0.17 0.18
  108 F   -2  0 -2 -1  0 -1 -2 -2  0 -1 -1 -3 -1  5 -1 -1 -1  2  4  0    3   5   2   3   2   3   2   3   2   4   5   1   2  25   3   6   3   2  16   7  0.48 0.35
  109 A    2 -1 -1 -1  1  1 -1 -2 -1  0 -1 -1 -1 -2  2  0  0 -4  1  0   20   3   2   3   3   7   3   3   2   6   5   4   2   2  12   8   4   0   5   6  0.18 0.20
  110 N    0  2  1 -1  1  1 -2 -1  2 -1 -2  0 -1  1  1  1 -1 -4 -1 -1   10  15   7   3   3   5   2   5   7   4   2   6   1   6   7   9   4   0   2   4  0.17 0.19
  111 G    1 -1  0 -1  0 -1 -2  2  0  0  0 -1  0  1 -1  0  0  0  1  0   16   3   4   3   2   3   2  16   3   4   7   3   2   5   3   8   4   1   5   7  0.09 0.10
  112 I    0 -2 -2 -4 -1 -1 -3 -2 -4  3  2 -3  3  3 -3 -1 -1 -1  1  1    9   2   2   1   1   3   2   3   0  15  18   1   9  12   1   5   3   1   5   8  0.34 0.26
  113 K    0  3  0  1 -5  1  2 -1 -1 -3 -2  2  0 -1 -1  0 -1 -2  0 -2    7  15   3   6   0   6  11   5   1   1   4  15   2   2   3   7   3   1   4   3  0.23 0.23
  114 A    1 -1  0  0  0  0 -1 -1  0 -1 -1 -1 -1  1 -1  0  0  0  2  0   15   2   5   6   3   4   4   5   3   3   7   2   1   6   3   7   6   1   8   9  0.06 0.09
  115 I   -1 -3 -5 -3  0 -3 -4 -5  0  4  1 -3  2  2 -4 -3 -2  0  4  3    5   2   0   2   2   1   1   1   2  21  10   1   5   9   1   2   2   1  13  19  0.59 0.39
  116 T    0  0 -2 -2 -1 -1 -3 -2  0  1  0 -1  2  2 -3  0  1  0  4  0    7   6   2   2   2   3   1   4   2   7   9   3   5   9   1   6   8   1  14   8  0.21 0.19
  117 K    0  2  0 -2 -3 -1  0  0  0 -1 -2  2 -1  0  0 -1  0 -2  2 -1    8  13   5   2   1   2   7   6   2   4   4  15   2   3   4   4   4   1   9   3  0.19 0.18
  118 P   -1 -2 -2 -1 -7 -1 -1 -2  0 -1 -2  0  1 -1  6 -2  0  1 -1 -2    6   3   2   4   0   3   4   3   2   4   4   5   3   2  37   4   5   2   3   3  0.71 0.51
  119 L   -1 -1 -3 -6 -6  0 -3 -2  0  3  2 -1  2  1 -3 -3  0  1  0  2    5   4   2   0   0   4   2   3   2  16  18   5   4   5   1   2   6   2   3  15  0.34 0.22
  120 F   -2 -1 -2 -1  0 -2 -2 -3  0  2  1 -1  2  5 -1 -3 -2  3  2  0    4   3   2   3   2   2   3   3   2  10  13   3   5  20   3   3   3   3   7   6  0.42 0.25
  121 F   -1  1 -2 -2  0 -2 -1  0  0 -1  0  0  2  4 -1 -1 -1  2  2 -1    5   6   2   3   2   2   3   7   2   4   9   6   4  17   3   5   3   3   7   5  0.23 0.16
  122 N   -1  0  1  0  0  2  1  1  2 -2 -1  1  0 -1  0 -1  0  1 -1 -3    5   5   7   6   2   9   9  12   5   2   5   7   2   2   6   5   5   2   2   2  0.14 0.14
  123 G   -1  0  1 -1 -2  0 -2  5 -1 -3 -3  1  0 -2 -1 -2 -2 -1 -1 -4    5   4   6   4   1   5   3  37   2   2   3   9   2   2   3   4   2   1   2   2  0.58 0.38
  124 L    0 -1 -1  0  0  1  1 -2 -2  1  1  1  1  0  0  0  0 -4  0  0   10   4   2   4   2   7   8   2   1   7  12   8   3   3   4   6   5   0   3   7  0.07 0.07
  125 N   -1  0  2  2 -7  1  1  0  0 -3 -5  2 -2 -7  1  0  2 -8 -3 -3    6   4   9   9   0   5   9   8   2   2   1  13   1   0   8   6  13   0   1   2  0.36 0.31
  126 R    0  0  0  0  0  0  1 -1  1 -1 -2  0  0 -1  1  0  1  2  0 -1    7   5   5   5   3   5   9   5   3   4   4   7   3   3   8   7   8   3   3   4  0.08 0.08
  127 I    0 -1  0  1  1  0 -1 -1  0  1  0 -1  1  0  1 -1  0 -4  0  1    7   3   4   8   3   3   4   4   3  10   7   4   4   4   7   5   6   0   3  10  0.07 0.06
  128 P    0 -2  0  1 -2  0  0 -2 -2  0 -2  0 -1 -4  5  0 -1 -7 -3 -3    8   2   4   9   1   4   5   4   1   5   4   5   2   1  33   7   4   0   1   2  0.61 0.45
  129 K   -1  0 -1  2 -6  2  3 -3  0 -2 -2  3 -2 -3  1 -1  0  0 -3 -1    6   4   3  10   0   7  17   1   2   2   4  22   1   1   6   3   5   1   1   4  0.40 0.34
  130 E    1 -2  0  2 -1  1  5 -2 -5 -2 -4  1 -5 -6 -1 -1 -1 -1 -3 -1   11   2   4  10   1   5  35   3   0   2   2   9   0   0   3   5   3   1   1   4  0.62 0.48
  131 R    0  3  1 -1 -3  2  1 -2  2 -3 -2  3 -1 -2 -3 -1 -1 -5 -1 -1    9  13   6   3   1   7   7   3   5   2   4  20   2   2   1   3   3   0   2   5  0.32 0.28
  132 Y    0  0 -1 -2 -1  0  0 -3  1  1  1  1  0  0 -2  0 -1  1  1  0    7   6   2   2   1   5   6   1   3   8  16  10   2   4   2   6   3   2   7   7  0.08 0.09
  133 D    0  0  2  3 -2  1  3 -4  0 -2 -4  2  0 -3 -3 -2 -1 -6 -3 -2    7   4  10  17   1   5  19   1   2   3   2  14   3   1   1   2   4   0   1   3  0.48 0.37
  134 A    2  0  0  0 -2  0  1 -2 -2 -1 -1  3 -1 -1 -1  0 -1 -1  0 -1   20   4   5   4   1   3   9   3   1   4   6  18   1   3   2   5   2   1   3   4  0.20 0.22
  135 I    0 -3 -1 -3 -1 -2 -1 -3  0  3  2 -2  2  1 -3 -2 -1  1  0  1    6   1   3   1   2   1   4   2   2  21  21   2   6   5   1   2   3   2   3   9  0.29 0.23
  136 V    0  0  0  0 -1  0  1 -2  1  0  1  1  1 -1 -1  0  0 -4  0  0    6   4   4   6   2   3  11   3   4   7  13  11   4   2   2   4   4   0   3   7  0.07 0.09
  137 E    0  0  1  1  0  2  4 -2  0 -3 -3  3 -4 -6 -2 -1 -1 -6 -5 -3    8   5   6   7   2   9  25   3   2   2   3  15   0   0   2   4   3   0   0   2  0.49 0.39
  138 I    2 -2 -2 -4  1 -2 -2  0 -1  0  2 -1  1 -1 -2  0 -1  0 -1  1   22   1   2   0   3   2   2   8   2   4  20   3   3   2   1   6   4   1   2  13  0.23 0.23
  139 Y   -2 -2 -2 -2  0 -2 -2 -3 -1  0  3 -2  2  2 -3 -4 -3  2  5  0    3   2   2   2   2   2   2   2   2   4  32   2   4   9   1   0   2   2  18   5  0.58 0.39
  140 D    0  0  0  4 -6  1  2  1  0 -4 -4  0 -2 -6 -3  0  0 -6 -5 -4    6   6   5  27   0   5  14  11   2   1   2   6   1   0   1   7   6   0   0   1  0.54 0.36
  141 F   -1 -3 -3 -3 -3 -3 -2 -1 -1  2  1 -2  1  4 -3 -3 -1  4  2  1    5   1   1   1   1   1   2   5   2  10  12   3   4  21   1   2   3   6   6  11  0.39 0.26
  142 V   -1 -5 -5 -3 -2 -4 -1 -5 -5  2  4 -5  3  0 -5 -4 -2  1  0  1    6   0   0   1   1   0   4   1   0  10  47   0   7   4   0   1   2   2   4   8  0.79 0.44
  143 E   -4 -3  3  3 -7  0  6 -4 -4 -4 -6 -2 -2 -7 -5 -3 -5 -7 -6 -4    1   1  15  18   0   4  50   1   0   1   0   2   1   0   0   2   0   0   0   1  1.44 0.76
  144 T    0  1  1  0 -5  1  1  0 -1 -2 -3  2 -1 -3 -3  0  2 -5 -1 -2    6   9   8   6   0   6   7   8   2   3   2  13   1   1   1   5  16   0   3   3  0.24 0.22
  145 F   -3 -1 -2 -4  0  0 -2 -4  1  1  1 -3  2  5 -6 -2 -2  2  3 -2    2   3   2   1   2   4   2   1   3   9  15   2   6  28   0   3   2   3  10   3  0.62 0.37
  146 L   -3 -7 -8 -8 -6 -7 -7 -5 -7  0  6 -3  0 -1 -7 -7 -4  0 -2 -1    2   0   0   0   0   0   0   1   0   5  79   2   2   2   0   0   1   1   1   3  1.77 0.85
  147 A    1  0 -1  0 -2  1  2  2 -2 -3 -3  1 -1 -5 -2  1  1 -6 -4 -1   10   4   2   4   1   7  16  14   1   1   2  11   2   0   1  12   7   0   1   4  0.31 0.27
  148 G   -1  0  1  2 -5  0  1  3 -2 -4 -5  2 -3 -6 -3  0  0 -6 -5 -4    4   6   7  11   0   4   7  28   1   1   1  14   1   0   1   8   6   0   0   1  0.54 0.34
  149 H   -2  2  2  0 -3  2 -1  0  3 -5 -3  2 -4 -5 -4  2  1 -2 -2 -4    1  12  11   5   1  11   2   6   8   0   2  14   0   0   0  14  11   1   1   1  0.48 0.34
  150 D   -1  0  1  2 -5  1  1  0 -2 -3 -3  3 -4 -2  2 -1  0 -6 -5 -3    5   5   5  13   0   5  10   7   0   1   2  24   0   2  11   4   5   0   0   1  0.45 0.31
  151 Y   -7 -7 -8 -9 -2 -7 -8 -9  1 -6 -3 -8 -6  5 -9 -4 -7  7  8 -7    0   0   0   0   1   0   0   0   3   0   2   0   0  25   0   1   0  19  49   0  2.61 1.03
  152 I    1 -5 -6 -6  0 -5 -6 -6 -6  3  3 -5  1  0 -5 -2 -1 -5 -2  3   13   0   0   0   2   0   0   0   0  15  31   0   3   4   0   2   4   0   1  25  0.78 0.43
  153 A    5 -5 -4 -6  2 -3 -3 -1 -6 -1 -1 -5 -2 -3 -4 -2  0 -7 -4  2   58   0   1   0   4   1   1   5   0   3   6   0   1   1   0   1   6   0   1  13  1.02 0.60
  154 G   -1 -5 -1 -3 -1 -6 -5  6 -3 -8 -3 -6 -7 -7 -7 -2 -1 -8 -4 -5    6   1   2   1   2   0   1  77   1   0   2   0   0   0   0   3   4   0   1   1  1.86 0.82
  155 D   -3 -4  3  6 -4 -1  2 -3 -2 -7 -7  0 -6 -7 -2  0 -2 -8 -4 -7    1   1  14  52   0   2  11   2   1   0   0   5   0   0   2   6   2   0   1   0  1.37 0.67
  156 Q   -1  1  2 -1 -3  2  2 -1  5 -4 -4  1 -4 -2 -4  0  0 -2 -1 -3    4   6  11   3   1   8  17   4  16   1   1  10   0   1   0   7   7   1   2   2  0.51 0.35
  157 L   -2 -6 -6 -7 -1 -5 -6 -7 -5  2  4 -5  4  2  1 -5 -4 -2  0  1    2   0   0   0   1   0   0   0   0  11  43   0  12  10   7   0   0   1   3   9  0.93 0.47
  158 T   -3 -6 -3 -6 -1 -5 -6 -6 -6 -4 -6 -5 -3 -2 -6  2  7 -8 -2 -5    1   0   1   0   1   0   0   0   0   1   0   0   1   2   0  15  78   0   1   0  2.17 1.00
  159 I   -4 -7 -7 -8 -5 -6 -7 -8 -7  6  4 -6  1 -1 -4 -5 -5 -6 -3  2    1   0   0   0   0   0   0   0   0  45  34   0   3   2   1   1   0   0   1  12  1.42 0.62
  160 A    7 -6 -6 -7  0 -5 -5 -1 -6 -2 -6 -5 -6 -7 -3 -3 -4 -8 -7 -2   88   0   0   0   2   0   0   4   0   3   0   0   0   0   1   0   0   0   0   3  2.12 0.91
  161 D   -7 -7 -3  8 -9 -5 -2 -5 -6 -9 -9 -2 -8 -9 -7 -5 -3-10 -4 -9    0   0   0  93   0   0   1   1   0   0   0   3   0   0   0   0   1   0   1   0  2.99 1.09
  162 F   -5 -6 -7 -7 -2 -6 -7 -2 -3  5  3 -6 -1  4 -7 -6 -4 -5  1  0    0   0   0   0   1   0   0   3   1  33  31   0   1  20   0   0   0   0   4   6  1.16 0.50
  163 S    3 -3 -2 -4  4 -2 -3 -2  0 -3 -2 -4  1  1  0  4 -1 -3  0 -3   22   1   2   0   9   2   1   2   2   1   3   0   4   7   4  34   3   0   3   1  0.61 0.39
  164 L   -1 -5 -4 -6  5 -4 -1 -5  1  3  3 -5  1  1 -5 -3 -2  0 -2  1    6   0   0   0  12   0   4   1   4  15  36   0   3   5   0   1   2   1   1   9  0.67 0.35
  165 I    1 -4 -4 -5 -1 -1 -4  0 -2  3  1 -4  1  1 -3 -2 -3 -1  2  3   11   0   1   0   1   3   0   7   1  15  16   0   4   6   1   2   0   1   8  25  0.42 0.27
  166 S    3 -4 -2 -4  3 -4 -4 -1 -2 -3 -3 -4 -4 -1  3  2  1 -3 -4  0   31   0   2   0   8   0   0   4   1   1   1   0   0   3  15  18   8   0   0   8  0.66 0.39
  167 S   -1 -4  0 -2 -2  0  0 -2  0 -1 -2 -3 -1 -1 -2  3  4 -2  0 -3    3   0   4   1   1   5   7   3   3   3   3   0   2   2   1  27  29   1   4   1  0.57 0.39
  168 I    0 -5 -6 -6 -2 -5 -4 -4 -5  4  3 -5  1  0 -5 -4 -1 -5  0  4    7   0   0   0   1   0   1   1   0  23  24   0   2   4   0   0   3   0   4  29  0.80 0.39
  169 T    1 -2  0 -1  0 -1 -1 -2  1 -1 -1 -2  1 -1 -3  3  3 -1 -1 -2   13   1   3   2   2   2   3   2   3   3   4   2   3   3   1  28  18   1   2   2  0.37 0.28
  170 S    0  0  0 -1  2  1 -2 -1  0 -2 -2 -2  1 -2 -3  2  3 -4  1 -2    8   4   4   4   4   8   1   3   3   2   3   1   4   2   1  18  24   0   5   3  0.33 0.27
  171 L    0 -3 -4 -4 -1 -3 -5 -5 -3  2  3 -4  3  2 -3 -3 -1  3  0  1    8   1   0   1   1   1   0   0   1  12  37   0   7   9   1   2   3   5   3   9  0.59 0.31
  172 V    0 -1  0  1 -2  0  2 -2  0  0  0 -1  1  0  0  0  0  0 -1  1    7   3   5   8   1   4  14   2   3   5  11   3   4   4   3   6   4   2   1  11  0.07 0.08
  173 A    2  0  0  0  0  0  1  0  0  0  0  0  0 -2 -1 -1 -1 -2 -1  0   21   4   3   4   2   4  11   9   2   5   9   4   2   1   3   3   3   1   2   7  0.08 0.10
  174 F   -1 -1 -2 -2 -1 -1 -1 -1 -1  1  1 -2  2  4 -2 -2  0  0  1  1    4   3   1   2   1   3   4   4   2   6  16   2   5  21   2   2   5   2   4  11  0.25 0.17
  175 V    0 -2 -1 -1  0 -1 -2  0 -1  2  1 -1  2  1  1 -1 -1 -3 -1  2    7   1   3   3   2   2   2   9   2  11  12   4   6   6   6   2   3   0   2  17  0.11 0.11
  176 E   -2 -2  0  2 -4  0  2  2 -1 -4 -4  1 -2 -3  4 -1 -2 -6 -2 -3    3   2   4  14   0   4  13  16   2   1   2  10   1   1  19   3   2   0   1   2  0.50 0.31
  177 I   -2 -4 -2 -4  0 -2 -4 -5 -1  4  1 -4 -1  4 -1 -4  0  0  3  2    2   0   2   1   2   2   1   0   2  25  12   1   1  16   3   1   5   1  11  13  0.61 0.34
  178 D   -3 -4  1  6 -7 -2  1 -2 -1 -3 -4 -2 -3 -2 -1  0 -1 -3 -6 -3    2   0   5  53   0   2  10   3   1   2   2   2   1   2   3   7   3   0   0   2  1.15 0.58
  179 R    0  1 -1 -2 -3 -1  0 -2 -1  0  2  0  1  2  0 -1 -1  0  0 -1    7  10   3   1   0   2   6   2   1   6  24   6   4   8   4   5   3   1   4   2  0.13 0.13
  180 L    0 -1  1  1 -2  0  1 -1  0 -1 -1  0 -1 -1  0  2  1 -3 -2 -2    8   3   5   7   1   3  10   4   3   3   6   6   1   2   5  20   7   0   1   3  0.16 0.14
  181 K   -1  2  1  1 -3  0  2 -2 -2 -4 -5  4 -4 -6  1  0 -2 -7 -4 -5    4  10   5   8   0   4  11   3   1   1   1  32   0   0   8   8   3   0   0   0  0.65 0.41
  182 Y   -6  0 -5 -8 -2 -4 -7 -5  4 -6 -2 -4 -2  5 -8 -5 -3  3  7 -6    0   6   0   0   1   1   0   1   8   0   4   1   1  21   0   1   2   4  49   0  1.96 0.82
  183 P   -2 -4 -4 -2 -8 -2 -1 -4 -4 -8 -6  0 -7 -4  7 -1 -2 -5 -5 -4    2   1   1   2   0   2   4   1   0   0   1   7   0   1  70   4   2   0   0   1  2.08 0.92
  184 R   -1  2  5 -3 -2  0 -2 -2  3 -5 -3  4 -4 -7 -6 -3 -2 -7 -4 -6    5   9  31   1   1   3   2   2   8   1   3  30   0   0   0   1   2   0   0   0  1.07 0.58
  185 I   -4 -7 -7 -4 -3 -6 -7 -7 -7  5  3 -7  0 -2 -7 -6 -1 -7 -5  4    1   0   0   1   0   0   0   0   0  30  31   0   2   1   0   0   3   0   0  30  1.32 0.60
  186 I    1  0  1 -1 -1  2  1 -3 -2 -1 -1  2 -2 -1 -4  1  0 -5 -2  0   16   5   6   2   2   9   7   1   1   4   6  13   0   3   0  10   6   0   1   9  0.19 0.18
  187 E    4  3 -1  0 -6  1  1 -2 -4 -5 -5  2 -3 -6 -5  0 -2 -7 -6 -4   34  18   3   5   0   6   8   3   0   0   1  13   0   0   0   6   2   0   0   0  0.72 0.45
  188 W   -9 -9-10-11 -3 -8-10-10 -4 -4 -5-10 -7 -2-11 -9 -9 12  4 -5    0   0   0   0   1   0   0   0   0   1   1   0   0   1   0   0   0  82  13   1  4.49 1.50
  189 V   -2 -4 -2 -7 -2 -3 -6 -7  0  1  2 -4  4  2 -6 -4 -5  3  5  0    4   1   2   0   1   1   0   0   2   9  22   1  11  10   0   1   0   4  25   7  0.94 0.47
  190 R    0  0  2  1 -6  2  4 -1 -1 -6 -6  3 -5 -4 -4  0 -1 -7 -6 -4    9   4   8   9   0   8  29   4   1   0   0  18   0   1   0   5   3   0   0   1  0.71 0.43
  191 R   -3  6  1 -2 -3 -1  0 -3  1 -5 -2  2 -1 -7 -6 -2  0 -3 -6 -3    2  48   5   2   1   1   6   2   3   0   4  14   1   0   0   2   6   0   0   1  1.08 0.56
  192 L   -2 -6 -6 -7  6 -5 -6 -6 -6  3  3 -6  6 -1 -6 -5 -3 -6 -2  3    3   0   0   0  16   0   0   0   0  14  23   0  20   2   0   0   1   0   2  17  1.16 0.53
  193 E   -1  1  0 -2 -1  2  3 -3 -1 -4 -4  5 -1 -5 -4  1 -2 -6 -4 -4    4   8   4   2   1   8  21   1   1   1   2  34   2   0   1   9   1   0   0   1  0.77 0.45
  194 K    2  1  0  0 -3  3  3 -3 -1 -5 -4  2 -4 -6 -4  1 -1 -6 -4 -4   20   5   3   4   0  13  21   1   1   0   1  15   0   0   0  12   3   0   0   0  0.62 0.40
  195 L   -2  2 -2 -5 -5 -1 -1 -5 -1  3  4 -2  2 -1 -4 -3 -2 -2 -3  0    4  13   2   0   0   3   4   0   2  15  39   1   5   3   0   1   2   1   0   6  0.57 0.34
  196 P   -1 -5 -5 -1 -3 -4  0 -5 -2 -5 -5 -1 -5 -7  7 -2 -2 -8 -7 -3    6   0   0   4   1   1   5   1   1   1   1   3   0   0  69   3   2   0   0   2  2.04 0.86
  197 Y    0 -4  0  0  0 -1  0  2  2 -4 -3 -1 -4  2 -1  0 -2  1  5 -3    9   0   3   6   3   2   6  17   5   0   1   4   0   8   3   7   1   2  21   1  0.44 0.30
  198 Y   -6 -7 -4 -8 -2 -4 -6 -4  1 -2 -4 -7 -5  5 -8 -5 -4  6  7 -2    0   0   1   0   1   1   0   2   3   2   1   0   0  24   0   1   1  11  49   3  2.12 0.85
  199 E    0 -1  0  2 -5  3  4 -2 -1 -3 -5  3 -4 -4 -3 -1 -2 -1 -4 -4    9   3   3  13   0  14  28   2   1   1   0  16   0   1   1   3   2   1   0   1  0.67 0.38
  200 E   -1  0  0  1 -7  1  5 -5  0 -4 -5  2 -4 -6 -4 -1 -2 -4 -5 -3    6   4   4   8   0   6  46   0   2   1   1  15   0   0   0   3   3   0   0   1  0.98 0.52
  201 A    3 -3 -2 -4  3 -3 -2 -2 -2  2  0 -3 -2 -1 -2 -2  1 -4 -1  2   30   1   2   1   6   1   3   2   1  16   7   1   1   2   2   2   7   0   2  17  0.42 0.28
  202 N   -2 -2  7 -2 -1 -1 -3 -3  4 -3 -3 -2 -2 -6 -6 -1 -1 -7 -2 -3    4   1  62   2   1   2   1   2   9   1   2   1   1   0   0   4   3   0   2   2  1.53 0.70
  203 A    2  0 -1 -1 -4  3  1  1 -2 -3 -2  1 -2 -5 -2  0 -1  0 -4  0   22   5   2   3   0  16  11  11   0   0   3   9   0   0   1   5   2   2   0   7  0.33 0.25
  204 K    0  1  1  0 -5  1  3 -2 -2 -2 -4  3 -1 -5  2 -1 -1 -5 -4 -1    7   5   6   3   0   6  23   3   1   2   0  22   1   0   8   4   3   0   0   4  0.46 0.28
  205 G    0 -1 -2 -4 -6 -4 -4  6 -3 -5 -4 -4 -6 -7 -1 -2 -5 -1 -7 -3    6   3   1   0   0   1   1  76   1   1   2   0   0   0   4   2   0   1   0   2  1.65 0.64
  206 A    3 -3 -2 -4  0 -1 -1 -1 -3  1  1 -2  2 -2 -2  0 -2 -2  0  1   33   0   2   0   2   2   3   3   0   9  17   1   7   1   1   5   0   1   4   9  0.32 0.25
  207 R    0  1  0  1 -5  2  3 -3 -2 -3 -2  3 -2 -5 -1 -1 -1 -5 -2 -2    6   7   5   8   0   9  21   1   0   1   3  25   1   0   3   3   3   0   2   2  0.48 0.28
  208 E    1 -1 -1  0 -4  2  3 -1  0  0  0  1  1 -2 -3 -1 -1 -4 -3 -1   14   3   2   5   0  12  22   3   3   5   8   9   6   2   0   1   3   0   0   2  0.27 0.20
  209 L   -3 -5 -6 -6 -2 -5 -6 -5 -1  2  4 -4  2  5 -6 -5 -2  1  1 -1    1   0   0   0   1   0   0   1   2  11  39   1   6  30   0   0   2   2   3   2  0.99 0.43
  210 E    1  1 -2 -1 -3  1  1  1 -1 -1 -3  3 -2 -4 -3  0 -2 -1 -2 -1   12   8   1   3   1   6  11  11   1   4   2  28   1   0   0   4   1   1   1   3  0.34 0.22
  211 T    2 -1  1  2 -4  2  2  0 -2 -3 -4  1 -2 -3 -2  0  1 -5 -2 -2   17   2   7  13   0   9  14   5   0   1   0  10   1   1   1   6  10   0   1   1  0.35 0.22
  212 I   -1 -2 -5 -6 -4 -4 -5 -5 -4  2  3 -2  4  3 -5 -3 -2  4  1  1    5   2   0   0   0   0   0   0   0  14  28   2  14  15   0   0   1   6   4   8  0.67 0.31
  213 L   -1 -3 -5 -5 -1 -4 -3 -3 -3  3  3 -2  1  3 -5 -3 -3 -3  1  2    4   1   0   0   1   0   1   2   1  17  31   2   4  13   0   1   0   0   5  17  0.50 0.25
  214 K   -1  2 -1 -1 -6  3  2 -3 -1 -5 -4  5 -4 -5 -2 -1 -3 -6 -3 -5    3  10   2   2   0  13  11   1   1   0   2  49   0   0   1   3   0   0   1   0  0.96 0.42
  215 S    2 -3  1 -3 -4 -1 -1 -1 -3 -3 -5  0 -4 -3 -4  5  0 -6 -4 -4   15   0   8   0   0   2   2   4   0   2   0   6   0   1   0  57   4   0   0   0  0.93 0.45
  216 T    1  0  0 -2  3 -1 -2  0 -2 -1 -2  1  0 -1 -3  1  2 -4 -2 -1   10   4   5   0  10   2   0   9   0   4   2  14   3   3   0  14  15   0   1   3  0.20 0.13
  217 N   -2  1  6  0 -5 -1 -1 -1 -1 -5 -5  3 -4 -5 -3  1 -2 -5 -4 -4    0   8  49   3   0   0   0   3   0   0   0  28   0   0   0   8   0   0   0   0  0.96 0.25
  218 F   -3 -3 -4 -5 -3 -3 -4 -5 -2 -1  2 -1  3  6 -4 -3 -3 -1  3 -1    0   0   0   0   0   0   0   0   0   0  16   6  12  53   0   0   0   0  12   0  0.83 0.15
  219 T   -1 -2  2  2 -2 -1 -1 -2 -2 -2 -3 -1 -2 -3  3  1  4 -4 -3 -2    0   0  10  12   0   0   0   0   0   0   0   0   0   0  13   9  56   0   0   0  0.66 0.08
  220 F   -3 -4 -4 -5 -3 -4 -4 -4 -2 -1  1 -4  0  7 -4 -3 -3  0  2 -1    0   0   0   0   0   0   0   0   0   0  10   0   0  90   0   0   0   0   0   0  1.10 0.08
  221 A    3 -2 -2 -3 -2 -2 -2  2 -3 -1  1 -2 -1 -2  4  0 -1 -4 -3 -1   40   0   0   0   0   0   0  17   0   0  20   0   0   0  23   0   0   0   0   0  0.51 0.02
  222 T    1 -1  0 -1 -2 -1 -1 -1 -2 -2 -2 -1 -2 -3 -2  4  4 -4 -2 -1    0   0   0   0   0   0   0   0   0   0   0   0   0   0   0  60  40   0   0   0  0.66 0.03

                      K         Lambda
Standard Ungapped    0.1816     0.3467
Standard Gapped      0.1100     0.3190
PSI Ungapped         0.1816     0.3467
PSI Gapped           0.1100     0.3190
