
Last position-specific scoring matrix computed, weighted observed percentages rounded down, information per position, and relative weight of gapless real matches to pseudocounts
           A  R  N  D  C  Q  E  G  H  I  L  K  M  F  P  S  T  W  Y  V   A   R   N   D   C   Q   E   G   H   I   L   K   M   F   P   S   T   W   Y   V
    1 M   -4 -5 -6 -7 -5 -1 -5 -6 -5 -2  0 -5 10 -3 -6 -5 -4 -5 -5 -1    0   0   0   0   0   3   0   0   0   0   5   0  91   0   0   0   0   0   0   1  2.76 0.70
    2 G    2 -2  1 -3 -4 -2 -2  3 -3 -3 -3 -2 -2 -4  2  3  0 -5 -4 -1   15   2   6   0   0   1   1  27   0   0   2   1   1   0   9  26   6   0   0   4  0.54 0.23
    3 K   -2  2  0 -3 -5  1  0 -1 -1 -2 -3  5 -3 -4  2 -1  0 -5 -4 -4    2   8   5   0   0   5   4   4   1   2   1  49   0   0   9   3   5   0   0   0  0.77 0.32
    4 L   -4 -5 -6 -7 -1 -5 -6 -7 -6  4  4 -5  5 -2  1 -5 -2 -5 -4  1    0   0   0   0   1   0   0   0   0  26  41   0  15   1   7   0   2   0   0   6  1.13 0.50
    5 T   -3 -1 -1  2 -3  0  0 -4 -3  1 -4  4 -2 -5 -2 -2  3 -6 -5  0    0   2   2  11   0   4   4   0   0  10   1  30   0   0   1   1  24   0   0   8  0.66 0.42
    6 L   -5 -6 -7 -8 -2 -6 -7 -8 -6  2  5 -6  0  2 -7 -6 -5 -5 -1  1    0   0   0   0   1   0   0   0   0  10  70   0   1   8   0   0   0   0   1   8  1.51 0.63
    7 Y   -6 -7 -7 -8 -8 -7 -8 -9  2 -6 -4 -7 -6  1 -8 -7 -5  2  9 -7    0   0   0   0   0   0   0   0   4   0   1   0   0   5   0   0   0   3  86   0  3.29 1.16
    8 G    0 -3 -1 -2  0 -2 -3  3  3 -3 -2  0  0  0 -5  0 -1 -1  4 -2    6   1   3   3   2   2   0  28   9   1   3   5   3   3   0   9   3   1  16   3  0.48 0.31
    9 I   -1 -1  1  2 -2  0 -1 -3  2  0  0 -2  2  2 -2 -1  1 -2  0  0    5   3   8  13   1   3   2   1   6   5   8   0   9  11   1   4   9   0   3   7  0.17 0.17
   10 D    0 -1 -1  1 -2 -1  1 -3  1  0 -2 -1 -2 -1  5  0  0  2 -1 -2    6   2   3  10   1   1  10   1   3   5   5   2   1   3  27   7   5   3   2   3  0.46 0.27
   11 G    1  0 -1 -1 -3 -1 -2  1 -1  0  1 -1  2  0  0 -1  0 -1  0  0   13   6   3   3   0   2   1  15   1   7  13   2   7   5   4   3   5   1   3   6  0.08 0.10
   12 S   -1 -4 -1 -5 -2 -3 -3 -2 -5 -7 -7 -5 -6 -5 -4  7 -1 -8 -6 -5    3   0   2   0   1   1   1   3   0   0   0   0   0   0   1  85   2   0   0   0  2.00 0.94
   13 P    1 -2 -2 -4 -6  3 -2 -1 -3 -5 -5 -4 -4 -4  6  0  0 -2 -6 -3   12   2   1   0   0  13   1   4   0   0   1   0   0   1  49   6   7   1   0   1  1.34 0.64
   14 P   -1 -4  2 -2  3 -3 -3 -5 -1 -5 -6 -4 -2 -2  7 -2 -3 -7 -2 -5    5   1   9   2   7   1   1   1   1   1   0   0   1   2  63   3   1   0   2   0  1.82 0.77
   15 V    1 -5 -4 -5  7 -3 -5 -2 -3 -3 -3 -4 -4 -2 -4  3  0 -6 -4  2   12   0   0   0  28   1   0   3   0   0   2   0   0   2   1  27   6   0   0  17  1.04 0.54
   16 R   -1  7 -3 -6  0  0 -4 -5  1 -4 -2  0 -4 -4 -6 -4 -3  1 -1 -5    4  69   1   0   2   4   0   0   3   1   5   3   0   1   0   1   1   2   2   1  1.70 0.77
   17 S    4  2 -2 -3 -1 -2 -3 -2 -4 -3 -3  1 -2 -1 -2  2  0 -5 -3 -1   41  12   1   1   1   0   0   2   0   1   2  10   1   3   1  15   5   0   1   3  0.60 0.41
   18 V   -1 -6 -7 -7  0 -6 -6 -7 -7  2 -1 -6 -3 -5 -4 -4 -2 -6 -3  7    5   0   0   0   2   0   0   0   0   7   4   0   0   0   1   1   2   0   1  77  1.76 0.76
   19 L   -1  3 -4 -4 -3  0 -2 -5 -2  0  3 -1  3 -2 -5 -2 -2  4  1  0    4  18   0   1   0   4   2   0   1   6  32   3   8   1   0   2   1   5   5   6  0.49 0.33
   20 L   -1 -4 -4 -7 -2 -3 -6 -6 -6  3  3 -5  6  0 -6 -3  0  2 -3  0    5   1   1   0   1   1   0   0   0  17  32   0  28   3   0   1   5   3   0   3  1.07 0.54
   21 T    1 -5 -4 -5  3 -4 -3 -3 -5  0  1 -4 -1  3 -5 -2  4 -5 -2  2   14   0   0   0   6   0   1   1   0   4  14   0   1  13   0   1  27   0   1  18  0.62 0.40
   22 L    3 -5 -6 -6  4 -5 -3 -3 -5  1  4 -5  0 -3 -5 -2 -2 -2 -5  0   32   0   0   0   9   0   1   2   0   6  39   0   2   1   0   1   1   1   0   4  0.85 0.49
   23 R    1  2  1  0 -4 -1  2 -2  1 -4 -3  4 -2 -2 -4 -1 -2 -6 -2 -4   10  12   7   4   0   1  14   2   3   1   2  33   1   2   0   4   2   0   2   0  0.60 0.38
   24 A    3 -3 -2 -3 -2 -1  2 -4  2  0  1  0  1 -1 -4 -2 -2 -3 -1  0   30   0   1   1   1   2  17   0   7   7  12   5   4   2   0   1   1   0   2   6  0.37 0.31
   25 L   -1 -3  2 -5 -2 -3 -4 -4 -3  1  4  2  1 -2 -5 -2 -2 -3 -3 -1    4   1   9   0   1   0   1   1   0   8  50  13   2   1   0   3   2   0   1   3  0.69 0.42
   26 N   -2 -2  4  1 -7  0 -1  5 -1 -7 -7  1 -6 -7 -5 -2 -4 -1 -6 -6    2   2  23   8   0   4   4  43   1   0   0  11   0   0   0   2   0   1   0   0  1.10 0.54
   27 L   -2 -6 -6 -7 -5 -5 -6 -7 -4  5  4 -4  0 -2 -6 -4 -2 -6 -3  3    2   0   0   0   0   0   0   0   0  34  38   1   1   1   0   1   2   0   0  19  1.15 0.54
   28 D   -2 -3  1  4 -4  1  3 -4  0 -6 -5  1 -5 -6  4 -1 -2 -7 -6 -4    2   1   5  24   0   5  20   0   2   0   1   7   0   0  24   5   2   0   0   1  0.93 0.49
   29 F   -2 -4 -5 -4 -1 -5 -5 -6  2  0  2 -5  0  5 -4 -5 -2 -1  5  1    3   0   0   1   1   0   0   0   6   4  22   0   2  24   1   0   2   1  21  11  0.92 0.46
   30 D   -4 -1  4  2 -6  1  5 -4 -1 -5 -6  0 -5 -6 -3 -2  0 -7 -4 -2    0   2  19  10   0   5  44   1   1   0   0   6   0   0   1   2   5   0   0   3  1.04 0.56
   31 Y   -3 -2 -3 -3 -2 -2  0 -4  0  2  3 -2  0  2 -2 -3 -2  1  3  0    1   2   1   1   1   1   8   1   2  10  33   3   2   9   2   1   2   2  13   7  0.41 0.27
   32 K   -3  1 -2 -4 -2  1  1 -5  2  2 -3  4 -2 -5 -3 -2 -2 -6 -4  2    0   8   2   0   1   5   8   0   6  14   0  33   0   0   1   2   1   0   0  18  0.68 0.44
   33 I   -1  0  0  1 -4  0  2 -3  0  0  0  1  0  0  2 -1  0 -1  0 -1    5   5   4   7   0   3  17   1   2   6   8   8   2   4   9   4   4   1   4   5  0.14 0.11
   34 V   -3 -5 -6 -5 -1 -4 -4 -6 -6  4  1 -4  0 -2 -4 -4  0 -2 -3  5    2   0   0   0   1   0   1   0   0  27  11   1   2   1   1   0   7   1   0  45  1.09 0.52
   35 N   -3 -2  5  5 -6 -2 -1 -2 -2 -4 -4 -2 -3 -6 -5  1 -2 -3 -2 -4    1   2  34  36   0   1   2   2   1   1   2   2   1   0   0   8   2   0   2   1  1.19 0.58
   36 L   -3 -2 -5 -4 -4 -3 -4 -4 -1  2  4 -4  1  2  0 -4  0 -4  0  0    1   3   0   1   0   1   1   1   1  13  47   0   3   7   5   1   6   0   3   6  0.68 0.37
   37 M    0  0 -3 -1 -2 -2 -2 -1 -1  0  1 -2  3  4 -1  0  0 -1  1 -1   10   5   0   4   1   1   2   4   1   3  16   2   9  20   3   5   5   0   4   3  0.21 0.19
   38 E    1  0  1  0 -1  0  0 -1  0 -4 -3  4 -3 -2 -2 -1  0 -2 -3 -3   15   3   7   6   1   4   5   5   2   1   2  35   0   2   1   3   6   1   0   1  0.46 0.31
   39 K   -1  1  1 -1 -3  0 -2  5 -2 -5 -3  2 -1 -4 -2 -1 -2 -5 -5 -5    3   7   5   3   1   4   2  47   1   0   2  15   2   1   2   3   1   0   0   0  0.77 0.38
   40 E   -1 -3 -2  2 -3  1  6 -2 -2 -6 -6 -2 -5 -6 -2 -3 -3  0 -3 -3    4   1   1  13   1   5  63   2   1   0   0   1   0   0   2   1   1   2   1   1  1.37 0.63
   41 H   -2 -1  2 -2 -4  5 -2 -5  8 -5 -4 -2 -2 -4 -3 -3 -1 -5  0 -4    3   2   8   2   0  26   1   0  43   0   2   2   1   1   1   1   4   0   2   1  1.53 0.65
   42 L   -3  1 -1 -2 -3  0 -2 -3  1 -1  2  3  3  1 -4 -2 -2 -2  1 -2    1   9   2   2   1   3   1   2   4   2  24  22  11   6   0   1   2   1   5   2  0.39 0.27
   43 K   -1  0  0 -1  0  1  0 -1 -1 -3 -2  3 -2 -4 -2  2  3 -5 -4 -3    4   4   5   3   2   7   4   3   1   1   5  26   1   0   1  15  18   0   0   0  0.44 0.30
   44 P   -1 -3 -3  1 -6 -1  2 -3 -4 -4 -5  0 -5 -3  7 -2 -2 -6 -4 -4    6   1   1   7   0   3  14   2   0   1   0   5   0   1  54   3   1   0   1   1  1.44 0.59
   45 E   -1 -3 -1  2 -6 -1  6 -4 -1 -4 -6 -1 -5 -3 -2 -1 -1  1 -3 -4    6   1   2   9   0   2  62   1   1   1   0   2   0   1   1   5   3   2   1   1  1.25 0.58
   46 F   -5 -5 -5 -6 -5 -5 -5 -6  2 -1 -1 -5  0  7 -6 -3 -4 -2  5 -2    0   0   0   0   0   0   0   0   4   3   5   0   2  58   0   2   0   0  22   2  1.78 0.63
   47 L    0 -1 -3 -4 -2 -1 -2 -2 -3  1  4  0  1 -1 -4 -1 -1 -2 -1  1    8   3   1   0   1   2   2   3   0   9  46   6   2   1   0   3   4   1   2   7  0.39 0.25
   48 K    1  1  0 -1 -5  0  1 -3 -3 -3 -4  6 -4 -5 -3  0 -1 -5 -4 -3   12   5   3   3   0   4   7   1   0   1   1  53   0   0   0   4   4   0   0   2  0.91 0.45
   49 I   -2 -2 -4 -5 -2 -2 -4 -5 -2  5  2  0  3 -1 -4 -3 -2 -4 -2  2    2   2   0   0   1   1   0   0   1  37  22   8   8   1   0   0   1   0   1  12  0.68 0.33
   50 N   -3  0  7 -1 -5 -1 -2 -4  0 -3 -5 -3 -4  1 -5  0 -2 -5 -4 -5    1   5  67   1   0   3   2   0   2   2   1   0   0   5   0   7   2   0   0   0  1.60 0.64
   51 P   -2 -3 -4  0 -5 -3 -4 -1 -2 -4 -4 -2 -5 -3  7 -1 -2 -1 -5 -3    2   1   0   5   0   1   0   4   1   1   2   3   0   1  68   4   3   1   0   2  1.87 0.66
   52 L   -1 -1  1 -2 -1  3 -2 -3  0  0  2 -2  2  3  0 -2 -1 -1 -1 -1    4   3   7   2   2  20   1   1   2   4  21   1   6  15   5   1   4   1   1   2  0.30 0.24
   53 H   -2  1 -1 -3 -1  1 -2  2  7 -4 -3  1 -2 -3 -4 -2 -1 -4  1 -2    3   6   2   0   2   8   1  20  33   0   1   7   1   0   0   2   5   0   5   3  0.77 0.36
   54 T   -1  1  0 -2  2  2 -1  0 -1 -2 -2  2 -1  0 -3  0  3 -4 -1  0    2   6   3   0   6  10   2   6   1   1   3  17   1   4   0   4  25   0   2   7  0.28 0.21
   55 V   -2 -4 -4 -4 -1  0 -4 -4 -4  4  1 -4 -1 -1 -4 -3 -1 -4 -3  5    2   1   0   1   1   5   1   1   0  25  10   1   0   2   1   1   3   0   0  46  0.80 0.36
   56 P   -3 -4 -4 -4 -4 -3 -3 -4 -4 -4 -2 -3 -4 -4  7 -3  0 -5 -4 -1    1   1   1   1   0   1   1   1   0   1   5   1   0   0  75   1   7   0   0   4  2.14 0.59
   57 A    2 -3 -2 -2  0 -2 -1 -2 -3  0 -1 -2  0  0 -3  1  3 -3 -1  2   22   0   0   2   2   0   3   2   0   3   3   1   2   5   0  11  26   0   2  15  0.35 0.22
   58 L   -2 -3 -4 -4 -3 -3 -4 -4  2  3  3 -3  2  2 -4 -3 -2  1  0  0    3   0   0   1   0   0   1   1   6  24  38   1   5   9   0   1   1   2   2   4  0.61 0.27
   59 D   -2  0  0  3 -2  1  3 -2  2 -1 -2  2  0 -3 -3 -1 -1 -4 -2  1    2   3   5  16   1   4  20   2   7   2   2  14   3   0   0   2   2   0   1  14  0.33 0.19
   60 D   -2 -3 -1  6 -5 -2  2 -2  3 -2 -4 -2 -4 -1 -2 -1 -1 -5 -2  0    2   0   1  55   0   0  10   2   7   2   0   2   0   2   1   3   2   0   1   7  1.03 0.41
   61 N    0  1  1  1  2  1  1  0  2 -3 -3  1 -2 -2 -2  0  0 -3  1 -3    8   8   7   8   7   7   8   8   7   0   1   8   0   0   0   8   8   0   7   0  0.21 0.14
   62 G   -1 -1  0  3 -4 -2  0  4  0 -4 -3 -1 -4 -2 -2 -1 -2 -4 -2 -4    4   3   5  18   0   0   6  41   3   1   2   3   0   2   2   4   2   0   2   1  0.65 0.31
   63 F   -2 -2 -2 -2 -4 -1 -1 -3  0  0  1 -1  0  6 -4 -1  0  1  1  0    2   2   2   2   0   2   5   2   2   5  11   4   1  38   1   4   5   2   4   6  0.52 0.29
   64 Y    0 -1  0 -3  1  0 -1 -1  1  1 -1 -1  0  2  0 -1  0 -3  1  2    8   3   5   0   3   3   3   4   3  11   4   4   3  10   4   4   5   0   4  17  0.08 0.08
   65 L   -1 -3 -3 -3  3 -2 -3 -3 -2  2  1 -3  3  2 -3 -2 -1 -1  3  1    1   1   1   1  13   1   1   1   0  13  14   1  13  13   1   1   1   0  13  13  0.27 0.08
   66 A    1 -1  0 -2  1 -1 -2 -2  0 -1 -3 -2  1  2 -2  0 -1  6  1  1   10   3   4   2   3   2   2   4   3   3   3   3   3   8   3   6   4  12   4   9  0.23 0.18
   67 D    0 -1  1  1 -3  1  1  1 -1 -3 -2  1 -2  1  2 -1 -1 -3 -1 -2   10   0   9  10   0   9  10  10   0   0   1  10   0   9  10   1   1   0   0   1  0.18 0.10
   68 S    0  0  0  0  2 -3 -3 -1 -4 -4 -4  0  1  0  0  5  0 -5 -4 -4    6   5   4   4   4   0   0   5   0   0   1   6   4   4   5  44   5   0   0   0  0.67 0.43
   69 H    0  0  0  0  2  0 -2 -1  1  0 -1  0  1  0  1  0  0 -3  1  0    6   6   5   6   5   5   0   6   5   6   6   6   5   5   6   6   6   0   5   6  0.04 0.08
   70 A    5 -4 -1 -2 -4 -1 -2  0  2 -2 -3 -3 -3 -4  1  0 -1 -5 -4  0   55   0   2   2   0   3   2   6   6   2   2   0   0   0   6   4   3   0   0   6  0.74 0.44
   71 I   -2 -5 -5 -5  0 -2 -5 -6  1  6 -1 -2  1  1 -5 -4  0 -5 -3  0    3   0   0   0   2   2   0   0   4  65   3   3   2   6   0   0   5   0   0   3  1.23 0.57
   72 N    0 -3  0  0  2 -1 -3 -2  1  1  2 -3  4  0 -3 -1 -1 -4 -2  1    6   0   6   6   6   2   0   2   4   9  27   0  12   3   0   3   3   0   0   7  0.27 0.21
   73 S    0  0  0  0  1  0  0 -1  1  0 -1  0  1  0  0  0  0 -3  1  0    5   5   5   5   5   5   5   5   5   5   5   5   5   5   5   5   5   0   5   5  0.03 0.05
   74 Y   -2 -1  1 -2  3 -1 -2 -3  3  1  0  1 -1  2 -3 -1 -1 -1  2 -1    1   1  12   1  11   0   1   1  11  12  12  12   0  12   1   1   1   0  11   1  0.18 0.09
   75 L   -2 -3 -3 -3 -2 -2 -3 -3 -3  1  3 -3  2  1  2 -2 -2  5 -1  1    1   1   1   1   0   1   1   1   0   9  39   1   7   7  12   1   1  12   0   7  0.45 0.11
   76 V    3 -4 -2 -2  4 -2 -2 -1 -1  1 -2 -2 -1 -2 -4 -1 -1 -1 -2  3   30   0   1   2  12   1   2   5   1   8   3   1   1   1   0   2   4   1   1  21  0.48 0.30
   77 S   -1  1  3  2 -1  0  3  0  0 -3 -3 -1 -3 -4 -3  1  0 -5 -2 -2    5   8  15  10   1   4  19   7   2   2   2   2   0   0   0  11   6   0   1   3  0.35 0.23
   78 K   -1  2  0  0  1  1  0 -4  2 -4 -1  4  0  0 -4  0  1  2 -4 -1    4   9   4   5   3   5   5   0   4   0   6  25   3   4   0   5   8   3   0   5  0.34 0.30
   79 Y   -1  0  0  0  2  1  0 -1  2 -2 -1  0  1  0  0  0  0  3  1 -1    5   5   5   5   5   5   5   5   5   0   5   5   5   5   5   5   5   5   5   5  0.08 0.11
   80 G    0 -1  1  1  0  1  0  2  0 -1 -2  0  0 -1  1  0  0 -4 -3 -2    8   3   7   7   3   6   4  18   3   3   4   7   3   3   8   6   4   0   0   3  0.16 0.15
   81 R   -1  1  0  0 -1  1  0 -1 -1 -2 -1  2 -1 -1  2  0  0  0 -1  0    4   6   5   5   1   8   6   5   2   2   5  16   1   2  12   6   4   1   2   7  0.17 0.16
   82 N    0  0  2  1 -4  0  0  1  1 -1 -2  0 -2 -1  0  0  0 -4  0 -1    6   5  12  10   0   4   7  12   4   3   4   5   0   3   5   6   6   0   3   4  0.14 0.13
   83 D    0  0  0  0  2  1  0 -1  2 -2 -1  0  1  0  1  0  0 -3  1 -1    6   6   5   6   5   5   6   6   5   0   6   6   5   5   6   6   6   0   5   6  0.06 0.09
   84 S    0  0  0  0  0  1  0 -1  2 -1 -2  0  1 -1  2  1  1  2  0 -2    6   4   5   6   2   6   5   5   5   3   4   6   3   3   9  11   8   3   3   3  0.13 0.13
   85 L   -3 -6 -6 -3 -6 -5 -3 -4 -6  0  5 -3  0  2 -1 -5 -1  5  0 -1    3   0   0   2   0   0   2   2   0   5  53   2   2   7   3   0   3  10   3   3  1.02 0.59
   86 Y   -3 -2 -3 -3 -1 -5 -6 -3  0 -1  1 -3 -1  2 -1 -3 -2  3  7 -2    3   2   2   2   1   0   0   2   2   3  16   2   2   6   4   2   3   4  45   2  1.19 0.64
   87 P   -2 -7 -7 -7  1 -6 -3 -1  0 -3 -2 -6  0 -8  7 -2 -2 -9 -8 -2    3   0   0   0   3   0   2   5   3   2   5   0   2   0  67   3   3   0   0   3  1.99 0.96
   88 K   -1  0  0  0 -2  1  1 -1  1 -2 -2  4 -2 -1  0  1  1 -5 -2 -2    4   5   4   4   1   4   8   4   3   2   4  27   1   3   4   9  10   0   1   2  0.32 0.27
   89 D   -1 -2  1  6  1 -2  0 -2 -5 -4 -5 -3 -6 -6 -3  0 -2 -7 -1 -3    6   2   6  53   3   2   6   4   0   1   1   1   0   0   2   6   3   0   2   2  1.14 0.61
   90 L    0 -3 -2 -4 -2 -3 -2 -5 -2  1  3 -3 -1 -1  5  0 -1 -5  0  0    8   1   2   1   1   1   2   0   1   7  28   1   1   2  26   6   3   0   3   6  0.62 0.41
   91 K   -1  1 -1 -2 -3  2  2 -3  0 -2 -1  4 -1 -2 -1 -2 -1 -5 -3  0    5   6   3   2   1  10  13   2   3   2   7  28   1   2   4   2   3   0   1   6  0.39 0.31
   92 K    1  1 -1  0 -5  2  2  0 -3 -1 -1  3 -2 -3 -2 -1  0 -5 -3 -2   11   7   2   6   0   8  16   6   0   4   6  18   1   1   1   3   7   0   1   2  0.29 0.25
   93 R   -1  6 -3 -4 -7  1 -3 -1 -1 -3 -2  2  1 -4 -6 -3 -4 -6  1 -4    6  53   1   1   0   6   1   5   1   2   3   9   3   1   0   2   1   0   4   1  1.21 0.68
   94 A    6 -4 -6 -5  1 -2 -3  0 -6 -4 -5 -5 -1 -4 -4  0 -2 -1 -1 -4   72   1   0   1   2   1   1   6   0   1   1   0   2   1   1   5   2   1   2   1  1.48 0.84
   95 I   -1  0  0  0  2  0  0 -1  2  0 -1  0  2  1  0 -1  0  3  1 -1    5   5   5   5   5   5   5   5   5   5   5   5   5   5   5   5   5   5   5   5  0.10 0.08
   96 V   -1 -7  0 -1  2  1 -7 -8 -7  3 -2 -7  2  1 -8 -2 -1 -7  1  4    6   0   4   4   5   6   0   0   0  15   4   0   5   7   0   4   4   0   4  32  0.84 0.39
   97 D   -2  0  3  3  1  0  2 -3  2 -2 -1 -1  0  0 -5 -1 -2  1  0 -2    4   6  13  19   3   4  11   2   6   2   7   3   3   3   0   4   3   2   3   2  0.34 0.26
   98 Q    0  1 -1 -2 -1  6  0 -3  1 -6 -3 -1  0 -1 -1 -1 -2  4 -2 -1    7   8   3   2   1  36   6   2   3   0   2   3   2   3   4   5   2   5   2   5  0.75 0.53
   99 R    1  3 -6 -3 -1  0 -5 -3 -2  0  0 -2  3  0 -3 -3 -5  8  2 -1   11  17   0   1   1   4   0   2   1   5   9   2   8   3   1   2   0  21   6   5  0.85 0.51
  100 L    0 -6 -3 -4 -1 -3 -2 -7 -1  0  5 -3  5 -1 -6 -3 -1  0 -2 -2    7   0   1   1   1   1   3   0   1   4  52   1  12   3   0   2   4   1   1   2  0.97 0.56
  101 H   -1 -1  1  0  0  0  0 -3  5 -3 -2 -2  0  3 -1  1 -1 -1  2 -2    6   4   6   6   2   4   7   2  14   2   4   1   2  13   3  10   3   1   8   2  0.35 0.28
  102 Y   -1 -2 -1 -7 -6 -1 -4 -7  1  1 -1 -4 -1  6 -7 -3 -2  6  4  0    5   3   3   0   0   3   1   0   4   8   5   1   1  33   0   2   2  10  12   7  1.04 0.55
  103 D    1 -2  2  4  0  1  2 -2  2 -2 -1 -2 -1 -2 -4 -1 -1 -5 -2  0   10   2   9  22   2   5  15   2   5   2   7   1   2   1   0   5   2   0   1   7  0.38 0.30
  104 S    2 -3  0 -1  1 -1 -2 -1  2 -1  0 -3  2 -3 -1  3  1 -5 -2 -1   17   1   4   4   3   3   1   5   5   4  10   1   5   1   3  21   9   0   1   3  0.27 0.27
  105 S    0 -3  1 -1 -1  1  0  3 -1 -3 -4 -2 -5 -3 -3  3  2  0 -2 -2    6   1   5   3   1   6   5  23   2   1   2   2   0   1   1  24  11   1   2   2  0.48 0.38
  106 V   -1 -2  0 -2 -1 -1 -1 -1  1  1  0 -1  1  0 -1  0  2  0  1  2    5   1   5   1   1   3   4   5   3  10   9   3   3   4   3   6  14   1   5  15  0.11 0.13
  107 V   -2 -2 -1 -3 -4 -2 -2 -1  0  2  3 -4  0  2 -3 -2 -2  0  1  1    3   2   3   2   0   2   3   4   3  13  30   0   2  10   1   3   3   1   5  10  0.37 0.26
  108 T    0  1 -1  0 -1  1  0 -1  0 -2 -2 -1 -1  3  0  0  1 -1  3 -1    8   8   3   7   1   7   5   4   2   2   2   2   1  12   6   6  10   1  11   3  0.20 0.20
  109 S    1  1  1 -2  0  0 -2 -2  0  0 -1  0  0 -3  4  1 -1 -5 -1 -1   12   8   6   2   2   5   2   3   2   5   6   5   3   1  19  10   4   0   2   4  0.28 0.24
  110 T    1  1  0 -2  1  0 -2 -1  1  0  0 -1  0  0  1  0  0 -1 -2  0   12  10   4   1   4   4   1   4   5   6  10   3   3   5   6   8   6   1   1   7  0.08 0.10
  111 G    0 -2 -2 -2 -1  0 -2  2  0  0  1 -2  1  1 -1 -1 -1  2  1  0   10   2   2   3   2   4   1  17   3   6  14   2   4   7   3   5   4   3   4   7  0.11 0.11
  112 R    0  3  0 -1 -2  2  1  0  1 -2 -2  2 -1 -1 -3  1 -2  0  1 -2    7  17   4   3   1   8   7   6   3   3   4  11   2   2   1  11   2   1   4   3  0.23 0.22
  113 A    2  0  0  1 -1 -1  0  0 -1 -1 -1  0  0  0 -2  0  0 -3  0 -1   22   4   5   8   1   2   6   7   1   4   6   5   2   5   2   5   6   0   4   5  0.11 0.13
  114 I   -1 -2 -3 -7  0 -4 -5 -5 -2  4  2 -5  2  1 -3 -4 -2  0  3  3    6   3   1   0   2   1   1   1   1  23  16   1   4   6   2   1   3   1  11  18  0.67 0.40
  115 T    0 -2 -1 -2 -1 -2 -2 -3 -1  1  1 -2  2  2 -3  0  1 -1  2  1    9   2   3   2   2   2   2   2   2   7  11   2   6  10   1   8   8   1   9  12  0.21 0.17
  116 F   -1  0  0  0  2  0  0 -1  2  0 -1  0  2  1  0 -1  0  3  1 -1    5   5   5   5   5   5   5   5   5   5   5   5   5   5   5   5   5   5   5   5  0.09 0.08
  117 P   -1  0  0  0  2  0  0 -1  2  0 -1  0  2  1  0 -1  0  3  1 -1    5   5   5   5   5   5   5   5   5   5   5   5   5   5   5   5   5   5   5   5  0.09 0.08
  118 L   -1  0 -2 -3 -1 -1 -3 -3  0  2  2 -1  2  1 -2 -2 -1  1  0  1    4   6   2   2   1   3   2   2   2  12  20   5   6   6   3   3   4   2   4  10  0.23 0.17
  119 F   -2 -3 -2 -3  0 -1 -3 -3 -1  2  1 -2  2  5 -2 -3 -3  3  2  1    4   1   2   2   2   3   2   3   1   9  14   2   4  21   3   2   2   4   7  10  0.52 0.31
  120 W   -1  0 -2 -2  0 -1 -1 -1  1  0  0 -2  2  4 -1 -1 -1  3  2  0    5   6   2   2   2   2   4   5   3   6   8   2   4  17   4   5   4   4   7   6  0.24 0.16
  121 E    0  0 -2  1 -2  1  2  2  0 -2 -2  2 -1  0  0 -1 -1 -1 -2 -3    7   6   2   8   1   5  13  14   3   2   4  11   1   3   5   5   5   1   2   2  0.19 0.17
  122 N   -2 -1  3 -1  0  1 -1  4  0 -2 -3  1 -1 -2  0 -1 -1 -1 -2 -4    3   4  12   4   2   6   5  27   2   3   4   9   2   2   5   4   4   1   2   1  0.41 0.31
  123 K    0  1 -1 -1  0  2  1 -1 -1 -2 -3  3  0 -3  1 -1 -1 -7 -1 -2    7   8   3   4   2   7   9   6   1   3   3  21   2   1   6   5   4   0   2   4  0.28 0.25
  124 T    0  0  0  0 -4  0  0 -1  0 -1 -1  1  0 -1  1  0  2  1  0 -1    8   5   5   5   0   4   6   5   3   4   5  10   3   2   8   5  13   2   3   5  0.10 0.12
  125 E   -1 -1  0  1  0  0  2  0  0 -2 -2  0  0 -1  2  0  0 -5 -1 -1    5   4   4  10   2   3  18   7   3   3   3   6   2   2  11   6   6   0   2   4  0.21 0.21
  126 I    0 -1  0  0  0 -1 -1 -1  0  2  0 -1  1  0  0 -1  0  1  0  1    6   2   4   7   2   2   3   4   2  13  10   4   3   3   5   4   5   2   4  13  0.04 0.06
  127 P    0 -2  0  2 -1 -1  0 -1  0 -2 -2  0  0 -2  4  0  0 -6 -2 -1    7   2   4  11   1   3   7   4   2   2   3   5   2   2  24   8   6   0   2   4  0.40 0.32
  128 Q   -1  0 -1  1 -1  3  3 -3  0 -2 -2  1 -1 -3  1 -1 -2  0 -2 -3    5   4   3   8   2  15  22   2   2   3   4   8   2   1   8   4   2   2   1   2  0.40 0.35
  129 A    3 -1 -1  1 -2  0  3 -2 -1 -2 -2  2 -1 -3 -2  0  0 -1 -1 -1   22   2   3   7   1   3  18   3   1   2   4  11   2   1   2   5   5   1   2   4  0.30 0.29
  130 R    0  2  0 -1 -2  2  0 -3  2 -2 -2  3 -1 -2 -2 -1 -1 -2  0 -1    9  13   5   3   1   8   7   1   5   2   4  22   2   2   2   3   3   1   3   4  0.35 0.30
  131 I    0  0 -2 -3 -1  0  0 -3 -1  2  2  1  0  0 -3 -2 -1 -1  1  1    7   4   2   1   1   4   7   2   1  15  18   8   2   4   1   3   4   1   4  11  0.19 0.17
  132 D    0 -1  1  4 -1  1  3 -3  1 -4 -4  3 -3 -3 -1 -3 -1 -7 -4 -3    7   4   6  20   1   6  18   2   3   1   2  17   1   1   3   2   5   0   1   2  0.56 0.43
  133 A    2  0  0  0 -1  1  1 -2 -1 -1 -1  2  0 -2 -1  0 -1 -1  0 -1   18   5   4   4   1   5  11   3   1   3   5  16   2   2   3   6   3   1   3   3  0.19 0.21
  134 L    0 -3 -3 -3 -2 -3 -1 -3 -3  3  3 -2  2  1 -6 -2 -1  1 -1  1    7   1   1   1   1   1   5   2   1  16  32   3   5   6   0   2   3   2   2   9  0.48 0.33
  135 E   -1  1  0  1 -3  1  4 -4  2 -3 -1  3 -2 -3 -2 -3 -1 -6  0 -3    5   6   4   7   1   6  26   1   4   1   6  17   1   1   2   2   3   0   3   2  0.50 0.41
  136 G    1  0  1  1 -1  0  3  1  0 -3 -4  2 -2 -3 -2 -1  0 -6 -4 -2   10   4   8   7   1   3  20  10   2   1   2  15   1   1   1   5   5   0   1   2  0.36 0.31
  137 V    3 -3 -2 -5  0 -2 -3  0 -1  1  1 -1  1 -1 -3  0 -1 -1 -2  2   24   1   2   0   2   1   1   6   2   7  15   3   3   3   1   6   4   1   1  15  0.32 0.27
  138 Y   -2 -3 -3 -2 -1 -2 -3 -5  0 -1  3 -2  0  4 -6 -3 -2 -1  5 -1    4   1   1   3   1   2   2   1   2   4  25   3   2  17   0   2   3   1  22   5  0.75 0.45
  139 K    0  2  0  2 -6  1  2  1 -3 -3 -3  3 -3 -6 -2  0  0 -6 -4 -3    7   9   4  12   0   5  16   9   1   1   2  17   1   0   2   5   6   0   1   1  0.42 0.34
  140 S    0 -2 -2 -1 -2 -2 -2 -2 -1  2  0 -2  1  3 -3  1  1  1  1  1   10   2   2   4   1   2   3   3   1  12   8   2   3  13   1  10   9   2   5   9  0.18 0.18
  141 L   -4 -4 -7 -5 -2 -3 -1 -5 -6  0  5 -7  3  1 -7 -5 -3 -6  1  0    2   1   0   1   1   1   4   1   0   4  59   0   7   6   0   1   1   0   5   5  1.24 0.69
  142 N   -4 -3  4  4 -3 -1  5 -2 -2 -7 -4 -1 -4 -7 -6 -1 -3 -7 -7 -5    1   2  21  23   1   3  33   3   1   0   2   3   1   0   0   4   2   0   0   1  1.19 0.71
  143 L    0  1  0  0 -4  1  0 -1  0 -1  0  2  0 -1 -4 -1  1 -5 -1  0    6   6   4   5   0   6   5   5   2   4  11  15   2   2   0   4  11   0   3   7  0.14 0.16
  144 F   -3 -1 -5 -4  0 -1 -4 -5  3  1  1 -3  2  6 -4 -4 -3  3  3 -2    2   4   0   1   2   3   1   1   6   7  12   1   6  34   1   1   1   4   9   2  0.96 0.54
  145 L   -5 -5 -6 -6 -7 -3 -3 -5 -8  0  6 -4  0 -3 -8 -8 -5 -2 -4 -1    1   1   0   1   0   1   2   1   0   4  80   1   2   1   0   0   1   1   1   3  1.89 0.97
  146 E    0  0 -2  1 -6  1  3  1 -2 -4 -3  3 -2 -6 -1  1 -1 -6 -4 -1    8   5   2   7   0   7  20  10   1   1   2  16   1   0   3  11   4   0   0   4  0.41 0.34
  147 N   -2  0  3  3 -3  0  0  3  0 -5 -6  2 -3 -7 -4  0  0 -8 -7 -5    3   5  13  16   1   4   7  24   2   0   0  12   1   0   1   5   6   0   0   1  0.65 0.45
  148 G   -3  2  2 -3 -1  3 -2  2  2 -6 -6  2 -5 -6 -5  2  1 -3 -2 -6    2  12  11   1   1  12   2  15   5   0   0  12   0   0   0  14   9   0   1   0  0.61 0.45
  149 N   -1  1  1  2 -7  1  1 -2 -2 -3 -4  4 -5 -4  2 -1  0 -7 -3 -4    5   7   5  13   0   6   8   4   1   2   2  24   0   1  11   4   6   0   1   1  0.50 0.37
  150 Y   -9 -9 -9-10 -9 -9 -9-10  0 -4 -6 -9 -7  6-10 -9 -5  7  8 -5    0   0   0   0   0   0   0   0   2   1   1   0   0  29   0   0   1  17  49   1  2.88 1.23
  151 L    2 -7 -7 -8 -1 -6 -7 -7 -7  3  4 -5  2  0 -7 -3 -3 -7 -3  3   15   0   0   0   2   0   0   0   0  13  37   1   4   4   0   1   2   0   1  20  0.99 0.54
  152 A    5 -7 -2 -7  3 -6 -4 -2 -3 -2 -2 -6 -5 -2 -5 -3  1 -8 -3  2   56   0   2   0   6   0   1   4   1   2   3   0   0   2   0   1   8   0   1  14  1.19 0.71
  153 G   -1 -8 -3 -3 -2 -3 -6  7 -4 -9 -3 -7 -8 -9 -8 -1 -2 -2 -5 -5    5   0   1   1   1   1   0  78   1   0   3   0   0   0   0   4   3   1   0   1  2.05 0.97
  154 D   -4 -3  3  6 -5 -1  2 -3 -1 -8 -9 -1 -8 -8 -1  0 -3 -9 -5 -6    1   1  12  50   0   2  12   2   1   0   0   4   0   0   4   7   1   0   0   1  1.42 0.76
  155 N   -3  0  3  0 -3  2  2 -3  5 -4 -5  1 -3 -3 -5  1  0 -1 -1 -3    2   5  15   4   1  10  16   2  13   1   1   8   1   1   0  10   5   1   2   2  0.59 0.42
  156 L   -3 -7 -7 -6 -3 -4 -7 -8 -7  3  4 -6  4  3  0 -6 -4 -3  1  1    2   0   0   0   1   1   0   0   0  18  37   0  10  11   6   0   0   0   4   9  1.03 0.54
  157 T   -4 -4 -4 -7 -7 -3 -7 -5 -4 -5 -8 -7 -4 -3 -7  3  7 -9 -2 -6    1   1   1   0   0   1   0   1   1   0   0   0   0   1   0  22  70   0   2   0  2.20 1.12
  158 I   -3 -8 -9 -9 -4 -8 -8 -9 -2  6  4 -8 -1 -3 -5 -7 -6 -8 -4  2    2   0   0   0   0   0   0   0   1  45  34   0   1   1   1   0   0   0   0  14  1.65 0.76
  159 A    7 -8 -8 -8 -1 -7 -7 -2 -8 -5 -8 -7 -7 -8 -5 -3 -3 -9 -8 -2   89   0   0   0   1   0   0   3   0   1   0   0   0   0   1   1   1   0   0   3  2.43 1.15
  160 D   -8 -8 -5  8-11 -7 -3 -5 -2-11-11 -7-10-10 -8 -7 -8-12-10-10    0   0   0  97   0   0   2   1   1   0   0   0   0   0   0   0   0   0   0   0  3.47 1.39
  161 F   -5 -7 -7 -7 -4 -6 -7 -7 -3  5  3 -7 -1  4 -7 -6 -4 -1  1  1    1   0   0   0   0   0   0   0   1  33  30   0   1  19   0   0   1   1   4   8  1.32 0.59
  162 H    2 -2 -1 -4  3 -2 -4 -2  1 -3 -1 -3 -1  1 -1  4  0 -5 -2 -1   16   2   3   0   7   2   0   2   3   1   6   1   1   6   3  35   5   0   2   3  0.56 0.38
  163 V    1 -6 -4 -6  5 -5 -6 -4 -1  3  3 -5  1  0 -6 -3 -1 -2 -1  1   14   0   1   0  13   0   0   1   2  16  29   0   3   3   0   1   4   0   2  11  0.74 0.39
  164 I    1 -5 -4 -6  0 -5 -4 -2 -1  3  2 -5  1  1 -2 -2 -2 -1  2  3   14   0   0   0   2   0   0   3   1  15  16   0   3   6   2   3   2   1   7  24  0.51 0.32
  165 A    4 -5 -3 -5  4 -3 -5 -1 -3 -4 -3 -4 -3 -2  2  2  1 -2 -1  0   31   0   1   0  10   1   0   4   0   1   3   0   0   2  12  16  10   1   2   6  0.71 0.46
  166 G   -1 -4 -1  0 -3  1  2  0  0 -3 -4 -4 -2 -4 -2  3  4  0 -1 -2    5   0   3   4   1   5  14   8   3   1   2   0   1   1   1  20  28   1   2   2  0.56 0.41
  167 L   -1 -6 -6 -7 -1 -5 -6 -5 -4  4  3 -6  1  0 -6 -4 -2 -1  2  4    4   0   0   0   1   0   0   1   0  24  28   0   3   3   0   1   2   1   6  26  0.92 0.46
  168 T    0 -3  0 -2  1 -1 -1 -3  1  0 -2 -3  1 -2 -5  3  3 -6 -1  0    8   1   3   2   3   2   4   1   4   4   3   0   4   1   0  28  21   0   2   6  0.48 0.37
  169 G    1 -2  0 -3  0  3 -1  0  0 -1 -1 -2  1 -3 -2  2  3 -3 -2 -2   13   2   4   0   2  13   3   7   2   3   5   1   4   1   1  15  19   0   1   2  0.33 0.28
  170 F    1 -3 -3 -4  0 -3 -3 -3  0  1  3 -4  2  2 -1 -2 -1  1  2  1   12   1   1   1   2   1   1   2   2   9  29   0   5   9   4   2   3   2   6   8  0.35 0.24
  171 F    0 -1  0  1 -2  0  1 -2  1  0  1 -1  1  1 -2 -1 -1 -1 -1  0    6   3   5   9   1   3  12   3   4   4  19   3   4   6   2   3   4   1   2   7  0.09 0.11
  172 V    2 -1 -1 -1  0  0  1  0 -2  1  0  0  0 -2  0 -1  0 -3 -2  1   17   2   3   2   2   4  11   6   1   9   8   5   2   1   4   3   4   0   1  14  0.10 0.12
  173 F    0  0 -2 -1 -2 -1 -1  0 -1  1  1 -1  1  3 -3 -1 -1  0  0  0    8   5   2   3   1   2   3   7   2   8  18   2   4  15   1   4   4   1   2   7  0.12 0.11
  174 L    0 -2 -1 -2  0 -2 -3  1 -1  1  1 -1  1  1 -2 -1 -1 -2  0  2    7   2   3   2   2   1   1  12   2  10  15   4   4   8   2   3   3   0   2  17  0.14 0.13
  175 P   -2  0  1  2 -2  0  0  2 -2 -4 -4  0 -3 -1  4 -2 -2 -6 -1 -3    4   4   7  12   1   4   7  16   1   1   1   7   1   3  23   2   2   0   2   2  0.52 0.35
  176 V   -3 -5 -2  0 -3 -3 -2 -4  0  4  1 -3 -1  4 -4 -3 -1  0  2  2    2   0   2   5   0   1   2   1   2  22  12   2   1  16   1   1   4   1   8  15  0.54 0.32
  177 D   -4 -3  1  6 -4 -3  1 -2 -1 -2 -4 -1 -4 -2 -1  0 -3 -4 -5 -1    1   1   5  51   0   1   9   3   2   2   2   4   0   2   4   6   1   0   0   5  1.12 0.60
  178 A    0  0 -3 -3 -2 -2  0 -1 -3  1  2 -1  2  3 -1 -1  0 -1  1 -1    9   6   1   1   1   1   6   4   0   9  22   3   6  13   3   4   5   1   4   3  0.21 0.18
  179 T    0  0  1  1 -3  0  2 -1 -1 -5 -3  0 -2 -5 -2  3  2 -3 -4 -3    9   4   7   9   1   4  12   4   1   0   3   7   1   0   2  24  11   0   0   2  0.38 0.30
  180 K   -2  2  1  1 -6  0  1 -1 -1 -3 -5  4 -2 -6  1 -1 -2 -7 -6 -4    4  10   6   9   0   5  10   5   1   2   1  32   1   0   8   5   2   0   0   1  0.66 0.42
  181 Y   -6  1 -3 -7 -2 -6 -7 -5  4 -6 -4 -6 -3  5 -6 -6 -5  3  8 -5    1   7   1   0   1   0   0   1   8   0   2   0   1  23   1   0   1   4  49   1  2.13 0.92
  182 P   -3 -4 -6 -3 -8 -2 -1 -5 -3 -8 -6  0 -7 -8  7 -1 -4 -5 -3 -4    3   1   0   1   0   2   5   1   1   0   1   6   0   0  72   4   1   0   1   1  2.22 1.05
  183 E   -3  2  5 -3 -2 -1 -2 -4  3 -3 -2  4 -6 -5 -6 -3 -2 -7 -2 -6    2   9  31   1   1   3   2   1   7   2   4  30   0   0   0   2   2   0   1   0  1.10 0.62
  184 L   -4 -7 -8 -9 -6 -7 -8 -7 -8  4  4 -7  0 -4 -8 -7 -1 -7 -4  4    1   0   0   0   0   0   0   0   0  26  37   0   2   0   0   0   3   0   0  30  1.45 0.68
  185 A    2  1  0 -1  0  2  0 -3 -2 -1 -1  2 -2 -2 -4  1  0 -5 -2  0   16   6   5   3   2   9   5   1   1   3   7  14   1   2   0  13   5   0   1   6  0.22 0.21
  186 A    4  3 -1  0 -6  0  1 -2 -2 -5 -5  2 -2 -6 -5  0 -2 -7 -5 -5   35  17   3   6   0   4   7   3   1   0   1  12   1   0   0   7   2   0   0   0  0.72 0.48
  187 W   -9-10-10-12 -4 -9-10-10 -3 -5 -2-10 -8  0-11-10-10 12  4 -9    0   0   0   0   0   0   0   0   1   1   4   0   0   3   0   0   0  78  13   0  4.35 1.58
  188 I   -3 -3 -2 -7 -1 -3 -6 -6  1  2  2 -4  5  3 -7 -5 -4  3  4  0    2   2   2   0   1   1   0   0   4  11  23   1  14  10   0   0   1   4  18   7  0.87 0.46
  189 K    1 -1  1  2 -7  2  4 -2 -2 -7 -7  3 -5 -5 -5  0 -1 -3 -3 -6   10   3   6  13   0  10  26   3   1   0   0  18   0   0   0   6   3   0   1   0  0.74 0.47
  190 R   -2  6  0 -1 -3 -1  0 -4  0 -5 -3  2 -3 -7 -6 -2  0 -4 -5 -4    4  49   5   3   1   2   7   1   2   0   3  12   0   0   0   3   6   0   0   1  1.14 0.62
  191 I   -2 -7 -7 -7  5 -6 -7 -6 -6  3  2 -6  6  0 -7 -5 -2 -6  1  3    3   0   0   0  14   0   0   1   0  16  18   0  20   3   0   0   2   0   4  19  1.15 0.56
  192 K   -2  1 -2 -3 -4  2  2 -5 -3 -5 -5  5  1 -3 -5  1 -2 -3 -3 -5    3   8   2   1   0   8  15   0   1   0   1  41   3   1   0  10   3   0   1   1  0.95 0.57
  193 E    2 -2  0  0 -6  3  4 -4 -2 -6 -4  2 -3 -7 -5  2 -1 -7 -6 -4   18   2   4   4   0  12  28   1   1   0   1  11   0   0   0  13   4   0   0   1  0.75 0.50
  194 L   -1  2 -3 -6 -3  0 -1 -6  0  2  4 -3  2  0 -6 -3 -2 -5 -2  0    4  12   1   0   0   4   3   0   2  14  39   1   5   3   0   1   2   0   1   6  0.63 0.38
  195 P   -3 -5 -7 -1 -8 -3 -2 -8 -4 -3 -6 -3 -5 -8  8 -1 -3 -9 -8 -4    2   1   0   3   0   1   3   0   0   1   1   2   0   0  78   4   2   0   0   1  2.49 1.09
  196 Y    1 -4 -1  0  1 -2  0  2  3 -4 -4 -1 -4  2 -4  0 -3  0  5 -3   14   0   3   5   3   1   6  14   6   1   1   3   0   8   0   7   1   1  24   1  0.56 0.36
  197 Y   -5 -7 -3 -8 -2 -5 -6 -6  0 -2 -4 -7 -2  5 -8 -4 -4  6  7 -2    1   0   1   0   1   0   0   0   2   2   1   0   1  26   0   1   1  12  47   2  2.16 0.89
  198 E   -1 -1  0  3 -6  3  4 -3 -1 -1 -5  2 -4 -5 -4 -1 -2 -6 -5 -2    5   3   4  15   0  17  27   2   1   4   1  15   0   0   0   3   3   0   0   2  0.72 0.44
  199 E   -1 -1  0  2 -7  0  5 -5 -2 -3 -5  2 -4 -7 -5 -2 -2 -3 -6 -4    6   3   5   9   0   3  50   0   0   1   1  15   0   0   0   2   3   0   0   1  1.11 0.60
  200 A    4 -4 -3 -4  2 -3 -2 -2 -3  2 -1 -3  0 -2 -4 -1  1 -5 -1  2   34   0   1   1   5   1   3   2   0  13   5   1   2   2   0   3   7   0   2  19  0.51 0.34
  201 N   -2  0  7  0 -2  0 -2 -3  4 -6 -6 -2 -1 -6 -3 -1 -2 -2 -3 -4    2   4  59   4   1   4   2   1   9   0   0   1   2   0   2   3   2   1   1   1  1.50 0.69
  202 G    1 -1 -1 -1 -2  2  1  4 -2 -3 -3  1 -2 -4  0 -1 -2 -1 -4 -2   13   3   3   3   1   9  11  32   1   2   2   7   1   0   5   3   2   1   0   3  0.44 0.26
  203 S    1  0  0  0 -4  1  2  0 -2 -2 -3  1 -2 -4  2  1  1 -5 -4 -1   12   4   4   3   0   4  18   7   1   3   2  11   1   0  10   8   8   0   0   3  0.29 0.20
  204 R    0  2 -1 -3 -3  0 -2  5 -1 -4 -2  0 -4 -5  2 -2 -2 -2 -4 -2    6  10   2   1   1   4   2  48   2   0   4   6   0   0   9   2   1   1   0   3  0.75 0.36
  205 A    3 -3  0 -3 -1  0  0 -2 -3  1  1 -2  1 -2 -3  0 -1 -2 -3  1   34   0   4   0   1   4   5   1   0   7  17   1   4   1   0   5   3   1   0  10  0.34 0.26
  206 A    1  1  1  1 -4  2  2 -1 -2 -2 -2  2 -2 -2 -1 -1 -1 -1 -2 -2   16   6   6   8   0  10  13   4   0   2   4  16   1   2   2   2   2   1   1   3  0.24 0.18
  207 Q    1  0 -1  0 -4  4  2 -1 -1 -1 -1  2  2 -2 -3 -1 -1 -4 -2 -2   11   3   1   4   0  22  14   4   1   4   6  13   8   2   1   2   2   0   1   2  0.34 0.25
  208 I   -2 -3 -5 -6 -2 -4 -5 -4  0  3  3 -4  2  4 -5 -3 -2 -1  1  0    3   1   0   0   1   0   0   1   3  22  27   0   6  23   0   1   2   1   5   5  0.70 0.33
  209 I    1  1 -2 -3 -1  0 -1  1 -1  2 -1  2  1 -3 -3 -1 -1 -4 -1  0   12   7   0   1   1   4   2  14   1  16   5  20   4   0   1   2   2   0   3   6  0.20 0.18
  210 E    1 -2  1  2 -5  3  4 -1 -2 -5 -5  1 -4 -5 -2  0 -2 -6 -3 -4   12   1   8  11   0  13  32   5   0   0   0   9   0   0   2   4   2   0   1   0  0.67 0.35
  211 F   -1 -3 -1 -5 -4 -4 -4 -3 -3  1  2 -2  4  5 -5 -2 -2  4  2  0    6   1   4   0   0   0   0   2   0   8  17   3  13  26   0   2   2   7   6   4  0.59 0.31
  212 I   -1 -4 -5 -6 -2 -4 -3 -6 -2  4  2 -2  1  3 -5 -4 -3 -3  1  3    4   0   0   0   1   0   1   0   1  25  25   2   4  13   0   0   0   0   5  19  0.67 0.31
  213 K    0  2  1 -2 -5  2  1 -2 -2 -5 -3  5 -3 -3 -2 -1 -1 -6 -3 -4    8  11   6   1   0  11   7   2   1   0   2  43   0   1   1   2   3   0   1   0  0.77 0.39
  214 S    1 -1  1 -1 -4  0 -1 -2 -3 -5 -4  1 -2 -5 -3  5  0 -6 -3 -4   12   2   6   3   0   3   3   2   0   0   1   8   1   0   1  54   4   0   1   0  0.82 0.43
  215 K   -1  2  0 -4 -6 -1 -2 -4 -3 -2 -3  6 -2 -1 -3 -2 -2 -6 -3 -2    5   9   4   0   0   1   1   0   0   3   2  65   1   3   1   1   1   0   1   2  1.15 0.49
  216 K   -2  2  0 -1 -5  4  0 -2 -2 -2 -4  5 -3 -5 -3 -1 -2 -5 -4 -4    0  10   4   2   0  21   2   2   0   2   0  52   0   0   0   3   0   0   0   0  0.97 0.31
  217 F   -1 -2 -3 -4 -3  1 -3 -4 -2  0  1 -1 -1  5 -4  0  0 -1  3 -1    4   0   0   0   0   8   0   0   0   7  10   5   0  46   0   6   4   0  10   0  0.53 0.15
  218 T   -1  1 -1 -2 -3 -1 -2 -3 -2  1 -2  1 -1 -3  2  0  5 -4 -3 -1    0   6   0   0   0   0   0   0   0  14   0  12   0   0  11   0  57   0   0   0  0.58 0.13
  219 I   -2 -4 -4 -5 -2 -4 -4 -5 -4  5  2 -4  1 -1 -4 -3 -2 -3 -2  2    0   0   0   0   0   0   0   0   0  79  21   0   0   0   0   0   0   0   0   0  0.73 0.09
  220 V   -1 -3 -4 -4 -2 -3 -3 -4 -4  3  2 -3  1 -1 -3 -2 -1 -3 -2  4    0   0   0   0   0   0   0   0   0  15  13   0   0   0   0   0   0   0   0  71  0.58 0.05

                      K         Lambda
Standard Ungapped    0.1844     0.3505
Standard Gapped      0.1100     0.3190
PSI Ungapped         0.1844     0.3505
PSI Gapped           0.1100     0.3190
