
Last position-specific scoring matrix computed, weighted observed percentages rounded down, information per position, and relative weight of gapless real matches to pseudocounts
           A  R  N  D  C  Q  E  G  H  I  L  K  M  F  P  S  T  W  Y  V   A   R   N   D   C   Q   E   G   H   I   L   K   M   F   P   S   T   W   Y   V
    1 M   -1 -2 -3 -4 -2 -1 -3 -4 -3  2  1 -2  5 -1 -3 -2 -1 -2 -2  3    0   0   0   0   0   0   0   0   0   0   0   0  48   0   0   0   0   0   0  52  0.43 0.00
    2 E   -2  0  5  1 -4  2  3 -1  0 -4 -4  0 -2 -4 -2  0 -1 -4 -3 -3    0   0  61   0   0  15  24   0   0   0   0   0   0   0   0   0   0   0   0   0  0.77 0.01
    3 K    2  0 -1 -1 -2  4  1 -2  0 -3 -2  2 -1 -3 -1  0  1 -3 -2 -2   31   0   0   0   0  49   0   0   0   0   0  12   0   0   0   0   8   0   0   0  0.52 0.02
    4 G    0 -3 -1 -2 -4 -3 -3  6 -3 -5 -5 -2 -4 -4 -3 -1 -2 -4 -4 -4    0   0   0   0   0   0   0 100   0   0   0   0   0   0   0   0   0   0   0   0  1.42 0.03
    5 Y   -3 -3 -3 -4 -4 -2 -3 -4  1 -2 -2 -3 -2  3 -4 -2 -2  2  7 -2    0   0   0   0   0   0   0   0   0   0   0   0   0   0   0   0   0   0 100   0  1.41 0.06
    6 S    0 -2  0 -1 -3 -1 -1  3 -2 -4 -4 -1 -3 -3  3  3  0 -4 -3 -3    0   0   0   0   0   0   0  35   0   0   0   0   0   0  18  47   0   0   0   0  0.71 0.02
    7 T    3 -2 -1 -2 -1 -1 -1 -1 -2 -1 -2 -1 -1 -3 -1  1  4 -4 -2 -1   49   0   0   0   0   0   0   0   0   0   0   0   0   0   0   0  51   0   0   0  0.55 0.03
    8 V    0 -2 -3 -3 -1 -2 -2 -3 -3  2  1 -2  3 -1 -2 -1  0 -3 -2  4    9   0   0   0   0   0   0   0   0   0   1   0  22   0   0   0   0   0   0  63  0.37 0.03
    9 T    2 -1 -1 -1 -1 -1 -1  1 -2 -2 -2 -1 -1 -3  1  3  3 -3 -2 -1   31   0   0   0   0   0   0   8   0   0   1   0   0   0   5  27  26   0   0   0  0.41 0.02
   10 F   -3 -3 -4 -4 -3 -3 -4 -4 -1 -1  1 -3  0  6 -4 -3 -2  0  4 -1    0   0   0   0   0   0   0   0   0   0   9   0   0  73   0   0   0   0  18   0  0.91 0.04
   11 D   -2 -2  1  6 -5  0  3 -2 -1 -4 -5 -1 -4 -4 -2 -1 -2 -5 -4 -4    0   0   0  82   0   0  18   0   0   0   0   0   0   0   0   0   0   0   0   0  1.22 0.04
   12 G    0 -2  1 -1 -3 -1 -1  5 -2 -3 -3 -1 -2 -3 -2  1 -1 -3 -3 -3    1   1  10   1   0   1   1  62   0   1   2   1   0   1   1  14   1   0   1   1  0.69 0.02
   13 A    2 -1  2 -1 -2 -1 -1 -1 -1 -2 -2 -1 -2 -3 -1  2  3 -4 -2 -1   31   0  17   0   0   0   0   0   0   0   0   0   0   0   0  18  35   0   0   0  0.45 0.02
   14 P   -1 -2 -2 -2 -3 -2 -2  0 -2 -4 -3 -2 -3 -4  7  0  0 -5 -4 -3    0   0   0   0   0   0   0  10   0   0   0   0   0   0  76   8   6   0   0   0  1.86 0.04
   15 S    0 -1  4  0  3 -1 -1 -1 -1 -3 -3 -1 -2 -3 -2  4  1 -4 -3 -2    0   0  33   0  11   0   0   0   0   0   0   0   0   0   0  56   0   0   0   0  0.60 0.03
   16 Y   -3 -3 -3 -4 -4 -2 -3 -4  1 -2 -2 -3 -2  3 -4 -2 -2  2  7 -2    0   0   0   0   0   0   0   0   0   0   0   0   0   0   0   0   0   0 100   0  1.41 0.06
   17 G    0 -3 -1 -2 -4 -3 -3  6 -3 -5 -5 -2 -4 -4 -3 -1 -2 -4 -4 -4    0   0   0   0   0   0   0 100   0   0   0   0   0   0   0   0   0   0   0   0  1.43 0.04
   18 H   -2 -1  0 -2 -4  0 -1 -3  8 -4 -4 -1 -3 -2  3 -1 -2 -3  1 -4    0   0   0   0   0   0   0   0  82   0   0   0   0   0  18   0   0   0   0   0  1.22 0.05
   19 T   -1 -2  2 -1 -2 -1 -1 -2 -2 -2 -2 -1 -1 -3 -2  1  5 -4 -2 -1    0   0  14   0   0   0   0   0   0   0   0   0   0   0   0   0  86   0   0   0  0.78 0.06
   20 P   -1 -3 -3 -3 -4 -2 -2 -3 -3 -4 -4 -2 -3 -4  8 -2 -2 -5 -4 -3    0   0   0   0   0   0   0   0   0   0   0   0   0   0 100   0   0   0   0   0  2.75 0.08
   21 S    1 -2  0 -1 -2 -1 -1  1 -2 -3 -3 -1 -2 -3 -2  4  3 -4 -3 -2    0   0   0   0   0   0   0  14   0   0   0   0   0   0   0  61  26   0   0   0  0.60 0.04
   22 H   -2  0  0 -2 -5  2  0 -3  8 -4 -4 -1 -2 -2 -3 -1 -2 -3  1 -4    0   0   0   0   0  12   0   0  88   0   0   0   0   0   0   0   0   0   0   0  1.31 0.08
   23 H   -2 -1 -1 -2 -4  0 -1 -3  7 -4 -3 -1 -3 -1  3 -2 -2 -2  3 -3    0   0   0   0   0   0   0   0  69   0   0   0   0   0  20   0   0   0  12   0  1.12 0.07
   24 A    2 -2 -2 -2 -2 -1 -2  0 -2 -1  0 -1 -1 -2  4  1  1 -4 -3 -1   31   0   0   0   0   0   0   6   0   0  17   0   0   0  20  15  11   0   0   0  0.42 0.02
   25 A    3 -2 -2 -2 -2 -1 -1  2 -2 -3 -3 -1 -2 -3  5  1 -1 -4 -3 -2   37   0   0   0   0   0   0  17   0   0   0   0   0   0  31  15   0   0   0   0  0.79 0.03
   26 Q   -1  0 -1 -1 -4  6  1  2  0 -4 -3  1 -1 -4 -2 -1 -1 -3 -3 -3    0   0   0   0   0  83   0  17   0   0   0   0   0   0   0   0   0   0   0   0  0.94 0.07
   27 F   -3 -4 -4 -4 -3 -4 -4 -4 -2 -1  1 -4  0  7 -4 -3 -3  0  2 -1    0   0   0   0   0   0   0   0   0   0   8   0   0  92   0   0   0   0   0   0  1.08 0.07
   28 P    0 -1 -1 -2 -2  0 -1 -2 -2 -1  0 -1 -1 -2  5  1  1 -3 -2 -1    1   1   1   1   0   4   1   1   0   1  13   1   0   1  44  16  12   0   1   1  0.83 0.02
   29 N   -1 -1  5  0 -3 -1 -1 -1  0 -2 -1 -1 -2 -3 -2  2  0 -4 -3 -2    0   0  61   0   0   0   0   0   0   0  12   0   0   0   0  28   0   0   0   0  0.65 0.05
   30 H   -2 -1  0 -1 -3  0  2 -3  7 -2  0 -1 -1 -1 -2 -1 -1 -3  1 -2    1   1   1   1   0   0  18   1  57   1  15   1   0   0   1   1   1   0   0   1  0.63 0.04
   31 S    0 -2 -1 -2 -2 -1 -1 -2 -2 -3 -2 -1 -2  2  4  4  0 -3 -1 -2    0   0   0   0   0   0   0   0   0   0   0   0   0  14  24  63   0   0   0   0  0.70 0.05
   32 F   -3 -4 -4 -4 -3 -4 -4 -4 -2 -1  0 -4 -1  7 -4 -3 -3  0  3 -2    0   0   0   0   0   0   0   0   0   0   0   0   0 100   0   0   0   0   0   0  1.21 0.08
   33 K   -1  3 -1 -2 -4  1  0 -3 -1 -2  0  5 -1 -3 -2 -1 -1 -4 -3 -2    0  12   0   0   0   0   0   0   0   0  17  71   0   0   0   0   0   0   0   0  0.62 0.05
   34 H   -2 -1 -1 -2 -4  0 -1 -3  7 -4 -3 -1 -3 -1  2 -2 -2 -2  4 -3    0   0   0   0   0   0   0   0  71   0   0   0   0   0  12   0   0   0  17   0  1.09 0.07
   35 E   -1 -1 -1  1 -5  1  5 -3 -1 -4 -4  0 -3 -4  3 -1 -1 -4 -3 -3    0   0   0   0   0   0  83   0   0   0   0   0   0   0  17   0   0   0   0   0  1.11 0.06
   36 D   -2 -2  0  6 -4 -1  2 -2 -1 -3 -3 -1 -3  2 -3 -1 -2 -3 -1 -3    0   0   0  69   0   0  14   0   0   0   0   0   0  17   0   0   0   0   0   0  0.91 0.05
   37 P    2 -1 -1 -2 -2 -1 -1 -1 -2 -2 -2 -1 -2 -3  5  1  1 -3 -2 -1   23   1   1   1   0   1   1   1   0   1   2   1   0   1  41   8  15   0   1   1  0.85 0.03
   38 M   -1 -3 -3 -3 -2 -2 -3 -3 -3  3  2 -2  3 -1 -3  1 -1 -3 -2  1    0   0   0   0   0   0   0   0   0  43  26   0  14   0   0  17   0   0   0   0  0.34 0.03
   39 G    1  1 -1 -2 -3 -1 -2  4 -2 -3 -3 -1 -2 -3 -2  2  1 -4 -3 -2    7  12   0   0   0   0   0  48   0   0   0   0   0   0   0  22  12   0   0   0  0.59 0.03
   40 Q   -1  0 -1 -1 -4  5  3 -3  3 -4 -3  0 -1 -4  3 -1 -1 -3 -2 -3    0   0   0   0   0  55  17   0  14   0   0   0   0   0  14   0   0   0   0   0  0.83 0.05
   41 Q   -1  0 -1 -1 -4  6  1 -3  3 -3 -1  0 -1 -3  1 -1 -1 -3 -2 -2    0   0   0   0   0  74   0   0  12   0   8   0   0   0   7   0   0   0   0   0  0.82 0.06
   42 G    0 -1  2 -1 -2 -1 -1  2 -1 -2 -3 -1 -2 -3  3  1  1 -3 -2 -2    1   1  18   1   0   1   1  24   0   1   2   1   0   1  20  13  13   0   1   1  0.48 0.02
   43 S    0 -1  2 -1 -2 -1 -1 -1 -1 -2 -2 -1 -2 -3  4  3  1 -3 -2 -2    1   1  14   1   0   1   1   1   0   1   2   1   0   1  20  46   6   0   1   1  0.56 0.03
   44 L   -1 -2 -3 -3 -2 -2 -3 -4 -3  2  3 -2  3 -1  2 -1  1 -3 -2  0    0   0   0   0   0   0   0   0   0  14  37   0  18   0  14   0  17   0   0   0  0.40 0.03
   45 G    0 -3 -2 -2 -3 -3 -3  5 -3 -2 -2 -2 -2  1 -3 -1 -2 -3 -1  0    5   0   0   0   0   0   0  67   0   0   0   0   0  14   0   0   0   0   0  14  0.72 0.04
   46 E   -1  0  0  3 -5  1  4  1 -1 -4 -4  2 -3 -4 -2 -1 -1 -4 -3 -3    0   0   0  21   0   0  46  14   0   0   0  20   0   0   0   0   0   0   0   0  0.67 0.04
   47 Q   -1  0  0 -1 -3  6  1 -2  0 -3 -3  1 -1 -4 -2  1  1 -3 -2 -2    0   0   0   0   0  73   0   0   0   0   0   0   0   0   0  14  14   0   0   0  0.82 0.07
   48 Q   -1  2 -1 -2 -3  5  0 -1  3 -1 -2  0 -1 -3 -2 -1 -1 -3 -2  0    0  14   0   0   0  50   0   6  14   0   0   0   0   0   0   0   0   0   0  17  0.51 0.05
   49 Y    0 -3 -3 -4 -2 -2 -3 -3  0  0 -1 -3 -1  2 -3 -2 -1  4  5  2   14   0   0   0   0   0   0   0   0   0   0   0   0   7   0   0   0   6  43  30  0.52 0.04
   50 S    0 -2  2 -1 -3 -1 -1  1 -2 -1 -3 -1 -2 -3  4  2  0 -4 -3 -2    0   0  18   0   0   0   0  12   0   8   0   0   0   0  28  34   0   0   0   0  0.63 0.03
   51 V    1 -2 -3 -2 -2 -1  1 -3 -2  2  0 -2  0 -1 -2 -1 -1  5 -1  3   16   0   0   0   0   0  18   0   0  18   0   0   0   0   0   0   0  12   0  36  0.31 0.03
   52 P   -1 -2 -2 -1 -4  0  2 -3  4 -4 -4 -1 -3 -4  7 -1 -2 -4 -2 -3    0   0   0   0   0   0  18   0  18   0   0   0   0   0  64   0   0   0   0   0  1.62 0.06
   53 P   -1 -2  1  2 -3 -1 -1 -2 -2 -4 -4 -1 -3 -4  6  1 -1 -5 -4 -3    0   0   7  16   0   0   0   0   0   0   0   0   0   0  58  20   0   0   0   0  1.39 0.05
   54 P    0 -2 -2 -2 -3 -2 -2 -3 -3 -3 -3 -2 -2 -4  7 -1  1 -5 -4 -2    9   0   0   0   0   0   0   0   0   0   0   0   0   0  74   0  17   0   0   0  1.84 0.07
   55 V   -1 -3 -4 -4 -2 -2 -3 -4 -3  3  2 -3  3 -1 -3 -2 -1 -3 -2  3    0   0   0   0   0   0   0   0   0  16  11   0  23   0   0   0   0   0   0  51  0.48 0.04
   56 Y   -2 -3 -2 -3 -3 -2 -3 -3  0 -1  0 -3 -1  4 -3  1 -1  1  6 -2    0   0   0   0   0   0   0   0   0   0  11   0   0  27   0  16   0   0  47   0  0.67 0.05
   57 G    0 -2 -1 -2 -3 -2 -2  3 -2 -3 -3 -2 -3 -4  5  0  1 -4 -4 -2    7   0   0   0   0   0   0  35   0   0   0   0   0   0  37   4  17   0   0   0  0.95 0.04
   58 C   -1 -1 -2 -3  7 -2 -2 -3 -3  0 -2  1 -2 -3 -3  1 -1 -4 -3 -1    0   0   0   0  57   0   0   0   0  11   0  17   0   0   0  16   0   0   0   0  0.67 0.06
   59 H   -2 -1  0 -2 -3  0 -1 -3  7 -1 -2 -1 -2 -2 -3 -1  1 -3  1  1    0   0   0   0   0   0   0   0  72   0   0   0   0   0   0   0  11   0   0  17  0.85 0.08
   60 T    1 -2  1 -1 -2 -1 -1 -2 -2  1 -1 -1 -1 -2 -2  2  3 -4 -2  0   18   0   9   0   0   0   0   0   0  15   0   0   0   0   0  19  39   0   0   0  0.37 0.04
   61 P   -1 -2 -2 -2 -4 -2 -2 -3 -3 -4 -4 -2 -3 -4  7  1 -1 -5 -4 -3    0   0   0   0   0   0   0   0   0   0   0   0   0   0  82  18   0   0   0   0  2.15 0.09
   62 T   -1  2 -1  2 -3  0  1 -2 -2 -1 -2  0 -2 -3  3  0  2 -4 -3  0    0  15   0  18   0   0  13   0   0   0   0   0   0   0  15   6  18   0   0  15  0.37 0.03
   63 D    1 -2  0  4 -3  0  2 -2 -2 -1 -1 -1  2 -3 -2 -1 -1 -4 -3  1   15   0   0  42   0   0  15   0   0   0   0   0  13   0   0   0   0   0   0  15  0.43 0.04
   64 S    2 -1  2 -1 -2 -1 -1 -1 -1 -2 -3 -1 -2 -3 -2  3  2 -4 -2 -2   18   0  15   0   0   0   0   0   0   0   0   0   0   0   0  48  19   0   0   0  0.54 0.05
   65 C   -1 -4 -4 -5  8 -4 -5 -4 -4 -1 -1 -4 -1  2 -4 -2 -2 -3 -1  1    0   0   0   0  70   0   0   0   0   0   0   0   0  15   0   0   0   0   0  15  1.04 0.08
   66 T    1 -2 -1 -2 -2 -1 -2 -2 -2 -1  0 -1 -1 -2  2  1  4 -4 -2 -1   15   0   0   0   0   0   0   0   0   0  15   0   0   0  12   4  54   0   0   0  0.48 0.05
   67 G    0 -2 -1 -1 -3 -1  2  4 -2 -4 -4 -1 -3 -4  3  2 -1 -4 -3 -3    0   0   0   0   0   0  18  38   0   0   0   0   0   0  15  29   0   0   0   0  0.64 0.04
   68 S    0 -2  1  2 -2 -1 -1 -1 -2  0 -2 -1 -2 -3 -2  4  0 -4 -3 -1    0   0   6  18   0   0   0   0   0  15   0   0   0   0   0  61   0   0   0   0  0.46 0.06
   69 Q    1  2 -1 -2 -3  5  0 -2  0 -3 -2  0 -1  2 -2 -1 -1 -2 -1 -2   15  15   0   0   0  52   0   0   0   0   0   0   0  18   0   0   0   0   0   0  0.54 0.06
   70 A    4 -2 -2 -2 -1 -1 -1 -1 -2  1 -1 -1 -1 -2 -1  2  0 -4 -2  0   67   0   0   0   0   0   0   0   0  15   0   0   0   0   0  18   0   0   0   0  0.47 0.05
   71 L   -1 -3 -3 -3 -2 -2 -3 -3 -3  2  3 -2  3  2 -3  1 -1 -2  0  0    0   0   0   0   0   0   0   0   0  15  39   0  13  15   0  18   0   0   0   0  0.32 0.03
   72 L    1  1 -2  2 -2 -1 -1 -3 -2  0  3 -1  1 -1 -3 -1 -1 -3 -2  0   18  13   0  15   0   0   0   0   0   0  54   0   0   0   0   0   0   0   0   0  0.25 0.04
   73 L   -2 -2 -3 -3 -2 -2 -3 -3 -2  1  4 -2  1  3 -2 -2 -1 -1  0  0    1   1   1   1   0   1   1   1   0   1  68   1   0  18   1   1   1   0   0   1  0.44 0.04
   74 R    0  4  0 -1 -3  1  2 -2 -1 -3 -3  2 -2 -4 -2  2  0 -4 -3 -3    0  39   0   0   0   0  15   0   0   0   0  13   0   0   0  33   0   0   0   0  0.60 0.05
   75 T    0 -1  4  0 -2  0  2 -1 -1 -3 -3  0 -2 -3 -2  3  2 -4 -2 -2    0   0  31   0   0   0  18   0   0   0   1   0   0   0   0  34  13   0   0   0  0.51 0.04
   76 P    0 -1  2 -1 -3 -1 -1 -2 -1 -3 -3 -1 -2 -2  5  2  0 -3  1 -2    1   1  18   1   0   1   1   1   0   1   1   1   0   0  43  23   1   0   7   1  0.92 0.04
   77 Y   -2 -2  0 -3 -3 -2 -3 -3  0 -1  1 -2 -1  3 -3 -1 -2  1  6 -1    0   0   7   0   0   0   0   0   0   0  16   0   0  18   0   7   0   0  48   0  0.58 0.05
   78 S    1 -1  4  0 -2 -1 -1 -1 -1 -3 -3 -1 -2 -3 -2  4  1 -4 -3 -3    7   0  40   0   0   0   0   0   0   0   0   0   0   0   0  54   0   0   0   0  0.70 0.06
   79 S   -1  3  3 -1 -3  0 -1 -2 -1 -1  1  0  0 -2 -2  2  0 -3 -2 -2    0  25  25   0   0   0   0   0   0   0  25   0   0   0   0  25   0   0   0   0  0.31 0.03
   80 D   -1 -1  0  5 -3 -1  0 -2 -1 -3 -3  0 -3 -2 -2  1  2 -3  2 -3    0   0   0  50   0   0   0   0   0   0   0   8   0   0   0  14  16   0  12   0  0.61 0.07
   81 N    0  1  4  2 -3 -1 -1 -2  0 -3 -3 -1 -3 -1 -3  0 -1 -2  3 -3   14   8  43  16   0   0   0   0   0   0   0   0   0   0   0   3   0   0  16   0  0.51 0.07
   82 L   -1 -3 -3 -4 -2 -2 -3 -4 -2  1  3 -3  1  0 -3  0 -1 -2  2  2    0   0   0   0   0   0   0   0   0   4  46   0   0   0   0  14   0   0  12  24  0.33 0.05
   83 Y   -1 -2 -2 -2 -3 -1 -2 -2  1 -1 -1 -2  1  2 -2  1 -1  1  6 -2    1   1   1   1   0   1   1   1   0   1   1   1   8   1   1  17   1   0  61   1  0.67 0.08
   84 Q   -1  0  2 -1 -3  5  1 -2  0 -3 -2  1 -1 -1 -2 -1 -1 -1  2 -2    1   1  15   1   0  51   1   1   0   1   1   9   0   1   1   1   1   0  13   1  0.54 0.07
   85 M   -1 -2 -2 -2 -2 -1 -2 -2 -1  0  1 -2  5  2 -2  1 -1 -1  3 -1    1   1   1   1   0   1   1   1   0   1   1   1  42  15   1  17   1   0  13   1  0.31 0.06
   86 T    1 -1 -1 -1 -2 -1 -1 -1 -1 -1 -2 -1 -1 -1 -1  2  4 -2  2 -1   13   1   1   1   0   1   1   1   0   1   1   1   0   1   1  15  47   0  13   1  0.39 0.05
   87 S    0  0  0 -1 -2  0 -1 -1  3 -3 -2  2 -2 -2 -1  3  0  5  0 -2    1   1   1   1   0   1   1   1  13   1   1  17   0   1   1  43   1  14   1   1  0.45 0.06
   88 Q   -1  4 -1 -2 -4  4  0 -3  0 -4 -3  2 -2 -4  3 -1 -1 -4 -3 -3    0  28   0   0   0  40   0   0   0   0   0  16   0   0  16   0   0   0   0   0  0.83 0.08
   89 L   -1 -3 -4 -5 -2 -3 -4 -4 -4  2  3 -3  1 -1 -3 -3 -1 -3 -2  3    0   0   0   0   0   0   0   0   0   0  58   0   0   0   0   0   0   0   0  42  0.58 0.07
   90 E    1 -1 -1  1 -3  0  3 -2  3 -3 -3 -1 -2 -3  3  1 -1 -4 -2 -2   16   0   0   5   0   0  37   0  14   0   0   0   0   0  16  12   0   0   0   0  0.58 0.06
   91 C   -1 -3 -3 -4  7 -2 -3 -4  3  1 -1 -3 -1 -2 -4 -2 -2 -4 -2  1    0   0   0   0  54   0   0   0  16  16   0   0   0   0   0   0   0   0   0  14  0.80 0.10
   92 M   -1 -3 -3 -4  3 -2 -3 -4 -3  2  2 -3  3 -1 -3 -2  1 -3 -2  2    0   0   0   0  12   0   0   0   0  16  16   0  22   0   0   0  14   0   0  19  0.35 0.05
   93 T    1 -2 -1 -2 -2 -2 -2  2 -2 -1 -2 -1 -2 -3  3  2  2 -4 -3  0   14   0   0   0   0   0   0  18   0   0   0   0   0   0  16  16  24   0   0  12  0.42 0.04
   94 W   -2  0 -2 -3 -3 -2 -2 -3 -2 -3 -3  0 -2 -1 -4  1  1  9  0 -3    0   7   0   0   0   0   0   0   0   0   0   9   0   0   0  14  13  57   0   0  1.48 0.15
   95 N    1 -1  4 -1  2 -1 -1 -1 -1 -2  0  0 -1 -3 -2  3  0 -4 -3 -2   10   0  34   0   8   0   0   0   0   0  11   5   0   0   0  31   0   0   0   0  0.40 0.08
   96 Q    0  1 -1 -2  3  4  0 -3 -1  0 -2  0 -1 -3  2 -1  1 -3 -3 -1    5   8   0   0  10  39   0   0   0  14   0   0   0   0  11   0  12   0   0   0  0.42 0.09
   97 M   -1 -2 -2 -3 -2  0 -2 -4  3  1  0 -2  4 -2  2 -2 -1 -3 -2  3    0   0   0   0   0   5   0   0  14   0   0   0  23   0  11   0   0   0   0  47  0.42 0.10
   98 N   -1 -1  4  2 -3  0  2 -2 -1  1 -2 -1 -1 -3 -2 -1 -1 -3 -2  0    1   1  37  14   0   0  17   1   0  13   1   1   0   0   1   1   1   0   0  11  0.39 0.06
   99 L   -1 -2 -2 -3  3 -2 -3 -3 -3  3  3 -2  1 -1 -2 -1  1 -2 -2  1    1   1   1   1  10   1   1   1   0  30  38   1   0   1   1   1  11   0   0   1  0.28 0.05
  100 G    0  1 -1 -1 -3 -1  1  2 -2 -2 -1 -1 -1 -2  4  0  1 -3 -2 -2    7   9   1   1   0   1  13  19   0   1  11   1   0   1  23   1  10   0   0   1  0.38 0.04
  101 A    3 -1 -1 -2 -1 -1 -1 -1 -2 -1 -2 -1 -1 -2 -1  2  2 -3 -2  0   45   1   1   1   0   1   1   1   0   1   1   1   0   0   1  17  18   0   0  10  0.37 0.06
  102 T   -1  1 -1 -2 -2 -1 -1 -2 -2  0 -1 -1 -1 -2  4  1  3 -3 -2  1    0  13   0   0   0   0   0   0   0   8   1   0   0   0  21  10  31   0   0  13  0.45 0.06
  103 L    1 -2 -2 -3 -2 -2 -2 -2 -1  1  3 -2  1  0 -2 -1 -1 -1  3  0   19   1   1   1   0   1   1   1   0   9  43   1   0   1   1   1   1   0  19   1  0.24 0.04
  104 K   -1  0  3  0 -2  3  0 -1  0 -1 -2  2 -1 -2 -1  1  1 -2 -2 -1    2   1  19   1   0  19   1   2   0   7   2  24   0   1   1   7  10   0   1   1  0.29 0.03
  105 G    0 -1 -1 -1  4  0  2  2 -1 -2 -2 -1 -2 -2 -1  2  0 -3 -2 -2    2   1   1   1  20   1  21  21   0   1   2   1   0   1   1  21   1   0   1   1  0.30 0.03
  106 M    0 -1 -1 -2 -2 -1 -1 -2 -1  1  0 -1  1 -1 -1  2  1 -1  2  1    2   1   1   1   0   1   1   2   1  14   2   1   7   1   1  27  10   0  10  15  0.16 0.06
  107 A    1  1  1  1 -2  1  0 -1 -1 -2 -2  1 -2 -1  3  0 -1 -2 -2 -2   17  11  10  10   0   9   1   2   1   1   2   7   1   4  20   2   1   0   1   1  0.36 0.05
  108 A    3 -1 -1 -1 -1 -1 -1  1 -1 -2 -2  1 -1 -2 -1  1  1 -3 -2 -1   44   1   1   1   0   1   1  10   1   1   2  10   1   1   1  10  11   0   1   1  0.31 0.07
  109 G   -1  1 -1 -1 -3  1 -1  4 -1 -2 -2  1 -2 -1 -2 -1 -1 -2 -2  0    2  10   1   1   0  10   1  41   1   1   2  11   1   4   1   2   1   0   1  10  0.34 0.06
  110 S    0 -1  2 -1 -2  0 -1 -1  2 -2 -2  1 -2 -2 -1  4  1 -3 -2 -2    2   1   9   1   0   1   1   2   8   1   2  10   0   1   1  50   8   0   1   1  0.43 0.10
  111 S    0 -1 -1 -1 -2  1  2  1 -1 -3 -3 -1 -2 -3  2  3  1 -3 -2 -2    3   1   1   1   0   9  17  10   0   1   1   1   0   1  10  35   8   0   0   1  0.41 0.09
  112 S    0  1 -1 -1 -2 -1  1  0 -2 -2  0 -1 -1 -2  2  3  1 -3 -2 -1    1   8   0   1   0   0   9   9   0   1  12   1   0   0  10  33   9   0   0   5  0.25 0.08
  113 S    1  1  2 -1 -2 -1  0 -2 -1 -1  0 -1 -1 -2  2  2  0 -3 -2  0    9  10  15   1   0   0   4   1   0   1   9   1   0   0   9  25   5   0   0   8  0.23 0.07
  114 V   -1 -2 -2  1 -2 -2  0  1 -2  2  0 -2  0  0 -2 -2 -1 -3 -2  2    1   1   0   8   0   0   9  17   0  25   5   1   0   5   1   1   1   0   0  25  0.17 0.07
  115 K   -1  2 -1 -1  1  0  2 -3 -1 -2  0  2 -1  2 -2 -1  1 -2 -1 -2    1  17   0   1   4   0  22   1   0   1  11  13   0  12   1   1  15   0   0   1  0.23 0.08
  116 W    0 -2 -2 -2 -2 -1 -2 -2 -2  2  1 -1  2 -1  2 -1  1  4 -1  0    9   1   1   1   0   1   1   2   1  17  19   4   9   1  10   2  10  10   1   1  0.22 0.05
  117 T   -1  1 -1 -1 -2  1  0 -2  2  0  0  1  0 -1 -1  0  2 -2 -1  0    2  10   1   2   1   9   2   2   9   1  13  10   1   1   1   2  20   0   1  11  0.14 0.04
  118 E   -1  1 -1  0  0  1  4 -2 -1 -2 -2  1 -2 -3  2 -1 -1 -3 -2  0    2   9   1   1   3   1  46   2   0   1   2   8   0   1   9   2   1   0   1   9  0.47 0.11
  119 G   -1 -2  1 -1 -3 -1 -2  4  2  0 -2 -1 -2 -2  1 -1  1 -3 -2 -2    2   1   7   1   0   1   1  43   7   9   2   1   0   1   8   1  11   0   1   1  0.43 0.10
  120 Q   -1  0 -1  1 -3  4  3  0 -1  0 -2  0 -1 -2 -1 -1 -1 -2 -2 -1    2   4   1   7   1  28  23   9   1   8   3   3   1   1   1   2   2   0   1   2  0.36 0.09
  121 S   -1  1  2  1 -2  0 -1 -2 -1 -1 -2  2 -2 -3 -2  2  2 -3 -2  0    1   7  11   9   0   1   1   1   0   1   1  17   0   1   1  22  15   0   1  10  0.27 0.09
  122 N   -1  2  3 -1 -3 -1 -1 -2  3 -2 -2 -1 -2  0 -2  1  3 -3 -1  0    1  12  18   0   0   0   1   1  12   0   1   0   0   6   0  11  27   0   0   9  0.36 0.14
  123 H    0 -1 -1 -2 -4  0  2 -3  7  0 -3  1 -2 -3 -3  2 -1 -4 -1 -2    7   0   0   0   0   0  13   0  41   7   0   8   0   0   0  20   0   0   0   0  0.71 0.23
  124 G    1 -2 -1 -2 -3 -2  0  3 -2 -1 -2 -2 -2  0  2  1  1 -3 -2 -2   14   0   0   0   0   0   8  30   0   7   0   0   0   5   9  15  10   0   0   0  0.35 0.11
  125 T    0 -2  1 -2  2 -1 -2 -2 -2  0  0  0 -1 -2  2  2  2  3 -2  1    3   0   6   0   5   0   0   2   0   3   7   6   0   0   8  21  18   5   0  14  0.23 0.10
  126 G    1 -2 -1  1 -3  0  1  4 -2 -3 -3 -1  1 -3  1  1 -1 -4 -3 -3   16   0   0   7   0   5  13  35   0   0   0   0   6   0   7   8   0   0   0   0  0.46 0.13
  127 Y   -3 -3 -3 -3 -4 -2  1 -5 -1  1  0  0 -2  2 -4 -3 -1  4  6  0    0   0   0   0   0   0  11   0   0  10   6   6   0   8   0   0   3   6  44   6  0.71 0.22
  128 E    1 -1 -1  1  1  1  3 -3 -2 -2  0  1 -1 -3 -2  2 -1 -4 -3 -2   12   0   0   5   5   7  32   0   0   0  15   7   0   0   0  18   0   0   0   0  0.37 0.15
  129 S   -1  0  1 -2  5  1 -2 -1 -2 -1 -3 -1 -2 -3  0  3  2 -4 -3  0    0   7   6   0  17   7   0   5   0   4   0   0   0   0   3  32  12   0   0   8  0.37 0.16
  130 E   -2  1  1  3 -5  1  3 -3  2 -3 -4  1 -3 -4  1  0 -2 -5 -3 -3    0   6   4  23   0   6  28   0   7   3   0  10   0   0   7   6   0   0   0   0  0.59 0.16
  131 N    0  1  3 -1 -3  1  0 -2 -1 -1 -3  1 -2 -4  3  2  0 -4 -3 -2    6   6  19   0   0   7   5   0   0   7   0   9   0   0  13  23   5   0   0   0  0.42 0.15
  132 H    0  1  1  1  2 -1  0 -3  5 -3 -3  0 -3 -1  2  0  1 -4 -1 -3   10   7   5   7   5   0   5   0  26   0   0   6   0   4  11   5  10   0   0   0  0.42 0.16
  133 T    1 -2 -1  0  2 -2 -2  0 -3 -2 -3 -2 -2 -3 -1  3  4 -4 -3  0    8   0   1   5   5   0   0   8   0   0   0   0   0   0   2  27  35   0   0   9  0.48 0.20
  134 A    1  0 -1 -2 -3 -1  0  1 -2 -1 -3  0 -2 -3  1  3  0 -4 -3  0   11   3   0   0   0   0   7  10   0   5   0   5   0   0   8  40   4   0   0   7  0.37 0.16
  135 P    0 -3 -3 -3 -4  0 -1 -4 -3 -3 -1  0  0 -4  6  1 -2 -5 -4 -1    6   0   0   0   0   5   3   0   0   0   7   5   3   0  55  10   0   0   0   6  1.26 0.30
  136 I    0 -3 -3 -3  2 -2 -2 -4 -3  2  0 -1  2  2 -3  0  0 -2  1  2    6   0   0   0   6   0   3   0   0  19   4   5   8  13   0   6   6   0   5  20  0.22 0.12
  137 L   -1  0 -3 -4 -3 -1 -3 -4  0  2  2 -2  2  0  2 -1  0 -3  0  0    2   6   0   0   0   3   0   0   3  13  34   0   5   4  12   3   6   0   3   5  0.29 0.13
  138 C   -2 -5 -4 -4  8 -4 -1 -1 -4 -2 -1 -4 -3 -3 -5  0 -2  3  0  1    0   0   0   0  55   0   4   6   0   0   4   0   0   0   0   9   0   6   5  12  1.24 0.39
  139 G    1 -2  1  0 -3  1 -2  4 -2 -4 -4  0 -3 -4 -3  2  1 -4 -4 -2    9   0   5   6   0  10   0  36   0   0   0   4   0   0   0  18   9   0   0   3  0.53 0.22
  140 A    2  0  0 -2  0 -1 -2  1 -1 -2 -1  0 -2 -3  2  2  1 -4 -3 -1   25   5   4   0   2   2   0   9   1   0   7   6   0   0   9  17  11   0   0   3  0.29 0.17
  141 Q    0  0  0 -1 -4  5  1 -3  4 -2 -2 -1 -2 -4  0  2  0 -4 -3 -3    5   4   4   2   0  31   6   0  15   3   5   2   0   0   4  15   4   0   0   0  0.58 0.31
  142 Y   -1  1 -2 -3 -4  2 -1 -3  3 -2 -2  1  1  1  2 -1 -2  0  5 -1    3   8   0   0   0  11   2   2   8   1   3   8   4   5   9   4   0   1  26   5  0.43 0.23
  143 R    0  6 -3 -1 -5 -1 -3 -4  3 -4 -3  1 -4 -5 -4  0  0 -6 -4  0    7  56   0   3   0   1   0   0   8   0   1   5   0   0   0   8   4   0   0   7  1.10 0.50
  144 I   -2 -4 -4 -4  1 -2 -1 -5 -4  4  1 -3  2 -2 -1 -1  1 -4 -3  2    0   0   0   0   4   1   4   0   0  39  13   0   6   0   4   4   9   0   0  14  0.58 0.31
  145 H   -4  0  1 -4 -6  0 -1 -5  8 -5 -3 -1 -4  0 -5 -1 -4  2  2 -1    0   4   6   0   0   4   3   0  55   0   2   4   0   3   0   5   0   3   5   5  1.57 0.66
  146 T   -1 -4 -1 -4 -4 -3 -1 -2 -4 -4 -4 -1 -4 -5 -1  1  6  2 -4 -1    5   0   2   0   0   0   4   3   0   0   0   4   0   0   3   8  64   3   0   4  1.19 0.61
  147 H   -1 -1  1 -1 -5  1  2  3  5 -5 -3 -1 -4 -5 -4 -1  0 -5 -3 -4    5   3   5   2   0   7  18  26  20   0   2   3   0   0   0   3   5   0   0   0  0.67 0.38
  148 G   -1  0  0  0 -5  0  3  2 -1 -4 -4  2  0 -5 -1  0 -1 -5 -4 -2    3   4   3   5   0   2  28  18   1   0   0  16   3   0   2   7   3   0   0   3  0.50 0.33
  149 V   -3  0 -1 -4  1 -3 -3  0 -4  2  0  3  0 -4  3 -1  0 -6 -5  1    0   5   4   0   3   0   0   6   0  14   7  26   2   0  14   3   5   0   0  11  0.44 0.35
  150 F   -1 -2 -2 -1 -5  0 -2 -5  0 -2 -1 -2 -3  4  5  0 -1 -4  2 -2    4   2   2   4   0   4   2   0   2   2   6   2   0  21  31   6   3   0   7   2  0.75 0.46
  151 R   -2  3  0 -2  0  2  1 -3  3 -2 -3  1 -4  1 -1 -1 -4 -3  4 -5    2  19   4   2   2  10  10   2   6   2   2   7   0   6   3   4   0   0  20   0  0.56 0.41
  152 G    0 -1  0 -1  6  1  1  2  0 -2 -4  0 -4 -5  0  0 -1 -5 -5 -2    8   3   4   3  20   6   8  19   2   2   0   7   0   0   5   6   3   0   0   3  0.50 0.35
  153 I   -1  0 -1 -1  6 -1 -1 -2  0  0  0 -1  2  0  0 -1 -1 -5  0  0    4   5   3   4  24   3   5   4   3   5   7   3   5   4   4   5   3   0   3   8  0.37 0.29
  154 Q    0  0  0  0  2  1  0 -1  1  0 -1  0  1 -2  1  0  0 -3  1  0    6   6   5   6   5   5   6   6   5   6   6   6   5   0   6   6   6   0   5   6  0.05 0.08
  155 D   -2 -1  0  3  6  0  3 -1 -2 -4 -4 -1 -2 -4 -1 -2 -1 -6 -5 -2    1   3   4  20  20   4  24   5   1   1   1   3   1   1   3   2   4   0   0   3  0.68 0.30
  156 V   -1 -3 -4 -3  8 -2 -4  1 -5  0 -1 -1 -2 -3 -3 -2 -2 -5 -5  2    4   1   1   1  43   2   1  12   0   5   6   3   0   1   1   3   1   0   0  15  1.13 0.41
  157 R   -1  3  0 -2  0  0  0  3  0 -4 -4  3 -4 -5 -2 -1 -2 -3 -3 -3    3  20   4   1   2   3   5  26   2   1   1  22   0   0   1   3   2   0   0   2  0.61 0.29
  158 R   -2  5 -1 -4 -6  1 -1 -4  0 -4 -3  4 -4 -6  0  0 -2 -2 -5 -4    2  37   2   0   0   5   2   1   3   1   2  33   0   0   4   6   1   1   0   1  1.06 0.43
  159 V    1 -2 -2 -3  0 -1 -2 -3 -4 -1 -1 -3  0  4 -3  1  1 -2 -1  2   16   2   1   1   2   2   2   1   0   3   3   0   2  25   1   9  11   1   0  18  0.42 0.25
  160 S   -1 -4 -1 -3 -2 -3 -4 -3 -1 -1 -3 -1 -3  6  1  3  0 -4 -2 -3    4   0   2   1   1   1   0   2   1   3   1   3   0  37   7  31   5   0   0   0  0.90 0.42
  161 G    1  1  0 -1  1  1 -2  3  0 -3 -2 -1 -1 -2 -1  2 -1 -1 -4 -2    9   7   5   3   4   9   1  23   2   1   3   3   1   1   2  19   3   1   0   3  0.29 0.18
  162 V   -1  1 -1 -1  0  0 -2 -2  0  1  0  0 -1 -2 -1  1  1  1  0  2    3  10   2   2   2   4   1   2   3   9   9   5   1   1   2  12  10   2   3  17  0.11 0.11
  163 A    2  0  0 -3  2  0 -2  1  0 -3 -2  0 -2 -3 -1  3 -1 -5 -2 -2   18   4   4   0   4   3   2  10   2   1   3   4   1   1   3  33   2   0   1   2  0.39 0.24
  164 P   -1 -2  0  0 -2 -1 -2 -2  2 -4 -3 -1 -2 -5  5  4 -1 -6 -1 -4    4   1   3   4   1   2   2   3   4   0   2   3   1   0  29  35   2   0   2   1  0.87 0.39
  165 T    0 -1  1 -1 -4  0 -1 -2  3 -1  2  0 -1 -2 -2  1  2 -4  0 -1    6   2   8   3   0   4   3   2   8   2  22   4   1   1   1  14  15   0   3   3  0.20 0.16
  166 L   -1 -1 -1 -4  0  0 -4 -4 -4  1  4  0  1 -1 -1 -3 -1 -5 -3  0    3   3   3   1   2   4   0   1   0   8  51   5   2   1   3   1   3   0   0   7  0.57 0.29
  167 V    0 -1 -1 -4 -2  0 -2 -4 -3  3  0  0  1 -2 -1 -1  2 -2 -2  3    7   4   2   0   1   3   2   0   0  21   6   7   4   1   3   3  13   0   1  22  0.32 0.21
  168 R   -3  5 -1 -2 -4  1 -1 -4  6 -4 -4  1 -3 -4 -2 -2 -2 -6 -1 -3    2  39   2   2   0   7   3   1  24   1   1   9   1   0   2   2   2   0   2   2  1.16 0.47
  169 S   -1  0  1 -1 -5  2  0 -2  7 -3 -3 -1  1 -5  0  1 -1 -3 -2 -4    3   4   6   2   0  11   5   3  34   1   2   3   4   0   4  13   4   0   0   1  0.82 0.38
  170 A    0  3  1 -3 -2  3  0 -2 -1 -2 -1  1  0 -4 -1  1  0 -3 -4 -2    8  22   5   0   1  17   5   2   1   2   5   6   2   0   3  13   4   0   0   3  0.41 0.24
  171 S   -1  4 -1 -2 -3 -1 -2 -1 -2 -1 -2  1 -2 -3  0  2  3 -5 -4 -1    3  25   3   1   0   1   1   5   1   4   2   7   1   1   5  18  19   0   0   3  0.48 0.28
  172 E   -1 -1  0  0 -3  0  1 -3  6  1 -3  0 -1 -4  0 -1  2 -5 -2 -1    4   2   3   4   1   3   9   2  25  10   1   5   1   0   5   4  18   0   0   4  0.55 0.30
  173 T   -1 -3 -2 -1 -3 -2 -3 -4  7 -4 -2 -2 -1 -3  0  0  4 -6 -2 -2    3   1   1   3   0   1   1   1  30   0   5   2   1   1   5   7  35   0   1   2  1.06 0.47
  174 S    0 -2 -1 -1 -2 -3  0  3 -3 -3 -4 -2 -4 -3 -2  3  3 -6 -4 -3    5   1   2   2   1   0   7  26   0   1   1   2   0   1   2  23  23   0   0   1  0.64 0.33
  175 E   -2  1 -2  0 -6  0  5  3 -1 -6 -5  1 -5 -6 -3 -2 -2 -6 -5 -5    2   9   1   4   0   3  43  23   1   0   0   8   0   0   1   1   2   0   0   0  0.96 0.41
  176 K   -3  2 -2 -1 -7  1  5 -4 -2 -5 -3  4 -4 -5 -3 -3 -3 -6 -5 -4    1  10   1   3   0   5  43   1   0   0   3  27   0   0   1   1   0   0   0   1  1.12 0.48
  177 R   -4  5 -2 -3 -5 -1 -3 -4 -2 -5 -4  6 -3 -4 -3 -3 -3 -5 -4 -4    1  35   1   1   0   2   1   1   1   1   1  50   1   1   1   1   1   0   0   1  1.58 0.54
  178 P   -2 -2 -1 -4 -4 -2 -4 -6 -4  0 -4 -2 -5 -5  7 -3 -3 -7 -5 -2    2   2   4   1   0   1   1   0   0   5   2   2   0   0  72   2   1   0   0   3  2.11 0.70
  179 F   -5 -4 -5 -7 -5 -6 -6 -7  4 -1 -4 -6 -5  6 -6 -6 -5 -2  7 -5    1   1   0   0   0   0   0   0  11   3   0   0   0  39   0   0   0   0  43   0  2.23 0.72
  180 M    0  0 -2 -2 -2  3  2 -1  2 -1 -2  2  1 -2 -1  0 -1 -5 -2  0    6   4   1   1   1  15  18   4   5   3   3  12   4   1   3   6   3   0   1   7  0.26 0.19
  181 C   -6 -9 -8 -9 11 -8-10 -9 -9 -6 -7 -9 -7 -8 -9 -6 -6 -8 -8 -6    0   0   0   0 100   0   0   0   0   0   0   0   0   0   0   0   0   0   0   0  4.67 1.18
  182 A    0  0  1  1 -3  1  1 -2  0 -3 -2  1  0 -3  1  2  2 -4 -3 -2    5   4   8   9   0   5   9   2   3   1   3  10   2   1   7  16  12   0   0   1  0.28 0.16
  183 Y   -2 -1 -2 -2 -1  0  1 -2  3  1 -1 -1  0  2 -2 -1 -1  1  3  1    3   3   1   2   1   5   9   2   8   8   6   4   2  12   2   2   4   2  15   9  0.22 0.11
  184 P   -1 -1 -1  0 -1  0  1 -1 -1 -1 -1  0  1 -2  5 -1 -1 -2 -2 -1    5   3   3   5   1   5   9   4   2   3   5   4   4   2  31   4   4   1   2   4  0.49 0.11
  185 G   -1 -1  0  1 -2  1  2  3 -1 -2 -2  0 -2 -3 -1  0 -1 -3 -2 -2    3   3   4   9   1   7  17  27   1   2   4   6   1   1   2   5   4   0   1   3  0.33 0.13
  186 C   -6 -9 -8 -9 11 -8-10 -9 -9 -6 -7 -9 -7 -7 -9 -6 -6 -8 -8 -2    0   0   0   0  97   0   0   0   0   0   0   0   0   0   0   0   0   0   0   3  4.49 1.13
  187 N   -2  0  2  1 -1 -1  0  4  1 -3 -4 -1  0 -5 -2  0 -1 -6 -5 -4    1   4  12   8   2   3   6  42   3   1   2   3   3   0   2   5   3   0   0   1  0.66 0.30
  188 K   -5  3 -3 -5 -7  1 -2 -6 -1 -5 -5  7 -2 -7 -5 -4 -4 -2 -3 -5    0  12   0   0   0   6   1   0   1   1   1  74   1   0   0   1   1   1   1   0  1.97 0.70
  189 R    1  4  0 -2  1  0 -1 -1 -2 -3 -4  1 -1 -3 -3  2  1 -5 -3 -1   12  25   5   1   3   4   2   4   0   1   0   6   1   1   0  19   9   0   1   5  0.44 0.26
  190 Y   -5 -7 -7 -8 -1 -7 -8 -8 -5 -5 -4 -7 -5  8 -8 -4 -6 -4  5 -2    1   0   0   0   1   0   0   0   0   0   0   0   0  75   0   1   0   0  19   3  2.73 0.82
  191 F    1 -1  0 -4  0 -3 -3 -1 -1  1 -3 -2 -2  1 -3  4  3 -2 -1 -2    9   3   4   0   2   0   0   4   1   8   1   2   0   8   1  35  17   1   2   2  0.51 0.31
  192 K   -3  4 -2 -3  0  4  0 -5  1 -4 -3  4 -3 -6 -5 -1 -1  0 -2 -4    1  24   1   1   2  23   6   0   3   1   2  25   0   0   0   3   4   1   1   1  0.92 0.41
  193 L    0  0  0 -3 -2 -1 -3 -2 -3 -2  0  2  1 -3 -1  5 -1 -4 -4 -3    5   5   5   1   1   2   1   2   0   2  11  11   3   1   3  46   2   0   0   1  0.62 0.36
  194 S    0 -2 -1  2 -1 -1 -1  1  0 -4 -6 -3 -5 -5 -5  5  0 -4 -2 -4    6   2   1  13   1   2   3   9   2   1   0   1   0   0   0  53   4   0   1   1  0.95 0.45
  195 H   -3 -2  2 -1 -7  0  0 -3  8 -3 -5 -1 -5 -5 -4  0  0 -6  0 -5    1   1  12   4   0   3   6   2  48   1   0   4   0   0   1   8   5   0   3   0  1.46 0.55
  196 L   -6 -7 -8 -8 -6 -6 -7 -8 -7 -2  6 -7  0 -1 -7 -7 -5 -6 -3 -2    0   0   0   0   0   0   0   0   0   0  94   0   1   2   0   0   0   0   1   2  2.20 0.72
  197 Q   -2  1  0 -2 -3  3 -1 -4  0  0 -3  4 -2 -5 -4 -1  3 -6 -5 -1    3   7   3   2   1  15   3   1   2   6   2  34   1   0   0   2  17   0   0   4  0.68 0.36
  198 M    1  2  0 -3  0  2 -1 -2 -2  1  0  0  1 -3 -3  0  2 -5 -2  0   15  12   4   0   2   9   3   1   1  10   7   3   4   0   0   6  15   0   1   6  0.22 0.17
  199 H   -6 -5 -4 -6 -9 -2 -5 -7 10 -8 -8 -5 -7 -6 -7 -6 -6 -7 -1 -8    0   0   0   0   0   1   0   0  97   0   0   0   0   0   0   0   0   0   1   0  4.11 1.08
  200 S   -2  1 -2 -3 -3  4  1 -4  0  0  0  1  4 -2 -4  0 -1 -5 -2 -1    2   7   1   0   0  24  11   0   2   6  11   7  12   2   0   7   4   0   1   3  0.44 0.27
  201 R   -5  8 -3 -6 -8 -1 -4 -5 -2 -7 -5  1 -3 -7 -6 -3 -3 -7 -6 -5    0  86   1   0   0   2   0   1   1   0   1   6   1   0   0   1   1   0   0   0  2.47 0.79
  202 K   -2  0 -3 -4 -3 -3 -3 -3 -4  3 -2  1  0 -4 -3  0  5  0 -4  1    2   6   1   0   0   0   1   1   0  18   3   8   2   0   1   5  43   1   0   8  0.77 0.39
  203 H   -6 -5 -4 -4 -9 -4 -5 -4 10 -8 -6 -3 -7 -6 -2 -4 -6 -7 -3 -8    0   0   0   1   0   0   0   1  93   0   1   1   0   0   3   1   0   0   0   0  3.76 1.05
  204 T   -3 -3 -3 -3 -5 -3 -5 -5 -6 -5 -4 -5 -3 -6 -3  0  7 -7 -6 -1    1   1   1   1   0   1   0   1   0   0   1   0   0   0   1   5  84   0   0   3  2.12 0.76
  205 G   -3 -2 -4 -4 -7 -1 -5  7 -1 -8 -6 -4 -7 -7 -6 -3 -4 -7 -7 -6    1   2   0   1   0   3   0  88   2   0   1   1   0   0   0   1   0   0   0   0  2.26 0.70
  206 E   -4 -3 -3  0 -4 -1  7 -6 -2 -5 -5 -2 -6 -8 -4 -4 -5 -8 -7 -3    1   1   1   4   1   1  87   0   1   0   1   1   0   0   0   0   0   0   0   2  2.31 0.79
  207 K   -4  4 -4 -5 -3 -1 -3 -6 -5 -7 -5  7 -5 -7 -5 -4 -3 -8 -6 -6    1  19   0   0   1   2   1   0   0   0   1  76   0   0   0   0   1   0   0   0  2.16 0.74
  208 P   -3 -4 -4 -6 -8 -4 -6 -7 -6 -7 -3 -6 -7 -8  8 -4 -4 -8 -2 -7    2   1   1   0   0   1   0   0   0   0   3   0   0   0  90   1   1   0   2   0  3.07 0.91
  209 Y   -7 -7 -7 -8 -7 -7 -7 -8  1 -5 -3 -7 -5  6 -8 -6 -6 -3  8 -6    0   0   0   0   0   0   0   0   3   0   1   0   0  32   0   0   0   0  64   0  2.83 0.85
  210 Q    1  1 -2 -2 -2  2  2 -2  1 -2 -2  2 -1 -3  0  0  0 -5 -3  0   10   7   1   1   1  11  17   2   4   2   2  15   1   1   4   8   5   0   0   8  0.30 0.19
  211 C   -5 -8 -7 -8 11 -7 -8 -7 -8 -6 -6 -8 -6 -7 -7 -6 -6 -7 -7 -6    0   0   0   0  97   0   0   0   0   0   0   0   0   0   0   0   0   0   0   0  4.43 1.10
  212 D   -1 -1  2  3 -2  0  1 -1  0 -3 -3  0 -2 -3  2  2  1 -4 -3 -3    2   2  10  17   1   3   8   3   2   1   3   4   1   1  11  19  10   0   1   2  0.39 0.18
  213 F   -1 -1 -2 -2 -2 -1 -1 -2  2  0 -1 -2  1  3 -2 -1 -2  7  2  1    5   3   2   2   1   3   5   3   5   5   6   2   5  12   2   3   2  19   5  10  0.46 0.14
  214 K    0  0 -1  1 -2  0  2 -1 -1 -1 -1  2  0 -2  3 -1  0 -2 -1 -1    6   3   3   7   1   4  14   4   1   3   6  16   3   2  13   4   5   1   2   3  0.22 0.08
  215 D   -2 -2  1  3 -4  2  3  3 -1 -3 -3 -1 -1 -2 -2 -1 -1 -4 -3 -3    2   1   5  17   0  10  23  22   1   2   2   2   2   2   1   4   3   0   1   1  0.51 0.22
  216 C   -6 -9 -8 -9 11 -8-10 -8 -9 -6 -7 -9 -7 -7 -9 -6 -6 -8 -1 -6    0   0   0   0  98   0   0   0   0   0   0   0   0   0   0   0   0   0   2   0  4.49 1.15
  217 E   -2 -2  0  2 -3  0  2  4 -1 -4 -4 -2 -5 -4 -1  0 -1 -3 -5 -2    1   2   3  13   0   4  12  42   1   1   1   2   0   1   2   5   4   0   0   4  0.70 0.32
  218 R   -4  4 -3 -4 -7  1 -2 -6 -4 -5 -5  6 -2 -6 -5 -3 -4  6 -5 -4    1  19   1   0   0   5   2   0   0   1   1  55   1   0   0   1   0  13   0   1  1.68 0.63
  219 R    1  5 -2 -4  1  0 -3 -3 -1 -4 -5  2 -4 -5 -4  2  0 -6 -3 -4   13  40   1   0   3   4   0   2   1   1   0  13   0   0   0  15   5   0   1   1  0.91 0.42
  220 F   -7 -8 -8 -9 -7 -8 -8 -8 -6 -5 -3 -8 -5  9 -9 -7 -7 -4  0 -6    0   0   0   0   0   0   0   0   0   0   2   0   0  96   0   0   0   0   2   0  3.42 0.98
  221 S    3 -2  0 -4  1 -4 -4 -3 -2 -4 -5 -2 -3 -4 -3  5  1 -6 -2 -3   22   1   5   0   4   0   0   1   1   1   0   2   0   1   0  51   8   0   1   2  1.06 0.50
  222 R   -3  6 -2 -2 -2  4 -1 -5  1 -2 -5 -1 -1 -6 -5 -1 -2 -1 -3 -4    1  53   2   2   1  21   3   0   3   2   1   2   1   0   0   4   2   1   1   1  1.36 0.55
  223 S   -1  0  0 -3 -3 -1 -3 -2 -3 -4  0  0 -3 -4 -2  6 -1 -7 -5 -3    3   4   3   0   0   3   0   2   0   1   9   6   0   0   2  62   1   0   0   1  1.05 0.51
  224 D   -2 -3 -1  5 -1 -3 -1  2 -2 -5 -6 -4 -6 -4 -4  4 -1 -7 -2 -5    1   1   2  36   1   1   2  17   1   0   0   0   0   0   1  31   3   0   2   0  1.04 0.46
  225 Q   -1 -2  2  0 -3  1  4 -3  6 -4 -5 -1 -5 -4 -4  1  0 -6 -1 -4    5   1  10   4   1   6  31   2  21   1   0   3   0   1   0   9   5   0   2   0  0.85 0.39
  226 L   -6 -3 -7 -8 -6 -6 -7 -8 -7 -1  6 -6  0 -2 -7 -6 -5 -6 -5 -2    0   1   0   0   0   0   0   0   0   1  93   0   2   1   0   0   0   0   0   1  2.13 0.71
  227 K   -1  1 -1 -4 -3  3 -2 -4 -1  1 -3  4 -2 -4 -4  1  3 -6 -4 -1    4   5   3   0   0  13   1   1   1   7   2  26   1   0   0   9  23   0   0   4  0.59 0.34
  228 R   -1  5 -1 -3 -1  1 -1 -5 -2  1 -1  1 -1 -5 -5 -1  1 -6 -4  0    3  41   3   1   1   6   3   0   1   9   5   6   1   0   0   4   9   0   0   6  0.71 0.35
  229 H   -7 -5 -5 -6 -9 -4 -5 -8 10 -9 -8 -6 -7 -7 -7 -6 -7 -8 -3 -8    0   0   0   0   0   0   0   0 100   0   0   0   0   0   0   0   0   0   0   0  4.41 1.22
  230 Q   -3  2 -2 -4 -3  4  1 -2  1  0 -1  2  4 -1 -5 -3 -2 -4  1 -2    0  10   1   0   1  27   8   3   3   5   6  12  12   2   0   0   1   0   6   3  0.60 0.33
  231 R   -5  8 -3 -6 -8 -1 -5 -6 -2 -5 -5 -1 -3 -7 -6 -4 -4 -8 -6 -5    0  91   1   0   0   1   0   0   1   0   1   2   1   0   0   1   1   0   0   0  2.68 0.85
  232 R   -2  0 -3 -5 -2 -3 -4 -5 -5  3 -2  1  0 -4 -5  0  5 -6 -5  1    1   5   1   0   1   1   0   0   0  22   2  10   2   0   0   8  37   0   0  11  0.79 0.39
  233 H   -7 -5 -4 -6 -9 -4 -5 -8 10 -9 -8 -6 -7 -6 -7 -6 -7 -7 -3 -8    0   0   0   0   0   0   0   0 100   0   0   0   0   0   0   0   0   0   0   0  4.37 1.17
  234 T   -4 -5 -1 -6 -6 -4 -5 -6 -6 -6 -6 -5 -4 -7 -6  1  7 -8 -7 -4    0   0   2   0   0   0   0   0   0   0   0   0   0   0   0   9  88   0   0   0  2.50 0.90
  235 G   -4 -4 -4 -5 -8 -7 -7  7 -7 -9 -9 -5 -8 -6 -7 -5 -6 -8 -8 -7    1   1   0   0   0   0   0  97   0   0   0   0   0   0   0   0   0   0   0   0  2.82 0.86
  236 V   -1 -4 -4  0 -5  1  6 -6  1 -1 -4 -2 -4 -7 -5 -4 -4 -7 -4  0    5   0   0   4   0   5  68   0   4   3   1   1   0   0   0   0   0   0   1   7  1.56 0.63
  237 K   -5  3 -5 -6 -8 -2 -3 -7 -3 -8 -7  7 -6 -8 -6 -4 -4 -8 -7 -7    0  16   0   0   0   1   1   0   1   0   0  80   0   0   0   1   1   0   0   0  2.45 0.87
  238 P   -5  0 -5 -7 -8 -4 -6 -8 -7 -8 -6  2 -7 -6  8 -5 -6 -9 -8 -7    0   5   0   0   0   1   0   0   0   0   1  11   0   0  82   0   0   0   0   0  2.86 0.96
  239 F   -7 -7 -8 -8 -7 -7 -8 -9  1 -4 -4 -8 -5  7 -8 -7 -7 -3  7 -6    0   0   0   0   0   0   0   0   3   1   1   0   0  54   0   0   0   0  42   0  2.83 0.91
  240 Q    0  0 -2 -3 -2  4  2 -3  0 -3 -3  3 -1 -5 -2  0 -1 -3 -4  1    6   4   1   0   1  20  17   2   2   1   1  20   1   0   2   8   4   0   0  10  0.54 0.33
  241 C   -6 -9 -9-10 11 -9-10 -9-10 -7 -7 -9 -7 -8 -9 -4 -7 -9 -9 -7    0   0   0   0  99   0   0   0   0   0   0   0   0   0   0   1   0   0   0   0  4.73 1.29
  242 K   -1  1  1  1 -5  0  1 -2  0 -3 -3  2 -3 -4  3  2  1 -6 -4 -2    4   8   6   7   0   4   9   2   2   1   2  12   0   0  14  15  10   0   0   2  0.38 0.23
  243 T   -2 -2 -2  1 -3  1  3 -1  2  2 -1 -2  0 -1 -4 -2  0 -5  0  2    1   1   1   8   0   8  19   6   5  12   6   2   2   2   0   1   4   0   3  18  0.29 0.21
  244 C   -6-10 -9-10 11 -9-10 -9-10 -7 -7 -9 -7 -8 -9 -7 -7 -9 -9 -7    0   0   0   0 100   0   0   0   0   0   0   0   0   0   0   0   0   0   0   0  4.83 1.31
  245 Q   -2 -2  1  2 -4  2  2  4  1 -4 -3 -2  0 -4 -1  0 -2 -6 -5 -5    1   2   8  14   0   9  11  31   3   1   3   1   3   0   3   8   1   0   0   0  0.60 0.32
  246 R   -4  5 -3 -6 -8 -1 -4 -5 -5 -7 -5  6 -1 -8 -6 -3 -4 -8 -7 -7    1  37   1   0   0   2   0   0   0   0   1  55   1   0   0   1   0   0   0   0  2.01 0.76
  247 K    2  4 -1 -4  2  0 -2 -2 -3 -5 -5  2 -4 -4 -4  2  0 -2 -3 -4   16  30   3   0   5   3   1   2   0   0   1  13   0   1   0  18   4   1   1   1  0.74 0.39
  248 F   -8 -9 -9 -9 -8 -9 -9 -9 -6 -6 -5 -9 -5  9 -9 -8 -7 -5  0 -6    0   0   0   0   0   0   0   0   0   0   0   0   0  98   0   0   0   0   2   0  3.68 1.12
  249 S    2 -2 -1 -5 -3 -3 -4 -3 -3 -3 -4 -3  5 -3 -3  5  1 -6 -3 -2   16   2   2   0   0   0   0   2   0   1   1   1  16   1   1  45  10   0   1   2  1.06 0.54
  250 R   -4  7 -3 -3 -3  4 -1 -6  1 -4 -4 -1 -5 -5 -6 -4 -2 -2 -4 -5    1  62   1   2   1  18   3   0   3   1   1   2   0   1   0   1   2   1   0   0  1.77 0.71
  251 S   -2  1 -1 -4 -6 -3 -4 -3 -3 -4 -2  1 -3 -5 -3  6 -2 -4 -5 -3    2   7   3   0   0   1   0   1   0   1   4   7   1   0   1  68   1   0   0   1  1.37 0.65
  252 D   -2 -4 -1  6 -2 -3 -2  1 -2 -5 -7 -4 -6 -6 -3  3 -1 -8 -2 -5    2   0   1  47   1   1   2  11   1   1   0   0   0   0   1  27   3   0   1   1  1.30 0.57
  253 H   -2 -3  2 -1 -5 -2 -3 -4  9 -6 -7 -3 -7 -6 -6 -1 -2 -7  0 -5    3   1  11   3   0   1   1   1  65   0   0   2   0   0   0   5   3   0   2   1  2.37 0.83
  254 L   -6 -4 -8 -9 -3 -7 -8 -9 -4 -2  6 -7  0 -3 -8 -7 -6 -7 -4 -1    0   1   0   0   1   0   0   0   0   1  93   0   1   1   0   0   0   0   0   3  2.22 0.79
  255 K    2  1 -1 -3 -3  1 -2 -4 -1 -1 -3  3 -2 -4 -4  1  3 -6 -4 -1   16   8   2   0   0   7   1   0   1   4   1  22   1   0   0  11  20   0   0   4  0.53 0.33
  256 T   -1  1 -1 -2 -2  1 -1 -4 -2  0  0  4  0 -4 -4 -1  2 -5 -2  0    5   6   3   2   1   6   2   1   0   7  12  27   2   0   0   4  16   0   1   5  0.38 0.26
  257 H   -7 -6 -5 -7-10 -5 -6 -8 11 -9 -9 -6 -8 -7 -8 -7 -7 -8 -4 -9    0   0   0   0   0   0   0   0 100   0   0   0   0   0   0   0   0   0   0   0  4.57 1.35
  258 T    0  1 -1 -4 -2  4 -1 -5 -2  1  0  0  4 -3 -5 -2  0 -3 -2  1    7   8   3   0   1  23   4   0   1   8   7   6  15   0   0   2   7   0   1   9  0.49 0.31
  259 R   -5  7 -3 -6 -8 -1 -4 -6 -3 -4 -4  4 -3 -4 -6 -4 -5 -8 -4 -5    1  67   1   0   0   1   0   0   0   1   2  22   1   1   0   1   0   0   1   1  2.08 0.77
  260 T   -3  4 -3 -6 -3 -4 -5 -6 -5  3 -3 -1 -2 -5 -6 -2  5 -7 -6  1    1  24   1   0   0   0   0   0   0  15   1   3   1   0   0   2  42   0   0  10  1.16 0.55
  261 H   -7 -6 -5 -7-10 -5 -6 -8 10 -9 -9 -6 -8 -7 -8 -7 -7 -8 -1 -9    0   0   0   0   0   0   0   0  99   0   0   0   0   0   0   0   0   0   1   0  4.48 1.33
  262 T   -1 -3 -1 -3 -6 -3 -3 -3 -6 -1 -3 -4  1 -6 -4  0  7 -3 -5 -4    4   1   3   1   0   1   1   2   0   3   2   1   4   0   1   5  71   0   0   1  1.63 0.71
  263 G   -2 -1 -1 -4 -7 -3 -4  6 -3 -8 -6 -1 -7 -8 -4 -3  0 -8 -7 -7    2   4   2   1   0   1   1  77   1   0   0   3   0   0   1   1   6   0   0   0  1.90 0.69
  264 E   -1 -4 -3  0 -5  0  6 -3 -2 -4 -5 -1 -6 -1 -4 -2  0 -7 -4 -3    5   0   0   5   0   2  67   2   1   1   1   2   0   3   1   2   5   0   0   2  1.47 0.64
  265 K   -5  4 -2 -6 -8 -1 -4 -7 -2 -7 -5  7 -4 -5 -6 -5 -4 -8 -7 -5    0  18   1   0   0   2   0   0   1   0   1  75   0   0   0   0   1   0   0   1  2.22 0.83
  266 P   -4 -1 -6 -6 -3 -4 -6 -7 -6 -7 -3  0 -4 -7  8 -4 -6 -8 -7 -4    1   4   0   0   1   1   0   0   0   0   3   7   1   0  82   1   0   0   0   1  2.71 0.92
  267 F   -4 -2 -7 -7 -7 -5 -7 -7  1 -2 -4 -6 -3  7 -7 -3 -4 -3  7 -4    1   2   0   0   0   0   0   0   2   3   0   0   1  47   0   2   1   0  39   1  2.23 0.76
  268 S    1  0 -1 -2 -2  2  2 -2  1 -3 -3  2 -2 -4  0  1  0 -3 -3  0   10   4   3   1   1  11  14   2   3   1   2  13   1   0   5  13   6   0   0   9  0.29 0.21
  269 C   -4 -8 -7 -8 11 -7 -8 -7 -8 -3 -6 -7 -3 -7 -5 -3 -4 -7 -7 -4    1   0   0   0  91   0   0   0   0   1   0   0   1   0   1   2   1   0   0   1  4.04 1.11
  270 R   -1  2  0  1 -2  1  0 -2 -2 -2 -1  2 -1 -3  2  1  1 -3 -3 -2    5  12   3  10   1   5   6   2   0   2   5  12   2   1   9  14   7   0   1   2  0.26 0.14
  271 W   -1 -1 -1 -1 -1  0 -1 -2  1  1  1 -1  0  1 -1 -1 -1  5  2  1    4   2   2   4   1   5   4   3   4   9  12   2   3   7   2   3   2  10   7  13  0.19 0.08
  272 H    0 -1  1  1 -2  1  1 -1  2 -1 -1  0 -1 -1  2  0  0 -1 -1 -1    5   3   8   8   1   6   8   5   7   3   6   4   2   3  11   8   4   1   2   4  0.14 0.04
  273 S   -1 -1  1  2 -3  1  3  1  0 -2 -2  0 -2 -2 -1  0  0 -3 -2 -1    5   2   5  11   1   6  19  11   2   2   4   6   1   1   2   8   4   0   1   5  0.22 0.10
  274 C   -2 -9 -8 -4 11 -8 -3 -9 -9 -7 -7 -9 -7 -8 -9 -3 -6 -9 -8 -6    3   0   0   1  93   0   2   0   0   0   0   0   0   0   0   2   0   0   0   0  4.22 1.19
  275 Q   -3 -2  0  2 -3  1  2  4  0 -6 -4 -1 -4 -4 -1  0 -1 -2 -5 -3    1   2   5  10   0   7  13  38   2   0   2   3   0   1   3   7   4   1   0   1  0.66 0.33
  276 K   -4  5 -3 -5 -8 -1 -2 -3 -3 -7 -4  6 -3 -7 -6 -3 -4  2 -6 -7    1  29   1   0   0   2   1   2   0   0   1  58   1   0   0   1   1   2   0   0  1.80 0.71
  277 K    1  4 -1 -2  2  1 -2 -2 -2 -5 -5  3 -2 -5 -4  2 -1 -6 -2 -4   14  27   3   2   4   5   1   2   1   0   0  16   1   0   0  19   4   0   2   0  0.69 0.37
  278 F   -7 -8 -8 -3 -7 -8 -9 -9 -6 -5 -2 -8 -5  9 -9 -8 -7 -5  0 -6    0   0   0   2   0   0   0   0   0   0   3   0   0  93   0   0   0   0   3   0  3.35 1.04
  279 A    3 -1  0 -4 -2 -3 -4 -2 -3 -2 -3 -1  3 -4 -3  4  2 -3 -2 -2   21   3   4   0   1   0   0   2   0   3   1   2   7   0   1  40  11   0   2   2  0.77 0.44
  280 R   -4  6 -4 -1 -5  4 -2 -4  2 -6 -4  1 -4 -5 -6 -2 -3 -4 -2 -6    1  55   0   3   0  20   1   1   5   0   1   6   0   0   0   3   1   0   1   0  1.55 0.64
  281 S   -1  0 -1 -5 -2 -2 -3 -2 -3 -3 -1  0 -3 -6 -2  6 -2 -7 -3 -4    2   5   3   0   1   1   1   3   1   1   7   6   0   0   2  64   1   0   1   1  1.16 0.58
  282 D   -2 -2 -1  6 -4 -4 -1  1 -3 -5 -6 -4 -6 -4 -2  3 -2 -8 -3 -5    2   2   2  47   0   0   3  10   1   1   0   0   0   1   2  25   1   0   1   0  1.22 0.54
  283 E   -1 -3  2  1 -2  1  2 -3  7 -2 -4 -1 -5 -4 -3  0  0 -6 -1 -4    5   1  11   6   1   6  15   2  31   2   1   3   0   0   1   8   6   0   2   1  0.87 0.43
  284 L   -5 -1 -7 -8 -4 -5 -7 -8 -7 -2  6 -3  0 -3 -7 -4 -5 -6 -6 -2    0   4   0   0   0   0   0   0   0   1  87   1   1   1   0   1   0   0   0   2  1.94 0.72
  285 V    1  0  0 -3 -2  1 -1 -3 -1  1 -2  3 -1 -4 -2  2  2 -5 -4  0   14   4   3   0   1   7   2   1   1   8   3  21   1   0   1  14  12   0   0   7  0.34 0.24
  286 R   -2  4 -1 -2 -3  1 -2 -3 -3 -1  0  4 -2 -4 -4  0  0 -6 -3 -1    3  30   3   2   0   6   1   1   0   4   9  24   0   0   0   6   5   0   1   4  0.64 0.34
  287 H   -7 -4 -5 -7 -9 -4 -5 -4 10 -9 -8 -6 -7 -7 -3 -6 -7 -8 -4 -8    0   1   0   0   0   0   0   1  96   0   0   0   0   0   1   0   0   0   0   0  4.23 1.27
  288 H   -1  1 -2 -3 -4  4  0 -3  3  0 -1  1  4 -4 -5 -2  0 -3 -3  0    5   8   1   0   0  23   4   2   7   4   6   9  15   0   0   1   6   0   1   6  0.53 0.33
  289 N   -4  6  2 -5 -7  0 -3 -4 -2 -5 -4  4 -3 -6 -5 -3 -3 -7 -6 -6    1  49  11   0   0   3   1   1   1   0   2  28   1   0   0   1   1   0   0   0  1.55 0.63
  290 M   -3  3 -3 -5 -3 -3 -4 -5 -5  3 -1 -1  1 -3 -5 -1  4 -6 -3  2    1  19   0   0   1   0   0   0   0  20   5   2   4   1   0   4  27   0   1  17  0.78 0.41
  291 H   -7 -3 -5 -7 -9 -5 -5 -8 10 -9 -8 -6 -8 -7 -8 -5 -7 -8 -1 -9    0   2   0   0   0   0   0   0  96   0   0   0   0   0   0   0   0   0   1   0  4.26 1.27
  292 Q   -1  1  1 -1 -4  3  1 -3 -1 -2  0  1  1 -3 -3  0  2 -1 -2 -2    4   8   6   2   0  18  11   1   1   2   8   9   5   1   0   6  15   1   1   1  0.33 0.21
  293 R   -2  6 -1 -3 -2  0  0 -1 -2 -6 -5  4 -4 -6 -1 -1 -2 -6 -4 -5    2  47   2   1   1   4   4   4   0   0   0  27   0   0   3   3   2   0   0   0  1.14 0.42
  294 N   -2 -1  4  2 -5  2  2 -1  0 -3 -4  1 -3 -5 -4  1  1 -5 -3 -3    1   2  22  13   0   8  17   3   1   1   1  11   0   0   0   8   9   0   1   1  0.55 0.24
  295 M    0  1 -1 -3 -3  0  0 -2  2  0  1  2  2 -1 -2 -1  0 -3 -2 -1    6   9   2   0   0   3   4   3   9   5  19  14   9   3   1   3   5   0   1   3  0.15 0.11
  296 T    0  0  0  0 -1  0  0 -2 -2  0 -1 -1  0 -1  1  1  3 -4 -2  0    4   4   5   5   1   2   7   1   0   5   3   3   2   3   7  13  29   0   1   4  0.25 0.13
  297 K   -1  2  0 -2 -5  0  1  0 -1 -4 -2  4 -1 -2  1 -1 -2 -4  0 -2    3  11   5   0   0   2   9   6   1   0   3  43   1   1   7   2   0   0   3   3  0.56 0.21
  298 L   -1 -1 -3 -3  0 -2 -2 -2 -3  2  3 -1  2 -1 -4 -1 -2 -4 -3  1    5   4   0   1   2   0   3   2   0  12  44   4   7   1   0   4   1   0   0  10  0.37 0.14
  299 Q    0  0 -1 -1 -4  4  2 -3  2 -3 -2  0 -2 -2  0  0  1 -4 -3 -1    8   4   2   1   0  34  15   0   5   0   4   4   0   2   3   5   9   0   0   5  0.47 0.16
  300 L   -1 -2 -4 -4 -3 -3 -1 -4 -4  2  4 -3  3 -1  1 -1 -1 -4 -3  1    3   1   0   0   0   0   4   0   0   9  51   0  10   0   7   5   2   0   0   9  0.50 0.15
  301 A    3  0  0 -2  2 -1 -2 -2 -2 -1 -2  0 -2 -3 -1  2  1 -4 -3  0   35   4   3   0   7   0   0   0   0   4   0   6   0   0   1  23   7   0   0   9  0.35 0.11
  302 L   -3 -4 -5 -5 -3 -3 -4 -5 -4  2  4 -4  1  1 -4 -3 -2 -3 -2  0    0   0   0   0   0   0   0   0   0  16  78   0   0   6   0   0   0   0   0   0  0.82 0.12

                      K         Lambda
Standard Ungapped    0.1711     0.3410
Standard Gapped      0.1100     0.3190
PSI Ungapped         0.1711     0.3410
PSI Gapped           0.1100     0.3190
