
Last position-specific scoring matrix computed, weighted observed percentages rounded down, information per position, and relative weight of gapless real matches to pseudocounts
           A  R  N  D  C  Q  E  G  H  I  L  K  M  F  P  S  T  W  Y  V   A   R   N   D   C   Q   E   G   H   I   L   K   M   F   P   S   T   W   Y   V
    1 M   -1 -2 -3 -4 -2 -1 -3 -4 -3  2  1 -2  5 -1 -3 -2 -1 -2 -2  3    0   0   0   0   0   0   0   0   0   0   0   0  48   0   0   0   0   0   0  52  0.43 0.00
    2 E   -2 -1  5  1 -4  2  2 -1  0 -4 -4  0 -2 -4 -2  0 -1 -4 -3 -3    0   0  71   0   0  11  18   0   0   0   0   0   0   0   0   0   0   0   0   0  0.83 0.01
    3 K    2  0 -1 -1 -2  5  1 -2  0 -3 -2  2 -1 -3 -1  0  1 -3 -2 -2   28   0   0   0   0  53   0   0   0   0   0  11   0   0   0   0   7   0   0   0  0.55 0.02
    4 G    0 -3 -1 -2 -4 -3 -3  6 -3 -5 -5 -2 -4 -4 -3 -1 -2 -4 -4 -4    0   0   0   0   0   0   0 100   0   0   0   0   0   0   0   0   0   0   0   0  1.42 0.03
    5 Y   -3 -3 -3 -4 -4 -2 -3 -4  1 -2 -2 -3 -2  3 -4 -2 -2  2  7 -2    0   0   0   0   0   0   0   0   0   0   0   0   0   0   0   0   0   0 100   0  1.41 0.06
    6 S    0 -2  0 -1 -3 -1 -1  3 -2 -4 -4 -1 -3 -3  3  3  0 -4 -3 -3    0   0   0   0   0   0   0  37   0   0   0   0   0   0  17  45   0   0   0   0  0.72 0.03
    7 T    3 -2 -1 -2 -1 -1 -1 -1 -2 -1 -2 -1 -1 -3 -1  1  4 -4 -2 -1   46   0   0   0   0   0   0   0   0   0   0   0   0   0   0   0  54   0   0   0  0.56 0.03
    8 V    0 -2 -3 -3 -1 -2 -2 -3 -3  2  1 -2  3 -1 -2 -2  0 -3 -2  4    8   0   0   0   0   0   0   0   0   0   0   0  22   0   0   0   0   0   0  65  0.38 0.03
    9 T    2 -2 -1 -1 -2 -1 -1  1 -2 -2 -2 -1 -2 -3  1  2  2 -3 -2 -1   29   0   0   0   0   0   0  12   0   0   0   0   0   0   5  26  25   0   0   0  0.40 0.01
   10 F   -3 -3 -4 -4 -3 -3 -4 -4 -1  0  1 -3  0  6 -4 -3 -2  0  4 -1    0   0   0   0   0   0   0   0   0   0  13   0   0  70   0   0   0   0  17   0  0.87 0.04
   11 D   -2 -2  1  6 -5  0  3 -2 -1 -4 -5 -1 -4 -4 -2 -1 -2 -5 -4 -4    0   0   0  83   0   0  17   0   0   0   0   0   0   0   0   0   0   0   0   0  1.23 0.04
   12 G    0 -2  1 -1 -3 -1 -1  5 -2 -3 -3 -1 -2 -3 -2  1 -1 -3 -3 -3    1   1   9   1   0   1   1  65   0   1   2   1   0   1   1  13   1   0   1   1  0.72 0.02
   13 A    2 -1  2 -1 -2 -1 -1 -1 -1 -2 -2 -1 -1 -3 -1  2  3 -4 -2 -1   34   0  15   0   0   0   0   0   0   0   0   0   0   0   0  17  34   0   0   0  0.45 0.02
   14 P   -1 -2 -2 -2 -3 -2 -2  0 -2 -4 -3 -2 -3 -4  7  0  0 -5 -4 -3    0   0   0   0   0   0   0   9   0   0   0   0   0   0  77   8   5   0   0   0  1.91 0.04
   15 S    0 -1  4  0  3 -1 -1 -1 -1 -3 -3 -1 -2 -3 -2  4  1 -4 -3 -2    0   0  30   0  11   0   0   0   0   0   0   0   0   0   0  59   0   0   0   0  0.60 0.03
   16 Y   -3 -3 -3 -4 -4 -2 -3 -4  1 -2 -2 -3 -2  3 -4 -2 -2  2  7 -2    0   0   0   0   0   0   0   0   0   0   0   0   0   0   0   0   0   0 100   0  1.41 0.06
   17 G    0 -3 -1 -2 -4 -3 -3  6 -3 -5 -5 -2 -4 -4 -3 -1 -2 -4 -4 -4    0   0   0   0   0   0   0 100   0   0   0   0   0   0   0   0   0   0   0   0  1.43 0.04
   18 H   -2 -1  0 -2 -4  0 -1 -3  8 -4 -4 -1 -3 -2  3 -1 -2 -3  1 -4    0   0   0   0   0   0   0   0  83   0   0   0   0   0  17   0   0   0   0   0  1.23 0.05
   19 T    0 -1  2 -1 -2 -1 -1 -2 -1 -2 -2 -1 -1 -3 -2  1  5 -4 -2 -1    0   0  17   0   0   0   0   0   0   0   0   0   0   0   0   0  83   0   0   0  0.73 0.04
   20 P   -1 -3 -3 -2 -4 -2 -2 -3 -3 -4 -4 -2 -3 -4  8 -1 -2 -5 -4 -3    0   0   0   0   0   0   0   0   0   0   0   0   0   0 100   0   0   0   0   0  2.72 0.06
   21 S    1 -1  0 -1 -2 -1 -1  2 -2 -3 -3 -1 -2 -3 -2  4  2 -4 -3 -2    0   0   0   0   0   0   0  17   0   0   0   0   0   0   0  72  10   0   0   0  0.63 0.03
   22 H   -2  0  0 -2 -4  2  0 -3  8 -4 -3 -1 -2 -2 -3 -1 -2 -3  1 -4    0   0   0   0   0  11   0   0  89   0   0   0   0   0   0   0   0   0   0   0  1.25 0.06
   23 H   -2 -1 -1 -2 -4  0 -1 -3  7 -4 -3 -1 -3 -1  4 -1 -2 -2  3 -3    0   0   0   0   0   0   0   0  65   0   0   0   0   0  24   0   0   0  11   0  1.09 0.04
   24 A    2 -2 -1 -2 -2 -1 -1  0 -2 -2 -3 -1 -2 -3  4  2  1 -4 -3 -1   34   0   0   0   0   0   0   7   0   0   0   0   0   0  25  24  11   0   0   0  0.65 0.02
   25 A    3 -2 -2 -2 -2 -1 -1 -1 -2 -3 -3 -1 -2 -3  5  2  0 -4 -3 -2   40   0   0   0   0   0   0   0   0   0   0   0   0   0  41  19   0   0   0   0  1.01 0.03
   26 Q   -1  1  0 -1 -4  6  2 -3  1 -4 -3  1 -1 -4 -2 -1 -1 -3 -2 -3    0   0   0   0   0 100   0   0   0   0   0   0   0   0   0   0   0   0   0   0  1.17 0.06
   27 F   -3 -4 -4 -4 -3 -4 -4 -4 -2 -1  1 -4  0  6 -4 -3 -2  0  3 -1    0   0   0   0   0   0   0   0   0   0   7   0   0  93   0   0   0   0   0   0  1.04 0.05
   28 P    0 -2 -1 -2 -3  0 -1 -2 -2 -2 -1 -1 -1 -3  6  2  1 -4 -3 -2    0   0   0   0   0   3   0   0   0   0  11   0   0   0  52  21  12   0   0   0  1.13 0.03
   29 N    0 -1  5  0 -3 -1 -1 -1 -1 -2 -1 -1 -2 -3 -2  3  0 -4 -2 -2    0   0  52   0   0   0   0   0   0   0  11   0   0   0   0  37   0   0   0   0  0.59 0.03
   30 H   -2 -1  0 -2 -3  0 -1 -3  7 -2  0 -1 -1 -1 -2 -1 -2 -2  1 -2    1   1   0   1   0   0   1   1  75   1  16   1   0   0   1   1   1   0   0   1  0.83 0.04
   31 S    1 -2  0 -1 -2 -1 -1 -1 -1 -2 -2 -1 -2  2  1  4  1 -3 -1 -2    0   0   0   0   0   0   0   0   0   0   0   0   0  17   8  75   0   0   0   0  0.55 0.03
   32 F   -3 -4 -4 -4 -3 -4 -4 -4 -2 -1  0 -4 -1  7 -4 -3 -3  0  3 -1    0   0   0   0   0   0   0   0   0   0   0   0   0 100   0   0   0   0   0   0  1.15 0.05
   33 K   -1  3  0 -1 -4  1  0 -2 -1 -3 -3  5 -2 -4 -2 -1 -1 -4 -3 -3    0  11   0   0   0   0   0   0   0   0   0  89   0   0   0   0   0   0   0   0  0.91 0.04
   34 H   -2 -1  0 -2 -4  0 -1 -3  8 -4 -4 -1 -3 -2  2 -1 -2 -3  1 -4    0   0   0   0   0   0   0   0  89   0   0   0   0   0  11   0   0   0   0   0  1.26 0.06
   35 E   -1 -1 -1  1 -5  2  6 -3 -1 -4 -4  0 -3 -4 -2 -1 -1 -4 -3 -3    0   0   0   0   0   0 100   0   0   0   0   0   0   0   0   0   0   0   0   0  1.19 0.05
   36 D   -2 -2  1  6 -5  0  3 -2 -1 -4 -5 -1 -4 -4 -2 -1 -2 -5 -4 -4    0   0   0  83   0   0  17   0   0   0   0   0   0   0   0   0   0   0   0   0  1.23 0.04
   37 P    2 -2 -2 -2 -2 -1 -1 -2 -2 -1 -2 -1 -2 -3  6  1  1 -4 -3 -1   26   0   0   0   0   0   0   0   0   5   0   0   0   0  45   9  15   0   0   0  0.99 0.02
   38 M   -2 -3 -4 -4 -2 -2 -4 -4 -3  3  3 -3  3  0 -3 -3 -1 -3 -2  2    0   0   0   0   0   0   0   0   0  49  34   0  17   0   0   0   0   0   0   0  0.52 0.02
   39 G    1  1  0 -2 -2 -1 -1  3 -2 -3 -3 -1 -2 -3 -2  2  1 -4 -3 -2   10  11   0   0   0   0   0  38   0   0   0   0   0   0   0  29  13   0   0   0  0.51 0.02
   40 Q   -1  0 -1 -1 -4  5  1 -3  4 -4 -3  0 -1 -3  3 -1 -1 -3 -1 -3    0   0   0   0   0  63   0   0  17   0   0   0   0   0  20   0   0   0   0   0  0.91 0.04
   41 Q   -1  0 -1 -1 -4  5  1 -3  3 -3 -1  0 -1 -3  2 -1 -1 -3 -2 -2    0   0   0   0   0  70   0   0  11   0   7   0   0   0  13   0   0   0   0   0  0.79 0.04
   42 G    0 -2  2 -1 -3 -1 -1  2 -2 -3 -3 -1 -2 -3  4  1  2 -4 -3 -2    0   0  19   0   0   0   0  25   0   0   0   0   0   0  24  13  20   0   0   0  0.63 0.02
   43 S    0 -1  2 -1 -2 -1 -1 -1 -1 -3 -3 -1 -2 -3  4  3  2 -4 -3 -2    0   0  16   0   0   0   0   0   0   0   0   0   0   0  24  50  10   0   0   0  0.73 0.03
   44 L   -2 -3 -3 -4 -2 -2 -3 -4 -3  2  3 -2  4 -1  3 -2 -1 -3 -2  1    0   0   0   0   0   0   0   0   0  15  40   0  28   0  17   0   0   0   0   0  0.53 0.02
   45 G    2 -3 -2 -3 -2 -2 -2  2 -2  0 -1 -2 -1  3 -2 -1 -1 -2  0  1   25   0   0   0   0   0   0  25   0   0   0   0   0  25   0   0   0   0   0  25  0.27 0.03
   46 E   -1  0  0  3 -4  1  4  1 -1 -4 -4  3 -3 -4 -2 -1 -1 -4 -3 -3    0   0   0  17   0   0  39  13   0   0   0  31   0   0   0   0   0   0   0   0  0.63 0.04
   47 Q   -1  0  0 -1 -3  5  1 -2  0 -3 -3  2 -1 -3 -2  2  1 -3 -2 -2    0   0   0   0   0  53   0   0   0   0   0  15   0   0   0  19  13   0   0   0  0.65 0.06
   48 Q   -1  3 -1 -2 -4  4  0  1  3 -2  0  0 -1 -2 -2 -1 -2 -3 -2 -2    0  19   0   0   0  42   0  11  13   0  15   0   0   0   0   0   0   0   0   0  0.46 0.05
   49 Y    0 -3 -3 -4 -2 -3 -3 -3  0  0 -1 -3 -1  4 -3 -2 -2  5  5  1   13   0   0   0   0   0   0   0   0   0   0   0   0  22   0   0   0  11  35  19  0.60 0.04
   50 S    0 -2 -1 -2 -3 -1 -1  1  3 -1 -3 -1 -2 -3  4  3  0 -4 -2 -2    0   0   0   0   0   0   0  11  16   8   0   0   0   0  28  37   0   0   0   0  0.63 0.04
   51 V    1 -3 -3 -4 -2 -3 -3 -3 -3  3  0 -3  0 -1 -3 -2 -1  5 -1  3   17   0   0   0   0   0   0   0   0  21   0   0   0   0   0   0   0  11   0  51  0.44 0.04
   52 P   -1 -2 -2 -2 -4 -1 -2 -3  4 -4 -4 -2 -3 -4  7 -2 -2 -5 -2 -3    0   0   0   0   0   0   0   0  21   0   0   0   0   0  79   0   0   0   0   0  2.09 0.08
   53 P   -1 -1  1  3 -3 -1  0 -2 -2 -4 -4  1 -3 -4  5  1 -1 -5 -3 -3    0   0   5  21   0   0   0   0   0   0   0  16   0   0  38  19   0   0   0   0  0.92 0.04
   54 P    0 -1 -2 -2 -4 -1 -1 -3 -2 -4 -3  1 -3 -4  7 -1 -2 -5 -4 -3    8   0   0   0   0   0   0   0   0   0   0  16   0   0  76   0   0   0   0   0  1.92 0.07
   55 V   -1 -3 -4 -4 -2 -2 -3 -4 -3  3  3 -3  4 -1 -3 -2 -1 -3 -2  3    0   0   0   0   0   0   0   0   0  21  27   0  24   0   0   0   0   0   0  27  0.48 0.03
   56 Y   -1 -2 -2 -3 -3 -2 -3 -3  0 -1  0 -2 -1  3 -3  1 -1  1  6 -2    0   0   0   0   0   0   0   0   0   0  11   0   0  17   0  21   0   0  51   0  0.65 0.05
   57 G    0 -2 -1 -1 -4 -1  1  4 -2 -4 -4 -1 -3 -4  5  0 -1 -4 -4 -3    8   0   0   0   0   0  16  40   0   0   0   0   0   0  32   4   0   0   0   0  0.91 0.04
   58 C   -1 -3 -2 -3  8 -3 -4 -3 -4 -2 -2 -3 -2 -3 -3  1 -1 -4 -3 -2    0   0   0   0  79   0   0   0   0   0   0   0   0   0   0  21   0   0   0   0  1.24 0.08
   59 H   -2  0  0 -2 -5  0 -1 -3  8 -4 -4  2 -3 -2 -3 -1 -2 -3  1 -4    0   0   0   0   0   0   0   0  84   0   0  16   0   0   0   0   0   0   0   0  1.24 0.09
   60 T    0 -1  1 -1 -2  0  2 -2 -1  1 -1 -1 -1 -2  0  2  3 -4 -2  0    0   0   9   0   0   0  21   0   0  19   0   0   0   0   4  17  29   0   0   0  0.30 0.03
   61 P   -1 -3 -3 -3  5 -2 -2 -3 -3 -3 -3 -2 -3 -4  7 -2 -2 -5 -4 -3    0   0   0   0  21   0   0   0   0   0   0   0   0   0  79   0   0   0   0   0  2.10 0.07
   62 T    0  2 -1 -1 -3  0  1  2 -1 -3 -3  0 -2 -3  3  1  2 -4 -3 -2    0  19   0   0   0   0  11  21   0   0   0   0   0   0  15  11  22   0   0   0  0.45 0.02
   63 D   -1  0  0  3 -3  0  2 -3 -2 -1 -1  2  1 -3 -2 -1 -1 -4 -3  1    0   0   0  29   0   0  20   0   0   0   0  21  11   0   0   0   0   0   0  19  0.36 0.03
   64 S    2 -1  3 -1 -2 -1 -1 -1 -1 -3 -3 -1 -2 -3 -2  4  1 -4 -2 -2   21   0  23   0   0   0   0   0   0   0   0   0   0   0   0  50   5   0   0   0  0.56 0.04
   65 C   -2 -4 -4 -5  8 -4 -5 -4 -3 -1 -1 -4 -1  4 -4 -2 -2 -2  0 -2    0   0   0   0  60   0   0   0   0   0   0   0   0  40   0   0   0   0   0   0  1.05 0.07
   66 T    1 -2 -1 -2 -2 -2 -2 -2 -2  1 -1 -1 -1 -2  3  1  3 -4 -2  0   14   0   0   0   0   0   0   0   0  21   0   0   0   0  16   5  44   0   0   0  0.46 0.03
   67 G    0 -2  2 -1  3 -1 -2  4 -2 -3 -3 -1 -3 -3 -2  2  0 -4 -3 -3    0   0  12   0  12   0   0  44   0   0   0   0   0   0   0  31   0   0   0   0  0.59 0.02
   68 S    1 -1  2 -1 -2 -1 -1 -1 -1 -3 -3 -1 -2 -3 -1  5  1 -4 -2 -2    0   0   8   0   0   0   0   0   0   0   0   0   0   0   0  92   0   0   0   0  0.76 0.04
   69 Q    1  0 -1 -1 -3  6  1 -2  0 -3 -3  1 -1 -4 -2  0 -1 -3 -2 -2   19   0   0   0   0  81   0   0   0   0   0   0   0   0   0   0   0   0   0   0  0.85 0.04
   70 A    3 -2 -3 -3 -1 -2 -2 -1 -3  1  1 -2  0 -1 -2  0 -1 -3 -2  1   57   0   0   0   0   0   0   0   0  19  24   0   0   0   0   0   0   0   0   0  0.31 0.02
   71 L   -1 -2 -2 -3 -2 -2 -3 -4 -2  1  3 -2  3  3 -3 -1  2 -2  0  0    0   0   0   0   0   0   0   0   0   0  42   0  15  19   0   0  24   0   0   0  0.36 0.02
   72 L   -2  2 -3 -4 -3 -2 -3 -4 -3  1  4 -1  1  0 -3 -3 -2 -3 -2  0    0  20   0   0   0   0   0   0   0   0  80   0   0   0   0   0   0   0   0   0  0.57 0.05
   73 L   -2 -2 -2 -4 -3 -2 -3 -4  5  0  4 -3  1  0 -3 -3 -2 -3 -1  0    0   0   0   0   0   0   0   0  25   0  75   0   0   0   0   0   0   0   0   0  0.60 0.06
   74 R   -1  4 -1 -1 -4  3  1 -3  0 -3 -3  3 -2 -4 -2 -1  1 -4 -3 -3    0  36   0   0   0  25   9   0   0   0   0  20   0   0   0   0  11   0   0   0  0.67 0.04
   75 T   -1  3  4  0 -3  0 -1 -2 -1 -3 -3  0 -2 -4  2  1  2 -4 -3 -3    0  25  36   0   0   0   0   0   0   0   0   0   0   0  11  13  15   0   0   0  0.58 0.04
   76 P   -1 -2 -2 -2 -2 -1 -2 -2 -1 -1  1 -2 -1 -1  5  2 -1 -2  2 -2    1   0   0   0   0   0   0   1   0   0  20   0   0   0  34  26   0   0  14   1  0.65 0.06
   77 Y   -1 -2  2 -2 -3 -1 -2 -3  4 -2 -1 -2 -1  1 -3  1 -1  0  5 -2    0   0  14   0   0   0   0   0  19   0  10   0   0   0   0  19   0   0  38   0  0.51 0.07
   78 S    2 -2  3 -1  5 -1 -1 -1 -2 -2 -3 -1 -2 -3 -2  2  2 -4 -3 -1   20   0  20   0  20   0   0   0   0   0   0   0   0   0   0  20  20   0   0   0  0.43 0.06
   79 S    2  1 -1 -2  3 -1 -1  2 -2 -3 -3 -1 -2 -3  2  3  0 -4 -3 -2   19   9   0   0  10   0   0  17   0   0   0   0   0   0   9  35   0   0   0   0  0.43 0.07
   80 D   -2  1 -1  3 -4  0  2  1  3 -4 -3  0 -3 -1 -3 -1  0 -2  3 -3    0   9   0  18   0   0  21  10  10   0   0   5   0   0   0   0   9   0  18   0  0.41 0.12
   81 N    1  1  4 -1 -3  2 -1 -2 -1 -4 -4  3 -2 -4 -2  2 -1 -4 -3 -3   10   5  34   0   0  10   0   0   0   0   0  21   0   0   0  19   0   0   0   0  0.60 0.15
   82 L    0 -3 -3 -4  3 -3 -3 -4 -2  1  2 -3  0  3 -3 -2  1 -2  2  1    9   0   0   0  10   0   0   0   0  11  28   0   0  17   0   0  10   0   9   5  0.32 0.09
   83 Y    0 -3 -3 -4 -3 -3 -3  0  0 -2  0 -3  1  1 -4 -2  1  5  6 -2    9   0   0   0   0   0   0  10   0   0   9   0   5   0   0   0  10   9  48   0  0.73 0.19
   84 Q   -2  3 -1  0 -4  4  1 -3  0  0 -2  1 -2 -1 -3  0 -1 -2  3 -2    0  19   0   5   0  27   7   0   0   9   0   5   0   0   0   9   0   0  19   0  0.45 0.14
   85 M    1 -3 -3 -3  4 -1  0 -3 -2 -1  0 -2  5 -1 -3  0 -1 -2  2  1   18   0   0   0  12   0   9   0   0   0   0   0  35   0   0   8   0   0   9   9  0.41 0.18
   86 T    0  1 -1 -2 -2 -1 -2 -3 -1 -1 -2  1 -1  1 -2  2  2 -2  2  1    6   9   0   0   0   0   0   0   0   0   0  12   0   9   0  18  20   0   9  17  0.24 0.11
   87 S   -1 -2  2  1 -3 -1  1 -2  3 -3 -1 -1 -2 -3 -2  3  1 -4 -2 -2    0   0   8   9   0   0  12   0   9   0   9   0   0   0   0  44   9   0   0   0  0.47 0.15
   88 Q    0  2 -1 -2  3  4 -1  0  3 -3 -3  1 -2  0  2 -1 -2 -3 -2 -3    9  11   0   0  12  29   0   9   9   0   0   8   0   6   9   0   0   0   0   0  0.42 0.14
   89 L   -1  1 -3 -4 -3 -2 -3 -4 -3  0  3 -2  0 -1 -3  0  1  4 -2  2    0  12   0   0   0   0   0   0   0   0  38   0   0   0   0   9   9   9   0  24  0.37 0.13
   90 E    0  0  1  0 -3  0  2 -2  2 -2 -3  2 -2 -3  1  1  1 -4 -2  0    9   0   9   2   0   0  19   0   9   0   0  20   0   0   6   9   9   0   0   8  0.31 0.09
   91 C    1 -4 -3 -4  8 -3 -4 -3  3 -2 -3 -3 -2 -3 -4  1 -2 -4 -3  1   13   0   0   0  58   0   0   0   9   0   0   0   0   0   0  10   0   0   0  11  1.17 0.27
   92 M    1 -2 -3 -4  3 -2 -3 -3 -3  1  2  0  3  2 -3 -2 -1 -3 -1  2   17   0   0   0   8   0   0   0   0   8  22   7  11  11   0   0   0   0   0  16  0.26 0.10
   93 T    1 -2 -2 -3 -2 -2 -2  0 -3 -1 -2 -2 -1 -3  1  1  4 -4 -3  2   15   0   0   0   0   0   0   9   0   0   0   0   0   0   5   8  41   0   0  22  0.46 0.16
   94 W    0  1 -2 -3 -3  1 -2 -3 -2  0  0  1 -1 -2  1  1 -2  7 -1 -2    9   8   0   0   0   8   0   0   0   7  10   9   0   0   7  15   0  27   0   0  0.62 0.19
   95 N    0  1  3 -1  3  1 -1 -2  4 -3 -3  1 -2 -3 -3  1  1 -4 -2 -3    9   7  21   0   9   7   0   0  15   0   0  11   0   0   0  13   7   0   0   0  0.43 0.15
   96 Q    0  1  1 -2 -3  4  0 -3 -1 -3 -2  1  1  0  2 -1  0 -4 -2 -2   11   9   9   0   0  32   0   0   0   0   0   7   7   5  13   0   7   0   0   0  0.48 0.18
   97 M   -2  1 -4 -4 -3 -2 -3 -5 -3  2  3 -2  4 -1  1 -3 -2 -3 -3  2    0   9   0   0   0   0   0   0   0  16  33   0  17   0   7   0   0   0   0  17  0.49 0.16
   98 N   -1  1  4 -1 -3 -1 -2 -2 -1  1  0 -1 -1 -2 -2  3  0 -4 -3  0    1   8  31   0   0   0   1   1   0  10   8   0   0   0   0  29   0   0   0   9  0.38 0.16
   99 L    0 -3  0 -3 -3 -2  0 -3 -3  1  3 -2  0 -1 -3 -2  0 -3 -2  1    9   0   7   0   0   0   9   0   0   4  51   0   0   0   0   0   7   0   0  14  0.35 0.15
  100 G    0  1  1 -2 -3 -1 -2  3  4  0  0 -1 -2 -2 -3 -1  0 -3 -2 -2   10   8  10   0   0   0   0  28  18   8   9   0   0   0   0   1   6   0   0   0  0.31 0.12
  101 A    1  0  1 -2  3  0 -1  1 -2 -3 -3  1 -2 -3  3  1  1 -4 -3 -2   13   4   8   0  12   4   0  10   0   0   1  11   0   0  14  11   9   0   0   0  0.33 0.09
  102 T   -1  1 -1 -2 -3 -1 -2  0 -2 -1 -1  2 -1 -3  1  1  2  4 -2  1    0  10   0   0   0   0   0   8   0   0   5  17   0   0   7  15  16   9   0  14  0.27 0.12
  103 L   -2  0  0 -2  3 -1  1 -4 -2  2  1  1  1 -1 -3 -2 -1 -3  0  1    0   4   5   0  11   0  11   0   0  15  19  11   4   0   0   0   0   0   5  15  0.18 0.11
  104 K   -1  2  1 -1 -3  0  1 -3  3  0  0  2 -1  1 -3  1 -1 -3 -1 -1    0  11  10   0   0   0  11   0  11  11  11  15   0   8   0  12   0   0   0   0  0.20 0.11
  105 G   -1 -2  2 -1 -3 -1  1  1  3 -2 -2 -2 -2  1  2  1  1 -3 -1  0    0   0  11   0   0   0  11  11  11   0   0   0   0  11  11  11  11   0   0  11  0.25 0.12
  106 H   -3 -2  2  2 -4 -1 -1  0  7 -1 -3 -2 -3  0 -4 -2  0 -4  0 -3    0   0   9  13   0   0   0   9  50   5   0   0   0   6   0   0   8   0   0   0  0.88 0.25
  107 G    2 -1  2 -1 -3 -1  2  1 -2 -3 -3  1 -3 -4  1  2  1 -4 -3 -2   19   0  14   0   0   0  16  12   0   0   0   7   0   0   7  17   8   0   0   0  0.39 0.11
  108 T    0 -1  1  0  3  1 -1 -2 -2 -2 -2  1  1 -3 -2  2  3 -4 -3  0    2   0   8   5   8   7   0   1   0   0   0   8   5   0   0  24  24   0   0   7  0.33 0.15
  109 G    0 -3  2 -2 -4 -2 -3  4 -3 -1 -3 -2  1 -4  2  0 -2 -4 -4 -3    7   0  15   0   0   0   0  47   0   7   0   0   5   0  13   6   0   0   0   0  0.70 0.19
  110 Y   -2 -2 -3 -3  1 -1  1 -4  2 -1  0  0 -1  2  1 -2 -2 -1  5  0    0   0   0   0   5   0  16   0   6   0  12   7   0  10   7   0   0   0  30   8  0.43 0.17
  111 E    0 -1 -1  0  2  2  4 -3 -2 -4 -4  1 -3 -4  0  2  1 -4 -3 -3    7   0   0   3   8   7  39   0   0   0   0   8   0   0   5  16   8   0   0   0  0.55 0.18
  112 S    0  1  1 -1  3  3  0  0 -1 -3 -3 -1 -2 -4 -2  2  2 -4 -3 -2    8   8   9   0   8  21   4   8   0   0   0   0   0   0   0  20  14   0   0   0  0.39 0.15
  113 E    0  1  0  2 -4  1  2  0 -1 -1 -2  2 -2 -1  0 -1 -1 -3  0 -1    7   7   2  17   0   7  12   7   0   6   0  17   0   3   4   0   0   0   5   6  0.21 0.09
  114 N    0  1  4 -1 -3 -1  1  0 -1 -3 -3 -1  1 -4  2  2  0 -4 -3 -3    5   7  31   0   0   0  11   6   0   0   0   0   7   0  11  15   6   0   0   0  0.48 0.17
  115 H   -2  1  1  0  2 -1 -2  1  5 -3 -3 -1 -3  1  1  1  0 -3  1 -3    0   9   9   4   7   0   0  12  26   0   0   0   0   7   7  10   6   0   4   0  0.38 0.16
  116 T   -1 -2 -1 -2  1  1 -2  1  1  0 -2 -2 -2 -3 -1  3  3 -4 -3  1    0   0   1   0   4   7   0  11   5   6   0   0   0   0   2  28  25   0   0  12  0.33 0.17
  117 A    3  0 -1 -2 -3  0 -1 -2 -2  0 -3  1 -2 -3  3  3  0 -4 -3 -2   30   3   0   0   0   4   0   0   0   7   0  12   0   0  13  28   4   0   0   0  0.48 0.18
  118 P    0 -1  1  1 -4  3 -1 -3 -2 -3 -3 -1  0 -4  5  0  1 -5 -4 -3    7   2   7   7   0  17   0   0   0   0   0   0   4   0  39   7  10   0   0   0  0.92 0.24
  119 I   -2 -1  0 -3 -3 -2 -3 -4 -3  2  1  0  2  2 -3  0 -1 -3 -1  2    0   4   7   0   0   0   0   0   0  20  16   7   9  11   0   9   0   0   0  17  0.24 0.13
  120 L    0 -3 -1 -4 -3 -1 -3 -4  0  2  3 -3  0 -1  1 -2 -2  3  1  1    7   0   3   0   0   4   0   0   2  16  34   0   0   0   8   0   0   6   7  13  0.33 0.14
  121 C    0 -3  0 -3  6 -3 -3  0 -3  0  0 -3 -2 -2  2  0  0 -3  0  0    6   0   6   0  33   0   0   7   0   6  10   0   0   0   9   5   4   0   5   7  0.48 0.20
  122 G    1 -1  1  0 -3 -1 -2  3 -2 -3 -3  0 -3 -3 -2  1  1 -3  0 -3   15   2   5   5   0   2   0  31   0   0   0   7   0   0   0  13  11   0   5   0  0.41 0.17
  123 A    2  0  0 -2  0 -1 -1  1 -2  0 -1  0 -2 -3  0  2  1 -4 -3  0   27   6   4   0   2   2   2   9   0   8   5   3   0   0   3  17   9   0   0   4  0.22 0.15
  124 Q    0  0 -2 -2 -5  5  1 -4  5 -1 -4 -1 -3 -4 -3  1  0 -5 -3 -3    6   4   0   0   0  38   9   0  21   4   0   0   0   0   0  13   5   0   0   0  0.90 0.41
  125 Y   -2  0 -2 -3 -4  1 -1  0  3 -2  0  0  1  1  1 -1  1  1  4 -2    0   5   0   0   0   7   2   7   9   1  12   4   5   5   7   3  11   2  19   0  0.26 0.19
  126 R   -1  6 -2 -1 -5  0 -2 -1  3 -4 -4  1 -4 -5 -4  1  0 -5 -4 -1    5  51   0   3   0   4   0   4  10   0   0   5   0   0   0   9   6   0   0   5  0.93 0.42
  127 I   -2 -4 -4 -4  2 -3 -1 -5 -4  4  1 -4  3 -2 -4 -2  2 -4 -3  2    0   0   0   0   5   0   4   0   0  39   8   0   9   0   0   2  14   0   0  16  0.69 0.34
  128 H   -4 -1  1 -4 -6  1 -3 -5  8 -5 -5  0 -4  2 -5 -1  0  3  2 -5    0   3   8   0   0   7   0   0  49   0   0   5   0   9   0   4   5   4   6   0  1.45 0.61
  129 T   -1 -3 -1 -1 -4 -3 -1 -4  1 -3 -4 -1 -3 -4 -4  1  6  2 -4 -1    5   0   1   3   0   0   4   0   4   0   0   4   0   0   0   9  62   3   0   3  1.13 0.58
  130 H   -1 -1  0  0 -5  0  2  3  5 -2 -1 -1 -3 -4 -1 -1  0 -5 -3 -3    3   2   3   4   0   3  14  26  20   2   7   3   0   0   3   3   5   0   0   1  0.48 0.30
  131 G   -1  0  1  1 -5  0  3  3 -2 -2 -4  2  0 -4 -1  0 -1 -5 -4 -2    3   4   5   7   0   1  22  22   0   3   0  13   3   0   2   6   4   0   0   3  0.40 0.26
  132 V   -2  0  2 -3  1 -2 -3 -1 -3  2 -1  3 -2 -4  2  0 -1 -5 -4  1    0   5   9   0   4   0   0   5   0  13   5  23   0   0  12   7   4   0   0  14  0.38 0.31
  133 F    0 -2 -1 -2 -5  0 -1 -4  1 -1 -2 -1 -3  4  4 -1 -1 -4  1 -2    8   2   3   2   0   5   3   0   4   4   2   3   0  24  26   3   5   0   5   2  0.63 0.39
  134 R   -1  3  0 -3 -1  2  1 -4  2 -1 -2  1 -3  1 -1 -1 -1 -3  3 -3    4  22   4   0   2   9  11   0   6   4   2   6   0   6   2   5   3   0  15   0  0.44 0.33
  135 G    1 -1 -1 -3  5  1  1  3  0 -4 -4  0 -4 -1  0  0  0 -5 -4 -2    9   2   3   0  16   6   8  25   2   0   0   6   0   3   4   7   5   0   0   3  0.46 0.33
  136 I   -1  0 -1 -1  6 -1  0 -1  0  0 -1 -1  2  0  1 -1 -1 -4  0  0    3   6   3   4  21   3   7   4   3   5   6   3   6   5   8   4   3   0   3   5  0.32 0.25
  137 Q    0  0  1  0  2  1  0  0  2 -2 -1  0  1 -2  1  0  0 -3  1 -2    6   6   6   6   6   6   6   6   6   0   6   6   6   0   6   6   6   0   6   0  0.12 0.13
  138 D   -2  0  0  3  5  1  3  0  0 -2 -3  0 -3 -4  0 -1 -2 -5 -4 -1    2   4   5  18  15   6  22   6   2   2   1   5   0   0   5   2   2   0   0   4  0.46 0.21
  139 V   -1 -3 -3 -4  8 -3 -3  0 -5  1 -1 -1 -1 -4 -2 -1 -2 -5 -5  2    4   1   1   1  41   1   1  10   0   7   5   4   1   0   2   3   1   0   0  18  1.02 0.37
  140 R   -1  4  0 -1  1  0 -1  3  0 -5 -4  2 -4 -5 -2 -1 -2 -5 -3 -3    3  27   5   2   3   2   4  24   2   0   1  16   0   0   2   4   2   0   1   2  0.60 0.27
  141 R   -3  5  0 -4 -6  1 -1 -3  1 -3 -4  4 -4 -5  0 -1 -2 -1 -4 -5    1  39   4   0   0   4   2   1   3   1   2  31   0   0   6   5   1   1   0   0  1.05 0.40
  142 V    1 -1 -2 -2  1 -2 -2 -3 -3  0 -1 -2  0  4 -4  0  1 -1 -1  3   14   3   1   1   3   2   1   1   0   3   4   2   2  22   0   6  11   1   1  23  0.35 0.22
  143 S    0 -4 -1 -2 -3 -2 -4 -2 -4 -1 -3 -1 -2  5  1  3  0 -4 -1 -3    8   0   2   2   0   1   0   2   0   3   1   3   0  34   6  29   5   0   1   1  0.71 0.35
  144 G    1  1  0 -1  2  1 -2  3 -1 -2 -2 -1 -2 -3 -2  2 -2 -1 -3 -1    9   9   4   2   6   7   1  24   1   2   3   3   1   1   1  19   0   1   1   4  0.31 0.19
  145 V   -1  1 -1 -2 -1  0 -2 -3 -1  2  0  0  0 -1 -2  1  2  1 -1  2    3  10   1   2   1   4   1   1   2  12   8   4   2   2   2  12  14   2   2  18  0.17 0.14
  146 A    2  0 -1 -2  3 -1 -1  1 -1 -3 -3 -1 -2 -3  0  3  0 -5 -3 -2   19   6   2   1   7   3   2  13   2   1   2   3   1   1   3  29   3   0   0   2  0.38 0.23
  147 P   -1 -1 -2  0 -1 -1 -2 -2  0 -5 -3  0 -2 -5  5  4 -1 -6 -1 -4    4   2   1   4   1   2   1   2   2   0   2   5   1   0  35  32   2   0   2   1  0.97 0.40
  148 T    0 -1  1 -1 -3  0 -1 -1  2 -1  1  0 -1 -2 -1  1  2 -4  0 -1    4   2   9   2   0   3   3   3   5   2  19   4   1   1   2  13  16   0   3   4  0.15 0.13
  149 L   -1 -1 -2 -4  2  0 -4 -4 -3  1  4  0  0 -1  0 -2 -1 -2 -2  0    4   3   2   1   5   4   0   0   0   8  48   6   1   1   4   2   4   0   1   6  0.47 0.24
  150 V    0  0 -1 -3 -1  0 -2 -4 -3  2  0  0  0 -2 -1 -1  2 -1 -3  3    6   5   2   0   1   4   2   0   0  17   7   6   2   1   3   4  16   1   0  22  0.26 0.17
  151 R   -2  5 -1 -2 -6  2  0 -3  5 -3 -4  1 -3 -5 -2 -1 -2 -5 -1 -3    2  40   1   2   0   8   4   1  18   2   1   8   1   0   2   4   2   0   2   2  0.98 0.39
  152 S   -1  0  2 -1 -5  2 -1 -1  6 -3 -3  0  0 -4 -1  2  0 -3 -2 -3    4   5   9   2   0   8   3   3  30   1   2   4   3   0   2  17   4   0   0   1  0.70 0.32
  153 A    0  2  1 -1 -2  2  1 -1  0 -2 -1  1  0 -4  0  1  0 -4 -3 -2    9  16   8   2   1  12   7   3   2   2   5   8   3   0   4  10   5   0   0   2  0.25 0.15
  154 S    0  3 -1 -2 -2 -1 -1  0 -1 -2 -3  0 -2 -4  1  2  2 -5 -4 -2    5  23   3   2   1   2   2   7   1   3   2   6   1   0   7  19  16   0   0   2  0.42 0.24
  155 E   -1 -1  0  1 -4  0  2 -2  5  1 -2  0 -1 -4  0 -1  2 -5 -1 -1    4   3   3   7   0   3  13   2  18   9   2   4   1   0   5   4  15   0   2   3  0.34 0.21
  156 T   -1 -2 -1 -1 -5 -2 -2 -3  6 -3 -1 -2 -1 -3 -1  1  4 -5 -3 -2    4   1   2   3   0   1   2   2  27   0   8   1   1   1   4   9  31   0   0   3  0.81 0.38
  157 S   -1 -2 -1 -1 -4 -2  1  2 -2 -4 -4 -1 -3 -3 -1  3  3 -6 -4 -3    4   2   2   3   0   1   8  20   1   0   1   3   0   1   3  29  21   0   0   1  0.60 0.31
  158 E   -2  2 -2  0 -6  0  4  3 -2 -4 -5  2 -4 -5 -3 -2 -2 -6 -5 -4    2  11   1   4   0   3  36  23   1   1   1  11   0   0   1   2   2   0   0   1  0.80 0.34
  159 K   -2  3 -2  0 -6  1  5 -4 -2 -4 -3  4 -3 -4 -2 -2 -3 -6 -5 -3    2  14   1   4   0   5  39   1   1   1   3  25   0   1   2   1   0   0   0   2  0.97 0.41
  160 R   -4  5 -3 -4 -6 -1 -3 -4 -2 -5 -4  6 -3 -4 -4 -3 -4 -6 -5 -5    1  39   1   1   0   2   1   1   1   0   1  51   0   1   1   1   0   0   0   0  1.74 0.59
  161 P   -3 -2 -1 -4 -3 -2 -3 -5 -4  1 -4 -2 -3 -5  7 -2 -2 -6 -5 -1    2   2   3   1   1   2   1   1   0   7   2   3   1   0  67   2   2   0   0   4  1.87 0.61
  162 F   -5 -6 -6 -7 -4 -3 -6 -7  5 -2 -4 -5 -5  6 -6 -6 -5 -2  7 -5    1   0   0   0   0   1   0   0  16   2   1   0   0  36   0   0   0   0  42   0  2.16 0.68
  163 M    0  0 -2 -2 -1  2  2 -1  2  0 -1  1  1 -2 -1  0 -1 -4 -2  0    6   5   1   1   1  13  14   4   6   5   4  11   4   1   3   7   3   0   1   7  0.20 0.15
  164 C   -6 -9 -8 -9 11 -8 -9 -8 -9 -6 -7 -4 -7 -7 -8 -6 -6 -8 -8 -6    0   0   0   0  99   0   0   0   0   0   0   1   0   0   0   0   0   0   0   0  4.54 1.11
  165 A   -1  0  1  2 -4  1  1 -2  2 -3 -2  1  0 -3  1  2  2 -3 -3 -2    5   4   8  11   0   5   8   1   6   1   2   8   3   1   8  14  13   0   0   2  0.29 0.16
  166 Y   -2 -1 -2 -2 -2  1  0 -3  3  1 -1 -1  0  3 -3 -2 -1  0  4  1    2   2   1   1   1   5   8   2   9   8   5   3   2  13   1   2   3   1  20   9  0.37 0.16
  167 P   -1 -1 -1  0 -1  1  1 -1 -1 -1 -2  0  0 -2  5 -1 -1 -2 -2 -1    5   2   3   5   1   7   9   4   1   3   4   5   3   2  31   5   4   1   1   3  0.51 0.13
  168 G   -1 -2  0  1 -3  1  2  4 -1 -2 -2  0 -2 -3 -2 -1 -1 -3 -2 -2    3   2   5  10   1   6  14  33   1   3   4   4   1   1   2   4   3   0   1   3  0.40 0.14
  169 C   -5 -5 -8 -9 11 -8 -9 -8 -9 -6 -7 -8 -7 -7 -8 -6 -6 -8 -8 -3    0   1   0   0  97   0   0   0   0   0   0   0   0   0   0   0   0   0   0   2  4.41 1.06
  170 N   -2 -1  3  1 -4 -1  0  4  1 -4 -3 -1 -1 -5 -2  0  0 -6 -5 -4    1   4  14   9   0   2   4  40   4   1   3   3   2   0   2   5   5   0   0   1  0.67 0.29
  171 K   -5  2 -3 -5 -7  1 -3 -6 -1 -4 -5  7 -2 -7 -5 -3 -4 -1 -6 -6    0  10   1   0   0   5   0   0   1   1   1  77   1   0   0   1   0   1   0   0  2.01 0.68
  172 R    1  3  0 -3  1  1 -1 -1 -2 -2 -3  1 -1 -3 -4  2  1 -5 -3  1   10  22   5   0   3   5   2   4   0   2   1   7   2   1   0  18   8   0   1  10  0.36 0.22
  173 Y   -5 -7 -7 -8 -3 -7 -7 -8 -4 -5 -4 -7 -5  8 -8 -4 -6 -3  6 -3    1   0   0   0   1   0   0   0   0   0   0   0   0  68   0   1   0   0  28   1  2.67 0.76
  174 F    0 -1  0 -3 -1 -3 -3  0 -2  0 -3 -1 -1  2 -3  4  2 -2 -1 -2    8   3   5   0   1   0   0   5   1   6   1   3   1   9   1  37  16   1   2   1  0.52 0.30
  175 K   -3  4 -2 -3  0  4  0 -4  1 -5 -3  4 -2 -5 -5 -2  0  0 -2 -4    1  25   1   1   3  18   4   0   3   0   2  30   1   0   0   2   5   1   1   1  0.93 0.39
  176 L    0  0  0 -3 -3 -2 -2 -2 -3 -2  0  1 -1 -4  0  4  0 -6 -3 -3    5   4   5   0   0   1   1   3   0   2  11   9   2   0   4  46   5   0   0   1  0.61 0.34
  177 S    0 -2 -1  2 -1 -1 -1  0 -1 -5 -6 -3 -5 -5 -4  5  0 -6 -2 -5    5   2   2  13   1   2   3   8   1   0   0   0   0   0   0  57   4   0   1   0  1.04 0.46
  178 H   -4 -2  2  0 -3  0  0 -3  8 -3 -5 -1 -5 -5 -4  0  0 -6  0 -5    1   2   9   4   0   3   6   2  53   2   0   4   0   0   0   6   5   0   3   0  1.57 0.55
  179 L   -6 -6 -7 -8 -6 -6 -7 -8 -7 -2  6 -7  0 -1 -7 -6 -5 -6 -5 -2    0   0   0   0   0   0   0   0   0   0  94   0   2   2   0   0   0   0   0   2  2.15 0.68
  180 Q   -2  2  0 -2 -5  3  0 -3 -2 -1 -4  4 -2 -5 -4 -1  2 -6 -5 -1    2   9   3   2   0  14   3   1   1   4   1  35   0   0   0   2  17   0   0   3  0.75 0.35
  181 M    2  2 -1 -4  0  2 -1 -2 -2  2 -1 -1  1 -4 -3  0  2 -5 -3  0   21  11   2   0   2   9   2   2   1  13   5   2   4   0   0   4  15   0   0   5  0.28 0.20
  182 H   -6 -4 -4 -6 -8 -1 -5 -7 10 -8 -7 -5 -7 -6 -7 -5 -6 -7 -1 -8    0   0   0   0   0   2   0   0  97   0   0   0   0   0   0   0   0   0   1   0  4.02 1.01
  183 S   -2  1 -2 -3 -3  4  1 -4 -1  0  1  1  4 -1 -4  0 -1 -4 -2 -1    2   7   1   0   0  24   8   0   1   6  12   7  12   2   0   8   3   0   1   4  0.42 0.25
  184 R   -5  8 -3 -6 -8 -3 -4 -6 -2 -4 -5  1 -2 -7 -6 -3 -3 -7 -6 -6    0  88   1   0   0   0   0   0   1   1   1   6   1   0   0   1   2   0   0   0  2.52 0.76
  185 K   -2  1 -3 -4 -4 -3 -3 -3 -4  2 -2  1  0 -4 -4  0  5  2 -4  1    2   7   0   0   0   0   1   2   0  16   2  10   2   0   0   6  42   3   0   8  0.72 0.36
  186 H   -6 -5 -4 -3 -8 -4 -5 -4 10 -8 -5 -5 -7 -6 -2 -4 -6 -7 -3 -8    0   0   0   1   0   0   0   1  93   0   1   0   0   0   3   1   0   0   0   0  3.73 0.99
  187 T   -3 -3 -3 -3 -5 -3 -5 -4 -5 -5 -3 -4 -3 -6 -3  0  7 -7 -6 -2    1   1   1   1   0   1   0   1   0   0   2   0   0   0   1   6  83   0   0   3  2.02 0.71
  188 G   -3 -4 -3 -4 -7 -1 -4  7 -1 -8 -6 -4 -7 -7 -6 -3 -4 -7 -7 -7    1   1   1   1   0   2   1  89   1   0   1   1   0   0   0   1   1   0   0   0  2.29 0.67
  189 E   -4 -3 -4  1 -3 -1  7 -6 -1 -5 -6 -2 -6 -7 -4 -4 -5 -8 -7 -4    0   1   0   7   1   1  86   0   1   1   0   1   0   0   0   0   0   0   0   1  2.25 0.73
  190 K   -5  4 -4 -5 -7 -1 -2 -6 -4 -7 -4  7 -5 -7 -5 -4 -3 -7 -6 -6    0  19   0   0   0   2   1   0   0   0   1  75   0   0   0   0   1   0   0   0  2.13 0.69
  191 P   -3 -4 -7 -6 -8 -4 -6 -7 -6 -7 -3 -5 -6 -7  8 -4 -4 -8 -2 -7    2   1   0   0   0   1   0   0   0   0   3   0   0   0  90   1   1   0   2   0  3.06 0.87
  192 Y   -6 -7 -7 -8 -7 -6 -7 -8  2 -5 -5 -7 -5  6 -8 -6 -6 -3  8 -6    0   0   0   0   0   0   0   0   4   0   0   0   0  36   0   0   0   0  60   0  2.79 0.81
  193 Q    1  1 -2 -2 -2  2  2 -2  1 -1 -2  2 -1 -3 -1  1 -1 -5 -3  1   10   6   1   1   1  10  14   1   4   3   3  17   1   1   3  10   3   0   0  10  0.28 0.19
  194 C   -6 -9 -8 -9 11 -8-10 -8 -9 -6 -7 -9 -7 -7 -8 -6 -6 -8 -8 -6    0   0   0   0 100   0   0   0   0   0   0   0   0   0   0   0   0   0   0   0  4.62 1.12
  195 D   -1 -1  2  3 -2  0  1 -2  0 -3 -2  0 -2 -3  2  2  1 -4 -3 -3    2   2  10  17   1   3   7   3   2   1   3   5   1   1  11  17  12   0   1   1  0.39 0.18
  196 F   -1 -2 -2 -2 -2 -1 -1 -2  0 -1 -1 -2  2  2 -2 -2 -2  8  2  1    4   2   2   2   1   3   5   3   3   4   5   2   5   9   2   3   2  27   6  10  0.74 0.20
  197 K   -1  0  0  1 -2  0  2 -2 -1 -1 -1  2  0 -2  3 -1  0 -2 -2 -1    5   3   3   8   1   4  17   3   1   3   6  13   3   1  14   4   5   0   2   3  0.26 0.10
  198 D   -2 -2  1  2 -4  1  3  3  0 -3 -3 -1 -1 -1 -2 -1 -1 -4 -2 -3    2   1   6  14   0   7  22  27   2   1   2   2   2   2   1   4   3   0   1   1  0.53 0.22
  199 C   -6 -9 -8 -9 11 -8 -9 -8 -8 -6 -7 -9 -7 -7 -8 -6 -6 -8 -1 -6    0   0   0   0  97   0   0   0   0   0   0   0   0   0   0   0   0   0   3   0  4.44 1.09
  200 E   -2 -2  0  2 -3  0  2  4 -1 -4 -4 -1 -3 -3 -1  0  0 -3 -5 -2    1   2   5  13   0   3  15  36   2   1   1   2   0   1   3   7   5   0   0   4  0.57 0.27
  201 R   -4  4 -3 -4 -7  0 -2 -6 -4 -5 -4  6 -1 -6 -5 -3 -4  7 -4 -6    1  20   1   1   0   4   2   0   0   0   1  49   1   0   0   1   0  19   0   0  1.70 0.60
  202 R    0  5 -1 -4  0  1 -3 -4 -1 -4 -5  2 -4 -4 -5  2 -1 -6 -3 -4    9  43   2   0   2   5   1   1   1   1   0  14   0   0   0  17   4   0   1   0  1.01 0.43
  203 F   -7 -8 -8 -8 -7 -8 -8 -8 -6 -5 -4 -8 -5  9 -8 -7 -7 -4  1 -6    0   0   0   0   0   0   0   0   0   0   0   0   0  97   0   0   0   0   3   0  3.47 0.95
  204 S    3 -2 -1 -4  0 -4 -4 -2 -2 -3 -5 -2 -3 -3 -3  5  2 -6 -3 -3   25   1   2   0   2   0   0   1   1   1   0   2   0   1   1  50  11   0   0   1  1.07 0.48
  205 R   -2  6 -3 -2 -2  3 -1 -5  1 -2 -4 -1 -3 -6 -5 -2 -2 -2 -4 -4    3  62   1   2   1  15   3   0   3   2   1   1   1   0   0   2   2   1   1   1  1.52 0.57
  206 S   -1 -1  0 -3 -5 -1 -3 -1 -4 -4 -1  0 -2 -4 -2  6 -1 -7 -5 -4    3   4   3   0   0   2   0   3   0   1   8   5   1   1   2  67   1   0   0   1  1.18 0.53
  207 D   -3 -4 -1  6 -1 -3 -1  2 -2 -5 -7 -4 -6 -5 -5  3 -2 -7 -2 -6    1   1   2  47   1   1   2  15   1   0   0   0   0   0   0  27   1   0   1   0  1.28 0.50
  208 Q   -1 -2  2  0 -2  1  5 -3  5 -4 -5 -1 -5 -5 -4 -1  0 -6 -2 -4    4   1   9   3   1   6  40   2  18   1   0   2   0   0   0   5   5   0   1   1  0.95 0.41
  209 L   -5 -3 -7 -8 -6 -6 -7 -8 -7 -2  6 -6  0 -2 -7 -6 -5 -6 -5 -2    0   2   0   0   0   0   0   0   0   0  94   0   1   1   0   0   0   0   0   1  2.12 0.69
  210 K   -1  0 -1 -4 -5  2 -2 -3 -1  0 -3  3 -2 -5 -4  1  4 -3 -4 -1    5   5   3   0   0  12   1   1   1   5   2  23   1   0   0  10  29   0   0   3  0.64 0.34
  211 R   -3  6 -1 -4 -1  1 -2 -5 -1  0 -1  0 -1 -5 -5 -1  1 -6 -4 -1    1  53   2   1   1   5   2   0   1   6   5   4   1   0   0   3   8   0   0   4  1.03 0.43
  212 H   -7 -5 -4 -6 -9 -4 -5 -7 10 -9 -8 -6 -7 -6 -7 -6 -6 -7 -3 -8    0   0   0   0   0   0   0   0 100   0   0   0   0   0   0   0   0   0   0   0  4.35 1.16
  213 Q   -3  2 -2 -4 -3  4  0 -5  0  0 -1  2  4 -1 -5 -3 -2 -2  2 -1    0  11   1   0   1  26   6   0   2   6   5  13  12   3   0   0   1   0   9   3  0.63 0.32
  214 R   -5  8 -3 -6 -8 -1 -4 -7 -2 -7 -4  0 -3 -7 -6 -4 -4 -7 -4 -7    0  90   1   0   0   2   0   0   1   0   1   2   1   0   0   1   1   0   0   0  2.65 0.80
  215 R   -2  1 -2 -4 -1 -3 -4 -5 -4  3 -2  2  0 -4 -4  1  4 -6 -5  1    1   6   1   0   1   0   0   0   0  19   3  13   2   0   0   8  37   0   0   8  0.74 0.36
  216 H   -7 -5 -4 -6 -9 -4 -5 -7 10 -8 -8 -6 -7 -6 -7 -6 -6 -7 -3 -8    0   0   0   0   0   0   0   0 100   0   0   0   0   0   0   0   0   0   0   0  4.32 1.12
  217 T   -3 -5 -2 -5 -6 -5 -4 -6 -6 -3 -6 -5 -5 -6 -6  1  7 -8 -6 -4    1   0   2   0   0   0   0   0   0   1   0   0   0   0   0  10  86   0   0   0  2.38 0.78
  218 G   -4 -3 -4 -4 -8 -5 -6  7 -6 -9 -8 -4 -7 -5 -4 -5 -6 -8 -8 -8    0   1   1   1   0   0   0  95   0   0   0   1   0   1   1   0   0   0   0   0  2.66 0.75
  219 V   -1 -4 -4  1 -5  1  6 -6  2 -1 -4 -2 -4 -6 -5 -3 -4 -7 -2  1    5   0   0   5   0   7  62   0   4   4   1   1   0   0   0   0   0   0   1   9  1.37 0.52
  220 K   -5  3 -4 -5 -8 -1 -3 -6 -5 -7 -7  7 -6 -7 -6 -5 -3 -8 -6 -7    0  17   0   0   0   2   1   0   0   0   0  80   0   0   0   0   1   0   0   0  2.35 0.74
  221 P   -5  0 -3 -6 -8 -3 -5 -7 -6 -7 -6  0 -7 -5  8 -4 -6 -9 -8 -5    0   4   1   0   0   1   0   0   0   0   0   5   0   0  86   1   0   0   0   1  2.94 0.84
  222 F   -7 -7 -7 -8 -7 -7 -8 -8  1 -3 -3 -7 -5  7 -8 -7 -6 -3  7 -6    0   0   0   0   0   0   0   0   3   1   1   0   0  53   0   0   0   0  42   0  2.70 0.79
  223 Q    0  0 -2 -2 -2  4  2 -2  0 -3 -3  3  0 -5 -2  0 -1 -3 -3 -1    6   5   1   1   1  24  16   2   2   1   2  19   2   0   2   8   3   0   1   4  0.58 0.31
  224 C   -6 -9 -8 -9 11 -8-10 -9 -9 -7 -7 -9 -7 -8 -9 -2 -6 -8 -8 -6    0   0   0   0  97   0   0   0   0   0   0   0   0   0   0   3   0   0   0   0  4.57 1.13
  225 K   -1  2  0  1 -5  1  1 -1  0 -2 -3  2 -2 -4  2  2  1 -5 -3 -3    4  10   4   8   0   5  10   3   2   2   1  13   0   1  11  15   9   0   0   1  0.34 0.20
  226 T   -2 -2 -2  1 -4  2  2 -1  1  2  0 -1 -1 -1 -4 -2  0 -4 -1  1    2   1   1   8   0  10  18   6   4  13   7   2   1   3   0   1   6   0   3  14  0.24 0.17
  227 C   -6 -9 -9-10 11 -9-10 -9 -9 -7 -7 -9 -7 -8 -9 -7 -7 -9 -9 -6    0   0   0   0 100   0   0   0   0   0   0   0   0   0   0   0   0   0   0   0  4.78 1.17
  228 Q   -2 -1  1  2 -3  2  1  4  1 -4 -3 -1  1 -4  0  0 -2 -6 -4 -5    1   2   6  11   1  10   9  33   4   1   2   2   5   1   4   7   1   0   0   0  0.55 0.27
  229 R   -4  5 -3 -5 -8 -1 -3 -4 -5 -7 -5  6 -1 -7 -6 -3 -4 -8 -6 -7    1  34   1   0   0   2   1   1   0   0   1  56   2   0   0   1   1   0   0   0  1.91 0.67
  230 K    2  4  1 -3  3  0 -2 -3 -2 -5 -4  2 -3 -4 -3  2  0 -6 -3 -4   15  28   6   0   7   4   1   2   1   0   0  12   0   1   1  17   5   0   1   1  0.68 0.33
  231 F   -7 -8 -8 -9 -7 -8 -9 -9 -6 -5 -5 -8 -5  9 -9 -8 -7 -4  1 -6    0   0   0   0   0   0   0   0   0   0   0   0   0  96   0   0   0   0   4   0  3.56 0.98
  232 S    2 -2 -1 -4 -3 -3 -4 -3 -3 -3 -4 -2  3 -2 -2  5  2 -6 -3 -2   17   2   2   0   1   1   0   1   1   1   1   1   9   1   2  49  10   0   1   2  0.96 0.46
  233 R   -3  7 -4 -4 -3  4 -2 -5  0 -4 -3 -1 -5 -3 -6 -4 -2 -2 -4 -5    2  61   0   1   1  20   2   0   2   1   2   2   0   1   0   0   2   1   1   0  1.71 0.63
  234 S   -1  0  0 -3 -3 -3 -4 -3 -2 -3 -1  0 -1 -4 -3  6 -1 -7 -4 -5    3   5   3   1   0   1   0   1   1   1   5   5   1   1   1  67   2   0   0   0  1.27 0.56
  235 D   -2 -4 -2  6 -2 -3 -1  1 -2 -7 -7 -3 -6 -5 -3  3 -1 -7 -3 -4    2   1   1  50   1   1   2  10   1   0   0   1   0   0   1  25   3   0   1   1  1.30 0.51
  236 H   -3 -3  2 -2 -4 -2 -4 -4  9 -5 -6 -3 -6 -6 -6  0 -1 -7 -1 -4    2   1   9   2   0   1   1   1  66   1   1   1   0   0   0   8   4   0   2   1  2.34 0.75
  237 L   -6 -4 -8 -8 -2 -6 -8 -8 -2 -3  6 -7  0 -4 -7 -7 -6 -6 -6 -1    0   1   0   0   1   0   0   0   1   0  92   0   2   0   0   0   0   0   0   2  2.18 0.71
  238 K    2  1 -1 -4 -3  2 -2 -3 -1 -1 -3  3 -1 -3 -4  1  3 -6 -4 -1   15   8   2   0   0  10   1   1   1   3   1  22   1   1   0  10  19   0   0   5  0.53 0.30
  239 T   -1  0 -2 -2 -2  1 -1 -3 -1  1  1  3  1 -3 -4  0  2 -5 -3  0    5   5   1   2   1   8   2   1   1   9  14  19   4   0   0   5  18   0   1   5  0.30 0.20
  240 H   -7 -5 -5 -7-10 -4 -6 -8 10 -9 -9 -6 -8 -7 -8 -6 -7 -8 -4 -9    0   0   0   0   0   0   0   0 100   0   0   0   0   0   0   0   0   0   0   0  4.52 1.21
  241 T    0  1 -2 -4 -2  4  0 -4 -1  1  0  0  4 -3 -4 -1  0 -2 -1  0    6   8   1   0   1  22   4   1   1   8   8   6  16   1   0   4   7   1   2   5  0.46 0.27
  242 R   -4  7 -2 -6 -8 -1 -3 -6 -1 -4 -4  3 -3 -7 -6 -3 -4 -7 -2 -5    1  67   1   0   0   2   0   0   1   1   1  20   1   0   0   1   0   0   1   0  1.99 0.66
  243 T   -3  3 -2 -5 -5 -4 -4 -6 -5  2 -2  0 -1 -4 -5 -1  5 -6 -5  1    1  21   1   0   0   0   0   0   0  12   2   4   2   0   0   4  43   0   0  11  1.03 0.45
  244 H   -3 -5 -5 -7 -9 -4 -5 -8 10 -9 -8 -6 -7 -7 -7 -6 -7 -8 -3 -8    2   0   0   0   0   0   0   0  98   0   0   0   0   0   0   0   0   0   0   0  4.31 1.14
  245 T   -2 -1 -1 -4 -5 -2 -3 -5 -3 -3 -3 -3 -3 -4 -4  0  7 -6 -4 -3    2   3   3   1   0   1   1   0   0   1   2   1   1   1   1   6  73   0   0   1  1.69 0.63
  246 G   -2 -3 -2 -4 -6 -4 -4  7 -5 -5 -5 -3 -6 -5 -2 -3 -4 -6 -6 -5    3   1   2   1   0   1   1  83   0   1   1   2   0   0   2   1   1   0   0   1  2.03 0.63
  247 K    0  0  0  0 -1  0  0  0  0  0  0  1  0 -1  0  0  0 -1  0  0    8   5   4   5   2   4   7   7   2   6   8  11   2   3   5   6   5   1   3   7  0.03 0.00
  248 T    0  0  0  0 -1  0  0  0  0  0  0  0  0 -1  1  0  1 -1  0  0    8   5   5   5   2   4   6   6   2   4   8   7   2   3   5   7  11   1   3   6  0.04 0.00
  249 S    0  0  0  0 -1  1  0  0  0  0  0  0  0 -1  0  1  0 -1  0  0    8   5   5   5   2   5   7   7   2   5   8   6   2   3   5  10   6   1   3   6  0.04 0.00
  250 E   -1 -3 -2  0 -3  0  6 -3 -1 -5 -4 -1 -3 -3 -4 -2 -3 -6 -5 -2    5   1   2   5   1   3  68   2   1   0   1   2   1   1   1   2   1   0   0   3  1.47 0.57
  251 K   -3  3 -2 -5 -7  0 -3 -4 -5 -4 -5  7 -3 -4 -5 -3 -5 -7 -6 -4    1  15   1   0   0   3   0   1   0   1   1  71   1   1   0   1   0   0   0   1  1.89 0.72
  252 P   -3  0 -4 -6 -8 -4 -6 -7 -6 -7 -5  0 -7 -8  8 -5 -6 -9 -8 -3    1   5   1   0   0   1   0   0   0   0   1   7   0   0  82   0   0   0   0   2  2.74 0.91
  253 F   -4 -5 -7 -8 -7 -7 -7 -5  1 -5 -3 -5 -3  7 -8 -6 -6 -1  7 -3    1   1   0   0   0   0   0   1   3   0   1   1   0  52   0   0   0   1  38   1  2.40 0.78
  254 S    1  1 -1 -2 -2  2  1 -1  1 -1 -3  2 -2 -3 -1  2  0 -3 -4  1   10   7   2   1   1  12  11   3   4   3   2  12   0   1   2  15   5   0   0  10  0.25 0.19
  255 C   -5 -3 -7 -8 11 -7 -8 -8 -8 -6 -4 -5 -6 -7 -4 -4 -4 -8 -8 -4    0   2   0   0  92   0   0   0   0   0   2   1   0   0   1   1   1   0   0   1  4.04 1.10
  256 R   -1  2  0  2 -3  1  1 -2 -1 -2 -1  1 -1 -3  2  1  1 -4 -3 -2    3  12   4  11   0   7   7   2   1   2   5  10   1   1   9  12   8   0   0   3  0.26 0.14
  257 W   -2 -2 -2 -2 -2  0 -1 -2  1  1  1 -2  0  1 -2 -1 -2  6  1  2    3   2   2   2   1   5   3   3   4   8  13   3   2   7   2   3   2  17   5  14  0.41 0.14
  258 H   -1  0  1  1 -2  1  1 -1  1 -1 -1  0 -1 -1  3  0  0 -2 -1 -1    5   5   6  10   1   6   9   5   3   3   6   6   1   2  14   9   4   1   2   3  0.19 0.05
  259 S    0 -1  1  2 -2  1  2  1  0 -1 -1  0 -2 -2 -2  1  0 -2 -2 -1    6   2   5  11   1   7  16  14   3   4   5   4   1   1   2   9   4   0   1   5  0.18 0.08
  260 C   -2 -9 -8 -9 11 -8 -9 -8 -9 -6 -3 -9 -6 -2 -8 -6 -6 -8 -8 -6    3   0   0   0  92   0   0   0   0   0   2   0   0   2   0   0   0   0   0   0  4.14 1.13
  261 Q   -2 -2  1  2 -4  3  2  4  1 -6 -4 -1 -3 -4 -1  0 -1 -3 -4 -4    2   2   7  10   0  13  14  33   3   0   1   2   1   1   2   5   4   0   0   1  0.62 0.32
  262 K   -4  4 -2 -5 -7 -1 -3 -6 -3 -7 -4  6 -3 -6 -3 -3 -4  5 -5 -6    0  26   2   0   0   2   1   0   0   0   1  55   1   0   1   1   0   8   0   0  1.73 0.67
  263 K    1  5 -2 -4  2  1 -3 -3 -2 -5 -5  3 -2 -6 -2  2  0 -6 -5 -5   13  33   1   0   4   5   0   1   1   0   0  20   1   0   2  13   5   0   0   0  0.86 0.42
  264 F   -7 -8 -8 -3 -7 -8 -8 -8 -6 -2 -3 -8 -1  9 -8 -7 -4 -4  0 -5    0   0   0   2   0   0   0   0   0   2   1   0   1  92   0   0   1   0   1   0  3.14 0.97
  265 A    3 -2 -1 -4 -2 -3 -4 -2 -3 -2 -3 -2  3 -5 -3  4  1 -4 -2 -3   28   2   2   0   1   1   0   2   0   2   2   1   9   0   1  37  10   0   1   1  0.82 0.45
  266 R   -4  7 -4 -3 -3  3 -2 -5  2 -6 -4  0 -4 -4 -6 -3 -3 -7 -3 -4    1  64   0   1   1  16   2   0   5   0   2   3   0   1   0   1   1   0   1   1  1.76 0.69
  267 S   -2  0  0 -4 -3 -2 -3 -2 -3 -5 -1 -1 -3 -6 -2  6 -1 -7 -6 -4    2   4   4   0   0   1   1   2   0   0   8   4   1   0   2  70   2   0   0   1  1.34 0.63
  268 D   -3 -3 -2  6 -2 -4  0  1 -2 -5 -5 -3 -6 -4 -3  2 -3 -7 -3 -6    1   1   1  56   1   0   5  11   1   1   1   1   0   1   1  17   1   0   1   0  1.39 0.57
  269 E   -2 -3  2  1 -2  1  3 -3  7 -3 -5 -1 -5 -5 -4  0 -1 -6 -1 -5    3   1  10   7   1   5  19   1  35   2   0   3   0   0   0   7   4   0   1   0  1.07 0.48
  270 L   -6 -1 -7 -8 -4 -5 -7 -8 -7 -1  6 -3  0 -3 -7 -6 -5 -6 -5 -2    0   4   0   0   0   0   0   0   0   1  89   1   2   1   0   0   0   0   0   2  1.95 0.71
  271 V    2  0 -1 -3 -2  1 -2 -3 -1  1 -2  3 -1 -4 -3  2  2 -5 -4  0   15   4   2   0   1   7   0   1   1   8   3  19   1   0   0  16  15   0   0   7  0.40 0.27
  272 R   -2  5 -1 -2 -3  1 -2 -3 -3 -1  0  3 -2 -4 -4 -1  0 -5 -3 -2    3  36   3   2   0   6   1   1   0   3  10  21   0   0   0   5   5   0   1   3  0.73 0.37
  273 H   -6 -3 -4 -6 -8 -4 -5 -7 10 -8 -8 -5 -7 -6 -7 -6 -6 -7 -3 -8    0   1   0   0   0   0   0   0  98   0   0   0   0   0   0   0   0   0   0   0  4.26 1.23
  274 H   -1  2 -2 -3 -4  4 -1 -4  2 -1 -1  2  4 -2 -4 -2  0 -3  1 -1    5   9   1   0   0  22   3   1   6   3   4  13  15   1   0   2   5   0   5   5  0.51 0.31
  275 N   -4  6  2 -5 -7  0 -3 -4 -2 -6 -4  4 -3 -5 -5 -3 -3 -7 -6 -6    1  55   9   0   0   3   0   1   1   0   1  27   0   0   0   1   1   0   0   0  1.68 0.65
  276 M   -2  3 -3 -5 -4 -3 -4 -5 -4  3 -1  1  2 -2 -5  0  4 -5 -3  2    1  19   1   0   0   0   0   0   0  16   4   7   5   1   0   5  28   0   1  13  0.65 0.36
  277 H   -7 -5 -5 -6 -9 -4 -4 -8 10 -9 -8 -6 -7 -7 -7 -5 -7 -8 -3 -8    0   0   0   0   0   0   1   0  99   0   0   0   0   0   0   1   0   0   0   0  4.32 1.23
  278 Q   -1  1  1 -1 -4  3  1 -3  0 -2 -1  1  0 -3 -3  1  2 -3 -2 -2    4   8   7   2   0  18   8   1   2   2   8   8   3   1   0  11  17   0   1   1  0.33 0.19
  279 R   -2  5 -1 -2 -1  1  0 -2 -1 -4 -3  4 -4 -5 -2 -1 -2 -6 -4 -3    2  42   2   1   1   5   4   3   1   0   2  28   0   0   1   4   2   0   0   1  0.96 0.34
  280 N   -2  0  4  2 -4  2  2  0  0 -3 -4  0 -2 -4 -3  0  2 -5 -4 -3    1   5  25  12   0   8  14   6   1   1   1   6   0   0   0   6  13   0   0   1  0.51 0.20
  281 M    0  2 -2 -2 -3  0  0 -2  2  0  1  1  2 -2 -3 -1  0 -3 -2 -1    8  13   1   1   0   3   5   3   7   5  20  12  10   1   0   2   5   0   1   3  0.18 0.11
  282 T    0  0  0  0 -3  0  0 -3 -2  1 -1  0  0 -3  1  1  3 -4 -2  0    4   4   4   4   0   3   5   0   0  10   3   5   3   0   7  13  30   0   1   4  0.28 0.13
  283 K   -1  2  2 -2 -5  0  1  0  0 -4 -3  4 -1 -4  1 -1 -2 -5 -2 -2    3   8   9   0   0   1   8   8   1   0   2  46   2   0   6   2   0   0   1   2  0.59 0.20
  284 L   -1 -1 -3 -2 -3 -2 -1 -4 -3  2  3 -1  2  0 -4 -2 -2 -3 -2  1    4   3   0   2   0   0   4   0   0  10  48   5   7   4   0   2   1   0   0  11  0.40 0.13
  285 Q    0  0 -2 -2 -3  4  2 -3 -1 -2  0  0 -1 -1  1 -1  2 -4 -3  0    8   2   0   0   0  28  15   0   0   0   9   3   0   3   8   0  16   0   0   9  0.36 0.11
  286 L   -1 -2 -4 -4 -3 -2 -1 -4 -3  1  4 -3  2 -1  1 -2 -2 -3 -3  1    4   2   0   0   0   0   4   0   0   3  57   0   8   0   7   3   0   0   0  12  0.50 0.13
  287 A    3 -2 -2 -3  1 -2 -2 -2 -3  0 -2  0 -1 -3 -1  2  1 -4 -3  1   44   0   0   0   4   0   0   0   0   4   0   7   0   0   2  15   8   0   0  16  0.38 0.10
  288 L   -2 -3 -4 -5 -2 -3 -4 -5 -4  3  4 -3  1  0 -4 -3 -2 -3 -2  2    0   0   0   0   0   0   0   0   0  20  71   0   0   0   0   0   0   0   0   9  0.71 0.08

                      K         Lambda
Standard Ungapped    0.1720     0.3419
Standard Gapped      0.1100     0.3190
PSI Ungapped         0.1720     0.3419
PSI Gapped           0.1100     0.3190
