
Last position-specific scoring matrix computed, weighted observed percentages rounded down, information per position, and relative weight of gapless real matches to pseudocounts
           A  R  N  D  C  Q  E  G  H  I  L  K  M  F  P  S  T  W  Y  V   A   R   N   D   C   Q   E   G   H   I   L   K   M   F   P   S   T   W   Y   V
    1 M   -1 -2 -3 -4 -2 -1 -3 -4 -3  1  2 -2  6 -1 -3 -2 -1 -2 -2  2    0   0   0   0   0   0   0   0   0   0  17   0  66   0   0   0   0   0   0  18  0.60 0.04
    2 Q   -1  0 -1 -1 -4  4  2 -3  4 -4 -3  2 -2 -3  2 -1 -1 -3 -1 -3    0   0   0   0   0  34  10   0  23   0   0  22   0   0  12   0   0   0   0   0  0.71 0.05
    3 N   -1  2  3  2 -4  2  1  1 -1 -4 -4  1 -2 -4 -2  1 -1 -4 -3 -3    0  14  20  13   0  16   6  12   0   0   0   7   0   0   0  12   0   0   0   0  0.46 0.04
    4 N   -2 -2  4  4 -4  1  0  0 -1 -1 -3  0 -3 -4 -3  1  1 -5 -3 -3    0   0  28  29   0   6   0   7   0   5   0   4   0   0   0  12   8   0   0   0  0.57 0.10
    5 G    1 -3 -2  0 -4 -3 -3  5 -3 -5 -5 -3 -4 -5 -3  0 -1 -5 -5 -4   11   0   0   7   0   0   0  71   0   0   0   0   0   0   0   7   4   0   0   0  1.19 0.20
    6 C   -1 -1 -1 -1  7 -3 -3 -4 -4 -1  0 -1 -2 -3 -4  1  0 -4 -4  1    2   2   3   3  45   0   0   0   0   0  10   5   0   0   0  12   7   0   0  11  0.77 0.18
    7 Q   -1  0 -1  0  3  5  1 -2  3 -3 -3  0  0 -4  1  0 -1 -4 -3 -1    4   4   0   4   8  36  10   2   9   0   0   4   3   0   6   4   2   0   0   4  0.52 0.17
    8 Q   -1 -1  3  1 -1  4  2 -3 -1 -4 -3  0  1 -4  0  1 -1 -4 -1 -2    4   0  16   9   2  28  12   0   0   0   0   2   5   0   4  14   0   0   3   2  0.53 0.18
    9 Q   -1  0  0 -1 -4  5  1  0 -1 -3 -1 -1  0 -3  0  0  1 -4 -1 -2    3   5   3   2   0  37  10   7   0   0   5   1   3   0   5   6   9   0   3   1  0.48 0.21
   10 E    1  0  0  3 -4  1  3 -3  0 -2 -1  1 -2 -4 -3  0  0 -5 -3 -2   11   6   2  16   0   7  28   0   2   1   6   7   0   0   0   8   4   0   0   2  0.43 0.16
   11 G   -1 -3  1  1 -5 -3 -1  5 -4 -2 -3 -1 -4 -5 -1  1 -1 -5 -5 -4    4   0   6   7   0   0   3  56   0   3   2   3   0   0   2  10   4   0   0   0  0.88 0.26
   12 G    1 -2  0 -2 -4  0  1  4 -3 -4 -4 -1  0 -3 -2  2 -1 -5 -2 -2   14   1   4   1   0   3   8  37   0   0   0   3   3   1   1  20   2   0   2   2  0.58 0.22
   13 G    0 -1 -2 -1  0 -2 -2  5 -2 -2 -3 -3 -4 -5  2  1 -1 -5 -5 -3    4   3   0   3   2   1   2  49   1   4   2   0   0   0  10  14   3   0   0   1  0.76 0.26
   14 E   -1 -1  0  2 -2  0  3  0  1 -1 -3  1 -3 -3  0 -1  0 -5 -4 -1    4   2   2  12   1   3  29   9   3   4   2  11   0   1   4   1   5   0   0   4  0.35 0.16
   15 N   -1  1  4  2 -4 -1  0  1  1 -3 -3  0 -3 -4 -4  1  0 -5 -4 -3    5   7  29  12   0   1   4  11   4   2   3   3   0   0   0  13   4   0   0   1  0.51 0.21
   16 T    0 -1  0 -1  0 -1  0  0  1 -2 -1 -1 -1 -1  0  3  2 -4 -3 -1    7   1   5   3   3   2   5   6   4   2   5   3   1   2   4  27  16   0   0   5  0.23 0.14
   17 N   -1  1  4  1 -4  0  2 -1  1 -2 -3  1 -3 -2  0  1 -1 -5 -3 -2    4   6  27   7   0   2  12   4   4   3   2   8   0   2   4  10   1   0   0   3  0.37 0.17
   18 S    1 -1 -1  1  0  0  0  0  0 -2 -1  0  0 -2  1  2  1 -4 -2 -2   10   3   1  10   2   4   6   5   2   1   6   4   2   1   6  25   8   0   1   2  0.21 0.12
   19 I    0 -2 -1 -2  0 -1 -1  0 -2  2  1 -1  1  0 -1 -1  0 -4 -2  1    8   0   2   2   3   2   5   8   1  21  16   4   3   3   3   4   6   0   0  10  0.11 0.08
   20 S    0 -1  0  1 -2  1 -1  0 -3 -3 -3 -2 -2 -4 -1  4  1 -5 -1 -2    7   2   4  10   1   6   2   5   0   1   1   1   1   0   3  46   6   0   2   2  0.57 0.26
   21 S    1 -2  0  1 -3  1  1  0 -1 -1 -3 -1 -3 -3 -2  4  2 -5 -4 -3    8   1   2   7   0   5   9   5   1   3   2   2   0   1   1  41  11   0   0   0  0.52 0.24
   22 N    0  0  4  2 -1  0  1  1  2 -4 -4 -1 -3 -3  0  2 -1 -5 -3 -2    5   4  23  11   2   4   9   9   5   0   1   2   0   1   3  16   1   0   0   3  0.39 0.17
   23 G   -1 -2  0  2 -2 -1  1  5 -2 -4 -4  0 -4 -5  0  1 -2 -5 -3 -5    2   1   3  11   1   3   8  47   1   0   1   5   0   0   5  10   1   0   1   0  0.75 0.25
   24 E   -1 -1  1  2 -2  0  4 -1 -1 -2 -3 -1  0 -3  0  1 -1 -5 -2 -2    2   3   5  12   1   2  36   5   1   2   2   2   2   1   4  13   1   0   1   3  0.47 0.20
   25 D   -1  0  0  5 -5 -2  1  0 -1 -3 -3  0 -4 -4  1  0 -1 -6 -5 -4    4   5   4  45   0   0   9   7   1   2   3   4   0   1   6   6   3   0   0   0  0.76 0.26
   26 S    1 -1 -1  1  2 -2  1  1  0 -3 -2 -2 -1 -4 -1  3  0 -5 -4 -2   11   3   2   7   6   0   8  10   2   1   4   1   2   0   2  35   5   0   0   2  0.38 0.19
   27 D   -2 -2  1  5 -3 -1  2 -1 -1 -2 -4 -2 -3 -4  1  0 -1 -6 -4 -4    2   1   5  48   1   2  12   3   1   3   1   2   0   1   6   8   3   0   0   0  0.87 0.27
   28 E    0 -1  0  3 -2  1  4 -2  0 -3 -3  0 -1 -4  0  0 -1 -4 -4 -3    6   3   4  20   1   6  34   1   3   2   3   3   1   0   4   7   3   0   0   0  0.54 0.19
   29 A    2 -1  1  1  0  0  0  1 -2 -2 -2 -1 -1 -3  0  3  1 -4 -3 -2   17   2   6   9   3   3   4   9   0   2   4   2   1   0   5  25   6   0   0   2  0.26 0.12
   30 Q   -1 -2  0  2 -1  4  3 -1  0 -3 -2  1  0 -3 -2  1 -1 -4 -3 -3    4   0   2  12   1  21  23   5   2   1   3   6   3   1   1  12   1   0   0   1  0.48 0.18
   31 M    0 -1 -1  0 -1  1  0  0  1  0  1 -1  2 -1  3  0 -1 -3 -2  0    9   2   1   4   2   6   5   6   4   6  15   2   9   3  14   5   3   0   0   5  0.15 0.07
   32 R   -1  4  0  1 -2  0  1  1  1 -4 -3  1 -2 -3  0  1 -1 -4 -3 -3    2  28   2   9   1   4   8  14   3   0   1   7   1   1   4  13   2   0   0   1  0.41 0.15
   33 L   -1 -2 -1 -1 -2 -1 -1  0 -2  1  2 -2  1  1  0 -1 -1 -2  0  1    4   2   2   4   0   2   4   8   0  12  28   1   4   5   5   6   1   0   4   8  0.11 0.07
   34 Q   -1  1  0  0 -3  3  0 -1  1 -2 -2  1 -1 -2  2  1  0 -4 -3 -2    3   9   5   5   0  18   4   4   3   2   4  11   1   2  11  11   6   0   0   3  0.28 0.10
   35 L    0 -1 -2 -1 -1 -1  0 -2 -2  0  2  0  1 -1  1 -1 -1 -3 -2  1    5   2   1   3   1   2   5   3   1   4  34   6   3   2   7   5   2   0   1  12  0.15 0.08
   36 K   -2  3  0 -2 -5  0  0 -3 -1 -3 -3  5 -3 -5  1 -1 -2 -5 -4 -3    2  17   3   1   0   3   5   2   1   1   1  52   0   0   8   4   0   0   0   1  0.92 0.27
   37 R   -3  6 -2 -4 -6  1 -2 -1 -1 -4 -5  2 -4 -4 -1 -1 -2 -5 -4 -3    1  63   0   0   0   4   1   4   1   0   0  14   0   1   3   5   1   0   0   1  1.34 0.36
   38 K   -2  1 -2 -4 -6  0 -2 -2 -3 -5 -5  7 -3 -6 -3 -2 -1 -6 -3 -4    2   5   1   0   0   2   0   3   0   0   0  80   0   0   0   2   3   0   1   0  1.64 0.43
   39 L   -3  1 -1 -3 -3  5 -1 -3  1 -1  1  1 -1 -1  1 -1 -2 -4 -3 -2    0   8   1   0   0  38   0   1   3   3  19   9   1   3   6   4   1   0   0   1  0.58 0.22
   40 Q   -4  6 -3 -4 -3  3 -2 -4  4 -5 -4  0 -2 -5 -4 -3 -3 -5 -4 -5    0  65   0   0   1  12   1   1  14   0   1   3   1   0   0   0   1   0   0   0  1.64 0.41
   41 R   -5  8 -4 -5 -7 -1 -3 -6 -1 -4 -6  0 -5 -6 -5 -4 -4 -6 -5 -6    0  95   0   0   0   1   0   0   1   1   0   3   0   0   0   0   0   0   0   0  2.56 0.56
   42 N   -2 -2  5 -1 -2 -1  0 -1  4 -1 -4 -2 -3 -2 -4  2 -1 -4  2 -2    2   1  44   1   1   1   5   3  10   5   0   0   0   2   0  14   2   0   7   2  0.80 0.27
   43 R   -4  8 -4 -5 -7 -2 -3 -6 -3 -6 -6  0 -5 -6 -5 -3 -4 -6 -5 -6    0  97   0   0   0   0   0   0   0   0   0   1   0   0   0   1   0   0   0   0  2.63 0.56
   44 T   -1 -4 -3 -4 -4 -4 -4 -5 -5 -2 -4 -4 -4 -5 -5 -1  7 -6 -5 -3    2   0   0   0   0   0   0   0   0   2   0   0   0   0   0   1  95   0   0   0  2.23 0.56
   45 S    0 -2  1 -3 -4 -2 -3 -4 -2  2 -3 -2 -2 -4 -4  2  5 -5 -4  0    6   1   6   0   0   0   0   0   1  14   0   1   1   0   0  18  49   0   0   4  0.89 0.32
   46 F   -6 -7 -7 -7 -6 -7 -7 -7 -5 -4 -3 -7 -3  8 -7 -6 -5 -3  1 -4    0   0   0   0   0   0   0   0   0   0   0   0   0  97   0   0   0   0   3   0  3.00 0.63
   47 T   -2 -4  1 -2 -1 -3 -3 -4 -4 -4 -5 -3 -4 -5 -3  4  6 -6 -5 -3    1   0   5   2   1   0   0   0   0   0   0   0   0   0   1  30  61   0   0   0  1.45 0.44
   48 Q    1  1  1 -1 -3  2  0 -1 -1 -3 -1 -1 -2 -4  3  2  1 -5 -3 -2   14   6   6   2   0  12   4   3   1   0   7   2   1   0  15  15  10   0   0   2  0.34 0.14
   49 E    0  1 -1  1 -3  2  3 -1  0 -3 -2  0 -2  1 -3  1 -1  1  1 -3    7   8   2   8   1  11  23   3   2   1   3   3   1   6   0  11   1   2   7   1  0.30 0.14
   50 Q   -4 -2 -3 -4 -6  8 -1 -5 -2 -6 -6 -2 -3 -6 -5  0 -4 -6 -5 -5    0   0   0   0   0  93   0   0   0   0   0   0   0   0   0   7   0   0   0   0  2.55 0.62
   51 I   -1 -4 -5 -5  0 -4 -5 -5 -5  1  4 -4  0 -2 -5  1 -2 -4 -4  2    3   0   0   0   2   0   0   0   0   7  62   0   1   0   0  11   1   0   0  12  0.89 0.29
   52 E    0  1 -1  2 -5  2  5 -3  2 -3 -2  1 -3 -5 -3 -1 -1 -5 -3 -3    6   6   2  12   0   7  44   1   5   2   5   6   0   0   0   1   2   0   0   1  0.70 0.24
   53 A    3 -2 -2 -2 -4  1  4 -3 -3 -1 -2 -1  0 -3  0 -1 -1 -5 -2  0   27   0   1   1   0   6  36   1   0   4   3   1   2   0   5   3   3   0   1   6  0.55 0.23
   54 L   -4 -5 -6 -7 -5 -5 -6 -7 -6 -1  6 -1  3 -2 -6 -5 -4 -5 -4 -2    0   0   0   0   0   0   0   0   0   0  90   5   6   0   0   0   0   0   0   0  1.70 0.45
   55 E   -4 -3 -3  0 -7 -1  7 -5 -3 -6 -6 -1 -5 -7 -4 -2 -4 -7 -6 -6    0   0   0   2   0   0  93   0   0   0   0   2   0   0   0   2   0   0   0   0  2.25 0.53
   56 K    0  3  0 -2 -3  4  0 -2 -1 -3 -2  4 -1 -5 -3 -1 -1 -5 -4 -3    6  20   3   1   1  22   5   2   1   1   4  28   1   0   0   4   3   0   0   1  0.67 0.23
   57 E    2 -3 -2 -1 -1 -1  3  1 -1 -1 -1 -2 -1 -2 -3 -1  0 -4 -2  0   23   0   0   1   1   1  28  14   1   4   6   1   1   2   0   2   7   0   1   7  0.33 0.16
   58 F   -4 -5 -6 -6 -5 -5 -6 -6 -4 -3 -2 -5 -3  8  3 -5 -4 -2  0 -4    0   0   0   0   0   0   0   0   0   0   0   0   0  85  15   0   0   0   0   0  2.21 0.45
   59 E    0  0 -1  0 -2  4  4 -2  1 -3 -3  0 -2 -4 -3  1 -1 -5 -3 -3    5   2   1   3   1  21  40   1   4   1   2   3   1   0   0  12   2   0   0   1  0.68 0.21
   60 R   -2  5 -1 -1 -3  3  0 -3  1 -3 -3  3 -2 -2 -3 -2 -2 -5 -2 -3    2  44   1   2   1  13   5   1   3   1   1  21   1   1   0   1   1   0   1   1  0.87 0.23
   61 T    0 -3  0 -3  1 -3 -3  0 -3 -3 -3 -2 -3 -2 -3  2  4  6 -2 -1    7   0   3   0   4   0   0   5   0   0   0   1   0   1   0  20  41  15   0   2  0.82 0.25
   62 H   -3  0 -1 -3 -5  4 -2 -5  8  2 -4 -1 -3 -4  0 -3 -3 -5 -1 -3    0   4   2   0   0  21   0   0  52  15   0   2   0   0   5   0   0   0   0   0  1.41 0.36
   63 Y   -5 -5 -5 -7 -6 -5 -6 -6 -1 -4 -4 -5 -4  0 -6 -5 -5  6  8 -5    0   0   0   0   0   0   0   0   0   0   0   0   0   0   0   0   0  15  85   0  2.78 0.51
   64 P   -1 -5 -5 -4 -6 -4 -4 -5 -5 -6 -6 -4 -5 -6  8 -1 -4 -7 -6 -5    5   0   0   0   0   0   0   0   0   0   0   0   0   0  91   4   0   0   0   0  2.91 0.49
   65 D   -2 -4 -1  7  1 -3  0 -2 -4 -6 -6 -3 -6 -6 -4 -2 -3 -7 -6 -6    2   0   0  87   3   0   3   2   0   0   0   0   0   0   0   2   0   0   0   0  2.03 0.41
   66 V   -1 -4 -4 -5 -1 -3 -4 -5 -4  3  0 -4  1 -2  3 -2  0 -4  0  4    2   0   0   0   1   0   0   0   0  18   7   0   3   0  15   1   5   0   3  43  0.66 0.20
   67 F   -1 -4 -2 -4 -4 -3 -4 -4  2  1 -1 -3 -1  5 -5 -1 -1 -2  5  0    4   0   2   0   0   1   0   1   4   8   3   1   1  34   0   6   2   0  26   5  0.85 0.28
   68 A    2 -2 -2 -4  0 -1 -3 -3 -4  0 -1 -2  3 -2 -4  0  5 -5 -4  0   20   1   0   0   2   2   1   1   0   4   5   1  10   1   0   3  44   0   0   6  0.70 0.29
   69 R   -5  8 -4 -5 -7 -2 -4 -6 -3 -6 -3 -1 -5 -6 -5 -4 -5 -7 -6 -6    0  97   0   0   0   0   0   0   0   0   3   0   0   0   0   0   0   0   0   0  2.69 0.64
   70 E   -4 -3 -1  0 -7 -1  7  0 -3 -6 -6 -2 -2 -7 -4 -2 -3 -7 -6 -6    0   0   2   2   0   0  83   9   0   0   0   0   1   0   0   1   1   0   0   0  1.89 0.52
   71 R   -2  2 -2  0 -6  2  5 -5 -1 -3 -3  1  0 -6 -4 -2 -1 -6 -5 -3    2  12   1   5   0  10  49   0   1   1   2   7   3   0   0   1   3   0   0   2  1.01 0.39
   72 L   -2 -6 -7 -8 -5 -6 -7 -7 -6  2  6 -6  2 -3 -6 -6 -5 -6 -5  0    3   0   0   0   0   0   0   0   0   9  79   0   3   0   0   0   0   0   0   5  1.67 0.52
   73 A    6 -5 -5 -6 -5 -5 -5 -1 -5 -5 -5 -5 -5 -6 -4  2 -3 -7 -6 -1   79   0   0   0   0   0   0   4   0   0   0   0   0   0   0  12   0   0   0   4  1.77 0.61
   74 A    1  1  0 -2 -2  3  0 -1 -1 -1  1 -1  3 -2 -3  0 -1 -4 -2  0   14   8   4   2   1  14   6   3   1   2  14   3  11   1   0   7   3   0   1   5  0.20 0.15
   75 K   -3  4 -2 -2 -1  0  1 -4  0 -4 -4  5 -1 -3 -4 -1 -1  0 -3 -3    1  25   1   1   1   3   7   1   2   1   1  41   1   1   0   4   4   1   1   1  0.93 0.37
   76 I   -2 -5 -5 -6  0 -5 -5 -6 -5  5  1 -5  0 -1 -5 -2  4 -5 -4  2    3   0   0   0   2   0   0   0   0  35  14   0   2   2   0   2  29   0   0  11  0.95 0.37
   77 D   -2 -1  4  3 -2  2  1  2  0 -4 -3  1 -4 -5 -4 -1 -2 -5 -4 -4    2   3  21  21   1  11   7  17   2   1   3   8   0   0   0   4   1   0   0   1  0.59 0.24
   78 L   -5 -6 -7 -7 -5 -5 -6 -7 -6  1  6 -6  2 -1 -6 -5 -4 -5 -4 -1    0   0   0   0   0   0   0   0   0   7  86   0   3   2   0   0   0   0   0   2  1.71 0.51
   79 P    0 -3 -1 -4 -2 -1 -3 -4 -4 -3 -4 -1 -2 -5  5  1  4 -6 -5 -3    6   1   2   0   1   2   0   0   0   1   1   3   1   0  39  12  29   0   0   1  1.20 0.41
   80 E   -4 -1 -4  0 -8 -2  7 -6 -4 -6 -7 -3 -6 -7 -5 -4 -4 -7 -6 -2    0   3   0   3   0   0  92   0   0   0   0   0   0   0   0   0   0   0   0   3  2.33 0.68
   81 A    4 -3 -2  2 -4 -2 -1 -2  1 -3 -4 -3 -4 -5 -1  2 -1 -5 -4 -1   52   0   1  11   0   1   4   1   3   1   1   0   0   0   2  17   3   0   0   3  0.77 0.34
   82 R   -4  7 -4 -5 -6 -2 -4 -5 -3 -3 -5  0 -5 -6 -5 -4  0 -6 -5 -5    0  87   0   0   0   0   0   0   0   2   0   2   0   0   0   0   6   0   0   0  2.33 0.62
   83 I   -3 -5 -5 -5 -3 -4 -5 -5 -5  5 -1 -4 -1 -3 -5 -4 -3 -5 -4  5    0   0   0   0   0   0   0   0   0  45   1   0   0   0   0   0   0   0   0  50  1.42 0.37
   84 Q   -3  2 -3 -3 -5  7  1 -4 -2 -5 -5  0 -3 -5 -4 -3 -3 -5 -4 -5    0   9   0   0   0  77   5   0   0   0   1   4   0   0   0   0   0   0   0   0  2.00 0.51
   85 V   -3 -5 -6 -6 -4 -5 -5 -3 -6  1 -2 -5 -2 -4 -5 -4 -3 -5 -4  6    0   0   0   0   0   0   0   2   0   5   0   0   0   0   0   0   0   0   0  92  1.80 0.47
   86 W   -6 -3 -7 -8 -6 -6 -7 -7 -6 -6 -5 -7 -1  0 -8 -7 -7 12 -1 -6    0   2   0   0   0   0   0   0   0   0   0   0   2   4   0   0   0  93   0   0  4.38 0.72
   87 F   -5 -6 -6 -6 -5 -6 -6 -6 -4 -3  0 -6 -2  8 -6 -5 -5 -2  1 -3    0   0   0   0   0   0   0   0   0   0   8   0   0  91   0   0   0   0   2   0  2.36 0.46
   88 S   -1 -1 -2 -3 -4  5 -1 -3 -2 -4 -2  2 -3 -5 -3  3  0 -5 -4 -4    1   0   0   0   0  44   0   0   0   0   4  14   0   0   0  33   4   0   0   0  1.04 0.32
   89 N   -4 -3  8 -1  3 -2 -3 -3 -2 -6 -6 -2 -5 -6 -5 -2 -2 -6 -5 -5    0   0  92   0   8   0   0   0   0   0   0   0   0   0   0   0   0   0   0   0  2.23 0.44
   90 R   -3  7 -3 -4 -6  1 -2 -4 -2 -5 -5  1 -4 -5  2 -3 -3 -5 -4 -5    0  84   0   0   0   4   0   0   0   0   0   1   0   0  11   0   0   0   0   0  1.78 0.34
   91 R    1  7 -3 -4 -5 -1 -2 -4 -2 -5 -5  0 -4 -5 -4 -2 -3 -5 -4 -4   11  89   0   0   0   0   0   0   0   0   0   0   0   0   0   0   0   0   0   0  1.86 0.36
   92 A    6 -2 -3 -4 -2 -3 -3 -2 -3 -3 -3 -2 -3 -4 -2  0 -2 -5 -4 -1   96   1   0   0   0   0   0   0   0   0   0   0   0   0   0   2   0   0   0   1  1.40 0.31
   93 K   -3  4 -2 -3 -6  0 -1 -4 -2 -5 -4  6 -3 -5 -3 -2 -2 -5 -4 -4    0  22   0   0   0   0   0   0   0   0   0  78   0   0   0   0   0   0   0   0  1.55 0.30
   94 W   -4 -4 -5 -6  0 -3 -4 -3  0 -3 -2 -5 -3  2 -6 -4 -4 11  2 -4    1   0   0   0   3   1   1   2   3   1   4   0   0   8   0   0   0  71   5   0  2.73 0.40
   95 R   -3  7 -3 -4 -5 -1 -2 -4 -2 -4  0  1 -3 -4 -4 -3 -2 -5 -4 -4    0  84   0   0   0   0   0   0   0   0  10   3   0   0   0   0   2   0   0   0  1.64 0.32
   96 R   -3  5 -2 -3 -5  2 -1 -4  0 -5 -4  5 -3 -5 -3 -2 -2 -5 -4 -4    0  41   0   0   0   7   0   0   1   0   0  50   0   0   0   0   0   0   0   0  1.32 0.26
   97 E   -2  2  0 -1 -4  5  3 -3  3 -4 -3  2 -2 -4 -3 -1  0 -2 -2 -3    1  11   4   1   0  36  19   1   8   0   1   9   0   0   0   2   5   0   1   0  0.71 0.17
   98 E    0 -1 -1  0 -3  3  5 -1 -1 -4 -4  1 -1 -4 -3 -1 -2 -4 -4 -3    9   1   2   1   0  12  58   4   1   1   1   5   2   0   0   1   1   0   0   1  0.89 0.21
   99 K   -2  4 -1 -3 -5  0 -1 -1 -1 -4 -4  5 -2 -4 -2 -2 -2 -5 -3 -4    0  27   1   0   0   2   1   4   0   0   0  58   1   0   1   1   1   0   1   0  1.13 0.25
  100 L    0 -2 -1 -3  0  1 -1 -2  0  1  2 -2  3  0  0 -1  0 -3 -1  1    7   0   3   0   3   7   4   3   2   7  25   1  12   5   3   4   4   0   2   8  0.13 0.06
  101 R   -1  3  1  0 -3  1  1  0  0 -2 -2  2 -1 -3 -2  0  0  0 -3 -2    2  28   6   4   1   7   8   7   3   1   4  12   1   0   1   7   6   1   0   1  0.33 0.09
  102 N   -1 -1  4  1 -3  2  0  0 -1 -2 -1  1  0 -3  0  1  1 -2 -3 -2    3   1  27   5   0  10   5   7   1   2   6   7   2   1   3   9   8   1   0   1  0.31 0.11
  103 Q    0  0  0 -1 -2  4  1 -1  0 -1 -1  1  0 -2 -2  0  0 -4 -3 -1    5   3   3   3   1  33   9   5   1   2   5   8   2   2   1   6   5   0   0   4  0.35 0.13
  104 R    0  4  0 -1 -3  2  0  0  0 -2 -2  2 -1 -3  1  0  0 -4 -3 -2    6  29   3   2   0  10   3   6   2   1   2  13   2   1   6   6   5   0   0   2  0.40 0.12
  105 R    0  3 -1 -1 -3  2  0 -1  1 -2 -1  2  0 -3  0  0 -1 -3  0 -1    6  25   2   3   0  10   3   5   4   2   7  11   3   0   4   6   2   0   3   4  0.24 0.09
  106 Q    0  0  0  0 -3  3  0 -1  1 -2 -2  1  0 -2  2  1  0 -3 -1 -1    5   5   4   4   0  21   5   4   5   3   3   7   3   2   9  10   5   0   1   3  0.24 0.09
  107 A    2 -1  0 -1 -1 -1 -1  1 -1 -1 -1  0 -1 -2  1  1  1 -2 -1 -1   27   1   3   3   1   2   3   9   1   3   6   4   1   1   7  14   8   0   2   2  0.20 0.09
  108 S    1  0  1  0 -3  1  0  0  1 -2 -2  0  0  0 -1  3  1 -4 -2 -2    9   3   5   4   0   5   5   8   5   1   4   3   3   4   3  26  10   0   1   2  0.22 0.10
  109 N   -1 -1  3  1 -2  0  0  1  1 -2 -1  0  0 -2  1  1  1 -4 -3 -2    4   2  21   7   1   4   3  12   4   1   8   4   3   1   6   8   8   0   0   3  0.22 0.10
  110 T    0 -1  0 -2  0  0 -1  0  0 -1  0 -1  0  0  0  2  2 -2 -1 -1    6   2   4   0   3   5   3   6   2   3   8   2   2   3   4  23  17   0   2   3  0.17 0.10
  111 P    0 -3  0 -2 -5 -1 -3 -2 -1 -3 -3  0 -1 -3  6  1 -2 -5 -3 -2    7   0   5   2   0   3   0   3   1   1   2   6   2   1  51  11   2   0   1   2  1.19 0.31
  112 S    0 -1  0 -2  1  0 -2  0  0 -3 -2 -1 -1 -1  1  4  1 -4  0 -2    7   3   3   2   3   3   1   5   3   1   3   2   1   2   6  46   6   0   3   1  0.50 0.22
  113 H    0 -1  2 -1 -2  1  0  1  5 -3 -2 -1 -1 -2  1  0  0 -3  1 -1    6   3   9   1   1   5   5  11  19   0   4   2   1   1   8   8   6   0   5   5  0.28 0.13
  114 I    0 -3 -1 -3 -3 -1 -3 -1  0  2  1 -3  2  0  1  0  0 -3  0  2    8   0   2   0   0   3   0   4   3  19  17   0   7   3   6   5   6   0   3  13  0.21 0.11
  115 P    0 -2 -3 -2 -5  0 -2 -1  0 -3 -2 -2 -2 -2  6  0 -2 -5 -3 -2    7   1   0   2   0   5   2   5   3   2   4   2   1   2  51   6   2   0   1   3  1.14 0.31
  116 I    0 -1 -2 -2 -1 -2 -1 -1 -1  2  2 -1  1  0  0 -1  1 -3  0  1    7   2   1   1   1   1   4   5   2  15  21   4   4   5   4   4   9   0   3   9  0.10 0.07
  117 S    1 -1  1 -1 -1  0 -1  0  2 -2 -3 -2 -2 -2 -1  4  2 -4 -1 -3    9   3   8   2   1   3   4   6   6   2   1   0   1   2   3  36  12   0   2   0  0.45 0.21
  118 S    1 -2  0 -2  0 -2 -2  2  0 -4 -2 -1 -3 -3  2  3  2 -4  0 -2    8   1   4   1   2   1   1  14   2   0   3   3   0   1  10  28  14   0   4   2  0.41 0.19
  119 S    0 -2  1 -1 -2  0 -2  1  0 -3 -1 -1  0 -4  2  3  1 -5 -4 -2    5   1   7   3   1   3   1  12   2   1   8   4   3   0  10  29  10   0   0   1  0.35 0.18
  120 F   -2 -2 -1 -1 -2 -1 -1 -2  1  1  0 -3  2  3  1  0  0 -2  3  0    2   2   3   3   1   3   4   3   4  10   5   0   7  19   6   6   6   0  10   7  0.22 0.13
  121 S    1 -1  3 -1 -1 -1 -1  1 -1 -4 -2 -2 -1 -4  1  3  0 -5 -3 -2   11   3  15   3   1   2   2   9   1   0   5   0   2   0   7  32   6   0   1   2  0.42 0.21
  122 T    1 -1  0 -2  0 -1 -1  0 -1 -1  0 -1 -1 -3  1  2  3 -4 -2  0   12   2   4   1   2   2   2   5   1   3   8   3   1   0   7  14  26   0   1   5  0.27 0.15
  123 S    1 -2  0  1 -4 -1  0  0  2 -2 -3 -1  1 -3  2  3  0 -4  0 -3   13   1   5   7   0   2   4   6   5   3   1   2   4   0  10  29   4   0   4   1  0.36 0.18
  124 V    0 -1 -1 -3 -1 -2 -2 -2 -2  2  0 -1  2 -1  0 -1  0 -4 -2  3    7   3   4   1   1   1   1   2   1  10   9   4   7   2   5   5   5   0   1  32  0.27 0.15
  125 Y    0 -1 -2 -2  0 -2  1 -1  2 -2  0 -2 -2  1 -1  0  1 -2  5 -1    6   3   1   1   2   0   9   6   6   2  11   2   0   5   3   7  10   0  23   3  0.29 0.17
  126 Q   -2  0  0  0 -5  4  0  0  3 -4 -1 -1 -1 -2  2  1  0 -5 -3 -4    2   4   3   4   0  28   4   7   8   0   6   1   2   2  10  13   6   0   0   0  0.50 0.25
  127 P   -1 -4 -4 -2  0  0 -4 -4  0 -5 -2 -2 -4 -5  7  2 -1 -6 -5 -5    5   0   0   2   2   4   0   1   2   0   4   1   0   0  59  14   3   0   0   0  1.59 0.45
  128 I   -2 -2 -3 -4 -3 -2 -2 -3 -3  3  2 -2  1  0 -1  0  0 -3  2  1    2   1   0   0   0   1   3   2   0  27  24   2   4   4   3   6   7   0   7   5  0.36 0.17
  129 P   -1 -4 -4  0 -5  0  0 -3  2 -3 -5 -4 -5 -2  7 -1 -3 -6 -5 -3    5   0   0   4   0   4   6   2   5   2   0   0   0   2  62   5   1   0   0   1  1.69 0.47
  130 Q    0  2  0 -1 -1  3 -1 -3  2 -1 -2  0 -2 -4  1  1  0  2 -3 -3    7  14   3   3   1  19   2   1   6   4   4   5   0   0   8  14   4   3   0   0  0.36 0.19
  131 P   -1 -1 -2 -4 -5 -2 -1 -1 -4 -4 -2 -3 -4 -2  7  0  0 -6 -5 -2    4   3   1   0   0   2   4   4   0   0   4   0   0   2  60   7   5   0   0   2  1.51 0.42
  132 T    1 -1  1 -2 -1  0  0 -1  0 -2 -1 -2 -1 -1  0  1  4  0  0 -1   10   2   7   0   1   3   7   3   2   2   5   0   1   2   4  10  30   2   4   5  0.28 0.17
  133 T    1 -1 -1  0 -3  1 -1 -2 -1 -2 -2  0  0 -4  1  3  3 -5 -2 -1   11   2   1   5   0   6   1   2   1   1   3   4   3   0   6  23  26   0   1   4  0.40 0.21
  134 P   -2 -3 -2 -4 -5 -4 -2 -1  0 -1 -5 -4 -1 -5  7 -1  0 -6 -1 -4    2   1   2   0   0   0   3   5   2   5   0   0   2   0  63   4   7   0   3   0  1.68 0.46
  135 V    0 -1 -2 -3 -1 -2 -2 -2 -3  3  1 -1  2 -2  1  0  0 -4 -3  2    8   3   2   0   2   0   2   2   0  19  14   2   6   0   7   7   7   0   0  19  0.25 0.13
  136 S    0 -1  2  0  1 -2 -2  0 -2 -3 -1 -1 -2 -3  0  4  1 -4 -1 -1    5   3   9   6   3   0   0   8   0   0   5   3   1   0   5  37   8   0   3   3  0.39 0.20
  137 S    1 -3  0  0 -4  0 -1 -1  0 -4 -3 -2 -1 -4  1  4  1  0 -4 -3   11   0   3   6   0   4   3   4   2   0   2   0   2   0   7  46   8   1   0   0  0.63 0.28
  138 F    0 -2  0 -4  0 -2 -3 -1  0  0 -1 -3  0  4  0 -1 -1  2  3  1   10   1   4   0   3   2   0   5   2   6   4   0   2  29   5   4   2   3   9   9  0.34 0.17
  139 T   -1  0  0 -2  1 -2 -2 -2 -3 -1  0  0 -2 -3 -2  2  4 -5 -2  1    1   4   3   2   4   0   1   3   0   2  10   5   0   0   2  18  34   0   1  11  0.40 0.22
  140 S    1 -3  1  0 -3 -1  0 -3 -3 -2 -4 -2 -3 -4  0  4  2 -5  0 -2    8   0   7   4   0   2   6   0   0   3   0   0   0   0   5  45  14   0   3   3  0.62 0.27
  141 G    0 -1  0 -1  0  0 -3  4 -3 -2 -4 -2 -3 -3  0  1 -1  3  1 -3    8   4   3   2   2   5   0  43   0   3   0   0   0   0   4  12   3   5   6   0  0.57 0.20
  142 S    0  1  1 -2  3 -1 -2  1 -2 -2 -2 -1  2  1  2  1  1 -3 -2 -2   10  10   9   0   9   0   1  10   0   0   1   1   9   9  10  10  10   0   0   1  0.18 0.12
  143 M   -1 -3  0 -3  2  0 -3 -1  1  0  0 -3  5  1 -1  0  1 -2  3 -1    4   0   6   0   5   5   0   4   3   4   6   0  21   5   4   6   9   0  14   4  0.30 0.24
  144 L   -1 -1 -1 -3 -3  0 -2 -1 -2  2  2 -2  1  0  0  0  0 -2  1  1    3   2   3   0   0   5   0   5   0  15  22   0   5   4   5   8   6   0   8   8  0.15 0.12
  145 G    0 -2  1  0 -4 -2 -2  4 -3 -4 -4  0 -3 -4  2  1  1 -4 -4 -3    8   0   6   5   0   0   1  41   0   0   1   7   0   0  12   8  10   0   0   1  0.66 0.27
  146 R   -2  3  1  0 -3  2 -1 -1  2  0 -1 -1  3 -3  2  0 -2 -4 -2 -2    0  20   9   5   0   9   0   5   7   7   5   0  12   0   9   8   0   0   0   0  0.27 0.18
  147 T    0 -2  1 -1  2 -2 -2 -3  1 -2 -2 -1  1 -2  2  1  3 -3  1  0    6   0   8   3   6   0   0   0   3   0   0   4   4   0  10   9  30   0   7   7  0.34 0.21
  148 D    0 -2  2  3 -4  0  1 -2  4 -3 -4 -2 -3 -4  3  1  0 -4 -2 -2    9   0  10  18   0   4   8   0  13   0   0   0   0   0  17  10   5   0   0   4  0.51 0.22
  149 T    0  1  2  0 -3  0 -1 -2  1 -3 -3 -1 -2 -2  2  2  2 -3  2 -1    7   8  12   3   0   4   0   1   4   0   1   0   0   0  10  23  13   0   9   4  0.33 0.18
  150 A    1 -2  1 -2  0 -1  0  0 -2 -1 -1 -1  0 -2  1  2 -1  1  0  0   15   0   7   0   3   0   9   9   0   4   4   4   4   0   7  20   0   3   4   7  0.15 0.12
  151 L    0 -3 -1 -4  2 -3 -3 -1 -3  0  3 -3  0 -1  1 -1 -2 -3  0  1   10   0   4   0   6   0   0   4   0   4  48   0   0   0   8   4   0   0   3   7  0.38 0.23
  152 T    0 -2  1 -2 -3  1 -2 -3 -2 -3 -2  0  2 -3  1  2  4 -5 -3 -2    7   0   5   0   0   6   0   0   0   0   3   7   7   0   6  22  37   0   0   0  0.55 0.29
  153 N   -2 -2  4  3  1  0  0 -1 -1 -4 -4 -2 -3 -3  2  1  0 -4  0 -3    0   0  30  16   5   4   4   4   0   0   0   0   0   0  10  14   6   0   4   0  0.56 0.24
  154 T    0  0 -1 -2  1  0  0 -3  1 -2 -1  0  0 -2  1  2  3 -3  1 -2    3   5   2   0   4   3   5   0   3   0   5   4   3   0   8  19  27   0   8   0  0.30 0.18
  155 Y   -3 -3  0  0 -4 -3 -3 -4  2  0  0 -3 -2  2  1 -1 -2 -1  6  0    0   0   5   5   0   0   0   0   4   4   9   0   0   6   9   5   0   0  42  10  0.65 0.28
  156 S    1 -2  1  0  1  0 -1  0  1 -3 -3 -1 -2 -3 -2  3  1 -4 -3 -1   10   0   7   5   4   5   0   8   5   0   1   0   0   0   0  40   8   0   0   5  0.41 0.21
  157 A    3  0 -1  0 -3 -2 -2  2  1 -3 -1 -2 -2 -3 -2  3  0 -4 -3 -2   28   5   0   5   0   0   0  17   4   0   6   0   0   0   0  29   4   0   0   0  0.42 0.21
  158 L    0  0 -2 -3 -2  0 -2 -3  0  2  2 -2  2 -1 -3  0  0 -2  1  1    5   5   0   0   0   5   1   1   3  17  28   0   5   0   0   8   5   0   5   9  0.20 0.12
  159 P    0  0 -3 -3 -4 -2 -3 -4 -3 -3 -3 -2  1 -4  7  0  0 -5 -4 -1    5   6   0   0   0   0   0   0   0   0   0   0   5   0  63   7   6   0   0   6  1.56 0.38
  160 P    0 -3  1 -3 -4  0 -2 -2  2 -1 -3 -2 -3 -3  6  0 -2 -4  1 -3    7   0   7   0   0   5   0   3   6   6   0   0   0   0  55   5   0   0   6   0  1.27 0.30
  161 M    1 -2 -3 -4 -3 -2 -3 -4 -3  0  2  0  6  1  0 -2 -2 -3 -2  1   14   0   0   0   0   0   0   0   0   0  16   7  40   8   5   0   0   0   0  10  0.53 0.23
  162 P    2 -2 -3 -3 -3  1 -2 -3 -3 -3 -2  0  3 -4  6 -1 -2 -4 -4 -2   22   0   0   0   0   8   0   0   0   0   0   8  13   0  50   0   0   0   0   0  1.22 0.24
  163 S    1 -2  2 -1 -3 -1 -2  2 -2 -4 -4 -2 -3 -4  0  4  1 -5 -3 -3    5   0  12   0   0   0   0  14   0   0   0   0   0   0   3  59   7   0   0   0  0.72 0.22
  164 F   -2 -2 -3 -3 -3  2 -2 -1 -1 -1  1 -2  2  4 -4  0 -2 -1  3 -1    0   0   0   0   0  14   0   5   0   0  17   0  10  34   0   9   0   0  12   0  0.44 0.14
  165 T    0 -2  2 -1  3  1  1  1 -2 -3 -3 -1 -2 -3 -2  3  2 -4 -3 -2    0   0  10   0   9   8   8  10   0   0   0   0   0   0   0  35  20   0   0   0  0.46 0.14
  166 M   -2 -3 -3 -5 -3 -2 -3 -5  2  0  2 -3  7  1 -4 -3 -2 -3 -2  0    0   0   0   0   0   0   0   0   9   0  17   0  64   6   0   0   0   0   0   5  0.99 0.27
  167 A    3  1  0 -2 -2  2 -1 -1 -2 -2 -2 -1 -2 -3  3  0  0 -4 -3  0   42   9   6   0   0  14   0   3   0   0   0   0   0   0  13   0   4   0   0   9  0.41 0.13
  168 N    0 -1  4  1 -3 -1 -1  2 -1 -4 -4  1 -3 -4  2  2  1 -5 -3 -3    5   0  30   6   0   0   0  14   0   0   0   8   0   0  11  18   8   0   0   0  0.51 0.12
  169 N    0 -1  4 -1 -3  1 -1  0 -1 -2  0  1  1 -2 -2  1  0 -3  1 -2    8   0  29   0   0   9   0   6   0   0   9   8   6   0   0  14   5   0   6   0  0.28 0.10
  170 L    0 -3 -3 -4  3 -2 -3 -3 -3  2  3 -3  3 -1  1  0 -1 -3 -2  0    7   0   0   0   9   0   0   0   0  14  41   0  11   0   9  10   0   0   0   0  0.37 0.11
  171 P    1 -3 -3 -3 -4 -2 -2  0 -3 -4 -4 -2 -3 -4  7 -1 -2 -5 -4 -3   13   0   0   0   0   0   0   7   0   0   0   0   0   0  80   0   0   0   0   0  2.11 0.18
  172 M   -1 -2 -2 -3 -2 -1 -2 -3 -2  2  1 -2  5 -1  3 -1  1 -2 -2  0    1   1   1   1   0   1   1   1   0  23   1   1  38   1  16   1  11   0   0   1  0.41 0.07
  173 Q    0  0  0 -1 -3  5  1 -2  0 -3 -2  0 -1 -3 -2  2  0 -3 -2 -2    1   1   1   1   0  59   1   1   0   1   1   1   0   0   1  30   1   0   0   1  0.72 0.09
  174 D    1 -1 -1  3 -3 -1  0 -2  4 -2 -2 -1 -2 -3  5 -1 -1 -3 -1 -1   13   1   1  21   0   1   1   1  18   1   1   1   0   1  31   1   1   0   0   6  0.66 0.04
  175 S    0 -2  2 -1 -2 -1 -1 -2 -2 -1 -2 -1 -2 -3  4  3  0 -4 -3  1    0   0  18   0   0   0   0   0   0   0   0   0   0   0  22  43   0   0   0  17  0.58 0.06
  176 F    1 -2  1 -2 -2 -1 -2 -2 -1 -1  1 -2 -1  1  0  2  0 -2  2 -1   18   0   7   0   0   0   0   0   0   0  18   0   0   9   5  30   0   0  14   0  0.22 0.03
  177 H   -1  0  0 -1 -3  3  0 -2  6 -4 -3  0 -2 -3  2  2 -1 -3  0 -3    0   0   0   0   0  25   0   0  38   0   0   0   0   0  10  26   0   0   0   0  0.70 0.08
  178 L   -1 -3 -2 -3  4 -2 -3 -3 -1 -1  2 -2  0  0  1  1 -1 -1  4 -1    0   0   0   0  16   0   0   0   0   0  33   0   0   0   8  20   0   0  24   0  0.31 0.04
  179 E    3 -1 -1 -1 -2  3  2 -1 -1 -2 -3  0 -1 -3 -1  2  1 -3 -2 -1   36   0   0   0   0  20  12   0   0   0   0   0   0   0   0  24   8   0   0   0  0.45 0.04
  180 C   -1 -2 -1 -2  6  2 -1  2  2 -3 -3 -1 -2 -3 -3 -1  1 -3 -2 -2    0   0   0   0  36  20   0  20   8   0   0   0   0   0   0   0  16   0   0   0  0.50 0.05
  181 Q   -1 -1 -1 -2 -3  2 -1 -3  4 -1 -1 -1  3 -2  3 -1  2 -3 -1 -1    0   0   0   0   0  12   0   0  20   0   0   0  24   0  20   0  23   0   0   0  0.51 0.05
  182 F   -2 -1  2 -1 -3  2 -1 -3  2 -1  1 -1  0  3 -3  0 -1 -2  0 -1    0   0  20   0   0  20   0   0   8   0  24   0   0  21   0   7   0   0   0   0  0.25 0.04
  183 P    1 -2 -2 -2 -2  0 -1 -2 -2 -1 -2 -1 -2 -3  6  0  0 -4 -3  1   20   0   0   0   0   7   0   0   0   0   0   0   0   0  49   0   8   0   0  16  1.04 0.05
  184 S    2 -2  1  2 -2 -1 -1 -1 -1 -2 -2 -1 -2  1 -2  2  1 -2  1 -2   20   0   8  16   0   0   0   0   0   0   0   0   0   7   0  30  11   0   8   0  0.32 0.03
  185 K    0  1  0 -1 -3  3  0 -2 -1 -2 -1  3 -1 -3 -2  2  0 -3 -2 -2    0   0   0   0   0  25   0   0   0   0  11  35   0   0   0  29   0   0   0   0  0.43 0.03
  186 F    2 -1 -2 -2 -2 -1 -1 -1  0 -1 -1 -1 -1  3 -1  0 -1  0  4 -1   27   1   1   2   1   1   2   2   1   1   3   2   1  19   2   2   2   0  29   2  0.29 0.02
  187 P   -1 -3 -3 -3 -4 -2 -2 -3 -3 -3 -1 -2 -2 -3  7 -2 -2 -5 -4 -2    0   0   0   0   0   0   0   0   0   0  11   0   0   0  89   0   0   0   0   0  2.29 0.07
  188 G    1 -1 -1 -2 -2 -1 -1  0  4 -1  1 -1 -1 -2 -2  2  2 -3 -1 -1    8   0   0   0   0   0   0   7  25   0  20   0   0   0   0  23  17   0   0   0  0.27 0.02
  189 V   -1 -2 -2 -2 -2 -1  2 -3 -2  1  0 -1  3 -2 -2  0  0 -3 -2  3    0   0   0   0   0   0  20   0   0   0   0   0  25   0   0  11   0   0   0  45  0.27 0.03
  190 N   -2 -2  5  3 -4 -1 -1  3 -1 -4 -4 -1 -3 -4 -3  0 -1 -4 -3 -4    0   0  55  20   0   0   0  25   0   0   0   0   0   0   0   0   0   0   0   0  0.82 0.04
  191 L    1 -3 -3 -4 -2 -2 -3 -3 -3  1  3 -2  1  0 -3 -2 -1 -3 -2  2   16   0   0   0   0   0   0   0   0   0  57   0   0   0   0   0   0   0   0  27  0.37 0.01
  192 T   -1 -2  0  3 -3 -1  0 -2 -2 -2 -1 -1  2 -3  4  0  2 -4 -3 -1    0   0   0  27   0   0   0   0   0   0   0   0  16   0  28   0  29   0   0   0  0.64 0.01
  193 C   -1 -2 -2 -3  8  3 -1 -3 -2 -2 -2 -2 -2 -3 -3 -1 -1 -3 -3 -2    0   0   0   0  73  27   0   0   0   0   0   0   0   0   0   0   0   0   0   0  0.94 0.02
  194 L   -1  3 -1 -2 -3 -1 -2 -3 -2 -1  1  0  0 -2  3  0  2 -3 -2 -1    0  27   0   0   0   0   0   0   0   0  29   0   0   0  16   0  28   0   0   0  0.37 0.01
  195 S    0 -1  2 -1 -2 -1 -1 -1 -1 -3 -3 -1 -2 -3  4  3  1 -4 -3 -2    0   0  16   0   0   0   0   0   0   0   0   0   0   0  28  57   0   0   0   0  0.80 0.01
  196 T    0 -1  0 -1 -2 -1 -1 -2 -2 -1 -2 -1 -1 -2 -2  3  5 -4 -2 -1    0   0   0   0   0   0   0   0   0   0   0   0   0   0   0  27  73   0   0   0  0.67 0.02
  197 G    0 -2  0 -1 -2 -1 -1  4 -2 -3 -3 -1 -2 -3 -2  2  3 -4 -3 -2    0   0   0   0   0   0   0  40   0   0   0   0   0   0   0  30  30   0   0   0  0.58 0.01
  198 L   -2 -2 -3 -3 -2  2 -1 -4 -2  2  3 -2  1  0 -3 -2 -1 -3 -2  1    0   0   0   0   0  20   0   0   0  30  50   0   0   0   0   0   0   0   0   0  0.36 0.01
  199 D    2 -2  1  5 -3 -1  1 -1 -2 -3 -4 -1 -3 -4 -2  0 -1 -5 -3 -2   30   0   0  70   0   0   0   0   0   0   0   0   0   0   0   0   0   0   0   0  0.82 0.01
  200 Y    0 -2 -1 -2 -3 -1 -2 -2  0 -3 -2 -2 -2  1  4  2  0  0  5 -2    0   0   0   0   0   0   0   0   0   0   0   0   0   0  30  30   0   0  40   0  0.78 0.01
  201 S    0 -2 -1 -2  5 -2 -2 -2 -2 -1  1 -2  0 -1 -2  2  0 -3 -2 -1    0   0   0   0  30   0   0   0   0   0  30   0   0   0   0  40   0   0   0   0  0.37 0.01
  202 K   -2  4  0  3 -4  1  1 -2 -1 -4 -3  3 -2 -4 -2 -1 -1 -4 -3 -3    0  30   0  30   0   0   0   0   0   0   0  40   0   0   0   0   0   0   0   0  0.68 0.01
  203 E   -1  0  2  0 -3  3  2 -2  0 -1  0  0  3 -2 -2 -1 -1 -3 -2 -1    0   0  20   0   0  30  20   0   0   0   0   0  30   0   0   0   0   0   0   0  0.42 0.01
  204 R   -1  5 -1 -2 -4  1  0 -3  0 -3 -3  4 -2 -4 -2 -1 -1 -4 -3 -3    0  70   0   0   0   0   0   0   0   0   0  30   0   0   0   0   0   0   0   0  0.93 0.01
  205 R    2  5 -1 -2 -3  0 -1 -2 -1 -3 -3  1 -2 -3 -2  0 -1 -3 -2 -2   34  66   0   0   0   0   0   0   0   0   0   0   0   0   0   0   0   0   0   0  0.66 0.01
  206 R   -1  5  0 -2 -4  1  0 -2 -1 -3 -3  4 -2 -4 -2 -1 -1 -4 -3 -3    0  50   0   0   0   0   0   0   0   0   0  50   0   0   0   0   0   0   0   0  0.84 0.00
  207 E   -1 -1 -1  1 -5  2  6 -3  0 -4 -4  0 -2 -4 -2  0 -1 -4 -3 -3    0   0   0   0   0   0 100   0   0   0   0   0   0   0   0   0   0   0   0   0  1.08 0.00
  208 H   -2  0  0 -1 -4  1  0 -3  8 -4 -3 -1 -2 -2 -2 -1 -2 -3  2 -4    0   0   0   0   0   0   0   0 100   0   0   0   0   0   0   0   0   0   0   0  1.16 0.01
  209 V   -1 -3 -4 -4 -1 -3 -3 -4 -4  4  1 -3  1 -1 -3 -2 -1 -3 -2  4    0   0   0   0   0   0   0   0   0  50   0   0   0   0   0   0   0   0   0  50  0.50 0.00
  210 I   -2 -3 -4 -4 -2 -3 -4 -5 -4  4  1 -3  1  0 -3 -3 -1 -3 -2  3    0   0   0   0   0   0   0   0   0   0   0   0   0   0   0   0   0   0   0   0  0.00     0.00
  211 E   -1 -1 -1  1 -5  2  5 -3  0 -4 -4  0 -2 -4 -2  0 -1 -4 -3 -3    0   0   0   0   0   0   0   0   0   0   0   0   0   0   0   0   0   0   0   0  0.00     0.00
  212 R   -2  6 -1 -2 -4  1 -1 -3  0 -3 -3  2 -2 -3 -2 -1 -1 -3 -2 -3    0   0   0   0   0   0   0   0   0   0   0   0   0   0   0   0   0   0   0   0  0.00     0.00
  213 G    0 -3 -1 -2 -4 -2 -3  6 -3 -5 -4 -2 -3 -4 -3 -1 -2 -4 -4 -4    0   0   0   0   0   0   0   0   0   0   0   0   0   0   0   0   0   0   0   0  0.00     0.00
  214 N   -2 -1  6  1 -3  0 -1 -1  0 -4 -4  0 -3 -4 -3  0  0 -4 -3 -3    0   0   0   0   0   0   0   0   0   0   0   0   0   0   0   0   0   0   0   0  0.00     0.00
  215 C   -1 -4 -3 -4  8 -3 -5 -4 -4 -2 -2 -4 -2 -3 -4 -2 -1 -3 -3 -1    0   0   0   0   0   0   0   0   0   0   0   0   0   0   0   0   0   0   0   0  0.00     0.00
  216 V    0 -3 -3 -4 -1 -2 -3 -4 -3  3  1 -3  1 -1 -3 -2  0 -3 -2  4    0   0   0   0   0   0   0   0   0   0   0   0   0   0   0   0   0   0   0   0  0.00     0.00
  217 H   -2  0  0 -1 -4  1  0 -3  8 -4 -3 -1 -2 -2 -2 -1 -2 -3  2 -3    0   0   0   0   0   0   0   0   0   0   0   0   0   0   0   0   0   0   0   0  0.00     0.00
  218 S    1 -1  0 -1 -2  0  0 -1 -1 -3 -3 -1 -2 -3 -1  5  1 -4 -2 -2    0   0   0   0   0   0   0   0   0   0   0   0   0   0   0   0   0   0   0   0  0.00     0.00
  219 A    4 -2 -2 -2 -1 -1 -1  0 -2 -2 -2 -1 -1 -3 -1  1  0 -3 -2  0    0   0   0   0   0   0   0   0   0   0   0   0   0   0   0   0   0   0   0   0  0.00     0.00
  220 N   -2 -1  6  1 -3  0 -1 -1  0 -4 -4  0 -3 -4 -3  0  0 -4 -3 -3    0   0   0   0   0   0   0   0   0   0   0   0   0   0   0   0   0   0   0   0  0.00     0.00
  221 D   -2 -2  1  6 -4 -1  1 -2 -1 -4 -5 -1 -4 -4 -2 -1 -1 -5 -4 -4    0   0   0   0   0   0   0   0   0   0   0   0   0   0   0   0   0   0   0   0  0.00     0.00
  222 Y   -2 -2 -3 -4 -3 -2 -3 -4  2 -2 -2 -2 -2  3 -4 -2 -2  2  7 -2    0   0   0   0   0   0   0   0   0   0   0   0   0   0   0   0   0   0   0   0  0.00     0.00
  223 V    0 -3 -3 -4 -1 -2 -3 -4 -3  3  1 -3  1 -1 -3 -2  0 -3 -2  4    0   0   0   0   0   0   0   0   0   0   0   0   0   0   0   0   0   0   0   0  0.00     0.00
  224 D   -2 -2  1  6 -4 -1  1 -2 -1 -4 -5 -1 -4 -4 -2 -1 -1 -5 -4 -4    0   0   0   0   0   0   0   0   0   0   0   0   0   0   0   0   0   0   0   0  0.00     0.00
  225 T    0 -1  0 -1 -1 -1 -1 -2 -2 -1 -2 -1 -1 -2 -2  1  5 -3 -2  0    0   0   0   0   0   0   0   0   0   0   0   0   0   0   0   0   0   0   0   0  0.00     0.00
  226 A    4 -2 -2 -2 -1 -1 -1  0 -2 -2 -2 -1 -1 -3 -1  1  0 -3 -2  0    0   0   0   0   0   0   0   0   0   0   0   0   0   0   0   0   0   0   0   0  0.00     0.00
  227 V    0 -3 -3 -4 -1 -2 -3 -4 -3  3  1 -3  1 -1 -3 -2  0 -3 -2  4    0   0   0   0   0   0   0   0   0   0   0   0   0   0   0   0   0   0   0   0  0.00     0.00
  228 G    0 -3 -1 -2 -4 -2 -3  6 -3 -5 -4 -2 -3 -4 -3 -1 -2 -4 -4 -4    0   0   0   0   0   0   0   0   0   0   0   0   0   0   0   0   0   0   0   0  0.00     0.00
  229 Y   -2 -2 -3 -4 -3 -2 -3 -4  2 -2 -2 -2 -2  3 -4 -2 -2  2  7 -2    0   0   0   0   0   0   0   0   0   0   0   0   0   0   0   0   0   0   0   0  0.00     0.00
  230 S    1 -1  0 -1 -2  0  0 -1 -1 -3 -3 -1 -2 -3 -1  5  1 -4 -2 -2    0   0   0   0   0   0   0   0   0   0   0   0   0   0   0   0   0   0   0   0  0.00     0.00
  231 G    0 -3 -1 -2 -4 -2 -3  6 -3 -5 -4 -2 -3 -4 -3 -1 -2 -4 -4 -4    0   0   0   0   0   0   0   0   0   0   0   0   0   0   0   0   0   0   0   0  0.00     0.00
  232 K   -1  2  0 -1 -4  1  0 -2 -1 -3 -3  5 -2 -4 -1 -1 -1 -4 -2 -3    0   0   0   0   0   0   0   0   0   0   0   0   0   0   0   0   0   0   0   0  0.00     0.00
  233 K   -1  2  0 -1 -4  1  0 -2 -1 -3 -3  5 -2 -4 -1 -1 -1 -4 -2 -3    0   0   0   0   0   0   0   0   0   0   0   0   0   0   0   0   0   0   0   0  0.00     0.00
  234 E   -1 -1 -1  1 -5  2  5 -3  0 -4 -4  0 -2 -4 -2  0 -1 -4 -3 -3    0   0   0   0   0   0   0   0   0   0   0   0   0   0   0   0   0   0   0   0  0.00     0.00
  235 K   -1  2  0 -1 -4  1  0 -2 -1 -3 -3  5 -2 -4 -1 -1 -1 -4 -2 -3    0   0   0   0   0   0   0   0   0   0   0   0   0   0   0   0   0   0   0   0  0.00     0.00
  236 W   -3 -3 -4 -5 -3 -2 -4 -4 -3 -3 -2 -4 -2  0 -5 -4 -3 10  2 -3    0   0   0   0   0   0   0   0   0   0   0   0   0   0   0   0   0   0   0   0  0.00     0.00
  237 R   -2  6 -1 -2 -4  1 -1 -3  0 -3 -3  2 -2 -3 -2 -1 -1 -3 -2 -3    0   0   0   0   0   0   0   0   0   0   0   0   0   0   0   0   0   0   0   0  0.00     0.00
  238 L   -2 -3 -4 -5 -2 -3 -4 -4 -3  1  4 -3  2  0 -3 -3 -2 -2 -2  1    0   0   0   0   0   0   0   0   0   0   0   0   0   0   0   0   0   0   0   0  0.00     0.00
  239 E   -1 -1 -1  1 -5  2  5 -3  0 -4 -4  0 -2 -4 -2  0 -1 -4 -3 -3    0   0   0   0   0   0   0   0   0   0   0   0   0   0   0   0   0   0   0   0  0.00     0.00
  240 A    4 -2 -2 -2 -1 -1 -1  0 -2 -2 -2 -1 -1 -3 -1  1  0 -3 -2  0    0   0   0   0   0   0   0   0   0   0   0   0   0   0   0   0   0   0   0   0  0.00     0.00
  241 L   -2 -3 -4 -5 -2 -3 -4 -4 -3  1  4 -3  2  0 -3 -3 -2 -2 -2  1    0   0   0   0   0   0   0   0   0   0   0   0   0   0   0   0   0   0   0   0  0.00     0.00
  242 H   -2  0  0 -1 -4  1  0 -3  8 -4 -3 -1 -2 -2 -2 -1 -2 -3  2 -3    0   0   0   0   0   0   0   0   0   0   0   0   0   0   0   0   0   0   0   0  0.00     0.00
  243 F   -3 -3 -4 -4 -3 -3 -4 -4 -2  0  0 -4  0  6 -4 -3 -2  0  3 -1    0   0   0   0   0   0   0   0   0   0   0   0   0   0   0   0   0   0   0   0  0.00     0.00
  244 V    0 -3 -3 -4 -1 -2 -3 -4 -3  3  1 -3  1 -1 -3 -2  0 -3 -2  4    0   0   0   0   0   0   0   0   0   0   0   0   0   0   0   0   0   0   0   0  0.00     0.00
  245 T    0 -1  0 -1 -1 -1 -1 -2 -2 -1 -2 -1 -1 -2 -2  1  5 -3 -2  0    0   0   0   0   0   0   0   0   0   0   0   0   0   0   0   0   0   0   0   0  0.00     0.00
  246 V    0 -3 -3 -4 -1 -2 -3 -4 -3  3  1 -3  1 -1 -3 -2  0 -3 -2  4    0   0   0   0   0   0   0   0   0   0   0   0   0   0   0   0   0   0   0   0  0.00     0.00
  247 L   -2 -3 -4 -5 -2 -3 -4 -4 -3  1  4 -3  2  0 -3 -3 -2 -2 -2  1    0   0   0   0   0   0   0   0   0   0   0   0   0   0   0   0   0   0   0   0  0.00     0.00
  248 N   -2 -1  6  1 -3  0 -1 -1  0 -4 -4  0 -3 -4 -3  0  0 -4 -3 -3    0   0   0   0   0   0   0   0   0   0   0   0   0   0   0   0   0   0   0   0  0.00     0.00
  249 W   -3 -3 -4 -5 -3 -2 -4 -4 -3 -3 -2 -4 -2  0 -5 -4 -3 10  2 -3    0   0   0   0   0   0   0   0   0   0   0   0   0   0   0   0   0   0   0   0  0.00     0.00
  250 S    1 -1  0 -1 -2  0  0 -1 -1 -3 -3 -1 -2 -3 -1  5  1 -4 -2 -2    0   0   0   0   0   0   0   0   0   0   0   0   0   0   0   0   0   0   0   0  0.00     0.00
  251 P   -1 -2 -3 -2 -4 -2 -2 -3 -2 -3 -3 -1 -3 -4  8 -1 -2 -5 -4 -3    0   0   0   0   0   0   0   0   0   0   0   0   0   0   0   0   0   0   0   0  0.00     0.00
  252 G    0 -3 -1 -2 -4 -2 -3  6 -3 -5 -4 -2 -3 -4 -3 -1 -2 -4 -4 -4    0   0   0   0   0   0   0   0   0   0   0   0   0   0   0   0   0   0   0   0  0.00     0.00
  253 M   -1 -2 -3 -4 -2  0 -2 -3 -2  1  2 -2  6  0 -3 -2 -1 -2 -2  1    0   0   0   0   0   0   0   0   0   0   0   0   0   0   0   0   0   0   0   0  0.00     0.00
  254 D   -2 -2  1  6 -4 -1  1 -2 -1 -4 -5 -1 -4 -4 -2 -1 -1 -5 -4 -4    0   0   0   0   0   0   0   0   0   0   0   0   0   0   0   0   0   0   0   0  0.00     0.00

                      K         Lambda
Standard Ungapped    0.1701     0.3368
Standard Gapped      0.1100     0.3190
PSI Ungapped         0.1701     0.3368
PSI Gapped           0.1100     0.3190
