
Last position-specific scoring matrix computed, weighted observed percentages rounded down, information per position, and relative weight of gapless real matches to pseudocounts
           A  R  N  D  C  Q  E  G  H  I  L  K  M  F  P  S  T  W  Y  V   A   R   N   D   C   Q   E   G   H   I   L   K   M   F   P   S   T   W   Y   V
    1 M   -2 -2 -3 -4 -2 -1 -3 -4 -3  1  3 -2  5  0 -3 -2 -1 -2 -2  1    0   0   0   0   0   0   0   0   0   0  36   0  64   0   0   0   0   0   0   0  0.57 0.01
    2 F   -3 -4 -4 -4 -3 -4 -4 -4 -2 -1  0 -4  0  7 -4 -3 -2  0  3 -1    0   0   0   0   0   0   0   0   0   0   0   0   0 100   0   0   0   0   0   0  1.01 0.02
    3 L   -1  1 -2 -3 -3 -1 -2 -3 -2  0  1 -1  4 -1  5 -2 -1 -3 -2 -1    0  15   0   0   0   0   0   0   0   0  16   0  36   0  33   0   0   0   0   0  0.66 0.01
    4 V    3 -2 -3 -3 -2 -2 -2 -2 -2  0 -1 -2 -1  4 -2  0 -1 -2  1  1   48   0   0   0   0   0   0   0   0   0   0   0   0  36   0   0   0   0   0  16  0.32 0.01
    5 G   -1 -2  3 -1 -4 -2 -2  5 -2 -5 -4 -2 -3 -4 -3  0 -2 -4 -4 -4    0   0  27   0   0   0   0  73   0   0   0   0   0   0   0   0   0   0   0   0  1.02 0.02
    6 S    2 -2 -1 -2 -2 -1 -1 -1 -2 -3 -3 -1 -2 -3  5  3  0 -4 -3 -2   25   0   0   0   0   0   0   0   0   0   0   0   0   0  36  38   0   0   0   0  0.92 0.02
    7 S   -1 -2 -1  3 -3 -2 -1 -3 -2  1 -1 -2 -1 -3  5  0 -1 -4 -3  0    0   0   0  25   0   0   0   0   0  27   0   0   0   0  36  12   0   0   0   0  0.72 0.02
    8 S    1  3  0 -1 -2  0 -1 -1 -1 -3 -3  0 -2 -3 -2  4  1 -4 -2 -2    0  25   0   0   0   0   0   0   0   0   0   0   0   0   0  75   0   0   0   0  0.63 0.03
    9 H   -2 -1 -1 -3 -3  0 -1 -3  6  0  0 -1  5 -1 -3 -2 -1 -2  0 -1    0   0   0   0   0   0   0   0  48   0   0   0  52   0   0   0   0   0   0   0  0.62 0.04
   10 T    0  0  3  0 -3  0  0 -1 -1 -3 -3  2 -2 -3 -2  2  2 -4 -2 -2    0   0  25   0   0   0   0   0   0   0   0  27   0   0   0  25  23   0   0   0  0.47 0.01
   11 L   -2 -3 -4 -4 -2 -3 -4 -5 -1  2  3 -3  1  1 -4 -3 -2 -1  4  1    0   0   0   0   0   0   0   0   0  25  48   0   0   0   0   0   0   0  27   0  0.47 0.02
   12 H   -1  1  0 -2 -3  0 -1 -2  5 -1  1 -1  0 -1 -2  2 -1 -3  0 -2    0  11   0   0   0   0   0   0  37   0  25   0   0   0   0  27   0   0   0   0  0.36 0.02
   13 R   -2  6 -1 -3 -4  0 -1 -3 -1  1 -2  1 -1 -3 -3 -2 -2 -4 -3 -1    0  82   0   0   0   0   0   0   0  18   0   0   0   0   0   0   0   0   0   0  0.90 0.07
   14 L   -2 -3 -4 -5 -2 -3 -4 -5 -4  2  4 -3  2  0 -4 -3 -2 -3 -2  2    0   0   0   0   0   0   0   0   0  11  76   0   0   0   0   0   0   0   0  13  0.67 0.07
   15 R   -2  4 -2 -3 -3 -1 -2 -3 -2 -1  1  0 -1 -2  4 -1  1 -4 -3 -2    0  35   0   0   0   0   0   0   0   0  24   0   0   0  29   0  12   0   0   0  0.68 0.07
   16 I   -1 -2 -3 -3 -2  1 -2 -4 -3  3  2 -2  1 -1 -3  0 -1 -3 -2  2    0   0   0   0   0  11   0   0   0  35  33   0   0   0   0  10   0   0   0  10  0.35 0.07
   17 L    0 -3 -4 -4 -2 -3 -3 -4 -3  3  2 -3  2  1 -3 -2 -1 -3 -1  2    9   0   0   0   0   0   0   0   0  34  23   0   7   8   0   0   0   0   0  19  0.43 0.08
   18 P    0 -1 -2 -2 -3  2 -1 -3 -2  2  0  0 -1 -2  3  1 -1 -4 -3  0    7   0   0   0   0  16   0   0   0  21   9   6   0   0  19  16   0   0   0   6  0.36 0.09
   19 L   -3 -4 -5 -5 -3 -4 -5 -5 -4  3  4 -4  2  1 -4 -4 -2 -3 -2  1    0   0   0   0   0   0   0   0   0  17  68   0   4   4   0   0   0   0   0   6  0.88 0.21
   20 L   -2 -4 -4 -5  1 -3 -4 -2 -3  3  2 -4  3  3 -4 -3 -2  3  2  1    0   0   0   0   4   0   0   4   0  22  18   0  10  19   0   0   0   5   6  11  0.47 0.14
   21 L   -1 -3 -4 -4  2 -2 -1 -4 -3  2  3 -3  1 -1 -4 -1 -2 -2  2  1    6   0   0   0   6   0   6   0   0  10  47   0   3   0   0   4   0   0  10   8  0.41 0.15
   22 L    0 -3 -3 -3 -3  0  0 -4 -3  1  3 -2  2  1 -3 -1  0 -3  0  1    7   0   0   0   0   5   6   0   0   9  44   0   4   5   0   4   6   0   4   6  0.31 0.12
   23 L    0 -3 -3 -3 -3  0  0 -3 -2  0  1 -3 -1  4 -3  1 -2 -2  0  1   10   0   0   0   0   5   6   0   0   5  15   0   0  34   0  14   0   0   0  12  0.37 0.16
   24 Q    1  0 -2  0 -3  3  0 -3 -2  0  0  1  0  2 -3  1 -1 -3 -1  0   11   4   0   5   0  18   5   0   0   9   7  10   3  12   0  10   0   0   0   5  0.17 0.10
   25 T    2 -2 -2 -3 -2 -2 -2 -2 -3 -1  0  0 -1 -3  0  3  3 -4 -3  0   22   0   0   0   0   0   0   0   0   3   9   6   0   0   4  30  20   0   0   6  0.41 0.17
   26 L   -2 -3 -4 -4 -3  0 -3 -4 -4  0  3 -3  0  1 -4  0  0 -3 -2  3    0   0   0   0   0   5   0   0   0   0  48   0   0   5   0   8   4   0   0  30  0.55 0.20
   27 E    1 -2 -2 -1 -3  1  2  1  1  1  0 -1 -1  0  0  0  0 -3 -2 -1   11   0   0   0   0   9  21  12   3  12   8   0   0   5   4   7   4   0   0   2  0.16 0.09
   28 R    0  3  0  0 -3 -1 -1 -1 -1  0  0  1 -1  0 -2  1  1 -3  0  0    5  23   5   4   0   0   0   5   0   4  10   8   0   3   0  13   8   0   4   6  0.15 0.09
   29 G    1 -2  0 -2  1  1  0  3 -2 -2 -2 -1 -2 -1  0  1 -1 -4 -3 -1   16   0   4   0   3   7   6  26   0   0   3   3   0   4   4  15   2   0   0   7  0.28 0.13
   30 L    0 -1 -4 -4 -3 -1 -2 -4  0  1  3 -1  1  1 -4 -3 -2  0 -2  2    9   4   0   0   0   3   3   0   3   3  44   4   3   5   0   0   0   1   0  18  0.38 0.18
   31 G    1 -3 -2 -1  0 -2 -1  3 -2 -2 -1 -1  0  0 -1  1  0 -3  0 -1   15   0   0   3   2   0   4  31   0   0   5   3   3   5   3  14   6   0   4   3  0.30 0.14
   32 R    0  4 -1 -1 -4  2  1 -3 -2 -1 -1  2 -2 -1 -3 -1 -2 -4 -3 -1    7  33   2   3   0  11   8   0   0   3   6  16   0   2   0   3   0   0   0   5  0.51 0.22
   33 A    4 -3 -1 -2 -1 -2 -1 -1 -3 -1 -2 -2 -2 -4  1  1  2 -5 -4  0   45   0   2   2   1   0   4   3   0   3   3   0   0   0   7   9  13   0   0   8  0.49 0.26
   34 S    1  0  3 -1 -3  0  0 -1  0 -3 -1  1  0  1 -2  3  0 -4 -2 -2   11   4  17   2   0   2   6   3   2   0   5   8   2   7   1  25   5   0   0   1  0.28 0.18
   35 P    1 -3  0  0  0 -2  0  0  0 -1 -2  0 -3 -4  5  1 -2 -5 -2 -2   12   0   4   4   3   0   5   6   3   4   3   5   0   0  38   9   0   0   1   2  0.72 0.26
   36 A    3 -3  2 -1 -3 -1 -1  1 -3 -2 -1 -1 -2 -4  0  2  0  1 -3 -1   34   0  10   3   0   1   1  10   0   2   7   2   0   0   4  17   4   2   0   2  0.36 0.22
   37 G    0  0 -1  1 -4 -1  1  5 -3 -4 -1 -1 -3 -3 -2 -1  0 -5 -4 -2    5   6   1   7   0   1   9  48   0   0   7   2   0   1   1   4   6   0   0   2  0.61 0.26
   38 A    2 -1 -2  0 -3 -1  1  1 -2 -1  0  0 -1 -2 -1  2  0 -4 -3 -1   19   3   0   6   0   1   8  12   0   4  13   7   1   1   1  16   4   0   0   3  0.17 0.13
   39 P    0 -1 -2 -2 -5  0 -2 -2 -4 -2 -2  0 -2 -3  6 -1 -1  2 -4 -1    6   3   2   2   0   5   2   2   0   3   4   5   1   1  49   3   3   3   0   5  1.07 0.40
   40 L    0 -2 -3 -2 -2 -1  0 -3 -3  1  2  0  1 -1  2  0  0 -3 -1  1    6   1   0   1   1   2   7   1   0   7  29   8   2   2   9   7   4   0   2   9  0.18 0.14
   41 E    0 -1  0  2 -4  2  4 -2 -2 -4 -3  1 -1 -4  1  0  0 -5 -4 -3    7   1   4  15   0   8  30   2   0   0   2   8   2   0   7   7   4   0   0   0  0.52 0.25
   42 D   -2 -3 -1  5  1  0  3  1 -3 -4 -4  0 -4 -5 -1  0  0 -6 -5 -3    2   0   1  35   3   4  20  11   0   1   1   7   0   0   2   6   6   0   0   1  0.68 0.32
   43 V   -2 -2 -5 -5 -4 -3 -3 -5 -5  3  3 -2  0 -1 -5 -2 -1 -4 -3  4    1   2   0   0   0   1   1   1   0  14  35   2   1   2   0   2   3   0   0  34  0.74 0.35
   44 V   -1 -1 -2 -2 -4  2 -1 -1 -2  2 -1  2 -1 -2 -4 -1  0 -5 -4  3    3   1   1   2   0  11   4   5   0  12   3  13   1   1   0   4   6   0   0  33  0.35 0.25
   45 I   -4 -3 -6 -6 -4 -5 -3 -5 -6  6  0 -4  1  0 -6 -4 -2 -5 -4  4    0   2   0   0   0   0   1   1   0  54   6   1   3   3   0   1   2   0   0  26  1.25 0.50
   46 E   -3 -1 -3  1 -6  3  5  0  0 -3 -4  0 -4 -4 -2 -2  0 -5 -2 -3    1   2   0   7   0  13  47   8   2   1   2   5   0   1   1   1   6   0   1   1  0.85 0.42
   47 R   -2  2  0  1 -4  1  1 -3 -2  0 -2  1 -2 -4 -2 -1  2 -5 -2  2    1  14   4  10   0   5   9   1   1   6   1   9   0   0   1   1  16   0   1  18  0.32 0.23
   48 Y   -3 -1 -3 -2 -4 -1 -2 -2  0  1  2  0 -1  0 -2 -2  2 -3  4  0    0   2   0   2   0   2   2   2   3  10  27   7   0   2   2   0  17   0  15   6  0.35 0.25
   49 H   -1 -2 -2  0 -2  1  1 -2  5 -2 -3  0 -3  1 -2  0  0  3  3 -1    6   1   1   6   1   6   9   2  19   2   1   6   0   5   1   7   6   4  10   6  0.35 0.23
   50 I   -2  1 -3 -4 -1 -2 -1 -2 -2  3  1  2  2 -3 -2 -2 -1 -4 -3  2    2   7   0   0   1   0   4   3   1  25  12  15   7   0   1   2   2   0   0  16  0.35 0.22
   51 P   -2 -1 -4 -3 -6 -2  0  1 -5 -3 -4 -1 -5 -6  7 -2 -3 -7 -6 -2    3   3   0   1   0   2   6  13   0   1   2   3   0   0  60   2   1   0   0   3  1.60 0.59
   52 R    0  1 -1  1 -5  1  3 -1 -3 -3 -4  3 -2 -1  0  0 -1 -5 -4 -1    6   6   1   8   0   4  25   4   0   1   0  21   1   3   4   4   4   0   0   5  0.43 0.26
   53 A    0  0  1  1 -4 -1  1  2  0 -2 -3  0 -2 -3  0  0  0 -5 -3 -1   10   5   7  10   0   2  12  20   2   3   2   5   1   1   5   5   6   0   0   4  0.24 0.14
   54 C    0 -4 -2 -1  9 -4 -4 -2 -3 -4 -4 -2 -5 -4 -1 -1  0 -6 -6 -4    7   1   2   3  61   1   1   4   1   1   1   3   0   1   3   5   5   0   0   1  1.93 0.68
   55 P    0 -2  0  0  0 -2  1  2  1 -3 -3  0 -3 -4  4  1  0 -5 -2 -2    9   1   3   5   2   1   8  19   3   2   2   6   0   0  19   9   7   0   1   2  0.40 0.21
   56 R   -1  4 -2 -1 -4  1  0 -2  0  0 -1  3  0 -2  0 -2 -2 -4 -3 -1    6  32   1   3   0   5   4   2   2   6   6  16   3   2   4   2   2   0   1   5  0.45 0.26
   57 E    0  0 -2 -2 -5  2  3 -4 -1 -2 -3  4 -2 -1 -1 -1  1 -5 -3 -2    7   4   1   1   0   7  23   0   1   2   2  29   1   3   2   2   9   0   1   3  0.54 0.31
   58 V    3 -4 -4 -4 -3 -3 -3 -3 -4  1 -1 -3 -2 -4 -1  2  1 -5 -4  3   33   0   0   0   0   0   0   0   0   7   5   1   0   0   2  16  10   0   0  23  0.64 0.37
   59 Q    0  1 -2 -1 -2  3  2 -1 -1 -2 -4  4 -1 -4 -3 -1  0 -5 -4 -2    7   8   1   2   1  18  16   4   1   2   1  25   1   1   1   3   5   0   0   3  0.56 0.33
   60 M    1  1  1  0 -4  0 -1 -2  0 -1 -1  2 -1 -2  1  1  0 -1 -2  0   10   6   7   4   0   3   3   2   3   4   5  18   2   1   8  13   5   1   1   6  0.18 0.14
   61 G   -3 -3  0 -2 -7 -4 -4  6 -3 -7 -5 -2 -1 -7 -6 -1 -3 -7 -5 -7    1   1   4   2   0   0   1  79   1   0   1   2   2   0   0   5   1   0   0   0  1.88 0.71
   62 D   -2 -2 -1  7 -3  2 -1 -3 -3 -7 -6  1 -4 -5 -6 -1 -4 -8 -5 -5    4   2   2  64   1   9   2   1   0   0   1   7   1   0   0   5   1   0   0   0  1.60 0.66
   63 F   -2  0 -1 -2 -4  0  0 -4 -1  0  0  1  2  2 -4 -1  3 -1  0  0    2   5   3   2   0   4   6   0   1   4   9  10   5  11   0   4  24   1   3   5  0.28 0.23
   64 V   -1 -6 -7 -7 -1 -6 -6 -7 -6  3  2 -6  0 -2 -6 -5 -4 -6 -3  5    4   0   0   0   2   0   0   0   0  16  19   0   2   1   0   0   0   0   1  56  1.36 0.56
   65 R    0  2 -1 -2 -3 -1  1 -2  1 -2 -2  1 -2 -3 -4  2  3 -3 -2  0    5  13   2   1   0   2  10   2   4   1   2   8   0   1   0  18  20   0   1   9  0.37 0.28
   66 Y   -1 -5 -6 -6  0  0 -5 -6 -5  2  0 -5  3  1 -6 -5 -2  0  3  5    4   0   0   0   2   5   0   0   0   8   5   0   7   5   0   0   1   1  10  51  1.01 0.49
   67 H   -3  0  0  0 -3  0 -2 -3  9 -5 -4  0 -4 -2 -6 -3 -1 -1  1 -5    2   4   4   5   1   3   2   2  58   1   2   5   0   2   0   2   3   1   4   1  1.83 0.73
   68 Y   -2 -7 -7 -8 -7 -6 -7 -8 -3 -6 -6 -7 -6  1 -8 -6 -1 -3  9 -6    3   0   0   0   0   0   0   0   0   0   0   0   0   4   0   0   4   0  90   0  3.28 1.10
   69 N   -2  1  3 -2  0 -2  0 -5 -1  0 -3  1 -2 -3 -4  0  4 -6 -3  2    1   6  13   2   2   1   6   0   1   6   1   9   1   1   0   6  32   0   1  14  0.54 0.37
   70 G    0 -5 -4 -5  1 -5 -5  6 -1 -6 -1 -2 -2 -6 -6 -2 -3 -7 -6 -3    8   0   0   0   4   0   0  73   1   0   6   2   1   0   0   2   1   0   0   2  1.62 0.66
   71 T   -2  1 -2 -4 -2 -1 -3 -4 -1 -2 -2  3  0  1 -5  1  4  5  0 -1    3   8   1   0   1   1   1   1   2   1   3  17   3   6   0   8  26  11   3   5  0.58 0.38
   72 F   -4 -3 -5 -1 -5 -5 -5 -7 -1  0  5 -5  1  3 -6 -4 -1  2  0  0    0   1   0   4   0   0   0   0   2   4  59   0   3  12   0   1   4   2   3   6  1.00 0.50
   73 E   -1  0 -2 -1 -4  2  3 -2  0 -1  0  1  0 -2 -1  0  0  2  0 -1    4   3   1   3   0   8  25   2   2   3  10  10   2   1   3   8   5   3   4   5  0.23 0.20
   74 D   -2 -2  3  5 -6  0  1 -1 -1 -3 -4 -2 -5 -3 -4  1  0 -6 -5 -5    3   1  17  44   0   4   9   3   1   2   1   1   0   1   0   9   5   0   0   0  0.97 0.48
   75 G   -2 -2  3 -2 -1 -4 -1  6 -4 -6 -6 -2 -5 -6 -2  0 -4 -6 -6 -3    2   2  15   2   1   0   4  61   0   0   0   2   0   0   2   6   0   0   0   2  1.36 0.58
   76 K   -1  1  0 -2 -4  1  0  0 -1 -2 -2  3 -1 -2 -3  0  3 -4 -2 -1    3   8   5   2   0   7   6   8   1   2   3  23   1   1   0   5  19   0   2   3  0.34 0.25
   77 K   -1  0  0 -2 -4  0  0 -2 -1 -1 -1  4  0 -1 -2  1 -1 -4 -1  1    3   2   4   2   0   4   6   3   2   3   7  31   2   2   2  11   3   0   2  11  0.30 0.24
   78 F   -1 -4 -4 -4  1 -4 -4 -4 -3  1  1 -4  3  6 -4 -1  1 -2  1  0    4   0   0   0   4   0   0   0   0   7   9   0   9  41   0   4   9   0   3   7  0.74 0.36
   79 D   -2 -1  0  5 -1  0  0  0  0 -2 -1  0 -3  1 -3 -1 -2  1  1 -2    2   3   3  43   2   4   3   6   2   3   6   4   0   6   0   3   0   2   5   3  0.52 0.29
   80 S    0 -1  1  1  3  1  1  0 -1 -3 -3  1 -3 -2  1  1  1 -3  1 -3    8   0   8   8   8   8   8   8   0   0   0   8   0   0   8   8   8   0   8   0  0.25 0.15
   81 S   -1 -1  2 -4  1 -3 -4  0  1 -1 -2 -1  1 -5 -1  4  1 -6 -5 -1    4   4  12   0   4   0   0   6   4   4   4   4   4   0   4  36   8   0   0   4  0.51 0.40
   82 Y    0  0 -2  0  2  1  0 -1  2  0 -1  0  1  1 -3  0  0  3  1  0    6   6   0   6   5   5   6   6   5   6   6   6   5   5   0   6   6   5   5   6  0.07 0.11
   83 D   -2 -1  1  4 -5  0  0  1  1 -2 -3  1 -1 -2 -1  0 -1 -5 -2 -3    3   2   7  31   0   4   6  10   4   3   3   7   2   2   3   7   4   0   2   2  0.43 0.31
   84 R   -2  5  0 -1  0  0 -1  0  2 -5 -3  1 -1 -1 -1 -1 -2  1 -1 -4    2  41   4   3   2   4   3   7   5   0   2   9   2   2   3   4   2   2   2   0  0.68 0.44
   85 S   -1  0  2  1 -4  0  0  3  0 -4 -4  1 -1 -4  0  0 -1 -5 -1 -2    4   5  10   7   0   3   5  30   2   0   0   8   2   0   6   7   3   0   2   2  0.41 0.28
   86 T    0  0  0  0 -3  2  1  0  0 -2 -2  1  0 -2  2  0  1 -4 -3 -1    9   5   5   4   0   9   8   6   2   2   3  10   2   2  11   7   9   0   0   5  0.19 0.16
   87 L    0 -3 -4 -4 -4 -2 -2 -1 -3 -3 -1 -2 -1  1  6 -1  1 -5 -1 -3    6   1   0   1   0   2   2   4   1   1   8   2   1   6  50   5   8   0   2   1  1.16 0.49
   88 V   -1 -3 -3 -2 -3 -1 -3 -4 -2  1  1 -2  1  5 -3 -2 -1 -2  2  1    6   1   1   2   0   3   2   1   1   7  15   2   3  36   1   2   4   0   5   9  0.60 0.28
   89 A    0  0  1  1 -4  2  2 -2 -2 -1 -3  2 -2 -3  2  1  1  0 -4 -1    6   5   5   6   0   9  12   1   0   3   1  11   0   1   9  13  11   1   0   4  0.28 0.19
   90 I   -3 -6 -4 -4 -2 -6 -6 -4 -5  1  0 -6 -1  7 -4 -4 -1 -4  0  1    2   0   1   1   1   0   0   1   0   9   8   0   1  57   1   1   4   0   2  11  1.41 0.57
   91 V   -1  2 -1 -2 -4  2  0 -3 -2  0 -2  1  0 -2  1 -1  2 -1  0  1    3  13   2   1   0   9   4   1   0   5   2  11   2   1   7   3  17   1   4  13  0.24 0.20
   92 V   -2 -4 -5 -5 -4 -1 -4 -5 -2  2  4 -4  1  1 -3 -4 -2 -1 -2  3    2   0   0   0   0   2   0   0   1  12  45   0   3   7   1   0   1   1   1  21  0.76 0.34
   93 G   -2 -3 -1 -3 -6 -1 -2  6 -5 -7 -7 -3 -6 -7 -1 -2 -2 -7 -7 -6    1   1   3   1   0   3   3  78   0   0   0   1   0   0   4   2   2   0   0   0  1.78 0.64
   94 V    1  0 -1 -1 -2  1  0 -2 -1  0  0  1  0 -2 -2  0  1  1 -2  2   15   5   3   3   1   5   5   1   1   3   8  11   2   1   1   5   7   2   1  19  0.13 0.13
   95 G   -1 -2  0 -1 -3  0 -3  6 -1 -6 -4 -2 -5 -3 -3 -1 -3 -6 -5 -5    4   2   4   3   1   4   1  66   1   0   2   3   0   1   1   4   1   0   0   0  1.28 0.48
   96 R   -1  2  0 -1 -3  5  2  0  0 -3 -2  2  2 -5 -4 -1 -2  0 -2 -3    4  13   4   2   1  28  12   8   2   1   3  10   5   0   0   2   1   1   1   1  0.57 0.32
   97 L   -1 -3 -5 -6  0 -4 -5 -3 -5  1  1 -5  0 -1 -5 -3 -2 -5 -4  6    3   1   0   0   2   0   0   2   0   6  12   0   2   2   0   1   1   0   0  64  1.16 0.47
   98 I   -3 -5 -3 -6 -4 -5 -6 -6 -6  7  0 -4  2 -2 -3 -5 -1 -5 -4  0    1   0   1   0   0   0   0   0   0  74   5   1   4   1   2   0   4   0   0   4  1.66 0.60
   99 T   -1  1 -2 -1 -1  1  0 -3 -2 -2 -3  4 -2 -5  3 -1  0 -5 -4 -3    5   8   1   2   2   5   6   1   1   3   2  34   1   0  18   3   7   0   0   1  0.64 0.32
  100 G   -1 -5 -1 -5  0 -5 -5  7 -5 -7 -6 -5 -6 -6 -5 -2 -5 -6 -6 -6    5   0   3   0   3   0   0  85   0   0   0   0   0   0   0   3   0   0   0   0  2.12 0.68
  101 M   -6 -6 -7 -2 -6 -6 -7 -7 -6 -2  0 -7  3  3 -7 -6 -6 11  0 -2    0   0   0   3   0   0   0   0   0   2   9   0   6  12   0   0   0  61   2   2  2.85 0.81
  102 D   -3 -2 -1  6 -7 -1  3 -1 -1 -3 -4 -1 -5 -6 -5 -2  0 -7 -6 -3    1   1   2  55   0   2  19   4   1   2   2   2   0   0   0   2   5   0   0   2  1.26 0.49
  103 R   -1  0 -2  0 -2  2  4 -4 -1  0  0  1  0 -2 -4 -1 -2 -5 -2  0    3   5   1   5   1  11  32   0   1   7  11   7   2   2   0   3   2   0   1   7  0.42 0.25
  104 G    2 -5 -4 -5  0 -5 -3  6 -5 -5 -3 -5 -1 -6 -5 -1 -2 -6 -6 -1   15   0   0   0   2   0   2  66   0   0   2   0   2   0   0   4   2   0   0   5  1.41 0.52
  105 L   -2 -5 -6 -6  0 -5 -5 -3 -5  3  3 -5  3  0 -5 -4 -2 -5 -4  3    3   0   0   0   2   0   0   2   0  21  35   0   8   3   0   0   2   0   0  24  0.88 0.36
  106 M    1  0 -1 -2 -2  2 -1 -2  0  0  1  0  2 -2  2 -1  0 -4 -2  0   16   6   2   1   1  11   3   1   2   5  15   5   6   1   9   4   5   0   1   5  0.16 0.13
  107 G   -2 -1 -1  0 -5  1 -2  4 -1 -3  0  0  0 -4 -4 -1  1 -5 -3 -4    2   2   3   6   0   7   2  44   1   1  12   5   2   0   0   4   9   0   1   0  0.60 0.30
  108 M   -3 -6 -6 -7 -2 -1 -6 -5 -6 -1  1 -3  9 -4 -7 -4 -2 -6 -6 -2    2   0   0   0   1   2   0   1   0   2   8   1  78   0   0   1   2   0   0   2  2.58 0.90
  109 C   -1  2 -2 -3  7  0 -2 -2 -1 -4 -3  3 -3 -4  0  1  0 -1 -3 -3    3   9   2   0  30   3   1   2   2   0   1  25   0   0   4  10   5   1   0   1  0.88 0.41
  110 V   -2  0 -4 -2 -4 -1  1 -5 -4  1  0  2  0 -3  0 -2 -1 -1 -4  4    2   4   0   2   0   2  10   0   0   8   9  16   2   1   4   1   2   1   0  38  0.47 0.30
  111 N   -3 -5  0 -2 -7 -5 -2  6 -2 -7 -6 -2 -6 -7 -6 -2 -3 -1 -7 -7    1   0   5   1   0   0   2  82   1   0   1   2   0   0   0   2   2   1   0   0  1.96 0.67
  112 E   -1 -4 -3  1 -6  1  5  3 -3 -6 -6 -2 -2 -6 -4  1 -2 -6 -6 -5    3   0   0   5   0   6  50  20   0   0   0   1   1   0   0  12   1   0   0   0  1.12 0.51
  113 R   -3  4 -1 -2 -6  0 -1 -4  0 -1 -2  5 -2 -5 -4 -2  0 -6 -5 -2    1  22   2   2   0   4   4   1   2   4   3  47   1   0   0   1   5   0   0   3  0.98 0.45
  114 R    2  6 -4 -5  2 -3 -4 -2  0 -2 -3 -1 -2 -2 -5 -1 -3  2  0 -1   19  48   0   0   5   0   0   2   2   2   1   2   1   2   0   3   1   3   4   5  0.95 0.48
  115 R   -3  4 -2 -3 -5  0  0 -4  0  0  0  3  0 -3 -4 -2  1 -5 -3  0    1  26   1   0   0   3   6   1   2   5   8  24   2   1   0   2  11   0   1   6  0.54 0.32
  116 L   -3 -5 -6 -7 -5 -5 -6 -7 -3  3  5 -5  0  3 -6 -5 -4 -5 -3  1    2   0   0   0   0   0   0   0   1  16  61   0   1  11   0   0   0   0   0   7  1.26 0.50
  117 I   -2 -1 -2 -3 -3 -2 -2 -4  0  2 -1 -1 -1  1 -4 -1  4  0  2  2    2   3   1   1   0   1   2   1   2  16   3   4   1   6   0   2  28   1   8  15  0.43 0.29
  118 V   -3 -6 -6 -7  5 -6 -6 -5 -6  6  0 -6  0 -2 -6 -5 -3 -6 -5  3    1   0   0   0  12   0   0   1   0  59   7   0   1   1   0   0   1   0   0  17  1.56 0.58
  119 P   -2 -2 -4 -4 -7 -2 -4 -5 -2 -7 -7 -1 -4 -7  8 -1 -1 -8 -5 -6    3   2   1   1   0   1   0   0   1   0   0   4   0   0  79   4   4   0   0   0  2.46 0.86
  120 P    1 -4 -5 -5 -6 -3 -4 -3 -1 -6 -6 -3 -6 -4  6  3 -4 -1  0 -6   11   1   0   0   0   1   1   2   1   0   0   1   0   1  54  23   0   1   4   0  1.70 0.68
  121 H    0  0  1  3 -5  1  3 -3  4 -4 -5  0 -4 -2 -2  1 -1 -2 -2 -4    8   4   6  16   0   6  22   1  12   0   0   4   0   1   2  13   2   0   1   1  0.56 0.31
  122 L   -4 -4 -6 -4 -5 -3 -3 -7 -3 -1  5 -2  3  0 -6 -4 -2  0  4 -2    1   1   0   1   0   1   2   0   1   1  61   2   7   2   0   1   2   1  14   2  1.11 0.50
  123 G    5 -5 -4 -5 -5 -5 -5  5  0 -6 -6 -4 -5 -6 -2 -1 -3 -6 -3 -5   52   0   0   0   0   0   0  40   2   0   0   0   0   0   1   2   1   0   1   0  1.49 0.62
  124 Y   -6 -3 -6 -7 -2 -6 -7 -4  0 -2 -5 -6 -5  1 -7 -1 -6 -2  9 -6    0   2   0   0   1   0   0   1   1   2   0   0   0   3   0   4   0   0  85   0  2.88 0.91
  125 G   -2 -4 -4 -3 -7 -4 -4  7 -6 -8 -8 -2 -7 -7 -2 -4 -5  1 -7 -7    2   0   0   1   0   1   1  88   0   0   0   3   0   0   2   0   0   2   0   0  2.23 0.73
  126 S    2  0  0  2 -4  0  3 -2 -2 -4 -4  1 -1 -5  1  2 -1 -5 -4 -3   17   3   3  10   0   4  22   2   0   0   1   8   2   0   5  20   3   0   0   1  0.48 0.28
  127 I    1  3  1 -1 -4  2  1 -1  0 -2 -3  2  1 -2 -3  0  0 -4 -2 -2   11  22   7   2   0  11   7   3   2   2   1  13   4   1   1   6   6   0   1   1  0.37 0.22
  128 G    0 -2 -2 -1 -6 -3 -4  6 -5 -7 -7 -2 -6 -7 -5 -1 -4 -3 -7 -6    6   2   1   4   0   1   1  78   0   0   0   2   0   0   0   4   1   0   0   0  1.79 0.63
  129 V    2 -1 -2 -2 -1 -1 -2 -2  1  0 -1 -2  1  0 -2  2 -1 -3  1  2   22   4   1   1   1   3   1   2   5   6   4   1   5   4   2  15   3   0   6  15  0.20 0.17
  130 A    0 -1 -2 -2 -5 -2 -1  3 -3 -4 -3 -2 -2 -4  5  0 -2  0 -4 -3    8   3   1   2   0   1   3  29   0   1   2   2   1   1  34   7   2   2   0   1  0.91 0.39
  131 G   -1 -3  1  1 -2 -3 -2  5 -2 -6 -3 -1 -4 -5  4 -1 -3 -6 -6 -5    3   1   6   7   1   1   2  45   1   0   2   3   0   0  21   4   1   0   0   1  0.98 0.43
  132 L   -1  0 -1  0 -2  0 -1 -2 -1  1  0  1  0 -1  1  0  1 -2 -2  2    4   4   3   5   0   3   2   3   1   6  11  10   2   2   8   7   8   0   1  20  0.11 0.10
  133 I   -5 -7 -7 -3 -3 -7 -7 -6 -7  7 -2 -7 -2 -4 -4 -5 -4 -7 -3  1    0   0   0   2   0   0   0   1   0  86   2   0   0   0   1   0   0   0   1   6  2.31 0.82
  134 P   -3 -4 -5 -6 -8 -4 -4 -2 -2 -7 -6 -2 -7 -8  8 -5 -2 -9 -8 -5    2   1   0   0   0   0   1   3   1   0   1   2   0   0  85   0   3   0   0   1  2.83 0.97
  135 P    1 -4 -2 -4 -3 -3 -3  1 -6 -2 -6 -3 -6 -7  7 -1 -4 -8 -7 -3   11   1   1   1   1   1   1  11   0   2   0   1   0   0  63   3   1   0   0   1  1.83 0.70
  136 D   -3 -2  6  3 -6  0 -2  1  0 -6 -5 -1 -4 -2 -5 -1 -4 -7 -2 -4    1   2  48  18   0   4   1  10   2   0   0   4   0   2   0   5   0   0   2   1  1.19 0.54
  137 A    0  0 -1  0  2  1  0  0 -2  0  0  0  1  0 -2  0  0 -3 -2  0    7   7   0   7   6   7   7   7   0   7   7   7   6   6   0   7   7   0   0   7  0.05 0.09
  138 T   -1  0  0  0  2  0  0 -1  2  0 -1  0  2  1  0 -1  0  3  1 -1    5   5   5   5   5   5   5   5   5   5   5   5   5   5   5   5   5   5   5   5  0.10 0.08
  139 L    0 -2  1 -2 -3 -2 -2  1  3  1  1 -2  2  2 -3 -1 -1 -3 -1  1   11   0  11   0   0   0   0  11  11  11  11   0  11  11   0   0   0   0   0  11  0.17 0.11
  140 Y   -1 -1 -1 -1  0  0 -1  0  0  1  0 -1  0  2 -4  0 -1 -3  0  2    3   3   3   3   3   4   3   8   3   7   9   3   3  10   0   8   3   0   3  19  0.07 0.11
  141 F    0 -5 -5 -5  1 -4 -1 -5 -3  0  0 -4 -2  6  1 -4 -3 -2  2  0    8   0   0   0   4   0   5   0   0   5   5   0   0  52   8   0   0   0   6   8  0.97 0.41
  142 D   -2  0  1  5  0 -1  3 -4  1 -2 -3  0  0 -2 -4 -1 -1 -5  1 -2    3   5   7  32   2   2  19   0   3   2   2   5   2   2   0   4   4   0   5   2  0.62 0.32
  143 V    0 -3 -2 -3  3 -2 -3 -3  2  1  1 -2  2  1 -3  1  1 -3 -1  1   10   0   0   0  10   0   0   0  10  10  10   0  10  10   0  10  10   0   0  10  0.22 0.13
  144 V   -1 -1  0  0  0  0  4 -4  1 -1  0  0 -2 -1 -3  0  0  2  0 -1    3   3   3   3   3   4  32   0   4   3  11   5   0   3   0   8   4   3   3   5  0.32 0.23
  145 L   -1 -4 -1 -4  0 -3 -4 -2  0  1  4 -4  2  1  0 -3 -3  2  1  1    5   0   3   0   3   0   0   3   3   7  46   0   5   4   4   0   0   3   6   8  0.46 0.27
  146 L    0  0  0 -2  2  1  0  0 -2  0  0  0  1  1  1 -1  0 -2  1  0    6   6   6   0   6   6   6   6   0   6   6   6   6   6   6   0   6   0   6   6  0.05 0.10
  147 D    0  1  1  2 -3  1  2  0  1 -3 -2  2 -2 -3 -2  0  0 -4 -3 -1    8   6   7  15   0   5  11   7   4   0   4  13   0   0   0   8   4   0   0   4  0.25 0.16
  148 V    0  0 -3 -4  1 -1 -3 -1 -3  3  0  0  1  0 -3 -1 -1  2 -1  3    5   4   0   0   3   3   0   6   0  20   8   5   3   4   0   3   3   3   2  26  0.23 0.19
  149 W    0  0  0  0 -3  1  0 -1  2  0 -1  0 -2  0  1  0  0  3  1  0    6   6   5   6   0   5   6   6   5   6   6   6   0   5   6   6   6   5   5   6  0.07 0.08
  150 N    0  0  1  0 -3  1  0  0  2  0 -1  0 -1  0  1  0  0 -3  1  0    6   6   6   6   0   6   6   6   6   6   6   6   0   6   6   6   6   0   6   6  0.06 0.06
  151 K    0  0  0  0 -3  1  0 -1  2  0 -1  0  1 -2  1  0  0  3  1  0    6   6   5   6   0   5   6   6   5   6   6   6   5   0   6   6   6   5   5   6  0.08 0.10
  152 A    0  0  0  0 -3  1  0 -1  1  0 -1  0  1  0  0  0  0  3  1  0    5   5   5   5   0   5   5   5   5   5   5   5   5   5   5   5   5   5   5   5  0.07 0.08
  153 D    0  1  1  1 -3  1  1  0 -1  0 -1  1 -1 -3  1  0  1 -3 -3 -1    8   8   7   8   0   7   8   8   0   8   8   8   0   0   8   8   8   0   0   0  0.15 0.09
  154 T    0  0  0  0  1  0  0 -1  1  0 -1  0  1  0  0  0  0 -3  1  0    5   5   5   5   5   5   5   5   5   5   5   5   5   5   5   5   5   0   5   5  0.03 0.05
  155 V    0  0  0  0  2  1  0  0  1  0 -1  0  1  0  1  0  0 -3 -2  0    6   6   5   6   5   5   6   6   5   6   6   6   5   5   6   6   6   0   0   6  0.04 0.07
  156 Q   -1  0 -2  1 -4  3  2 -1  1 -1 -2  2 -2 -1  0  0 -1 -4  0 -1    4   5   0   9   0  15  12   5   3   5   4  12   0   3   5   6   4   0   3   5  0.22 0.21
  157 S   -1  0  1  1 -3  0  0  0  0  1  0  0  0 -2 -1  1  0 -3  1  0    4   5   6  10   0   3   4   6   2  11   7   6   3   0   3  11   5   0   8   7  0.06 0.09
  158 T    0  0  0  0  2  1  0 -1  1  0 -1  0  1 -2  1  0  0 -3  1  0    6   6   5   6   5   5   6   6   5   6   6   6   5   0   6   6   6   0   5   6  0.05 0.08
  159 I    0  0  0  0  2  1  0  0  1  0 -1  0  1  0  1  0  0 -3 -2  0    6   6   5   6   5   5   6   6   5   6   6   6   5   5   6   6   6   0   0   6  0.04 0.07
  160 L    0 -2  0  0 -3  1  0  0  2  0  0  0  1  1  1  0  0 -3  1  0    6   0   6   6   0   6   6   6   6   6   6   6   6   6   6   6   6   0   6   6  0.06 0.08
  161 L   -1 -1  0 -1 -3  0  0 -2  1  1  1  0  1  0  0  0  1  3  1  0    3   3   4   3   0   4   8   3   4   8  13   4   3   3   4   5   8   5   6   8  0.07 0.10
  162 R    0  0  0  0 -3  1  0 -1  1  0 -1  0  1  0  0  0  0  3  1  0    5   5   5   5   0   5   5   5   5   5   5   5   5   5   5   5   5   5   5   5  0.07 0.08
  163 P    0  0 -1  0 -4  0  0 -1 -3 -1 -2  1 -3 -4  5 -1 -1  2  0 -1    5   4   3   5   0   4   7   4   0   5   4   8   0   0  30   4   4   4   4   5  0.50 0.30
  164 P    0  0 -2  0  2  1  0  0 -2  0  0  0  1  0  1  0  0 -3 -2  0    6   6   0   6   6   6   6   6   0   6   6   6   6   6   6   6   6   0   0   6  0.06 0.09
  165 Y   -1  0  1  1 -4  0  1  0  1  0 -1  0 -1 -1 -1  0  0  0  1 -1    5   4   8  10   0   3   9   7   5   8   7   6   2   2   3   4   6   2   6   3  0.07 0.08
  166 C   -1 -1  0 -1  7 -1 -1  1 -5  0 -1  0  1 -5 -5 -1 -1  2 -5 -1    4   3   5   3  32   3   3  10   0   5   5   7   3   0   0   4   4   3   0   4  0.72 0.44
  167 P    0  0  0  0  2  1  0 -1  2 -2 -1  0 -2  0  1  0  0  3  1 -1    6   6   5   6   5   5   6   6   5   0   6   6   0   5   6   6   6   5   5   6  0.09 0.11
  168 R    0  0  0  0  1  0  0 -1  1  0 -1  0  1  0  0  0  0 -3  1  0    5   5   5   5   5   5   5   5   5   5   5   5   5   5   5   5   5   0   5   5  0.03 0.05
  169 M    0  0 -1 -2 -4  1  0  0  0  0 -1  3  1 -1  1  0  1 -4 -2  0    6   4   2   1   0   5   6   6   2   7   5  21   4   3   6   5  10   0   1   7  0.16 0.18
  170 V    2 -2 -3 -2 -1 -3 -1  0 -4  0 -2 -2 -3 -2  2  1  1  0 -1  2   20   2   0   2   1   0   3   7   0   5   3   2   0   1  13  13   9   1   3  15  0.31 0.29
  171 Q   -1  1 -1 -1 -6  4  2 -1  0 -2 -3  3 -1 -5 -1 -1 -1 -5 -1 -1    4   7   2   3   0  19  15   4   2   3   2  21   2   0   2   3   3   0   3   5  0.46 0.37
  172 N    0  0  3  2  0  0  0  0 -3 -2 -3  2 -1 -1  0  0  0  0  0 -1    6   5  15  10   2   3   6   6   0   2   2  13   1   2   5   7   4   1   4   4  0.21 0.20
  173 S   -1 -1  0 -1 -5 -1 -2  4  0 -4 -2 -1 -4 -1 -1  1  0  1 -1 -2    5   2   4   3   0   2   3  39   3   0   4   3   0   3   3  12   7   2   2   3  0.50 0.35
  174 D   -1 -1  1  5 -6  0  0 -2  1 -5 -2  0  1 -1 -1  0 -4 -6  0 -5    4   3   5  37   0   4   5   4   3   0   5   7   3   3   3   7   0   0   3   0  0.65 0.43
  175 F    0  0  0  0 -3  1  0 -1  1  0 -1  0  1  0  0  0  0  3  1  0    5   5   5   5   0   5   5   5   5   5   5   5   5   5   5   5   5   5   5   5  0.07 0.08
  176 V   -2 -6 -2 -6 -2 -5 -2 -6 -6  2  1 -5  0 -4 -6 -1 -3 -6 -1  5    3   0   3   0   1   0   3   0   0  12  14   0   2   0   0   5   0   0   2  56  1.12 0.56
  177 R    0  1  0 -1 -4  0  2 -2  2 -2 -1  1 -3 -2 -3  2  2 -5 -1 -1    6   8   5   1   0   3  14   2   5   1   7   9   0   1   0  15  15   0   2   5  0.26 0.23
  178 Y    0 -2 -5 -6  0 -1 -5 -2 -5  1 -1 -5  2 -1 -2 -4  0  1  2  5    7   2   0   0   2   3   0   3   0   8   4   0   7   2   2   0   6   2   7  46  0.74 0.45
  179 H   -2  0  1 -1 -7 -1 -2 -5  8 -2 -1  1 -3 -1 -2 -3 -1 -6  0 -2    3   5   7   4   0   2   2   0  45   2   7   8   0   2   2   1   3   0   3   2  1.21 0.61
  180 Y   -3 -7 -3 -3 -2 -6 -7 -8 -1  0 -2 -7 -5  0 -8 -6 -2 -3  9 -2    2   0   1   2   1   0   0   0   1   4   3   0   0   3   0   0   2   0  76   3  2.52 1.01
  181 N   -1  0  1 -1 -2 -1  2 -2  0  0 -2  1 -3 -4 -4 -1  3 -6 -3  1    3   6   8   2   1   2  15   2   2   5   2   9   0   0   0   3  25   0   1  14  0.40 0.33
  182 G    1 -6 -5 -5 -1 -5 -2  6 -6 -2 -1 -5 -2 -6 -6 -4 -3 -7 -7 -3    9   0   0   0   1   0   2  72   0   3   7   0   1   0   0   0   1   0   0   1  1.67 0.73
  183 T   -1  2 -1 -4 -2 -2 -3 -5 -1 -3 -4  2  0  0 -2  1  4  5  1 -1    3  10   2   0   1   1   1   0   1   1   1  13   3   4   2  13  27   9   5   4  0.57 0.41
  184 L   -2 -4 -5 -3 -4 -4 -4 -6 -3  0  5 -3  0  2 -5 -2 -1 -4 -1 -1    3   1   0   2   0   0   1   0   1   5  65   2   2   8   0   4   4   0   1   3  1.04 0.53
  185 L    0 -1 -2 -2 -1  1  1 -3 -1  0  1  1  1 -1  0 -1  0  0  1  0    7   2   1   1   2   6  12   1   1   4  19  10   3   2   4   4   6   1   6   7  0.11 0.14
  186 D   -2 -4  3  6 -6  0  1  0 -2 -7 -7 -2 -6 -6 -3  0 -1 -7 -1 -6    3   0  16  46   0   3   8   7   1   0   0   2   0   0   1   7   3   0   2   0  1.14 0.58
  187 G   -3 -1  0 -1 -2 -5 -4  6  0 -3 -7 -3 -6 -7 -6 -2 -3 -7 -7 -7    1   4   5   3   1   0   1  76   2   2   0   1   0   0   0   3   2   0   0   0  1.80 0.80
  188 T   -1  1  1 -2 -2  0 -1 -3  1 -1 -3  2 -1 -4 -4  1  4 -5  0 -2    4   6   7   1   1   4   3   2   3   3   2  15   2   0   0   9  32   0   3   2  0.49 0.40
  189 A    0 -1 -3 -3  0  0  1 -1  0  1  0  2  0 -2 -1 -1 -1 -4 -1  3    6   2   0   1   2   3  11   4   3   7   7  18   3   2   3   2   3   0   2  24  0.23 0.24
  190 F   -3 -5 -6 -6 -5 -2 -6 -2 -5  1 -1 -2  0  7 -6 -3 -1 -4  1  1    2   0   0   0   0   2   0   4   0   7   5   3   2  58   0   1   3   0   4   8  1.43 0.69
  191 D   -2 -5 -1  7 -6 -2 -1 -1  0 -6 -4 -1 -6 -1 -2 -2 -2 -6 -1 -6    3   0   2  64   0   2   3   5   2   0   2   3   0   3   2   3   3   0   3   0  1.49 0.74
  192 N    1 -1  1  0  0 -1 -1 -2 -3 -3 -4  1 -4 -2 -1  4  1 -5 -4 -2    9   3   6   6   2   3   4   2   0   2   1   8   0   2   2  40   7   0   0   3  0.55 0.42
  193 S   -1 -1  1 -4  0 -1 -2 -1 -4 -2 -3 -2 -1 -2 -2  5  1 -6 -5 -2    4   4   7   0   2   2   2   3   0   2   2   2   2   2   2  53   8   0   0   2  0.88 0.61
  194 Y   -1  1  0  0  1 -1 -1 -2  2  0 -1  0  0  1 -3 -1  0  2  3  0    4  10   4   5   4   3   3   2   5   6   5   6   2   5   0   4   7   3  12   9  0.11 0.13
  195 S    0  0  1  2  0  1  0  0  1 -1 -1  1  0 -1  0  1  0 -4 -3 -1    6   4   6  13   3   6   4   8   3   3   4   8   3   3   5  12   6   0   0   3  0.13 0.13
  196 R   -1  5  0 -1 -5  1 -1  0  1 -4 -2  2  0 -1  0 -1 -1 -4  0 -2    3  34   4   4   0   5   4   6   4   0   3  11   3   3   4   3   3   0   3   3  0.47 0.36
  197 N   -2 -1  3  2 -3 -2  1  4 -2 -5 -5  0 -3 -4 -3 -1 -2 -6 -5 -5    3   3  18  11   1   1  10  39   1   0   1   6   1   1   1   3   1   0   0   1  0.85 0.43
  198 H    0  0 -1  0 -4  2  3 -1  1 -3 -2  2 -2 -1  0  0  0 -4 -2 -1    6   5   3   5   0  11  22   4   3   1   3  11   1   3   5   7   7   0   1   4  0.30 0.22
  199 T   -1 -3 -3 -2 -3 -3 -2  0 -5 -3 -3 -1 -1 -5  6 -1  2 -7 -5 -3    5   1   1   2   1   1   3   7   0   2   2   4   2   0  49   4  14   0   0   2  1.22 0.60
  200 Y    0 -4 -5 -4 -4 -2 -4 -4 -2  1  0 -4 -1  6  0 -3 -2 -1  3  0    8   1   0   1   0   2   1   1   1   9   9   1   1  43   5   1   2   1   8   6  0.90 0.43
  201 N   -1  0  1  1 -3  1  2 -2  0 -2 -3  1  0 -1  0  1  1 -4 -3  0    3   4   6   7   0   5  15   3   2   2   1  10   3   3   5  11  12   0   0   6  0.21 0.17
  202 T   -3 -4 -5 -2 -1 -4 -4 -4 -4  1  0 -3 -1  7 -1 -2  2 -2 -1  0    2   1   0   2   1   1   1   1   0   7   6   1   1  51   3   2  12   0   1   6  1.13 0.52
  203 Y   -1  0 -1 -2 -4  1  1  0 -1 -1 -2  1  0  1  2 -1  2  1  1  0    3   6   2   1   0   8   8   8   1   3   3   9   2   8   9   3  14   2   5   6  0.14 0.14
  204 V   -2 -3 -5 -4  0 -3 -1 -6 -3  2  4 -4  0  1 -1 -3 -2 -4 -3  3    1   1   0   1   2   1   5   0   1  14  40   1   1   5   3   1   1   0   0  23  0.67 0.35
  205 G   -2 -1  0 -2 -6 -2 -3  6 -5 -6 -4 -1 -2 -3 -2 -2 -2 -6 -6 -4    2   3   5   2   0   1   1  68   0   0   2   3   1   1   2   3   2   0   0   1  1.35 0.55
  206 Q    0  1  0  0 -2  2  1 -1 -1 -1 -1  1  0 -2 -2  0  0 -4 -2  1    9   6   3   5   1  13  10   5   1   2   6  11   3   1   1   6   6   0   1  11  0.14 0.13
  207 G   -2  0  1  0 -3  0 -1  5 -2 -4 -4 -1 -3 -4 -3  0 -2 -4 -4 -3    2   5   5   4   1   4   3  58   1   1   2   4   1   0   1   5   1   0   0   1  0.97 0.38
  208 Y   -1  1  0 -1 -3  4  1 -1  2 -2 -2  1  1 -1  0 -1 -1  1  0 -2    3   8   3   2   1  27  11   4   6   2   3   7   4   2   4   3   4   2   4   2  0.38 0.23
  209 I   -1 -4 -3 -3 -4 -5 -4 -4 -5  1  1 -5  0 -1 -5 -4 -2 -5 -4  6    4   1   1   2   0   0   1   1   0   4  12   0   2   3   0   0   2   0   0  68  1.16 0.50
  210 I   -4 -6 -4 -7  3 -6 -6 -7 -6  7  0 -4  1 -1 -3 -5 -2 -6 -2  1    0   0   1   0   6   0   0   0   0  77   4   1   2   2   1   0   1   0   1   4  1.69 0.63
  211 P   -1  1 -2 -1 -6  0  0 -4 -2 -5 -4  4 -3 -6  5 -1 -2 -6 -5 -4    3   7   1   3   0   4   4   1   1   0   2  31   1   0  37   3   2   0   0   1  1.13 0.46
  212 G    0 -6 -4 -5  1 -6 -6  7 -6 -8 -7 -5 -7 -7 -6 -2 -5 -7 -7 -7    8   0   0   0   3   0   0  87   0   0   0   0   0   0   0   3   0   0   0   0  2.25 0.73
  213 M   -6 -7 -7 -4 -6 -6 -7 -7 -6 -1  1 -7  3  2 -8 -7 -6 11  0 -2    0   0   0   1   0   0   0   0   0   3  12   0   9   8   0   0   0  62   2   3  2.84 0.92
  214 D   -3 -2 -1  6 -6  0  3 -3 -2 -3 -6 -2 -3 -3 -4 -1  1 -7 -3 -3    1   2   1  48   0   3  20   1   1   1   0   1   1   1   0   5  10   0   1   2  1.10 0.51
  215 Q   -3  0 -2 -1 -5  4  4 -5 -1  2 -1  1 -1 -2 -4 -3 -2 -5 -3  0    1   4   1   2   0  19  34   0   1  13   6   7   2   1   0   0   2   0   1   5  0.65 0.39
  216 G    2 -5 -4 -5 -1 -4 -3  6 -5 -3 -4 -4 -1 -6 -1 -1 -2 -6 -6 -2   20   0   0   0   1   0   1  63   0   1   2   0   2   0   3   3   2   0   0   3  1.33 0.56
  217 L   -2 -5 -5 -6 -1 -4 -5 -4 -5  3  4 -5  2 -1 -2 -4 -2 -4 -3  3    2   0   0   0   1   0   0   2   0  14  44   0   4   2   2   0   2   0   0  26  0.86 0.39
  218 Q    1  0 -2 -2 -2  3  0 -2 -1 -1  1  1  2 -3  1 -1  0 -4 -2  0   14   3   1   1   1  20   4   1   1   3  15   9   6   0   6   2   7   0   1   6  0.24 0.21
  219 G   -2 -1  0  0 -4  1 -1  4 -1 -2  0  0  1 -3 -4  0  1 -4 -1 -3    2   2   3   6   0   7   2  34   1   1  13   5   5   0   0   5  10   0   2   0  0.39 0.25
  220 A   -1 -3 -6 -6 -1 -2 -5 -4 -5  0  0 -3  9 -1 -6 -4 -3 -5 -5 -1    6   1   0   0   1   1   0   1   0   3   7   1  69   2   0   1   1   0   0   3  2.07 0.83
  221 C   -1  2 -1 -3  7  0 -2 -3 -1 -4 -2  3 -2 -5  0  0 -1 -6 -3 -3    4  10   3   1  27   3   2   1   1   0   4  23   1   0   6   8   3   0   1   1  0.74 0.39
  222 I    0  0 -3 -2 -4 -1  1 -4 -3  1  0  2  0 -2  0 -1 -2 -5 -4  3    5   3   0   1   0   2  12   0   0   9   9  17   2   1   4   4   1   0   0  30  0.35 0.26
  223 G   -3 -1 -1 -2 -6 -3 -3  6 -3 -7 -4 -2 -6 -6 -6 -3 -3 -1 -6 -6    0   3   3   1   0   1   1  82   1   0   2   2   0   0   0   1   2   1   0   0  1.84 0.66
  224 E   -1 -3 -3  1 -6  1  5  1 -3 -6 -6 -2 -1 -6 -4  1 -2 -6 -5 -3    4   0   0   5   0   6  55  13   0   0   0   0   2   0   0  12   2   0   0   1  1.11 0.52
  225 R   -3  3 -1 -4 -6  2  0 -4  0 -1 -3  5 -2 -5 -4 -2  0 -6 -4 -2    1  19   2   0   0   8   4   1   2   4   2  48   1   0   0   2   4   0   0   3  0.98 0.47
  226 R    2  5 -4 -5  2 -2 -3 -3 -3 -1 -3 -1 -2 -1 -4  0 -3  4  2 -1   17  43   0   0   5   0   0   1   0   3   1   1   1   3   0   6   1   6   7   5  0.82 0.44
  227 R   -2  4 -1 -3 -5  0  1 -3  1 -1  0  3  0 -3 -4 -1  1 -2 -2 -1    2  24   1   1   0   4   7   1   4   4   8  24   2   1   0   2   9   0   1   5  0.46 0.29
  228 I   -2 -5 -6 -6 -4 -3 -5 -6 -5  3  4 -5  0  3 -1 -3 -4 -4 -3  1    2   0   0   0   0   1   0   0   0  15  55   0   1  12   3   1   0   0   0  11  1.00 0.43
  229 T   -2 -1 -2 -1 -2 -2 -1 -3  0  2 -1  0 -1  1 -4 -1  3  1  3  1    2   2   0   3   1   1   3   1   2  16   4   5   1   7   0   4  26   2  10  11  0.34 0.25
  230 V   -3 -6 -6 -7  4 -6 -6 -7 -6  6  1 -6 -1 -2 -6 -4 -4 -6 -4  3    1   0   0   0  10   0   0   0   0  56  10   0   1   1   0   1   0   0   0  20  1.40 0.54
  231 P   -2 -1 -5 -3 -6 -2 -3 -3 -2 -6 -6  0 -4 -7  7 -1 -1 -7 -4 -6    2   3   0   1   0   2   1   2   1   0   0   6   0   0  73   4   4   0   0   0  2.16 0.74
  232 P    1 -4 -4 -4 -5 -3 -3 -3 -1 -5 -5 -3 -5 -3  6  3 -3 -2  0 -3   14   0   0   0   0   1   1   2   1   0   0   1   0   1  51  21   1   1   4   1  1.50 0.59
  233 H    0  0  0  3 -5  1  3 -2  4 -4 -4  1 -3 -2 -1  1 -1 -3 -1 -4    6   5   4  15   0   6  20   2  14   0   1   6   0   2   2  10   4   0   1   1  0.48 0.26
  234 L   -3 -4 -5 -4 -4 -3 -4 -2 -2 -1  4 -3  2  1 -5 -4 -3  1  4 -1    2   0   0   1   0   1   1   3   1   1  57   2   6   4   0   0   1   2  18   2  0.99 0.45
  235 A    5 -4 -4 -5 -4 -4 -4  4 -5 -5 -5 -4 -4 -3 -4 -1 -2 -6 -3 -4   65   0   0   0   0   0   0  28   0   0   0   0   0   1   0   2   1   0   1   0  1.43 0.60
  236 Y   -5 -3 -6 -6 -6 -5 -3 -7 -1 -5 -4 -4 -3  3 -6 -3 -5  0  9 -5    0   1   0   0   0   0   2   0   1   0   1   1   1   8   0   2   0   1  82   0  2.72 0.87
  237 G   -2 -4 -4 -2 -6 -5 -2  7 -1 -7 -6 -2 -6 -6 -5 -3 -5 -6 -6 -6    2   1   0   2   0   0   2  88   2   0   0   2   0   0   0   1   0   0   0   0  2.11 0.69
  238 E    1  0  0  2 -4  0  4 -3 -1 -4 -4  1 -2 -4  0  1 -1 -5 -1 -3   14   5   3  12   0   4  30   1   1   1   1   6   1   0   5  11   3   0   2   1  0.50 0.28
  239 N    1  3  1 -1 -4  3  1 -2  1 -3 -4  2 -2 -3 -3  0  0 -1 -2 -2   11  21   7   3   0  14   7   2   4   1   0  12   1   1   0   6   5   1   1   3  0.41 0.24
  240 G    0 -4 -2 -2 -6  0 -2  6 -5 -7 -7 -3 -6 -7 -1 -1 -3 -7 -7 -6    5   1   1   2   0   4   2  76   0   0   0   1   0   0   3   5   1   0   0   0  1.68 0.62
  241 T    2  0  0 -1 -1  0 -1 -2  1 -1 -1 -1  0  0  0  2  0  1  1  1   18   6   4   4   1   3   1   1   3   3   3   3   3   4   3  16   5   2   6  11  0.13 0.14
  242 G    0  0  1  0 -3  1  0  0  1  0 -1  0  1  0  1  0  0 -3 -2  0    6   6   6   6   0   6   6   6   6   6   6   6   6   6   6   6   6   0   0   6  0.06 0.07
  243 D    0 -1  1  3 -4  0  0  1  0 -4 -4  0  0 -4  4  0 -1 -5 -4 -2    6   3   8  15   0   4   6  13   3   0   1   4   2   0  20   8   3   0   0   3  0.47 0.30
  244 K    0  0  0  0 -3  1  0  0  0  0 -1  1  0 -1  0  0  0 -3 -1  1    7   4   4   6   0   5   4   8   2   6   4  12   3   2   4   7   5   0   2  14  0.06 0.08
  245 I   -3 -2 -5 -6 -4 -2 -3 -3 -5  6  0 -2  0 -3 -2 -2 -2 -6 -4  1    2   2   0   0   0   2   2   2   0  68   4   2   2   0   2   3   2   0   0   7  1.28 0.65
  246 P   -2 -2 -5 -5 -6 -2 -2 -1 -1 -6 -4  0 -1 -6  7 -2 -2 -7 -2 -3    3   2   0   0   0   2   2   6   2   0   1   5   1   0  66   2   2   0   2   2  1.77 0.81
  247 G    1 -2  0 -2 -5 -1 -2  3 -4 -5 -5 -2 -1 -5  5 -1 -4 -6 -1 -3   11   1   4   2   0   2   2  27   0   0   0   2   2   0  38   5   0   0   3   1  1.06 0.52
  248 S   -2 -2  5  2 -5  0 -1  1  0 -3 -4 -1  0 -2 -2  2 -1 -5 -1 -3    2   2  33  12   0   5   2  11   2   1   1   3   2   2   1  15   3   0   2   1  0.60 0.39
  249 A    4 -3 -1 -1 -1  0 -1 -1 -3 -3 -2 -2 -1 -3 -3  3  0 -5 -4 -1   46   0   2   3   1   4   3   3   0   0   3   1   1   1   0  21   4   0   0   5  0.67 0.43
  250 V    0 -2  0  0 -2  0 -1 -4 -2  0 -1 -3 -2 -1 -1  0  5  1 -2  1    6   1   5   4   1   3   3   1   1   4   5   1   1   2   2   4  41   2   1  11  0.52 0.40
  251 L   -3 -6 -7 -7 -5 -2 -3 -7 -6  0  6 -6  0  0 -6 -6 -5 -5 -1  0    2   0   0   0   0   2   2   0   0   3  78   0   2   3   0   0   0   0   2   6  1.51 0.68
  252 I    0  0  0  0  1  1  0 -1  1  0 -1  0  1  0 -3  0  0 -3  1  0    5   5   5   5   5   5   5   5   5   5   5   5   5   5   0   5   5   0   5   5  0.01 0.07
  253 F   -4  0 -4 -5 -5 -4  0 -5  2  0 -1 -4  2  6 -5 -4  0 -3  2  0    1   5   0   0   0   0   7   1   5   6   5   0   5  44   0   1   6   0   8   5  1.04 0.48
  254 D   -1 -1  0  3  2  0  3 -2  2 -2 -3  0  0 -1 -4  1  0 -5 -1 -2    3   2   3  19   5   2  22   2   5   2   2   4   2   2   0  10   7   0   2   3  0.40 0.28
  255 V    0 -2 -2 -3  3 -2 -2 -3  2  1  1 -2  2  1 -2  0  1 -2 -1  1   10   0   0   0   9   0   1   1   9  10  10   1   9   9   0  10  10   0   0  10  0.16 0.11
  256 H   -1  0  0  0 -4  1  4 -3  1 -1 -2  0 -3 -1 -3  0 -1  2  0 -1    4   3   4   4   0   4  37   1   4   3   4   6   0   3   0   9   4   3   3   4  0.44 0.26
  257 V   -1 -4 -4 -4  0 -3 -1 -2 -4  1  4 -3  2  0  0 -2 -2  3 -2  1    3   0   0   0   3   0   5   3   0   5  51   0   4   3   4   3   0   5   0  10  0.50 0.28
  258 I    0  0  1  0  2  1  0  0  1  0  0  0  1  0 -3  0  0 -3 -2  0    6   6   6   6   6   6   6   6   6   6   6   6   6   6   0   6   6   0   0   6  0.05 0.08
  259 D    0  0  1  3 -4  0  1 -1  2 -3 -2  1 -3 -3 -3  1  0 -4  0 -1    7   4   8  20   0   4   9   5   5   0   5   9   0   0   0  12   4   0   4   4  0.29 0.22
  260 F    0  0  0  0 -3  1  0 -1  2  0 -1  0  1  1 -3  0  0  3  1  0    6   6   5   6   0   5   6   6   5   6   6   6   5   5   0   6   6   5   5   6  0.08 0.10
  261 H    0  0  0  0 -3  1  0 -1  1  0 -1  0  1  0  0  0  0  3  1  0    5   5   5   5   0   5   5   5   5   5   5   5   5   5   5   5   5   5   5   5  0.07 0.08
  262 N    0  0  0  0 -3  1  0  0  1  0 -1  0  1  0  1  0  0 -3 -2  0    6   6   5   6   0   5   6   6   5   6   6   6   5   5   6   6   6   0   0   6  0.03 0.08
  263 P    0  0  1  0  2  1  0  0  1  0 -1  0  1 -3  1  0  0 -4 -2  0    6   6   6   6   6   6   6   6   6   6   6   6   6   0   6   6   6   0   0   6  0.07 0.09
  264 S    0  0  1  0 -3  1  0  0  1  0 -1  0  1  0  1  0  0 -3 -2  0    6   6   6   6   0   6   6   6   6   6   6   6   6   6   6   6   6   0   0   6  0.06 0.07
  265 D    0  0  1  0 -3  1  0  0  2  0 -1  0  1 -3  1  0  0 -3 -2  0    6   6   6   6   0   6   6   6   6   6   6   6   6   0   6   6   6   0   0   6  0.09 0.09
  266 P    0  0  1  0 -3  1  0  0 -1  0 -1  0 -1  0  1  0  0 -2  1  0    6   6   6   6   0   6   6   6   0   6   6   6   0   6   6   6   6   0   6   6  0.06 0.06
  267 V    0  0  0  0  2  0  0 -1 -2  0 -1  0  1  0  0  0  0  3  1  0    5   5   5   5   5   5   5   5   0   5   5   5   5   5   5   5   5   5   5   5  0.05 0.08
  268 E    0  1  1  0 -3  1  0  0 -2  0 -1  0 -1  0  1  0  0 -3 -2  0    7   7   7   7   0   7   7   7   0   7   7   7   0   6   7   7   7   0   0   7  0.08 0.06
  269 I   -1  0  0  0  2  0  0 -1 -2  0 -1  0  1  0  0  0  0  3  1  0    5   5   5   5   5   5   5   5   0   5   5   5   5   5   5   5   5   5   5   5  0.06 0.09
  270 K   -1  1  0  0 -4  1  1  0  1 -1 -2  2  0 -1  0 -1  0 -4  0 -1    4   8   4   6   0   7   7   8   3   4   4  18   3   3   5   4   5   0   3   5  0.15 0.16
  271 T    0  0  1  0  2  1  0  0  1  0 -1  0  1 -3  1  0  0 -4 -2  0    6   6   6   6   6   6   6   6   6   6   6   6   6   0   6   6   6   0   0   6  0.07 0.09
  272 L    0  0  0  0 -3  1  0  0  1  0 -1  0  1  0  1  0  0 -3  1  0    6   6   5   6   0   5   6   6   5   6   6   6   5   5   6   6   6   0   5   6  0.05 0.06
  273 S    0  0  0  0 -3  1  0 -1  1  0 -1  0  1  0  0  0  0  3  1  0    5   5   5   5   0   5   5   5   5   5   5   5   5   5   5   5   5   5   5   5  0.07 0.08
  274 R    0  0  0  0 -3  1  0  0  1  0 -1  0  1  0  1  0  0 -3  1  0    6   6   5   6   0   5   6   6   5   6   6   6   5   5   6   6   6   0   5   6  0.05 0.06
  275 P    0  0  1  0  2  1  0  0  1  0 -1  0  1 -3  1  0  0 -4 -2  0    6   6   6   6   6   6   6   6   6   6   6   6   6   0   6   6   6   0   0   6  0.07 0.09
  276 P    0  0  0  0 -3  1  0  0 -2  0 -1  0  1  0  1  0  0  3 -2  0    6   6   5   6   0   5   6   6   0   6   6   6   5   5   6   6   6   5   0   6  0.04 0.10
  277 E    0  0  0  0  2  1  0  0  1  0 -1  0  1  0  1  0  0 -3 -2  0    6   6   5   6   5   5   6   6   5   6   6   6   5   5   6   6   6   0   0   6  0.04 0.07
  278 N    0  0  0  0  1  0  0 -1  1  0 -1  0  1  0  0  0  0 -3  1  0    5   5   5   5   5   5   5   5   5   5   5   5   5   5   5   5   5   0   5   5  0.03 0.05
  279 C   -1 -1 -1 -1  7 -1 -1  0 -4 -1 -2  0  0 -1 -1 -1 -1  3  0 -1    4   3   3   4  29   3   5   8   0   3   4   5   3   3   3   5   5   4   4   4  0.60 0.41
  280 N    0  0  0  0  2  0  0 -1  1  0 -1  0 -2  0  0  0  0  3  1 -1    5   5   5   5   5   5   5   5   5   5   5   5   0   5   5   5   5   5   5   5  0.06 0.07
  281 E    0  0  0  0 -3  1  0  0  1  0 -1  0  1  0  1  0  0 -3  1  0    6   6   5   6   0   5   6   6   5   6   6   6   5   5   6   6   6   0   5   6  0.05 0.06
  282 T    0  1 -1 -1 -1  0  0  0  0 -2 -2  2 -1 -1  2 -1  1 -4 -1 -1    8   7   3   2   2   4   6   7   2   2   3  18   2   3  10   3  10   0   2   6  0.17 0.17
  283 S    2 -1  0 -1 -3 -2  0 -1  0 -1 -1 -1  0 -3  2  1  1 -4  0  0   22   4   3   3   0   0   5   3   3   3   4   3   4   0  11  10   8   0   3   7  0.18 0.20
  284 K    0  0  1  0 -3  1  0  0  2  0 -1  0  1 -3  1  0  0 -3 -2  0    6   6   6   6   0   6   6   6   6   6   6   6   6   0   6   6   6   0   0   6  0.09 0.09
  285 I    0  0  0  0 -3  1  0 -1 -2  0 -1  0  1  0  1  0  0  3  1  0    6   6   5   6   0   5   6   6   0   6   6   6   5   5   6   6   6   5   5   6  0.07 0.08
  286 G    0 -1  0  0 -4 -3 -1  5 -3 -4 -2 -1  0 -1 -1 -1 -1 -4 -1 -4    7   3   5   5   0   0   3  52   0   0   3   3   3   2   3   3   4   0   2   0  0.70 0.36
  287 D    0  0  1  5 -4  1  1 -3  1 -4 -4  1 -3  0 -3  0  0 -4  0 -1    7   4   6  36   0   6   6   0   4   0   0   7   0   4   0   6   4   0   4   5  0.55 0.33
  288 F    0  0  1  0 -3  1  0 -3  2  0  0  0  1  1 -3  0  0 -2  1  0    6   6   6   6   0   6   6   0   6   6   6   6   6   6   0   6   6   0   6   6  0.09 0.10
  289 I    0 -2 -2 -3  3 -2 -2 -3 -3  1  0  0  2  1  2  0  1 -3 -2  1    9   0   0   0   9   0   0   0   0   9   9   9   9   9   9   9   9   0   0   9  0.19 0.13
  290 R    0  1  0 -1 -3  0  1 -1  2 -1  0  1 -1 -1 -3  1  1 -4  0  0    4   9   3   2   0   2  10   4   6   2  11  12   0   2   0   9  10   0   3   7  0.13 0.12
  291 Y   -1  0 -4 -4  0  0 -1 -1 -3  1 -1 -3  3  0 -4 -3 -1  1  3  3    6   5   0   0   2   5   4   6   0   8   4   0   9   2   0   0   3   2  12  31  0.37 0.28
  292 H    0  1  1  0 -3  1  0 -3  2  0 -1  0 -1  1 -2  0  0 -2  1  0    7   7   7   7   0   7   7   0   6   7   7   7   0   6   0   7   7   0   6   7  0.09 0.09
  293 Y   -2 -5 -5 -6  0 -2 -5 -2  0  0 -1 -2 -4  1 -6 -1 -4  2  8 -2    2   0   0   0   2   2   0   4   2   6   6   3   0   3   0   4   0   2  61   2  1.57 0.72
  294 N    0  0  2  1 -3  0  1 -1  0 -1 -2  1 -2 -4 -3  0  3 -4 -3  0    6   5  12   6   0   4  10   3   2   5   2  11   0   0   0   7  20   0   0   6  0.27 0.22
  295 C    0 -4 -1 -2  2 -1 -3  4 -4 -1 -1 -1  0 -1 -4 -1 -1  0 -4  1    9   0   2   2   6   2   0  41   0   3   5   4   2   3   0   4   4   2   0  11  0.52 0.32
  296 S    0  0 -2  0  2  1  0 -1  2  0 -1  0  1  1 -3  0  0  3  1  0    6   6   0   6   5   5   6   6   5   6   6   6   5   5   0   6   6   5   5   6  0.07 0.11
  297 L   -4 -2 -4 -3 -4 -3 -2 -4 -2 -1  4 -3  1  2 -5 -3 -1  1 -1  1    0   2   1   1   0   1   2   1   1   1  55   1   3   9   0   1   3   2   2  12  0.77 0.45
  298 L    0  0 -1 -2 -3  0  2 -2 -1 -1  1  2  1  0  0 -1  0  2  0  0    6   3   2   1   0   4  15   2   1   2  16  14   4   4   3   3   7   3   3   8  0.13 0.15
  299 D   -2 -2  2  6 -6  0  2  0  0 -6 -6 -2 -5 -2 -1 -1 -2 -6 -2 -5    3   1  11  48   0   4  11   6   2   0   0   2   0   2   3   4   2   0   1   0  0.98 0.50
  300 G   -3 -2  2  1 -5 -1 -2  5 -4 -5 -4 -2 -4 -3 -4 -1  0 -5 -1 -3    0   2  10   7   0   3   2  57   0   0   2   1   0   1   0   4   5   0   2   1  1.02 0.51
  301 T    0 -1  1 -1 -3  0  0  1 -2 -3 -2  1 -2 -2 -3  1  3 -4 -2 -1    6   2   6   3   0   3   5  14   0   0   3  11   0   2   0  11  28   0   1   4  0.34 0.26
  302 R   -1  2 -2 -2 -4  1  1 -2  0  0  0  3  0 -1  0 -1  0 -4 -2  1    2  15   0   2   0   5   9   2   2   4  10  19   2   2   4   2   5   0   1  13  0.23 0.21
  303 L   -2 -3 -1 -1  0 -1 -1 -4 -3  2  0 -1 -1  5 -1 -2 -1 -3  0  2    2   0   4   3   2   3   4   0   0  14   8   4   0  28   3   2   3   0   2  18  0.40 0.29
  304 F   -2 -1 -2  2 -4 -1  0  0  0 -1  0 -1 -2  4 -4 -1  0 -3  1  0    3   3   0  15   0   3   6   7   3   3   7   3   0  26   0   3   5   0   5   8  0.29 0.25
  305 S    0  0  0  2  0  0  1 -1  0 -3 -2  1 -3 -3 -1  2  0  1 -1 -2    6   3   3  13   3   4   9   4   2   0   4  11   0   0   2  23   6   2   3   3  0.24 0.20
  306 S    0  0  0  0 -3  0  0  0 -3 -1 -2  0 -3 -4 -3  3  2  1 -3 -1    6   5   3   5   0   3   6   7   0   3   4   6   0   0   0  33  11   3   0   4  0.34 0.28
  307 H   -2  3  0  0 -3 -1 -1 -1  3 -1 -1  0 -3  0 -3  1  0  3  3 -1    2  16   3   6   0   1   4   4   9   3   5   5   0   4   1  10   5   4  13   4  0.26 0.20
  308 D   -1 -1  0  4  0  0  2  1 -1 -2 -2  0 -1 -3 -2  1  0 -5 -2 -2    3   2   4  29   2   3  11  10   1   2   4   6   1   1   2  10   5   0   1   2  0.38 0.23
  309 Y   -2  5  0 -1 -1 -1 -2  0  2 -1 -2  1  0 -1 -3 -1 -1  0  1  0    2  36   3   4   1   2   1   8   6   3   2   6   3   3   1   3   2   1   6   7  0.46 0.28
  310 E   -2  0  3  1 -5 -1  3  3  0 -5 -4  1 -4 -5 -2 -1 -1 -5 -4 -4    3   4  14   8   0   2  18  29   2   0   2   9   0   0   2   2   4   0   0   1  0.57 0.30
  311 A    0  1  0  1 -4  1  2  1  1 -3 -3  1 -2  0 -1  0  0 -4 -1 -1   10   6   3   6   0   8  14  11   5   0   2  10   1   5   2   7   7   0   1   3  0.20 0.15
  312 P   -1 -2 -2 -2 -3 -2 -2 -1 -4 -3 -2 -1 -3 -3  6 -2  2 -5 -3 -3    4   2   1   2   0   2   3   4   0   2   4   4   0   1  52   2  14   0   1   1  1.27 0.50
  313 Q   -1 -2 -3 -3 -4  2  0 -3 -1  0  0 -1 -1  5 -3 -2 -2  0  3  0    4   2   0   1   0  10   6   2   1   4  10   3   1  32   1   3   2   1  11   8  0.52 0.28
  314 E   -1  0  1  1 -1  1  3 -2  0 -1 -2  0 -2 -4  1  1  1 -1 -3 -1    4   5   8   8   2   6  20   2   3   4   2   6   0   0   7   9   8   1   0   5  0.24 0.15
  315 I   -3 -5 -3 -5 -1 -5 -5 -2 -4  2  0 -5 -1  7 -5 -3  0 -3  1  1    1   0   1   0   1   0   0   3   0  11   7   0   1  52   0   2   6   0   3   9  1.13 0.46
  316 T   -1  0 -1 -1  0  2  0  0 -2 -1 -3  1  0 -2  1 -1  3 -4  0  1    2   6   2   2   2  11   4   6   0   2   1   8   3   2   7   3  25   0   3  11  0.24 0.20
  317 L   -3 -4 -5 -5  1 -4 -1 -5 -4  2  4 -4  0  1 -2 -4 -1  2 -1  2    1   0   0   0   3   0   5   0   0  10  51   0   1   5   2   0   3   3   2  13  0.68 0.33
  318 G    0 -3 -2 -1 -5 -2 -2  6 -4 -5 -3 -2 -5 -5 -1 -1 -3 -5 -3 -5    5   1   1   4   0   2   2  71   0   0   3   2   0   0   3   3   1   0   1   0  1.36 0.48
  319 A    1  0 -1  0  0  2  2 -1 -1 -1 -1  1  0 -2 -2  0  0 -4 -2  0   13   5   2   5   3   9  13   4   1   3   6   8   3   1   0   6   6   0   1  10  0.12 0.10
  320 N   -2 -1  2  1 -5 -1 -1  5 -1 -5 -4 -1 -4 -5 -2  0 -3 -5 -5 -4    2   3  13   7   0   3   5  53   1   0   1   3   0   0   2   6   0   0   0   1  0.92 0.37
  321 K   -1  2  0  0 -5  5  2 -1  1 -4 -2  2  0 -3 -3 -1 -1 -1  1 -4    3  11   4   5   0  31  10   4   3   0   3  11   2   0   0   2   4   1   6   0  0.55 0.29
  322 V   -2 -5 -4 -4 -4 -5 -4 -6 -5  2  1 -5  1  0 -5 -3 -2 -5 -4  6    3   0   1   1   0   0   1   0   0   8  13   0   2   4   0   1   1   0   0  65  1.16 0.48
  323 I   -4 -5 -2 -6  1 -5 -5 -6 -5  6  0 -2 -1 -2  0 -5 -3 -5 -2  2    0   0   3   0   3   0   0   0   0  68   5   3   1   1   4   0   0   0   1  10  1.32 0.52
  324 E   -1  1 -2 -1 -5  0  3 -4 -1 -4 -3  3 -2 -5  4 -1 -1 -6 -5 -4    4   7   1   3   0   4  19   0   1   1   2  26   1   0  25   3   3   0   0   1  0.78 0.35
  325 G   -1 -5 -1 -5  0 -5 -5  6 -5 -7 -7 -5 -6 -7 -6 -3  0 -7 -7 -6    5   0   2   0   2   0   0  85   0   0   0   0   0   0   0   0   5   0   0   0  2.05 0.60
  326 L   -5 -6 -7 -8 -5 -5 -6 -7 -5  1  2 -6  4  1 -7 -6 -5 10  0 -1    0   0   0   0   0   0   0   0   0   6  23   0  14   7   0   0   0  46   2   3  2.11 0.64
  327 D   -3 -2  0  6 -6 -1  4 -4 -3 -6 -6 -1 -5 -2 -4 -1 -1 -6 -2 -3    1   1   2  50   0   2  28   0   0   0   0   3   0   2   0   5   4   0   1   2  1.24 0.47
  328 R   -2  1 -2  0 -4  3  3 -4  1  1 -1  2  1 -2 -2 -1 -1  0 -2 -1    1   8   1   3   0  18  23   0   3  10   4  11   4   1   1   2   3   1   1   4  0.39 0.23
  329 G    3 -1 -2 -4 -5 -4 -3  6 -5 -5 -5 -4  0 -6 -5 -1 -2 -6 -6 -3   23   3   1   0   0   0   1  62   0   0   0   0   2   0   0   3   2   0   0   2  1.32 0.48
  330 L   -2 -5 -5 -6 -1 -4 -3 -6 -5  3  4 -5  2 -1 -5 -4 -2 -4 -3  3    2   0   0   0   1   0   2   0   0  16  45   0   5   2   0   0   2   0   0  25  0.89 0.36
  331 Q    0  0 -1 -2 -1  3  0 -2 -1 -1  1  2  2 -2  0 -1  0 -4 -3  0    8   3   1   1   1  20   6   1   1   3  14  12   6   1   4   3   7   0   0   6  0.23 0.18
  332 G   -2 -1  0  2 -5  0 -1  4  0 -4 -1  0 -4 -4 -2 -1  1 -5 -2 -4    1   2   4  11   0   4   2  43   3   0   6   7   0   0   2   3  10   0   1   0  0.61 0.28
  333 M   -3 -5 -6 -7 -1 -2 -6 -7 -6  0  0 -5  9  0 -6 -5 -2  2 -4  0    2   0   0   0   1   1   0   0   0   4   5   0  75   3   0   0   2   3   0   4  2.29 0.78
  334 C   -3  1  0 -4  8 -1 -2 -4 -1 -4 -4  3 -2 -5 -2  0 -1 -6 -5 -2    0   9   5   0  42   2   1   1   2   0   1  23   1   0   1   6   4   0   0   2  1.25 0.48
  335 V   -1 -2 -1 -2 -4 -1  1 -4 -3  1  1  1  0 -1  1 -1 -1 -5 -3  3    4   1   3   1   0   2  11   0   0   7  11  12   1   2   6   2   2   0   0  35  0.34 0.23
  336 G   -2 -4  0 -2 -6 -2 -3  6  1 -2 -6  0 -5 -6 -5 -2 -3  0 -6 -6    1   0   4   2   0   1   1  76   4   3   0   5   0   0   0   1   1   1   0   0  1.60 0.54
  337 E   -2 -3 -3  0 -6  1  6  1 -3 -5 -6 -2 -2 -6 -1  0  0 -6 -5 -3    2   0   0   4   0   5  64   9   0   0   0   0   1   0   3   5   5   0   0   2  1.23 0.51
  338 R   -3  3  0 -3 -5  0  0 -4  1  0 -3  5 -2 -5  0 -1  1 -5 -4 -1    0  17   4   0   0   3   5   1   3   5   1  40   1   0   4   4   8   0   0   4  0.67 0.34
  339 R    1  6 -3 -1  1 -2 -3 -2 -3 -4 -4 -1 -1 -3  0  0 -2  1  1 -1   12  52   0   3   4   0   0   3   0   0   0   1   1   1   4   8   1   2   5   4  0.89 0.43
  340 Q   -2  3  0 -3 -5  1  1 -3  0 -1 -1  4 -1 -4 -4 -1  1  1 -4 -1    1  20   5   0   0   7   8   1   2   3   6  28   1   0   0   3   8   2   0   5  0.48 0.27
  341 L   -3 -5 -5 -6 -4 -4 -5 -6  1  3  4 -2 -1  2 -5 -5 -4 -4 -3  2    1   0   0   0   0   0   0   0   4  16  52   3   0  11   0   0   0   0   0  12  0.96 0.40
  342 I   -2 -1 -2 -3  0 -1 -2 -4 -1  2 -1 -1  1  0  0 -1  4  0  0  2    2   3   1   1   2   2   2   1   2  13   5   4   4   4   5   3  29   1   3  15  0.33 0.24
  343 V   -2 -6 -6 -7  3 -6 -6 -3 -6  6  1 -6  1 -1  0 -5 -4 -6 -5  3    3   0   0   0   8   0   0   2   0  47  10   0   4   2   5   0   0   0   0  20  1.17 0.47
  344 P   -1 -2 -5 -1 -7  0 -4 -6  0 -7 -7  1 -6 -7  7  1  0 -7 -2 -6    5   2   0   3   0   4   0   0   2   0   0   9   0   0  59   9   5   0   2   0  1.69 0.65
  345 P    1  0 -5 -5 -6 -4 -5 -2  0 -6 -6 -1 -6 -2  6  2 -4  1  0 -6   10   5   0   0   0   0   0   3   2   0   0   4   0   2  51  17   0   2   3   0  1.48 0.60
  346 H    0  0  0  3 -5  0  2 -2  5 -3 -3  1 -4 -2 -2  1 -2 -1  0 -4    9   5   3  16   0   4  14   2  17   2   2   7   0   2   2   9   1   1   3   0  0.46 0.26
  347 L   -2 -5 -5 -3 -5 -1 -3 -3 -1 -1  4 -3  4  0 -6 -5 -3  3  5 -2    3   0   0   1   0   3   2   2   2   1  44   1  10   3   0   0   1   4  22   2  0.92 0.43
  348 A    5 -4 -4 -4 -1 -4 -4  3 -4 -4 -3 -1 -1 -5 -4  0  0 -6 -5 -3   52   0   0   0   1   0   0  27   0   0   2   3   2   0   0   5   5   0   0   1  1.07 0.48
  349 H   -3 -2 -5 -5 -6  1 -1 -6  2 -5 -5 -2 -5  3 -6 -2 -5 -2  8 -5    2   2   0   0   0   7   5   0   4   0   0   2   0  10   0   4   0   0  63   0  1.93 0.69
  350 G   -1 -2 -4 -5 -6 -5 -5  6 -5 -6 -6 -1 -6 -6 -5 -2 -5  3 -6 -2    3   2   0   0   0   0   0  79   0   0   0   4   0   0   0   3   0   4   0   3  1.87 0.64
  351 E    1 -1  0  2 -4  0  4 -2  0 -3 -3  0 -2 -4  0  1 -1 -4  0 -2   12   3   3  12   0   2  29   2   2   1   3   6   1   0   4  12   2   0   3   3  0.41 0.24
  352 N   -1  2  2  1 -4  2  1  0  1 -3 -3  2 -3 -1 -1  0  0 -2 -1 -3    5  11  10   7   0   8   9   7   4   2   1  16   0   4   3   6   4   1   2   1  0.27 0.16
  353 G    0 -1  1  1 -3  1  1  0  2  0 -2  0 -2 -2  1  0  0 -3  1  0    7   0   7   7   0   7   7   7   7   7   1   7   0   0   7   7   7   0   7   7  0.13 0.11
  354 A    1 -1 -1 -2  1  0  0  1  0 -1 -2  0  3 -1 -1  1  0  2  0  0   12   3   3   3   3   4   6   9   3   3   4   5   7   3   3  11   6   3   4   6  0.11 0.11
  355 R    0  1 -1  1 -1  0  0  3  2 -5 -3  0 -2 -1  3 -1 -2 -1 -2 -3    6   9   2   7   1   3   5  21   5   0   2   6   1   3  18   5   2   1   1   1  0.40 0.28
  356 G   -1 -1  1  0 -5  2 -1  3  0 -1 -3  1 -1 -5  2  0 -1  0 -2 -2    5   3   6   6   0   9   4  23   2   4   2   9   1   0  10   7   3   2   1   2  0.31 0.24
  357 V    0 -1  1  1 -2  1 -1  0 -2  0  0  0  2 -2 -2  0  1 -3 -2  0    8   0   8   8   0   8   0   8   0   8   8   8   8   0   0   8   8   0   0   8  0.10 0.09
  358 P   -2  0 -2  0 -4 -1  2 -1  0  0 -2  1 -3 -4  6 -1 -2 -4 -3 -3    1   4   0   4   0   0  15   4   3   7   4   8   0   0  46   4   0   0   0   0  1.00 0.30
  359 G    1 -2  0 -2 -3  0 -1  3 -2 -3 -3  0 -3 -4  4  1  0 -4 -3 -1   10   0   4   0   0   4   4  27   0   0   1   4   0   0  23  12   3   0   0   7  0.55 0.19
  360 S   -1 -1  3  2 -3  0  1  1  1 -3 -2  0 -1 -2 -2  1  1 -4 -1 -3    5   3  21  15   0   2   8   9   4   0   2   6   2   2   0   8   9   0   2   1  0.33 0.16
  361 A    3 -2 -2 -1 -3  0  1  0 -3  0 -3 -1 -2 -4 -2  2  1 -5 -3  0   40   0   0   2   0   5   9   4   0   6   0   2   0   0   0  20   7   0   0   5  0.46 0.27
  362 V   -1 -1 -1  0  1 -2 -1 -3 -2 -1 -2 -2 -2 -1 -2  0  4  2 -1  2    3   2   2   6   3   0   3   1   1   1   2   2   0   2   1   6  34   4   2  24  0.38 0.27
  363 L   -3 -4 -4 -2 -3 -4 -4 -5 -4  1  5 -4  1  1 -4 -4 -3 -4 -3  1    0   0   0   3   0   0   0   0   0   6  70   0   2   6   0   0   0   0   0   9  1.00 0.39
  364 L   -2 -1 -2 -2 -1  0 -1 -4  2  2  2 -1  0  0 -3 -2  0 -3  1  2    0   2   1   2   1   3   3   0   6  17  23   5   0   3   0   1   7   0   5  19  0.23 0.16
  365 F   -2 -5 -5 -5 -4 -4 -5 -4  0 -1 -1 -5 -2  7 -5 -4 -4  1  5 -2    3   0   0   0   0   0   0   2   2   3   5   0   0  61   0   0   0   1  19   2  1.54 0.52
  366 E   -2 -1  0  4 -5  2  4 -3 -1 -3 -4 -1 -1 -3 -3  0  0  0 -2 -1    1   1   4  26   0  12  29   1   1   1   1   3   2   1   0   5   6   2   1   4  0.65 0.31
  367 V   -1 -5 -1 -5  0 -4 -5 -5 -5  3  1 -4  0 -1 -5 -3  0 -5 -4  5    3   0   4   0   2   0   0   0   0  14   9   0   2   2   0   0   4   0   0  60  0.97 0.42
  368 E   -3 -1 -2  1 -6  1  5 -5  0 -1 -3  1 -4 -4 -4 -2  0 -5 -1 -3    1   1   1   7   0   6  55   0   2   5   2  10   0   1   0   1   5   0   2   2  0.97 0.43
  369 L   -3 -5 -6 -6 -1 -4 -6 -6 -5  1  5 -5  2 -1 -5 -5 -2 -4 -2  1    1   0   0   0   1   0   0   0   0   4  76   0   5   1   0   0   1   0   1   8  1.27 0.47
  370 V   -2 -4 -3 -5 -1 -4 -4 -5  1  3  2 -2  2 -1 -5 -4 -2 -4 -1  4    1   0   1   0   1   0   0   0   4  19  24   3   6   1   0   0   1   0   2  38  0.73 0.32
  371 S    1 -1  1  0 -3 -1  1  1  2 -4 -4  0 -3 -4 -3  4  0 -5 -3 -3    9   2   6   4   0   2   8  10   5   0   0   4   0   0   0  44   4   0   0   0  0.57 0.26
  372 R   -1  1 -2 -4 -1 -1 -2 -3 -1  3  0 -1  1  3 -3 -1 -2  1 -1  2    5  11   1   0   1   1   2   1   1  29   7   3   5  16   1   3   0   2   0  12  0.27 0.15
  373 E   -2  0  0  1 -4  2  4 -1  0 -3 -3  1 -3 -4 -2  0  0  2 -3 -2    2   4   3   7   0   7  45   3   2   0   2   8   0   0   0   5   5   3   0   2  0.60 0.21
  374 D   -1 -2  2  5 -4  0  2 -2 -2 -4 -4  1 -3 -4  0  0 -1 -5 -4 -4    2   0  12  42   0   3  14   1   0   0   1  11   0   0   5   4   4   0   0   0  0.76 0.20
  375 G    1 -2 -1 -1 -3  0  1  4 -2 -3 -3 -1 -3 -4  0  1  0 -4 -3 -2   13   0   2   3   0   5   9  45   0   0   1   3   0   0   4   9   4   0   0   2  0.55 0.14
  376 L   -1 -2 -1 -1 -2 -2 -1 -2 -1  1  2 -1  0 -1  1 -1  1 -3 -2  1    4   1   3   4   0   1   4   3   2   9  33   2   0   1   8   4   8   0   0  13  0.17 0.07
  377 P   -1 -3 -2  2 -4 -1  0 -4  2 -3 -2 -2 -3 -4  7 -2 -3 -5 -3 -1    2   0   0  12   0   2   4   0   8   0   5   0   0   0  61   0   0   0   0   4  1.52 0.28
  378 T    1  1 -1  1 -3  0  3 -2 -1 -2 -1  1 -2 -3 -1  0  2 -4 -3 -2   17   8   0   9   0   0  27   1   0   0   5  10   0   0   2   4  14   0   0   1  0.35 0.11
  379 G    0 -2  1 -1 -3 -1 -2  5 -2 -1 -2 -1 -2 -2  1 -1 -1 -3 -2 -2    6   1   6   1   1   3   2  53   1   6   2   2   1   1   8   2   2   0   1   2  0.58 0.10
  380 Y   -1 -1  0 -1 -2 -1 -1 -1  0 -1 -1  1 -1  1  1  0  1  0  4 -1    3   2   4   2   1   1   4   5   1   2   3  10   1   7   6   7  11   0  24   6  0.19 0.05
  381 L   -1 -2 -2 -2 -2 -1 -2 -2  1  2  2 -2  3 -1 -2 -1  0 -2 -1  1    2   2   1   2   1   1   2   2   5  16  27   2  14   1   2   2   4   0   1  12  0.19 0.05
  382 F    0 -2 -2 -2 -2 -2 -2 -2 -1 -1  0 -2 -1  5 -2 -1  0 -1  1  0   11   2   1   2   1   1   2   2   1   2   3   2   1  50   2   2   8   0   1   7  0.44 0.10
  383 V   -1 -2 -2 -2 -1 -1 -2 -2 -2  2  1 -2  1 -1 -1  0 -1  3 -1  2    3   2   1   2   1   1   2   2   1  22  13   2   5   1   2   9   2   7   1  22  0.17 0.04
  384 W   -2 -2 -2 -2  3 -1 -2 -2  2 -2 -2 -2 -1 -1 -2 -2 -2  9  0 -2    3   2   2   2  11   2   2   3   8   2   3   2   1   1   2   3   2  47   1   2  1.17 0.12
  385 Y   -1 -1  3  0 -2  0 -1 -1  3 -1  0  0 -1 -1 -1  0  0 -1  2 -1    3   2  21   3   1   1   2   3  10   2  16   5   1   1   2   6   7   0  11   5  0.14 0.04
  386 Q    0  0  1  1 -2  0  2  3 -1 -2 -2  1 -2 -2 -1  0 -1 -2 -2 -2    4   2   9   8   1   3  16  25   1   2   3  15   1   1   2   2   2   0   1   2  0.26 0.04
  387 D   -1 -1  0  4 -3  0  3  0 -1 -3 -2 -1 -2 -3  3 -1 -1 -3 -2 -2    2   1   3  28   1   1  25   7   1   1   3   2   1   1  16   2   2   0   1   2  0.54 0.07
  388 P    0  2 -1 -2 -2 -1 -1 -1 -1 -1 -2 -1 -1 -2  5  0  1 -2  0  0    8  14   1   1   0   1   1   4   0   4   2   1   0   1  30   6   8   0   4  11  0.48 0.07
  389 S    1 -2  0  1 -3 -1  0 -2  1 -3 -3 -1 -2 -3  5  2  1 -4 -3 -2    9   0   4   9   0   0   3   1   4   0   1   1   0   0  36  19  12   0   0   1  0.79 0.11
  390 T    1 -1 -1  0  2  0  1  0  2 -1 -2 -1 -2 -3  4  0  1 -3 -2 -2   11   0   0   5   8   5  10   6   7   5   1   3   0   0  22   1  14   0   0   1  0.37 0.07
  391 S   -1 -1  5  1 -3  0  2 -1 -1 -3 -3  0 -3 -3  2  1 -1 -3 -1 -3    1   1  43   2   0   1  18   4   0   1   1   4   0   0   9  10   1   0   3   1  0.58 0.12
  392 L    1 -2 -2 -3 -2 -2 -2 -3 -3  2  2 -2  1 -1 -2  0  0 -3 -2  2   11   1   1   1   0   1   1   1   0   7  34   1   0   0   1  10   3   0   0  28  0.26 0.07
  393 F   -4 -4 -5 -5 -4 -4 -5 -5 -2 -1  1 -4 -1  7 -5 -4 -3 -1  3 -2    0   0   0   0   0   0   0   0   0   0   8   0   0  82   0   0   0   0   9   0  1.54 0.26
  394 E    0  0  1  0 -4  2  3  0 -1 -4 -4  3 -3 -4  0  1 -1 -4 -3 -3    6   1   7   4   0   7  26   7   0   0   0  27   0   0   3  13   0   0   0   0  0.48 0.10
  395 D    1 -2  0  4 -4  2  4 -2 -1 -3 -1 -1  0 -4 -2  0 -1 -4 -3 -3   13   0   1  30   0  11  33   0   0   0   6   0   3   0   0   3   0   0   0   0  0.62 0.12
  396 M   -2 -3 -4 -5  4 -2 -4 -5 -4  4  1 -3  6 -1 -4 -2 -2 -3 -3  1    0   0   0   0  11   0   0   0   0  36   8   0  39   0   0   3   0   0   0   4  0.75 0.18
  397 D   -3 -3  0  7 -4 -1  0 -2 -2 -4 -4 -2 -4 -4 -3 -1 -2 -5 -4 -4    1   1   1  89   0   0   1   1   0   1   1   1   0   0   1   1   1   0   0   1  1.58 0.22
  398 L    0 -1 -2 -1 -2 -1  1 -2 -2  1  2  1  0 -1 -2  0  0 -3 -2  0    8   2   1   2   0   0  15   1   0  12  29  11   0   0   1   8   4   0   0   6  0.13 0.05
  399 N    0 -2  5  5 -4 -1 -1 -2 -1 -5 -5 -1 -4 -5 -3 -1 -2 -5 -4 -4   11   0  49  40   0   0   0   0   0   0   0   0   0   0   0   0   0   0   0   0  1.13 0.20
  400 K   -1  1  2  1 -4  1 -1  2  1 -4 -4  4 -3 -4 -3  0 -1 -4 -3 -4    2   3   9   6   0   6   0  21   3   0   0  47   0   0   0   5   0   0   0   0  0.59 0.13
  401 D   -3 -3  3  6 -5 -1  2 -3 -2 -5 -5 -2 -4 -5 -3 -1 -2 -6 -5 -5    0   0  12  76   0   0  11   0   0   0   0   0   0   0   0   0   0   0   0   0  1.49 0.22
  402 G   -1 -1  2  2 -4  0  1  2  1 -4 -3  2 -1 -3 -3 -1 -2  3 -2 -3    5   0  14  15   0   2   6  22   6   0   0  22   3   0   0   0   0   6   0   0  0.42 0.09
  403 E   -1  2 -1 -1 -4  3  3 -1  1 -1 -2  2 -2 -4 -2  1 -1 -4 -3 -2    0   9   0   0   0  20  27   4   3   5   3  18   0   0   0  11   0   0   0   0  0.49 0.11
  404 V   -2 -3 -4 -5 -2 -3 -4 -5 -4  2  3 -3  3 -1 -4 -3 -2 -3 -2  3    0   0   0   0   0   0   0   0   0  11  40   0  11   0   0   0   0   0   0  37  0.66 0.13
  405 P    0 -2 -1 -1 -3 -1  0 -2 -2 -3 -1 -2 -2 -3  4  4  2 -5 -3 -2    0   0   0   2   0   0   6   0   0   0   6   0   0   0  21  54  11   0   0   0  0.76 0.16
  406 P   -1  2 -2 -3 -4  3 -1 -3 -2 -2  2  3  0  0  2 -2 -2 -3 -2 -2    4  10   0   0   0  17   0   0   0   0  27  28   0   4  11   0   0   0   0   0  0.41 0.11
  407 E   -1 -2 -1  3 -5  1  5 -3 -1 -4 -4 -1 -3 -1  2  0  0 -5 -3 -3    1   0   0  19   0   4  54   0   0   0   0   0   0   3   9   6   4   0   0   0  0.83 0.15
  408 E   -2 -2 -2  0 -6  1  6 -4 -1 -5 -5  0 -4 -5 -3 -2 -2 -5 -4 -4    0   0   0   0   0   0  98   0   0   0   0   2   0   0   0   0   0   0   0   0  1.67 0.28
  409 F   -3 -4 -4 -5 -3 -4 -4 -2 -3  1  1 -4  2  6 -4 -3 -2 -2  1  2    0   0   0   0   0   0   0   3   0   3  13   0   7  54   0   0   1   0   0  19  0.78 0.17
  410 S    0  0  1  0 -3  0  1 -2 -2 -2 -2  0 -2 -3 -2  3  3 -4 -3 -2    4   4   8   3   0   3  11   0   0   2   3   4   0   0   0  38  20   0   0   0  0.44 0.11
  411 S    0  0  0  2 -3  1  2 -2 -1 -1 -2  2  0 -1 -2  1  1 -3 -1 -1    8   4   4  11   0   3  17   0   0   3   0  16   4   3   0  10  11   0   3   3  0.24 0.06
  412 F   -3 -4 -4 -5  4 -4 -4 -5 -1 -2 -1 -4 -2  5 -5 -3 -1  2  6 -3    0   0   0   0  12   0   0   0   0   0   2   0   0  33   0   0   3   1  50   0  1.27 0.22
  413 I   -2 -2 -4 -5  3 -3 -4 -5 -4  4  3 -3  2  1 -4 -3 -2 -3 -2  1    0   2   0   0   8   0   0   0   0  36  41   0   6   6   0   0   0   0   0   0  0.60 0.14
  414 K    0  2 -1 -2 -3  0 -1 -2  2 -2  0  4  1 -2 -2 -1 -1 -2  1 -2    8  11   1   1   0   0   1   1   8   1  12  39   7   0   1   3   1   0   5   1  0.34 0.10
  415 A    1  2 -1  0 -2  1  0 -2 -1 -2 -1  3  0 -2 -2  2  0 -3 -2 -2   13   9   0   5   0   7   4   1   0   1   7  25   4   0   1  18   4   0   0   1  0.26 0.08
  416 Q   -1  0 -1 -1 -3  5  3  0 -1 -3 -2  1  2 -3 -2 -1  1 -3 -3 -2    1   1   0   1   0  42  19   7   0   1   1   6   8   0   1   1  12   0   0   1  0.57 0.17
  417 V    1 -2 -3 -3 -2 -2 -2 -3 -3  2  1 -2  2  2 -2 -1 -1 -2 -1  3   13   1   1   1   0   1   1   1   0   7  12   1   8  10   1   1   1   0   0  41  0.29 0.10
  418 N    1 -1  0  1 -2  0  1 -1  3 -1 -2  0 -1 -2  1  1  1 -2 -1 -1   12   1   3   8   1   1  13   2  13   4   2   7   1   1   8   9   8   0   1   5  0.19 0.05
  419 E    0  1  0  1 -4  1  4 -3 -1 -3 -1  1 -2 -3 -2  0 -1 -4 -3 -3   10   9   3   6   0   4  45   0   0   0   9   5   0   0   0   6   1   0   0   0  0.52 0.16
  420 G    1  0  0 -1 -4 -2 -1  5 -3 -4 -4  0 -3 -4 -3  1 -2 -5 -4 -2   12   4   5   3   0   0   4  54   0   0   0   7   0   0   0   9   0   0   0   3  0.75 0.18
  421 K   -2  1  0  2  2  0  1 -3  3 -1 -3  4  1 -4 -3 -2 -1 -5 -3 -3    0   5   2  11   7   0   7   0   9   4   0  48   5   0   0   0   2   0   0   0  0.61 0.21
  422 G    1 -2  0  0 -4 -2  1  5 -3 -5 -4  1 -4 -4  0  0 -2 -5 -4 -4   12   0   2   4   0   0  12  52   0   0   0   9   0   0   4   5   0   0   0   0  0.75 0.18
  423 R   -1  5 -2 -2 -1  0  0 -1  1 -1 -1  3 -2 -3 -3 -2 -2 -4  0 -1    5  41   0   0   2   0   5   4   4   3   5  23   0   0   0   0   0   0   3   4  0.55 0.17
  424 L   -2 -2 -1  0 -3 -1 -2 -4 -3  1  3 -1  1  1  0 -1 -2 -3 -2  1    0   0   3   6   0   4   0   0   0  10  50   4   0   7   4   3   0   0   0   8  0.33 0.13
  425 M    0  2 -3 -3 -3  1 -1 -3 -2  0  2 -1  5 -2  1 -2 -2 -3 -3  0   10  15   0   0   0   8   4   0   0   1  24   0  25   0   8   0   0   0   0   3  0.39 0.16
  426 P    0  0  0  0 -4 -2  0 -3 -3 -4 -2 -2 -3 -4  7 -1 -1 -5 -4 -3    7   5   6   5   0   0   5   0   0   0   3   0   0   0  60   4   4   0   0   0  1.44 0.26
  427 G    0 -3 -1  2 -4  0  0  5 -3 -4 -1 -2 -3 -4  0 -1 -2 -4 -4 -3    7   0   0  14   0   4   6  53   0   0   7   0   0   0   4   3   0   0   0   0  0.71 0.18
  428 Q   -1  1 -1  0 -3  2  1 -3  1 -1 -1  1  1  2 -2  1  0 -3 -1  1    2   8   0   4   0  12  12   1   4   0   1  11   5  12   0  10   3   0   0  14  0.17 0.08
  429 D   -1  1  1  3 -3  1  1 -2  4 -3 -3 -1 -3 -3  1  1  0 -3  0 -3    4   7   4  27   0   4  10   1  14   0   1   0   0   0   6   9   7   0   5   0  0.44 0.12
  430 P    1  1 -1 -2 -3  1  1 -3  5 -2 -3 -1 -2 -3  4  0 -2 -4 -1 -2   12   7   0   1   0   4  11   1  25   3   1   1   0   0  27   4   1   0   0   2  0.70 0.17
  431 D   -2 -2  1  4 -4  2  4 -2  3 -3 -3 -1 -3 -3 -3 -1 -2 -4  0 -1    0   0   5  30   0   9  31   2   9   0   0   0   0   0   0   0   0   0   3   8  0.66 0.18
  432 K   -1  3 -1  2 -4 -1 -1 -1 -2 -2 -2  3  0 -3 -2  0 -1  4 -2  0    3  21   0  16   0   0   0   3   0   0   2  26   3   0   0   7   2   7   0   8  0.38 0.14
  433 T   -1 -3 -3 -4 -2  0 -3 -4 -3  3  2 -3  1 -1 -3  0  0 -3 -2  3    0   0   0   0   0   5   0   0   0  27  24   0   3   0   0   7   7   0   0  24  0.39 0.13
  434 I   -2 -3 -3 -4 -2 -3 -3 -4 -3  4  2 -3  0 -1 -3 -3 -1 -3 -2  3    1   1   1   1   0   1   1   1   0  44  17   1   0   1   1   1   1   0   0  28  0.61 0.16
  435 S   -1  1  2  2 -3  1  3 -1 -1 -3 -3  1 -2 -3 -2  0  1 -3 -3 -2    4   7  15   9   0   3  30   4   0   1   1  10   0   1   1   5   9   0   0   1  0.42 0.11
  436 D   -2 -1  3  5 -4  0  2 -2 -1 -4 -4  1 -3 -4 -2  0 -1 -4 -3 -3    1   1  19  39   0   1  17   1   0   1   1  11   0   1   1   3   1   0   0   1  0.77 0.17
  437 M   -3 -3 -4 -5 -3  1 -3 -5  3  4  2 -3  6 -2 -4 -3 -2 -3 -2  0    0   0   0   0   0   7   0   0   9  33  12   0  39   0   0   0   0   0   0   0  0.87 0.28
  438 F   -4 -5 -5 -6 -4 -5 -5 -5 -3 -2  1 -5 -1  7 -5 -4 -4  3  2 -2    0   0   0   0   0   0   0   0   0   0  12   0   0  80   0   0   0   5   3   0  1.70 0.37
  439 Q   -1  3  0  1 -4  3  1 -2  1 -3 -2  2 -2 -4 -2  1  1 -4 -3 -3    4  17   2  10   0  21   5   1   4   0   2  18   0   0   0   8   8   0   0   0  0.47 0.14
  440 N   -2  1  4 -1 -4 -1  0 -3  3 -1 -3  1 -2  2 -3  1  0 -4 -1 -3    0   7  30   0   0   0   4   0  11   5   0  12   0  14   0  14   3   0   0   0  0.46 0.17
  441 Q   -2 -1  0 -1 -5  5  4 -4 -1 -3  1 -1 -2 -4 -3 -2 -2 -4 -4 -3    0   0   4   0   0  42  38   0   0   0  15   0   0   0   0   0   0   0   0   0  0.99 0.29
  442 D   -4 -3  0  7 -6 -2  0 -3 -3 -6 -6  1 -5 -6 -4 -2 -3 -7 -5 -5    0   0   0  91   0   0   0   0   0   0   0   9   0   0   0   0   0   0   0   0  1.98 0.40
  443 R   -2  4 -2 -2 -4  2  1 -4  1  0 -1  3 -2 -3 -3 -2 -2 -3  1 -2    0  30   0   0   0   8   9   0   4   7   7  29   0   0   0   0   0   0   5   0  0.59 0.18
  444 N   -3 -3  5  5 -5 -2 -1 -3 -2 -5 -5 -2 -4 -5 -4  1 -2 -6 -5 -5    0   0  41  50   0   0   0   0   0   0   0   0   0   0   0   9   0   0   0   0  1.41 0.32
  445 Q   -1  1 -1  1 -4  1  1  2  1 -4 -4  4 -3 -4 -3  1 -2  0 -3 -4    0   3   0   9   0   7   7  20   3   0   0  40   0   0   0  10   0   1   0   0  0.57 0.18
  446 D   -3 -3  3  7 -5 -2  0 -3 -2 -6 -6 -2 -5 -5 -4  0 -2 -6 -5 -5    0   0  18  76   0   0   0   0   0   0   0   0   0   0   0   7   0   0   0   0  1.65 0.35
  447 G   -1  0 -2 -3 -5 -3 -1  6 -4 -5 -5 -3 -4 -5 -4 -2  0 -5 -5 -4    3   5   0   0   0   0   3  80   0   0   0   0   0   0   0   0   9   0   0   0  1.40 0.30
  448 K    0  0  0 -3 -4 -1 -2 -3  2 -1 -2  4 -2  4 -3 -2 -2 -2  2 -1   10   3   5   0   0   0   0   0   5   3   0  35   0  30   0   0   0   0   7   4  0.51 0.20
  449 I   -3 -4 -5 -6 -3 -4 -5 -6 -5  6  2 -4  0 -2 -5 -4 -2 -4 -3  2    0   0   0   0   0   0   0   0   0  73  15   0   0   0   0   0   0   0   0  12  1.12 0.27
  450 T   -1 -3 -1 -2 -3 -2 -2 -3 -3 -1 -3 -2 -2 -4 -3  4  5 -5 -3 -1    0   0   0   0   0   0   0   0   0   2   0   0   0   0   0  48  46   0   0   3  1.02 0.29
  451 A    1 -1 -2 -2 -3 -1  1 -3  4  0 -1  1  0  0 -1  0  1  3  1  0   13   0   0   0   0   0  13   0  18   9   5  10   2   3   2   4   9   5   4   5  0.20 0.10
  452 E    0  0  0  5 -5  0  4 -3  1 -5 -5  1 -4 -5 -3 -1 -2 -5 -4 -4    8   6   2  39   0   0  35   0   4   0   0   8   0   0   0   0   0   0   0   0  0.91 0.22
  453 E   -3 -2 -2  0 -6  0  6 -4 -2 -4 -4 -1  2 -5 -3 -2 -3 -5 -5 -4    0   0   0   0   0   0  91   0   0   0   0   0   9   0   0   0   0   0   0   0  1.70 0.39
  454 L    0 -4 -5 -5 -3 -4 -5 -4 -3 -1  2 -4 -1  7 -5 -3 -3 -2  1 -2   10   0   0   0   0   0   0   0   0   0  21   0   0  69   0   0   0   0   0   0  1.20 0.26
  455 K   -1  2 -1 -2 -3  3  0 -3 -1 -3 -3  4 -2 -4 -2  1  3 -4 -3 -2    0   7   0   0   0  17   0   0   0   0   0  38   0   0   0   7  31   0   0   0  0.66 0.14
  456 L   -2 -3 -3 -4 -3 -3 -4  0 -3  1  4 -3  1  2 -4 -1 -2 -2  2  0    0   0   0   0   0   0   0   7   0   4  58   0   0  13   0   7   0   0   7   3  0.44 0.10
  457 K   -2  3 -1 -2 -4  2  0 -3 -1 -3 -3  5 -2 -4  2 -1 -2 -4 -3 -1    0  15   0   0   0   7   0   0   0   0   0  62   0   0   8   0   0   0   0   8  0.79 0.13
  458 S    1 -1  0  0 -2  0 -1  0  3 -2 -2  1  1 -2  1  2  1 -3 -1 -1    9   0   0   5   0   0   0   5  15   0   1   9   9   0   6  30   6   0   0   3  0.27 0.06
  459 D   -2  2  0  6 -4 -1  1 -2 -2 -4 -4 -1 -3 -4 -2  0 -1 -4 -3 -4    1  15   0  62   0   0   8   1   0   0   1   0   0   0   0   9   0   0   0   0  0.93 0.12
  460 E    0  0  0  2 -3  1  4 -2  2 -3 -3  0 -2 -3 -2  2 -1 -4 -2 -3    7   4   0   9   0   0  47   1   9   0   1   0   0   0   0  20   0   0   0   0  0.60 0.09
  461 D   -2 -2  0  5 -4  0  0 -1 -2 -2 -1 -2 -2  2 -3  0 -2 -3 -1 -3    0   0   0  56   0   5   0   5   0   0   8   0   0  17   0   6   0   0   0   0  0.61 0.08
  462 Q   -1  1  0 -1 -3  4  3  0  0 -2 -3  0 -1 -3 -2 -1 -1 -3 -3  0    3   6   3   0   0  41  25   8   0   0   0   0   0   0   0   0   0   0   0  11  0.53 0.08
  463 E    0  1 -1  3 -4  2  4 -3 -1 -1 -3  0 -2 -4 -2 -1 -1 -4 -3 -1    6  12   0  17   0   7  47   0   0   5   0   0   0   0   0   0   0   0   0   6  0.58 0.06
  464 R    1  3 -1 -2 -3  0 -1 -2 -1 -1 -1  3  2 -3  1 -1  0 -3 -3  0   17  27   0   0   0   0   0   0   0   0   0  24  14   0   7   0   3   0   0   8  0.36 0.05
  465 V    0  2 -1  0 -2 -1 -1 -3 -2  1  0  1  0 -2 -2  1 -1 -4 -2  2    7  15   0   7   0   0   0   0   0  14   4  13   0   0   0  14   0   0   0  26  0.17 0.03
  466 H   -2  1  0  0 -5  1 -1  1  8 -4 -4 -1 -3 -3 -3 -2 -2 -3  0 -4    0   8   0   7   0   3   0  10  71   0   0   0   0   0   0   0   0   0   0   0  1.09 0.11
  467 E    1 -2  0  4 -4  0  4 -2 -1 -4 -4 -1 -3 -4 -2 -1 -1 -5 -4 -3   14   0   0  39   0   0  47   0   0   0   0   0   0   0   0   0   0   0   0   0  0.88 0.07
  468 E   -2 -1 -1  3 -5  1  6 -3 -1 -4 -4  0 -3 -4 -2 -1 -2 -5 -4 -3    0   0   0  16   0   0  84   0   0   0   0   0   0   0   0   0   0   0   0   0  1.18 0.09
  469 L   -2 -3 -4 -5 -2 -3 -4 -5 -4  1  5 -3  2  0 -4 -3 -2 -3 -2  0    0   0   0   0   0   0   0   0   0   0 100   0   0   0   0   0   0   0   0   0  0.81 0.06

                      K         Lambda
Standard Ungapped    0.1846     0.3462
Standard Gapped      0.1100     0.3190
PSI Ungapped         0.1846     0.3462
PSI Gapped           0.1100     0.3190
