
Last position-specific scoring matrix computed, weighted observed percentages rounded down, information per position, and relative weight of gapless real matches to pseudocounts
           A  R  N  D  C  Q  E  G  H  I  L  K  M  F  P  S  T  W  Y  V   A   R   N   D   C   Q   E   G   H   I   L   K   M   F   P   S   T   W   Y   V
    1 M   -1 -2 -3 -4 -2  0 -2 -4 -2  1  2 -2  6  0 -3 -2 -1 -2 -2  1    0   0   0   0   0   0   0   0   0   0   0   0 100   0   0   0   0   0   0   0  0.56 0.00
    2 A    4 -2 -2 -2 -1 -1 -1  0 -2 -2 -2 -1 -1 -3 -1  1  0 -3 -2  0  100   0   0   0   0   0   0   0   0   0   0   0   0   0   0   0   0   0   0   0  0.60 0.00
    3 A    3 -2  0  3 -2 -1  0 -1 -2 -2 -3 -1 -2 -3 -1  1  0 -4 -3 -1   67   0   0  33   0   0   0   0   0   0   0   0   0   0   0   0   0   0   0   0  0.50 0.00
    4 P    2 -2 -2 -2 -2 -1 -1 -2 -2 -3 -3 -1 -2 -3  7  0 -1 -4 -3 -2   35   0   0   0   0   0   0   0   0   0   0   0   0   0  65   0   0   0   0   0  1.56 0.00
    5 S    1 -1  0 -1 -2  0 -1 -1 -1 -3 -3 -1 -2 -3 -1  5  1 -4 -2 -2    0   0   0   0   0   0   0   0   0   0   0   0   0   0   0 100   0   0   0   0  0.74 0.01
    6 E    0 -1  0  1 -3  1  4 -2 -1 -3 -3  0 -2 -3 -1  3  0 -4 -3 -2    0   0   0   0   0   0  61   0   0   0   0   0   0   0   0  39   0   0   0   0  0.70 0.00
    7 H   -1 -1  0 -2 -3  0 -1 -2  5 -2 -3 -1 -2 -2  4  0  3 -3  0 -2    0   0   0   0   0   0   0   0  39   0   0   0   0   0  22   0  39   0   0   0  0.70 0.00
    8 V   -1  0 -2 -3 -2 -1 -1 -3 -2  1  1  2  3 -1 -2 -2 -1 -3 -2  3    0   0   0   0   0   0   0   0   0   0   0  26  25   0   0   0   0   0   0  49  0.27 0.01
    9 G    0 -3  0  2 -4 -2 -1  5 -2 -5 -4 -2 -4 -4 -3 -1 -2 -4 -4 -4    0   0   0  18   0   0   0  82   0   0   0   0   0   0   0   0   0   0   0   0  1.09 0.01
   10 L   -1 -2 -2 -3 -2 -2 -3 -3 -3  1  3 -2  1  0 -3  1 -1 -3 -2  2    0   0   0   0   0   0   0   0   0   0  57   0   0   0   0  18   0   0   0  26  0.33 0.00
   11 G    2 -2 -1 -2 -2 -1 -2  4 -2 -3 -3 -1 -2 -3 -2  2  0 -4 -3 -2   25   0   0   0   0   0   0  49   0   0   0   0   0   0   0  26   0   0   0   0  0.66 0.01
   12 G    1 -2 -1 -2 -3 -2 -2  5 -2 -3 -3 -2 -3 -3 -2  0  2 -4 -3 -2   13   0   0   0   0   0   0  67   0   0   0   0   0   0   0   0  20   0   0   0  0.82 0.02
   13 P   -1  2 -1  2 -4 -1 -1  2 -2 -3 -1 -1 -2 -3  5 -1 -2 -4 -3 -3    0  17   0  17   0   0   0  20   0   0  10   0   0   0  37   0   0   0   0   0  0.75 0.02
   14 R   -1  2 -1 -1 -3  0  2  2 -1 -2  0  0 -1 -2 -2  1 -1  4 -2 -2    0  18   0   0   0   0  19  20   0   0  17   0   0   0   0  17   0  10   0   0  0.27 0.01
   15 S    1 -2  0 -1 -2 -1 -1  1 -2 -2 -3 -1 -2 -3 -2  4  3 -4 -3 -2   11   0   0   0   0   0   0   8   0   0   0   0   0   0   0  53  28   0   0   0  0.58 0.05
   16 P   -1 -2 -2 -2 -3  1 -1 -3 -2 -3 -1 -1 -2 -4  6  2 -1 -4 -3 -3    0   0   0   0   0  12   0   0   0   0   7   0   0   0  62  20   0   0   0   0  1.45 0.07
   17 A    3 -1 -1 -2 -2  2  1 -1 -1 -2  0 -1 -1 -2 -1  1  2 -3 -2 -1   46   0   0   0   0  13   7   0   0   0  10   0   0   0   0  10  14   0   0   0  0.34 0.04
   18 R   -1  4 -1 -2  2 -1 -1 -3 -2 -1 -2  0 -2 -3  2  1  2 -4 -3  0    0  35   0   0   8   0   0   0   0   0   0   0   0   0  13  11  21   0   0  12  0.43 0.05
   19 P    1 -2  2 -1 -3 -1 -1 -2 -2  0 -2 -1 -2 -3  5  2  0 -4 -3 -1   13   0  19   0   0   0   0   0   0  11   0   0   0   0  34  23   0   0   0   0  0.74 0.05
   20 E   -1 -1  3  1 -4  1  2  0 -1  0 -3  1 -2 -3  2 -1 -1 -4 -3 -2    0   0  25   8   0   8  22   7   0  11   0   8   0   0  11   0   0   0   0   0  0.41 0.05
   21 P    1  0 -3 -3 -3 -2 -2 -3 -3 -2 -1 -2  1 -3  6 -2 -2 -4  0  0   14   5   0   0   0   0   0   0   0   0   6   0   5   0  59   0   0   0   5   6  1.33 0.13
   22 P    1  1 -3 -1 -4 -1 -2 -3  0 -2 -4 -2 -3 -4  7 -2 -1 -5 -4 -3   11   8   0   3   0   3   0   0   2   4   0   0   0   0  66   0   3   0   0   0  1.63 0.20
   23 P   -1  0 -3 -3 -4  1 -2 -4 -3 -1 -1 -1 -2 -4  7 -2 -3 -5 -4 -1    5   5   0   0   0   7   0   0   0   3   8   2   0   0  65   0   0   0   0   4  1.61 0.24
   24 T   -2 -2 -3 -4 -3 -2 -3 -4  1  0  3 -3  0 -1 -1  0  3 -3  2  0    0   1   0   0   0   0   0   0   4   3  38   0   0   0   2   5  33   0   8   7  0.47 0.16
   25 R   -1  5 -2 -3 -2  1 -2 -1 -1 -3 -1  2 -1 -2 -3 -1  2 -4 -2 -3    3  47   0   0   1   5   0   4   1   0   6  14   1   1   0   2  14   0   1   0  0.74 0.24
   26 F   -5 -6 -6 -6 -5 -6 -6 -6 -1 -3  0 -6 -3  8 -6 -5 -5 -2  2 -4    0   0   0   0   0   0   0   0   1   0   5   0   0  92   0   0   0   0   3   0  2.43 0.51
   27 H   -5 -3 -1 -4 -7 -2 -3 -5 10 -6 -6 -4 -5 -1 -5 -2 -4 -5 -1 -6    0   0   2   0   0   0   0   0  94   0   0   0   0   2   0   2   0   0   0   0  3.13 0.63
   28 Q    0  1  0  0 -1  3  1 -2  2 -3 -3  1 -2 -3  2  2  0 -4  0 -2    5   6   2   5   2  15  10   1   6   0   2   7   0   0  12  17   3   0   4   3  0.34 0.13
   29 V    0 -1  1 -3  1 -2 -3 -4  0  1 -1  0 -1  0 -4 -1 -1 -3  3  3    7   4   9   0   4   0   0   0   2   8   2   7   0   3   0   4   1   0  12  36  0.31 0.16
   30 H   -2 -1 -2 -4  2 -2 -3 -5  9 -6 -5  0 -5 -2 -5 -3 -1 -5  0 -5    2   3   0   0   5   0   0   0  79   0   0   4   0   2   0   0   3   0   2   0  2.33 0.52
   31 G   -2 -5 -3 -4 -6 -5 -5  7 -5 -7 -7 -4 -6 -6 -5 -1 -4 -6 -6 -6    0   0   0   0   0   0   0  97   0   0   0   0   0   0   0   3   0   0   0   0  2.29 0.46
   32 A    1  0 -1  3 -4  2  2 -1  0 -4 -3  2 -3 -4 -3  2  1 -4 -2 -2   10   3   0  17   0  12  14   3   1   0   2  13   0   0   0  15   7   0   1   1  0.40 0.15
   33 N   -1 -3  7 -1 -6  0 -3 -3  2 -6 -6 -3 -5 -6 -5 -2 -3 -6 -4 -6    5   0  86   0   0   4   0   0   6   0   0   0   0   0   0   0   0   0   0   0  2.12 0.51
   34 I   -3 -5 -6 -6 -3 -5 -5 -6 -6  6  0 -5  1 -3 -5 -4 -3 -5 -4  3    0   0   0   0   0   0   0   0   0  70   2   0   2   0   0   0   0   0   0  25  1.48 0.38
   35 R   -1  4 -2 -2 -4  0  0 -3  1  1 -2  1 -1 -3 -3  0  1 -4 -3  1    4  31   0   2   0   4   4   1   3   8   1  10   1   0   0   6   8   0   0  16  0.37 0.16
   36 M   -4 -2 -5 -6 -4 -4 -5 -6 -5  2  5 -4  2 -2 -5 -4 -3 -4 -3  0    0   2   0   0   0   0   0   0   0  11  79   0   4   0   0   0   0   0   0   4  1.26 0.34
   37 D   -1  0  0  2  3 -1  0 -1 -1 -2  0 -1 -2  0 -3  3  0 -4  0 -2    2   5   4  13   8   2   5   3   1   0  13   2   0   4   0  30   4   0   4   2  0.22 0.14
   38 P    0  1  2  3 -3  1  2  0 -1 -4 -4  1 -3 -4  0  1 -1 -5 -2 -4    6  10  11  16   1   6  19   8   1   0   0   8   0   0   4   9   1   0   1   0  0.42 0.14
   39 S   -2  0  3  4 -1  0  1  2  0 -4 -3 -1 -3 -4 -3  1  0 -5 -4 -4    0   4  15  28   2   4  11  15   3   0   2   1   0   0   0  11   4   0   0   0  0.57 0.18
   40 G   -1  2  4 -1 -1  0 -2  4 -1 -5 -4 -1 -4 -3 -4  0 -2 -5 -4 -4    4  13  27   1   2   3   1  39   1   0   1   2   0   1   0   5   1   0   0   0  0.77 0.23
   41 T   -1  2 -2 -3  2 -2 -2 -4 -3 -2 -2 -1  2 -2 -2  1  5  0 -3 -2    4  13   0   0   6   0   1   0   0   1   3   3   6   2   1  10  48   2   0   1  0.67 0.26
   42 R    0  3 -3 -4 -3  1 -2 -3 -1  1 -1 -1 -1 -3 -3 -1  0 -4 -3  4    5  24   0   0   0   7   0   2   1   8   1   2   0   0   0   3   6   0   0  40  0.49 0.21
   43 A    6 -4 -2 -4 -3 -3 -3 -2 -4 -4 -4 -3 -3 -5 -3  0 -2 -5 -4 -2   94   0   2   0   0   0   0   0   0   0   0   0   0   0   0   2   0   0   0   2  1.60 0.44
   44 T   -1  2 -2 -3 -1  1  0 -3  1 -1 -1  1  1 -1 -3  0  2 -2  3 -1    3  16   0   0   2   5   5   0   4   4   5   8   4   1   0   4  22   0  14   2  0.30 0.14
   45 R   -4  7 -3 -4 -6 -1 -3 -5 -3 -6 -5  0 -4 -6  0 -3 -4 -6 -5 -5    0  95   0   0   0   0   0   0   0   0   0   0   0   0   5   0   0   0   0   0  2.29 0.51
   46 V   -1  1 -1 -3  0 -1  0 -1 -1  1 -1  2 -1 -2 -3 -1  1 -4  0  2    2   8   3   0   3   1   4   4   1   9   1  22   0   1   0   3  12   0   4  23  0.20 0.12
   47 E    1  1 -1  0 -2  2  3  0  1 -3 -3  0 -1 -4 -2  1  1 -4 -3 -2   12   6   2   2   1  10  31   7   5   0   1   3   1   0   0   8   9   0   0   3  0.39 0.14
   48 S   -1 -3  0 -2  0 -2  0  3 -1 -4 -4 -2 -3 -4 -3  5  0 -5 -4 -3    0   0   2   0   2   0   4  22   2   0   0   0   0   0   0  62   3   0   0   0  0.92 0.28
   49 F   -4 -5 -5 -5 -4 -5 -5 -5 -3 -2 -2 -5 -2  8 -5 -4 -4 -1  4 -3    0   0   0   0   0   0   0   0   0   0   0   0   0  81   0   0   0   0  15   0  2.02 0.41
   50 A    2 -3  3 -2  7 -2 -1 -1  0 -3 -3 -2 -3 -4 -3  1 -2 -4 -3 -3   21   0  17   0  34   0   4   4   3   0   0   0   0   0   0  12   0   0   0   0  0.80 0.23
   51 H   -2  0  4  2 -5  1 -1 -1  5 -4 -4  3 -3 -2 -3 -2 -2 -4 -1 -4    0   2  24  11   0   5   2   5  20   0   0  26   0   1   0   0   0   0   1   0  0.73 0.22
   52 G    3 -3 -2 -3 -4 -3 -3  5 -3 -4 -4 -3 -4 -4 -3 -1 -2 -5 -4 -3   31   0   0   0   0   0   0  63   0   0   0   0   0   0   0   3   0   0   0   0  1.26 0.28
   53 V   -2 -4 -4 -5 -3 -4 -4 -5 -4  4  3 -4  0 -2 -4 -3 -2 -4 -3  3    0   0   0   0   0   0   0   0   0  39  31   0   0   0   0   0   0   0   0  27  0.84 0.22
   54 C    1 -3 -3 -4  5 -3 -3 -3 -4  0 -1 -3 -1 -3 -3  0  3 -4 -3  3   13   0   0   0  21   0   0   0   0   2   2   0   0   0   0   3  22   0   0  34  0.64 0.21
   55 F   -4 -5 -5 -5 -4 -5 -5 -5 -3  0  0 -5  0  7 -5 -4 -3 -2  1 -1    0   0   0   0   0   0   0   0   0   5   6   0   1  80   0   0   0   0   0   4  1.72 0.37
   56 S   -1 -3 -2 -3 -4 -2 -3 -2 -3 -4 -4 -3 -4 -5 -3  6  0 -6 -4 -1    0   0   0   0   0   0   0   2   0   0   0   0   0   0   0  91   3   0   0   4  1.54 0.43
   57 R    2  2  2  0 -3  1  3 -2  1 -4 -4  0 -3 -4 -2  2 -1 -5 -3 -3   19  13  10   4   0   6  20   0   3   0   0   2   0   0   0  23   1   0   0   0  0.49 0.17
   58 E   -1  5 -1 -2 -5  2  2 -2 -1 -5 -4  3 -3 -5 -3 -2 -2 -5 -4 -4    3  46   1   1   0   8  17   2   1   0   0  20   0   0   0   1   0   0   0   0  1.01 0.26
   59 P    0 -4 -4 -4 -5 -3 -1 -4  0 -5 -5 -3 -4 -5  8 -2 -3 -6 -5 -4    7   0   0   0   0   0   3   0   2   0   0   0   0   0  83   2   0   0   0   0  2.44 0.42
   60 L   -2 -4 -4 -5 -3 -3 -4 -5 -4  3  4 -3  2 -1 -4 -3 -2 -3 -3  2    0   0   0   0   0   0   0   0   0  16  53   0   6   0   0   0   0   0   0  20  0.77 0.20
   61 A    1  3 -1 -1 -1  2  0 -2  0 -2  0  2 -1 -3 -1  1  0 -1 -3 -2   18  21   0   2   1  10   4   0   2   0  10  15   1   0   2   8   3   1   0   0  0.30 0.11
   62 P   -1  1 -3 -1 -3 -1 -1 -3 -3  1  0 -2 -1 -2  5 -1 -1 -4 -1  1    4  10   0   3   0   2   2   0   0  13   6   0   1   1  33   3   3   0   2  16  0.60 0.15
   63 G   -1 -1  4  2 -2 -2 -2  4 -2 -4 -4 -2 -4 -4 -3  0 -2 -4 -1 -4    1   3  22  12   1   0   0  48   0   0   1   0   0   0   0   6   0   0   3   0  0.85 0.21
   64 Q   -1 -1 -2  1 -5  3  6 -3 -2 -4 -4 -1 -3 -5 -3 -1 -2 -5 -4 -3    3   3   0   6   0  12  69   0   0   0   1   0   0   0   0   2   0   0   0   2  1.25 0.30
   65 V   -2  2 -1 -3 -1  0 -2 -4 -1  3  1  1  1  0 -1 -2  0 -3 -2  2    0  12   3   0   2   3   1   0   1  24  11  12   3   3   3   0   6   0   0  16  0.22 0.11
   66 F   -3 -5 -5 -5 -4 -4 -5 -5 -3  1 -1 -5  0  7 -5 -4 -3 -2  1  3    0   0   0   0   0   0   0   0   0   8   2   0   2  62   0   0   0   0   2  23  1.31 0.32
   67 L   -1  0 -2 -2  3 -1  1 -2 -2 -1  2  0  0  1 -3  0  1 -3  0  0    3   6   0   0  11   0  11   3   0   1  28   5   1   5   0   7   9   0   4   5  0.14 0.10
   68 V   -2 -4 -5 -5  1 -4 -5 -5 -5  4  2 -4  0  0 -4 -4 -2 -4 -3  4    0   0   0   0   4   0   0   0   0  27  20   0   0   3   0   0   0   0   0  45  0.85 0.24
   69 E   -2  5 -1  0 -5  1  4 -4 -2 -5 -3  2 -3 -5 -3 -1 -2 -5 -4 -4    1  41   1   3   0   4  37   0   0   0   2  10   0   0   0   2   1   0   0   0  1.02 0.27
   70 I   -3 -5 -5 -6 -3 -3 -5 -6 -5  5  1 -5  0  3 -5 -4 -3 -4 -2  2    0   0   0   0   0   1   0   0   0  62   9   0   0  17   0   0   0   0   0  11  1.07 0.29
   71 E    0 -2  0  2 -4 -1  4 -3 -2 -1  0 -1 -1 -3 -3  0  0 -4 -2  0    5   0   4  14   0   0  40   0   0   3   9   1   1   0   0   7   5   0   1   8  0.47 0.17
   72 E   -1  1  0  1 -5  2  4 -1  0 -4 -4  3 -3 -4 -3  0 -1 -5 -2 -4    4   5   4   7   0   8  37   4   1   0   0  20   0   0   0   5   2   0   1   0  0.63 0.18
   73 K   -1  0  1 -1  1  0 -1 -3  0  1 -1  1  1  0 -3 -1  2 -4 -2  2    1   3  10   2   4   3   1   0   2   9   3  14   6   4   0   2  17   0   0  18  0.17 0.11
   74 E   -1 -2  0  2 -2  0  4 -2  0 -2 -4 -1 -3 -4 -3  3  1 -5 -4  0    0   0   2  11   1   2  39   2   2   1   0   0   0   0   0  25   8   0   0   7  0.64 0.22
   75 L   -1  2  2  1 -3  0  0  0  1 -3 -1  0 -2 -3  1  1  2 -4 -3 -2    2  18  14   6   0   2   6   6   3   0   9   2   0   0   6   7  19   0   0   0  0.28 0.11
   76 G    0  0  2 -1 -4  0  0  4 -2 -4 -3  1 -3 -3 -3  1 -2 -4 -4 -4    4   5  13   2   0   4   5  40   0   0   2   7   0   1   0  15   0   0   0   0  0.58 0.16
   77 W   -6 -6 -7 -8 -6 -5 -7 -7 -5 -6 -5 -7 -4 -3 -8 -6 -6 12 -1 -6    0   0   0   0   0   0   0   0   0   0   0   0   0   0   0   0   0 100   0   0  4.61 0.71
   78 C    0 -3  1 -3  4 -2 -2 -3 -3 -1 -4 -1 -3 -4 -3  5  1 -5 -4 -3    6   0   5   0  11   0   0   0   0   3   0   2   0   0   0  67   6   0   0   0  1.02 0.32
   79 G   -2 -5 -3 -4 -5 -4 -4  7 -5 -7 -6 -4 -5 -6 -5 -1 -4 -6 -6 -6    0   0   0   0   0   0   0  97   0   0   0   0   0   0   0   3   0   0   0   0  2.16 0.42
   80 H    1 -2  0 -2  0 -2 -2 -1  6 -2 -3 -2 -3 -3 -3  2 -1 -4 -1  2   12   0   4   1   2   0   0   4  34   0   0   0   0   0   0  24   0   0   1  19  0.71 0.26
   81 L   -3 -4 -5 -6 -3 -3 -5 -5 -4  3  4 -4  4 -1 -4 -4 -2 -4 -3  2    0   0   0   0   0   0   0   0   0  16  56   0  14   0   0   0   0   0   0  13  0.92 0.22
   82 R   -3  6 -1 -3 -5  1  0  0  1 -5 -4  1 -3 -5 -4  0 -3 -5 -4 -4    0  72   2   0   0   4   4   7   3   0   0   3   0   0   0   5   0   0   0   0  1.32 0.30
   83 L   -3 -4 -5 -5  3 -4 -5 -5 -4  3  2 -4  0  4 -5 -4 -2 -3 -1  2    0   0   0   0   8   0   0   0   0  29  22   0   0  24   0   0   0   0   0  17  0.71 0.19
   84 G   -2 -5 -3 -4 -5 -4 -4  7 -5 -7 -6 -4 -5 -6 -5 -3 -4 -6 -6 -6    0   0   0   0   0   0   0 100   0   0   0   0   0   0   0   0   0   0   0   0  2.24 0.39
   85 L    0 -4 -5 -5 -3 -4 -4 -5 -4  1  4 -4  0  3 -4 -3 -2 -3 -1  2    8   0   0   0   0   0   0   0   0   4  53   0   0  19   0   0   0   0   0  16  0.72 0.20
   86 T   -2 -3 -2 -3 -3 -3 -3 -4 -4 -2 -2 -3 -2 -4 -3  1  6 -5 -4  0    0   0   0   0   0   0   0   0   0   0   4   0   0   0   0   6  84   0   0   7  1.44 0.37
   87 A    1 -1  1 -2  1  3 -1  1  0 -1 -1 -1  2 -3 -3  1  2  1 -3 -2   13   3   7   0   4  19   2  12   2   3   4   0   7   0   0   8  15   2   0   0  0.23 0.11
   88 L    0  0  1 -3 -3 -2 -1 -4  2  1  3 -1  1  1 -1 -2 -1 -1 -1  1    7   5   8   0   0   0   4   0   9   7  37   1   2   5   3   0   2   1   0   8  0.21 0.10
   89 D   -2 -3  3  6  0 -2  0 -3 -2 -4 -1 -1 -3 -4 -1 -2 -1 -6 -4 -2    3   0  19  54   3   0   1   0   0   0   7   3   0   0   3   0   4   0   0   3  0.93 0.23
   90 P   -3 -4 -4 -4 -5 -4 -3 -5 -4 -1 -4 -3 -4 -5  8 -3 -1 -6 -5 -2    0   0   0   0   0   0   0   0   0   4   0   0   0   0  88   0   4   0   0   3  2.64 0.41
   91 A    1 -1  0  1 -3  1  1  0 -1 -1 -1  0 -1 -2  0  1  1 -3  0 -1   13   2   2  10   0   9   8   7   0   5   5   3   1   0   3  13   9   0   5   4  0.14 0.05
   92 S    1  0  1  0  1  0  1 -1  0 -3 -2  1 -1 -4 -1  2  3 -4 -3 -2    9   4   8   5   4   2   9   2   2   0   2  10   1   0   2  17  22   0   0   2  0.30 0.13
   93 L   -1 -2 -1 -2 -3 -1 -3 -4  0  2  3 -3  1  1  1 -2 -2  0  0  1    3   1   3   2   0   2   0   0   3  12  36   0   4   7   6   3   0   2   3  12  0.30 0.12
   94 A    1  0  0 -1 -1  0  0  1 -1  0 -1  0 -1  1  1  1  0 -3  0  0   18   3   6   3   1   3   5  11   1   6   4   4   0   9   5   8   6   0   2   5  0.08 0.05
   95 A    1 -1  0  1  0  0  1  1 -1 -2 -2  0 -1 -3  0  2  0  1 -3 -2   14   1   4   9   2   5   8  10   2   2   2   7   1   0   4  19   5   3   0   2  0.21 0.10
   96 V   -3 -4 -4 -4  1 -3 -4 -4 -4  2  4 -4  2  0 -4 -2  0 -3 -3  2    1   0   0   0   4   0   0   1   0  15  47   0   4   3   0   3   5   0   0  15  0.66 0.22
   97 P   -3  0 -5 -5 -6 -4 -4 -3 -5 -5 -1 -4 -4 -5  8 -2 -2 -6 -5 -5    0   5   0   0   0   0   0   2   0   0   7   0   0   0  81   2   2   0   0   0  2.42 0.53
   98 E   -2  2 -2  0 -4  3  2 -3 -2 -4 -3  3 -2 -3  1  0  0 -4 -3 -3    1  14   0   3   0  19  17   1   0   0   2  20   0   1   8   6   5   0   0   0  0.58 0.21
   99 F   -1 -4 -4 -3 -1 -1 -4 -3  0 -2 -2 -2  0  4 -5 -3 -2 -1  7 -3    4   0   0   1   2   3   0   2   2   2   3   2   2  22   0   0   2   0  52   0  1.32 0.37
  100 S    4  0  1 -1 -3 -2 -2 -1 -3 -3 -3 -2 -2 -4  0  2 -1 -5 -1  0   46   4   9   3   0   0   0   3   0   0   2   0   1   0   4  21   0   0   3   5  0.59 0.26
  101 L   -2 -4 -4 -5  6 -1 -4 -5 -4  0  3 -4  1 -1 -4  0  0 -4 -1  0    0   0   0   0  25   3   0   0   0   3  41   0   3   2   0   9   4   0   2   6  0.76 0.26
  102 P   -1 -4 -4 -4 -5 -2 -2 -4 -4 -5 -5 -1 -4 -5  7 -1 -3 -6 -5 -4    5   0   0   0   0   2   2   0   0   0   1   4   0   0  79   5   0   0   0   0  2.36 0.50
  103 D   -1 -3  1  6  2 -2  0  0 -3 -5 -5 -1 -1 -5 -4 -1 -2 -6 -5 -4    5   0   6  64   5   0   3   6   0   0   0   3   2   0   0   3   1   0   0   0  1.25 0.34
  104 L   -3 -4 -4 -5 -3 -3 -1 -5 -4  1  5 -4  3  0 -4 -3  0 -4 -3  0    0   0   0   0   0   0   5   0   0   4  69   0   7   3   0   0   6   0   0   5  0.93 0.30
  105 V    1 -3 -1 -3  0 -2 -2  0 -1  2 -1 -2  1 -1 -3 -1  3 -3 -1  2   13   0   2   0   2   0   2   6   1  15   3   0   4   2   0   2  26   0   2  18  0.29 0.16
  106 S   -2  0  4  0 -4  0  0 -2  0 -3 -1  0 -3 -3 -1  2  1 -4  0 -1    0   4  31   3   0   3   6   1   2   0   6   4   0   0   2  24   7   0   3   4  0.46 0.20
  107 L   -2  1 -1  0 -2  0 -1 -3 -2 -1  2  3  4  0 -3  0  0 -4 -3 -1    0   7   1   5   1   4   3   1   0   1  21  21  16   4   0   8   5   0   0   2  0.28 0.17
  108 G   -2 -3 -2  1 -2 -1  0  5  0 -5 -5  0 -4 -5  3  1 -2 -5 -5 -5    0   0   0   8   1   2   6  47   2   0   0   6   0   0  17  11   1   0   0   0  0.88 0.26
  109 H   -1  0  1  1 -4  0 -1  4  1 -4 -4  1 -1 -4  0  0  0 -5 -3 -1    0   6   8   7   0   3   2  35   5   0   0  10   2   0   4   8   6   0   0   5  0.43 0.16
  110 S   -2 -3  1 -3  1 -3 -3 -3 -2 -3 -3 -3 -3  2 -4  4  3 -3  3 -2    0   0   6   0   3   0   0   0   0   0   0   0   0   8   0  42  25   0  14   3  0.81 0.32
  111 W   -6 -2 -7 -8 -7 -6 -7 -7 -5 -6 -5 -7 -5 -1 -8 -7 -7 12  0 -6    0   2   0   0   0   0   0   0   0   0   0   0   0   2   0   0   0  94   2   0  4.42 0.80
  112 V    2 -4 -4 -5 -3 -4 -4 -2 -4  4  0 -4 -1 -3 -4 -2 -2 -4 -3  3   26   0   0   0   0   0   0   2   0  34   7   0   0   0   0   0   0   0   0  31  0.74 0.26
  113 F   -3 -1 -3 -4  0 -2 -3 -5 -2  0  0  3 -2  5 -4 -2 -3 -2  3  1    0   2   0   0   3   0   0   0   0   3   8  30   0  30   0   1   0   0  10  14  0.64 0.25
  114 A    5 -3 -3 -3 -3 -3 -1 -1 -3 -4 -4 -3 -3 -5  3  2 -2 -5 -4 -3   58   0   0   0   0   0   4   3   0   0   0   0   0   0  16  19   0   0   0   0  1.02 0.33
  115 I   -2 -4 -5 -6 -3 -4 -5 -5 -5  4  3 -4  2 -2 -4 -4 -2 -4 -3  2    3   0   0   0   0   0   0   0   0  36  38   0   6   0   0   0   0   0   0  17  0.87 0.23
  116 T    0 -2  0 -2 -3 -2  0 -2 -1 -3 -3  0 -3 -1  2  3  4 -5 -3 -2    3   0   3   0   0   0   4   1   1   0   0   7   0   3   9  28  40   0   0   0  0.66 0.21
  117 R   -1  3  1  0 -4  0  3 -3 -2 -4 -4  4 -3 -4  0  0  0 -5 -3 -3    2  14   6   2   0   0  24   0   0   0   0  38   0   0   3   4   5   0   0   0  0.68 0.17
  118 H    0  2  1 -2 -3  0 -1 -2  4 -2 -3 -1  0  0 -2  3  1 -3 -1 -1    8  12   8   0   0   4   0   0  19   0   0   0   2   4   0  28   7   0   0   5  0.39 0.13
  119 H   -2 -1  0 -2  0  1 -2  0  7 -3 -1 -2 -2 -1  0 -1 -2  3  4 -3    1   2   4   0   2   7   1   6  38   0   6   0   0   0   4   4   1   5  18   1  0.71 0.18
  120 N   -1 -2  6 -1  0 -1 -2  0 -1 -3 -2 -2 -2 -3 -3  1  1 -4 -1 -1    4   0  57   0   3   0   0   5   0   0   4   0   0   0   0   8   7   0   3   6  0.75 0.19
  121 R   -2  5  0 -2 -4  0 -1 -3 -1  0 -1  3 -2 -3 -3  0 -1 -4 -3  0    0  41   5   0   0   0   0   0   0  10   3  24   0   0   0   8   0   0   0   6  0.58 0.14
  122 V    0 -3 -3 -4 -2 -3 -3 -3 -3  1  1 -3  0  1 -3 -1  0  4 -1  4    8   0   0   0   0   0   0   0   0   0  15   0   0   8   0   4   5   8   0  49  0.40 0.11
  123 P   -1 -1  0  1 -3  0 -1 -1  1  1 -1  0 -1 -1  4  1  0 -3 -2  0    1   0   5   9   0   3   1   3   4  11   6   9   0   3  22  12   2   0   0   9  0.29 0.05
  124 R   -1  2  0  1 -3  1  3  1 -1 -2 -2  1 -2 -3  0  1 -1 -3 -3 -1    1  12   3   7   0   7  23  13   0   1   1   9   0   1   3   9   1   0   0   7  0.28 0.05
  125 E    0  0  1  2 -3  1  3 -2 -1 -1 -2  0 -2 -2 -2  0  1 -3  0 -2    8   4   9  12   0   3  35   1   0   5   1   1   0   1   1   1  13   0   4   1  0.38 0.07
  126 G    1 -2  1  2 -2 -1  0  2  2 -2 -2 -1 -2 -1 -2  0  0 -3 -2 -2   20   1   9  14   0   1   4  21   8   4   1   1   0   4   1   6   4   0   0   1  0.25 0.06
  127 Q    1  3  0  0 -2  2  1 -1  0  0 -1  0  1 -2 -2  0 -1 -3 -2 -1   14  20   4   6   0  10  10   4   3   9   1   1   9   1   1   6   1   0   0   1  0.18 0.06
  128 P    1 -2  0  2 -3 -1  0  0 -1 -2 -1 -1 -2  0  3  0  0 -2  2 -2   12   1   5  14   0   1   7   8   0   1   5   1   0   6  19   4   9   0   9   1  0.30 0.06
  129 E   -1 -1  1  2  2  1  3  0 -1 -2 -1  0 -2 -3  0 -1  0 -3 -3 -1    1   1   7  15   8   6  25   9   0   1   8   5   0   0   3   1   5   0   0   4  0.26 0.06
  130 A    1  0  0  0  2  0  0  1 -1 -2 -1 -1 -1 -1  2  1  0 -3  0 -1   10   5   4   3   8   5   6  14   0   0   5   0   0   4   9  15   4   0   3   3  0.14 0.03
  131 E   -1  1 -1  0 -3  2  3  1 -1 -1 -2  2 -2 -3  0  0 -1 -3 -3 -1    1   6   1   4   0   8  30  13   0   6   1  14   0   0   3   6   1   0   0   5  0.32 0.07
  132 A    1 -1 -1  0 -2  0  1 -1  2 -1 -2 -1 -2 -2  1  3  1 -3 -2 -1   15   1   1   4   0   4   8   1   9   5   1   1   0   1   6  30   9   0   0   3  0.28 0.07
  133 A    2 -1 -1 -1 -2  1  0  2  1 -1 -2 -1 -1 -2 -1  1  0 -2  0 -1   25   1   1   1   0   7   6  19   6   6   2   1   0   1   1  10   5   0   5   5  0.18 0.04
  134 V    0 -2  0 -2 -2 -1 -2 -2 -2  2  1 -1  1 -1 -2 -1  1 -2  1  1    7   1   5   1   0   1   1   2   1  16  18   1   6   1   1   2  16   0   6  13  0.13 0.04
  135 P   -1  2  0 -1 -3  0  0  2 -1 -3 -3  0 -2 -2  4 -1  0 -2  1 -2    1  15   6   1   0   4   7  20   0   1   1   5   0   1  22   1   6   0   7   1  0.44 0.08
  136 S    0 -1  1  1 -2  0  2  1 -1 -2 -1 -1 -1 -2 -2  2  1 -2  0 -1    4   1   5  11   0   1  16  11   0   1   5   1   0   1   1  18  14   0   6   5  0.20 0.05
  137 G    1  0  0 -1 -2 -1 -1  3  1 -2 -3  1 -2 -3 -2  2 -1 -3 -2 -1    8   6   5   1   0   1   1  32   5   1   1   8   0   1   1  22   1   0   1   6  0.35 0.07
  138 P    0  0  2 -1 -2 -1  1 -1 -1  0 -1 -1 -1  0  3  0 -1 -3 -2  0    6   5  18   1   0   1  10   4   0  10   2   1   0   6  17   7   1   0   1   8  0.24 0.05
  139 Q   -1  0  1  2 -3  3  0  0 -1 -3 -2  2 -2  0 -1  0  0  1 -2 -2    1   3   5  13   0  19   3   6   0   1   4  21   0   7   3   6   6   2   0   1  0.26 0.08
  140 A    1  0  0 -1 -2  0  0  0  2  0 -1 -1 -1 -2  1  1  1 -3 -1 -1   19   5   5   1   0   5   6   6   8  12   2   1   0   1   5  10  11   0   1   1  0.14 0.05
  141 L   -1 -2 -2 -2 -2  1 -1 -2 -2  1  1 -2  0  3  1 -1  0  5  0  0    2   1   1   1   1   8   2   2   1   9  16   2   1  19   9   2   6  10   1   7  0.23 0.06
  142 L    0 -2  1 -2 -2 -1 -2 -2 -1  1  1 -1  1  2 -2  0  0 -1  3  0    6   1   8   1   0   1   1   2   0  11  16   1   4   8   1  10   7   0  19   1  0.15 0.05
  143 V   -1  1 -1  0  3 -1  1 -2 -2 -1 -1 -1 -1 -2 -2  2  2 -3 -2  1    1  10   1   6  10   1  10   1   0   1   5   1   0   1   1  17  20   0   1  12  0.19 0.07
  144 E    1 -1  1  3 -3  0  3  2 -1 -3 -3  0 -3 -3 -2  1  0 -4 -3 -3   11   0   5  17   0   0  27  18   0   0   1   4   0   0   0   9   6   0   0   1  0.42 0.09
  145 P   -1  1  3 -1 -3 -1  0  0 -1 -3 -3  0 -2 -2  4  1 -1 -3  1 -1    0   8  21   0   0   0   4   8   0   0   0   5   0   0  22  15   0   0   8   6  0.45 0.11
  146 Y    0 -2 -2 -3  2 -2 -2  0  3  1 -1 -1 -1  0 -3 -1 -1  3  4  1   12   0   0   0   5   0   1   9   9   9   1   5   0   2   0   1   0   6  22  17  0.25 0.09
  147 L   -2 -3 -4 -4  3 -3 -4 -1 -4  2  4 -3  1 -1 -4  0 -2 -3 -3  1    0   0   0   0   8   0   0   5   0  16  57   0   0   0   0   9   0   0   0   5  0.52 0.15
  148 R   -1  2  1 -2 -3  1 -1  0  1 -1  0  1 -1 -1 -2  0  0 -2  1  0    0  18  11   0   0   7   0   9   4   0  11   9   0   0   0   5   7   0   8  10  0.15 0.06
  149 I   -1 -3 -2 -1  1 -2 -1 -3 -3  2 -1 -2 -1  1  1  0  2 -3 -2  2    0   0   0   4   4   0   5   0   0  20   0   0   0   7   8   5  23   0   0  22  0.26 0.10
  150 E   -1  0  2  1  1  0  2  3 -2 -4 -4 -1 -3 -4  1  1 -1 -4 -4 -4    0   5  10   7   4   4  18  30   0   0   0   0   0   0   8  13   0   0   0   0  0.49 0.11
  151 Q   -1  3  3 -1 -4  2 -1  0  1 -4 -3  0 -2 -2 -3  2  1 -3  2 -3    0  20  19   0   0  14   0   5   4   0   0   0   0   0   0  19   8   0  10   0  0.46 0.14
  152 F    0 -2 -2 -2 -2 -1 -1  1  1  1 -1  0 -1  2 -3  1  1 -3 -1  1    7   0   0   0   0   0   5  13   6   9   0   7   0  16   0   9  12   0   0  18  0.13 0.07
  153 R   -1  4  1 -2 -3 -1 -2 -3  2  0  0  0  1 -3 -3  0  0 -4 -2  0    5  40   9   0   0   0   0   0   8   7   8   0   5   0   0   9   4   0   0   6  0.39 0.13
  154 I   -2 -3 -4 -4 -2 -3 -3 -4 -3  3  2 -1  0  2 -4 -2  0  4 -1  2    0   0   0   0   0   0   0   0   0  28  26   5   0  11   0   0   8   8   0  14  0.45 0.12
  155 P   -2 -3  2  1 -4 -2 -2 -3  1 -4 -4 -2 -3 -4  6 -1 -2 -4  0 -1    0   0  11  10   0   0   0   0   5   0   0   0   0   0  60   4   0   0   5   6  1.47 0.23
  156 R   -1  4 -1 -2  2  1 -1  1 -1 -3 -2  1 -2 -3 -3  1  0 -4  0 -3    0  42   0   0   8   7   0  10   0   0   4   4   0   0   0  17   5   0   4   0  0.51 0.15
  157 D   -1 -2  3  4 -4  1  0  0  3 -4 -4 -1 -3 -4 -3  3 -1 -5 -3 -4    0   0  14  32   0   8   0   8  10   0   0   0   0   0   0  28   0   0   0   0  0.68 0.17
  158 R   -1  1  0 -2 -3  0  0 -2  3 -1  1  2  2 -1 -2  1  0 -2  1 -2    4   8   5   0   0   0   6   0  10   0  16  17   9   0   0  10   6   0   7   0  0.18 0.08
  159 L   -2 -4 -4 -5 -3 -3 -4 -1 -4  2  4 -4  1  2 -4 -3 -2 -3 -1  1    0   0   0   0   0   0   0   5   0  13  63   0   0  10   0   0   0   0   0  10  0.67 0.16
  160 V   -1  1 -3 -4  2 -2 -3 -4 -3  2  1 -1  0  1  1 -2 -1 -3 -1  2    3   9   0   0   7   0   0   0   0   9  19   4   0  10   8   0   0   0   0  29  0.25 0.09
  161 G   -1 -2 -2 -2 -3 -2 -2  4 -3 -3 -1  0 -2  0  2  0  2 -4 -2 -3    0   0   0   0   0   0   0  43   0   0   5   7   0   7  13   5  18   0   0   0  0.56 0.13
  162 R    1  3  1  0 -3 -1 -1 -2 -1  0 -2  1 -1  1  1  1 -1 -3 -2 -1   12  25   6   7   0   0   1   1   0   9   1   9   0   8   5  11   0   0   0   5  0.21 0.07
  163 S    1  2  1  0  3 -1 -1  0 -2 -2 -2 -1 -2 -3 -2  3  1 -3 -3 -2    9  14   6   5  12   0   1   8   0   0   5   0   0   0   0  30   9   0   0   1  0.30 0.10
  164 R   -1  4 -1 -2 -4  1 -1  1  4 -3 -1  2 -2 -3 -3  1 -1 -4 -2 -3    0  36   0   0   0   5   0  10  15   0   6  12   0   0   0  14   0   0   0   0  0.54 0.14
  165 P   -1  1  1  0 -3 -1 -1 -3 -2  0 -2 -1 -2 -3  5  1  2 -4 -3  0    0  13   9   5   0   0   0   0   0   7   0   0   0   0  31  13  14   0   0   6  0.60 0.10
  166 G    1 -2  0  1 -3 -2 -2  4 -2 -3 -3 -2 -3  1 -2  0 -1 -3 -2 -3    9   1   4   8   0   1   1  53   0   1   1   1   0  11   1   8   1   0   0   1  0.61 0.10
  167 L   -1  2 -2 -2 -2  0  1 -3  1  0  2 -1  1 -1  2 -1 -1 -3 -2  0    5  15   1   1   0   1  13   1   5   4  26   1   5   1  13   1   1   0   1   6  0.22 0.05
  168 Y   -1 -1 -1 -1 -2  0  2 -1  2 -1 -2  0 -1  0  1  0  1 -1  3  0    2   1   1   1   0   1  17   5   7   1   2   5   1   3   5   6  12   0  19   9  0.17 0.05
  169 S    1 -1 -1 -1  1  0 -1  0 -2 -2 -3 -1 -2 -3  2  4  2 -3 -2 -2    6   1   1   1   4   5   1   4   0   1   1   1   0   0   9  49  17   0   0   1  0.51 0.11
  170 H    0 -1  2  0 -2 -1 -1 -2  5  1 -1  0 -1 -1 -2  0  1 -2  2  0    6   1  13   5   0   1   1   1  23  11   1   5   0   1   1   4   8   0   9   9  0.22 0.06
  171 L   -1  0  0 -2 -2 -1 -1  0 -2  2  2 -1  0 -1 -2  0 -1 -2 -2  0    1   5   5   1   0   1   6   9   0  28  28   1   0   1   1   9   1   0   1   1  0.13 0.05
  172 L   -1  1 -1 -2  1  1 -1 -3  2  0  2  1  0 -1 -2 -1  0 -2 -1 -1    1   5   1   1   4   9   1   1   8   1  41  15   0   1   1   1   5   0   1   1  0.20 0.06
  173 D   -1 -1  2  4 -3  1  2 -1 -1 -2 -2 -1 -2 -3 -1  1  1 -3 -2 -2    2   1   9  38   0   5  10   2   1   1   2   1   1   1   1  13   8   0   1   2  0.47 0.06
  174 Q    0 -1  1  1 -2  1  1  1 -1 -2 -1  0 -1 -2  1  2  0 -2 -2 -2    2   1   5   7   0   8  10  10   1   1   9   6   1   1   8  25   1   0   1   2  0.21 0.03
  175 L   -1 -1 -1 -2 -2 -1 -2  2 -2  0  2  0  0  1 -2 -1  1 -2 -1 -1    2   1   1   2   1   1   2  20   1   1  37   6   1   8   1   2  10   0   1   2  0.15 0.04
  176 Y   -1  1  1  0 -2  0 -1 -2  3 -2 -2  1 -1  1 -1 -1  1 -1  3 -2    2  10   9   6   1   1   2   2  11   1   3  11   1   8   1   2   9   0  18   2  0.21 0.04
  177 E    0  1  1  0 -3  0  2 -1  2 -2 -2  2  1 -3  0  1 -1 -3 -2 -2    5   5   7   4   0   1  22   5   8   1   1  16   8   0   4  10   1   0   0   1  0.26 0.05
  178 Q    1  0  0  0 -2  2  1  0 -1 -2 -1  2 -1 -3 -2  1  1 -3 -2 -2   15   0   4   4   0  13   7   7   0   0   4  15   2   0   0  14  11   0   0   1  0.24 0.04
  179 N   -2 -1  4  2 -3  0  0  0  2 -3 -2  1  2 -3 -3 -1  0 -4 -2 -3    0   0  40  11   0   0   3   8   7   0   0  10  11   0   0   0   7   0   0   0  0.49 0.09
  180 V   -1 -2 -2  1 -2  0  0 -1 -2  3  0 -2  0  1 -3  0 -1 -3 -1  2    4   0   0  11   0   6   5   4   0  31   4   0   0   8   0   9   0   0   0  17  0.14 0.05
  181 L   -2 -3 -3 -4 -2 -3 -3  0 -3  2  3 -3  3  1 -3 -3 -2 -2 -1  0    0   0   0   0   0   0   0   8   0  21  49   0  12   6   0   0   0   0   0   0  0.47 0.09
  182 P   -1 -2 -2 -2 -2  1 -1 -3 -2  1  2 -1  0 -1  4  0 -1 -3 -2  0    1   1   1   1   0   9   1   1   0   9  29   1   0   1  30   8   1   0   1   6  0.51 0.06
  183 P    2 -3 -3 -3 -3 -2 -2 -3 -3 -3 -2 -2  0 -4  7 -1  0 -4 -4 -2   18   0   0   0   0   0   0   0   0   0   3   0   3   0  66   0   6   0   0   0  1.66 0.19
  184 T   -1 -3 -1 -1 -3 -2 -2  0 -3 -2 -3 -2  0 -3 -3  1  6 -5 -3  0    0   0   0   2   0   0   0   6   0   0   0   0   2   0   0   7  77   0   0   5  1.01 0.23
  185 A    1 -2  0  5  0 -1  2  0 -2 -4 -2 -2 -3 -4 -3  0 -2 -5 -4 -3   20   0   0  48   3   0  14   6   0   0   5   0   0   0   0   4   0   0   0   0  0.69 0.14
  186 R   -1  3  1 -2 -3 -1 -1 -3 -2  2 -1  1  0 -2 -3 -1  0 -4 -3  3    4  23  10   0   0   0   2   0   0  13   0   9   2   0   0   0   7   0   0  30  0.29 0.10
  187 R   -1  1 -2 -3 -5 -3 -3  6  0 -6 -5 -1 -4 -5 -4 -2 -3 -5 -4 -5    0  11   0   0   0   0   0  85   3   0   0   2   0   0   0   0   0   0   0   0  1.48 0.22
  188 S    0 -2  1 -2 -3 -2 -2 -2 -2 -4 -4 -2 -3 -4 -3  6  1 -5 -3 -3    0   0   6   0   0   0   0   0   0   0   0   0   0   0   0  89   5   0   0   0  1.24 0.27
  189 R   -3  6 -2 -3 -5 -1 -2 -4 -2 -2  1  1 -2 -3 -4 -2 -2 -4 -3 -1    0  77   0   0   0   0   0   0   0   0  14   2   0   0   0   0   0   0   0   6  1.20 0.23
  190 L   -3 -4 -5 -5 -3 -4 -5 -6 -5  6  2 -4  0 -1 -4 -4 -2 -4 -3  2    0   0   0   0   0   0   0   0   0  77  12   0   0   0   0   0   0   0   0  11  1.05 0.21
  191 G    0 -4 -2 -3 -4 -3 -4  6 -4 -6 -5 -3 -4 -5 -4 -2 -3 -5 -5 -5    7   0   0   0   0   0   0  93   0   0   0   0   0   0   0   0   0   0   0   0  1.75 0.25
  192 V   -2 -4 -4 -5 -2 -3 -4 -5 -4  3  1 -4  2 -2 -4 -3 -1 -4 -3  5    0   0   0   0   0   0   0   0   0  23   7   0   4   0   0   0   0   0   0  65  0.88 0.18
  193 L   -2 -3 -3 -4 -3  1 -3 -4 -2  1  2 -2  5 -1 -4 -2  1 -2  3  1    0   0   0   0   0   7   0   0   0   9  20   0  29   0   0   0  13   0  13   8  0.47 0.14
  194 F   -4 -4 -4 -5 -4 -4 -5 -5  0 -3 -1 -4 -2  3 -5 -4 -3  4  8 -3    0   0   0   0   0   0   0   0   0   0   4   0   0  11   0   0   0   5  80   0  1.85 0.29
  195 C    0  1 -2 -2  2 -1  0 -3 -2  1  1  1  0 -1 -2  0  0 -3 -2  1    5  10   1   1   7   1   7   1   0   6  21  10   0   0   1   5   4   0   0  19  0.11 0.04
  196 P   -2 -3 -2 -3 -4 -2  1 -4 -3  1 -3 -1 -3 -4  7 -2  0 -5 -4 -1    0   0   2   0   0   0  10   0   0  11   0   2   0   0  63   0   7   0   0   4  1.55 0.21
  197 R   -1  3  0 -1  3  2 -1 -3 -1 -1 -1  0 -1 -2 -2  0  1 -2  1  0    1  22   5   4   9  12   0   1   0   3   6   4   0   0   0   2  16   0   7   9  0.20 0.07
  198 E    0  0  1  1 -3  0  2  2 -2 -2 -3  0 -2 -3  1  1  0 -4 -3  0    4   5   7  10   0   0  19  17   0   0   1   2   0   0   7   9   4   0   0  12  0.25 0.06
  199 D   -2  0  0  4 -4  1  1 -1  1 -1 -3  0 -2  0 -1  0 -1 -4 -2 -2    0   4   2  39   0   9   9   5   4   7   0   6   0   6   1   4   2   0   0   2  0.43 0.10
  200 G   -1  0  2  2 -3  0  0  3  2 -3 -1  1 -2 -3 -2 -1 -1 -3 -2 -3    1   5  11  16   0   5   3  29   7   1   8   8   0   1   1   3   1   0   0   1  0.32 0.06
  201 T   -1 -1 -2 -2 -3  1  0 -3 -2  0  1  0  3  3 -3  1  1 -2  1  0    0   0   0   0   0   9   5   0   0   2   9   7  14  18   0  12  14   0   4   6  0.19 0.07
  202 A    5 -3 -3 -3  1 -2 -2  0 -3 -3 -2 -2 -2 -3  2  0 -1 -4 -3 -2   77   0   0   0   4   0   0   6   0   0   4   0   0   0   9   0   0   0   0   0  0.82 0.18
  203 D   -2  2 -1  3 -4  2  3 -3  3 -2 -3  0 -2 -3 -2 -1 -2 -4 -2  1    0  18   0  18   0   7  31   0   9   0   0   0   0   0   0   0   0   0   0  15  0.50 0.11
  204 M   -3 -3 -4 -5 -3 -2 -4 -5 -4  2  2 -3  8 -1 -4 -3 -2 -3 -3  0    0   0   0   0   0   0   0   0   0   9  18   0  73   0   0   0   0   0   0   0  1.30 0.25
  205 H   -3  0 -1 -3 -5 -1 -2 -4  9 -5 -4 -2 -4 -2 -4 -3 -3 -3  3 -5    0   3   0   0   0   0   0   0  84   0   0   0   0   0   0   0   0   0  13   0  2.01 0.30
  206 I   -3 -4 -4 -5 -3 -4 -4 -5 -3  3  2 -4  0  5 -4 -3 -2 -1  2  1    0   0   0   0   0   0   0   0   0  24  17   0   0  47   0   0   0   0   4   8  0.77 0.14
  207 I   -2 -4 -4 -5 -2 -4 -4 -5 -4  5  2 -4  0  1 -4 -3 -2 -3 -2  3    0   0   0   0   0   0   0   0   0  63  14   0   0   7   0   0   0   0   0  16  0.78 0.16
  208 I   -2 -4 -4 -5 -2 -3 -4 -5 -4  4  2 -3  1 -1 -4 -1 -1 -4 -2  2    0   0   0   0   0   0   0   0   0  53  25   0   0   0   0   7   0   0   0  16  0.65 0.14
  209 N   -3 -2  7  2 -5 -1 -1 -2 -1 -5 -5 -1 -4 -5 -4 -1 -2 -6 -4 -5    0   0  90  10   0   0   0   0   0   0   0   0   0   0   0   0   0   0   0   0  1.70 0.27
  210 G   -1 -3  1 -2 -4 -3 -3  6 -3 -4 -4 -3 -4 -4 -4 -2 -3 -5 -5 -1    0   0   8   0   0   0   0  84   0   0   0   0   0   0   0   0   0   0   0   9  1.37 0.20
  211 E   -2  0  2  1 -4  1  4 -3 -1 -2 -3 -1 -2  1 -3  0 -1 -4 -2  0    0   3  16   7   0   2  45   0   0   0   0   0   0   8   0   7   0   0   0  11  0.53 0.12
  212 D   -2 -3  0  6 -4 -1  2 -3 -2 -3 -4 -2 -4  0 -3  0 -2 -5 -3 -1    0   0   0  72   0   0   8   0   0   0   0   0   0   5   0   9   0   0   0   7  1.13 0.19
  213 M   -2  1 -2 -3 -3  4 -1 -4 -1  1  2 -1  3 -1 -3 -2 -2 -2  1  1    0  10   0   0   0  30   0   0   0   8  22   0  12   0   0   0   0   0   7  11  0.38 0.11
  214 G   -1 -2 -2 -2  2  1  0  5 -3 -3 -2  0 -3 -4 -3 -1 -2 -4 -4 -1    0   0   0   0   8   9   8  61   0   0   4   7   0   0   0   0   0   0   0   5  0.77 0.14
  215 P    1 -3 -3 -3 -3 -2 -2 -3 -3  1 -2 -2 -2 -3  6  0 -1 -4  0  1   13   0   0   0   0   0   0   0   0   8   0   0   0   0  49   9   0   0   4  17  1.09 0.15
  216 S    1 -2  1 -3  6 -2 -2 -2 -3 -1 -1  0 -1  1 -3  1 -1  1 -2  1   15   0   8   0  28   0   0   0   0   0   5   8   0   8   0  15   0   2   0  12  0.33 0.10
  217 A    2 -2 -2 -1  3 -1  1 -1 -2 -1 -2 -2  0  1 -2  1  1 -3 -2  1   31   0   0   2   9   0  10   3   0   3   0   0   2   8   0  11  11   0   0  11  0.22 0.07
  218 R   -1  3  0  0 -3  0  1  0 -1 -3 -2  2  0 -3 -2  1  1 -3 -3 -2    1  28   2   6   0   2   9   9   0   0   1  15   4   0   0  11  12   0   0   0  0.37 0.07
  219 G   -2  0  1  3 -4  1  1  1  0 -1 -2 -1 -2  1  1 -1  0 -3 -1 -2    0   4   5  24   0   7   7  11   2   6   2   2   0   9   7   3   6   0   1   2  0.23 0.06
  220 L   -1 -3 -4 -4 -2  0 -3 -5 -4  4  2 -3  2 -1  1 -3 -2 -3 -3  2    4   0   0   0   0   5   0   0   0  46  23   0   7   0   6   0   0   0   0   9  0.54 0.13
  221 P   -1 -3 -3 -1 -5 -3 -3 -4  2 -5 -5 -3 -4 -4  7 -2 -3 -5  0 -4    5   0   0   4   0   0   0   0   6   0   0   0   0   0  82   0   0   0   3   0  2.30 0.28
  222 A    0 -1  0  0 -3  1 -1 -2 -1 -1  1  1  1  1 -3  1  1 -1  3 -2    6   0   5   5   0   7   0   1   0   0  16   9   4   6   0  13   8   0  20   0  0.18 0.07
  223 A    1 -1  2  3 -3  1  1 -1  3 -3 -3  0 -3 -4 -2  1  1 -4 -2 -3   13   0   9  25   0   4   7   3   9   0   0   5   0   0   0  12  13   0   0   0  0.43 0.08
  224 Q    0  3  0  1 -4  2  1  0  1 -3 -3  2 -2 -4 -2  0  0 -4 -3 -1    5  19   2   7   0  12  10   9   3   0   0  18   0   0   0   5   4   0   0   7  0.34 0.07
  225 P   -1 -4 -1 -2 -5 -3 -3 -4 -4 -5 -5 -3 -4 -5  8 -2 -3 -6 -5 -4    3   0   3   2   0   0   0   0   0   0   0   0   0   0  92   0   0   0   0   0  2.72 0.29
  226 L   -3 -4 -5 -5 -3 -4 -5 -5 -4  2  4 -4  1  3 -4 -4 -2 -3 -1  0    0   0   0   0   0   0   0   0   0  11  73   0   0  17   0   0   0   0   0   0  0.89 0.16
  227 Y   -3  1 -3 -4 -4 -2 -3 -5  5 -3 -2 -3 -3  4 -4 -3 -3  0  7 -3    0   8   0   0   0   0   0   0  17   0   0   0   0  17   0   0   0   0  59   0  1.37 0.22
  228 A    5 -3 -3 -4  2 -2 -2 -2 -3 -1 -2 -2 -2 -3 -2  0 -1 -4 -3  2   79   0   0   0   5   0   0   0   0   0   0   0   0   0   0   0   0   0   0  16  0.88 0.20
  229 V   -2 -4 -4 -5 -2 -4 -4 -2 -5  2 -1 -4 -1 -2 -4 -3 -1 -4 -3  6    0   0   0   0   0   0   0   3   0   5   0   0   0   0   0   0   0   0   0  92  1.11 0.23
  230 V    0 -4 -4 -5 -2 -3 -4 -4 -4  3  0 -4  0 -2 -4 -3 -1 -4 -3  5    9   0   0   0   0   0   0   0   0  13   0   0   0   0   0   0   0   0   0  79  0.93 0.19
  231 D   -3 -3  0  7 -5 -2  0 -3 -2 -5 -6 -2 -5 -5 -3 -2 -2 -6 -5 -5    0   0   0 100   0   0   0   0   0   0   0   0   0   0   0   0   0   0   0   0  1.93 0.21
  232 V   -1 -4 -4 -5 -2 -3 -4 -5 -4  3  0 -4  0 -2 -4 -3 -1 -4 -3  5    0   0   0   0   0   0   0   0   0  10   0   0   0   0   0   0   0   0   0  90  1.01 0.16
  233 F   -3 -4 -4 -5 -4 -3 -4 -5  0 -2 -2 -4 -2  5 -5 -3 -3  1  7 -3    0   0   0   0   0   0   0   0   0   0   0   0   0  28   0   0   0   0  72   0  1.66 0.19
  234 A    2 -3 -2 -3 -4 -3 -3  6 -3 -5 -4 -3 -4 -4 -3  0 -2 -4 -4 -4   16   0   0   0   0   0   0  80   0   0   0   0   0   0   0   4   0   0   0   0  1.31 0.14
  235 S    0 -1  1 -2  2 -1 -2 -2 -2  0 -2  0 -1 -3 -2  2  4 -4 -3 -1    6   2   6   0   6   0   0   0   0   9   0   6   0   0   0  14  52   0   0   0  0.51 0.10
  236 T   -1 -3 -1 -2 -2 -2 -2 -3 -3 -2 -3 -2 -2 -3 -3  0  6 -5 -3 -1    0   0   0   0   0   0   0   0   0   0   0   0   0   0   0   0 100   0   0   0  1.41 0.22
  237 K   -2  3 -1 -2 -5  0 -1 -3 -2 -4 -4  6 -3 -4 -2 -2 -2 -5 -3 -4    0  12   0   0   0   0   0   0   0   0   0  88   0   0   0   0   0   0   0   0  1.31 0.18
  238 S    0  1 -1 -1 -4  5  3 -3  1 -4 -3  1 -2 -4 -2  1  0 -4 -3 -3    6   8   0   0   0  44  20   0   4   0   0   2   0   0   0  14   2   0   0   0  0.72 0.11
  239 V   -1 -4 -4 -5 -2 -3 -4 -5 -4  3  0 -4  0 -2 -4 -3 -1 -4 -3  5    0   0   0   0   0   0   0   0   0  17   0   0   0   0   0   0   0   0   0  83  0.96 0.15
  240 R   -2  6 -1 -3 -5  2 -1 -3 -1 -4 -4  2 -2 -4 -3 -2  0 -4 -3 -3    0  73   0   0   0  10   0   0   0   0   0  11   0   0   0   0   6   0   0   0  1.20 0.16
  241 L   -2 -4 -4 -5 -2 -3 -4 -5 -4  4  2 -4  1 -1 -4 -3 -1 -4 -2  4    0   0   0   0   0   0   0   0   0  49  14   0   0   0   0   0   0   0   0  37  0.74 0.11
  242 V   -2  1 -4 -4 -2 -3 -3 -5 -4  4  1 -2  0 -1 -4 -3 -1 -4 -2  4    0  10   0   0   0   0   0   0   0  33   9   0   0   0   0   0   0   0   0  48  0.58 0.10
  243 Q   -2  0 -1 -2 -4  6  1 -3  2 -4 -3  0 -2  0  2 -1 -2 -3 -2 -3    0   0   0   0   0  72   3   0   6   0   0   0   0   6  10   4   0   0   0   0  1.10 0.17
  244 L   -2 -3 -4 -5 -2 -3 -4 -5 -4  2  3 -3  3 -1  0 -3 -2 -3 -2  2    0   0   0   0   0   0   0   0   0   6  53   0  10   0   6   0   0   0   0  25  0.59 0.09
  245 E    0 -1  1  1 -2  0  2  1 -1  0 -1  0 -1 -1  1  0  0 -1 -1 -1    9   3   7   5   1   2  25  10   1   9   5   3   1   2   7   4   3   1   2   3  0.15 0.01
  246 Y   -3  0 -2 -2  0 -2 -3 -4  3 -1 -2 -2 -2  1  1 -2 -2  0  7 -2    0   6   0   2   3   0   0   0  10   5   0   0   0   0   7   0   0   0  63   0  0.99 0.14
  247 G    1  0  0 -1  0 -1  1  4 -2 -3 -3  0 -2 -3 -2  0  0 -3 -3 -2   13   7   5   0   3   0  11  43   0   0   1   3   0   0   0   1   7   0   0   3  0.43 0.06
  248 L   -1 -2 -2 -3 -2 -2 -2 -3 -2  2  1 -2  3  2 -3  1 -1 -2 -1  1    0   0   0   0   0   0   0   0   0  14  14   0  14  14   0  14   0   0   0  14  0.15 0.07
  249 P    0  1 -1 -2  4 -2 -2 -3 -2 -2 -1  0 -2 -3  5  1  2 -4 -3 -1    4   8   2   0  15   0   0   0   0   0   5   4   0   0  32  12  15   0   0   3  0.66 0.10
  250 S    2  1 -1 -2 -2 -1 -1 -2 -2 -2 -2 -1  1 -3 -2  4  2 -4 -3 -2   20   8   0   0   0   0   0   0   0   0   0   0   8   0   0  48  16   0   0   0  0.55 0.13
  251 L   -2 -4 -5 -5 -3 -3 -4 -5 -4  1  5 -4  1 -1 -4 -3 -2 -3 -2  2    0   0   0   0   0   0   0   0   0   0  85   0   0   0   0   0   0   0   0  15  0.89 0.17
  252 Q   -2  2 -1 -2 -4  6  0 -3  0 -4 -3  1 -1 -3 -3  0  1 -3  1 -3    0  15   0   0   0  60   0   0   0   0   0   4   0   0   0   8   8   0   5   0  0.87 0.18
  253 T    0 -2  2  1 -3 -1  1 -2  2 -3 -3 -1 -2 -3 -2  2  4 -4 -2 -2    6   0  10   8   0   0  12   0   8   0   0   0   0   0   0  19  38   0   0   0  0.49 0.11
  254 L    2 -3 -3 -4  1 -2 -3 -3 -2  1  3 -2  2 -1 -3 -1 -1 -2  1  1   30   0   0   0   4   0   0   0   0   3  41   0   8   0   0   0   0   0   8   6  0.34 0.10
  255 C   -2 -5 -4 -5 10 -5 -6 -5 -5 -3 -3 -5 -3 -4 -5 -3 -3 -4 -4 -2    0   0   0   0 100   0   0   0   0   0   0   0   0   0   0   0   0   0   0   0  2.46 0.24
  256 R   -3  7 -2 -3 -5  0  1 -4 -1 -5 -4  2 -3 -5 -3 -2 -2 -5 -4 -4    0  87   0   0   0   0   7   0   0   0   0   6   0   0   0   0   0   0   0   0  1.56 0.26
  257 L   -1  2  1  5 -4  0  0 -3 -2 -2  0  0  1 -3 -3 -1 -2 -4 -3 -2    6  15   3  44   0   2   4   0   0   0  16   2   5   0   0   0   0   0   0   2  0.51 0.12
  258 V    2  0 -3 -3 -2 -2 -2 -2 -3  2  1 -2  1 -2 -2 -1  1 -3 -2  2   32   8   0   0   0   0   0   0   0  11  15   0   4   0   0   0  10   0   0  20  0.27 0.09
  259 I   -3 -4 -5 -5 -3 -4 -5 -6 -5  6  1 -4  0 -2 -5 -4 -2 -4 -3  1    0   0   0   0   0   0   0   0   0  95   5   0   0   0   0   0   0   0   0   0  1.28 0.26
  260 Q   -2  2 -2 -3 -3  3 -1 -4  3 -1  3 -1  2 -2 -3 -2 -2 -3 -2  0    0  18   0   0   0  24   0   0   9   0  38   0   6   0   0   0   0   0   0   5  0.46 0.14
  261 K    0  1 -1  1 -3  3  0 -2 -1 -2 -1  3 -1 -3 -2  0  1 -3 -2 -2    5   3   1   7   0  19   1   1   0   1   5  35   0   1   1   4  13   0   0   1  0.40 0.09
  262 R   -2  1  2 -1  1  2 -1 -2  5 -2  0 -1 -1  1 -2  0 -1 -2  1 -2    1   7  12   1   4  11   1   1  28   1  12   1   0   7   1   9   1   0   3   1  0.35 0.10
  263 V   -2 -3 -3 -3 -2 -2 -3 -4 -2  4  1 -3  2  0 -3 -2  0 -2  2  2    1   1   0   1   0   0   1   1   0  45  10   1   7   0   1   1   7   0  12  11  0.42 0.10
  264 V    1 -2  0 -2 -2 -2 -2 -3 -3  1  0  0  1 -2  1  0  2 -4 -3  2   11   0   4   0   0   0   0   0   0  12   4   5   5   0   7   6  23   0   0  22  0.25 0.08
  265 H   -1  0  1  2 -4  2  2 -2  4 -4 -3  3 -2 -3  0  1  0 -4 -2 -3    0   0   4  11   0  11  12   0  18   0   0  23   0   0   3  13   4   0   0   0  0.49 0.10
  266 R   -1  4  1  1 -5  0  2 -3  2 -4 -4  3 -3 -4 -3 -1 -2 -4 -3 -3    4  36   5   8   0   0  16   0   5   0   0  26   0   0   0   0   0   0   0   0  0.72 0.14
  267 L    1 -1  0  3 -2  0  0  0 -1 -1  1 -1  0 -2 -1  0  2 -3 -2 -1   12   1   5  21   0   5   1   6   0   1  16   1   3   1   1   5  17   0   1   4  0.16 0.05
  268 A    3 -2  0  2 -2  1  1  0 -2 -2 -3 -1 -2 -3 -2  1 -1 -4 -3  0   48   0   4  12   0   8   6   5   0   0   0   0   0   0   0  10   0   0   0   7  0.42 0.12
  269 I   -2 -4 -4 -5 -2 -3 -4 -5 -4  4  1 -4  2  1 -4 -3 -1 -3 -2  4    0   0   0   0   0   0   0   0   0  32  10   0   8   7   0   0   0   0   0  42  0.66 0.13
  270 D   -1  1  2  4 -4 -1  1  0 -2 -1 -3 -1 -3 -4 -3  2 -1 -5 -4 -3    0  10  10  38   0   0   7   6   0   7   0   0   0   0   0  23   0   0   0   0  0.56 0.11
  271 V    0  2 -1 -2 -3  0 -1  1 -2 -2 -1  2 -1 -2 -2  2 -1  3 -2  0    5  14   0   0   0   3   0  12   0   0   8  18   0   0   0  22   0   6   0   9  0.23 0.06
  272 L   -3 -4 -5 -6 -3 -4 -5 -5 -4  0  5 -4  1 -1 -4 -4 -3 -3 -3  0    0   0   0   0   0   0   0   0   0   0 100   0   0   0   0   0   0   0   0   0  1.24 0.21
  273 H   -2 -3 -2  1 -5 -1 -1  1  2 -5 -5 -2 -4 -5  7 -2 -3 -5 -4 -4    0   0   0   9   0   3   3  11   7   0   0   0   0   0  67   0   0   0   0   0  1.75 0.20
  274 L   -3 -4 -5 -6 -3 -4 -5 -5 -4  1  5 -4  1 -1 -4 -4 -3 -3 -3  0    0   0   0   0   0   0   0   0   0   5  95   0   0   0   0   0   0   0   0   0  1.14 0.20
  275 P   -2 -4 -4 -4 -5 -3 -3 -4 -4 -5 -5 -3 -4 -5  8 -3 -3 -6 -5 -4    0   0   0   0   0   0   0   0   0   0   0   0   0   0 100   0   0   0   0   0  3.08 0.31
  276 K    1  2  2 -1 -3  1  1 -2  2 -3 -3  3 -2 -4  1  0  1 -4 -2 -3   14   9  12   0   0   4  10   0   7   0   0  28   0   0   6   0   9   0   0   0  0.43 0.09
  277 G    1  0 -2 -2  2 -1 -1 -1 -2 -1  0  2  0  0  0  0  1 -3 -2 -1   12   4   0   0   7   0   3   5   0   2  11  26   3   6   5   3  13   0   0   0  0.16 0.06
  278 L   -3 -4 -5 -5 -3 -3 -4 -5 -4  2  5 -4  1 -1 -4 -4 -2 -3 -2  1    0   0   0   0   0   0   0   0   0  10  79   0   0   0   0   0   0   0   0  11  0.91 0.16
  279 K   -2  2 -1 -2 -5  2 -1 -3 -2  0 -3  6 -2 -4 -3 -2 -2 -5 -3 -3    0   5   0   0   0  11   0   0   0   9   0  74   0   0   0   0   0   0   0   0  1.05 0.20
  280 D   -2  0  0  4  1  2  3 -3  3 -4 -4  0 -3 -4 -2  1  0 -4 -3 -3    0   5   0  30   4   8  23   0  10   0   0   3   0   0   0  10   7   0   0   0  0.58 0.10
  281 F   -4 -4 -4 -5 -4 -4 -5 -5 -1 -2 -2 -4 -2  6 -5 -4 -3  0  6 -3    0   0   0   0   0   0   0   0   0   0   0   0   0  53   0   0   0   0  47   0  1.63 0.23
  282 C   -2 -4 -4 -5  6 -3 -5 -5 -4  0  4 -4  1 -1 -4 -3 -2 -3 -3  1    0   0   0   0  29   0   0   0   0   0  62   0   0   0   0   0   0   0   0   9  0.87 0.15
  283 K   -2  2 -2 -2 -4  1  1 -3 -2 -1  2  4  1 -2 -3 -2 -2 -4 -3 -2    0  14   0   0   0   7  11   0   0   0  27  38   3   0   0   0   0   0   0   0  0.47 0.10
  284 Y   -3 -3 -3 -5 -4 -3 -4 -5  3 -2 -2 -3 -2  4 -5 -3 -3  1  7 -3    0   0   0   0   0   0   0   0   9   0   0   0   0  24   0   0   0   0  67   0  1.48 0.18
  285 E   -2  0 -1  0 -5  4  5 -3 -1 -4 -4  2 -2 -4 -2 -1 -2 -4 -3 -3    0   0   0   0   0  26  61   0   0   0   0  13   0   0   0   0   0   0   0   0  1.03 0.11

                      K         Lambda
Standard Ungapped    0.1788     0.3383
Standard Gapped      0.1100     0.3190
PSI Ungapped         0.1788     0.3383
PSI Gapped           0.1100     0.3190
