
Last position-specific scoring matrix computed, weighted observed percentages rounded down, information per position, and relative weight of gapless real matches to pseudocounts
           A  R  N  D  C  Q  E  G  H  I  L  K  M  F  P  S  T  W  Y  V   A   R   N   D   C   Q   E   G   H   I   L   K   M   F   P   S   T   W   Y   V
    1 M   -2 -2 -3 -4 -2 -1 -3 -4 -3  2  2 -2  7 -1 -3 -2 -1 -2 -2  1    0   0   0   0   0   0   0   0   0  11   0   0  89   0   0   0   0   0   0   0  0.81 0.08
    2 M   -3 -4 -5 -6 -4 -2 -4 -5 -4 -1  1 -4  9  0 -5 -4 -3 -3 -3 -1    0   0   0   0   0   0   0   0   0   0   8   0  88   4   0   0   0   0   0   0  1.97 0.43
    3 K   -2  3 -2 -3 -5  0 -1 -4 -2 -4 -3  6  0 -5 -3 -2 -2 -5 -4 -4    0  14   0   0   0   0   0   0   0   0   2  81   3   0   0   0   0   0   0   0  1.38 0.31
    4 R   -2  3 -2 -3 -5  1 -1 -4 -2 -5 -4  6 -3 -5 -3 -2 -2 -5 -4 -4    0  13   0   0   0   3   0   0   0   0   0  84   0   0   0   0   0   0   0   0  1.50 0.33
    5 Q   -3 -1  1 -2 -5  7  0 -4  4 -5 -4 -1 -2 -5 -3 -1 -2 -4 -3 -4    0   0   7   0   0  81   0   0  10   0   0   0   0   0   0   3   0   0   0   0  1.63 0.37
    6 L   -4 -4 -5 -5 -4 -4 -5 -5 -3  0  2 -4  3  7 -5 -4 -3 -2  1 -2    0   0   0   0   0   0   0   0   0   3  19   0   8  70   0   0   0   0   0   0  1.36 0.29
    7 H   -3 -3  4 -2 -4 -2 -3 -3  4 -1  1 -2  1  4 -4 -1 -2 -2  3 -2    0   0  27   0   0   0   0   0  15   2  15   0   5  24   0   2   0   0  10   0  0.61 0.20
    8 R   -3  7  0 -3 -5 -1 -2 -4 -2 -2 -4  1 -3 -5 -4 -3 -3  0 -4 -4    0  88   3   0   0   0   0   0   0   4   0   4   0   0   0   0   0   1   0   0  1.73 0.39
    9 M   -1 -4 -4 -5 -3 -3 -4 -5 -4  1  1 -4  5  1 -4 -3 -2 -3  0  4    3   0   0   0   0   0   0   0   0   3   6   0  26   7   0   0   0   0   2  53  0.82 0.26
   10 R   -3  4 -2 -3 -5  0 -1 -4  1 -2 -2  6 -3 -4 -3 -2 -2 -5 -4 -4    0  24   0   0   0   2   0   0   3   3   3  65   0   0   0   0   0   0   0   0  1.20 0.32
   11 Q   -3  1  0 -3 -5  7  0 -4 -1 -5 -3 -1 -2 -5 -4 -2 -3 -4 -4 -4    0   7   3   0   0  89   0   0   0   0   2   0   0   0   0   0   0   0   0   0  1.91 0.47
   12 L   -3 -2 -5 -6 -3 -4 -5 -6 -4  3  5 -4  1  1 -5 -4 -3 -3 -2  0    0   2   0   0   0   0   0   0   0  16  73   0   2   7   0   0   0   0   0   0  1.01 0.28
   13 A    5 -2 -3 -3 -2 -2 -1 -2 -3 -2 -3  0 -2 -4 -2  1 -1 -4 -3  0   75   0   0   0   0   0   2   0   0   0   0   6   0   0   0   7   1   0   0   7  0.91 0.30
   14 H   -2 -1  4  4 -3  2  0 -2  4 -3 -3 -1 -2 -3 -2 -1 -1 -3  0 -3    2   1  27  32   0  10   1   1  12   1   2   1   0   1   1   1   1   0   3   1  0.71 0.18
   15 T   -2 -1  1  0 -3  6  0 -2  1 -3 -3  0 -2 -3  0  0  1 -3 -2 -3    1   1   7   3   0  55   1   1   3   1   2   3   0   1   4   5   9   0   1   1  0.82 0.23
   16 G   -1  0  0  2 -2  0  0  2 -1 -1 -1  0 -1 -1 -1  0  1  1  0 -1    3   5   4  16   1   2   2  18   1   2   9   5   1   1   2   4  16   2   5   2  0.14 0.05
   17 S   -1 -1  1 -2 -2  3 -1 -3 -2  0 -1  0 -1  2  0  1  3 -3 -2  0    1   2   7   0   1  19   0   0   0   4   7   4   0  12   4  13  23   0   0   5  0.29 0.16
   18 S    0 -2 -2 -3  0 -1 -2  0 -3  1  0 -1 -1  0 -3  2  2 -3 -2  2    3   1   0   0   2   3   0   6   0   5   7   2   0   4   0  18  20   0   0  27  0.25 0.14
   19 G   -1 -1 -2 -2 -1  0 -2  5 -2 -3 -2  1 -2  2 -1 -1 -2 -3 -2 -2    2   2   1   1   1   4   1  51   0   1   3   9   0  13   3   4   1   0   0   3  0.60 0.18
   20 R   -1  6 -2 -3 -4  0 -2 -3  0 -3  0  2 -2 -3 -3 -1 -2 -4 -3 -2    3  64   0   0   0   2   1   1   1   0  11   8   0   0   0   3   1   0   0   2  1.03 0.28
   21 T    3  3 -2 -2 -2 -1 -1 -1 -2 -2 -2  0 -1 -1 -2  1  1 -1 -2 -2   35  20   1   1   0   1   1   3   0   2   3   3   2   4   1  11  12   1   0   1  0.35 0.15
   22 P    2 -1  0  0 -2  1  1  1 -1 -2 -2  0 -1 -2  0  0  1 -2 -1 -1   30   1   3   3   0   9  11   9   1   1   2   6   1   1   4   4   7   0   2   3  0.21 0.08
   23 E   -3 -1  0  3 -6  0  5 -4 -2 -5 -5  3 -4 -5 -3 -2 -2 -5 -4 -4    0   0   2  19   0   0  55   0   0   0   0  21   0   0   0   0   0   0   0   0  1.19 0.33
   24 T    0  1 -1 -2 -4  1  1 -3 -2 -3 -3  5 -2 -4 -2  0  3 -4 -3 -3    5   5   0   0   0   4   6   0   0   0   1  51   1   0   0   5  20   0   0   0  0.76 0.26
   25 A    1 -2 -1 -2 -2 -1  1 -1 -2 -2 -3 -1 -2 -3 -2  3  4 -3 -3 -1   11   1   1   1   0   1  11   3   0   1   1   3   0   1   1  28  34   0   0   2  0.55 0.20
   26 E   -2 -2 -2  2 -5  0  6 -4  0 -4 -1 -1 -3 -4 -3 -1 -2 -5 -4 -2    0   0   0  10   0   0  70   0   1   0   6   1   0   0   0   4   0   0   0   3  1.20 0.36
   27 F    0 -3 -3 -2 -3 -3 -3 -4  0  1  1  1 -1  0 -3 -3 -2 -3 -1  4    6   0   0   3   0   0   0   0   3   5  12  10   0   5   0   0   0   0   1  54  0.52 0.23
   28 L   -3 -1  0 -5 -4 -4 -4 -5 -4  0  5 -4  1  0 -5 -4 -3 -4 -3 -1    0   4   6   0   0   0   0   0   0   3  82   0   1   3   0   0   0   0   0   0  1.11 0.35
   29 G    0 -3  2 -2 -3 -2 -2 -1 -1 -2 -3 -2 -3  0 -2  4  3 -4 -1 -2    5   0  14   0   0   0   0   2   1   3   0   0   0   5   1  41  26   0   2   0  0.67 0.28
   30 E   -3 -3  0  5 -6  0  5 -4  0 -5 -5 -1 -4 -5 -3 -1 -3 -5 -2 -3    0   0   2  34   0   2  51   0   2   0   0   2   0   0   0   2   0   0   2   2  1.25 0.37
   31 D   -3 -3  1  6 -6 -2  3 -1 -3 -5 -5 -1 -5 -5 -4 -2 -2 -6 -5 -3    0   0   6  65   0   0  18   4   0   0   0   2   0   0   0   1   1   0   0   2  1.44 0.39
   32 L   -3 -4 -5 -5 -4 -1 -1 -6 -4  0  5 -4  2 -2 -5 -4 -3  0 -3  1    0   0   0   0   0   3   6   0   0   0  78   0   4   0   0   0   0   1   0   8  1.09 0.36
   33 L   -2 -2 -2 -4 -4  5 -2 -5 -2  0  3 -2  2 -1 -4 -3 -2 -4 -3  2    2   1   1   0   0  36   0   0   0   4  36   0   5   2   0   0   0   0   0  14  0.73 0.31
   34 Q   -1 -1  0  0 -4  5  1 -2  3 -3  0 -1 -2 -4 -3  0  1 -4 -3 -1    4   2   4   5   0  38   6   1   8   0  10   2   0   0   0   6   8   0   0   6  0.54 0.27
   35 V    2 -3 -2 -4  1 -3 -3 -3 -4  3  1 -3  0 -2 -3 -2  0 -4 -1  3   23   0   2   0   3   0   0   0   0  26  10   0   1   0   0   0   3   0   2  26  0.48 0.22
   36 E   -3 -3 -2  3 -6 -1  6 -4 -3 -5 -5 -2 -4 -5 -4 -3 -3 -6 -5 -5    0   0   0  18   0   0  79   0   0   0   0   0   0   0   0   0   0   0   0   0  1.82 0.53
   37 Q   -1  3 -1 -3  1  4  0 -4  2 -4 -4  5 -3 -5 -3 -1 -2 -5 -3 -4    3  15   2   0   4  21   2   0   5   0   0  44   0   0   0   2   1   0   0   0  0.94 0.34
   38 R   -3  6 -1 -4  0  0 -1 -4  3 -5 -5  3 -4 -5 -4 -3 -1 -5 -4 -5    1  64   2   0   2   1   3   0   7   0   0  15   0   0   0   0   4   0   0   0  1.41 0.45
   39 L    0 -4  2 -4 -3 -3 -4 -4 -4  2  1 -4  2 -2 -4 -2 -1 -4 -3  4    5   0  12   0   0   0   0   0   0  13  14   0   5   0   0   2   2   0   0  47  0.68 0.29
   40 E   -3 -3  0  4 -6  2  5 -4 -2 -5 -4  0 -4 -6 -4 -2 -1 -6 -5 -5    0   0   2  25   0   8  56   0   0   0   2   3   0   0   0   0   4   0   0   0  1.31 0.43
   41 P    0  0 -1 -1 -3  1  0 -2  1 -1  1  1 -1  0  2  0  0 -3  0 -1    7   6   2   2   0   6   3   2   4   2  20  11   0   5  10   7   5   0   4   3  0.13 0.08
   42 A    0 -4 -5 -5 -3 -4 -4 -5 -4  4  1 -4  2  0 -4 -3  0 -4  0  4    8   0   0   0   0   0   0   0   0  29  14   0   5   3   0   0   4   0   3  33  0.69 0.27
   43 K   -3  4 -2 -3 -5  0 -1 -4 -3  0 -4  5 -3 -5 -4 -1 -3 -6 -4  0    0  30   0   0   0   2   3   0   0   6   0  49   0   0   0   4   0   0   0   6  1.13 0.42
   44 R   -1  2  2  0 -4  3  0 -2  2 -3  0  1 -2 -3 -3  0  0 -4 -3 -1    4  14   9   4   0  20   4   2   6   0  12   7   0   1   0   8   6   0   0   4  0.30 0.17
   45 A    3 -3 -3 -4 -3 -3 -3 -3 -4  1 -1 -3  0 -1 -3  1  2 -4 -3  3   36   0   0   0   0   0   0   0   0   8   4   0   2   2   0  12  14   0   0  22  0.53 0.27
   46 A    1 -4 -4 -5  7 -4 -4 -4 -4  0  2 -4  0 -1 -4  1 -1 -4 -1  0   15   0   0   0  36   0   0   0   0   5  20   0   1   3   0  12   2   0   2   6  0.85 0.33
   47 H   -1 -2 -1 -2 -4  4 -1 -1  6 -2 -3  0  0 -3 -3  2  0 -4  1 -2    2   0   2   1   0  22   2   5  24   2   2   6   3   0   0  19   4   0   5   1  0.61 0.31
   48 N    0 -1  4  1  0 -2 -2  0  1 -1 -2 -1 -3 -4 -3  2  2 -5 -3 -1    5   3  28   6   2   0   0   6   3   3   4   1   0   0   0  22  12   0   0   4  0.45 0.24
   49 V    0 -3 -3 -4 -3 -3 -3 -4 -3  2  1 -3  1  0 -4  0  3 -3  1  2    8   0   0   0   0   0   0   0   0  14  13   0   4   4   0   4  30   0   5  18  0.47 0.25
   50 H   -1  2  1 -3  1 -1 -2 -1  6 -1 -2  0 -3 -3 -4  2  0 -4  0 -1    2  10   7   0   3   0   1   5  32   4   4   3   0   0   0  16   5   0   3   4  0.57 0.29
   51 K   -3  2 -1 -3 -6  0 -2 -4 -3 -6 -5  7 -4 -6 -4  0 -3 -6 -5 -5    0   8   3   0   0   3   0   0   0   0   0  81   0   0   0   6   0   0   0   0  1.76 0.59
   52 R   -3  4  2 -1 -6 -1 -2 -2  0 -5 -5  5 -4 -5 -4 -3 -3 -6 -4 -3    0  29   9   2   0   0   0   2   3   0   0  53   0   0   0   0   0   0   0   2  1.30 0.47
   53 L   -1 -4 -5 -6 -4 -4 -2 -6 -5  3  4 -4  3  0 -5 -4 -2 -4 -3  0    4   0   0   0   0   0   2   0   0  18  61   0   7   3   0   0   1   0   0   3  0.97 0.36
   54 Q    1 -2  0 -1 -1  1  0  1  1  0  0  0 -1 -3  0  2  1 -4 -3  0   15   0   3   1   1  10   3   9   4   4   8   4   1   0   3  17   8   0   0   9  0.15 0.11
   55 A    2 -2  3  0 -3  0 -1  0  0 -3 -3 -2 -1 -4  1  2  1 -4 -3 -2   24   0  15   5   0   3   2   8   2   0   2   0   1   0   6  21   9   0   0   1  0.40 0.20
   56 C   -2 -4  0 -2  8 -4 -4 -3 -4 -3 -2 -4 -1 -2 -1  1  1 -4 -1  0    1   0   5   2  51   0   0   1   0   0   3   0   2   2   3  10   8   0   2   7  1.21 0.40
   57 L   -2 -3 -2 -4 -1 -2 -3 -4 -3  2  4 -2  3  1 -2 -1 -1 -3 -2  1    1   0   1   0   1   1   0   1   0   9  52   2   9   5   2   4   3   0   0   6  0.59 0.25
   58 Q   -2  1  1 -1 -4  5 -1 -2  3 -3 -2  1  0 -4 -1  1 -1 -4 -3 -3    1   8   6   2   0  43   1   3   8   1   3   7   2   0   2  11   2   0   0   1  0.73 0.32
   59 G    0 -3  2 -2 -4 -3 -3  5 -3 -4 -4 -1 -4 -2 -1  1 -1 -4 -2 -4    5   0   9   0   0   0   1  54   0   0   1   3   0   2   3  13   4   0   2   1  0.87 0.29
   60 Q   -1  0  1 -2 -3  4  0 -1  3 -1 -1 -1 -1 -1  0 -1 -1 -3 -1  0    3   5   6   1   0  33   4   4   8   2   7   1   0   3   5   1   3   0   1  10  0.37 0.19
   61 S   -1  0  1  2 -2  2  0 -1  1 -1 -1  1 -2 -3  1  2  1 -4 -1 -2    1   3   5  11   1  12   3   4   3   4   6   7   0   0   6  20   9   0   1   2  0.22 0.13
   62 G    0 -1  1 -2 -4 -2  1  4  1 -2 -2  0 -3 -1  0 -1 -2 -4 -3 -3    5   4   6   1   0   0   9  46   4   2   5   6   0   3   4   3   1   0   0   1  0.54 0.21
   63 A    2 -2 -2 -1 -3 -1  3 -1 -1 -2 -1 -1 -2 -3 -1  1  3 -4 -3  0   19   0   0   2   0   1  23   3   1   0   5   2   0   0   2  11  22   0   0   8  0.37 0.21
   64 D   -1 -2  1  5 -4  0  2 -2  0 -3 -1 -2 -2 -3 -2 -1 -1 -4 -3 -1    5   1   5  46   0   3  15   1   2   1  10   1   0   0   1   3   3   0   0   4  0.66 0.18
   65 M    2  0  0 -2 -2 -1 -2 -2 -2  0  0  0  1  2  0  0  0 -2  0  1   22   7   5   0   0   2   1   1   0   4   8   6   5  11   3   3   4   0   3  16  0.11 0.08
   66 D   -2 -2  1  4 -4  0  5 -3 -2 -4 -4 -1 -3 -4 -3  1 -2 -5 -4 -4    1   0   8  26   0   0  46   1   0   0   1   0   0   0   0  14   0   0   0   1  0.98 0.26
   67 K   -2  3 -2 -3 -4 -1 -1 -3 -2 -4 -4  6 -3 -4 -3 -2 -2 -4 -3 -4    1  16   0   1   0   0   1   1   0   1   1  75   0   0   1   1   1   0   0   1  1.43 0.35
   68 R   -2  6 -2 -3 -4 -1 -2  0  3 -3 -1  2 -3 -1 -3 -2 -2 -4 -2 -3    1  59   0   1   0   0   1   9   8   1   5   9   0   3   1   1   1   0   0   1  0.98 0.27
   69 V   -1  1  1 -2  2  1 -1 -3  2  1  0  1  2 -2 -2  0  1 -3 -2  0    1   8   8   0   8   8   0   1   8   8   8   8   8   0   0   8   8   0   0   8  0.15 0.13
   70 K   -2  3 -1 -2 -3  2  1 -3 -1 -2 -3  4 -2 -3 -2 -1  0 -3 -3 -1    1  18   1   1   0  11   6   1   0   1   1  43   0   1   1   1   5   0   0   7  0.64 0.18
   71 K   -2  3 -1 -2 -4  0 -1 -3 -2 -2 -3  5 -2 -3 -2 -2 -2 -4 -3  1    1  13   1   1   0   1   1   1   0   1   1  63   0   1   1   1   1   0   0  11  0.90 0.24
   72 L   -1 -2  0 -3  3 -2 -2 -3 -2  0  2 -2  1 -1 -3  2  0 -3  0  1    1   0   6   0  10   0   1   1   0   4  34   1   4   0   0  20   6   0   3   8  0.27 0.13
   73 P    0 -1 -1  0 -3  1  0 -3  0 -2 -2 -2  0 -3  6  1  0 -4 -3 -2    4   2   3   7   0   6   3   1   3   3   3   1   3   0  46  10   4   0   0   1  0.95 0.19
   74 L   -2 -1 -2  0 -4  1  5 -2  0 -2  2 -2 -2  0 -2 -2 -3 -4 -3 -3    2   3   0   4   0   4  45   2   3   0  26   0   0   5   1   2   0   0   0   1  0.66 0.33
   75 M   -2 -3 -2 -4  2 -3 -3 -2  2 -2 -1 -3  4  2 -1  0  1  1  5 -1    2   0   2   0   4   0   0   3   7   0   5   0  14  11   2   8  12   2  23   3  0.52 0.30
   76 A    1 -1  0 -2  2  2 -2  1  1 -1 -1 -1  0 -3  1  0  0 -4 -3  0   16   2   5   0   5  14   0  12   5   3   5   2   3   0   7   7   5   0   0   8  0.18 0.16
   77 L   -3 -4 -4 -5 -4 -4 -4 -5  1  1  5 -4  2  0 -4 -4 -3 -3  1  1    0   0   0   0   0   0   0   0   4   4  67   0   6   3   0   0   0   0   4   8  1.01 0.42
   78 S    2 -3 -2 -3  0 -3 -3  3 -4 -4 -4 -3 -4 -2 -1  4  0  1 -4 -1   22   0   0   0   2   0   0  26   0   0   0   0   0   2   2  34   4   3   0   4  0.73 0.38
   79 T    1  0 -1 -3  0  4 -1 -2  3 -1 -1  0  0 -4 -3  0  2 -1 -3  0   10   4   2   0   2  27   0   2   9   3   7   4   2   0   0   7  15   1   0   6  0.38 0.28
   80 T    1  0  0 -1  4  1 -2  0  1 -1 -2 -2 -2 -3 -3  2  3 -4 -3 -1    9   4   4   3  10   7   0   6   4   4   2   0   0   0   0  17  25   0   0   3  0.36 0.25
   81 M   -4  0 -5 -5 -4 -3 -4 -5 -4  0  3 -1  7  2 -5 -4 -2 -3  1 -2    0   5   0   0   0   0   0   0   0   2  34   4  39   8   0   0   1   0   4   0  1.14 0.51
   82 A    0  0 -2  0 -1  2  1 -2 -2  0  1  0  1  0 -3  0 -1 -3 -1  0   10   5   1   5   2  13   7   1   0   7  21   4   3   6   0   7   1   0   1   6  0.12 0.12
   83 E   -3  0  0  2 -5  1  6 -4  1 -5 -5  0 -4 -5 -3 -2 -1 -5 -4 -4    1   4   4   9   0   6  61   0   4   0   1   4   0   0   0   0   4   0   0   0  1.22 0.50
   84 S    1 -3  2  2  3 -2  0  0 -1 -2 -2 -2 -1  0 -3  3 -1  0 -3 -3   11   0  11  13   9   0   6   8   1   2   2   0   1   4   0  26   2   2   0   0  0.36 0.24
   85 F    1  1 -2 -3  0 -2 -2  1 -1  1  0 -2  0  1 -3  3 -1 -3 -2  0   14   8   0   0   2   0   0  13   1   9   7   0   2   7   0  27   2   0   0   6  0.24 0.20
   86 K    0  2  1  0 -4  1 -1  0 -2 -2 -2  3 -2 -1  1  0  0 -4 -3 -2    9  12   5   4   0   7   2   5   0   2   3  27   0   4   5   6   7   0   0   2  0.30 0.20
   87 E   -1  0  1  1 -4  2  2 -2  2  0 -1  0 -1 -3 -3  1 -1 -4 -1 -1    3   4   8   9   0  12  18   2   6   7   7   4   1   0   0  10   3   0   2   3  0.25 0.16
   88 L   -2 -3 -4 -2  0 -3 -2 -4 -1  1  4 -2  0  2  0 -2 -3 -3  1 -1    2   0   0   2   2   0   3   1   2   5  56   3   1   8   6   2   0   0   4   2  0.60 0.31
   89 D    0  0  1  3 -4 -1  2  3 -2 -4 -4  0 -4 -4  0 -1 -2 -4 -4 -4    6   6   8  23   0   0  15  27   0   0   1   4   0   0   4   3   1   0   0   1  0.59 0.27
   90 P    0 -2 -1  2 -3  0  3  1 -2 -2 -2  0 -2 -3  2  1  1 -4 -3 -2    5   1   2  14   0   2  22   9   0   3   3   4   1   1  11   9  11   0   0   1  0.36 0.19
   91 D   -1 -1  1  4  1  1  2 -1  1 -3 -3 -1 -2 -4  0  0  1 -4 -3 -3    3   3   7  27   4   7  15   5   4   0   3   1   1   0   4   3  12   0   0   1  0.44 0.23
   92 S   -1  0 -1  0  1  0 -1  1  1 -2 -2 -1 -1 -3 -3  4  2 -4 -3 -1    1   4   1   4   3   3   3   9   3   3   2   1   2   0   0  44  12   0   0   4  0.48 0.30
   93 S   -1 -1 -2  0  0  0 -2 -1 -3  1  3 -2 -1 -1  1  2 -1 -3 -3  0    2   3   0   5   3   5   1   4   0   6  33   0   0   2   8  19   2   0   0   6  0.23 0.20
   94 M   -3 -4  0 -4  1 -2 -4 -3 -4  1  4 -3  4  0 -1 -3 -1 -3 -3 -1    1   0   4   0   4   2   0   2   0   9  52   0  13   4   3   0   4   0   0   0  0.69 0.34
   95 G   -2  3  0 -3  0  1 -2  4  1 -4 -1  0 -3  0 -3  0 -2 -4 -3 -4    1  16   4   0   2   7   0  40   4   0   7   5   0   4   0   7   0   0   0   0  0.58 0.29
   96 K    0  2  0  0 -4  1  1 -1 -1 -1 -1  3  0 -2 -3  0  0 -4 -1  0    4   9   4   5   0   7   8   4   1   2   5  22   2   1   0   7   4   0   3  11  0.18 0.13
   97 A    0 -3 -1 -1  0 -2  0 -4 -3  1  1 -1  3 -2 -3  0  1 -4 -3  3    7   0   4   2   2   0   7   0   0   8  12   4  13   0   0   6  11   0   0  24  0.29 0.21
   98 L   -1 -3 -4 -4  1 -3 -2 -4 -4  1  4 -3  3  1 -4 -1 -1 -3 -2  1    4   0   0   0   3   0   2   0   0   4  52   0   8   6   0   5   4   0   0   8  0.60 0.28
   99 E    0 -1  0  1 -3  2  2 -1 -1 -2 -1  1  0 -2  0  1  0 -3  0 -1    5   2   2   9   0   9  19   3   1   1   8   8   3   0   5   9   5   0   5   5  0.19 0.12
  100 M    0 -1 -1  1  0  0  1 -3 -2  1  0  0  3 -2 -2 -1  1 -3 -3  1    6   3   2   9   2   5  13   0   0   8  10   5  13   0   0   3  10   0   0  10  0.15 0.11
  101 T    0 -3 -3 -1  7 -2 -1 -1 -3 -2  0 -3  2 -2 -3  1  1 -3  0 -2    6   0   0   3  35   0   4   5   0   0  11   0   9   0   0  11   9   0   4   0  0.62 0.27
  102 C    1 -3 -2 -3  6 -1 -3  3 -3 -3 -3  0 -3 -3 -3  1 -1 -4  0 -3   11   0   0   0  27   3   0  31   0   0   1   6   0   0   0  12   3   0   4   0  0.70 0.27
  103 A    1  1 -1  1  1  0  2  1  1 -3 -1  0 -2  0 -2  1  0 -4 -2 -2   19   8   0   7   4   2  16   9   3   0   7   4   0   5   0   9   6   0   0   0  0.18 0.12
  104 I    1 -3 -3 -4  1 -3 -3 -1 -3  2  2 -3  1 -1 -3 -2  1 -2  2  1   16   0   0   0   3   0   0   5   0  16  24   0   3   0   0   0   9   0  10  12  0.27 0.16
  105 Q    0 -2 -2 -2  3  1  1  1  3  0  0 -1 -1 -1 -2 -1 -1 -2  2 -1   11   1   0   1  10  10  11  11  10  11  11   1   0   0   1   1   1   0  10   1  0.13 0.10
  106 N   -2 -2  4  2 -4  0  0  1  2 -1 -2  1  0 -4 -3  1 -1 -5 -3 -1    1   0  23  12   0   4   3  11   6   4   2  12   4   0   0  12   2   0   0   4  0.38 0.21
  107 Q    1  1  1  0  1  2 -1  0  0 -2 -2  2 -1 -2 -3  1  1 -4 -3 -1   10   7   7   5   3  12   1   6   2   2   2  16   1   1   0   7  12   0   0   3  0.23 0.14
  108 L   -2 -5 -5 -6 -4 -3 -3 -6 -5  2  5 -4  4 -2 -5 -4 -3 -4 -4  1    2   0   0   0   0   1   2   0   0  13  64   0  11   0   0   0   0   0   0   6  1.11 0.40
  109 A    5 -4 -3 -1 -3 -3 -3  2 -4 -3 -2 -3  2 -1 -3  0 -2 -5 -1 -1   59   0   0   3   0   0   0  15   0   0   2   0   7   3   0   6   0   0   2   3  0.85 0.39
  110 R    0  3  2  0 -1  2  2 -2 -2 -3 -2  2 -2 -2 -2 -1  1 -4 -3 -1    8  17  10   5   2  11  13   1   0   0   3  11   1   1   1   2   8   0   1   5  0.32 0.17
  111 I   -1 -3 -2  1  0  0  5 -4 -3  1 -1  0 -1 -4  0 -1 -1 -5 -2  0    3   0   1   5   2   2  46   0   0  12   6   4   2   0   5   2   4   0   2   5  0.58 0.29
  112 L   -1  0 -3 -4  2  1 -3 -3 -1  1  3 -1  3 -2 -4 -2 -2 -3  0  0    6   5   1   0   5   8   0   1   2   9  43   4   7   0   0   1   1   0   4   4  0.42 0.23
  113 A    2 -2 -3 -3  2 -2 -1  0 -3  2  1 -3  2 -2 -3  0  0 -4 -2  2   21   2   0   0   6   0   3   6   0  12  14   0   6   0   0   4   4   0   1  20  0.25 0.16
  114 E   -2  0  2  3 -5  2  3 -3  1 -4 -3  0 -1 -5  0  0 -1 -5 -4 -3    0   5  10  17   0  12  28   1   3   0   3   5   1   0   5   5   3   0   0   2  0.57 0.25
  115 F    0 -1 -1 -4 -1 -3 -3 -3  6 -3 -1 -3  2  4 -4 -2 -3 -2  4 -1   10   3   3   0   1   0   0   2  27   0   5   0   5  20   0   2   0   0  18   5  0.83 0.35
  116 E   -3 -3 -3  1 -2  0  6 -5 -3 -5 -6 -1 -5 -6 -4  0 -2 -6 -5 -2    0   0   0   6   1   2  77   0   0   0   0   2   0   0   0   7   2   0   0   3  1.64 0.57
  117 M    0 -2  0 -2 -3 -2 -1 -4 -4  2  2 -2  5 -2 -4 -1  0 -4 -3  1    9   2   6   2   0   0   3   0   0  11  17   1  27   0   0   3   7   0   0  12  0.48 0.26
  118 T   -1  0  1  1 -4  2  2 -1 -1 -4 -3  2  0 -1  0  0  1 -4 -3 -3    4   5   8   9   0  14  13   4   1   0   1  14   3   3   5   5  12   0   0   0  0.34 0.18
  119 L   -3 -5 -5 -6 -3 -4 -5 -6 -5  4  2 -4  2 -3 -5 -3  1 -5 -4  4    0   0   0   0   0   0   0   0   0  23  19   0   5   0   0   0  11   0   0  43  0.94 0.36
  120 E   -1 -3 -3  2 -7 -1  6 -5 -3 -6 -6 -1 -5 -6 -4 -1 -3 -7 -6 -5    5   0   0   8   0   0  80   0   0   0   0   2   0   0   0   5   0   0   0   0  1.81 0.60
  121 R   -1  3  2  0 -5  2  1 -3  0 -5 -4  4 -3 -5  0  1 -1 -5 -4 -4    3  16  10   4   0  10   9   0   1   0   0  30   0   0   5   8   2   0   0   0  0.66 0.28
  122 D   -1  1  1  3 -4  2  2 -3  2 -3 -1  1 -1 -3 -3  0 -1 -4  0 -3    5   9   7  20   0   8  15   0   6   0   9   6   1   0   0   6   3   0   4   0  0.38 0.19
  123 V   -3 -5 -6 -6  3 -5 -5 -6 -6  2  0 -5 -2 -1 -5 -4 -1 -5 -4  6    0   0   0   0   6   0   0   0   0  11   7   0   0   2   0   0   2   0   0  72  1.37 0.48
  124 L   -2 -1 -3 -5 -1 -3 -4 -4 -4  3  3 -3  3  0 -4 -1 -2 -3  0  2    2   5   1   0   1   0   0   1   0  18  38   0   7   4   0   4   0   0   3  16  0.53 0.24
  125 Q    0 -1  1  2 -4  3  3 -2 -1 -1 -3  0 -1 -4  0  0  0 -5 -4 -1    8   2   5  15   0  15  21   3   1   6   0   4   2   0   5   6   5   0   0   3  0.38 0.19
  126 P   -1 -2  1 -1 -5 -2 -2 -2 -4 -5 -5 -1 -4 -5  7 -2 -3 -6 -5 -5    5   2   7   3   0   1   3   2   0   0   0   3   0   0  70   1   0   0   0   0  1.95 0.53
  127 L   -3 -4 -5 -5 -4 -2 -4 -5 -4  1  5 -4  2  2  0 -4 -2 -4 -3  0    0   0   0   0   0   1   0   0   0   8  65   0   6   7   5   0   2   0   0   2  0.94 0.35
  128 S    0 -2  4 -2 -1  3 -1  0 -2 -3 -2 -1 -1  0 -3  2  0 -4  0 -1    7   0  24   0   1  20   0   6   0   1   3   2   2   5   0  15   6   0   3   3  0.41 0.24
  129 R   -1  1  3  0 -4  2  1 -1  0 -3 -2  2 -2 -3  2  0  0 -4 -2 -2    4   7  15   3   0  12   6   4   2   0   3  15   0   0  10   8   4   0   1   3  0.34 0.16
  130 L   -3 -4 -4 -5  2 -4 -4 -5 -4  3  3 -4  2  3 -4 -3 -2 -3  1  2    0   0   0   0   5   0   0   0   0  25  30   0   4  12   0   0   0   0   5  16  0.66 0.25
  131 S    1 -1 -3 -3  0  0 -3 -3 -3  1  3 -2  1 -1 -3  1  1 -3 -2  1   11   2   0   0   3   4   0   0   0   7  35   0   3   2   0  14   7   0   0   9  0.29 0.17
  132 E    1  0  2  2 -3  2  2 -1 -1 -3 -3  2 -2 -3 -1  0 -1 -3 -2 -2   15   1  15  15   0  15  15   1   0   1   1  15   0   1   1   1   1   0   0   1  0.38 0.06
  133 E    0  0  2  0 -3  0  2 -2 -1  0  0  0  0 -2 -2  0  0 -3 -3  1    9   3  18   4   0   2  21   1   0   5   7   5   3   0   0   3   5   0   0  15  0.19 0.10
  134 E   -2 -2  0  4 -4  1  3 -3  3 -3 -4 -1 -3 -3 -2  0  0 -4  0 -2    1   0   0  38   0   4  30   1   9   0   1   0   0   0   0   4   4   0   3   3  0.74 0.21
  135 L   -1 -3 -3 -3  2 -2 -3 -1 -3  3  2 -2  0  1 -2 -2 -1  1  0  1    4   1   1   1   7   1   1   5   0  34  21   1   0   5   1   1   1   3   3   9  0.26 0.11
  136 P    1  1 -1 -2 -3  0 -1 -3  0 -3 -3  2 -3 -4  6  0 -2 -4 -3 -1   12   7   3   0   0   3   0   1   2   0   1  13   0   0  47   4   0   0   0   4  1.05 0.23
  137 A    1 -1  4 -1 -3  1  0 -2 -1 -1 -1  0 -1 -3 -2  2  1 -3 -3 -1   12   0  32   0   0   5   6   1   0   3   9   4   0   0   0  16   7   0   0   2  0.34 0.14
  138 I    0 -3 -3 -3 -2 -3 -1 -4 -3  5  1 -3  0 -1 -3 -2 -2 -3 -2  2    6   1   0   1   0   0   4   1   0  66   7   1   0   0   1   1   1   0   0   9  0.67 0.23
  139 L   -1 -2  0 -2 -2  2 -1 -3  0  1  2 -1  2 -1 -2  0  1 -2  0  1    3   1   4   1   0  13   1   1   2  12  21   1  11   0   1   8  11   0   5   7  0.17 0.09
  140 K   -1  1 -1 -2 -4  1  1 -3  2 -4 -3  5 -2 -4 -2  0  0 -4 -2 -3    3   3   0   0   0   3   6   1   7   0   1  63   0   0   0   6   4   0   0   0  0.81 0.26
  141 H    1 -1  1 -2 -1  3  0 -1  4 -1  0 -1 -1 -1 -3  0  0 -3  1 -1   11   2   8   0   1  22   2   3  19   3   9   0   0   1   0   6   4   0   7   2  0.31 0.16
  142 K   -2  4 -2 -2 -5  0  1 -4 -2 -5 -4  5 -3 -5 -3 -2 -2 -5 -4 -4    0  32   0   0   0   0  10   0   0   0   0  58   0   0   0   0   0   0   0   0  1.29 0.35
  143 K   -2  4  0 -2 -5  0  1 -3  1 -4 -4  5 -3 -4 -3 -2 -2 -5 -3 -1    2  23   2   0   0   0  11   0   4   0   0  53   0   0   0   0   0   0   0   6  0.92 0.28
  144 S   -1  2  3 -1 -4  3 -1 -3  4 -3 -3  2 -2 -4 -3  0  0 -4 -2 -2    4  10  23   0   0  23   0   0  15   0   1  11   0   0   0   4   5   0   0   3  0.61 0.21
  145 L   -3 -4 -5 -6 -3 -4 -5 -5 -4  1  5 -4  1  1 -4 -4 -3 -3 -2  2    0   0   0   0   0   0   0   0   0   6  77   0   0   6   0   0   0   0   0  12  1.01 0.28
  146 Q    2  0  3 -1 -3  2  1 -1 -1 -3 -3  1 -2 -2 -2  2  1 -4 -3 -2   21   2  17   0   0  10   9   2   0   0   0   8   0   2   0  14  12   0   0   2  0.36 0.14
  147 K   -2  3  0 -2 -5  0 -1 -2 -2 -5 -4  6 -3 -5 -3 -1 -2 -5 -4 -4    0  19   4   0   0   2   0   2   0   0   0  71   0   0   0   2   0   0   0   0  1.30 0.36
  148 L    0 -3 -3 -3  3 -2 -1 -4  0  0  3 -3  1  0 -3 -1  0 -3  1  0    7   0   0   0  11   0   6   0   2   0  46   0   2   2   0   5   7   0   6   5  0.34 0.16
  149 V   -1  0 -2 -3  2 -1 -2 -4  0  2  0 -1 -1 -1 -3  0  3 -4 -2  3    1   5   0   0   5   2   0   0   3  15   4   4   0   2   0   4  24   0   0  30  0.32 0.16
  150 S   -1 -3  0 -1 -3  0 -2 -4 -3  0  4 -2  1 -1 -3  1  1 -4 -3  0    2   0   5   4   0   7   0   0   0   0  58   0   2   0   0  12   9   0   0   3  0.45 0.20
  151 D   -3 -3  0  7 -6 -2  3 -3 -1 -6 -6  0 -5 -5 -4 -2 -3 -6 -5 -5    0   0   1  77   0   0  16   0   1   0   0   4   0   0   0   0   0   0   0   0  1.68 0.38
  152 W   -2  0 -3 -3 -3 -2 -3 -3 -2 -1  0  0  4 -1  1 -2 -1  7  2  0    1   5   0   1   0   0   1   1   0   1   8   5  22   0   8   1   4  25   7   9  0.68 0.21
  153 N   -2  0  3  4 -4  1  2 -2  0 -3 -1 -1 -2 -3 -2 -1  0 -4 -3 -3    1   3  16  39   0   6  13   1   3   1   9   1   0   0   1   1   5   0   0   1  0.58 0.17
  154 T    1 -1  2 -1 -2 -1 -1  1 -2 -1 -1 -1 -1 -2 -2  3  2 -3 -2  0    9   3  15   1   0   0   1   9   0   5   7   1   0   0   1  31  12   0   0   5  0.28 0.12
  155 L    3 -2 -2 -2  1  1 -1 -2 -2  0  1 -1 -1 -2  0  1  0 -3 -2  0   40   1   0   1   3   8   1   1   0   6  16   1   0   0   4   9   3   0   0   6  0.26 0.13
  156 K    0  3 -1 -2 -3  0 -1 -3 -1 -3 -1  4 -2 -2 -2  0 -1 -3  2 -2    8  22   0   1   0   0   1   1   0   1   8  39   0   0   1   8   1   0   8   1  0.54 0.20
  157 S    1 -1  1 -1  1  2  0  0 -1 -1 -2  0  1 -3 -2  2  2 -3 -2 -1   14   1   9   1   5  12   5   6   0   5   1   5   5   0   1  15  14   0   0   1  0.22 0.10
  158 R    1  2  2  2 -3  2  2 -2 -1 -3 -3  2 -2 -3 -2  1 -1 -3 -2 -2   12  12  12  12   0  12  12   1   0   1   1  12   0   0   1  12   1   0   0   1  0.36 0.08
  159 L   -2 -3 -3 -3 -3  0 -3 -3  1  1  2 -3  2  1 -3  0 -1  6  4 -1    1   1   0   1   0   4   1   1   4   8  23   1   7   4   1   8   4  15  17   1  0.52 0.23
  160 S    0  0  2  0 -3  2  1 -2  2 -1 -1 -1  0 -1 -2  2  1 -3  0  0    3   3  10   4   0  11   8   1   6   3   5   1   2   3   0  23   7   0   3   6  0.21 0.14
  161 Q    1 -1  1 -2 -3  4  1 -1  2 -2 -3  2 -2 -3 -2  1  1 -3 -2 -2   11   1   6   1   0  32   5   3   6   3   1  11   0   0   1   9   8   0   0   1  0.47 0.25
  162 A    3 -2 -2 -2 -2  0  0 -2 -2  0 -1  0 -2 -2 -2  2  0 -3  0  1   43   0   0   0   0   3   5   1   0   4   5   5   0   0   0  15   4   0   4   9  0.37 0.24
  163 A    1 -1  0 -2 -2  1  0 -2  1  0 -1  0  1 -2  1  2  0  1 -2  1   13   0   3   0   0   8   3   1   4   3   5   6   6   0   6  19   6   3   0  13  0.17 0.15
  164 K   -2  3  0 -2 -4  1  0  0  1 -1 -3  4 -2  0 -3  0  0 -4 -2 -1    0  16   3   0   0   5   6   8   3   4   1  34   0   4   0   4   6   0   0   4  0.42 0.25
  165 N    0  1  2  1 -3  2 -1  0  2 -3 -3  1 -2 -3  1  2  0 -4 -2 -2    6   8  10   7   0  12   1   6   7   0   1   7   0   0   6  21   4   0   0   3  0.30 0.18
  166 S    1 -2 -1 -2 -2  0  0 -1 -2 -2 -1 -1 -2 -2 -1  4  2 -3 -3 -2    8   1   1   1   0   3   4   4   0   2   6   2   0   1   1  47  15   0   0   1  0.52 0.26
  167 G    0 -2  0  0 -2  1  0  3  0 -2 -2 -1  0 -2  1  1  0 -3 -2 -2    6   1   3   6   0   7   7  32   2   1   4   1   3   2   5  14   4   0   1   2  0.31 0.12
  168 S    0  1  1 -1  1  1  0  0  0 -1  0  0 -1 -2 -1  2  1 -2 -2 -1    7   9   6   1   4   9   4   5   2   2   9   5   1   1   1  22   7   0   1   4  0.14 0.08
  169 N    0 -1  3 -1 -2  1  0  0 -1 -2 -2  0 -1 -2  0  2  1 -2 -2 -2    8   2  17   2   1   8   6   7   1   2   3   5   1   1   5  22   6   0   1   2  0.26 0.11
  170 Q    0  0  1 -1 -2  3  0  0 -1 -1 -1  0 -1 -2  1  2  1 -2 -2 -1    4   5   5   2   1  18   2   8   1   3   6   6   1   2   6  17   7   1   1   5  0.18 0.08
  171 G    0  0  1  0 -2  1  0  2 -1  0 -1  0 -1 -2 -1  1  0 -2 -2 -1    7   6  10   4   1   6   6  18   1   7   4   3   1   2   2  14   6   1   1   3  0.14 0.05
  172 L    0 -1 -1 -2 -2 -1 -1  0 -1  1  2 -1  2  0  1  0  0 -1  0  0    8   2   3   2   1   2   2   7   1   8  24   2   8   5   6   5   6   1   3   4  0.08 0.05
  173 G    0  1  0  0 -2  0  0  2 -1 -1 -1  0 -1 -1  1  1  0  0 -1 -1    5   8   4   6   1   5   3  20   1   3   7   3   1   2   7   9   5   2   2   7  0.12 0.03
  174 G    0 -1  1  1 -2  0 -1  3  0 -1 -1 -1 -1 -2  0  0  0 -2 -1 -1    5   2   8   8   1   3   3  31   2   2   8   3   2   2   4   3   5   1   1   4  0.22 0.07
  175 A    1  1  0 -1 -2  0  0  1 -1  0 -1  0 -1 -2  1  1  0 -2 -1  0   17   7   3   2   1   2   5  10   1   5   6   4   1   1   7  15   4   1   1   7  0.11 0.05
  176 S    1 -1  0  1  0  0  0  0  0 -1 -2  0 -1 -2  2  2  0 -2 -2 -1    9   2   4   8   3   4   4   6   2   4   3   5   2   1   9  25   6   0   1   2  0.20 0.09
  177 G    0  0  1 -1 -2 -1 -1  4 -1 -2 -1 -1 -1 -2 -1  0  0 -2 -2 -1    7   4   7   2   1   2   2  40   1   2   5   3   2   1   3   8   5   0   1   4  0.38 0.11
  178 S    1 -1  1  0 -1  1  0  0 -1 -1 -1 -1 -1 -2  0  2  1 -2 -2 -1   12   2   7   4   2   9   7   8   1   3   8   2   1   1   4  20   8   0   1   2  0.16 0.08
  179 H    0 -1  2 -1 -2  1  1 -1  4 -1 -1 -1 -1 -1  0  0 -1 -2  1 -2    9   3  12   2   1   7  12   2  16   3   5   2   1   3   3   8   2   0   7   2  0.23 0.10
  180 T    0 -1  2  1 -2  1  0  0 -1 -1  0  0  0 -2 -1  0  1 -2 -1  0    8   1  15   7   1   7   6   7   1   4   8   5   2   1   1   5  13   0   2   5  0.12 0.07
  181 H    0  1  1 -1 -2  0  0  0  3 -1 -1  1  0  0 -1  0  0 -2 -1 -1    8   6   7   3   1   4   5   7  12   1   7  11   3   6   2   5   5   0   1   5  0.09 0.05
  182 T    1 -1  0  1 -1  1  1 -2 -1  1 -1 -1 -1 -2 -1  1  2 -3 -2  0   13   1   2  10   1   9   9   2   1  10   5   1   1   1   1   8  16   0   1   8  0.15 0.09
  183 T    1  0  0  0 -2 -1  1 -1 -1  0 -1 -1 -1 -2  0  1  2 -2 -1  0   18   6   4   3   0   1   9   4   1   4   5   1   1   1   4  14  13   0   2   9  0.14 0.08
  184 T    1  1  2  0 -2  0  0 -1 -1 -2 -1  0 -1 -2  1  1  1 -2 -2 -1   15   8  14   4   0   2   6   3   1   1   7   6   2   1   5   9  11   0   1   3  0.16 0.07
  185 A    3 -2 -2 -2 -2 -1 -2  1 -2  0  0 -1  0 -2  2  1  0 -3 -2  0   35   1   1   1   0   3   1   9   0   5  11   1   3   1   9   7   6   0   1   4  0.26 0.13
  186 N    1 -2  2  1 -2 -1  0  0 -1  0 -1 -1 -1 -2 -1  2  1 -3 -1  0   15   1  11  10   0   1   4   7   0   6   5   1   0   1   1  21   8   0   2   6  0.19 0.09
  187 K   -1  2 -1 -3 -5  1 -1 -1 -2 -4 -4  6  1 -4  0 -2 -2 -5 -4 -4    5   8   2   0   0   5   0   5   0   0   0  62   4   0   5   0   0   0   0   0  1.03 0.40
  188 V    2 -2 -2 -3 -2 -1 -2 -1 -3  2  2 -1  0 -2 -2 -1  0 -3 -2  2   20   2   2   0   0   3   1   5   0  13  23   2   1   0   0   3   4   0   0  19  0.23 0.15
  189 E   -3 -1  1  4 -5  2  4 -4 -1 -4 -5 -1 -4 -5 -3 -1  0 -6 -4 -4    0   3   5  33   0   9  37   0   1   1   0   2   0   0   0   3   6   0   0   0  1.00 0.38
  190 M    1 -2  0 -2 -3  2  0 -1  1  0  0 -1  2 -2  0  0  1 -4 -2 -1   13   0   5   0   0  14   6   5   4   8   9   3  10   1   5   6  10   0   0   2  0.16 0.14
  191 L   -1 -1 -4 -5  1 -3 -4 -4 -4  3  4 -3  0 -2  0 -3 -1 -4 -3  1    5   5   0   0   3   0   0   0   0  19  50   0   0   0   5   0   2   0   0   8  0.60 0.26
  192 K   -3  3  1 -3 -5  2 -1 -1 -2 -1 -2  5 -3 -4 -3 -2 -2  3 -3 -3    0  18   6   0   0  11   2   4   0   4   3  44   0   0   0   0   0   5   0   0  0.80 0.34
  193 E    1  0 -1  3 -4  0  4 -2  0 -4 -4 -1 -3 -4  0  0 -2 -4 -1 -3   16   5   2  18   0   1  39   1   2   0   1   0   0   0   5   6   0   0   3   0  0.66 0.29
  194 E   -1 -2  1  2 -5  3  5 -4 -2 -1 -2 -1 -3 -4 -3 -2 -2 -5 -4 -3    4   0   7   8   0  14  54   0   0   4   5   0   0   0   0   0   2   0   0   0  0.95 0.38
  195 E   -1 -1  0 -3 -1  1  0 -3 -2  0  2  1  3 -1 -3 -2 -1 -1  2  0    3   0   4   0   1   9   5   1   0   5  25  13  12   0   0   1   3   1   9   6  0.24 0.17
  196 E    0 -2 -1  3 -5  0  5  0  3 -4 -4 -1 -4 -4 -3  0 -2 -4 -2 -4    6   0   0  20   0   2  45   7   8   0   1   2   0   0   0   5   0   0   2   0  0.85 0.34
  197 E   -1 -2  1  3 -4  1  4 -2  1 -3 -4 -1 -3 -4  1 -1 -2 -4 -3 -1    3   1   7  18   0   4  42   2   3   1   1   1   0   0   6   2   1   0   0   7  0.73 0.30
  198 L    3 -3 -1 -3  2 -2 -1 -3 -3  0  2 -1  1 -2 -3  0 -1 -3 -1  1   35   0   3   0   5   0   3   0   0   5  26   3   4   0   0   4   1   0   3   9  0.34 0.22
  199 K    0 -1 -2  0  0  2  3 -2  1 -2 -2  1 -1 -3  1  0  0  4 -2 -1    6   1   0   5   2  12  26   2   3   3   4   8   1   0   6   4   7   7   0   3  0.32 0.17
  200 K    1  2  3 -2 -3  0 -1 -2 -2 -1  0  1 -1  0  0  1  0 -3 -1 -1   11  13  17   0   0   3   0   2   0   4  11  10   1   4   5  10   3   0   1   3  0.18 0.13
  201 K    0  2 -2  1 -4 -1  1 -3  0 -1  1  4 -2  0 -3 -2 -2 -4 -3 -3    6  12   0   7   0   0   8   0   2   3  17  38   0   4   0   0   0   0   0   0  0.50 0.27
  202 V   -1 -3 -3 -4 -3  0 -3 -4 -3  0  2 -3  3  1 -3  0 -1 -3  0  3    4   0   0   0   0   4   1   1   0   0  26   0  13   7   0   9   3   0   4  26  0.39 0.22
  203 E   -1 -2  1  1 -4  2  5 -1 -2 -3 -1 -1 -3  0 -3 -1 -2 -4 -1 -1    4   0   7   4   0   7  50   6   0   0   5   0   0   4   0   3   0   0   3   4  0.67 0.30
  204 Q   -1 -1  0 -1  2  3 -1 -1  0  1  0  1  1 -2 -3  1  0 -3  0  0    4   0   5   3   5  17   0   3   3  10   7  12   4   0   0  10   3   0   4   7  0.15 0.14
  205 C    0  1  0 -3  5  0  0 -3 -2  0  0 -1  1  0  0  0 -2 -3  0  0    8   8   5   0  21   3   7   1   0   8   6   4   5   4   5   5   1   0   3   5  0.25 0.16
  206 K   -1  2 -1 -1 -3  3  2 -2  0 -2 -1  2  2 -2 -1 -1 -1 -2 -2 -2    1  18   1   1   0  17  18   1   0   1   2  18  17   1   1   1   1   0   1   1  0.36 0.05
  207 D    0 -3 -1  6 -4 -2  1 -3 -3 -3 -4 -2 -4 -4 -3 -2 -2 -5 -4 -1   10   0   0  70   0   0   8   0   0   0   1   0   0   0   0   0   0   0   0   7  1.27 0.33
  208 E    0  1  1  1 -3  2  1  1 -1 -2 -2  1  0 -2 -2  1  0 -4 -3 -2    9   7   8   6   0  11  10  12   0   2   4  12   3   1   0   8   5   0   0   1  0.23 0.08
  209 Y    0 -3 -3 -4 -3 -3 -3 -3 -2  1  3 -3  1  1 -3 -2 -1  4  4  0   12   0   0   0   0   0   0   1   0   5  35   0   3   5   0   1   4   9  19   4  0.46 0.16
  210 L    2 -2 -2 -2 -2 -2  0 -2 -2  1  1 -2  0  1 -2  1  0 -2  0  0   30   0   0   0   0   0   6   1   0   9  13   0   3   9   0  11   6   0   3   7  0.20 0.11
  211 A    2  0 -2 -2  3 -1  0 -2 -1  0 -2 -1 -2 -2  1  1  3 -3 -2 -1   23   5   0   0  10   0   5   1   2   8   1   0   0   1   7  11  23   0   1   2  0.30 0.14
  212 D    0  1  1  4 -1  1  4 -3 -1 -4 -2 -1 -3 -3 -2 -1 -2 -4 -1 -3    6   7   7  27   2   5  36   1   0   0   3   0   0   0   0   1   0   0   3   0  0.66 0.20
  213 L    0 -3 -3 -4 -2 -2 -3 -3  2  1  3 -2  4 -1 -3  0  0 -3 -2  1    7   0   0   0   0   0   0   0   7   8  33   0  26   0   0   7   6   0   0   7  0.38 0.13
  214 Y   -2 -3  0 -3  2 -3 -3 -4 -1 -1  1 -3 -1  4 -4  0 -2  0  5  0    0   0   7   0   8   0   0   0   0   0  18   0   0  25   0   7   0   0  28   7  0.50 0.14
  215 H    0  0  3  0 -4  2  2 -1  2 -2 -3  0 -2 -3 -3  1  1 -4 -1 -3    6   2  21   3   0  13  13   2   8   3   0   4   0   0   0  12   9   0   3   0  0.40 0.15
  216 F   -3 -1 -4 -5 -3 -4 -4 -5 -3  1  3 -4  0  5 -5 -2 -3 -2  1  0    0   5   0   0   0   0   0   0   0   5  32   0   0  44   0   4   0   0   4   6  0.82 0.26
  217 S    1 -2 -2 -3  1 -2 -2 -1 -3  1  1 -1  1  0 -3  2  0 -3 -1  1   13   0   0   0   4   0   2   5   0  13  15   2   3   3   0  23   5   0   2   9  0.17 0.10
  218 T    3 -2 -2 -3 -3 -3 -3 -1 -3 -1 -3 -2  0 -4 -3  4  3 -5 -4 -3   31   1   0   0   0   0   0   4   0   3   0   1   3   0   0  37  19   0   0   0  0.79 0.35
  219 K   -3  4  0 -3 -6  1  1 -3  1 -5 -3  5  0 -5 -4 -1 -3 -5 -4 -4    0  27   3   0   0   6   6   1   3   0   2  46   3   0   0   3   0   0   0   0  1.05 0.38
  220 E   -3 -3 -3  0 -6  1  7 -4 -3 -2 -5 -2 -4 -5 -4 -1 -3 -5 -5 -4    0   0   0   4   0   3  83   0   0   3   0   0   0   0   0   3   0   0   0   0  1.77 0.54
  221 D    1  0  0  2  1  0  0  0 -2  0 -1 -1 -2 -1  1  1  1 -3 -1 -1   18   5   5  13   4   4   4   6   0   6   4   2   0   3   6   7   8   0   2   3  0.12 0.08
  222 S   -3 -1  0  3 -5  1  5 -3 -2 -4 -3 -2  0 -5 -4  0  0 -6 -5 -4    0   2   4  19   0   6  50   1   0   1   2   0   3   0   0   5   7   0   0   0  0.97 0.36
  223 Y   -3 -1 -1 -4  1  0 -4 -5  3  2  1 -3  1  3 -5 -1 -3 -2  5 -1    0   3   2   0   4   5   0   0   8  13  14   0   4  11   0   5   0   0  28   3  0.60 0.29
  224 A    4 -4 -1 -4  2 -3 -2  0 -4 -1 -3 -3  1 -4 -3  2  0 -5 -4  0   53   0   3   0   4   0   2   6   0   2   0   0   3   0   0  16   5   0   0   6  0.74 0.38
  225 N   -1  2  3 -1 -1  3  1 -1  1 -2 -2  1  0 -3 -3  1 -1 -4 -1 -2    3  13  16   2   2  15  11   4   4   2   4   7   2   0   0  11   1   0   2   2  0.32 0.19
  226 Y   -1 -1 -2 -4  2 -2 -3 -4  1  1  0  0 -1  2  0 -1  0  1  4  1    3   3   1   0   6   0   0   0   4   7  11   6   0   8   4   4   8   2  21  11  0.28 0.18
  227 F   -1 -4 -5 -5 -3 -4 -5 -5 -3  2  2 -4  3  5 -5 -4 -3 -2  3  1    5   0   0   0   0   0   0   0   0  11  25   0   8  31   0   0   0   0  10   9  0.77 0.28
  228 I   -1 -1 -2 -3 -2  0 -1 -3  0  2  1  0  2 -1 -3  0  0 -3  0  2    3   4   0   0   0   5   3   0   3  19  17   5   7   0   0   6   4   0   4  17  0.20 0.14
  229 H    0  1  1  1 -4  3  1 -3  2 -3 -1  1  1 -3 -3  1  1 -4  0 -3    7  10   5  10   0  17   7   0   7   0   4   7   5   0   0  10   9   0   4   0  0.31 0.17
  230 L   -2  1 -2 -3 -3 -1 -2 -3 -2  1  0  1  2  2 -3  0  1  5  2 -1    0  10   0   0   0   0   0   0   0  10  10  10  10  10   0  10  10  10  10   0  0.29 0.15
  231 L   -1 -4 -4 -5  0 -3 -4 -5  0  2  2 -4  3  2  0 -3 -1 -3  0  3    4   0   0   0   2   0   0   0   3  11  28   0   8   9   5   0   2   0   4  24  0.50 0.24
  232 E   -1  0 -1  0 -5  2  4 -4  0 -1 -3  3 -2 -5  0 -2 -2 -5 -4 -2    3   3   2   2   0  10  37   0   2   4   2  24   1   0   5   1   2   0   0   2  0.71 0.34
  233 I    1  0 -2 -3  0 -1 -1 -3  2  2  2 -1  0  0 -3 -1 -2 -4 -1  1   18   5   2   0   2   3   3   0   7  13  28   2   2   3   0   3   1   0   1   9  0.23 0.17
  234 Q   -3 -2 -3 -1 -6  7 -1 -5  0 -5 -3  2  0 -6  0 -1 -3 -5 -5 -5    1   0   0   3   0  68   1   0   2   0   2  12   2   0   5   4   0   0   0   0  1.61 0.64
  235 A    3  2 -2 -2 -3 -1  1 -1  0 -1  0  1  2 -3  0 -1 -2 -4 -3 -1   30  13   0   1   0   1  11   3   3   2   7  11   6   0   5   2   0   0   0   4  0.30 0.22
  236 D    1  0  1  3 -4  1  3  0 -2 -4 -1  0 -1 -4 -3  0 -1 -5 -4 -3   13   4   6  22   0   7  24   7   0   0   6   3   2   0   0   4   2   0   0   0  0.47 0.24
  237 Y   -2 -5 -5 -6 -1 -2 -5 -6  3  1 -3 -5 -4  4 -6 -4 -4 -1  7 -4    4   0   0   0   1   2   0   0   8   9   0   0   0  16   0   0   0   0  60   0  1.85 0.65
  238 H   -3 -3 -3 -2 -6  2 -3 -1  9 -5 -1 -4 -4  1 -5 -2 -4 -5  2 -5    2   0   0   2   0   8   0   4  61   0   8   0   0   7   0   3   0   0   5   0  1.82 0.72
  239 R   -3  5 -2 -1 -5  0  2 -4 -2 -2 -3  3 -2 -5  0 -2  0 -5 -4 -3    0  37   0   3   0   2  17   0   0   2   2  23   1   0   4   2   5   0   0   2  0.85 0.41
  240 K   -1  2  0 -1 -4  0  1 -1 -1 -4 -3  4 -3 -1 -3  1  1 -4 -2 -2    4  10   4   2   0   3   9   4   1   0   2  37   0   3   0   9   9   0   1   2  0.52 0.32
  241 S    3 -3  0 -3  3 -3 -3 -3 -3 -3 -2 -1 -1 -2 -1  3  0 -5 -4 -1   34   0   4   0   8   0   0   0   0   0   2   3   1   2   3  31   6   0   0   3  0.68 0.41
  242 L   -1  0 -3 -4 -3 -3 -3 -4  1  0  4  0  1  1 -4 -1 -2 -3  1  0    6   7   0   0   0   0   0   1   4   3  46   7   2   7   0   5   0   0   6   6  0.44 0.28
  243 T    2  1 -1  0 -4  1  2 -1  1 -3 -3  1 -2 -4 -3  2  2 -4 -2 -2   17   7   2   4   0   7  18   3   4   0   1   8   1   0   0  14  13   0   1   1  0.37 0.25
  244 S    0  0 -1 -2  0 -1  1 -3  1  1  1  0  1  0 -3  1  0  1 -1  0    4   5   1   0   2   0  10   0   4  12  15   4   5   4   0  16   5   3   1   7  0.13 0.14
  245 L   -1 -1 -1 -5 -4 -1 -4 -5 -4  2  4 -2  1 -1 -4 -1 -3 -4 -1  0    5   4   3   0   0   2   0   0   0  15  52   3   2   2   0   6   0   0   2   3  0.61 0.35
  246 D   -2 -1  2  4 -5  2  4 -2  1 -5 -5  0 -4 -5 -4 -1 -2 -5 -4 -5    2   2   9  29   0   9  32   3   3   0   0   5   0   0   0   3   2   0   0   0  0.92 0.44
  247 T    1  0  1  1 -2  0  1  0  0 -1 -2  1 -1 -2 -1  1  1  1 -3 -2   10   5   8   8   1   3   8   9   2   3   2   9   1   2   3  11  13   3   0   0  0.17 0.13
  248 A    2 -1 -1 -3  2  0 -2 -3  2  1  0 -2  2  0 -3  1  1  0  0  0   18   3   3   0   5   4   1   0   6   9   8   0   7   3   0  10  12   1   3   7  0.17 0.17
  249 L   -1 -2 -3 -1 -3 -1  0 -4 -3  3  3 -1  1 -2 -1 -1 -2  2 -3  0    5   2   0   3   0   2   6   0   0  19  39   4   4   0   3   3   0   4   0   5  0.38 0.26
  250 A    1  0  0 -3  2  0 -1 -4 -3 -4 -4 -1  0 -2  5  1  1 -5 -4 -2   10   5   5   0   5   4   4   0   0   0   0   2   3   2  36  11  10   0   0   3  0.79 0.38
  251 E   -1  1  0  0 -1  3  3 -2  0 -2  0  1  1  0 -3  0 -1 -3 -2 -2    5   8   4   2   2  14  23   3   2   0   9   7   4   5   0   7   3   0   0   2  0.27 0.20
  252 L   -3 -4 -4 -4  1 -1 -1 -2 -4  3  3 -3  3  1 -1 -3  0 -3 -2  1    0   0   0   0   4   3   4   4   0  21  34   0   9   6   3   0   5   0   0   6  0.45 0.28
  253 R    0  1  1  1 -3  1  0  0  2  0 -1  0  1 -2 -3  0  0  3 -2 -2    7   7   7   7   0   7   7   7   6   7   7   7   6   0   0   7   7   6   0   0  0.14 0.14
  254 D    0  1  0  2  1  1  2 -1  1 -2 -2  0  0 -1 -3  1  0 -4 -1 -1    6   8   2  14   3   5  16   4   4   2   2   6   2   2   0  10   5   0   3   4  0.21 0.19
  255 N    0  1  3  0  2  1 -1 -1  1 -1 -2  0  0 -1 -3  0  0  2  0 -3    6   9  19   4   6   5   4   5   4   3   3   6   4   3   0   7   4   3   4   0  0.22 0.21
  256 H   -2  0  1  0 -3  1  0  0  2  0 -1  0  1  1  1  0  0  3  1 -2    0   6   6   6   0   6   6   6   6   6   6   6   6   6   6   6   6   6   6   0  0.12 0.14
  257 S    1  0  1  1 -1  0  0  1  0 -2 -2  0 -2 -1 -2  2 -1 -3 -2  0    9   4   5  10   1   3   7  11   2   2   3   4   0   3   1  24   2   0   1   6  0.19 0.13
  258 Q    0  1  1  1 -2  4  0 -2  0 -1 -3  1 -1 -2  1  1 -1 -3 -3 -1    8   6   7   6   1  24   3   3   2   3   2   7   1   2   6  12   3   0   1   3  0.32 0.19
  259 A    2  0  0 -2 -2 -1 -2  0  1  0 -2  0 -2  0 -1  1  0  3 -1  0   23   6   4   2   1   1   1   8   3   5   3   7   0   4   2  11   6   6   1   7  0.18 0.13
  260 D    0  0  1  3 -3  1  0  0  1 -1 -2 -1  0 -2  0  1 -1  0 -1  0    8   4   6  19   0   6   6   9   3   3   3   2   2   1   4   9   2   1   2   9  0.16 0.11
  261 H    0  1  1  0 -2  2  1 -3  4 -2 -1  0  0 -2  0  1 -1 -3  0 -1    6   6   5   3   1  11   9   1  13   2   7   6   2   1   5  13   2   0   3   4  0.23 0.15
  262 S    0  1  1 -1 -1  1 -1 -1 -1 -1 -3  2 -3 -3 -1  3  1 -4 -1 -2    6   6   7   3   1   6   2   4   1   4   1  18   0   1   2  24  10   0   2   2  0.32 0.22
  263 P   -1 -1 -2 -2  0  0 -2 -4 -4 -4 -3 -2 -1 -4  6  0 -1 -5 -4 -2    4   3   2   2   2   5   3   1   0   1   2   1   2   0  56   8   4   0   0   3  1.38 0.51
  264 L   -1  1  0 -2 -2  0 -1 -2 -1  1  2  0  1 -1  1  0  0  1  0  1    5   7   4   1   0   5   2   2   2   7  22   4   5   2   6   6   6   3   3   8  0.09 0.07
  265 T    0 -1  0  0 -1  0  0 -1 -1  1 -1  0 -1 -2  2  1  2 -3 -2  0    5   3   5   4   1   3   5   4   2   8   4   4   1   1   9  13  18   0   1   8  0.16 0.11
  266 T    0  0  1  0 -1  0  0 -1 -1  0 -1  0  0 -2  1  1  2 -3 -1 -1    8   5   6   6   1   5   5   3   2   6   7   3   3   1   8   9  16   0   3   3  0.11 0.08
  267 A    2  0 -1 -1  1  0  0 -1 -1 -1 -1 -1 -1 -2  0  2  0 -1 -2 -1   21   6   3   3   4   4   5   5   1   5   5   3   1   2   4  17   6   1   1   4  0.15 0.11
  268 A    2 -2  0 -1  1  0 -1  1  0 -1 -1  0 -1 -2  1  1 -1 -1  0 -1   21   1   5   2   4   3   4   9   2   3   7   5   1   1   8  10   3   1   4   4  0.14 0.10
  269 P   -1  0  0 -1 -2 -1 -1 -2 -1 -3 -3 -2 -2 -3  6 -1 -1 -2 -2 -2    6   4   4   3   1   3   3   3   2   2   2   2   1   1  51   4   3   1   1   3  1.16 0.39
  270 F    0  0  1 -1  0  0  0 -1 -1  0  0  0  0  2 -1  0  0 -2  0  0    5   7   7   3   2   3   6   5   1   4   8   6   2  12   3   7   6   0   2  10  0.03 0.04
  271 S    0  2  0 -1 -2  0 -1  1  0 -3 -2  1 -1 -2  0  3  1 -3 -1 -2    5  13   5   2   1   3   2  13   2   1   3   7   1   2   5  23   8   0   2   3  0.26 0.16
  272 R    0  4 -1 -2 -4  3 -1 -1 -1 -4 -3  3 -3 -4  2  0 -2 -2 -2 -3    6  23   3   2   0  13   2   5   1   1   2  20   0   1   9   5   2   0   1   2  0.56 0.30
  273 V   -1 -4 -5 -3 -1 -1 -5 -6 -1  2  1 -5  1 -2 -4 -2 -1 -6 -2  5    5   1   0   1   1   3   0   0   2   9  10   0   3   1   1   3   4   0   1  54  1.00 0.51
  274 Y   -7 -8 -8 -8 -7 -8 -6 -8 -6 -4 -3 -3 -3  8 -8 -5 -7 -1  3 -6    0   0   0   0   0   0   1   0   0   1   2   2   1  83   0   1   0   1  10   0  3.02 1.12
  275 G   -4 -7 -2 -5 -3 -7 -5  7 -7 -9 -9 -5 -8 -9 -8 -3 -5 -9 -9 -6    1   0   2   0   1   0   1  92   0   0   0   1   0   0   0   1   0   0   0   0  2.72 1.07
  276 V    0 -2 -4 -5  5  0 -2 -2 -3  1 -1 -1  0 -2 -4 -2  0 -6 -3  4    6   2   1   0  15   5   2   4   0   7   4   4   2   1   0   3   5   0   1  38  0.69 0.41
  277 S   -1 -1 -1  3  0 -2 -2 -5  0 -6 -5 -2 -4 -5  5  3  0 -7 -5 -5    4   4   2  16   2   2   2   0   3   0   1   3   0   0  30  26   5   0   0   0  1.00 0.57
  278 L   -4 -7 -8 -8 -6 -7 -8 -8 -7  1  6 -7 -1 -3 -8 -5 -6 -7 -6 -1    2   0   0   0   0   0   0   0   0   6  86   0   1   1   0   1   0   0   0   3  2.10 0.89
  279 R    0 -1 -1  1 -3  2  4  1 -1 -4 -3 -1 -2 -5 -3  0  0 -3 -3 -1    9   3   2   6   1  10  30   9   1   1   2   3   1   0   1   8   7   0   1   4  0.45 0.30
  280 T   -1 -2 -2  2  0  1  5 -3 -2 -2 -4  0 -2 -1 -4  0  1 -5 -2 -1    4   1   1  10   2   5  37   1   1   3   1   5   1   2   0   7  10   0   1   5  0.61 0.39
  281 H    1 -2 -3 -4 -1  1 -2 -5  7 -1  1 -3 -3 -3 -3 -1 -2 -2  2 -1   11   2   1   1   1   5   2   0  37   3  16   1   0   1   1   5   2   0   6   4  1.01 0.53
  282 L   -1 -4 -5 -4  3 -2 -4 -6 -6  0  4 -2  2 -1 -4 -4 -2 -6 -4  2    4   1   0   1   7   2   1   0   0   5  49   3   4   2   1   1   2   0   0  18  0.90 0.47
  283 Q    0  2 -1 -1 -1  3  2 -3  1 -3  0  2 -1 -3 -1  0  1 -5 -3 -2    8  14   2   3   2  13  12   1   4   0   9  11   1   1   2   6   7   0   1   3  0.31 0.24
  284 D    0  3  2  2 -3  0  0 -3  0 -1 -2  0 -2 -2 -1  0 -1 -5  0  0    7  16  13  15   1   3   6   1   3   5   3   5   1   1   3   6   2   0   4   6  0.26 0.21
  285 L   -1 -1  0  1  1 -1  2 -1  0  0 -1 -1 -1 -2 -2  2  2 -4 -1  0    3   4   5   7   3   2  13   3   2   5   5   3   1   2   2  17  15   0   2   6  0.18 0.17
  286 G   -1 -1  3  0 -3 -1 -1  5  0 -6 -5  1 -5 -6 -1  0 -2 -6 -6 -4    5   3  12   5   1   2   4  44   2   0   1   8   0   0   3   8   2   0   0   1  0.84 0.44
  287 R   -2  5  0 -1 -1  2  0 -1  3 -3 -4 -1 -3 -4 -3 -1  0 -2 -2  0    3  33   4   3   1  11   6   6   6   1   1   3   0   1   1   5   5   1   2   6  0.58 0.37
  288 D   -2 -1  1  4 -3 -1  3 -1 -2 -1 -2  1 -3 -4  0  0  0 -6 -3 -3    3   3   5  25   0   2  19   4   1   3   5   7   1   0   5   7   7   0   1   2  0.45 0.29
  289 I   -2 -4 -5 -6 -2 -5 -4 -3 -4  6  0 -6 -1 -2 -2 -5 -3 -7 -4  4    3   1   1   0   1   0   1   2   0  46   6   0   1   1   3   0   1   0   0  32  1.31 0.60
  290 A    3 -4 -1 -5 -1 -4 -3 -3 -4 -2 -3 -1 -3 -5  6 -2 -3 -8 -4 -4   24   1   3   0   1   1   1   2   0   2   2   3   1   0  52   3   1   0   0   1  1.49 0.70
  291 L   -2 -1 -2 -4 -3 -1 -3 -4  0  1  3 -1  1  2  0 -2 -2 -4  1  2    3   3   1   1   0   4   1   1   2   8  36   3   3   9   5   2   1   0   4  13  0.41 0.25
  292 P   -1 -5 -6 -5 -5 -3 -5 -5 -6  3 -1 -5 -3  1  5 -3 -3 -6 -5  4    4   0   0   1   0   1   0   1   0  17   5   0   0   6  30   1   1   0   0  32  1.16 0.54
  293 I   -2 -6 -6 -7 -1 -6 -6 -7 -6  4  3 -6  1  0 -4 -5 -3 -6 -5  4    2   0   0   0   1   0   0   0   0  27  25   0   3   3   1   0   1   0   0  36  1.20 0.53
  294 E   -3  2 -2 -1 -1  2  4 -4 -1 -2 -4  2 -2 -2 -1 -1 -1 -5  1 -1    1  11   1   3   2   8  35   1   2   3   1  11   1   2   3   3   3   0   5   4  0.60 0.37
  295 A    1  2 -2 -1  3  1  1 -3 -1  0 -1  2  0 -3 -3  0 -1 -2 -3  0   15  12   1   4   6   8   7   1   1   5   5  14   3   1   0   8   2   0   1   6  0.23 0.19
  296 C   -3 -7 -6 -3 10 -6 -4 -5 -7  0  0 -4 -1 -6 -7 -4 -1 -7 -3 -1    1   0   0   2  69   0   1   1   0   5   8   1   1   0   0   1   3   0   1   4  2.62 0.90
  297 V    0 -3 -5 -5  3 -1 -4 -5 -5  4  0 -3 -1 -2 -5 -2  0 -5 -4  4    9   2   0   0   7   3   1   1   0  28   8   2   1   2   0   3   4   0   0  31  0.77 0.39
  298 L   -1  1  0  1  2  1  3 -2 -1 -2 -2  0  0 -2 -4  0  2 -1  1 -2    5   8   4   6   4   8  19   3   1   2   4   3   3   2   0   5  13   1   7   3  0.24 0.20
  299 L    1 -2 -3 -4  0 -1  1 -4  1  0  1 -3  3  3 -4 -2  0  0  4  1   11   1   1   0   2   2   9   1   3   5  11   1   8  15   0   1   5   1  14   9  0.39 0.26
  300 L   -4 -4 -3 -4 -2 -5 -3 -5 -3  4  4 -4  1 -1 -6 -4 -3 -5 -3  2    0   1   1   1   1   0   2   1   1  26  44   1   2   1   0   1   1   0   1  16  1.02 0.46
  301 L   -2  1  0  0 -1  0  4 -5 -1 -1  1 -1 -1 -1 -4 -2 -1 -1  1 -3    3   8   3   5   2   4  36   0   1   3  16   3   1   3   0   2   3   1   6   1  0.51 0.32
  302 S    1  2 -1  0 -1  1  4 -3  0 -3 -2  1  0 -4 -2  0 -1 -5 -2 -3   10  11   3   5   1   5  29   2   2   1   4  10   3   1   2   7   3   0   1   2  0.42 0.27
  303 E   -3  3  2 -1  3  0  0 -3  5 -3 -3  2 -1 -1 -3 -2 -1 -1  1 -3    1  18   9   3   8   4   5   1  18   2   3  12   2   2   1   2   4   1   5   1  0.54 0.30
  304 G    1 -3 -1 -3  1 -5 -3  6 -1 -6 -5 -3 -5 -3 -3 -2 -4 -6 -3 -4   14   1   2   1   4   0   1  68   1   0   1   1   0   1   1   1   0   0   1   1  1.48 0.53
  305 M   -2 -3 -3 -4 -2 -4 -3 -4 -5  3  3 -3  6 -1 -2 -3 -3 -1 -2  0    3   1   1   1   1   0   1   1   0  16  37   1  24   2   2   1   1   1   1   4  0.87 0.38
  306 Q   -2  0  0  2 -2  3  2 -1  1 -2 -1  1 -1 -2 -3 -1 -1 -4  1 -1    2   3   5  12   1  14  18   4   4   1   5  11   1   1   0   4   4   0   6   5  0.30 0.17
  307 E   -1  0 -1  1 -2  0  4 -3  1 -1 -1 -1 -1 -2 -3  1  1 -1  0  0    1   4   2   5   1   1  38   0   3   5   4   2   1   1   0  13   8   1   3   6  0.38 0.19
  308 E   -1 -1 -2  0 -4  1  5 -3  0 -1 -2  0 -1 -4 -1  1  0 -4 -3  0    2   2   0   3   0   4  51   0   2   2   2   3   2   0   2  11   3   0   0   9  0.60 0.18
  309 G    0  1 -1 -1 -3 -1 -2  5 -2 -3 -3 -1 -2 -3 -2  1 -1 -3 -3 -3    1  13   1   1   0   1   1  59   0   1   2   1   0   1   1  13   1   0   1   1  0.68 0.08
  310 L    0 -2 -2 -3  2 -2 -2 -3 -2  3  2 -2  2  0 -2  0 -1 -2  1  1    7   1   1   1   6   1   1   1   0  28  23   1   6   1   1   8   1   0   6   7  0.20 0.06
  311 F   -2 -4 -4 -5  3 -3 -4 -5 -1  0  1 -4 -1  4 -4 -3 -2  0  5  1    0   0   0   0  10   0   0   0   0   0  16   0   0  23   0   0   0   0  35  16  0.72 0.16
  312 R   -4  7  0 -4 -1  0 -3 -5 -3 -2 -1  1 -4 -5 -5 -4 -4 -6 -5 -5    0  78   5   0   2   2   0   0   0   2   6   5   0   0   0   0   0   0   0   0  1.80 0.57
  313 L   -1  1 -3 -4 -1 -1 -3 -4 -3  2  2  1  1 -2 -4  0 -1 -4 -3  2    2  11   0   0   1   2   0   0   0  12  30  11   2   0   0   7   2   0   0  22  0.40 0.21
  314 A    2 -2 -1 -4  1 -4 -4  0  2 -2 -5 -4 -4 -5  2  4 -1 -6 -5 -1   18   2   3   0   3   0   0   8   5   3   0   0   0   0  13  36   3   0   0   5  0.71 0.43
  315 A    1 -5  0 -1  1 -5 -2  5 -5 -6 -6 -5 -6 -6  0  0 -2 -7 -6 -2   13   0   5   3   3   0   3  58   0   0   0   0   0   0   4   5   3   0   0   3  1.20 0.52
  316 G    1  0  3 -2 -4  0 -2  2  0 -1 -1 -1 -1 -2 -2  2  0 -5 -3  0   13   4  15   0   0   4   2  14   2   2   7   2   2   2   2  18   3   0   0   8  0.26 0.21
  317 A    2 -2  1 -2 -1  0 -1 -1  0 -1  0 -1  0 -1 -3  2  1  0 -1  1   19   1   6   2   2   4   2   5   2   2   8   4   3   2   0  17   7   1   1  11  0.15 0.15
  318 S    1  0  1 -2  0 -1 -2 -2  0 -2 -3  1 -1 -4 -1  4  1 -5  0 -1   12   4   6   2   2   2   2   2   2   2   2   9   1   0   3  34   7   0   4   4  0.39 0.32
  319 V    0  1  1  0 -2  0  0 -2  1 -1  0  2  0 -2 -4 -1  0 -5 -2  1    6   9   8   5   1   4   7   2   4   3   8  18   2   1   0   3   5   0   1  14  0.19 0.18
  320 L   -2 -3 -5 -6  0 -2 -3 -4 -5  4  2 -3  2 -2 -5 -3 -2 -5 -4  4    2   2   0   0   2   2   1   1   0  31  21   1   5   1   0   2   1   0   0  27  0.87 0.44
  321 K   -1  2  1  0  0  2  1 -2  0 -1 -2  2  0 -1  0  0  0 -4 -3 -1    4  14   7   5   3   8   7   3   3   3   3  16   3   3   4   6   6   0   0   3  0.21 0.19
  322 R    0  2  0  0  0  1  1 -1  1 -1 -1  2  0 -3 -3  0  0 -4  1 -1    6  12   5   4   3   7  11   4   3   3   4  14   3   0   0   8   4   0   6   3  0.19 0.18
  323 L   -2 -5 -6 -7 -1 -2 -6 -4 -6  2  5 -4  2  1 -6 -4 -2  1 -1  1    3   0   0   0   1   2   0   1   0   9  58   1   5   5   0   1   2   2   2   7  1.05 0.57
  324 K   -2  5 -1 -2  0  2 -2 -5  0 -3 -3  4 -1 -5 -4 -2 -1 -5 -5 -2    2  29   3   2   2  10   2   1   2   2   3  33   1   0   0   2   3   0   0   3  0.96 0.56
  325 Q    1  0  1  1 -1  3  3 -3  1 -3 -2  1 -1 -2 -4  0 -1 -5 -1 -3   10   4   6   8   1  18  18   1   4   1   5   7   2   1   0   7   2   0   3   1  0.37 0.31
  326 T    1  1 -1 -1  0  1  1 -1  0 -1  0  1  1 -2 -3  1  1 -1 -1 -1   15   6   3   2   2   6   8   4   2   4   9  10   4   2   0  10   8   1   1   4  0.10 0.12
  327 M   -1  0  0  0  2  0  0 -1  1  0 -1  0  1  0 -3  0  0  3  1  0    5   5   5   5   5   5   5   5   5   5   5   5   5   5   0   5   5   5   5   5  0.06 0.09
  328 A    1 -1  2  4  0  0  1  0 -3 -2 -3 -1  0 -1 -4 -1 -1 -5 -1 -2   14   3  13  23   2   5   9   7   0   3   3   3   2   3   0   3   2   0   3   2  0.36 0.30
  329 S    0  0  2  0  2  0  0  1  0 -1 -2  0  0 -1 -1  1  0  0 -1 -1    9   4  11   4   6   4   6  10   3   3   3   5   3   2   2  12   6   2   2   4  0.11 0.12
  330 D   -1 -1  1  5  0  0  1  1  1 -2 -3 -1 -4 -5 -2 -1 -1 -6 -5 -2    6   3   7  36   3   5   7  11   3   3   2   4   0   0   2   3   3   0   0   3  0.61 0.41
  331 P    0  0 -1 -2 -1 -2  1  0 -2  0 -1  0 -2 -2  4 -1 -1 -2 -2  1    9   4   3   2   1   2  11   7   1   5   5   5   1   2  24   4   4   1   1   9  0.35 0.26
  332 H   -1  0  1  3 -3 -1  2 -2  2 -1 -1  1 -2 -1 -1  0 -1 -1  1  0    4   5   8  15   0   2  13   2   5   3   7   8   1   2   4   7   2   1   4   7  0.20 0.17
  333 S    0 -2  1  2 -1 -1  0 -1 -2 -1  0  0 -2 -2  0  1  0 -5 -2  1    9   2   7  14   1   2   5   5   1   3   9   5   1   2   4  13   7   0   1  10  0.16 0.15
  334 L   -1 -2 -2  0 -1 -2 -1 -2 -2  1  3 -2  0  1 -2 -1 -1 -2 -2  2    5   2   2   5   1   1   4   3   1   8  28   2   2   7   2   4   3   1   1  19  0.29 0.20
  335 E   -2  0  0  4 -1  0  3 -3 -1 -2 -2 -2 -2  0 -1  0 -1 -6 -2 -1    2   4   3  27   1   4  24   2   1   3   5   2   1   5   3   6   3   0   1   4  0.54 0.35
  336 E   -1 -1  0  3 -3  1  3 -2 -2 -3 -1  1 -2 -1 -2 -1 -1 -2 -2 -1    5   3   3  19   0   5  24   4   1   1   6   9   1   3   2   4   4   1   1   4  0.38 0.27
  337 F   -1 -1  0  0  1 -1 -1 -2  0 -1  0 -1  0  3  0  0 -1  1  3 -1    5   2   4   7   3   2   4   3   1   4  11   5   2  15   5   7   2   2  11   4  0.13 0.13
  338 C    0 -2  0  1  3 -1  0 -2 -1  0  0 -1 -1 -1 -1  1 -1  4  2  0    9   2   6   7   7   2   6   2   1   5   7   4   1   2   3  10   2   6   8   9  0.11 0.12
  339 S    0 -1  1  0  1  1  1  0  0 -1 -1 -1 -1 -1 -1  1  0  0  2 -1    6   3   8   6   4   8   9   7   2   3   6   2   1   3   3  11   5   2   8   5  0.08 0.08
  340 D   -3 -2  0  6  1  2  0 -3  1 -5 -3 -1 -5 -5 -2  0 -2 -6 -1 -4    1   1   3  56   3   8   4   1   3   0   3   3   0   0   2   7   1   0   2   1  1.11 0.51
  341 P   -1 -4 -2 -2 -1 -3 -2 -4 -2  3  1 -2  0 -3  4 -1 -1 -4 -2  2    5   0   1   3   1   0   2   0   1  23  12   1   1   0  25   4   2   0   2  16  0.60 0.30
  342 H   -2 -2  2 -2 -2 -1 -2 -3  8 -4 -1 -2  0 -2 -1 -2  0  2  0 -2    4   1  10   1   1   1   1   2  50   0   6   2   3   2   3   2   5   3   2   3  1.21 0.54
  343 A    2 -3 -1 -1  1 -2 -2 -1 -3  1  1 -1  0 -3 -3  0  1 -4 -3  2   21   0   3   3   4   0   2   3   0   5  13   3   1   0   0   8  12   0   0  22  0.25 0.21
  344 V   -1 -3 -5 -5  1 -2 -2 -5 -4  3  1 -4  0 -1  0 -2 -1 -4  0  4    5   1   0   0   3   1   2   0   0  24  11   0   1   1   4   2   2   0   3  39  0.62 0.33
  345 A    3 -2 -2 -3  2 -2 -2  1 -3 -2 -1 -2 -2 -3  0  1  2 -4 -3  0   39   0   0   0   5   0   0   9   0   0   4   0   0   0   4  10  20   0   0   4  0.45 0.23
  346 G    0 -2  1  0  1  0 -2  3  1 -2 -1 -2  2 -2 -3  1  0 -3  0  0    8   0   7   4   4   4   0  24   4   0   4   0   8   0   0  14   5   0   5   7  0.21 0.15
  347 A    0 -2 -2  1  3 -2 -2  0 -2  1  0 -2  2  1 -2  0  1 -3 -1  1    9   0   0   9   8   0   1   9   0   9   9   0   9   9   0   9   9   0   0   9  0.10 0.09
  348 L   -2 -4 -4  0  3 -3  0 -5 -4  2  4 -4  2  1 -4 -3 -3 -4 -3  0    2   0   0   7   9   0   7   0   0  10  48   0   6   5   0   0   0   0   0   6  0.56 0.26
  349 K   -3  2  0 -3 -6  1  1 -4 -3 -5 -5  6 -4 -5  1 -2 -1 -6 -4 -5    0  10   3   0   0   6   7   0   0   0   0  66   0   0   5   0   3   0   0   0  1.27 0.45
  350 S   -1  0 -1  0  2  2  1 -2  1 -1  1 -1  1  0  1  1  0 -3 -1 -1    2   3   1   5   6  16  10   1   5   1  16   1   5   3   7  11   3   0   1   3  0.16 0.12
  351 Y   -4  0 -4 -5 -5 -3 -1 -5  2 -1 -2 -3 -3  5 -5 -4 -4  5  6 -3    0   7   0   0   0   0   6   0   4   4   3   0   0  29   0   0   0   8  39   0  1.25 0.40
  352 L   -6 -7 -7 -8 -6 -6 -7 -8 -6 -2  5 -7 -1  6 -3 -6 -6 -5 -1 -2    0   0   0   0   0   0   0   0   0   1  60   0   1  33   2   0   0   0   1   2  1.81 0.67
  353 R   -5  8 -5 -7 -8 -3 -5 -2 -3 -8 -6 -2 -2 -8 -7 -3 -6 -8 -7 -7    1  91   0   0   0   1   0   3   1   0   1   1   1   0   0   1   0   0   0   0  2.84 0.98
  354 E   -4 -2 -2  1 -8  0  6 -3 -2 -6 -5  0 -3 -7 -5  0 -3 -8 -5 -5    1   1   2   8   0   3  68   1   1   0   1   5   1   0   0   6   1   0   0   0  1.60 0.67
  355 L   -6 -7 -5 -8 -6 -4 -7 -6 -7  1  6 -7  1 -2 -7 -2 -5 -6 -5 -3    0   0   1   0   0   1   0   1   0   5  86   0   3   1   0   3   0   0   0   0  1.94 0.72
  356 P   -3 -1 -5 -3 -8 -3 -3 -4 -3 -8 -8 -1 -8 -9  8 -2 -4-10 -8 -6    2   4   1   2   0   1   1   2   1   0   0   4   0   0  79   2   1   0   0   1  2.58 1.03
  357 E   -2 -3  1  2 -7 -1  6 -3 -2 -3 -6 -3 -6 -3 -2  0  0 -8 -6 -4    3   1   7  12   0   2  54   2   1   2   1   1   0   1   2   6   5   0   0   1  1.20 0.61
  358 P   -1 -7 -3 -7 -1 -6 -6 -4 -2 -8 -8 -1 -7 -9  7  0 -2 -9 -8 -7    5   0   1   0   1   0   0   1   1   0   0   4   0   0  76   8   2   0   0   0  2.51 1.02
  359 L   -3 -7 -8 -9 -6 -7 -8 -8 -8  2  6 -7 -2 -4 -3 -7 -6 -7 -6  2    2   0   0   0   0   0   0   0   0  10  74   0   0   0   2   0   0   0   0  12  1.80 0.75
  360 M   -6 -7 -8 -8  0 -6 -8 -8 -7  2  4 -7  5  4 -8 -7 -3 -6 -2  0    0   0   0   0   2   0   0   0   0  13  43   0  15  18   0   0   1   0   1   6  1.45 0.67
  361 T   -4 -5 -6 -3 -2 -4 -5 -6 -3 -4 -4 -6  0 -5  4 -2  6 -9 -4 -4    1   1   0   1   1   1   1   0   1   1   1   0   2   1  21   2  65   0   1   1  1.95 0.99
  362 S   -2  0  0  1  0 -3 -3 -3  2 -2 -3 -2 -3  5 -4  0 -2  3  4 -2    4   7   4   9   2   1   2   2   5   2   2   2   1  25   1   8   3   4  18   2  0.70 0.41
  363 D    0  0  1  3 -3  2  3 -3  0 -4 -4  0 -3 -3 -3  1 -1 -7 -3 -3    7   5   6  21   1   9  22   1   2   1   1   6   1   1   1  10   3   0   1   2  0.57 0.38
  364 L   -3 -2 -1 -7 -1 -1 -5 -6  1 -2  5 -1  2  1 -7 -3 -3 -2  1 -2    2   2   3   0   1   3   1   1   4   1  58   4   5   6   0   2   2   1   6   2  1.01 0.54
  365 Y   -5 -4 -4 -8 -2 -1 -7 -8  4 -6 -3 -7 -1  4 -8 -4 -5 -4  8 -4    1   1   1   0   1   3   0   0  11   0   3   0   2  15   0   1   1   0  59   1  2.36 1.00
  366 D   -1 -1  2  4 -6  1  2 -3  0 -4 -3 -2 -2 -4  2  0 -2 -7 -3 -4    4   2  11  29   0   6  14   2   2   1   3   2   1   1  10   8   2   0   1   1  0.67 0.41
  367 D   -1  0  0  4 -3  2  2 -2  1 -4 -3  2 -2 -4 -2  0 -2 -2 -4 -4    5   6   4  24   1   9  15   3   3   1   2  13   1   1   2   7   2   1   0   1  0.55 0.36
  368 W   -4 -7 -7 -8 -2 -7 -7 -8 -2  0  0 -7 -2  7 -8 -7 -6  7  0 -1    1   0   0   0   1   0   0   0   1   5  10   0   1  54   0   0   0  19   3   3  2.20 0.89
  369 M   -2 -3 -3 -7 -2 -5 -4 -7 -6  4  3 -3  4 -1 -6 -3 -1 -6 -5  2    4   1   1   0   1   0   1   0   0  28  29   1  13   2   0   1   3   0   0  14  1.01 0.50
  370 R    1  2  0  1 -5  2  3 -1  1 -4 -3  1 -2 -4 -3  1 -1 -2 -3 -3   11  11   5   9   0  10  20   4   3   1   2   7   1   1   1  10   3   1   1   1  0.39 0.28
  371 A    5 -5 -3 -6  3 -3 -4 -2 -1  1 -1 -3 -2 -1 -3 -2 -1 -6 -2  1   52   0   1   0   6   1   1   3   2   7   5   1   1   3   1   3   4   0   1   9  0.90 0.53
  372 A    3 -3  0 -3  0  0 -2 -1 -1  1  0 -2  1  0 -2  1  0 -2 -1  1   26   1   4   1   2   4   1   4   1  10   8   1   4   3   1  11   5   0   2  10  0.25 0.22
  373 S    0  1  1  1 -1  2  1 -1 -1 -4 -4  2 -1 -4 -2  2  0 -6 -5 -4    6   8   8   9   1  11   8   5   1   1   2  16   2   1   1  14   6   0   0   1  0.38 0.29
  374 L   -1 -1 -2 -3 -1 -1 -1 -3 -2  3  2  0  2  0 -4 -1 -1 -2 -1  1    4   4   2   2   2   3   4   2   1  20  25   5   6   4   1   4   3   0   2   7  0.31 0.22
  375 K   -1  0  0  1 -3  2  2 -2 -1 -2 -3  2 -1 -3  2  1  0 -3 -3 -2    5   5   4   7   0  10  17   2   1   2   2  11   1   1  12   9   7   0   1   3  0.35 0.28
  376 E   -2 -4  2  5 -4  0  3 -3 -3 -5 -5  0 -3 -5 -2  1  0 -8 -4 -5    3   1   9  38   0   3  18   2   1   1   1   5   1   0   3   8   6   0   1   0  0.97 0.56
  377 P    0  1 -1  1 -1  1  2 -2  1 -3 -3  2  1 -4  3  0 -1 -5 -1 -2    6   7   2   8   1   5  12   3   3   1   2  11   4   1  19   6   3   0   2   3  0.38 0.28
  378 G    0  0  1  2 -3  2  3  0 -1 -3 -4  0 -3 -3 -2  0 -1 -1 -3 -2    8   5   8  14   1   9  19   9   1   1   1   6   0   1   2   8   3   1   1   2  0.37 0.28
  379 A    1  0 -1  1 -2  2  4 -2 -2 -3 -1  1 -1 -4 -3  0 -1 -6 -2 -1   11   4   2   8   1   8  26   2   1   1   6   8   2   1   1   7   4   0   1   4  0.38 0.30
  380 R   -4  6 -3 -3 -4  2 -3 -2 -1 -4 -4  3 -3 -2 -4 -3 -2 -2 -6 -4    1  53   1   2   0   8   1   3   1   1   2  17   1   2   1   1   2   1   0   1  1.45 0.76
  381 L   -2 -1 -5 -3 -2 -2 -3 -5 -1  3  3 -2  2 -2 -6 -3 -1 -3 -3  3    4   4   0   2   1   2   2   1   2  16  35   3   4   1   0   2   4   0   0  18  0.64 0.38
  382 E   -1  1  1  0 -3  3  3 -4  0 -1 -2  1 -2 -2 -1  0 -1 -3  0 -1    5   8   7   4   1  15  18   1   2   4   4   8   1   1   2   7   4   0   3   4  0.31 0.26
  383 A    3  1 -2 -2  2  1  1 -3  0 -3 -2  1  0 -3 -4  0  0 -2 -3 -1   29   9   1   2   5   5  10   2   2   1   4   8   2   1   0   7   5   1   1   5  0.36 0.31
  384 L   -4 -4 -7 -8 -1 -4 -7 -8 -7  4  4 -3  4  1 -7 -4 -1 -6 -1  1    1   1   0   0   2   1   0   0   0  23  40   1   9   5   0   1   3   0   2  10  1.09 0.55
  385 H   -2  3 -1 -4 -4  1 -1 -2  4 -3 -1  3 -1 -1 -5 -1 -2  4  1 -2    2  18   2   1   0   6   4   3  10   2   7  23   1   2   0   4   2   6   4   2  0.59 0.40
  386 D   -1  1  1  2 -2  1  2 -2  1 -2 -1  1  0 -4 -3  1 -1 -5 -2 -2    5   7   6  14   1   7  16   2   3   3   5  10   2   1   1  10   3   0   1   3  0.29 0.24
  387 V   -1 -4 -5 -7  1 -1 -5 -6 -3  2  4 -3 -1 -3 -6 -5 -1 -6 -4  3    5   1   0   0   3   3   0   0   1  13  46   1   1   1   0   1   4   0   0  20  0.99 0.52
  388 C   -3 -4 -4 -7  3 -6 -7 -6 -2  4  3 -6 -1 -1 -7 -4 -2 -6 -3  4    2   1   1   0   6   0   0   1   1  21  29   0   1   2   0   1   2   0   1  30  1.09 0.54
  389 S    0  1  2  0 -1  3  2 -1  3 -5 -3  2 -2 -4 -3  1 -1 -2 -1 -4    7   7  10   5   1  13  12   4   7   0   3  10   1   0   1  11   3   1   2   1  0.39 0.31
  390 R   -2  2 -1  0 -2  3  2 -2 -2 -4 -1  3 -1 -3 -4  2 -1 -6 -4 -4    3  12   3   4   1  12  12   3   1   1   6  21   2   1   0  14   4   0   0   1  0.49 0.37
  391 L   -7 -8 -9-10 -3 -8 -9-10 -9 -1  6 -8  2 -2 -9 -5 -4 -8 -7 -2    0   0   0   0   1   0   0   0   0   2  88   0   4   1   0   1   1   0   0   2  2.31 1.03
  392 P   -5 -8 -5 -5-10 -8 -5 -9 -4-10-10 -5 -9-10  8 -5 -3-11-10 -5    1   0   1   1   0   0   1   0   1   0   0   1   0   0  93   1   1   0   0   1  3.45 1.51
  393 Q   -1  2 -2  2 -4  2  3 -3 -2 -2 -2  2 -3 -6  3 -2 -2 -7 -3 -3    4  12   1  11   0   8  17   2   1   3   4  13   1   0  17   2   2   0   1   2  0.55 0.39
  394 E    3 -4 -3  1  2  0  1 -3  2 -2 -3 -3 -5 -3  4  0 -1 -7 -2  0   24   1   1   7   4   3  11   1   5   2   2   1   0   1  19   6   3   0   1   8  0.53 0.39
  395 N   -5 -4  7 -5 -9 -6 -4 -7  6 -4 -9 -6 -8 -4 -8 -2 -4 -9  0 -2    1   1  69   0   0   0   1   0  17   1   0   0   0   1   0   3   1   0   3   3  2.54 1.17
  396 F   -3  2 -3 -7 -3 -1 -4 -5  3 -3  0  0 -2  3 -8 -5 -5 -1  7 -3    2  13   1   0   1   2   1   1   6   1   9   5   1  14   0   0   0   1  41   2  1.40 0.69
  397 N    0  1  3  2 -2  0  1 -4  1 -1 -2 -1 -2 -2 -4  0  1 -6 -1  0    9   8  19  11   1   3   9   1   3   3   5   4   1   2   0   6   8   0   2   6  0.30 0.25
  398 N   -3 -6  3 -6 -2 -6 -6 -5 -6  1  2 -6  1 -4 -7 -3  4 -7 -6  2    1   0  16   0   1   0   0   0   0   7  23   0   3   1   0   2  33   0   0  13  1.05 0.61
  399 L   -3 -7 -8 -9 -2 -7 -8 -9 -8  1  5 -7  3  2 -8 -4 -2 -7 -5 -2    2   0   0   0   1   0   0   0   0   7  68   0   8  10   0   1   3   0   0   2  1.67 0.77
  400 R    0  0  0  0  2  1  0 -1  2  0 -1  0  1  0 -3  0  0 -3  1  0    6   6   6   6   6   6   6   6   6   6   6   6   6   6   0   6   6   0   6   6  0.05 0.08
  401 Y   -1  1 -2 -5 -1 -1 -2 -3  2 -2 -1 -2 -1  3 -5 -2 -2  3  6 -2    7   9   2   0   2   2   2   1   6   2   6   1   2  16   0   1   2   4  34   3  0.77 0.34
  402 L   -4 -5 -6 -7 -4 -5 -6 -7 -5  2  5 -5  2  2 -6 -5 -1 -5 -3  1    0   0   0   0   0   0   0   0   0  10  65   0   5   8   0   0   4   0   0   9  1.22 0.46
  403 M   -1 -1 -4 -5  3 -3 -4 -5 -4  2  1 -3  4  2 -4  0  1 -4 -2  2    4   3   0   0   7   0   0   0   0  15  15   0  16   9   0   6   9   0   0  16  0.46 0.26
  404 K    0  1  0  0  2  1  1 -1  0 -2 -2  2 -1  0 -1  0 -1  0  0 -2    8   8   3   7   6   8   9   5   2   2   3  13   2   6   2   5   3   2   4   2  0.11 0.09
  405 F   -2 -4 -3 -5 -5 -3 -4 -5  7 -1 -1 -4  1  5 -5 -1 -4 -4  1 -1    4   0   0   0   0   0   0   0  43   4   5   0   4  28   0   4   0   0   4   5  1.42 0.56
  406 L   -2 -4 -5 -5  1 -4 -5 -5 -5  0  5 -4  1  0 -5 -1 -3  2 -3 -1    3   0   0   0   3   0   0   0   0   3  71   0   3   4   0   6   0   3   0   3  1.06 0.41
  407 A    2  0  1  0  1  0 -2 -1  3  0 -2  1 -2 -2 -3  1  0 -2  0  0   17   5   8   5   3   4   1   3   8   7   2   8   1   1   0  12   4   1   3   8  0.18 0.16
  408 L   -2  4  0 -1 -2  0  1 -4  3 -3  0  3 -1 -2 -4 -2 -1 -2 -1 -2    2  28   3   3   1   3   9   1   7   1   9  23   1   1   0   2   3   1   2   2  0.64 0.35
  409 L   -3 -7 -7 -8 -1 -6 -7 -8 -7  4  2 -7  2 -2 -7 -6 -4 -6 -5  5    1   0   0   0   1   0   0   0   0  20  20   0   4   1   0   0   0   0   0  52  1.53 0.63
  410 A    4 -2 -1 -3  1  1 -3 -1 -1  0 -2 -2 -1 -5 -4  2  1 -6 -5  0   35   1   2   1   3   5   1   4   1   6   4   1   2   0   0  20   9   0   0   7  0.54 0.36
  411 E    0  0  0  1 -3  3  3 -2  2 -4 -1  1  0 -4 -4  1  0 -1 -4 -3    6   5   3   9   1  16  18   2   5   0   6  10   2   1   0  10   4   1   0   1  0.40 0.28
  412 E   -4  0  4 -3 -2  0  1 -4  6 -4 -3  1 -3  2 -6 -2 -4 -5  3 -4    1   6  18   1   1   3  10   1  23   1   3   8   1   9   0   2   0   0  12   1  0.91 0.47
  413 Q    0 -1 -2 -2  0  2  3 -1  0 -4 -6 -1 -5 -6 -2  4 -1 -6 -4 -2    8   4   2   1   2   8  18   4   3   1   0   2   0   0   2  42   2   0   1   2  0.78 0.47
  414 D    1 -1  0  4 -3  0  3 -2  1 -3 -4  0 -3 -1 -2  1 -2 -6 -3 -3   10   3   4  23   1   3  24   3   3   2   1   4   0   3   2  10   2   0   1   1  0.53 0.32
  415 V   -1 -1 -1 -1 -3  1  2 -3  1  1  0  0 -1 -1 -4  0  1 -5 -2  3    3   2   2   4   0   7  14   1   4   6   8   7   1   2   0   6   7   0   1  23  0.23 0.20
  416 N   -6 -5  8 -4 -7 -5 -5 -5 -1 -4 -7 -5 -7 -7 -1  0  2 -8 -7 -7    0   0  74   0   0   0   0   0   1   1   0   0   0   0   3   5  14   0   0   0  2.40 0.96
  417 K   -3  3  1 -5 -3  1 -3 -2  0 -6 -1  6  1 -3 -5 -2 -5 -7 -3 -6    1  13   7   0   1   5   1   3   2   0   7  53   4   1   0   2   0   0   1   0  1.21 0.60
  418 M   -6 -6 -7 -8 -7 -5 -7 -8  3 -4 -4  0  9 -6 -8 -6  0 -7 -6  0    0   0   0   0   0   0   0   0   8   0   0   7  72   0   0   0   7   0   0   7  2.88 1.02
  419 T    0 -2  1 -1  0  1  0 -1  1 -4 -3 -2 -1 -2 -2  2  4 -6 -1 -2    6   2   6   3   2   6   7   5   4   0   2   2   2   2   2  19  28   0   2   2  0.45 0.30
  420 P    3 -2 -2 -2  0 -1 -2 -1 -1  0  0 -3  0  1  3  0 -1  1 -1  0   28   2   2   2   2   2   2   5   2   4  10   0   2   5  14   5   3   2   2   5  0.29 0.21
  421 S    0  2  1 -2 -2  2 -1 -1  3 -4 -3  1 -1 -3 -2  3  0 -2  0 -3    5  12   7   1   1   8   2   3   8   0   1  10   2   1   1  30   3   1   3   1  0.44 0.23
  422 N   -2  0  7 -2 -2 -3 -4 -3 -1  0 -6 -3 -5 -6 -3 -1  0 -7 -5 -3    2   4  72   0   1   0   0   1   1   6   0   0   0   0   1   4   7   0   0   1  1.72 0.56
  423 I   -1  0 -5 -6 -4 -4 -5 -6 -5  2  5 -4  1  1 -5 -4 -3 -4 -3  1    4   7   0   0   0   0   0   0   0  12  60   0   2   7   0   0   0   0   0   8  0.99 0.35
  424 A    5 -4 -4 -4 -4 -4 -4  2 -4  0 -4 -4 -4 -5 -4  3 -2 -6 -5 -3   60   0   0   0   0   0   0  13   0   6   0   0   0   0   0  20   0   0   0   0  1.20 0.46
  425 I   -2  0 -5 -5 -1 -4 -5 -6 -5  5  0 -4  1 -1  1 -3  1 -5 -4  2    1   5   0   0   1   0   0   0   0  47   6   0   3   2   7   1   9   0   0  17  0.84 0.33
  426 V   -2 -5 -6 -6  3 -5 -5 -6 -6  1 -2 -5 -1  1 -5 -1 -2  4 -3  6    1   0   0   0   7   0   0   0   0   7   1   0   1   6   0   5   1   7   0  64  1.26 0.44
  427 L   -5  0 -6 -7 -5 -5 -6 -7 -5  0  2 -5  0  7 -6 -5 -5  4 -1 -2    0   7   0   0   0   0   0   0   0   4  18   0   2  60   0   0   0   6   0   2  1.64 0.50
  428 G    2 -4 -3  0  0 -4 -3  5 -4 -5 -5 -4 -5 -5 -4  0 -2  0 -5 -3   23   0   0   5   2   0   1  58   0   0   0   0   0   0   0   7   1   1   0   1  1.20 0.39
  429 P   -3 -4 -5 -5  3 -4 -4 -6  0 -4 -3  0 -5 -6  7 -4 -2 -7 -6 -3    1   0   0   0   7   0   0   0   3   1   2   6   0   0  76   0   2   0   0   2  2.33 0.58
  430 N   -2  1  5 -2  3  1 -2 -2 -2 -2 -3 -2 -3 -4 -4  1  3 -5 -4 -2    2   7  33   0   7   6   0   1   0   3   2   1   0   0   0   9  28   0   0   2  0.74 0.32
  431 L   -3 -4 -4 -5 -3 -4 -4 -5 -4  3  5 -4  2  0 -4 -4 -3 -3 -3  0    1   0   0   0   0   0   1   1   0  15  69   0   4   2   0   1   0   0   0   4  1.06 0.31
  432 L   -2 -3 -1 -4 -3 -3 -3 -2 -2  2  4 -3  3  0 -3 -1 -2 -3 -2  1    2   0   3   0   0   0   0   4   1  11  49   0  10   4   0   6   0   0   0   6  0.53 0.21
  433 W   -2  4 -1 -3 -2  0 -2 -2 -1  0 -3  0 -2 -1 -1 -1 -2  8  0 -2    2  30   2   1   1   3   1   3   1   8   2   3   1   2   3   4   2  28   2   2  0.95 0.29
  434 P    1  0 -2 -2  2 -1 -2 -3 -2  0 -2 -1 -2 -3  5  1  0 -4 -2 -2   11   4   2   1   4   2   1   1   1   7   3   2   1   1  39  12   4   0   1   2  0.79 0.24
  435 P    0  1  1 -1 -2  0  0  1 -1 -2 -3  1 -2 -3  5  0 -1 -4 -3 -3    8  10   6   3   1   3   4   9   1   2   2   8   1   1  30   8   1   0   1   1  0.58 0.18
  436 E   -1  1  0  2 -4  1  3 -2 -1 -2 -3  1 -2 -3  0  0 -1 -4 -2 -2    5   9   3  14   0   7  26   3   1   2   2   8   0   1   5   6   3   0   1   2  0.39 0.15
  437 K   -1  3  1  0 -2  1  1  0  0 -1 -1  2 -1 -3  0  0  0 -3 -3 -2    4  17   7   5   1   5  11   6   2   4   4  14   1   0   4   6   5   0   0   2  0.22 0.10
  438 E   -1 -1  0  3 -3  1  3 -2 -1 -1 -3  0 -1 -3 -1  0  0 -4 -3 -1    4   2   3  23   1   5  25   2   1   3   2   4   2   1   3   7   7   0   0   4  0.44 0.19
  439 G    0 -1  0  0 -2  0 -1  3 -1 -2 -2  0 -1 -1  2  1  0 -3 -2 -1    8   3   4   6   1   3   3  23   1   2   3   4   1   2  11  13   6   0   1   4  0.25 0.11
  440 D    0  1  2  3 -2 -1  0  0 -1 -1 -2 -1  0 -2  0  1  0 -3 -2 -1    9   7  10  22   1   2   5   7   1   3   3   3   4   1   4  10   4   0   1   3  0.23 0.12
  441 Q    0  0  0  0  2  1  0  0  1  0 -1  0  1  0  1  0  0 -3 -2  0    6   6   5   6   5   5   6   6   5   6   6   6   5   5   6   6   6   0   0   6  0.04 0.07
  442 A    1 -1  1  0  1  0  0  0  0 -1 -1 -1  1  0  0  1  1 -3  0  0   14   3   6   5   3   3   4   6   3   4   6   3   4   6   3   9   9   0   3   5  0.05 0.07
  443 Q    0 -1  1  0  0  2  1 -1  0  0 -1  0  2 -1  0  1  0  1 -1 -1    8   2   7   5   2  11   8   4   2   5   5   4   7   3   4   9   6   2   2   4  0.10 0.14
  444 L   -1 -1 -1 -2  0 -1 -2  0 -4  1  2 -2  5  0  0 -1 -1 -4  0  0    4   4   3   2   2   3   3   9   0   7  23   2  16   3   4   4   4   0   3   6  0.28 0.25
  445 D    0 -1  1  4 -4  1  1  0  1 -2 -2 -1  0 -2 -2  0  1 -5 -4 -2    6   2   7  27   0   6   8   7   3   2   3   2   3   2   2   5  10   0   0   3  0.40 0.31
  446 A    2 -2  0  0  0 -1  0  0 -1 -1 -1 -1  3 -1 -1  1  1 -4 -1  0   22   2   4   4   2   2   6   7   2   4   4   2  11   2   2   8   8   0   2   6  0.18 0.21
  447 A    2 -2  0 -1 -3  0 -1  1  0 -1  0 -1  3 -1 -1  0  0 -4 -1  1   19   2   6   3   0   3   2   9   2   3   8   3   9   2   3   7   5   0   2  11  0.14 0.18
  448 S    1 -1  1  0 -2 -1 -2  0  1 -1 -2 -1  2  1 -2  2  2  1  0 -1   10   3   8   4   1   3   2   6   3   2   3   2   5   6   2  16  12   2   2   4  0.17 0.19
  449 V    1 -1 -1 -1 -1  0 -1 -2  0  1  0 -1  3 -1 -1 -1  0 -4 -1  2   10   3   3   3   1   5   3   3   3   9   7   3   9   3   3   3   7   0   2  20  0.17 0.17
  450 S    0 -1  1  1 -1  1  1 -1  0 -2 -2 -1  2 -1 -1  1  1  0 -3  0    8   3   7   8   2   8   8   4   3   2   4   4   6   3   2  12   9   2   0   7  0.13 0.16
  451 S    1  1  1  0 -1  1 -1 -1 -3 -2 -1 -1  0 -2  0  2  1 -4 -2  0   10   8   6   5   1   6   4   4   0   1   6   3   3   2   4  20  10   0   1   6  0.18 0.20
  452 I   -1 -2  0 -1 -1  0 -2 -2  0  3  1 -1  1 -1 -1  0  0 -3  1  2    4   2   4   3   1   5   2   3   3  19  13   3   4   2   3   6   5   0   4  14  0.15 0.14
  453 Q   -1  1  0  0  0  5 -1 -2  3 -2 -2  1 -2 -2 -2 -1 -1  0 -1 -1    4   8   5   5   2  30   3   3   7   2   3   9   1   1   2   4   4   1   2   4  0.52 0.36
  454 V    0 -2 -1 -2  0  2 -1 -2 -1  2  0 -1  0  0 -1  0  0 -3 -1  3    8   1   2   2   3  12   3   3   2  10   7   4   2   4   2   6   4   0   2  22  0.20 0.17
  455 V    0 -1  2 -2  1  0 -1 -2 -1  1 -1 -1  2 -1 -2  0  0 -3  0  2   10   3  11   1   4   5   2   3   1   8   6   4   6   2   2   5   7   0   4  17  0.13 0.13
  456 G    1  0  2 -1 -1 -1  0  2 -1 -1 -1  1  0 -2 -2  1  0 -3 -2 -1   13   5  10   3   1   2   6  15   1   4   5   9   3   2   1  10   6   0   1   3  0.15 0.12
  457 V   -2 -5 -5 -6 -1 -1 -5 -5 -2  4  1 -4  0  0 -5 -5 -2 -5 -1  4    3   0   0   0   2   3   0   1   1  28  15   1   2   4   0   0   3   0   2  36  1.00 0.55
  458 V   -2 -6 -6 -4  0 -3 -4 -7 -6  4 -1 -6  1 -3 -6 -5  1 -6 -2  5    3   0   0   1   2   1   1   0   0  22   4   0   4   1   0   0   9   0   1  49  1.29 0.69
  459 E   -3 -2 -2  1 -7  2  6 -3 -1 -6 -5  0 -2 -6 -3 -3 -3 -6 -1 -4    2   1   1   7   0   8  62   2   1   0   1   4   1   0   2   2   2   0   3   1  1.45 0.81
  460 A    0 -3 -1 -3  2 -1 -2 -3 -2  1  0 -2  0  3  0  0  2  0  1  0    8   1   4   1   6   2   1   2   1  10  11   1   2  13   6   5  14   1   5   5  0.22 0.20
  461 L   -5 -3 -7 -8 -2 -3 -7 -8 -6  3  5 -6  3  2 -7 -6 -4 -6 -3 -1    1   2   0   0   1   1   0   0   0  15  58   0   8  10   0   0   1   0   1   3  1.41 0.70
  462 I   -4 -4 -7 -8 -6 -7 -4 -8 -3  6  2 -4 -1 -1 -7 -6 -5 -7 -3  1    1   1   0   0   0   0   1   0   1  60  22   1   1   2   0   0   0   0   1   9  1.73 0.81
  463 Q   -1  0  2  0 -1  4  2 -3  0 -2 -2  1 -1 -2 -4  1  1 -5 -2 -1    3   5   9   4   1  20  13   2   2   2   3   9   2   2   0   8  10   0   1   4  0.38 0.32
  464 N   -5 -1  5  1 -1  1  0 -3  6 -6 -5 -2 -5 -1 -1 -2 -3 -5  3 -3    0   3  28   8   1   5   5   2  24   0   1   2   0   2   4   2   1   0  10   2  1.10 0.63
  465 A    3 -1 -4 -5  4 -1 -2 -3  4 -3 -2 -4 -2  1 -1 -1 -1  1  3  1   27   3   0   0   8   3   2   2  10   1   3   0   1   6   3   4   3   2  13   9  0.54 0.40
  466 D   -1 -2  1  5 -3 -1  2 -2  1 -6 -3 -2 -5 -1 -2  0 -1 -6 -2 -5    5   2   7  40   1   3  16   3   4   0   2   2   0   3   2   7   3   0   2   1  0.85 0.51
  467 T   -1  0 -1  0 -2  1  1 -4  0 -1 -1  0 -2  0 -5 -1  1  7  1  1    5   4   2   6   1   6   8   1   2   3   5   6   1   4   0   5  10  17   5   9  0.43 0.31
  468 L   -3 -6 -7 -7 -3 -6 -6 -7 -6  5  3 -6 -1  5 -6 -6 -5 -1 -1  1    2   0   0   0   1   0   0   0   0  35  28   0   1  22   0   0   0   1   1   8  1.34 0.64
  469 F   -4 -5 -7 -7 -7 -7 -7 -7 -1 -2 -2 -7 -5  8 -4 -7 -6  0  1 -3    2   1   0   0   0   0   0   0   1   2   3   0   0  82   1   0   0   1   4   1  2.77 1.11
  470 P   -1 -2 -1  1 -6 -3 -2  0  0 -3 -3 -2 -5 -5  6 -1 -2 -1 -2 -3    5   3   3   7   0   1   2   7   2   2   3   2   0   0  51   5   3   1   1   2  1.23 0.60
  471 G   -1 -2  1  2 -3 -1  1  4  1 -3 -4 -1 -3 -5 -1  0 -1 -6 -5 -3    5   2   6  12   0   2   9  40   3   2   1   3   1   0   2   7   3   0   0   1  0.65 0.37
  472 D   -2 -3  1  6 -7 -1  3 -4  0 -7 -7 -1 -6 -7 -1 -1 -3 -7 -6 -6    2   1   7  51   0   2  22   1   2   0   0   4   0   0   3   3   1   0   0   0  1.42 0.66
  473 I   -1 -3 -4 -1  1 -3 -1 -3 -4  4  0 -3  2 -1  0 -2 -1 -4 -1  3    4   1   0   5   4   0   4   2   0  29   6   1   5   2   5   1   3   0   3  25  0.45 0.29
  474 N   -2 -2  4  4 -5  0  2 -1  0 -5 -2 -2 -4 -5 -2  1 -1 -5 -4 -3    2   2  24  25   0   4  16   5   3   0   4   1   0   0   1   9   3   0   0   1  0.70 0.37
  475 F   -1 -3 -2 -3 -4 -4 -2 -3 -4  0  0 -2 -3  7 -2 -3 -3 -3  1 -1    6   2   2   1   0   0   3   2   0   4   7   3   0  59   2   1   1   0   3   4  1.20 0.52
  476 N   -1 -1  4  3 -4  0  0 -1  2 -3 -3 -1 -3  1 -1  0  0 -4  2 -1    6   2  22  16   0   3   7   3   5   0   1   1   0   6   3   7   6   0   7   5  0.36 0.24
  477 V   -1 -2 -3 -2 -2 -3 -1 -3 -3  1  0 -2 -1  1 -1  0  1  1  0  4    4   1   0   2   1   0   4   2   0   5  10   1   1   5   3   7  10   2   4  37  0.32 0.25
  478 S    0 -1 -2  0 -4 -1  1 -1 -3 -2 -2 -2 -2 -2 -1  4  3 -5 -4 -2    5   3   0   6   0   2   7   3   0   2   3   1   1   2   3  43  17   0   0   1  0.60 0.37
  479 G    1 -2  0 -2 -3 -1  0  4 -3 -2 -2  0  2 -1 -3  1 -1 -3  0 -1   10   2   4   0   0   1   6  39   0   2   3   5   7   2   0   9   2   0   4   4  0.43 0.23
  480 I    0 -2  0 -2 -1  0 -2 -1 -2  3  1 -1  2  0 -2 -1  0 -3  1  0    7   0   6   2   1   3   2   4   0  23  15   5   9   3   1   2   6   0   6   5  0.14 0.14
  481 F   -1 -1  1  0  0 -1  0 -1 -2  1  0 -1 -1  4 -3 -2 -2 -2  3 -1    6   4   8   5   2   1   6   4   0  12   8   3   0  27   0   0   0   0  10   4  0.29 0.20
  482 P   -2 -1  0  1 -4 -2  0  0  1 -3 -2  0 -3 -1  5  1 -1 -4 -3  0    0   2   3  10   0   0   6   7   4   0   3   5   0   3  31  13   2   0   0   9  0.56 0.20
  483 G    2 -1  0  0 -3 -2 -1  4 -3 -4 -3 -1 -1 -4  1  1 -1 -4 -4 -3   16   4   3   4   0   0   2  43   0   0   2   3   1   0   6  11   2   0   0   0  0.60 0.21
  484 L    0 -2 -2 -2  0  1  1 -2 -2  0  2 -1  0  0  1  0 -1 -2  1  0    7   0   1   0   2   6  10   2   0   6  30   2   2   3   9   7   1   0   6   5  0.16 0.10
  485 A    2 -1 -2 -2 -3 -1  1  0  1 -2  0 -2 -1  0  2  1  2 -3 -2 -1   20   3   0   1   0   2  10   6   4   0  12   0   0   6  10   8  15   0   0   4  0.20 0.12
  486 P    0 -1 -2 -2 -4 -3 -1 -4 -4 -2 -2 -3 -3 -5  7  0  1 -5 -5 -3    6   3   2   1   0   0   4   0   0   2   5   0   0   0  62   5  10   0   0   0  1.56 0.39
  487 Q   -1 -1 -1  2 -4  4  2 -1  0 -3 -1 -1 -2 -1  1 -1 -2  3 -3 -1    5   2   1  14   0  24  16   6   2   0   6   0   0   3   8   3   0   4   0   4  0.40 0.18
  488 E   -1  0  1  2 -4  2  3 -3  2 -2 -1  1 -2 -3  1  1 -1 -4 -3 -2    4   5   6  13   0   8  21   0   6   3   6   7   0   0   7  11   0   0   0   2  0.34 0.13
  489 K   -1  2  2  0  0  1  1 -1 -1 -2 -2  2 -2 -3  1  0  0 -4 -3 -2    1  17  11   4   3   7  12   3   0   3   3  15   0   0   6   7   5   0   0   3  0.29 0.11
  490 V   -1  0 -2  0 -2 -2 -1  0  0  1  1 -2  0  0  1  0  0 -3 -2  2    4   5   0   6   0   0   3   7   2  13  20   0   0   4   6   7   5   0   0  17  0.09 0.07
  491 S    0  0  1 -2 -3  0  0  0 -2 -3 -1  1  0 -4  1  4  1 -4 -3 -3    4   3   8   0   0   2   6   5   0   0   5   8   3   0   5  46   5   0   0   0  0.47 0.21
  492 S    1  2  2  0  0  1 -1  1  1 -3 -3 -1 -3 -3 -2  3  0 -4 -3 -3    8  11  14   3   3   5   0  10   3   0   2   0   0   0   0  33   5   0   0   0  0.41 0.17
  493 Q    0  1  0  0 -3  3  1 -1  0 -1 -2 -1 -2 -1  1  1 -1 -3 -2 -1    6  10   3   6   0  22  10   3   1   4   2   0   0   3   8  14   0   0   0   6  0.29 0.13
  494 Q    0  0  2 -1 -1  3  0 -1  2 -3 -3  1 -2 -3  2  2  0 -4 -3 -3    6   3  12   0   1  17   5   4   6   0   1   8   0   0   8  25   2   0   0   0  0.41 0.16
  495 V    0 -2 -2 -3  1  0 -1 -1 -3  2  0 -2  2 -2  1  1 -1 -4 -3  2    9   0   0   0   5   4   5   5   0  12   8   1   7   0   7  12   1   0   0  22  0.18 0.11
  496 S    0 -2  1  0 -3 -1  2 -2 -2 -3 -1 -1 -2 -3 -3  4  1  1 -3 -3    5   0   5   3   0   0  17   0   0   0   8   3   0   0   0  44  10   3   0   0  0.54 0.23
  497 E    1 -1  0  1 -3  2  3 -1 -1 -2 -3  0 -2 -3  0  0  1  2 -3 -1   13   0   4   7   0  12  27   3   0   2   0   3   0   0   4   7   9   4   0   3  0.37 0.14
  498 E   -2  0  0  1 -4  1  4 -3  1 -1 -3  0 -2 -4 -1  1  1 -4 -3  0    0   4   4   7   0   6  41   0   4   3   0   2   0   0   2  10   8   0   0   8  0.52 0.19
  499 L    1  1 -2 -1 -1 -1  0 -3 -2  1  2 -1  0 -1  1  1  0 -3 -2  0   15   9   0   4   2   0   5   0   0   7  27   2   0   1   7  14   3   0   0   3  0.15 0.09
  500 P   -1 -2 -2  0  1  0  1 -3  1 -2 -2 -1 -2  0  5  0 -1 -4 -3 -1    4   0   0   4   4   5   9   0   4   2   4   4   0   5  40   6   3   0   0   6  0.75 0.17
  501 P   -1 -3 -3 -3 -4  0  0 -4 -3 -1 -4  0 -3 -4  7 -1  1 -5 -4 -1    3   0   0   0   0   5   5   0   0   4   0   4   0   0  61   4  10   0   0   4  1.49 0.30
  502 V    0  1  0  0  1  2  0 -2  1  0 -1 -1 -1 -3 -1  0  1 -4 -2  2    6  10   4   5   3  12   3   2   5   1   4   0   0   0   3   4  11   0   0  28  0.15 0.10
  503 T    2 -2 -1 -2 -3 -2 -1  2 -2 -3 -3 -2 -2 -3  1  2  4 -4  0 -2   16   0   0   0   0   0   4  18   0   0   0   0   0   0   8  13  34   0   4   0  0.51 0.17
  504 V    1  0 -2 -1 -2  1  1 -2 -2  1  0  0 -1 -2  0  0  0 -3 -2  2   11   6   0   2   0   7  10   1   0  11   6   4   0   0   4   9   3   0   0  25  0.14 0.07
  505 P    0  1 -1 -3 -4  1 -2 -3 -2 -4 -3 -2 -3  0  6 -1 -2 -4 -3 -3    9  10   2   0   0   7   0   0   0   0   1   0   0   6  59   2   0   0   0   0  1.43 0.25
  506 A    2  0 -1 -1 -2  1 -1 -2 -2 -2 -1  1 -1 -3 -2  2  2 -3 -2  0   22   5   0   3   0   7   0   0   0   0   7  12   0   0   0  20  16   0   0   6  0.27 0.10
  507 P   -1  0  1 -2 -4 -2 -2  1  1 -4 -4  0 -3 -4  6  1 -2 -4 -3 -3    0   5   7   0   0   0   0  12   5   0   1   5   0   0  53  10   0   0   0   0  1.23 0.19
  508 A    3 -2 -2 -2 -2 -1 -1 -1 -2 -1  0  0 -1 -2  3  1  1 -3 -3  0   34   0   0   0   0   0   3   3   0   0  10   5   0   0  15  14   6   0   0   7  0.36 0.10
  509 T    1 -1 -1 -2 -2 -1  1 -2 -2 -2 -2  0 -2 -3  2  1  4 -4 -3 -1   15   0   0   0   0   0   8   1   0   0   1   6   0   0  10   6  50   0   0   0  0.56 0.14
  510 T    2 -1 -1 -2  0 -1 -1  0 -2 -1 -2  2 -2 -3  0  2  3 -3 -3 -1   18   0   0   0   3   0   0   8   0   5   1  17   0   0   3  16  26   0   0   0  0.31 0.09
  511 P    0  2  1 -2 -3 -1 -2 -2 -2 -3 -1 -1 -2 -3  6  1 -1 -4 -3 -2    5  14   8   0   0   0   0   1   0   0   8   0   0   0  45  16   0   0   0   0  0.96 0.14
  512 A    3  0  0 -1 -2 -1  1  1 -2 -2 -2  1 -2 -3  0  1  2 -3 -3 -1   33   3   5   0   0   0   8   8   0   0   1   9   0   0   3   9  17   0   0   2  0.30 0.08
  513 P   -1  1  1  0 -4 -1 -1 -3 -2 -2 -1  0 -2 -3  6 -1  0 -5 -4  0    0   8   8   6   0   0   3   0   0   0   9   3   0   0  46   3   5   0   0   8  0.93 0.13
  514 T    1 -2 -1 -2 -2 -1 -2  0 -2 -1  0  0  1 -2  2  2  3 -4 -3 -1    8   0   0   0   0   0   0   6   0   3  11   6   6   0   9  17  35   0   0   0  0.34 0.10
  515 P   -1 -2 -3 -2 -4 -2  1 -3 -3 -4 -4  1 -4 -5  7  0 -2 -5 -4 -4    0   0   0   0   0   0   8   0   0   0   0   8   0   0  75   9   0   0   0   0  1.99 0.23
  516 A    3 -2  2 -1 -2 -1  1  0 -1 -3 -3 -1 -2 -3  3  1 -1 -4 -3 -2   39   0  18   0   0   0  14   4   0   0   0   0   0   0  14  10   0   0   0   0  0.49 0.09
  517 P   -1 -2 -2 -2 -3  0  0 -3 -2 -3  0 -2 -2 -3  6  0  1 -4 -3 -2    0   0   0   0   0   4   7   0   0   0  11   0   0   0  60   7   9   0   0   0  1.38 0.15
  518 A    3 -2  1 -2 -1 -1 -1 -1 -2  0  1 -1  0 -2 -1  0  0 -2 -2  1   47   1   9   1   0   1   1   2   0   1  16   1   0   1   1   1   5   0   1   9  0.23 0.06
  519 S    1 -1  1  0 -2  2  0 -1 -1 -2 -2  0 -1 -2 -1  3  2 -3 -2 -1   14   1   9   5   0  11   1   2   0   1   2   1   0   1   1  32  15   0   1   1  0.33 0.05
  520 M    1 -2 -2 -3 -2 -1 -2  0 -1  0  1 -2  4  2 -2 -1 -1 -1  2  0   23   1   1   1   0   1   1   6   0   1  15   1  28   9   1   1   1   0  11   1  0.24 0.06
  521 A    3  0 -1  2 -2 -1  1 -1 -2 -2 -2 -1 -2 -3 -1  1  1 -3 -2 -1   53   6   1  13   0   1   6   1   0   1   1   1   0   1   1   1  12   0   0   1  0.35 0.06
  522 V    2 -1 -1 -2 -1  1 -1 -1 -1  0  0 -1  0  2 -1  0  1 -2 -1  1   26   1   1   1   0  12   1   2   1   1   7   1   1  13   1   2   8   0   1  19  0.12 0.03
  523 R   -1  5 -1 -2 -3  0  0 -2 -1 -1 -2  2 -1 -3 -2 -1  2 -3 -2  0    1  50   0   1   0   0   6   1   0   1   1   7   0   0   1   1  17   0   0  13  0.51 0.07
  524 E    1  2  0  0 -2  1  3 -1 -1 -3 -3  1 -2 -3 -1  2  0 -3 -2 -2   15  14   1   1   0   0  27   1   0   1   1  10   0   0   1  26   1   0   0   1  0.39 0.04
  525 R   -2  6 -1 -2 -5  1 -1 -3 -1 -4 -3  3 -2 -4 -3 -1 -2 -4 -3 -3    0  84   0   0   0   0   0   0   0   0   0  16   0   0   0   0   0   0   0   0  1.23 0.11
  526 T    0 -1 -1  0 -2 -1 -1 -2 -2  2 -1  0 -1 -2 -2  2  3 -4 -2  1    0   0   0   7   0   0   0   0   0  23   0   6   0   0   0  27  29   0   0   7  0.29 0.04
  527 E   -2 -1  1  2 -5  1  4 -3  0 -4 -4  0 -3 -2  1 -1 -1 -2  2 -3    0   0   6  13   0   0  58   0   0   0   0   0   0   0   7   0   0   0  15   0  0.72 0.06
  528 A    2  2 -1 -1 -2  2  1 -1 -1 -1 -2  0 -1 -3 -2  2  0 -3 -2  0   29  16   0   0   0  13   7   0   0   0   0   0   0   0   0  23   0   0   0  11  0.32 0.04
  529 D    0 -1  2  3 -3  1  4 -2 -1 -3 -3  0 -2 -3 -2  0 -1 -3 -3 -2    8   1  15  22   0   0  46   1   0   1   1   1   0   0   1   1   1   0   0   1  0.63 0.04
  530 L    0  0 -3 -4 -2 -2 -3 -3 -3  2  3 -2  1 -1  1 -2 -1 -3 -2  1    9   9   0   0   0   0   0   0   0  21  44   0   0   0   8   0   0   0   0   9  0.30 0.02
  531 P   -1 -2 -2 -2 -3 -2 -2 -3 -2 -4 -3 -1 -3 -4  7  1 -1 -5 -4 -3    0   0   0   0   0   0   0   0   0   0   0   0   0   0  87  13   0   0   0   0  2.24 0.03
  532 K   -1  4  0  0 -4  3  3 -2  0 -3 -3  2 -2 -3 -2 -1 -1 -3 -2 -2    1  33   0   0   0  13  31   1   0   0   1  15   0   0   0   1   1   0   0   1  0.62 0.01
  533 P   -1 -2 -1 -2 -3 -1 -1 -2 -2 -2 -2 -1 -2 -3  6  0  3 -4 -3 -2    1   0   0   0   0   0   1   1   0   0   1   1   0   0  61   1  31   0   0   1  1.43 0.02
  534 T    3 -2 -2 -2 -1 -1 -1 -1 -2  0 -1 -1  0 -2 -1  0  2 -3 -2  2   47   0   0   0   0   0   1   1   0   0   1   1   0   0   0   1  15   0   0  31  0.29 0.01
  535 S    1 -1  0 -1 -2  0 -1 -1 -1 -3 -3 -1 -2 -3 -1  5  1 -3 -2 -2    1   0   0   0   0   0   1   1   0   0   1   1   0   0   0  92   1   0   0   1  0.69 0.03
  536 P    0 -2 -1 -2 -3 -1 -1 -2 -2 -3 -3 -1 -3 -4  7  2  0 -5 -3 -3    0   0   0   0   0   0   0   0   0   0   0   0   0   0  70  30   0   0   0   0  1.73 0.03
  537 K   -1  3 -1 -1 -4  1  0 -2 -1 -3 -3  5 -2 -4  3 -1 -1 -4 -3 -3    0   9   0   0   0   0   0   0   0   0   0  78   0   0  13   0   0   0   0   0  0.82 0.03
  538 V    1 -3 -3 -4 -1 -2 -3 -3 -3  2  0 -3  0 -1 -3 -2  0 -3 -2  4    9   0   0   0   0   0   0   0   0   0   0   0   0   0   0   0   0   0   0  91  0.51 0.03
  539 S    0  1  0 -1 -2 -1 -1 -2 -1 -2 -2  0 -1 -3 -2  3  4 -4 -2 -1    0   9   0   0   0   0   0   0   0   0   0   0   0   0   0  33  58   0   0   0  0.58 0.02
  540 R   -2  5 -1 -1 -4  2  2 -3  0 -4 -3  2 -2 -4 -2 -1 -1 -4 -3 -3    0  70   0   0   0  11  19   0   0   0   0   0   0   0   0   0   0   0   0   0  0.87 0.02
  541 N    0 -1  3  0 -2 -1 -1 -1 -1 -3 -3 -1 -2 -3  3  3  2 -4 -3 -2    0   0  26   0   0   0   0   0   0   0   0   0   0   0  13  52   9   0   0   0  0.62 0.02
  542 P    0 -2 -1 -2 -3 -1 -1 -2 -2 -3 -3 -1 -3 -4  7  2  0 -5 -3 -3    0   0   0   0   0   0   0   0   0   0   0   0   0   0  70  30   0   0   0   0  1.73 0.03
  543 T    1 -2 -1 -2 -2 -1 -1 -2 -2  0 -1 -1 -1 -2  3  2  4 -4 -2  0    9   0   0   0   0   0   0   0   0  11   0   0   0   0  14  21  45   0   0   0  0.48 0.01
  544 E   -1 -1 -1  1 -5  2  6 -3  0 -4 -4  0 -3 -4 -2 -1 -1 -4 -3 -3    0   0   0   0   0   0 100   0   0   0   0   0   0   0   0   0   0   0   0   0  1.16 0.03
  545 T    2 -2 -1 -2 -2 -1 -1 -2 -2 -1 -2 -1 -1 -2  2  1  4 -4 -2  1   21   0   0   0   0   0   0   0   0   0   0   0   0   0   9   0  59   0   0  11  0.49 0.02
  546 A    3 -1 -1 -2 -1 -1 -1 -1 -2 -2 -2 -1 -1 -3 -1  3  2 -4 -2 -1   50   0   0   0   0   0   0   0   0   0   0   0   0   0   0  36  15   0   0   0  0.52 0.01
  547 A    4 -2 -1 -2 -1 -1 -1  1 -2 -2 -2 -1 -1 -3 -1  1  2 -3 -3 -1   70   0   0   0   0   0   0  12   0   0   0   0   0   0   0   0  18   0   0   0  0.49 0.02
  548 S    0 -2  0 -1 -2 -1 -1 -2 -2 -3 -3 -1 -2 -3  5  3  2 -4 -3 -2    0   0   0   0   0   0   0   0   0   0   0   0   0   0  34  52  15   0   0   0  0.90 0.02
  549 A    3 -2 -2 -2 -1 -1 -2  2 -2 -1 -2 -1 -1 -2 -1  1  1 -3 -3  1   52   0   0   0   0   0   0  18   0   0   0   0   0   0   0   0  15   0   0  16  0.36 0.01
  550 E   -1 -1  0  3 -5  1  5 -2 -1 -4 -4  0 -3 -4 -2 -1 -1 -4 -3 -3    0   0   0  24   0   0  76   0   0   0   0   0   0   0   0   0   0   0   0   0  1.01 0.02
  551 D   -2 -2  1  6 -5  0  3 -2 -1 -4 -4 -1 -4 -4 -2 -1 -1 -5 -4 -4    0   0   0  76   0   0  24   0   0   0   0   0   0   0   0   0   0   0   0   0  1.14 0.02
  552 M   -1 -2 -1 -2 -2 -1 -2 -3 -2  0  1 -1  5 -1 -2  0  4 -3 -2  0    0   0   0   0   0   0   0   0   0   0   0   0  50   0   0   0  50   0   0   0  0.47 0.03
  553 T    3 -1 -1 -2 -1 -1 -1 -1 -2 -2 -2 -1 -1 -3 -1  2  3 -4 -2 -1   48   0   0   0   0   0   0   0   0   0   0   0   0   0   0  24  28   0   0   0  0.50 0.01
  554 R   -2  6 -1 -2 -4  1 -1 -2  0 -3 -3  2 -2 -3 -2 -1 -1 -3 -2 -3    1  92   0   0   0   0   1   1   0   0   1   0   0   0   0   1   0   0   0   1  1.00 0.02
  555 K   -1  3  0 -1 -3  1  0 -2 -1 -3 -2  5 -2 -3 -1 -1 -1 -3 -2 -2    1   9   1   1   0   1   1   1   0   1   1  77   0   1   1   1   1   0   1   1  0.64 0.02
  556 R    0  5  0 -2 -3  1 -1 -2  0 -3 -3  2 -2 -3 -2  2  0 -4 -2 -3    0  71   0   0   0   0   0   0   0   0   0   0   0   0   0  29   0   0   0   0  0.74 0.00
  557 S    1 -1  1  3 -2 -1  0 -1 -1 -3 -3 -1 -2 -3 -1  4  1 -4 -3 -2    0   0   0  29   0   0   0   0   0   0   0   0   0   0   0  71   0   0   0   0  0.64 0.00
  558 Q   -1  0  0 -1 -3  5  1 -2  0 -3 -2  1  0 -3 -2  0  2 -3 -2 -2    0   0   0   0   0  74   0   0   0   0   0   0   0   0   0   0  26   0   0   0  0.72 0.00
  559 G    0 -3 -1 -2 -4 -2 -3  6 -3 -5 -4 -2 -4 -4 -3 -1 -2 -4 -4 -4    0   0   0   0   0   0   0 100   0   0   0   0   0   0   0   0   0   0   0   0  1.33 0.00
  560 S    1 -1  0 -1 -2  0  0 -1 -1 -3 -3 -1 -2 -3 -1  5  1 -4 -2 -2    0   0   0   0   0   0   0   0   0   0   0   0   0   0   0 100   0   0   0   0  0.72 0.00
  561 Y   -2 -2 -3 -4 -3 -2 -3 -4  2 -2 -2 -3 -2  3 -4 -2 -2  2  7 -2    0   0   0   0   0   0   0   0   0   0   0   0   0   0   0   0   0   0 100   0  1.18 0.00
  562 Q   -1  1  0 -1 -3  6  2 -2  1 -3 -3  1  0 -4 -2  0 -1 -3 -2 -2    0   0   0   0   0 100   0   0   0   0   0   0   0   0   0   0   0   0   0   0  0.99 0.00
  563 K   -1  2  0 -1 -4  1  1 -2 -1 -3 -3  5 -2 -4 -1 -1 -1 -4 -3 -3    0   0   0   0   0   0   0   0   0   0   0 100   0   0   0   0   0   0   0   0  0.83 0.00
  564 E   -1 -1 -1  1 -5  2  5 -3  0 -4 -4  1 -2 -4 -2  0 -1 -4 -3 -3    0   0   0   0   0   0 100   0   0   0   0   0   0   0   0   0   0   0   0   0  1.07 0.00
  565 E   -1 -1 -1  1 -5  2  5 -3  0 -4 -4  1 -2 -4 -2  0 -1 -4 -3 -3    0   0   0   0   0   0 100   0   0   0   0   0   0   0   0   0   0   0   0   0  1.07 0.00
  566 Q   -1  1  0 -1 -3  6  2 -2  1 -3 -3  1  0 -4 -2  0 -1 -3 -2 -2    0   0   0   0   0 100   0   0   0   0   0   0   0   0   0   0   0   0   0   0  0.99 0.00
  567 T    0 -1  0 -1 -1 -1 -1 -2 -2 -1 -2 -1 -1 -2 -2  1  5 -4 -2  0    0   0   0   0   0   0   0   0   0   0   0   0   0   0   0   0 100   0   0   0  0.73 0.00
  568 C   -1 -4 -3 -4  9 -3 -5 -4 -4 -2 -2 -4 -2 -3 -4 -2 -1 -3 -3 -1    0   0   0   0 100   0   0   0   0   0   0   0   0   0   0   0   0   0   0   0  1.28 0.00
  569 L   -2 -3 -4 -5 -2 -3 -4 -4 -3  1  4 -3  2  0 -3 -3 -2 -2 -2  1    0   0   0   0   0   0   0   0   0   0 100   0   0   0   0   0   0   0   0   0  0.64 0.00
  570 F   -3 -3 -4 -4 -3 -4 -4 -4 -2  0  0 -4  0  6 -4 -3 -2  0  3 -1    0   0   0   0   0   0   0   0   0   0   0   0   0 100   0   0   0   0   0   0  0.95 0.00
  571 L   -2 -3 -4 -5 -2 -3 -4 -4 -3  1  4 -3  2  0 -3 -3 -2 -2 -2  1    0   0   0   0   0   0   0   0   0   0 100   0   0   0   0   0   0   0   0   0  0.64 0.00
  572 E   -1 -1 -1  1 -5  2  5 -3  0 -4 -4  1 -2 -4 -2  0 -1 -4 -3 -3    0   0   0   0   0   0 100   0   0   0   0   0   0   0   0   0   0   0   0   0  1.07 0.00
  573 D   -2 -2  1  6 -4 -1  1 -2 -1 -4 -5 -1 -4 -4 -2 -1 -1 -5 -4 -4    0   0   0 100   0   0   0   0   0   0   0   0   0   0   0   0   0   0   0   0  1.30 0.00
  574 F   -3 -3 -4 -4 -3 -4 -4 -4 -2  0  0 -4  0  6 -4 -3 -2  0  3 -1    0   0   0   0   0   0   0   0   0   0   0   0   0 100   0   0   0   0   0   0  0.95 0.00
  575 Y   -2 -2 -3 -4 -3 -2 -3 -4  2 -2 -2 -3 -2  3 -4 -2 -2  2  7 -2    0   0   0   0   0   0   0   0   0   0   0   0   0   0   0   0   0   0 100   0  1.18 0.00
  576 F   -3 -3 -4 -4 -3 -4 -4 -4 -2  0  0 -4  0  6 -4 -3 -2  0  3 -1    0   0   0   0   0   0   0   0   0   0   0   0   0 100   0   0   0   0   0   0  0.95 0.00
  577 F   -3 -3 -4 -4 -3 -4 -4 -4 -2  0  0 -4  0  6 -4 -3 -2  0  3 -1    0   0   0   0   0   0   0   0   0   0   0   0   0 100   0   0   0   0   0   0  0.95 0.00
  578 S    1 -1  0 -1 -2  0  0 -1 -1 -3 -3 -1 -2 -3 -1  5  1 -4 -2 -2    0   0   0   0   0   0   0   0   0   0   0   0   0   0   0 100   0   0   0   0  0.72 0.00
  579 L   -2 -3 -4 -5 -2 -3 -4 -4 -3  1  4 -3  2  0 -3 -3 -2 -2 -2  1    0   0   0   0   0   0   0   0   0   0 100   0   0   0   0   0   0   0   0   0  0.64 0.00
  580 A    4 -2 -2 -2 -1 -1 -1  0 -2 -2 -2 -1 -1 -3 -1  1  0 -3 -2  0  100   0   0   0   0   0   0   0   0   0   0   0   0   0   0   0   0   0   0   0  0.60 0.00
  581 N   -2 -1  6  1 -3  0 -1 -1  0 -4 -4  0 -3 -4 -3  0  0 -4 -3 -3    0   0 100   0   0   0   0   0   0   0   0   0   0   0   0   0   0   0   0   0  1.05 0.00
  582 V    0 -3 -3 -4 -1 -2 -3 -4 -3  3  1 -3  1 -1 -3 -2  0 -3 -2  4    0   0   0   0   0   0   0   0   0   0   0   0   0   0   0   0   0   0   0 100  0.51 0.00
  583 F   -3 -3 -4 -4 -3 -4 -4 -4 -2  0  0 -4  0  6 -4 -3 -2  0  3 -1    0   0   0   0   0   0   0   0   0   0   0   0   0 100   0   0   0   0   0   0  0.95 0.00
  584 L   -2 -3 -4 -5 -2 -3 -4 -4 -3  1  4 -3  2  0 -3 -3 -2 -2 -2  1    0   0   0   0   0   0   0   0   0   0 100   0   0   0   0   0   0   0   0   0  0.64 0.00

                      K         Lambda
Standard Ungapped    0.1705     0.3366
Standard Gapped      0.1100     0.3190
PSI Ungapped         0.1705     0.3366
PSI Gapped           0.1100     0.3190
