
Last position-specific scoring matrix computed, weighted observed percentages rounded down, information per position, and relative weight of gapless real matches to pseudocounts
           A  R  N  D  C  Q  E  G  H  I  L  K  M  F  P  S  T  W  Y  V   A   R   N   D   C   Q   E   G   H   I   L   K   M   F   P   S   T   W   Y   V
    1 M   -2 -2 -3 -4 -3  2 -2 -4 -2  2  2 -2  6 -1 -3 -2 -1 -2 -2  0    0   0   0   0   0  17   0   0   0  10  12   0  61   0   0   0   0   0   0   0  0.67 0.10
    2 P    0 -3 -3 -3 -3 -2 -2 -3  2 -2  0 -2 -1 -3  6 -1  1 -4 -3 -2    7   0   0   0   0   0   0   0   9   0  17   0   0   0  57   0   9   0   0   0  1.30 0.11
    3 G    2  1 -1 -2 -3 -1 -2  4 -2 -3 -3  0 -3 -3 -2  1 -1  3 -3 -3   19  10   0   0   0   0   0  46   0   0   1   7   0   0   0   9   0   5   0   0  0.58 0.08
    4 T    0 -2  0  1  0 -2  1 -3 -3  0 -1 -2 -2 -3 -3  1  5 -5 -3 -1    4   0   4   9   3   0   9   0   0   6   5   0   0   0   0   7  54   0   0   0  0.58 0.18
    5 A    2 -3 -2 -1  1 -2 -1  0  0  1 -2 -2  0 -1  0  2  1 -4 -2  1   22   0   0   3   4   0   3   7   3   8   0   0   3   2   3  18   7   0   0  16  0.20 0.11
    6 L   -2 -1 -4 -5 -3 -3 -4 -1 -4  2  4 -2  2  1 -4 -2 -1 -4 -2  2    0   4   0   0   0   0   0   7   0  12  48   1   4   5   0   2   3   0   0  13  0.51 0.19
    7 S    1 -2  0 -1  1 -1 -1 -1  0 -1 -2 -1 -3 -4  0  4  2 -5 -3 -2   12   1   3   3   4   1   3   3   2   3   5   3   0   0   4  36  16   0   0   0  0.41 0.20
    8 P    0 -1 -3 -4 -2 -3 -2 -3  0  0 -1 -2 -1  0  5 -1  1  0 -1  1    7   2   0   0   1   0   1   1   2   5   5   1   1   6  36   4   9   2   2  13  0.69 0.23
    9 L    0 -4 -5 -6 -4 -2 -5 -4 -1  1  4 -3  1  1 -3 -2 -2 -2 -2  1    8   0   0   0   0   2   0   1   2   7  58   1   2   4   1   2   1   1   1   9  0.72 0.30
   10 L   -2 -3 -5 -3  0 -4 -4 -3 -4  2  4 -3  2  3 -4 -2 -1 -4  0  1    2   1   0   2   2   0   1   2   0  15  43   1   4  12   1   2   2   0   2  10  0.59 0.26
   11 L   -1 -3 -5 -6 -1 -3 -5 -3 -4  1  4 -3  1  3 -5 -1 -2  0 -1  0    6   1   0   0   2   1   0   2   0   7  53   1   2  13   0   5   1   2   1   4  0.67 0.30
   12 L   -1 -3 -5 -5  0 -4 -5 -4 -5  1  4 -3  0  3 -3 -1  1 -2 -3  2    6   1   0   0   2   0   0   0   0   6  41   1   1  12   1   3  11   0   0  14  0.57 0.28
   13 L    0 -4 -4 -5  2 -2 -3 -3 -2  1  3 -4  0  2  2 -1  0 -4 -2  0   10   0   0   0   5   1   1   1   1   7  32   0   2  11  12   4   6   0   0   7  0.41 0.22
   14 L   -1 -4 -2 -5 -1 -1 -3 -4 -2  1  3 -4  2  2 -1 -1 -1 -4  0  1    5   0   1   0   1   2   1   1   1   8  41   0   6   7   3   5   3   0   4  11  0.45 0.23
   15 L    0 -2 -3 -4  0 -2 -3 -3 -4  2  3 -3  1  2 -2 -1  0 -4 -1  2    8   1   1   0   2   1   1   1   0  13  30   1   2  12   2   3   7   0   1  13  0.34 0.19
   16 S    1 -2  1 -1  0  0  0 -1 -1  0 -2 -1 -1  0  0  2  1 -4 -1  0   15   1   6   1   2   5   6   5   1   5   2   2   2   5   5  20  10   0   1   7  0.17 0.14
   17 W   -1 -3 -2 -4 -1 -1 -1 -2 -1  1  0 -2  0  2 -3  0  0  6  3  1    6   1   1   0   2   2   3   3   1   9  10   2   2  11   1   7   5  16  10   9  0.40 0.19
   18 A    3 -2 -1 -2  0  0 -1  1 -3  0 -1 -1 -2  0 -2  1  0 -4 -2  1   29   1   3   1   2   6   3  11   0   6   5   2   0   4   1  10   5   0   1  10  0.20 0.16
   19 S    1 -1  0 -1  0  1 -1  1 -2 -2 -1 -1 -2 -2 -1  3  1 -4 -3 -1   14   3   4   2   2   6   4  10   1   1   5   1   0   2   3  27  10   0   1   5  0.27 0.19
   20 R    1  3  0 -1 -1  1  0 -2  0  0 -1  1 -2 -1 -2  0  0 -4 -3  0   11  20   4   2   1   7   4   3   3   7   5  11   0   3   1   7   3   0   0   9  0.18 0.13
   21 N    1 -2  2  0  0  1  0  0  0 -1 -2  0 -1 -2  0  1  1 -4 -1  0   11   0  12   4   3   6   4   8   2   3   3   7   1   2   4   8  12   0   2   8  0.13 0.10
   22 E    0  0  1  1  1  2  3 -2  0 -3 -2  0 -1 -2 -1  1  1 -4 -3 -1    8   4   5   7   3  10  22   1   2   0   5   5   1   2   3   9   8   0   0   5  0.26 0.17
   23 A    4 -2 -2 -2 -1  0 -1  1 -3 -2 -2 -2 -3 -3 -1  1  1 -5 -1 -2   38   1   1   2   1   5   3  12   0   2   4   2   0   1   2  12   8   0   2   2  0.42 0.27
   24 A    4  0 -2 -2 -3  0 -2 -1 -2 -1 -1 -1 -3  0 -2  1  0 -3 -1 -1   42   6   1   2   0   3   2   3   1   3   7   3   0   5   1  10   5   0   2   4  0.39 0.27
   25 P    1  1 -1 -2 -2  0 -1 -2 -1 -3 -3  2 -1 -1  5  0 -1 -5 -2 -2   10   8   3   1   1   3   4   3   1   1   3  12   1   2  33   6   3   0   2   3  0.65 0.29
   26 D    1 -1  1  3 -3  0  3 -1  0 -4 -3  0 -1 -4  0  1 -1 -5 -3 -3   14   2   6  17   0   4  23   3   2   0   2   4   2   1   3  12   3   0   1   1  0.43 0.25
   27 Q    1  1  0  1 -4  2  2  0  1 -4 -2  1 -3 -3 -1  1 -1 -3 -2 -3   16   8   4   7   0  11  12   8   3   0   5   7   0   0   3   9   3   0   1   1  0.25 0.17
   28 D    0 -1  1  6 -5 -2  0 -3  1 -5 -5 -1 -4 -2 -3  0  0 -2 -1 -3    7   3   5  50   0   1   4   2   4   0   1   4   0   2   1   6   5   1   2   1  0.95 0.42
   29 E   -2  3 -2 -1 -5  0  3 -5  0 -1  1  2 -1 -2 -3 -2 -2 -3 -1 -1    2  19   1   2   0   3  23   0   2   4  18  12   1   1   1   2   2   0   2   4  0.44 0.28
   30 I   -2 -4 -6 -4 -5 -5 -5 -3 -3  5 -1 -5 -3 -4 -3 -5 -3 -6 -5  5    3   1   0   1   0   0   0   2   1  39   3   0   0   0   1   0   1   0   0  48  1.44 0.59
   31 D    0  0 -1  2 -4  0  1 -2  0 -1 -2  2 -2 -1 -1  1  3 -1 -2 -1    5   3   2  13   0   3   9   3   3   4   2  12   1   3   3   8  19   1   1   5  0.22 0.18
   32 C    1  0  2  1 -1  0  0 -1  2 -2 -2  0 -2 -1 -1  2  0 -3  1 -2   10   6   9   6   2   3   6   3   5   2   4   5   1   3   2  21   5   0   5   2  0.19 0.15
   33 L   -5 -6 -5 -4 -5 -6 -5 -7 -3  0  6 -5  1 -1 -6 -5 -3 -6 -3  0    0   0   0   1   0   0   0   0   1   4  79   1   3   2   0   0   2   0   1   6  1.57 0.62
   34 P   -4 -6 -6 -4 -4 -5 -4 -5 -4 -6 -5 -4 -7 -8  8 -2 -4 -9 -8 -5    1   0   0   1   0   0   1   1   0   0   1   1   0   0  88   2   1   0   0   1  2.97 1.02
   35 G   -2 -4  0 -2 -7 -6 -4  7 -4 -7 -5 -5 -4 -5 -6 -1 -5 -7 -5 -6    2   1   4   2   0   0   1  81   0   0   1   0   1   1   0   5   0   0   0   0  1.99 0.73
   36 L   -1 -3 -2 -4 -3  2 -2 -4 -2  1  3 -3  1  3 -4 -3 -3  2  1  0    5   1   1   1   0   9   2   1   1   7  34   1   3  16   0   1   1   4   4   7  0.49 0.26
   37 A    0 -2  0  1 -1  1  0  1 -1 -2 -3 -1 -1 -3  4  1  2 -2 -3 -1    8   2   3   8   2   5   6  11   2   2   2   2   1   1  19   9  13   1   0   3  0.33 0.19
   38 K   -1 -1  0  1 -2  0  1  2 -2 -2 -2  1 -1  2  1  0 -2  0 -1 -3    5   2   4   9   1   4   8  19   1   2   2  11   1  10   8   6   2   2   2   1  0.22 0.15
   39 Q    0 -1  1  2 -3  2  2  0 -1 -2 -2  1 -1 -2  2  0  1 -4 -3 -1    6   2   6  11   1  12  12   6   1   2   4   7   2   2  10   4   8   0   1   5  0.21 0.14
   40 P   -1 -4 -2 -1 -4 -3 -1 -4 -4  0  2 -2 -2 -1  5 -1 -2 -5 -2  1    3   0   2   4   0   1   3   1   0   6  23   2   1   2  33   4   2   0   1  11  0.70 0.34
   41 S   -1 -2  3  1 -4 -1 -1  1 -2 -2 -3  0 -3 -4  3  2  2 -6 -4 -3    3   1  18   7   0   2   4  10   0   2   2   5   0   0  16  14  12   0   0   1  0.48 0.29
   42 F   -3 -5 -4 -6 -5 -5 -4 -5 -2  0 -1 -5 -1  7 -2  0 -2 -2  2  3    1   0   1   0   0   0   1   1   1   4   5   0   1  47   2   7   2   0   7  19  1.14 0.49
   43 R   -1  3  1  0 -5  1  0 -2 -1 -2 -4  4 -3 -3 -2  0 -1 -5 -2 -2    4  18   7   6   0   5   6   2   1   2   1  31   0   1   2   5   3   0   2   3  0.55 0.32
   44 Q   -3 -1 -3 -5 -6  6 -2 -3  4 -4  0 -3  3 -5 -4  1 -1 -3 -5 -3    2   2   0   0   0  46   0   2  12   1  11   0   8   0   1  10   3   0   0   1  1.16 0.61
   45 Y   -4 -5 -5 -5 -5 -3  0 -7  3 -3 -4 -5 -3  4 -7 -4 -4  4  8 -4    1   0   0   1   0   1   7   0   7   1   1   0   1  14   0   1   1   5  58   1  2.00 0.77
   46 S    3 -3 -3 -5 -4 -2 -4 -2 -2 -4 -5 -4 -4 -4 -4  5  2 -7 -5 -4   26   1   0   0   0   1   0   2   1   0   1   0   0   0   0  51  14   0   0   1  1.26 0.64
   47 G   -4 -5 -5 -4 -8 -7 -7  7 -7 -9 -8 -6 -8 -8 -7 -3 -4 -8 -8 -8    1   1   0   1   0   0   0  95   0   0   0   0   0   0   0   1   1   0   0   0  2.76 0.96
   48 Y   -6 -4 -4 -7 -7 -2 -6 -8  3 -6 -3 -6 -4  3 -8 -5 -3  0  8 -3    0   1   1   0   0   2   0   0   7   0   2   0   0  11   0   1   2   1  69   2  2.43 0.89
   49 L   -4 -6 -4 -6 -4 -6 -5 -6 -6  4  4 -6  0  2 -6 -5 -4 -5 -2  3    1   0   1   0   0   0   1   0   0  22  42   0   1   7   0   0   0   0   1  23  1.10 0.48
   50 R   -2  0  2  4 -5  1  1  0  1 -4 -4  1 -3 -3  0  0  3 -6 -4 -3    1   5   9  22   0   5   7   6   3   0   1   9   0   1   4   6  20   0   0   1  0.50 0.31
   51 A    2 -4 -3 -3 -4 -3 -2 -1 -2  2  0 -2 -2 -3 -1 -1  0 -5 -4  4   18   0   1   2   0   1   3   4   1  10   7   2   0   1   3   3   5   0   0  39  0.53 0.33
   52 S    0 -2  3  2 -2 -1  0  2 -1 -4 -4  0 -4 -3 -2  2  1 -4 -2 -3    5   1  19  14   1   2   5  14   1   1   2   4   0   1   1  17   9   0   1   1  0.44 0.27
   53 D    0 -1  2  4 -4  0  3 -1  0 -5 -5  1 -5 -5  0 -1 -1 -6 -4 -4    9   2   9  23   0   3  24   5   3   0   1   8   0   0   4   4   4   0   0   0  0.61 0.33
   54 S    0 -1  2  1 -4 -1  0  3 -2 -3 -4  0 -3 -4 -3  2  2 -5 -4 -2    8   3  11   8   0   2   6  23   1   1   1   7   0   1   1  14  12   0   0   2  0.41 0.25
   55 K   -1  4  2 -1 -4  0  0 -1  2 -3 -4  3 -1 -4 -2  0 -1 -3 -3 -3    4  23  11   3   0   2   7   4   4   1   1  22   2   0   1   8   3   0   0   1  0.54 0.31
   56 H    0 -1  2 -1 -5  2  0 -3  6 -4 -2  0  0  0 -4  0 -2 -1  1 -4    8   3  12   2   0   9   6   1  26   1   3   6   3   4   0   7   2   1   5   0  0.60 0.34
   57 F   -2 -5 -5 -6 -5 -5 -4 -5 -3  0  5 -5  3  3 -6 -4 -2 -2  3 -1    2   0   0   0   0   0   1   1   1   4  55   0   8  12   0   1   2   0   9   2  1.06 0.47
   58 H   -5 -4 -3 -5 -6 -2 -4 -5  6 -4 -3 -3 -4  7 -6 -5 -5  3  3 -5    1   1   1   1   0   2   1   1  18   1   1   1   0  58   0   1   0   4   8   0  1.92 0.69
   59 Y   -6 -5 -7 -6 -7 -6 -6 -8 -2 -5 -3 -5 -3  6 -7 -5 -4  1  8 -5    0   0   0   0   0   0   0   0   0   0   2   0   0  32   0   1   1   2  60   0  2.55 0.87
   60 W   -4 -5 -7 -8 -5 -5 -5 -7 -3 -3 -3 -6  0  1 -8 -7 -4 11  5 -3    1   0   0   0   0   1   1   0   1   2   2   0   2   5   0   0   1  59  22   2  3.01 0.96
   61 F   -4 -5 -6 -7 -6 -5 -7 -6  0 -4  1 -6  0  8 -7 -6 -5 -4  3 -4    1   1   0   0   0   1   0   1   2   0  14   0   2  68   0   0   0   0  10   1  2.13 0.76
   62 V    0 -5 -4 -5 -3 -2 -5 -6 -2  1 -1 -5  1  6 -3 -2 -1  2  0  3    7   0   1   0   0   2   0   0   1   9   3   0   3  35   1   2   4   3   2  26  0.88 0.42
   63 E   -3 -3 -4 -2 -7  1  6 -4 -2 -6 -4  0 -3 -5  2 -3 -1 -7 -5 -2    2   1   0   1   0   4  64   1   1   0   2   4   1   0  11   1   4   0   0   3  1.44 0.65
   64 S    3 -3 -2 -4 -1 -2 -3 -3 -4 -4 -5 -3 -5 -4 -2  6 -1 -7 -4 -4   27   1   2   0   1   1   0   1   0   1   0   1   0   1   2  59   2   0   0   1  1.34 0.64
   65 Q   -1  4 -1 -1 -6  4  3 -4 -1 -2 -3  0 -1 -5 -1 -1 -1 -4 -4 -2    4  24   2   2   0  22  23   0   1   2   3   4   1   0   2   3   3   0   0   3  0.73 0.39
   66 N   -1  2  4  0 -3  1  0  0  2 -3 -4  1 -2 -4 -3  1  0 -4 -3 -3    3  13  26   5   0   5   5   7   5   2   1   6   1   0   0  13   7   0   1   1  0.50 0.28
   67 D   -1 -2  4  5 -4 -1  0 -2 -1 -2 -4  0 -3 -4 -1  1 -1 -3 -3 -3    3   1  23  33   0   2   5   3   1   2   1   5   0   0   3  11   3   1   1   2  0.72 0.35
   68 P    0 -3 -2 -3 -6 -3 -1 -4 -4 -4 -5 -2 -4 -5  7  0 -2 -2 -5 -4    6   1   2   1   0   1   3   1   0   1   0   2   0   0  69   5   3   1   0   1  1.96 0.68
   69 K    2 -1  0  2 -3  1  2 -1  0 -3 -3  2 -1 -4 -1  2  0 -4 -2 -2   17   1   3  10   0   5  15   3   3   1   2  12   1   0   1  18   5   0   1   1  0.32 0.20
   70 N   -1  0  3  1 -4  0  1 -2 -1 -3 -3  2 -3 -3 -2  2  2 -1 -2 -2    2   3  20   7   0   3  10   1   1   1   2  13   0   1   1  14  17   1   1   2  0.41 0.25
   71 S    2 -1 -1  6 -5 -1  0 -3 -2 -4 -3  2 -4 -5 -3 -1 -1 -6 -5 -3   16   2   1  51   0   2   2   0   1   0   2  12   0   0   1   3   3   0   0   2  0.97 0.42
   72 P   -4 -2 -3 -1 -7 -5 -4 -6 -2 -5 -5 -3 -6 -5  8 -4 -4 -8 -7 -6    0   2   1   3   0   0   0   0   1   0   1   1   0   0  88   1   0   0   0   0  2.82 0.81
   73 V   -3 -5 -5 -6 -4 -5 -5 -6 -3  1  4 -5  0  0 -5 -4 -1  1 -3  3    0   0   0   0   0   0   0   0   1   6  57   0   1   4   0   0   3   2   0  26  1.03 0.41
   74 V   -1 -5 -4 -5 -3 -4 -5 -4 -5  4  2 -4  1 -2 -5 -3  1 -5 -4  4    4   0   0   0   0   0   0   1   0  25  19   0   3   1   0   1   8   0   0  39  0.81 0.35
   75 L   -3 -5 -6 -6 -4 -5 -5 -6 -5  3  5 -3  2  0 -5 -4 -3 -1 -2  2    1   0   0   0   0   0   0   0   0  18  58   2   4   4   0   0   1   1   1  11  1.05 0.41
   76 W   -7 -7 -8 -9 -7 -3 -8 -8 -6 -7 -6 -8 -6  1 -9 -8 -8 12  0 -7    0   0   0   0   0   1   0   0   0   0   0   0   0   6   0   0   0  90   3   0  4.54 1.14
   77 L   -4 -5 -6 -6 -4 -3 -5 -5 -5  1  5 -3  2  2 -6 -4  0 -4 -2 -1    0   0   0   0   0   1   0   0   0   6  68   1   5   8   0   1   6   0   1   3  1.13 0.46
   78 N   -2 -4  7 -2 -6  2 -2 -2 -2 -6 -5 -3 -5 -6 -4  0  2 -7 -5 -4    3   0  60   1   0  11   2   2   1   0   0   0   0   0   1   5  14   0   0   1  1.49 0.61
   79 G   -3 -6 -4 -3 -7 -3 -6  7 -6 -8 -8 -5 -7 -7 -6 -2 -5 -7 -4 -7    1   0   0   1   0   1   0  93   0   0   0   0   0   0   0   3   0   0   1   0  2.45 0.78
   80 G   -3 -4 -4 -5 -7 -5 -4  7 -6 -7 -7 -2 -7 -7 -6 -2 -5 -7 -7 -3    1   1   0   0   0   0   1  90   0   0   0   2   0   0   0   3   0   0   0   2  2.27 0.77
   81 P   -5 -4 -3 -6 -8 -1 -5 -3 -6 -7 -3 -5 -6 -8  8 -3 -6 -9 -8 -7    0   1   1   0   0   2   0   2   0   0   3   0   0   0  89   2   0   0   0   0  2.98 1.01
   82 G   -1 -2 -4 -5 -7 -6 -6  7 -2 -8 -8 -5 -7 -7 -6 -2 -3 -7 -7 -7    5   3   0   0   0   0   0  88   1   0   0   0   0   0   0   2   1   0   0   0  2.27 0.80
   83 C    0 -2 -5 -2 10 -6 -5 -2 -6 -5 -3 -6 -3 -4 -6 -1 -3 -6 -1 -3    7   2   0   2  68   0   1   4   0   0   2   0   1   1   0   6   2   0   3   2  2.31 0.77
   84 S   -2 -3 -2 -2 -5 -4 -4 -3 -4 -6 -6 -1 -5 -3 -3  7  0 -7 -5 -5    1   1   1   2   0   0   0   2   0   0   0   4   0   1   1  83   3   0   0   0  1.80 0.79
   85 S    0 -4 -3 -3 -1 -4 -4  0 -4 -5 -5 -4 -3 -4 -4  6 -1 -6 -5 -2    6   0   0   1   1   0   0   8   0   0   0   0   1   1   0  76   2   0   0   3  1.58 0.72
   86 L   -3 -5 -5 -4 -3 -1 -2 -5 -3  1  4 -5  5  2 -3 -2 -1 -2 -2  1    1   0   0   1   0   3   3   1   0   8  39   0  17   7   1   3   4   1   1  10  0.73 0.41
   87 D    0 -1  0  1 -2  0 -1  1 -1  0  0 -1  0  1 -1  1  1 -1  0 -1    5   1   3   8   1   3   3  13   2   6   9   3   2   6   2   9  11   1   3   3  0.02 0.08
   88 G    1 -3 -4 -2 -6 -2 -5  6 -5 -6 -6 -2 -5 -1 -3 -2 -2 -6 -2 -5   13   1   0   2   0   1   0  63   0   0   0   2   0   4   1   2   2   0   2   0  1.23 0.61
   89 L    1 -4 -3 -5 -2 -3 -3 -2 -4  0  3 -4  2  3 -3 -3 -2  3 -1  0   14   0   1   0   1   1   2   3   0   4  36   0   5  13   1   1   1   4   1   5  0.44 0.33
   90 L   -2 -4 -3 -5 -4 -4 -3 -3 -4  0  3 -2  3  5 -5 -2 -2  3  0  0    3   0   1   0   0   0   2   2   0   4  26   2   7  30   0   2   2   4   1   7  0.63 0.39
   91 T   -1 -2 -1 -2 -2  2  1 -2 -1 -1  0 -1  2  1 -3  0  2 -1  2 -1    3   1   3   2   1  12   8   2   1   2   7   2   7   7   0   8  15   1   9   3  0.16 0.22
   92 E   -3 -4 -1 -2 -6 -1  6  0 -3 -4 -4 -3 -5 -3 -4 -1 -2 -6 -1 -3    1   0   3   1   0   2  66   6   0   1   1   0   0   1   0   4   2   0   2   1  1.28 0.69
   93 H   -2 -3  4 -3 -2 -1 -2 -3  4  2  2 -2  2  0 -4 -1 -2 -1 -3  0    2   0  21   0   1   1   2   1  12  13  19   1   6   3   0   3   2   1   0   4  0.39 0.33
   94 G   -3 -1 -3 -4 -5 -4 -4  6  2 -6 -6 -4 -5 -5 -5 -1 -4 -5 -5 -5    0   4   0   0   0   0   0  77   5   0   0   0   0   0   0   4   0   0   0   0  1.69 0.64
   95 P   -2 -2 -2 -5 -6 -1 -4 -1 -5 -6 -3 -4 -5 -6  7 -2 -4 -7 -1 -6    2   2   2   0   0   2   0   6   0   0   2   0   0   0  71   2   0   0   2   0  2.02 0.76
   96 F   -2 -5 -5 -5  4 -4 -5 -2 -3  0  0 -5  1  6 -5 -1 -2  2  3 -1    3   0   0   0  10   0   0   3   0   5   9   0   3  34   0   5   3   3  12   4  0.79 0.46
   97 L   -1  2  0 -1 -3  0 -1 -2  1  0  0  0  1  0 -3  0  0  1  0  1    4  14   4   2   0   3   3   2   5   5   9   6   4   3   0   7   6   3   3  13  0.06 0.11
   98 I   -1 -2 -2 -4  0 -3 -2 -2 -4  3  0 -4  1  3  0 -2 -1  2  0  3    4   2   2   0   2   0   2   2   0  17   9   0   4  14   4   3   3   3   3  25  0.35 0.27
   99 Q   -1  1  4  2 -5  2  0 -1  0 -4 -3  1 -2 -5 -2  0  1 -6 -3 -2    4   7  23  11   0   9   6   4   3   1   3   8   1   0   2   7   8   0   1   3  0.43 0.32
  100 P    0 -1  0  1 -4  0  1 -1 -1 -2 -3  2 -2 -2  4  1 -1 -2 -1 -2    7   3   5   9   0   3   7   6   1   2   3  13   1   2  19   9   4   1   2   3  0.31 0.23
  101 D   -3 -3  3  6 -6 -2  1  0  0 -5 -5 -1 -6 -3 -3 -1  0 -3 -2 -4    2   1  15  43   0   1   7   8   2   0   1   4   0   1   1   5   5   0   1   1  0.98 0.56
  102 G    0 -2  2  0 -4 -1 -2  5 -1 -4 -3 -1 -2 -4 -3  0 -1 -2 -3 -3    6   2   9   4   0   3   3  47   2   1   2   4   1   1   1   8   3   1   1   2  0.77 0.41
  103 V    0  0  1 -1 -3  0  0 -1  0  0  1  1  0 -1  0  0  1 -3  0  0    7   4   7   2   0   4   7   5   2   4  13  10   3   3   3   7  10   0   4   5  0.06 0.07
  104 T   -1 -2  1 -1 -5  0  0  0 -1 -2 -2  1  0 -3 -2  1  4 -5 -3 -1    3   2   7   3   0   3   5   8   1   2   5   7   2   1   2  12  33   0   1   4  0.44 0.36
  105 L   -3 -3 -3 -4 -5 -5 -4 -4 -1  1  5 -3  0  0  0 -3  1 -5 -3  1    2   1   1   1   0   0   1   1   2   7  52   2   2   3   4   1   8   0   1  10  0.78 0.46
  106 E   -1  1 -1 -1 -2  1  2 -2  1 -1 -1  1 -2  0 -1  0  1 -2  1  1    2   9   2   3   1   5  13   2   3   4   4   9   1   4   2   6  11   1   7  12  0.15 0.17
  107 Y   -2  1 -1 -2 -3 -1  1 -4  1  0  1  0 -1  1  0 -1 -1  2  3 -1    3  10   2   2   0   2  11   1   4   5  13   7   1   5   5   5   3   3  15   4  0.21 0.19
  108 N   -4  2  7 -3 -7 -3 -3 -3  0 -5 -4 -2 -3 -3 -6 -2 -1 -7 -3 -4    1   9  67   1   0   1   1   2   2   1   2   2   1   2   0   3   3   0   1   1  1.85 0.93
  109 P   -2 -2 -1  1 -6  0  2 -3  0 -4 -4  1 -3 -4  6 -2 -2 -7 -3 -2    3   2   3   8   0   4  11   2   2   1   1   9   1   1  44   3   3   0   1   3  1.06 0.61
  110 Y   -4 -4 -1 -2 -6 -3 -3  0  4 -2 -3 -4 -2  3 -5 -3 -2  4  7 -3    1   1   3   2   0   1   2   7  11   2   2   1   1  12   1   2   3   6  41   2  1.30 0.66
  111 A    2 -2 -3 -5 -2 -4 -5  0 -2 -3 -4 -4 -5 -3 -1  6  0 -6 -2 -3   15   2   1   0   1   0   0   6   1   1   1   0   0   1   3  59   5   0   1   1  1.23 0.75
  112 W   -5 -8 -8 -9 -8 -2 -8 -8 -7 -8 -3 -8 -7 -3 -2 -8 -8 12 -1 -8    1   0   0   0   0   2   0   0   0   0   3   0   0   1   2   0   0  87   2   0  4.60 1.71
  113 N   -3 -5  7 -1 -3 -2 -2 -3  2 -4 -5 -2 -6 -2 -3  0  3 -7 -3 -4    2   0  51   2   1   1   2   1   5   1   1   2   0   2   1   8  18   0   1   1  1.38 0.77
  114 L   -2  1  2 -3 -6  2  1 -4  0 -3 -1  4 -1 -4 -5  0  0 -6 -3 -3    2   7  12   1   0   8   8   1   3   2   5  33   2   0   0   7   7   0   1   2  0.63 0.44
  115 I   -1  0  2  0  0  0  0  0  1  0 -1  0  0  0 -1  0  0 -3  0  1    5   5  13   5   3   3   5   6   5   4   7   5   3   3   3   5   6   0   3  11  0.05 0.07
  116 A    0  0  1 -2  2  1 -2  0  2  0  0 -1  1  1 -3  0  0 -2  1  0    7   7   7   0   6   7   0   7   6   7   7   0   6   6   0   7   7   0   6   7  0.08 0.12
  117 N   -1 -2  5  1 -4 -1 -2 -1  3 -2 -4 -2 -3 -3 -3  2  1 -4 -1 -3    3   0  41   5   0   2   1   3  11   2   1   0   0   0   0  19   9   0   2   1  0.75 0.30
  118 V   -1 -3 -2 -2  0 -3 -3 -4 -3  2  2 -3  4  0 -3 -2 -1 -3  0  3    2   0   2   2   2   0   1   1   0  15  21   0  14   2   0   1   3   0   5  29  0.43 0.20
  119 L   -1 -3 -2 -4 -3 -3 -4 -4 -4  3  3 -3  2  0 -1 -3 -2 -3 -2  2    4   0   2   0   0   0   1   1   0  25  43   0   3   4   2   1   1   0   0  11  0.55 0.22
  120 Y   -2 -4 -4 -4 -1 -3 -4 -4  1  0 -1 -4  0  5 -4 -3 -2  4  6 -1    3   0   0   0   2   0   1   1   4   5   2   0   3  36   0   1   2   5  31   3  1.00 0.33
  121 I   -2 -4 -4 -4 -3 -3 -4 -4 -4  3  3 -3  1  1 -4 -3 -2  2  0  3    2   0   0   0   0   0   0   0   0  27  32   0   3   7   0   0   0   3   2  20  0.57 0.22
  122 E   -2 -3 -1  6 -5 -2  4 -3 -3 -5 -5 -2 -4 -5 -3 -2 -3 -6 -5 -5    3   0   0  58   0   0  32   0   0   0   1   0   0   0   0   2   0   0   0   0  1.51 0.43
  123 S    0 -2  1 -2 -2  5  0 -2 -1 -3 -3 -1 -2 -2 -3  3 -1  1 -2 -3    7   0   7   0   1  35   4   1   1   1   2   0   1   1   0  32   2   2   1   1  0.69 0.31
  124 P   -2 -5 -1 -4 -6 -4 -4 -5 -5 -5 -4 -4 -5 -6  8 -2 -4 -7 -6 -5    2   0   3   0   0   0   0   0   0   0   1   0   0   0  89   2   0   0   0   0  2.82 0.65
  125 A    2  0 -3 -2 -1 -1 -2  0  0  2 -1 -1 -1 -1 -1 -1  0 -3 -1  2   25   6   0   1   1   2   1   8   2  12   3   2   1   2   3   2   5   0   2  22  0.21 0.15
  126 G   -2 -2  1 -1  0 -1 -2  6 -3 -3 -3 -2 -2 -2 -2 -1 -2 -4 -2 -3    2   1   6   3   2   2   2  64   0   1   2   2   1   2   2   4   2   0   1   1  1.04 0.33
  127 V    0 -4 -4 -5 -4 -4 -4  0 -5  0 -2 -4 -2 -4  0 -1  3 -5 -4  5    6   0   0   0   0   0   0   7   0   3   0   0   0   0   4   3  21   0   0  55  0.90 0.39
  128 G   -3 -4  2 -4 -5 -4 -4  6 -4 -5 -5 -4 -5 -5 -5 -1 -4  4 -5 -2    0   0   9   0   0   0   0  74   0   0   0   0   0   0   0   3   0   7   0   3  1.66 0.48
  129 F   -4 -5 -4 -5  1 -4 -5 -1 -1 -2 -1 -5  0  6 -5  0 -3  2  4  0    0   0   0   0   4   0   0   6   2   0   3   0   2  50   0   8   0   2  13   9  1.13 0.40
  130 S   -1 -4 -2 -3 -4 -3 -3  1 -3 -5 -5 -3 -4 -1 -4  6  0 -4  3 -4    3   0   0   0   0   0   0   9   0   0   0   0   0   3   0  67   3   0  12   0  1.25 0.49
  131 Y   -3 -3 -3 -4 -2 -2 -3 -4  0 -3 -3 -3 -2  2 -5  2 -1  1  8 -2    1   1   1   1   1   1   1   1   1   1   2   2   1   6   0  15   3   1  56   2  1.41 0.53
  132 S    0 -1  2 -1  0 -1 -2  1 -2 -3 -2 -2 -2 -3 -2  4  2 -5  1 -2    7   3   9   3   3   2   1  11   1   1   4   1   1   1   1  32  10   0   5   3  0.40 0.26
  133 D   -1 -1  3  3 -4  0  1  0  0 -2 -2  0 -2 -3 -1  1  1 -4  1 -2    4   3  14  18   0   4   7   7   2   2   3   6   1   0   3  10   8   0   6   2  0.29 0.19
  134 D   -1 -1  2  3 -5 -1  0  0  1 -4 -4  0 -3 -3 -1  2  2 -2 -1 -3    4   2  12  19   0   2   5   7   3   1   1   4   0   1   3  17  14   1   2   1  0.43 0.31
  135 K   -1  0  1  1 -5  0  1  2  0 -4 -4  1 -2 -2  1  2  0 -5 -3 -3    4   5   6   8   0   4   7  16   3   1   1   8   1   2   6  19   7   0   1   2  0.31 0.24
  136 M    0 -1  1  1 -1  0  0  1 -1 -1 -1  0 -1 -2  0  1  0 -4 -1  0    8   3   6  11   2   4   5  10   1   4   6   5   1   2   5  14   6   0   3   7  0.09 0.08
  137 Y   -1 -3  1  1  0 -2 -2 -2  1 -2 -1 -1 -2  0 -2  1  0  0  6 -2    4   1   6   8   2   1   2   3   3   2   6   4   1   3   3  10   5   1  33   3  0.61 0.36
  138 V    0 -1  1  0 -1 -1 -1 -2 -2  1 -1 -1  0 -1 -1 -1  1 -2  1  2    8   3   7   6   1   2   4   2   1  10   5   4   2   2   4   4  10   0   5  21  0.14 0.15
  139 T   -1 -1  2 -1 -2 -1 -2 -1  2 -2 -2 -1 -2  0 -2  2  4  1  1 -1    4   3  10   4   1   3   1   4   4   2   4   3   1   3   2  16  25   2   5   4  0.34 0.28
  140 N   -4 -3  5  3 -3 -3 -1  2 -2 -6 -6 -3 -6 -4 -3  2  1 -3 -4 -5    1   1  31  15   1   1   3  16   1   0   1   1   0   1   1  15   9   0   0   1  0.95 0.53
  141 D   -3 -5 -1  6 -7  0  2 -3 -5 -5 -2 -5 -1 -4 -1 -1  1 -8 -7 -4    1   0   2  51   0   3  15   2   0   1   4   0   1   1   3   5  10   0   0   1  1.30 0.65
  142 T    0 -1  1  3 -3 -1  1 -1 -2 -2 -2  0 -2 -1 -2  0  2 -2 -1  0    6   3   6  21   0   2  10   4   1   1   3   5   1   3   2   8  14   1   2   8  0.28 0.23
  143 E    0  0  0  0  1  0  0 -1  1  0 -1  0  1  0  0  0  0 -3  1  0    5   5   5   5   5   5   5   5   5   5   5   5   5   5   5   5   5   0   5   5  0.03 0.05
  144 V    0  0  0  0 -3  1  0 -1  2  0 -1  0  1  1 -3  0  0  3  1  0    6   6   5   6   0   5   6   6   5   6   6   6   5   5   0   6   6   5   5   6  0.08 0.10
  145 A    3  0 -1  0  1  0  0  0 -3 -1 -2 -1  1 -1 -1  1  0 -4 -3  0   28   5   3   5   3   3   4   5   0   3   3   3   4   3   3  10   6   0   0   9  0.19 0.22
  146 E    1  0  0  1 -1  2  1 -2  1 -1 -2  1  0 -1 -1  0  0  1  0 -2   11   6   5  10   2   8  11   2   3   3   4   9   2   2   3   5   6   2   3   2  0.14 0.14
  147 N   -2  0  2  4 -5  2  0 -2  3 -2 -2 -2  0 -2 -2 -1 -1 -5  0 -2    3   5  12  28   0  11   6   2   6   3   3   2   2   2   2   5   3   0   4   3  0.52 0.39
  148 N    0 -4  3  0 -1 -1 -3 -2 -1  0  1 -2  1  2 -4  0  0  0 -3  1    7   0  16   5   2   2   0   3   2   6  14   2   4  11   0   7   6   1   0  12  0.23 0.24
  149 Y   -1 -2 -3 -3 -6 -2 -6 -4  3 -1  0 -3  0  2 -7 -3 -1  4  7 -1    4   2   1   2   0   2   0   1   7   3  10   1   2   8   0   1   4   6  42   5  1.17 0.66
  150 E    1  0  1  0 -4  1  2 -2  1 -1 -1  0  0 -3 -2  0  1  1 -2 -1   12   4   7   6   0   8  14   3   4   5   6   6   3   1   1   6  10   2   1   3  0.15 0.16
  151 A    3 -2 -6 -3 -2 -6 -6 -2 -6 -3 -2 -4  0  7 -6 -3 -2  0 -3 -2   25   3   0   2   1   0   0   3   0   1   3   1   2  52   0   1   2   1   0   2  1.48 0.78
  152 L   -3 -6 -2 -3 -6 -6 -7 -8 -6  2  5 -6  2  1 -7 -6 -3  0 -2  1    2   0   2   2   0   0   0   0   0   9  63   0   5   5   0   0   1   1   1   9  1.27 0.65
  153 K   -1  0  0  0  2  1  0 -1  2  0 -1  0  1  0 -4  0  0  3  1  0    5   5   5   5   5   5   5   5   5   5   5   5   5   5   0   5   5   5   5   5  0.08 0.10
  154 D    0  0  2  2 -4  2  0 -1  0 -1 -1  2  0 -1 -4  0  1 -5 -1 -1    7   4  10  15   0   9   5   4   2   4   6  12   3   2   0   4   8   0   2   3  0.20 0.17
  155 F   -5 -6 -6 -6 -6 -5 -1 -6 -5  0  0 -6  1  7 -6 -1 -5  8  1 -4    0   0   0   0   0   0   4   0   0   4   7   0   4  48   0   6   0  20   4   0  1.81 0.69
  156 F   -1 -2 -5 -6 -5 -5 -3 -6  0  0  1 -5  1  6 -5 -4 -2  1  3  0    6   2   0   0   0   0   2   0   2   6  15   0   3  43   0   0   3   2   9   5  1.04 0.44
  157 R    0  1  0  0 -4  2  3 -2  0 -1 -2  2 -1  0 -3  0  1 -4 -2 -2    8   7   4   5   0   9  19   2   2   4   3  11   2   4   0   6  11   0   1   2  0.24 0.18
  158 L    1  2 -1 -1 -1  1  0 -2  0  0  0  2  0 -2 -3 -1  1 -4 -2  0   11  12   3   3   1   5   5   1   2   5  11  16   2   1   0   4   8   0   1   8  0.16 0.15
  159 F   -3 -3 -2 -2 -5 -2 -5 -4  5 -3 -2 -3 -4  7 -5 -3 -1  0  3 -3    2   1   2   3   0   1   0   1  13   1   2   1   0  52   0   1   4   1  11   1  1.46 0.62
  160 P   -3 -2 -2 -1 -3 -2 -1 -3 -2 -6 -4 -2 -5 -1  7 -1 -2 -6 -5 -4    2   2   2   3   1   2   4   3   1   0   1   3   0   3  65   5   2   0   0   1  1.78 0.78
  161 E   -2 -1  0  1 -3  3  5 -2  2 -4 -5  2 -2 -5 -3 -1 -2  1 -3 -4    3   2   4   6   1  13  41   2   4   1   1  11   1   0   1   4   2   2   1   1  0.83 0.49
  162 Y   -4 -3 -6 -3 -6 -4 -4 -7  0 -2  1 -4  1  5 -7 -4 -4 -1  7 -3    1   1   0   2   0   1   1   0   2   2  16   1   4  26   0   1   1   1  40   1  1.51 0.70
  163 K    1  3 -1 -2 -5  2 -1 -2  0 -1  0  3 -1 -3 -3  0 -1 -5  0 -2   14  14   2   1   0   9   2   2   2   4   9  25   1   1   1   6   3   0   3   2  0.38 0.30
  164 D   -1  0  3  2 -5  0  0  1  1 -4 -4  2 -2 -3 -1  2  1 -5 -2 -4    3   4  13  12   0   3   4  13   3   1   1  12   1   1   3  17   7   0   1   1  0.39 0.29
  165 N   -2  4  5 -2 -3  0 -4 -3  3 -4 -1  1 -2 -4 -4  0 -2 -1 -3 -4    3  27  31   1   1   3   0   1   7   1   6   7   1   0   0   6   1   1   1   1  0.89 0.54
  166 K   -1 -1 -1  4 -6  0  2 -3 -2 -6 -6  0 -3 -6  5 -2 -2 -6 -4 -5    4   4   2  27   0   3  14   2   1   0   0   7   0   0  30   2   3   0   1   1  1.01 0.49
  167 L   -4 -6 -6 -6 -5 -6 -5 -6 -5  0  3 -6  0  7 -2 -4 -1 -1 -2  0    1   0   0   0   0   0   1   0   0   4  29   0   2  51   2   1   3   1   0   5  1.47 0.63
  168 F   -3 -5 -5 -6 -6 -5 -6 -4  5 -2 -3 -5 -5  5 -6 -4 -3  2  7 -3    2   0   0   0   0   0   0   2  16   3   2   0   0  22   0   1   1   3  46   1  1.87 0.74
  169 L   -3 -6 -6 -6 -4 -5 -6 -6 -6  6  2 -4  2  0 -4 -5 -3 -5 -3  3    1   0   0   0   0   0   0   0   0  49  21   1   4   3   1   0   1   0   1  17  1.27 0.55
  170 T    3 -2 -4 -4 -1 -4 -4 -1 -4 -2 -3 -3  1  1 -3  2  4  1 -3 -1   32   3   0   0   1   0   0   5   0   2   1   0   3   6   1  13  27   2   1   4  0.66 0.43
  171 G   -1 -6 -4 -5 -6 -5 -6  7 -6 -7 -7 -3 -6 -7 -6 -1 -1 -7 -7 -6    4   0   0   0   0   0   0  83   0   0   0   2   0   0   0   5   5   0   0   0  2.12 0.81
  172 E   -3 -4 -3  0 -3 -1  7 -5 -2 -2 -5 -2 -6 -7 -5 -2 -4 -7 -6 -4    2   0   1   5   1   2  80   1   1   3   1   1   0   0   0   2   1   0   0   1  1.99 0.86
  173 S   -2 -5 -4 -5 -5 -4 -3 -3 -2 -6 -6 -4 -5 -6 -5  7 -2 -7 -6 -2    2   0   0   0   0   0   1   1   1   0   0   0   0   0   0  89   1   0   0   2  2.19 0.95
  174 Y   -2 -6 -6 -4 -4 -4 -6 -5 -1 -5 -5 -6 -5  2 -3 -5 -4  0  9 -5    3   0   0   1   0   1   0   1   1   0   1   0   0   6   2   0   1   1  81   1  2.74 0.97
  175 A    5 -4 -4 -5 -2 -5 -4  4 -5 -6 -6 -4 -3 -6 -3  1 -2 -7 -6 -4   58   0   0   0   1   0   1  29   0   0   0   0   0   0   1   8   2   0   0   0  1.38 0.65
  176 G   -2 -6 -1 -5 -7 -6 -6  7 -6 -8 -8 -6 -7 -7 -6 -2 -5 -7 -8 -5    3   0   3   0   0   0   0  89   0   0   0   0   0   0   0   3   0   0   0   1  2.40 0.84
  177 I   -4  0 -3 -5 -6  1 -3 -5  7  2 -2  2  1 -3 -4 -3 -1 -5  0  2    0   6   0   0   0   6   0   0  33  11   2  13   4   1   0   1   3   0   2  16  0.95 0.49
  178 Y   -4 -1 -6 -6 -3 -6 -5 -8  1 -1 -4 -3 -2  2 -4 -5 -3  1  8 -3    1   3   0   0   1   0   1   0   3   3   1   1   1   6   1   1   2   1  72   2  2.26 0.85
  179 I    1 -6 -5 -4 -3 -5 -6 -1 -6  5  0 -5 -1 -3 -6 -3 -2 -6 -5  4   10   0   0   1   0   0   0   5   0  36   5   0   0   1   0   1   1   0   0  38  1.06 0.50
  180 P   -3 -4 -7 -6 -8 -2 -6 -6 -3 -4 -5 -6 -7 -8  8 -3 -3 -9 -8 -5    1   1   0   0   0   1   0   1   1   1   1   0   0   0  89   2   2   0   0   0  3.00 1.03
  181 T    2 -1  0 -2 -2  2 -1 -3  0 -1 -1 -2  1 -2 -2  0  2 -3  2  0   20   2   5   1   1   9   3   1   3   4   5   1   4   1   1   6  16   0  10   8  0.23 0.21
  182 L   -1 -5 -5 -5 -3 -4 -6 -6 -5  4  4 -4  1  4 -6 -4 -2 -4 -1  1    4   0   0   0   0   1   0   0   0  24  39   1   2  17   0   0   2   0   1   7  0.90 0.41
  183 A    5 -3 -4 -5 -3 -4 -2  0 -5 -3 -4 -4 -3 -5 -4  1  1 -6 -4  0   62   1   0   0   0   0   3   8   0   1   1   0   0   0   0  10   7   0   0   6  1.09 0.56
  184 V    0  1  0  1 -4  2  0 -3  3  0 -1  0  0 -1 -3  1 -1 -2  2  0    9   7   4   7   0  10   5   1   8   8   7   6   2   1   0   9   3   0   8   5  0.16 0.15
  185 L    0  1 -2 -3 -3  0  1 -3  2  0  2  1  0 -1 -4 -2 -1 -2  3  0   10   8   1   1   0   4  10   1   5   5  23   8   1   2   0   2   3   0  12   5  0.21 0.19
  186 V   -2 -4 -4 -5 -5 -5 -4 -5 -3  6  1 -3  1 -1 -5 -2 -3 -6 -4  3    2   0   1   1   0   0   1   1   1  52  14   2   3   2   0   3   1   0   0  17  1.11 0.49
  187 M    0 -2 -2 -2 -2  0 -2 -3  3  1  2 -1  2 -1 -3 -1 -1  1  0  1    6   1   2   2   1   5   2   2   8   9  27   5   7   2   1   3   3   2   3  10  0.21 0.17
  188 Q   -1  1  1  1 -2  4  2 -2  1 -4 -4  3 -2 -5 -3  0 -1 -4 -5 -4    3   7   8   8   1  21  13   3   3   0   1  20   1   0   1   5   4   0   0   1  0.58 0.34
  189 D   -2  0  3  4 -4  1  2  0  2 -5 -4  1 -3 -4 -3  0 -1 -6 -3 -4    3   3  15  26   0   7  13   6   5   0   2  10   0   0   0   5   3   0   0   1  0.60 0.33
  190 P    0  0  3 -1 -5  0 -1 -2 -2 -3 -3  1 -3 -2  5  0  0 -6 -3 -1    8   5  13   3   0   3   2   3   1   1   2   9   0   1  30   7   7   0   1   4  0.61 0.33
  191 S    0  1  2 -1 -4  1 -1 -1  1 -1 -2  2 -2 -2  1  2  1 -3 -1 -2    7   7   9   3   0   5   3   3   4   3   3  14   0   2   7  17   8   0   2   3  0.24 0.18
  192 M   -3 -3 -4 -6 -4 -3 -4 -7 -4  5  2 -3  2  2 -3 -4 -3 -1 -1  2    2   1   1   0   0   1   1   0   0  45  17   2   5   8   2   1   1   1   2  10  0.95 0.44
  193 N   -3 -1  7  0 -7  0 -3 -4  0 -4 -6  0 -4 -7 -2 -2 -3 -8 -5 -6    2   3  70   5   0   4   1   1   2   1   1   4   0   0   2   2   1   0   0   0  1.90 0.81
  194 L   -4 -6 -5 -6 -3 -5 -5 -6 -6  1  6 -5  0  3 -7 -5 -4 -6 -3 -1    1   0   0   0   0   0   1   0   0   8  73   1   1  10   0   1   1   0   0   3  1.52 0.64
  195 Q    0  2 -2 -2 -7  4  0 -4  0 -4 -6  6 -4 -7 -5 -2 -2 -4 -4 -2    8   8   1   2   0  16   5   1   2   1   0  48   0   0   0   2   2   0   0   3  1.11 0.57
  196 G   -3 -4 -5 -6 -7 -6 -4  6 -3 -8 -8 -3 -7 -5 -7  2 -3 -8 -7 -5    1   1   0   0   0   0   1  76   1   0   0   2   0   1   0  16   1   0   0   1  1.99 0.79
  197 L   -2 -4 -5 -5 -2 -4 -6 -5 -3  4  2 -5  3  3 -6 -4 -3 -2  3  2    3   0   0   0   1   0   0   1   0  32  20   0   8  10   0   1   1   0   9  12  0.85 0.41
  198 A    4 -5 -4 -6 -4 -3 -4  0 -5  1  2 -4  4 -2 -4  0 -2 -6 -5  0   42   0   0   0   0   1   0   7   0   7  19   0  11   2   1   5   1   0   0   4  0.75 0.44
  199 V   -2 -5 -5 -7 -3 -4 -7 -8 -7  6  1 -4  0 -4 -7 -6 -2 -6 -5  3    3   1   1   0   0   1   0   0   0  57  11   1   1   0   0   0   2   0   0  23  1.52 0.62
  200 G   -2 -4 -2 -3 -2 -5 -5  7 -6 -8 -6 -5 -7 -5 -7 -4 -5 -8 -8 -4    3   1   1   1   1   0   1  88   0   0   1   0   0   0   0   0   0   0   0   1  2.32 0.84
  201 N   -5 -5  8  2 -4 -3 -3 -4 -1 -8 -8 -2 -7 -8 -7 -1 -5 -9 -7 -8    1   0  80  11   0   1   1   0   1   0   0   2   0   0   0   3   0   0   0   0  2.50 0.95
  202 G    1 -5 -2 -5 -7 -4 -5  6 -6 -8 -7 -2 -7 -7  2 -3 -4 -7 -7 -7    9   0   1   0   0   0   0  73   0   0   0   2   0   0  12   0   0   0   0   0  1.85 0.70
  203 L   -2 -4 -5 -6  2 -3 -4 -5 -4  2  3 -4  2  1 -4 -3 -2  3  1  2    3   0   0   0   6   1   1   0   0  12  39   0   6   7   1   1   1   5   4  13  0.65 0.31
  204 A   -1 -4 -3 -3  1 -2 -3 -3 -3  1  1 -4  2 -1 -2  1  5 -3 -1  1    3   0   0   1   3   1   1   1   0   8  12   0   5   3   1   8  40   0   2  10  0.59 0.34
  205 S   -2 -3  4  4 -4 -3 -1 -1  0 -5 -5 -2 -5 -4 -4  4  0 -6 -4 -5    1   1  19  29   0   0   3   4   2   0   1   2   0   1   0  31   4   0   0   0  0.92 0.42
  206 Y    0 -1 -1  0 -2 -2  0 -3  0 -1 -1 -1 -1  3  1 -1  0  3  4  0    8   3   3   6   1   1   5   1   2   3   5   3   1  15   8   3   5   5  17   6  0.26 0.16
  207 E   -1  0  1  2 -5  2  4 -3 -1 -1 -3  2 -1 -2 -1 -1  0 -2 -1 -2    6   5   6  10   0   8  29   1   1   4   2  13   2   1   3   3   4   1   2   2  0.41 0.22
  208 Q   -1  0 -1  0 -4  2  1 -4  1  1  1  0  1  0 -1 -1  1 -1  0 -1    2   4   2   6   0  14   8   0   5  12  13   5   5   5   2   3   9   1   4   1  0.15 0.13
  209 N   -4 -2  5  4 -6  3  0 -2 -3 -4 -1 -2 -2 -2 -3 -1 -1 -6 -2 -4    0   1  30  29   0  14   4   2   0   1   6   1   1   2   1   3   4   0   1   1  0.84 0.36
  210 D   -1 -1  2  4 -4  0  0 -1  0 -1 -2 -2  0  2 -4 -1  0 -3  2 -1    5   2  10  25   0   3   6   3   2   4   3   1   3  11   0   2   7   0   9   3  0.33 0.19
  211 N   -1 -1  7  1 -6  1 -2 -2 -3 -6 -4  0 -5 -6 -5 -1  0 -7 -4 -5    4   3  62   5   0   7   2   2   0   0   1   4   0   0   0   3   4   0   1   0  1.37 0.49
  212 S    2 -3 -2 -4 -4 -2 -3  0 -2 -4 -5 -2  0 -5 -3  5  3 -6 -2 -4   15   1   1   0   0   1   0   6   1   0   0   2   2   0   1  54  15   0   1   0  1.00 0.42
  213 L    0  1 -3 -5 -4 -2 -3 -4 -2  2  3 -1  3  1 -4 -3 -2 -4  0  1    8   9   1   0   0   1   1   0   1  10  38   4  10   5   0   0   1   0   3   9  0.43 0.21
  214 V   -2 -2 -5 -5 -4 -2 -2 -6 -5  4  0 -4  2 -1 -2 -2 -1 -5 -4  4    1   2   0   0   0   2   3   0   0  30   7   0   6   2   1   2   2   0   0  42  0.84 0.32
  215 Y   -5 -5 -5 -6 -6 -4 -5 -6  4 -4 -4 -5 -4  4 -6 -4 -4 -1  8 -4    0   0   0   0   0   0   0   0  11   0   0   0   0  13   0   0   0   0  76   0  2.30 0.46

                      K         Lambda
Standard Ungapped    0.1817     0.3455
Standard Gapped      0.1100     0.3190
PSI Ungapped         0.1817     0.3455
PSI Gapped           0.1100     0.3190
