
Last position-specific scoring matrix computed, weighted observed percentages rounded down, information per position, and relative weight of gapless real matches to pseudocounts
           A  R  N  D  C  Q  E  G  H  I  L  K  M  F  P  S  T  W  Y  V   A   R   N   D   C   Q   E   G   H   I   L   K   M   F   P   S   T   W   Y   V
    1 M   -3 -4 -4 -5 -3 -2 -4 -5 -4  0  2 -3  8  1 -4 -4 -2 -3 -3 -1    0   0   0   0   0   0   0   0   0   0  14   0  81   5   0   0   0   0   0   0  1.59 0.33
    2 T    1 -2  0 -2 -3 -1  2 -2 -2 -2 -3 -1  0 -4 -1  3  4 -5 -3 -1    9   0   4   0   0   0  16   0   0   1   0   2   2   0   2  24  36   0   0   4  0.54 0.19
    3 M   -1 -3  1  0 -4 -1  2 -3 -3 -1  2 -1  5 -2 -2  0  0 -4 -3  0    3   0   7   4   0   1  14   1   0   1  18   2  28   0   1   8   6   0   0   6  0.38 0.23
    4 D   -1 -2  1  5 -5 -1  3 -1 -2 -5 -5 -1 -4 -5  0  1  1 -6 -4 -4    4   1   5  34   0   0  27   3   0   0   0   1   0   0   3  12   9   0   0   0  0.78 0.27
    5 K   -2  6 -2 -2 -6  0 -1 -5 -1 -5 -4  3 -4 -6 -2 -3 -3 -6 -5 -5    2  66   1   1   0   2   3   0   1   0   1  22   0   0   1   1   0   0   0   0  1.52 0.48
    6 S    0 -2  1  2  1  0  4 -2 -1 -4 -3 -1  0 -4 -1  2  1 -5 -1 -3    6   1   6  13   3   2  34   2   1   0   1   2   4   0   2  15   7   0   2   0  0.51 0.25
    7 E   -1 -2  0  3 -5  3  4 -4 -1 -2 -4  1 -3 -3 -2  0  0 -5 -4 -2    3   0   3  18   0  12  38   0   0   3   0   6   0   1   2   6   5   0   0   2  0.72 0.31
    8 L   -1 -3 -1 -4  2 -1 -3 -4  1  0  4 -2  1  1 -4 -1 -1 -1  0 -1    6   0   3   0   5   2   0   0   4   3  52   2   3   5   0   5   3   1   3   2  0.48 0.26
    9 V   -2 -4 -1 -5 -1 -4 -5 -5 -5  4  2 -4  1  0 -5 -4 -1 -4 -2  4    2   0   3   0   1   0   0   0   0  23  17   0   3   4   0   0   3   0   1  44  0.79 0.33
   10 Q   -2 -2 -3 -4 -5  4  0 -3  2 -1 -1 -2  0  3 -4 -3 -2  0  5 -2    2   0   0   0   0  25   6   2   6   4   6   1   3  15   0   0   1   1  28   1  0.75 0.35
   11 K   -2  1  0 -4 -2  0 -2 -4 -2  0  2  3  4 -1 -4 -1  0 -1 -1 -1    1   9   4   0   1   3   0   0   1   6  26  22  15   2   0   2   5   1   2   1  0.39 0.25
   12 A    6 -4 -3 -5  0 -4 -4 -1 -4 -1 -4 -3 -4 -5 -3 -1 -1 -6 -5 -1   83   0   1   0   2   0   0   3   0   3   0   0   0   0   0   2   3   0   0   3  1.40 0.58
   13 K   -3  4 -1 -3 -6  1 -1 -3  1 -4 -3  6 -1 -5 -4 -1 -1 -6 -4 -4    0  21   2   0   0   6   1   1   3   1   2  56   2   0   0   3   3   0   0   0  1.15 0.48
   14 L   -3 -4 -5 -6 -2 -3 -5 -6 -5  2  5 -3  1 -1 -5 -4 -1 -4 -2  1    1   1   0   0   1   1   0   0   0  12  67   1   2   1   0   0   3   0   1   9  1.03 0.43
   15 A    5 -4 -1 -3  1 -3 -3 -1 -4 -4 -3 -3 -2 -3 -3  2 -1 -1 -1 -2   67   0   3   1   4   0   0   2   0   0   2   0   1   1   0  12   2   1   2   2  0.98 0.48
   16 E   -3 -3 -3  1 -1  2  6 -1 -3 -6 -3 -2 -1 -1 -4 -2 -4 -6 -2 -5    1   0   0   5   1   9  68   4   0   0   2   1   2   4   0   2   0   0   1   0  1.38 0.59
   17 Q   -1  1 -2 -1 -5  6  1 -4  0 -4 -2  0  1 -5 -3 -1 -1 -5 -4 -2    4   8   1   2   0  54   9   0   2   0   3   5   4   0   1   3   3   0   0   2  1.06 0.49
   18 A    5 -1 -3 -4  2 -3 -2 -2 -3 -2 -1 -3 -3 -3 -1  0  1 -4  0 -1   58   3   0   0   4   0   1   2   0   2   6   0   0   0   2   6   7   0   4   4  0.72 0.39
   19 E   -1 -3  0  1 -6  1  6  1 -1 -5 -5  0 -4 -5 -4  0 -3 -5 -5 -5    4   0   4   5   0   4  60  10   1   0   0   4   0   0   0   6   0   0   0   0  1.12 0.47
   20 R   -4  7 -4 -2  1  0 -3 -6 -1 -6 -3  0  1 -6 -5 -1 -4 -6 -5 -5    0  74   0   2   3   4   0   0   1   0   2   4   4   0   0   4   0   0   0   0  1.77 0.71
   21 Y   -3 -5 -5 -3 -1 -5 -5 -3  1 -4 -4 -5 -4  3 -2 -4 -2  5  8 -5    2   0   0   2   1   0   0   2   3   0   0   0   0  11   2   0   2   9  64   0  2.00 0.69
   22 D   -2 -3  1  5 -6  0  4 -2 -3 -6 -5 -1 -5 -5  0 -2 -2  4 -5 -5    2   0   7  40   0   4  25   3   0   0   0   3   0   0   4   2   2   6   0   0  1.05 0.46
   23 D   -1 -1 -1  6 -6 -1  4 -2 -3 -3 -6 -2 -5 -3 -4  0 -3 -6 -5 -5    4   3   2  50   0   1  25   3   0   1   0   1   0   1   0   5   0   0   0   0  1.24 0.52
   24 M   -1 -5 -6 -7 -5 -4 -6 -6 -6  0  0 -5  9 -4 -6 -1 -1 -5 -5  0    5   0   0   0   0   0   0   0   0   3   6   0  71   0   0   5   3   0   0   6  2.31 0.91
   25 A    3 -2 -4 -5  0 -3 -3 -3 -4  1  0  0  0 -1 -1 -2 -2  2 -4  3   29   1   0   0   2   0   1   1   0   7   6   7   2   3   2   2   1   4   0  30  0.50 0.36
   26 A    1  0  0  2 -4  1  3 -1  0 -1 -3  1 -3 -2 -1  0  1 -4 -1 -2   14   4   4  10   0   5  21   3   3   3   2   7   0   1   2   7   8   0   2   2  0.27 0.20
   27 A    1 -1 -1 -2  4 -1 -2 -2  2 -1 -1 -2 -1  3 -4  0 -2 -2  4 -1   14   3   3   2  10   2   2   3   4   3   6   2   1  14   0   7   1   0  17   4  0.34 0.24
   28 M   -2  0 -5 -6 -4 -4 -5 -2 -5  2  1 -4  8 -3 -5 -4 -1  3 -4  1    4   5   0   0   0   0   0   3   0   9   9   0  51   0   0   0   4   5   0  10  1.39 0.62
   29 K   -2  3  0 -1 -1  0  0 -2  0 -2 -3  5 -1 -4 -4 -3 -1 -5 -1 -4    2  16   5   3   2   2   4   3   2   2   2  47   2   0   0   0   4   0   2   0  0.82 0.43
   30 A    1  0  0  0 -4  1  2  0  1 -1 -2  1  0 -3  0  1  0  2  0 -1   13   4   4   4   0   4  13   7   3   3   4  11   3   0   3  10   4   3   3   3  0.14 0.14
   31 V    0  0 -2 -3  2 -2  0  0 -2  0  0 -2  2  1  1  0  0 -3  1  0    7   7   0   0   7   0   7   7   0   7   7   0   7   7   7   7   7   0   7   7  0.09 0.12
   32 T    3 -2 -2 -2  2 -4 -5 -5 -5  0 -1 -2  0 -2 -1 -1  3 -6 -5  3   25   2   2   2   4   0   0   0   0   5   6   3   2   2   2   4  18   0   0  22  0.56 0.41
   33 E    0 -1  0 -1 -1  2  4 -1 -1 -2 -2  1  0 -5  0  0  0 -5 -2 -1    6   3   5   3   1   8  27   4   2   2   4  10   3   0   4   6   7   0   2   4  0.33 0.27
   34 Q    0 -1  0  0 -1  2  0 -1  0 -1  1  1  2 -1  0  1  1 -4 -1 -1    5   2   3   4   1  10   6   4   2   2  12   9   5   3   4  11  11   0   2   2  0.13 0.16
   35 G   -1  0  0  0  2  0  0 -1  2  0 -1  0  1  0  0 -1  0  3  1 -1    5   5   5   5   5   5   5   5   5   5   5   5   5   5   5   5   5   5   5   5  0.07 0.07
   36 H   -1 -1 -1 -1 -5  1  2  1  1 -1 -2  0 -1 -2  3 -1 -1 -4  0  0    5   3   2   3   0   6  16  14   3   3   4   4   2   2  15   4   3   0   4   6  0.26 0.23
   37 E    0  0  1  0 -3  1  0  0  2  0 -1  0 -1  0  1  0  0 -3  1  0    6   6   6   6   0   6   6   6   6   6   6   6   0   6   6   6   6   0   6   6  0.06 0.06
   38 L   -3  0 -3 -4 -4 -2  0 -4  1  1  3 -3  2  2  1  0 -3 -3  1 -2    1   6   0   0   0   0   8   1   5   7  39   0   5   8   6   7   0   0   6   0  0.41 0.26
   39 S    0  0  1  0  2  1  0  0  2  0 -1  0 -1 -3  1  0  0 -4 -2  0    6   6   6   6   6   6   6   6   6   6   6   6   0   0   6   6   6   0   0   6  0.09 0.08
   40 N    0  0  1  0  0  0 -1 -2  0  1  0  0  0 -2  2  0  1 -4 -3  1    5   3   8   5   2   4   3   2   2   8   8   7   2   1  11   6   9   0   0  14  0.12 0.09
   41 E   -3 -2  1  3 -5 -1  5 -2 -2 -4 -4  1  0 -4 -1 -1  0 -5 -4 -1    0   0   5  14   0   0  50   3   0   0   1   7   3   0   3   3   6   0   0   4  0.83 0.39
   42 E   -1 -2 -2  2 -5  2  6 -1  0 -4 -4  0 -4 -5 -3 -2 -1 -5 -4 -2    5   0   0   9   0   7  57   5   2   0   1   5   0   0   0   0   3   0   0   4  1.00 0.44
   43 R   -3  6 -3 -1 -5  1  0 -2  1  0 -2  0  0 -1 -1 -1 -2 -5 -4 -1    0  50   0   3   0   5   5   2   3   5   4   3   2   3   3   4   2   0   0   4  0.81 0.44
   44 N    0 -1  5  1 -4 -1 -1 -2  0 -1 -3 -1  0 -1 -1  1  0 -4  0 -2    6   3  38   6   0   2   4   2   2   4   2   2   2   3   3  11   4   0   4   2  0.52 0.33
   45 L   -1 -1 -4 -5 -4 -3 -4 -5 -4  1  4 -4  3  1 -4 -3  0  2  0  0    6   4   0   0   0   0   0   0   0   8  49   0   9   5   0   0   5   3   4   4  0.70 0.37
   46 L   -1 -4 -4 -4 -3 -3 -4 -4  1  1  4 -4 -1  3  0 -3 -3 -3 -2  0    6   0   0   0   0   0   1   1   4   5  49   1   0  17   4   1   1   0   0   5  0.64 0.34
   47 S    1  0  0 -2  2  0 -2 -1  1 -1 -1  0 -2  0 -3  3  1  3 -2  0   12   4   4   0   5   4   0   4   5   4   4   4   0   4   0  28   8   4   0   7  0.23 0.23
   48 V    0  0  0 -2  2 -1  0 -3  2  0  0  0  1  1 -3  0  0 -2  1  0    6   6   6   0   6   0   6   0   6   6   6   6   6   6   0   6   6   0   6   6  0.04 0.12
   49 A    4 -3 -3 -3 -2 -2 -2  0 -3  0 -1 -2 -2 -1 -2  1  0 -4 -3  0   55   0   0   0   0   0   0   6   0   4   4   0   0   3   0   6   5   0   0   6  0.49 0.31
   50 Y   -2 -3  1  0  2 -2 -3 -3  2 -1 -1 -3 -2  3 -3 -1  0 -1  6 -2    1   0   9   5   7   0   0   1   5   5   5   0   0  12   0   5   5   0  38   0  0.55 0.23
   51 K    0  1  1 -1 -3  2  1 -2  3  0 -2  1 -1 -3 -2  1  1 -3 -2 -1   10  10   9   0   0   9  10   1   9  10   1  10   0   0   0  10  10   0   0   1  0.24 0.11
   52 N   -1  0  5  0 -5  0  0  0  3 -1 -4  0  1  0 -4  0 -1 -5 -3 -4    5   4  37   4   0   4   7   8   8   4   0   5   4   4   0   4   4   0   0   0  0.60 0.39
   53 V    0  0 -1 -3  1  0 -1 -3 -3  1  1 -1  2  0  0 -1  0 -3  0  2    8   5   3   0   3   3   3   0   0   7  13   4   7   3   4   4   5   0   4  22  0.14 0.15
   54 V    0 -3 -3 -4 -3  0  0 -4 -3  3  0 -3  2  0  0 -1  1 -4 -3  3    6   0   0   0   0   4   5   0   0  24   6   0   7   3   5   3  11   0   0  23  0.38 0.25
   55 G   -1 -2  1  0  1  0 -1  4  1 -2 -2 -2 -3 -4 -3  1 -1 -4 -1 -2    3   2   7   6   3   3   4  40   4   3   3   2   0   0   0  11   4   0   2   2  0.48 0.27
   56 A    0  0  1  0  2  1  0  0 -2  0 -1  0  1 -3  1  0  0 -4 -3  0    6   6   6   6   6   6   6   6   0   6   6   6   6   0   6   6   6   0   0   6  0.08 0.08
   57 R   -1  4 -2 -1  1  1 -2 -4  1 -1  0  1 -2  0  0 -1 -1  2  1 -3    4  30   0   4   3   7   0   0   4   4  10   8   0   4   4   4   4   3   5   0  0.36 0.28
   58 R   -3  6 -3 -4  2 -2 -3 -2  1 -4 -2  0 -4 -4 -4 -1  0  2  0 -4    0  62   0   0   5   0   0   3   3   0   5   3   0   0   0   5   5   3   4   0  1.26 0.58
   59 S    2  0  0 -1  0  0 -1 -2  1  0 -2  0 -2 -2 -1  2  1 -4 -1 -1   23   6   5   2   2   4   3   0   4   7   2   4   0   2   2  17  11   0   2   4  0.21 0.19
   60 S    2 -2 -2  0  1  0  0  0 -2 -2  0 -2  1  0  0  3  0 -4 -3  0   17   0   0   5   4   5   4   5   0   0   7   0   4   4   4  27   4   0   0   7  0.22 0.20
   61 W    0  0 -2 -3  2 -2 -2 -3  2  0  0 -2  2  1  1  0  0  4  2  0    7   7   0   0   7   0   0   0   7   7   7   0   7   7   7   7   7   7   7   7  0.19 0.16
   62 R    0  0  1  0  2  1  0  0  2  0 -1  0  1 -2 -2  0  0 -3 -2  0    6   6   6   6   6   6   6   6   6   6   6   6   6   0   0   6   6   0   0   6  0.04 0.10
   63 V    0 -1 -1 -1  1 -1  0 -2  0  3  0  0  1  1 -1 -1  0 -3 -2  1    6   4   2   3   3   2   6   2   2  23   8   6   3   7   2   4   6   0   0  12  0.11 0.13
   64 I    0 -1 -4 -5  1 -4 -4 -5 -4  4  3 -4  2  1 -4 -3 -1 -4 -3  1    6   4   0   0   4   0   0   0   0  34  25   0   5   6   0   0   4   0   0   9  0.67 0.35
   65 S   -1  0  0  0  2  0  0 -1  2  0 -1  0  1  0 -3  0  0  3  1  0    5   5   5   5   5   5   5   5   5   5   5   5   5   5   0   5   5   5   5   5  0.06 0.09
   66 S    1 -3  0  0  2  2  0 -1  1 -1 -1 -1  0 -2 -2  3  1 -5 -4 -1   13   0   4   4   4  10   4   5   3   3   5   3   3   2   2  23   6   0   0   5  0.26 0.26
   67 I   -1 -2 -2 -1  0 -1  0 -2  0  3  1 -1  2  0 -1 -1  0 -4 -1  1    4   2   2   4   3   2   7   2   3  23  11   4   5   4   3   3   5   0   2  11  0.17 0.16
   68 E    0  1  1  1 -3  1  0  0 -2  0  0  0  1 -3  1  0  0 -3 -3  0    7   7   7   7   0   7   7   7   0   7   7   7   6   0   7   7   7   0   0   7  0.10 0.08
   69 Q   -1  1 -1  0 -4  4  2 -2  2 -2 -2  0  0 -3  0  0 -1  1  0 -2    4   6   2   5   0  20  15   3   6   2   4   4   3   0   5   6   4   2   3   3  0.28 0.27
   70 K   -1  2  1  0 -4  1  1 -1  0 -2 -1  4  1 -1  0  0 -1 -4 -3 -3    5  11   7   4   0   4   7   5   2   3   5  28   4   2   4   5   3   0   0   0  0.33 0.27
   71 T    0  0  0  0  1  0  0 -1  1  0 -1  0  1  0  0  0  0 -3  1  0    5   5   5   5   5   5   5   5   5   5   5   5   5   5   5   5   5   0   5   5  0.00 0.05
   72 E   -1  1  0  1 -5  1  3  0  1 -1 -2  1 -3 -4  0  0 -1 -5  0 -2    5   6   4   8   0   6  23   6   4   3   5   8   0   0   5   6   4   0   3   3  0.27 0.23
   73 R    0  2  0  0 -4  1  0  1  1 -1 -2  1 -1 -2 -1  0  0  0 -1 -1    8  12   5   5   0   5   5  12   4   4   3  10   2   2   3   7   7   1   2   4  0.13 0.13
   74 N   -1 -1  4  1 -4  0  0  1  0 -1 -3  1 -3 -4  0  1  0  1  0 -1    5   3  21   6   0   3   4  11   3   3   3   9   0   0   5   8   6   2   3   4  0.27 0.25
   75 E    0 -2  0  1  0  1  3  0  0 -1 -2  0 -1 -1  1  1 -1 -5 -4 -1    9   0   3   7   2   7  21   7   2   4   2   6   2   3   8  11   3   0   0   3  0.24 0.23
   76 K   -1  2  1  2  0  1  1 -1  1 -2 -2  2 -1 -2 -1  1  0  1 -1 -2    4  11   6  11   2   5   7   3   4   3   4  12   2   2   3   9   4   2   2   2  0.16 0.15
   77 K   -1  1  0  1  1  0  1 -2  2 -2 -2  3 -1 -1  0  0 -1 -4  1 -2    4   8   5   7   4   4   7   3   6   2   4  19   2   3   4   5   4   0   6   3  0.21 0.19
   78 Q   -1  0 -1 -1  0  2  0 -1  2  0  0  0  1  0  0 -1 -1  2  1  1    5   5   3   3   3   8   6   4   5   4   9   4   4   4   6   5   3   2   6  10  0.06 0.07
   79 Q    0  1  0  0 -5  2  1 -2  3 -1 -1  1  0  0  0  0  1 -5  0 -1    7   7   4   4   0  11   8   4   6   4   6   7   3   3   6   6   8   0   4   4  0.14 0.15
   80 M    0  0 -2  0  2  1  0 -3  2  0 -1  0  1  1  1  0  0  3  1  0    6   6   0   6   5   5   6   0   5   6   6   6   5   5   6   6   6   5   5   6  0.10 0.13
   81 G    1 -3 -2 -2 -1 -2 -2  0 -1  4  1 -2  1 -1 -2 -2  0  1 -1  1   12   1   2   2   1   2   2   7   2  28  10   3   3   3   2   2   6   2   2   8  0.26 0.22
   82 K    0  3  1  0  0  2  0 -2  2 -4 -2  3 -1 -4 -4 -1  0  0 -4 -2    6  15   7   6   3   9   6   2   5   0   4  24   2   0   0   3   4   2   0   2  0.42 0.31
   83 E    0  0  0  2 -4  0  3 -1  0 -2 -2  0  0 -1 -1  0 -1  1 -1 -2    9   4   3  13   0   3  24   5   2   3   4   7   3   3   2   5   4   2   2   2  0.24 0.21
   84 Y   -2 -3  0 -1  1 -1 -1 -2  1 -1 -1 -1  0  2 -4 -2 -1 -2  6 -1    3   0   4   3   3   3   3   4   4   4   5   5   3   9   0   3   3   0  35   3  0.56 0.39
   85 R    0  1 -2  0  2  1  0 -3  2  0  0  0  1 -2 -2 -1 -2 -2  1  0    7   7   0   7   7   7   7   0   7   7   7   7   7   0   0   0   0   0   7   7  0.07 0.14
   86 E    0  1  1  0  0  1  0 -1  0 -1 -2  1  1 -1 -3  1  0  4  0 -1    8   8   8   4   3   7   6   4   3   3   3  10   4   3   0   9   7   6   3   3  0.15 0.14
   87 K    0  1  1  1  2  1  1  0 -2  0 -2  1  1 -3 -2  0  0 -4 -3  0    7   7   7   7   7   7   7   7   0   7   1   7   7   0   0   7   7   0   0   7  0.11 0.11
   88 I   -1 -2 -2 -3 -2 -2 -2  1 -2  2  1 -2  2  2 -2 -1  1 -2 -1  1    1   1   1   1   0   1   1  13   0  13  14   1  13  13   1   1  13   0   0  13  0.16 0.06
   89 E    0  0  1  0  2  1  0  0  2  0 -1  0 -1  0 -2  0  0 -3 -2  0    6   6   6   6   6   6   6   6   6   6   6   6   0   6   0   6   6   0   0   6  0.05 0.07
   90 A    1 -1  0  0 -1  0  1  0  0 -2 -1  2 -1 -2 -3  1  1 -4 -1 -1   12   2   4   6   2   3  11   7   2   2   4  13   1   1   0  13   9   0   2   5  0.16 0.13
   91 E   -1 -1  0  1 -6  0  6 -5 -3 -6 -6  0 -5 -6 -4 -3 -4 -6 -5 -5    4   3   5   7   0   3  71   0   0   0   1   4   0   0   0   0   0   0   0   0  1.67 0.71
   92 L   -2 -5 -5 -5 -4 -3 -5 -5 -5  3  4 -4  1  0 -2 -2 -2  1 -1  0    2   0   0   0   0   1   0   0   0  20  53   0   3   4   2   2   2   2   2   4  0.91 0.42
   93 Q    0  2  1  0  1  0  0 -2  1 -1  0  1  0 -1 -2  1  1 -3 -1  0    7  12   7   5   3   3   7   2   3   3   9  10   3   2   0  10   7   0   2   5  0.10 0.09
   94 D    0  0  1  2 -4  0  1 -1  1 -2 -1  1 -2 -1 -1  0  1 -4  1 -2    8   4   8  15   0   3  11   4   3   2   5   9   0   2   2   5  10   0   5   2  0.19 0.15
   95 I   -2 -1 -1 -2  0  0 -3 -5  1  4  1 -2  1  1 -4 -2 -1 -4  1  2    2   3   2   3   2   5   0   0   4  31  13   2   3   5   0   2   4   0   5  13  0.38 0.26
   96 C    1 -2 -2 -3  3 -2 -2  0 -2  1  0 -2  2 -1 -2  1  1 -2  2  1   10   0   0   0   9   0   1  10   0  10  10   1   9   0   0  10  10   0   9  10  0.13 0.10
   97 N   -1 -1  3  1 -1  1  2  1  1 -2 -3  0 -1  0 -1  0 -1  0  0 -2    3   3  16   9   2   8  14  10   3   2   2   4   2   4   2   5   4   1   4   2  0.23 0.18
   98 D   -2  0  1  4 -5  0  3 -1  0 -2 -2  0 -4 -2 -4 -1 -1  1 -4 -3    2   6   6  26   0   4  24   5   2   3   4   6   0   2   0   4   3   2   0   2  0.53 0.32
   99 V    0 -1 -5 -5  0 -4 -5 -2 -5  4  0 -2  1  0 -5 -4 -1 -5 -4  4    6   3   0   0   2   0   0   4   0  30   7   3   4   4   0   0   4   0   0  31  0.70 0.38
  100 L   -4 -5 -1 -2  0 -2 -5 -6  0  4  4 -5  1 -1 -1 -4 -2  1 -4  1    0   0   4   2   2   2   0   0   2  22  41   0   2   2   3   0   2   2   0  11  0.72 0.39
  101 E    0  1  1  2 -4  1  2  0  0 -4 -3  2 -1 -3 -2  2  0 -5 -2 -2    6   9   6  10   0   6  13   8   2   0   2  12   1   1   1  14   6   0   1   2  0.31 0.22
  102 L   -1 -2 -1 -5 -1 -4 -4 -4 -1  3  4 -4  2  1 -2 -2  0 -4 -1  1    4   2   3   0   1   0   0   1   1  15  40   0   6   5   2   2   5   0   1  11  0.55 0.31
  103 L   -2 -1 -5 -6  0 -4 -5 -6 -5  4  4 -4 -1  0 -5 -3 -2 -5 -4  2    3   4   0   0   2   0   0   0   0  25  38   0   0   4   0   2   2   0   0  17  0.82 0.41
  104 D   -1 -2  2  6 -6  0  1 -2 -4 -3 -5 -1 -5 -5 -4 -1 -2 -6 -2 -3    5   2   8  53   0   4  10   3   0   2   0   3   0   0   0   5   2   0   2   1  1.14 0.53
  105 K   -1  0  2  0 -2  1  1 -2  1  0 -2  3  0 -3 -2  1  0 -5 -3 -2    3   4  10   5   1   4  11   2   3   6   3  22   3   1   2  12   6   0   0   1  0.29 0.23
  106 Y   -1  1  1  0  0  1 -1 -2  5 -1 -2  0 -3  0  0  0 -1  0  2 -1    4   8   8   4   2   6   1   2  18   3   4   5   0   4   5   7   4   1   9   6  0.26 0.21
  107 L   -4 -3 -5 -6  0 -1 -5 -6 -5  1  5 -5  2  0  0 -3 -2 -5 -4  0    0   1   0   0   2   3   0   0   0   6  66   0   4   3   4   2   2   0   0   4  1.12 0.53
  108 I   -2  0 -1 -3 -4 -1 -1 -4 -2  4  2 -1  0 -1 -2 -1 -2 -5 -2  1    2   5   3   1   0   2   5   1   1  30  25   3   2   1   2   4   2   0   1  11  0.43 0.28
  109 L   -1 -2  1 -3 -1 -3 -2 -3 -4 -3 -2  2  1 -1  6 -1 -1 -6 -5 -1    4   2   8   1   1   0   2   1   0   1   4  12   4   3  43   5   3   0   0   5  0.98 0.50
  110 N    0  0  3  1 -2  0  0 -2  2 -4 -2  1 -3 -3  0  2  0 -5 -2 -1    8   5  16   6   1   2   5   2   6   0   4  10   0   1   4  21   4   0   1   5  0.30 0.25
  111 A    4 -3 -2 -1  1 -1  1 -2  1 -1 -3  0 -2 -3  1  1  1 -5 -2 -1   35   0   1   4   3   3  11   2   4   4   2   5   1   1   6   8   8   0   1   3  0.40 0.32
  112 T    0  0  0  0  1  1  0  0  1  0 -1  0 -1  0  1  0  0 -3  1  0    6   6   5   6   5   5   6   6   5   6   6   6   0   5   6   6   6   0   5   6  0.04 0.05
  113 Q    0  0  1  0  2  1  0  0  1  0 -1  0 -1  0  1  0  0 -3 -2  0    6   6   6   6   6   6   6   6   6   6   6   6   0   6   6   6   6   0   0   6  0.05 0.07
  114 A    2 -1  0  0  1  0  0  1  1 -1 -2 -1 -2 -1  1  1  0  1  0  0   18   4   3   5   3   3   6  10   3   4   3   3   0   3   7  10   4   3   3   6  0.11 0.12
  115 E    0  0  0  0 -3  1  0 -1  2  0 -1  0 -2  0  1  0  0  3  1  0    6   6   5   6   0   5   6   6   5   6   6   6   0   5   6   6   6   5   5   6  0.07 0.08
  116 S    1  0 -1  0  1  0  0 -1  2 -1 -2 -1 -3  0 -1  3  0 -4 -1 -2    9   4   3   5   4   4   6   5   5   5   2   2   0   4   2  32   4   0   2   2  0.29 0.24
  117 K   -1  2 -1 -1 -1  0  0 -2 -3 -2  0  4  0 -1 -4 -1 -1  1  0 -2    5  14   2   4   1   3   4   2   0   2  10  31   3   3   0   3   4   2   3   3  0.37 0.27
  118 V    0 -2 -1 -5  1 -1 -2 -1 -5  2 -1 -4  1 -4 -1 -3 -1 -5 -4  5    7   2   3   0   3   3   3   6   0  13   3   0   3   0   4   0   2   0   0  46  0.68 0.40
  119 F    0 -2  1 -2  3  1 -2 -3 -1  1  0 -2  2  1 -3  0 -1 -2  2  1    9   0   9   0   8   9   1   1   0   9   9   0   9   9   0   9   0   0   9   9  0.13 0.12
  120 Y   -3 -4 -3 -4  1 -3 -4 -4  1  0  0 -4  0  3 -4  0 -1  3  7 -3    1   0   0   1   3   0   1   1   3   4  10   1   3  11   0   7   4   5  44   1  0.97 0.39
  121 L   -2 -1  0 -2 -1  0 -1 -1  1  0  2 -1  1  1 -3 -2 -2  3  3 -1    1   4   6   2   2   4   4   4   4   7  24   4   4   5   0   2   1   4  15   2  0.18 0.14
  122 K    0  1  1  1 -3  1  1  0 -1 -2  0  1  1 -3 -2  1  1 -3 -3 -2    8   8   8   8   0   8   8   8   0   0   8   8   8   0   0   8   8   0   0   0  0.17 0.11
  123 M   -1  1  1 -2 -3  1 -1 -3 -2  1  1 -1  2  1  2 -1  1 -3 -1  1    1  10   9   0   0   9   1   1   0  10  10   1   9   9  10   1  10   0   0  10  0.16 0.11
  124 K    0  1  0 -1  1  1  0 -3 -2 -1  0  4  1 -3 -3 -1 -1 -4  0 -1    8   4   4   4   3   6   3   0   0   3   8  38   4   0   0   4   4   0   3   3  0.37 0.25
  125 G    1  1 -1 -2 -3  1  0  4 -2 -2 -3 -1 -2 -3 -2  0  1 -3 -3 -1    8   9   0   1   0   7   6  40   0   1   1   1   0   0   1   6  11   0   0   6  0.42 0.12
  126 D    0 -2  2  4  1 -1  2  0 -1 -3 -3 -1 -3 -3  1  1 -1 -3  0 -3    6   0  11  35   5   0  11   6   0   0   1   0   0   0   5  11   0   0   5   1  0.48 0.14
  127 Y   -1 -2 -1 -3  0 -2  0 -3  1 -2 -1  0  0  3 -3 -1 -2  4  6 -2    5   0   3   0   3   0   6   1   3   0   3   7   3  12   0   5   0   7  39   0  0.63 0.23
  128 F   -3  0  0 -3  0  0 -2 -4  5 -1 -1 -1 -1  3 -4 -2 -1  1  5 -2    1   4   3   0   2   4   2   1  20   5   6   2   2  15   0   2   5   2  25   0  0.60 0.26
  129 R   -3  6 -2 -3  2 -1 -2 -4  1 -4 -2  1  0 -4  2 -2 -3 -4 -3 -4    1  65   0   0   6   0   0   1   3   0   4   3   3   0  11   1   0   0   0   1  1.18 0.40
  130 Y   -3 -4  0 -4 -1 -3 -4 -4  1 -2 -2 -4 -3  2  1 -1 -1 -1  7 -3    1   0   4   0   1   0   0   1   2   2   3   0   0   7   6   4   3   0  62   0  1.37 0.44
  131 L   -2 -3 -4 -4 -3 -1 -3 -4 -1  1  4 -2  1  0 -3 -3 -2  4  0  1    1   1   0   1   0   4   1   1   1   4  57   2   3   3   1   1   1   7   2   9  0.62 0.28
  132 S    4  1 -2 -4  1 -2 -3 -2  1 -1  0 -2 -2 -2  0  1  0 -4 -1 -1   48   9   1   0   3   0   0   1   3   2   8   0   0   1   3  10   5   0   1   3  0.48 0.28
  133 E   -3  1 -1  0 -6  1  6 -3  0 -5 -5 -1 -4 -1  0 -3 -3 -5 -1 -5    0   8   2   2   0   5  69   1   2   0   0   2   0   3   4   0   0   0   2   0  1.27 0.48
  134 V   -1 -4 -2 -4 -1 -2 -4 -4 -3  2  0 -3  1  5 -4 -1 -1  0  2  3    4   0   2   0   1   2   0   0   0  10   8   0   3  29   0   4   2   1   8  25  0.53 0.24
  135 A    2 -1 -2  0 -2  0 -1 -1 -1 -1 -2  2 -1 -2 -1  2  0 -4 -2 -1   25   1   0   5   1   3   2   4   1   4   4  19   1   1   2  18   5   0   1   2  0.26 0.19
  136 S    0 -1  0  1  2 -1 -1 -2 -1 -1 -2 -1 -2 -1 -1  2  3 -4  0  0    4   3   5   8   6   3   2   1   1   3   2   3   1   2   3  19  24   0   4   7  0.26 0.19
  137 G   -2 -1  0  1 -2  1 -1  5 -1 -2 -5 -2 -4 -5 -3  0 -2 -5 -2 -4    2   3   3   9   1   6   3  55   2   3   0   2   0   0   1   7   2   0   1   0  0.88 0.36
  138 E    0  0  1  4 -4  1  2 -2  1 -2 -4 -1 -2 -1 -2  0  0 -5 -1 -1    8   4   8  31   0   6  12   3   3   2   0   1   1   3   2   5   6   0   2   4  0.45 0.24
  139 N    0  0  1  3  0 -1  3 -1 -1 -3 -3  2 -3 -1 -2 -1  1 -5 -3 -3    7   4   6  17   3   1  22   5   1   1   2  12   0   3   1   2  12   0   1   1  0.38 0.23
  140 K   -2  5 -1 -3 -2  0 -1 -4  3 -2 -2  3 -1 -1 -3 -1 -3 -2  1 -3    3  33   2   1   1   4   3   1   8   3   4  23   1   2   1   3   1   1   4   1  0.69 0.36
  141 Q    0  0  0  1 -4  2  1 -1  2 -2 -1  3 -2  1 -2  0  0 -4 -3 -2    5   4   4   8   0  10   8   3   5   3   5  23   0   6   1   8   4   0   0   2  0.26 0.19
  142 T    0  1 -1  2 -5  3  2 -1  1 -3 -3  0 -2 -2 -3  1  1 -5 -4 -2    7   6   2  12   0  13  15   5   3   1   2   4   1   2   1  13  11   0   0   3  0.34 0.23
  143 T    3 -2 -1 -2  0 -2 -1 -1  0  0 -1 -2  0 -1 -3  1  1  3  1  1   26   2   2   2   2   1   3   5   3   5   5   2   3   2   0   8   9   4   5  13  0.20 0.18
  144 V    3 -2 -4 -3 -4 -3 -2 -3 -4  1  0  0 -1 -4 -4  0  0 -5 -1  3   34   2   0   1   0   0   2   1   0   9   8   6   1   0   0   6   4   0   2  23  0.50 0.32
  145 S    0 -3  1  3  2  1  3 -2 -2 -2 -3  1 -1 -3 -2  0 -1 -5 -1 -3    6   0   7  19   4   6  24   2   1   3   1   8   2   1   2   8   3   0   2   1  0.45 0.27
  146 N    0  1  2  1 -3  2  0  0  1 -4 -3  3 -2 -2 -2  1 -2 -5 -1 -4    8   7  13   6   0   8   5   6   3   1   3  22   1   2   1  10   1   0   2   0  0.37 0.24
  147 S    4 -5 -4 -5 -1 -4 -4 -1 -5 -4 -5 -4 -5 -6 -1  4  1 -7 -2 -3   43   0   0   0   1   0   0   3   0   1   0   0   0   0   2  39   8   0   2   2  1.20 0.59
  148 Q   -1  0 -1 -2  1  3  0 -3  2 -1  3  1  1 -1 -4 -2  0 -4  0 -2    6   4   3   1   3  14   5   1   7   2  30   8   4   2   0   1   5   0   3   1  0.32 0.25
  149 Q    0 -1  0  2 -5  2  3 -3  0 -2 -2  1 -1 -2 -4  1  0 -5 -4  0    7   1   4  13   0  10  21   1   2   2   3  10   2   2   0  10   4   0   0   7  0.36 0.24
  150 A    5 -3 -1 -5  1 -2 -3 -3 -2 -2 -4 -4 -4 -3 -4  2  0 -6 -1 -2   62   1   3   0   3   2   1   1   1   3   1   0   0   1   0  15   5   0   2   1  1.11 0.56
  151 Y   -4 -7 -7 -8 -8 -7 -8 -9  0 -6 -6 -7 -6  1 -8 -7 -6 -3  9 -3    1   0   0   0   0   0   0   0   1   0   0   0   0   4   0   0   0   0  91   2  3.39 1.06
  152 Q   -3  0  0  0 -6  4  3 -4 -3 -6 -4  4 -4 -2 -4 -1 -1 -6 -5 -5    1   4   4   4   0  19  24   1   0   0   2  33   0   2   0   4   4   0   0   0  0.94 0.46
  153 E    1 -1 -1  1 -5  1  3 -3 -3 -2 -2  3 -1 -3 -3  1  0 -5 -4 -1   15   2   2   7   0   4  25   1   0   3   2  20   2   1   0   8   4   0   0   4  0.44 0.27
  154 A    6 -5 -5 -6  1 -5 -5  0 -6 -2 -5 -5 -5 -6 -5  0 -4 -7 -6 -3   84   0   0   0   3   0   0   5   0   3   0   0   0   0   0   4   0   0   0   1  1.82 0.72
  155 F   -3 -2 -3 -2 -4  1 -2 -4  1  0  1 -1  3  3 -4  1  1  2  3 -1    0   1   0   1   0   7   2   0   3   4  11   3  11  14   0  15   8   3  13   4  0.38 0.24
  156 E   -1 -1  0  4 -6  0  5 -4 -3 -6 -6 -1 -5 -6 -4 -1 -1 -7 -6 -4    6   3   3  30   0   3  45   0   0   0   0   3   0   0   0   2   4   0   0   1  1.18 0.45
  157 I   -3 -5 -6 -7 -4 -5 -6 -7 -6  6  2 -3  1 -1 -6 -5 -3 -5 -4  2    1   0   0   0   0   0   0   0   0  61  17   2   3   2   0   0   0   0   0  15  1.37 0.46
  158 S    6 -4 -4 -5  0 -4 -4 -1 -4 -5 -5 -4 -4 -5 -4  2 -1 -6 -5 -3   77   0   0   0   2   0   0   2   0   0   0   0   0   0   0  17   2   0   0   0  1.51 0.53
  159 K   -3  3 -2 -3 -6  4 -1 -4 -2 -5 -5  6 -3 -5 -3 -2 -3 -5 -4 -4    0  13   0   0   0  25   0   0   0   0   0  62   0   0   0   0   0   0   0   0  1.40 0.34

                      K         Lambda
Standard Ungapped    0.1693     0.3378
Standard Gapped      0.1100     0.3190
PSI Ungapped         0.1693     0.3378
PSI Gapped           0.1100     0.3190
