
Last position-specific scoring matrix computed, weighted observed percentages rounded down, information per position, and relative weight of gapless real matches to pseudocounts
           A  R  N  D  C  Q  E  G  H  I  L  K  M  F  P  S  T  W  Y  V   A   R   N   D   C   Q   E   G   H   I   L   K   M   F   P   S   T   W   Y   V
    1 M   -2 -2 -3 -4 -3  3 -2 -4 -2  2  1 -2  7 -1 -3 -2 -1 -2 -2  0    0   0   0   0   0  17   0   0   0  11   0   0  71   0   0   0   0   0   0   0  0.74 0.11
    2 P    2 -3 -3 -3 -3 -2 -2 -3 -3 -1 -1 -2 -2 -3  6 -1 -1 -4 -3  1   24   0   0   0   0   0   0   0   0   0   7   0   0   0  57   0   0   0   0  13  1.30 0.10
    3 G    0  1 -1  1 -3  2 -1  4 -2 -4 -3 -1 -2 -3 -2 -1 -2  3 -3 -3    7  12   0  11   0  14   0  46   0   0   1   0   0   0   0   0   0   6   0   0  0.58 0.08
    4 T    0 -2  0  0  1 -2  0 -3 -3  0 -1 -2 -2 -3 -3  0  5 -4 -3  0    4   0   5   5   3   0   6   0   0   6   4   0   0   0   0   3  61   0   0   4  0.63 0.18
    5 A    2 -2 -2 -3 -2 -2 -2  0  0  0  0 -2  1 -1  0  2  1 -4 -2  1   27   0   0   0   0   0   0   7   3   3  10   0   4   3   3  17  11   0   0  12  0.24 0.10
    6 L   -2 -4 -4 -5 -3 -3 -4 -1 -4  2  4 -3  2  1  0 -2 -1 -3 -2  2    0   0   0   0   0   0   0   6   0  12  48   1   4   5   4   2   4   0   0  14  0.50 0.17
    7 S    2 -2  0 -1 -1 -1  0 -1 -2 -1 -1  0 -2 -4  0  4  2 -5 -3 -2   16   0   5   1   1   2   5   2   0   3   6   5   0   0   4  38  11   0   0   0  0.42 0.19
    8 P    0 -3 -3 -4 -3 -3 -3 -2  0  0  1 -1 -1  0  5  0  1  0 -1  0    8   0   0   0   0   0   0   3   3   4  13   3   1   5  34   5  10   2   2   8  0.61 0.19
    9 L    0 -4 -4 -5 -3 -2 -4 -4 -1  2  4 -2  1  2 -4 -2 -2 -1 -1  1    7   0   0   0   0   2   0   1   2  13  48   2   2   8   0   2   1   1   1  10  0.60 0.25
   10 L   -2 -3 -4 -2  0 -3 -3 -2 -4  3  3 -3  1  1 -2 -2  1 -4  0  1    2   1   0   2   2   0   1   3   0  21  31   1   4   6   2   2   8   0   3  11  0.38 0.19
   11 L    0 -3 -1 -5  0 -4 -4 -3 -4  2  4 -3  1  2 -5 -1 -2 -4 -1  0    7   1   3   0   2   0   0   2   0  13  45   1   2  12   0   4   1   0   1   5  0.53 0.25
   12 L    0 -3 -4 -5  3 -4 -4 -5 -4  1  3 -3  0  2 -3 -1  0 -2 -2  2    6   1   0   0   7   0   0   0   0   6  41   1   1  11   1   5   5   0   0  13  0.53 0.26
   13 L    1 -4 -1 -4  2 -2 -2 -3 -2  2  3 -3  1  2  0 -1  0 -4 -2  1   12   0   3   0   5   1   2   1   1  11  30   0   3   9   5   3   5   0   0   8  0.28 0.18
   14 L    0 -4 -2 -4 -1 -3 -3 -4 -2  1  3 -3  2  2 -1  0 -1 -3  0  1   10   0   2   0   1   0   1   1   1   9  36   0   6   9   3   8   2   0   2   9  0.37 0.21
   15 L    0 -2 -3 -4  0 -2 -3 -3 -4  1  3 -3  1  2 -2 -1  0 -3  0  2    8   2   1   0   3   1   1   2   0   8  31   0   2  12   1   4   6   0   3  16  0.33 0.19
   16 S    1 -2 -1 -2  0  1 -2 -1 -1  0 -2 -2  0  1  1  2  1 -4 -2  1   15   1   2   2   2   6   1   5   1   5   2   0   2   7   7  20  11   0   1  12  0.20 0.16
   17 W    0 -3 -2 -4 -1 -1 -2 -2 -1  1  0 -3  0  2 -4 -1  1  6  1  1    8   1   2   0   2   2   2   3   1   9  10   1   2  12   0   5   8  15   5  12  0.37 0.18
   18 A    3 -1 -2 -2 -1  0 -1  0 -3  0 -1 -2 -2 -1  0  1  0 -4 -2  1   35   2   1   1   1   5   3   8   0   4   6   1   0   3   3  10   5   0   1  12  0.26 0.19
   19 S    2 -1  0 -2  0  0 -1  0 -2 -1 -1 -2 -2 -1 -2  3  2 -4  0  0   16   2   3   1   2   3   2   8   0   2   4   1   0   2   1  26  14   0   5   6  0.26 0.19
   20 R    0  2  0 -1 -2  1 -1  0  0  0 -1  1 -1 -1  0  1  0 -4 -2  0    8  17   4   2   1   6   3   7   2   5   7   8   0   3   3   9   4   0   0  10  0.11 0.09
   21 N    1 -2  2  0  1  0 -1 -1  0 -1 -2 -1 -1 -1  0  1  2 -4 -1  0   12   0  11   4   3   5   3   5   2   3   2   4   1   2   4  11  18   0   2   7  0.17 0.12
   22 E    1  0  1  1  1  2  2 -2 -1 -3 -1  0 -2 -2 -1  0  1 -2 -2 -1   11   4   5   7   4  14  19   1   1   0   5   4   0   2   2   7   7   1   1   5  0.24 0.16
   23 A    4 -2 -1 -2 -1  1 -1  1 -1 -3 -2 -1 -2 -4 -1  1  1 -5 -2 -1   39   2   2   2   1   6   3  13   1   1   3   2   0   0   2  12   8   0   2   3  0.44 0.27
   24 A    4  0 -2 -1 -3  0 -1 -1 -2 -1 -1 -1 -2  1 -2  1  1 -3 -2 -1   40   6   1   3   0   3   3   4   1   2   6   3   0   6   1   8  10   0   1   3  0.34 0.24
   25 P    1  0 -1 -2 -1  0 -1 -2 -2 -3 -2  2 -3 -1  5  0 -1 -5 -2 -2   11   4   3   1   1   3   3   2   0   1   4  13   0   2  36   8   3   0   2   3  0.71 0.31
   26 D    1 -1  2  3 -3  1  3 -2  0 -4 -3  0 -1 -3  0  1  0 -5 -3 -3   10   2   9  15   0   5  26   2   3   0   2   4   2   1   4  10   5   0   0   1  0.44 0.24
   27 Q    1  1  0  1 -4  2  2  0  1 -4 -2  1 -2 -3  1  1  0 -3 -2 -2   14   7   4   6   0  12  12   6   3   0   3   7   1   1   6  11   3   0   1   1  0.26 0.16
   28 D   -1 -2  1  6 -6 -2 -1 -2  1 -5 -5 -1 -4 -3 -3 -1 -1 -6 -2 -4    6   1   5  58   0   1   3   2   4   0   1   4   0   1   1   5   4   0   2   1  1.20 0.49
   29 E   -2  3 -2 -1 -5  0  3 -4 -1 -1  2  2 -1 -2 -3 -3 -2 -3  0 -1    2  17   1   3   0   3  23   0   1   3  20  13   1   2   1   0   1   0   4   4  0.43 0.27
   30 I   -2 -4 -3 -4 -5 -5 -5 -5 -6  5 -1 -4 -1 -4 -4 -4 -3 -6 -5  5    3   1   1   1   0   0   0   1   0  43   2   1   1   0   1   0   1   0   0  44  1.41 0.56
   31 D   -1  0 -1  2 -4 -1  1 -2  0 -1 -2  2 -2 -1 -2  1  3 -1 -2 -1    3   4   2  13   0   2   9   2   3   3   2  12   0   3   2   8  25   1   1   4  0.30 0.22
   32 C    1  0  2  0  0  0  0 -1  2 -2 -2  0 -2 -1 -2  3  1 -3  1 -2   10   5   9   6   2   3   5   3   5   1   4   4   1   2   1  25   7   0   5   1  0.23 0.18
   33 L   -5 -5 -5 -3 -5 -4 -5 -7 -6  0  6 -3  1 -1 -6 -5 -3 -5 -3  0    0   0   0   2   0   1   1   0   0   3  80   2   3   2   0   0   1   0   1   5  1.50 0.58
   34 P   -4 -5 -5 -3 -3 -4 -5 -7 -6 -6 -5 -4 -7 -8  8 -2 -4 -9 -8 -5    1   0   0   1   1   0   0   0   0   0   1   1   0   0  90   2   1   0   0   1  3.04 0.98
   35 G   -2 -3 -1 -2 -7 -5 -4  7 -4 -7 -5 -4 -3 -4 -6 -2 -4 -7 -6 -6    2   1   3   2   0   0   1  84   0   0   1   0   1   1   0   3   0   0   0   0  2.02 0.70
   36 L   -1 -2 -3 -3 -2  2 -2 -4 -2  1  3 -3  0  3 -4 -2 -2  2  1  0    6   1   1   1   1  10   2   1   1   8  34   1   2  16   0   1   1   3   5   6  0.46 0.25
   37 A    0 -2  0  1  0  1  0  0  0 -2 -2  0 -1 -2  4  1  1 -2 -3 -1    7   1   4   8   2   6   5   8   2   2   3   4   1   2  20  10  12   1   0   4  0.32 0.18
   38 K    0 -1  0  1 -2  0  1  2 -1 -3 -3  1 -3  1  1  0 -1  0 -1 -3    7   2   4   7   1   4   9  22   1   1   2  10   0   9   9   6   2   1   2   1  0.24 0.15
   39 Q    0  0  1  1 -4  3  2 -1 -1 -1 -2  0 -1 -3  2  0  1 -4 -3 -1    6   4   5   8   0  17  12   5   1   3   3   5   1   1  10   6   8   0   0   4  0.27 0.17
   40 P   -2 -4 -1 -1 -4 -3 -2 -4 -4  0  2 -1 -1 -1  5 -1 -2 -5 -2  1    2   0   2   3   0   1   3   1   0   5  23   3   1   2  36   4   2   0   1  11  0.80 0.36
   41 S   -1 -2  3  1 -3 -2 -1  1 -2 -2 -3  0 -4 -4  3  2  1 -6 -4 -3    4   1  18   6   0   1   3  11   0   2   2   6   0   1  18  14  10   0   0   1  0.49 0.28
   42 F   -3 -5 -4 -6 -5 -5 -4 -5 -3 -1 -1 -5 -2  7 -3 -1 -2 -2  1  3    1   0   0   0   0   0   1   0   0   1   4   0   1  55   1   6   2   0   4  21  1.41 0.56
   43 R   -1  3  1  0 -5  1  0 -2  0 -3 -4  4 -3 -3 -2 -1 -1 -5 -2 -2    4  17   7   5   0   6   5   2   2   1   0  36   0   1   2   4   3   0   2   2  0.65 0.35
   44 Q   -3 -1 -3 -5 -6  6 -2 -4  4 -3  1 -2  2 -4 -5  1 -2 -2 -4 -3    1   3   0   0   0  49   0   1  12   1  13   0   5   1   0   9   2   0   0   1  1.23 0.62
   45 Y   -3 -5 -6 -4 -5 -4  1 -7  3 -3 -4 -5 -2  3 -7 -4 -5  4  8 -4    2   0   0   1   0   0  11   0   6   2   1   0   1  12   0   1   0   5  57   1  1.89 0.72
   46 S    3 -4 -3 -4 -3 -2 -4 -2 -2 -3 -5 -3 -5 -6 -3  5  3 -6 -4 -3   23   0   0   0   0   1   0   2   1   1   0   1   0   0   1  50  18   0   1   1  1.18 0.59
   47 G   -4 -4 -5 -4 -7 -6 -6  7 -7 -8 -8 -6 -7 -8 -7 -3 -4 -8 -8 -8    0   1   0   1   0   0   0  96   0   0   0   0   0   0   0   1   1   0   0   0  2.73 0.91
   48 Y   -5 -4 -5 -7 -7 -2 -7 -8  3 -6 -4 -6 -4  3 -7 -4 -3  1  9 -4    0   1   0   0   0   2   0   0   6   0   2   0   0   9   0   1   2   2  74   1  2.58 0.91
   49 L   -2 -6 -5 -5 -3 -5 -6 -4 -6  4  4 -6  0  1 -6 -5 -3 -5 -2  3    2   0   0   0   0   0   0   1   0  22  39   0   2   6   0   0   0   0   1  25  1.03 0.45
   50 R   -2  0  2  4 -5  0  1 -1 -1 -5 -4  1 -3 -3  0  0  2 -6 -3 -3    2   5  11  25   0   4   8   5   1   0   1   7   0   1   5   6  17   0   1   1  0.52 0.30
   51 A    2 -4 -3 -4 -4 -4 -3 -1 -2  2  0 -4 -2 -3 -1 -2  0 -5 -4  5   16   0   1   1   0   0   1   5   1  13   6   1   0   1   3   3   4   0   0  44  0.68 0.37
   52 S    0 -2  3  3 -1 -1  0  1 -1 -4 -3  0 -4 -3 -2  2  1 -4 -3 -3    6   1  16  19   1   2   4  13   1   1   2   4   0   1   2  18   8   0   0   2  0.43 0.26
   53 D    0 -2  2  3 -4  0  4 -1  1 -5 -5  1 -4 -5  1  0  0 -6 -4 -4    7   1  11  21   0   3  26   4   3   0   1   7   0   0   6   5   4   0   0   1  0.63 0.32
   54 S    0 -1  2  2 -3 -1  0  3  0 -2 -4  1 -3 -4 -2  1  1 -5 -4 -2    8   3  10  10   0   2   7  22   2   2   1   8   0   0   1  12  10   0   0   2  0.35 0.21
   55 K   -2  3  2  0 -4  1  1  0  1 -3 -4  3  0 -4 -3  0  0 -3 -4 -3    2  21   9   4   0   5   7   7   4   1   1  21   3   0   1   7   5   0   0   1  0.46 0.27
   56 H    0  0  2 -2 -5  2  1 -3  6 -4 -3  0 -1  0 -3  0 -1 -1  1 -2    9   4  11   1   0  10   8   1  25   0   2   5   2   4   1   7   3   1   4   4  0.55 0.31
   57 F   -3 -5 -4 -6 -4 -4 -4 -5 -2  1  4 -5  3  3 -5 -3  0 -2  3 -1    1   0   1   0   0   0   1   0   1   6  53   0   8  11   0   1   6   0   9   2  0.92 0.41
   58 H   -5 -4 -5 -5 -5 -2 -4 -6  5 -3 -1 -3 -3  7 -5 -4 -4  3  2 -4    0   1   0   0   0   1   1   0  16   1   5   2   0  59   0   1   0   4   6   0  1.77 0.61
   59 Y   -6 -4 -6 -5 -6 -6 -6 -7 -2 -5 -3 -4 -5  5 -7 -4 -3  0  8 -5    0   1   0   1   0   0   0   0   0   0   1   1   0  29   0   1   1   1  63   0  2.50 0.81
   60 W   -5 -5 -1 -7 -7 -4 -4 -6 -2 -5 -3 -6 -1  0 -7 -6 -5 10  6 -3    1   1   3   0   0   1   1   0   1   0   2   0   2   3   0   0   0  55  27   2  2.87 0.88
   61 F   -4 -6 -1 -7 -6 -4 -6 -6  0 -4  1 -6  0  8 -7 -5 -4 -3  3 -3    1   0   3   0   0   1   0   1   2   0  14   0   2  67   0   0   0   0   8   1  1.93 0.68
   62 V    0 -5 -4 -5 -3 -3 -1 -6 -3  1 -1 -5  0  5 -4 -3 -1  0  0  4    6   0   1   0   0   1   4   0   0   8   2   0   2  35   0   2   3   1   2  32  0.92 0.42
   63 E   -2 -3 -3 -1 -7  1  6 -4 -2 -5 -4 -1 -3 -5  1 -3 -2 -6  0 -4    2   1   0   1   0   5  70   1   1   0   2   3   1   0   6   1   2   0   3   1  1.50 0.63
   64 S    3 -2 -1 -4 -1 -2 -3 -3 -3 -5 -6 -3 -5 -4 -2  6 -2 -6 -2 -5   26   2   2   0   1   1   1   1   0   0   0   1   0   1   2  61   1   0   2   0  1.33 0.62
   65 Q   -1  4 -1 -1 -6  4  3 -4 -1 -4 -3  0 -2 -5 -1 -2 -2  2 -4 -2    4  27   2   3   0  21  23   0   1   1   2   3   1   0   3   2   2   3   0   2  0.79 0.41
   66 N   -1  2  5  0 -3  0  0  1  2 -3 -4  1 -3 -4 -3  1  0 -5 -3 -3    4  12  30   5   0   4   4   9   5   1   1   7   0   0   0   8   7   0   1   1  0.55 0.30
   67 D   -2 -1  4  5 -5 -1  0 -2 -2 -3 -4  1 -3 -4 -2  1 -1 -3 -4 -4    3   2  23  36   0   2   3   2   1   2   1   9   0   0   2   9   4   0   0   1  0.79 0.34
   68 P    1 -3 -3 -1 -6 -3 -1 -3 -3 -4 -5 -2 -5 -5  7  0 -2 -2 -4 -4   11   1   1   3   0   1   3   1   0   1   1   1   0   0  67   6   2   1   0   1  1.83 0.57
   69 K    2 -1  0  1 -2  1  2 -1  1 -3 -2  1 -2 -3 -1  2  0 -3 -2 -2   19   2   4   9   1   5  14   3   3   1   2  10   1   0   1  19   4   0   1   1  0.29 0.17
   70 N   -1  0  4  1 -4  0  1 -2  0 -3 -2  1 -3 -3 -3  2  2  0 -3 -3    2   4  25   6   0   3   8   1   1   1   3  10   0   0   1  15  17   2   0   0  0.46 0.25
   71 S    2 -1 -1  5 -4 -1 -1 -3 -2 -4 -2  1 -3 -5 -2 -1 -1 -6 -4 -1   18   2   1  50   0   2   1   0   0   0   3   9   0   0   1   4   2   0   0   5  0.79 0.32
   72 P   -2 -2 -3  0 -5 -3 -2 -4 -1 -5 -5 -2 -4 -5  8 -2 -3 -6 -5 -4    1   2   1   5   0   0   1   0   2   0   1   1   0   0  82   2   1   0   0   0  2.44 0.58
   73 V   -3 -4 -5 -5 -3 -4 -5 -5 -1  2  4 -4  1  0 -5 -4 -1 -4 -3  3    0   0   0   0   0   0   0   0   1   9  58   0   1   4   0   0   3   0   0  23  0.88 0.32
   74 V    0 -4 -3 -4 -3 -3 -4 -4 -4  3  2 -3  2  1 -4 -2  1 -4 -2  3    5   0   1   0   0   0   0   1   0  21  19   0   4   5   0   2  11   0   0  31  0.51 0.22
   75 L   -3 -4 -5 -6 -3 -4 -5 -6 -5  2  4 -4  2  1 -5 -3 -2  0 -2  1    1   0   0   0   0   0   0   0   0  13  63   0   4   5   0   1   2   1   1  10  0.92 0.33
   76 W   -6 -6 -7 -7 -6 -5 -1 -7 -2 -6 -5 -6 -5  0 -8 -6 -6 11  1 -3    0   0   0   0   0   0   4   0   1   0   0   0   0   3   0   0   0  88   3   1  3.96 0.87
   77 L   -1 -4 -5 -5 -3 -1 -4 -4 -4  1  4 -4  2  2 -5 -3  0 -3 -1 -1    4   0   0   0   0   2   0   1   0   6  63   0   5   9   0   1   7   0   1   1  0.80 0.32
   78 N   -3 -3  6 -1 -5  0 -2 -2 -1 -4 -4 -2 -4 -5  0  0  2 -6 -4 -4    1   0  62   1   0   4   1   1   1   1   2   0   0   0   5   6  15   0   0   1  1.25 0.46
   79 G   -1 -2 -3 -2 -6 -2 -4  6 -5 -7 -7 -4 -6 -6 -5 -1 -4 -6 -6 -6    4   2   0   2   0   2   0  88   0   0   0   0   0   0   0   3   0   0   0   0  1.98 0.55
   80 G   -2 -2 -3 -4 -6 -4 -2  6 -5 -6 -6 -1 -5 -6 -5 -3 -4 -6 -6 -2    2   2   0   0   0   0   2  87   0   0   0   4   0   0   0   0   0   0   0   4  1.90 0.54
   81 P   -3 -2 -2 -1 -6  0 -4 -1 -4 -5 -3 -4 -4 -1  7 -2 -3 -7 -5 -1    0   2   1   3   0   4   0   4   0   0   2   0   0   3  72   3   1   0   0   4  1.97 0.55
   82 G    0 -1 -3 -2 -5 -4 -4  6 -1 -6 -6 -4 -5 -6 -5 -1 -1 -6 -6 -4    5   5   0   1   0   0   0  79   2   0   0   0   0   0   0   2   5   0   0   1  1.63 0.49
   83 C    0 -3 -4  0  9 -4 -3 -2 -4 -3 -3 -4 -1  0 -4  0 -2 -4 -2 -2    7   2   0   5  60   0   1   4   0   0   1   0   1   5   0   7   2   0   1   2  1.57 0.45
   84 S   -1 -2 -1 -1 -4 -2 -2 -2 -3 -4 -4  0 -4 -4  0  6  0 -5 -4 -4    2   2   2   3   0   0   0   2   0   0   1   4   0   0   3  76   3   0   0   0  1.23 0.47
   85 S    1 -3 -2 -3 -3 -2 -2  0 -3 -3 -4 -3 -1 -2 -3  5  0 -4 -4 -1    8   0   0   0   0   0   0   8   0   0   1   0   2   2   0  68   3   0   0   5  1.03 0.41
   86 L   -1 -3 -3 -1 -3 -2 -2 -3 -3  2  3 -3  4  1 -3 -1 -1 -1 -1  1    6   0   0   4   0   1   2   1   0  10  36   0  16   5   0   5   4   1   1   7  0.38 0.19
   87 D    0 -1  0  1 -2 -1  0  1 -1  0  0 -1  0  0 -1  1  0  0  1 -1    8   2   3  10   1   1   4  12   1   5  12   1   2   3   2  16   6   1   6   4  0.07 0.06
   88 G    1 -2 -3 -2 -4 -2 -3  6 -4 -5 -5 -1 -4 -2 -3  0 -2 -5 -3 -4   12   1   0   1   0   1   0  66   0   0   0   4   0   2   1   7   1   0   1   0  1.18 0.38
   89 L    1 -3 -1 -4 -2 -2 -2 -3 -3  0  4 -3  2  2 -2 -2 -2  1 -1  0   15   0   4   0   1   1   2   2   0   3  45   0   5   9   2   1   1   2   1   4  0.41 0.24
   90 L    0 -4 -2 -5 -3 -4 -4 -3 -3  0  3 -4  2  5 -4 -2 -2  0  2  0    8   0   2   0   0   0   1   1   0   2  28   0   5  34   0   1   1   1   5   8  0.65 0.30
   91 T   -1 -2 -1 -1 -2  1  0 -2 -1 -1 -1 -2  2  2 -3  1  2 -1  2 -1    5   1   2   2   0   7   8   3   1   2   5   1   7  12   0  11  19   1   8   3  0.19 0.19
   92 E   -3 -3 -1 -2 -6  1  6  0 -3 -3 -5 -2 -5 -4 -4 -1  0 -6 -5 -4    1   0   2   0   0   4  67   7   0   1   1   1   0   0   0   4   6   0   0   1  1.30 0.59
   93 H   -3 -3  3  0 -3 -1 -2 -3  5  2  1 -3  2 -1 -4 -3 -2 -2 -1  0    1   0  21   4   0   2   1   1  19  16  16   0   6   2   0   0   1   1   1   4  0.54 0.33
   94 G   -2 -5 -2  0 -6 -5 -5  6 -1 -7 -7 -5 -6 -6 -5 -3 -5 -1 -6 -6    2   0   2   4   0   0   0  84   2   0   0   0   0   0   0   1   0   1   0   0  1.98 0.68
   95 P   -3 -5 -3 -1 -7 -3 -3 -3 -5 -7 -4 -5 -6 -7  8 -4 -5 -8 -4 -6    1   0   1   4   0   1   2   2   0   0   2   0   0   0  83   1   0   0   1   0  2.59 0.84
   96 F   -1 -5 -5 -5  6  0 -5 -3 -4 -1  0 -5 -1  6 -5 -2 -3  0  2 -2    4   0   0   0  18   4   0   2   0   2   9   0   1  43   0   2   1   1   7   2  1.02 0.44
   97 L   -1  3  0 -3 -3 -1 -2 -3  1 -1  0  1  1  0 -3  0  1  2  1  0    5  18   4   1   0   2   1   1   5   3  11   6   4   4   0   6  11   4   5   8  0.15 0.15
   98 I    0 -3 -3 -5 -2 -4 -4 -4 -4  3  1 -3  0  2  1 -2 -1 -2 -1  4    7   1   1   0   0   0   1   1   0  20   9   1   2   9   7   2   2   1   2  36  0.56 0.29
   99 Q   -2  1  4  2 -5  2  1 -2  0 -4 -3  2 -1 -4 -2  0  1 -6 -4 -2    3   7  25  10   0   8   9   2   2   1   2  11   1   0   1   5  10   0   0   2  0.52 0.33
  100 P    0 -1  0  2 -5 -1  0 -1 -2 -2 -3  1 -2 -2  4  0  0 -5  0 -2    8   3   5  12   0   3   7   4   1   2   2   9   1   2  24   8   4   0   4   2  0.45 0.26
  101 D   -2 -3  4  6 -6 -2  1 -1  0 -6 -6 -2 -6 -4 -3  0 -1 -3 -2 -5    3   1  19  44   0   1   8   6   2   0   1   2   0   1   1   6   3   0   1   1  1.11 0.54
  102 G   -1 -2  2 -1 -4 -2 -2  5 -3 -4 -4 -2 -2 -3 -4  1 -1 -4  0 -3    5   2   8   3   0   2   2  51   1   1   2   2   1   1   1   9   3   0   4   2  0.86 0.40
  103 V    0  0  1  0 -3  0  0 -1  0 -1  0  1  0 -1  0  1  1 -3  0 -1   10   4   7   4   0   2   5   3   2   3  13  12   2   2   3   9   9   0   4   4  0.09 0.09
  104 T    0 -1  0 -1 -4  0 -1  0 -2 -1 -2  1 -2 -4 -2  2  4 -6 -3 -1    5   2   5   3   0   4   3   8   1   3   3   8   1   0   1  13  35   0   1   3  0.49 0.34
  105 L   -3 -5 -4 -4 -5 -4 -4 -6  0  0  5 -4  1  0 -1 -3  2 -5 -3  1    1   0   1   1   0   0   1   0   2   5  55   1   3   4   3   1  12   0   1   8  0.91 0.46
  106 E   -1  1 -1 -1 -3  1  1 -2  0 -1 -1  1 -1  1 -2  0  1 -1  2  1    3   8   2   3   0   8  12   2   2   3   5   8   1   5   2   5   9   1  10  11  0.15 0.15
  107 Y   -2  1 -2 -1 -3 -1  1 -4  2  0  1  0 -1  0  0 -1 -1  2  3  0    2  10   2   2   0   1  11   1   6   4  17   6   1   4   4   3   3   3  15   6  0.23 0.19
  108 N   -4  0  8 -3 -7 -4 -4 -5 -1 -7 -5 -3 -6  0 -7 -2 -2 -8 -3 -6    1   4  80   1   0   0   0   1   1   0   1   1   0   4   0   2   2   0   1   1  2.40 0.98
  109 P   -3 -3 -2  1 -6 -1  1 -4 -2 -2 -4  1 -4 -1  6 -1 -2 -7 -3 -2    2   1   2   8   0   2   9   1   1   2   1   8   0   3  48   4   2   0   1   2  1.19 0.57
  110 Y   -4 -5  0 -3 -5 -3 -3 -2  4 -4 -4 -5  0  4 -5 -4 -3  4  7 -2    1   0   5   2   0   1   1   3  11   0   1   0   2  15   0   1   1   6  44   3  1.54 0.66
  111 A    2 -3 -2 -5 -5 -4 -4 -1 -5 -6 -5 -1 -5 -4 -2  6 -1 -7 -4 -3   16   1   1   0   0   0   0   4   0   0   1   3   0   1   2  65   3   0   0   2  1.40 0.71
  112 W   -7 -7 -8 -8 -7 -4 -8 -6 -7 -7 -4 -6 -6 -4 -2 -7 -5 12  1 -7    0   0   0   0   0   1   0   1   0   0   1   1   0   1   2   0   1  88   4   0  4.53 1.42
  113 N   -2 -4  7 -2 -4 -3 -3 -4  0 -4 -6 -2 -5 -4 -3  0  3 -7 -3 -5    4   1  59   2   0   1   1   0   2   1   0   2   0   1   2   6  18   0   1   1  1.62 0.74
  114 L   -2  1  3 -3 -6  1  1 -4  0 -3 -2  5 -3 -1 -4  0  0 -6 -3 -3    2   6  14   1   0   6   7   0   2   1   5  38   0   3   0   6   6   0   1   2  0.69 0.42
  115 I    0 -1  2 -3 -3 -1  1 -4  0  1 -1  0  0  1 -3 -2 -1 -4  0  4    6   3  10   1   0   2   9   1   2   8   4   5   3   8   1   1   3   0   2  31  0.34 0.27
  116 A    6 -5 -1 -6 -3 -3 -5 -3 -1 -4 -5 -4 -4 -2 -3  2 -2 -7 -4 -1   68   0   3   0   1   1   0   1   1   0   1   0   0   2   1  15   1   0   0   4  1.45 0.73
  117 N   -5 -5  8 -3 -7 -4 -5 -5  1 -6 -6 -3 -7 -4 -5  2 -2 -4 -5 -7    0   0  72   1   0   0   0   0   3   0   0   1   0   1   0  16   2   0   0   0  2.25 0.95
  118 V   -4 -6 -5 -4 -5 -5 -6 -7 -6  4  2 -6  6 -3 -6 -2 -3 -6 -2  4    0   0   0   1   0   0   0   0   0  25  16   0  20   1   0   3   1   0   2  31  1.22 0.56
  119 L   -4 -5 -4 -7 -5 -6 -7 -7 -6  4  5 -6  0  2 -5 -6 -5 -6 -4  0    1   0   1   0   0   0   0   0   0  28  55   0   1   7   0   0   0   0   0   6  1.43 0.61
  120 Y   -3 -7 -7 -7 -4 -6 -5 -7 -2 -3 -3 -7 -4  7 -7 -6 -5  3  7 -3    2   0   0   0   0   0   1   0   1   1   1   0   0  46   0   0   1   3  42   1  2.34 0.87
  121 I   -4 -6 -7 -7 -5 -6 -6 -7 -6  4  4 -6  0 -1 -6 -6 -4 -1 -5  3    0   0   0   0   0   0   0   0   0  27  49   0   2   2   0   0   0   1   0  19  1.37 0.58
  122 E   -3 -5 -3  6 -8 -3  5 -6 -3 -7 -7 -3 -6 -4 -4 -2 -5 -8 -5 -7    1   0   0  52   0   0  40   0   0   0   0   1   0   1   1   2   0   0   0   0  1.96 0.80
  123 S    1 -4  0 -4 -4  5 -1 -4 -4 -3 -4 -3 -1 -3 -5  5 -1 -6 -4 -5    9   0   4   0   0  32   2   1   0   1   1   0   1   1   0  43   2   0   0   0  1.24 0.66
  124 P   -5 -7 -4 -7 -8 -6 -6 -7 -7 -8 -5 -6 -7 -3  8 -3 -6 -8  0 -7    0   0   1   0   0   0   0   0   0   0   1   0   0   1  91   2   0   0   3   0  3.21 1.14
  125 A    3 -1 -4 -4 -3 -4 -4 -1 -3  1 -1 -2 -2 -2 -2 -1 -1 -5 -1  4   33   3   0   0   0   0   0   5   1   8   3   2   0   1   1   3   4   0   2  33  0.63 0.39
  126 G   -4 -3  1 -2 -4 -1 -4  6 -5 -7 -7 -4 -4 -4 -4 -3 -3 -7 -7 -5    1   1   6   2   0   3   1  79   0   0   0   1   0   1   1   1   1   0   0   1  1.93 0.76
  127 V    0 -6 -5 -6 -5 -5 -5 -6 -6  1 -2 -5 -3 -5 -6 -2  4 -6 -5  6    8   0   0   0   0   0   0   0   0   6   2   0   0   0   0   3  23   0   0  57  1.40 0.65
  128 G   -4 -7 -5 -4 -7 -6 -5  7 -6 -8 -5 -6 -7 -1 -7 -4 -1 -7 -7 -6    0   0   0   1   0   0   0  90   0   0   1   0   0   3   0   0   3   0   0   1  2.47 0.89
  129 F   -6 -7 -7 -7 -6 -7 -7 -7 -3 -3  0 -7 -1  8 -3 -6 -6  3  4 -3    0   0   0   0   0   0   0   0   0   1   7   0   1  67   1   0   0   3  16   2  2.29 0.81
  130 S   -3 -5 -4 -4 -6 -4 -2 -5 -5 -7 -7 -4 -4 -5 -5  7 -2 -7 -6 -4    1   0   0   1   0   0   2   0   0   0   0   0   0   1   0  93   1   0   0   1  2.37 0.99
  131 Y   -5 -6 -4 -7 -4 -4 -6 -4  1 -4 -3 -3  0  3 -6 -5 -3 -1  8 -3    0   0   1   0   0   0   0   2   3   1   2   1   3  10   0   0   2   0  72   1  2.39 0.87
  132 S    1 -1  0 -1  0 -1 -3  0 -2 -3 -3 -1 -4 -5 -4  4  2 -6 -3 -2   13   3   4   2   2   3   1   7   1   2   2   4   0   0   0  43  11   0   1   2  0.66 0.40
  133 D   -1 -1  4  4 -5 -1  1 -2 -2 -4 -4  1 -4 -5 -2  0  1 -6 -5 -1    4   3  25  23   0   2   8   3   1   0   1   8   0   0   2   6  10   0   0   4  0.63 0.34
  134 D   -2 -2  3  4 -5 -1  1 -1  1 -3 -4 -1  0 -4 -1  1  2 -2 -3 -4    2   1  15  30   0   2   8   4   3   2   1   3   3   0   3   9  12   1   1   1  0.59 0.32
  135 K   -1  0  0  1 -5  2  1  2 -1 -4 -3  3 -3 -4  0  0  0 -5 -4 -3    3   4   4   8   0   8  10  17   1   1   2  20   0   0   5   8   6   0   0   1  0.37 0.22
  136 M    0 -1  1  1 -1  0  0  1 -1  0  0  0  0  0 -2  1  0 -3 -1  1    6   3   9   7   1   3   4   9   1   4   8   4   2   4   1  14   5   0   1  12  0.07 0.07
  137 Y   -1 -3 -1 -1 -2 -3 -3 -2  1  0 -2 -1 -3  2 -3 -2 -1  0  7 -1    4   1   3   4   1   1   2   4   4   5   4   4   0   7   1   3   4   1  45   3  0.89 0.41
  138 V    1 -2  0 -1 -1 -1 -1 -3 -1  1 -1  0  0 -2  0  0  2 -2  1  2   12   2   5   2   1   2   2   1   1   9   6   5   2   1   3   7  16   1   5  18  0.15 0.14
  139 T   -1 -1  1 -1 -2 -2 -3 -3 -1 -1 -2 -1 -2 -2 -1  1  5  1 -1  0    4   3   7   3   1   1   1   1   1   3   2   4   1   2   3  10  43   2   2   6  0.60 0.36
  140 N   -2 -2  5  2 -1 -2 -1  1  1  0 -4 -3 -4 -3 -3  2  1 -3 -3 -3    2   2  31  11   1   1   3  12   3   6   1   1   0   1   1  14   8   0   1   1  0.61 0.33
  141 D    0  0  1  0 -3  1  0  0  1  0 -1  0  1  0  1  0  0 -3 -2  0    6   6   6   6   0   6   6   6   6   6   6   6   6   6   6   6   6   0   0   6  0.06 0.07
  142 T    0  0  0  0 -3  1  0  0  1  0 -1  0  1  0  1  0  0 -3  1  0    6   6   5   6   0   5   6   6   5   6   6   6   5   5   6   6   6   0   5   6  0.05 0.06
  143 E    0  0  1  0 -3  1  0  0  2  0 -1  0  1 -2  1  0  0 -3  1  0    6   6   6   6   0   6   6   6   6   6   6   6   6   0   6   6   6   0   6   6  0.07 0.08
  144 G    0  0  0  0 -3  1  0 -1  2  0 -1  0 -2  0  1  0  0  3  1  0    6   6   5   6   0   5   6   6   5   6   6   6   0   5   6   6   6   5   5   6  0.07 0.08
  145 L    0 -1  0  0  1  0 -1 -3 -2  1  1 -1  1  0 -1 -1  0 -3  0  1   10   4   6   6   3   4   3   0   0   9  12   3   4   4   3   4   7   0   4  15  0.08 0.11
  146 A    4 -1 -1  2 -4 -1  0 -1  0 -1 -2 -3  0 -4 -3  1  1 -4  0 -1   36   3   3  12   0   3   5   4   2   3   4   0   3   0   0   8   8   0   3   3  0.37 0.33
  147 V    1 -1  0 -1 -3  0 -1 -1 -1  1  1 -1  1 -1 -3 -2  0 -3  0  2   15   3   4   4   0   4   2   3   2   9  14   3   5   2   0   0   5   0   3  22  0.14 0.17
  148 G    0  0  1  2 -4  0  0  3  0 -4 -2  0 -3 -3 -3  1 -2 -4  0 -2    7   5   7  12   0   4   4  30   2   0   4   7   0   0   0  11   0   0   4   2  0.37 0.25
  149 N   -4 -1  6  3 -6 -3  0 -2  0 -6 -6 -3 -5 -2 -1  1  1 -6  0 -5    0   3  44  19   0   0   5   2   2   0   0   0   0   2   3   8   7   0   3   0  1.04 0.54
  150 G    1 -1  1  0 -4 -1 -2  3  0 -3 -3 -1 -1  2  1  1 -2 -3  1 -2   13   3   7   5   0   1   2  25   2   0   0   2   2  11   7  11   0   0   6   2  0.33 0.24
  151 L   -3  0 -4 -3 -1 -3 -2 -5 -4  2  4 -3  3  1 -5 -2 -1  0  0  0    0   6   0   2   2   0   3   0   0   9  49   0   9   6   0   3   4   1   3   4  0.61 0.35
  152 A    2 -1 -2 -1  0  0 -1 -3  1 -1  0 -1  2  0 -1  0  2 -4 -2  0   26   3   0   3   2   4   3   0   3   2   6   4   6   3   3   6  17   0   1   8  0.22 0.22
  153 S    1 -3  1  2 -2  0 -1 -2  0 -1 -1 -1  0  0 -1  3  0 -5 -3 -3   13   0   8  16   1   3   2   2   2   4   5   3   3   4   2  29   4   0   0   0  0.34 0.27
  154 Y    0 -2 -2 -2 -4 -3 -1 -3 -2 -1  0  0 -1  5  1 -1 -3  2  4 -1   10   1   2   2   0   0   4   1   0   3   7   5   1  27   6   3   0   3  21   4  0.53 0.32
  155 E    0 -1  0  1  0  1  3 -3 -2 -2 -1  0 -2  1  1 -2  0  0  0 -2    9   3   4   8   3   7  27   0   0   2   6   6   0   8   8   0   4   2   3   2  0.29 0.22
  156 Q    0 -1 -1  0 -4  4  0 -4 -1  1  1  0  1  0  0 -1 -1 -4 -1 -2    8   2   2   5   0  26   6   0   1   8  13   5   5   5   4   4   2   0   2   1  0.28 0.25
  157 N   -2  0  6  1 -5  1 -1 -3  2  0 -2 -2 -3  1 -4 -1 -3 -5 -1 -1    4   5  43   8   0   7   3   0   5   7   3   0   0   6   0   2   0   0   2   4  0.72 0.41
  158 D   -2  0  1  4 -4  1  2 -2  1 -1 -1  1 -2  1 -3 -1 -1 -4  1 -2    2   5   6  26   0   5  12   2   4   3   7   8   0   6   0   4   2   0   6   3  0.30 0.20
  159 N   -2 -1  6  3 -5  0  0 -3 -2 -4 -3  0 -4  1 -1 -1 -1 -5 -4 -3    2   2  46  17   0   4   4   0   0   0   3   5   0   7   3   3   2   0   0   1  0.90 0.44
  160 S    0  0  0 -3 -3 -2 -1 -1 -3 -3  0 -2 -2  1 -3  4  2  3 -1 -3    8   5   3   0   0   0   3   3   0   0  10   0   0   7   0  42  11   5   1   0  0.52 0.34
  161 L   -2  0 -3 -1 -4 -1 -2 -4 -1  1  4 -2  0  3 -4 -1 -3 -3  0 -1    1   7   0   5   0   2   2   0   1   8  45   2   1  15   0   5   0   0   3   2  0.46 0.28
  162 V   -1  0 -1 -4 -3 -1 -2 -5 -4  3  2 -1  1 -2 -4 -3 -1 -4 -3  3    3   4   4   0   0   3   2   0   0  23  18   5   2   0   0   0   3   0   0  32  0.50 0.29
  163 Y   -3  0 -3 -1 -5  0 -2 -3 -2 -3 -2  0 -3  1  2 -3  1  5  6 -1    0   5   0   4   0   4   1   2   0   0   2   6   0   6  11   0  10  10  35   4  0.78 0.38
  164 F   -4 -5 -1 -5 -5 -5 -2 -2 -3 -1 -1 -1 -3  7 -6 -4 -4  2  4 -1    0   0   3   0   0   0   2   3   0   2   4   4   0  58   0   0   0   2  16   4  1.36 0.53
  165 A    3 -3 -2  0 -3 -2 -1  0 -3 -2 -2 -1  0  0  2  1  2 -4 -1 -1   35   0   0   4   0   0   4   7   0   1   3   3   2   5   9   7  14   0   2   5  0.34 0.24
  166 Y   -1  0 -1  0 -5  0 -2 -2  3 -4 -2 -2 -3  1 -5 -2 -3  4  7 -4    7   6   2   6   0   4   2   3   8   0   3   2   0   3   0   2   0   7  45   0  0.97 0.43
  167 Y   -4 -2 -4 -4  2 -2 -4  0  3 -4 -4 -2 -4  4 -1 -2 -2 -1  7 -4    0   2   0   1   5   1   0   9   6   0   0   2   0  18   3   3   2   0  49   0  1.27 0.51
  168 H   -3  1 -2 -4 -5 -2 -1  0  8 -4 -3  0  1 -2  2  0 -3 -5 -1 -2    0   8   0   0   0   0   2   7  47   0   2   6   4   2  11   6   0   0   1   3  1.10 0.46
  169 G    0  0 -3 -3 -5  0 -1  6  0 -6 -6 -1 -5 -6 -4 -2 -1 -6 -5 -5    5   6   0   0   0   5   4  70   3   0   0   3   0   0   0   1   3   0   0   0  1.31 0.46
  170 L   -3 -4  0 -4 -3 -3 -1 -5 -3  2  3 -4  1  2 -4 -3 -2 -2  3  2    0   0   6   0   0   0   4   0   0  12  40   0   2   8   0   0   0   0  12  15  0.55 0.25
  171 L   -3  0 -5 -5 -4 -4 -5 -6 -3  4  3 -3  0  3  0 -4 -3 -2  3  0    0   7   0   0   0   0   0   0   0  30  29   0   0  18   5   0   0   0  11   1  0.68 0.28
  172 G   -1 -2  1  1 -4  0 -1  3 -3 -3 -4  1 -3 -4 -1  3  0 -5 -4  0    0   0   5   9   0   3   1  31   0   0   0   9   0   0   2  28   4   0   0   8  0.51 0.23
  173 N   -1 -1  4  3 -5  0  2 -2  3 -4 -2 -1 -3 -4  2 -1  0 -5 -3 -4    2   1  25  19   0   2  14   1   8   0   4   3   0   0  10   3   8   0   0   0  0.58 0.23
  174 R   -1  3  0  0 -4  2  3 -2 -2 -4 -4  1 -3 -4  2  0  1 -5 -4 -3    3  19   4   5   0  11  20   1   0   0   0   9   0   0  12   7  11   0   0   0  0.54 0.21
  175 L    0 -3 -1 -2 -3  0 -3 -4 -3  0  4 -3  1  1 -4 -2 -1 -3 -2  0    7   0   3   2   0   6   0   0   0   0  63   0   1   7   0   3   2   0   0   6  0.62 0.27
  176 W   -4 -5 -5 -6 -4 -4 -5 -5 -3 -3 -1 -5 -3  3 -5 -4  0 10  5 -1    0   0   0   0   0   0   0   0   0   0   4   0   0  13   0   0   6  49  20   6  2.01 0.48
  177 T    1 -1  2 -1 -3  0  1  0 -1  0  0  0  0 -1 -2  0  1 -4 -3 -1   17   2  13   1   0   2  11   5   1   9   9   6   3   2   0   5  11   0   0   1  0.14 0.10
  178 S    1  1  1  2 -3  0  0 -1 -2 -2 -2  0 -2 -4 -2  3  1 -5 -3 -3   16   8   8  13   0   2   5   3   0   1   4   6   0   0   0  28   6   0   0   0  0.37 0.18
  179 L    0 -3 -4 -4 -3 -3 -4  1 -4  1  4  0  1 -2 -4 -3 -2 -4 -3  1   10   0   0   0   0   0   0  13   0   5  52   6   3   0   0   0   0   0   0  11  0.50 0.23
  180 Q   -2  0  2 -1 -4  4  2 -2  2 -1  0  1 -1 -3 -3 -1  0 -4 -3  0    0   2  15   0   0  24  16   2   5   2   9   8   1   0   0   0   7   0   0  10  0.39 0.20
  181 T    0  1  1  0 -3  1  0  0  0  1 -1  2 -1 -3 -2  1  0 -4 -1 -1    9   9   7   3   0   5   3   6   2  12   3  16   1   0   0  14   5   0   2   2  0.15 0.09
  182 H    1 -2  3  0 -4  1 -1 -3  3 -4 -3  1 -3  0 -3  1 -1 -2  4 -3   17   0  15   4   0   6   2   0   9   0   0   8   0   3   0  10   3   0  23   0  0.47 0.21
  183 C    1 -6  0 -6 10 -5 -6 -5 -6 -3 -4 -5 -4 -5 -5 -3 -3 -6 -5  0   13   0   5   0  76   0   0   0   0   0   0   0   0   0   0   0   0   0   0   6  2.34 0.55
  184 C    0 -5 -1 -5  9 -4 -5 -4 -5  0 -3 -4 -3 -4 -4 -3 -3 -4 -4 -2    9   0   4   0  76   0   0   0   0   7   0   0   0   0   0   0   0   0   0   0  2.00 0.37
  185 A    2 -1  0  1 -2  1  0  0  2 -2 -2  0 -2 -2  0  2  1 -3  0 -1   20   1   2   7   0  10   3   6   6   0   3   4   0   0   4  20   6   0   3   4  0.21 0.07
  186 Q    1 -1  1  1 -3  2  1  2 -1 -3 -3  0 -2 -3 -2  1 -1  5 -1 -3   11   2   7   8   0  15   6  19   0   1   1   4   0   0   1  11   1  10   2   1  0.35 0.10
  187 N   -1 -1  3  1 -3  0  2  3  0 -3 -3  0 -3 -3 -2  1 -1 -4 -3 -3    1   1  21   8   0   2  15  27   2   1   1   6   0   0   1   9   3   0   0   2  0.47 0.11
  188 K   -1  2  0 -2 -3  1  1 -3  0 -1 -2  3 -2  1 -2  0  0 -3  0  0    0   9   4   0   0   3   9   0   2   4   0  32   0  10   0   8   7   0   2   7  0.29 0.11
  189 C    1 -4 -4 -4  9 -4 -4 -1 -4 -3 -3 -4 -3 -4 -4  0  0 -4 -4 -3   10   0   0   0  69   0   0   6   0   0   0   0   0   0   0   8   4   0   0   0  1.70 0.33
  190 N   -2 -1  5  3 -4  2  0 -3  1 -3 -1 -1  2 -3 -3  0 -1 -4 -3 -2    0   2  37  15   0  12   4   0   3   0   8   2   9   0   0   4   2   0   0   2  0.56 0.18
  191 F    0 -4 -5 -5 -4 -4 -5 -5 -2  1 -1 -4  1  7 -5 -3 -3 -1  4 -2   10   0   0   0   0   0   0   0   0   7   0   0   4  66   0   0   0   0  12   0  1.31 0.30
  192 Y   -1 -3 -1 -3 -3 -1 -3 -4  3  0 -2 -3 -2  3 -4  0  2  6  4 -2    3   0   3   0   0   3   0   0   9   6   0   0   0  13   0   8  15  16  23   0  0.68 0.17
  193 D   -1  0  4  3 -4  1  1  0 -1 -3 -1  0 -2  2 -3  0 -1 -4 -2 -3    3   3  28  17   0   5   7   8   0   0   6   3   0  12   0   4   3   0   0   0  0.38 0.12
  194 N   -1 -2  4  0 -4  2 -1 -2  2 -1 -3 -1 -3 -3  2  2 -1 -4 -1 -1    2   0  31   3   0  12   0   0   5   3   0   0   0   0  10  25   0   0   2   5  0.56 0.18
  195 K   -1 -1  1 -1 -3  1  2 -2  2 -1 -3  1  0 -3  2  1  3 -4 -3 -1    0   0   8   0   0   4  15   1   6   3   0  13   3   0   9  10  25   0   0   3  0.37 0.13
  196 D   -2 -2  4  3 -4  0  0 -2 -2 -3 -4 -1 -3  2 -3  2  0  1 -2 -2    0   0  30  23   0   3   4   0   0   0   0   1   0  12   0  19   3   2   0   2  0.61 0.18
  197 P    0  0 -2  0 -3 -1  1 -3 -2 -2 -2  0  0 -1  5  2  1 -4 -3 -1    5   5   0   5   0   0   9   0   0   0   4   5   2   3  31  19   7   0   0   5  0.59 0.14
  198 E   -1 -1  2  1 -4  1  0  0  4 -1 -1  1 -1 -2 -3  0 -1 -3  0 -2    2   0  16   9   0   6   5   9  15   6   6  14   2   0   0   4   2   0   4   0  0.25 0.10
  199 C   -3 -6 -5 -6 10 -5 -7 -6 -6  2 -3 -6 -3 -4 -6 -4 -3 -5 -5 -2    0   0   0   0  88   0   0   0   0  12   0   0   0   0   0   0   0   0   0   0  2.74 0.45
  200 V    1  0  0 -2 -3  2  0 -3 -2  0  0  1  1 -2 -2  0  1 -4 -3  2   11   4   6   0   0  16   6   0   0   5   7   7   3   0   0   5  11   0   0  21  0.19 0.08
  201 N   -1 -2  4  1 -3 -1  1 -2 -2 -2 -1  0 -1 -3  3  1  1 -5 -3 -1    1   0  27   8   0   0  13   0   0   0   7   4   2   0  13  10  12   0   0   4  0.42 0.11
  202 N    2 -1  3  0 -3  0  1 -2 -1 -2 -1  0 -1 -2 -2  0  0 -3  0  0   26   2  24   4   0   3  10   0   0   0   8   3   0   0   0   2   6   0   4   9  0.25 0.10
  203 L   -2 -4 -3  1 -3 -3 -3 -4 -4  2  2 -3  2 -2 -4 -3 -2 -4 -3  4    0   0   0  13   0   0   0   0   0  12  26   0   5   0   0   0   0   0   0  44  0.55 0.15
  204 L   -1  0  0  0 -3  1  1 -3  1 -1  1 -1  1  0 -3  1  1 -2  2 -1    0   7   3   5   0   6  13   0   4   2  15   0   4   2   0  13  15   0  11   0  0.17 0.06
  205 E   -2  3 -1  1 -5  3  4 -3  1 -4 -4  2 -2 -4 -2 -1  0 -4 -3 -3    0  15   0   4   0  19  35   0   3   0   0  16   0   0   0   3   5   0   0   0  0.73 0.14
  206 V    2 -3 -3 -4 -2 -2 -3 -3 -3  2  0 -3  1 -2 -3 -1  1 -4 -3  4   24   0   0   0   0   0   0   0   0  16   0   0   5   0   0   0   9   0   0  46  0.48 0.12
  207 S    2 -1  2 -1 -2  1 -1 -1 -1 -3 -3 -1 -2 -3 -2  4  1 -4 -3 -2   20   0  10   0   0   8   0   0   0   0   0   0   0   0   0  63   0   0   0   0  0.64 0.08
  208 R   -2  5 -1 -2 -4  1 -1 -3  4 -4 -3  2 -2 -3 -2 -1 -2 -3 -1 -3    0  76   0   0   0   0   0   0  24   0   0   0   0   0   0   0   0   0   0   0  0.93 0.02

                      K         Lambda
Standard Ungapped    0.1817     0.3475
Standard Gapped      0.1100     0.3190
PSI Ungapped         0.1817     0.3475
PSI Gapped           0.1100     0.3190
