
Last position-specific scoring matrix computed, weighted observed percentages rounded down, information per position, and relative weight of gapless real matches to pseudocounts
           A  R  N  D  C  Q  E  G  H  I  L  K  M  F  P  S  T  W  Y  V   A   R   N   D   C   Q   E   G   H   I   L   K   M   F   P   S   T   W   Y   V
    1 E   -1 -1 -1  1 -5  2  6 -3  0 -4 -4  0 -2 -4 -2  0 -1 -4 -3 -3    0   0   0   0   0   0 100   0   0   0   0   0   0   0   0   0   0   0   0   0  1.08 0.00
    2 V    0 -3 -3 -4 -1 -3 -3 -4 -4  3  1 -3  1 -1 -3 -2  0 -3 -2  4    0   0   0   0   0   0   0   0   0   0   0   0   0   0   0   0   0   0   0 100  0.55 0.01
    3 S   -1 -2  0  4 -2 -1  0 -2 -2  2 -1 -1 -1 -2 -2  2  0 -4 -3  0    0   0   0  38   0   0   0   0   0  31   0   0   0   0   0  30   0   0   0   0  0.35 0.01
    4 G    0 -2 -1 -2 -3 -2 -2  5 -2 -3 -3 -2 -2 -3 -2  0  3 -4 -3 -2    0   0   0   0   0   0   0  62   0   0   0   0   0   0   0   0  38   0   0   0  0.77 0.01
    5 G    3 -2 -1 -2 -2 -2 -2  5 -2 -3 -3 -2 -3 -3 -2  0 -1 -4 -3 -2   38   0   0   0   0   0   0  62   0   0   0   0   0   0   0   0   0   0   0   0  0.80 0.01
    6 R   -1  3 -2 -3  5  0 -1 -3 -2  0 -1  3 -1 -3 -2 -1 -1 -4 -3  1    0  20   0   0  22   0   0   0   0   0   0  30   0   0   0   0   0   0   0  28  0.34 0.02
    7 G    2 -3 -2 -2  5 -2 -2  4 -3 -3 -3 -2 -2 -3 -2  0 -1 -4 -3 -2   28   0   0   0  22   0   0  50   0   0   0   0   0   0   0   0   0   0   0   0  0.67 0.02
    8 P   -1 -2 -2 -3 -3 -2 -2 -3 -3 -1  1 -2 -1 -2  6  0 -1 -4 -3 -2    0   0   0   0   0   0   0   0   0   0  26   0   0   0  61  13   0   0   0   0  1.35 0.04
    9 E    1  2 -1  0 -3  1  3 -2 -1 -3 -3  2 -2 -3 -2  2  0 -4 -3 -2   13  12   0   0   0   0  39   0   0   0   0  14   0   0   0  23   0   0   0   0  0.51 0.02
   10 P    1 -2 -1 -2  5 -2 -2 -2 -2 -1 -2 -2 -2 -3  2  3  0 -4 -3  0   12   0   0   0  23   0   0   0   0   0   0   0   0   0  13  40   0   0   0  13  0.45 0.03
   11 V    0 -2 -3 -4 -2 -2 -2 -3 -3  2  2  0  1  1 -3 -2 -1 -3 -1  2   10   0   0   0   0   0   0   0   0  22  25  11   0   9   0   0   0   0   0  23  0.23 0.02
   12 A    2 -2 -2 -3 -2  2 -1 -2 -2  1  1 -1  0 -2 -2 -1 -1 -3 -2  2   33   0   0   0   0  18   0   0   0   0  18   0   0   0   0   0   0   0   0  31  0.25 0.03
   13 S    2 -1 -1  2 -2 -1  0 -1 -2 -3 -3  1 -2  0  2  2  0 -4 -2 -2   37   0   0  18   0   0   0   0   0   0   0  12   0   6   9  18   0   0   0   0  0.36 0.03
   14 T    0 -1 -1 -2 -2 -1 -1 -3 -2  2 -1  2  0 -2 -2  0  3 -4 -2  1    5   0   0   0   0   0   0   0   0  23   0  25   0   0   0   0  35   0   0  11  0.29 0.04
   15 M    0 -2 -3 -4 -2  0 -2 -3 -2  0  2 -1  5  3 -3 -2 -1 -2 -1  0   11   0   0   0   0   4   0   0   0   0  15   4  50  16   0   0   0   0   0   0  0.43 0.06
   16 E   -1  3 -1  1 -4  3  3  1 -1 -4 -3  2 -2 -4 -2 -1 -1 -4 -3 -3    0  29   0   7   0  16  26  11   0   0   0  10   0   0   0   0   0   0   0   0  0.59 0.04
   17 D    1  1 -1  3 -3  0  3 -2 -1 -3 -3  0 -2  2 -2  0 -1 -3 -1 -2   21   8   0  22   0   0  28   0   0   0   0   0   0  14   0   6   0   0   0   0  0.39 0.05
   18 D   -1 -2  1  4 -3 -1  1 -1 -2 -1 -1 -1  3 -2 -3  0 -1 -4 -3  0    0   0   6  34   0   0  11   4   0   0   3   0  19   0   0  10   0   0   0  12  0.35 0.06
   19 D   -2 -1  0  5  2 -1  1  1 -2 -3 -3  1 -3 -3 -2 -1 -1 -4 -3 -3    0   0   0  49   8   0   9  13   0   0   3  10   0   0   0   0   4   0   0   0  0.61 0.09
   20 S    1 -2  1  2 -2  1 -1 -1  2 -1 -2 -1 -2 -1 -2  3  0 -3 -2  0    9   0   4  15   0   7   0   4   8   3   0   0   0   4   0  34   0   0   0  12  0.25 0.08
   21 Y   -2 -1 -3 -4 -3 -2 -3 -4  0 -2 -2 -3  1  3 -2  0 -1  5  6 -1    0   4   0   0   0   0   0   0   0   0   0   0   5  13   2   7   3  11  51   3  0.94 0.18
   22 V   -1 -2  1 -2 -2 -2 -1 -3 -2  1  1  0  2 -2 -3 -1  1 -4 -3  3    4   0  11   0   0   0   3   0   0   3  11  10   6   0   0   0  10   0   0  42  0.27 0.11
   23 P   -2  1 -3 -3 -4 -2 -2 -4 -3 -1 -3 -2  2 -4  7  0  0 -5 -4 -3    0  10   0   0   0   0   0   0   0   4   0   0  10   0  63   8   5   0   0   0  1.58 0.24
   24 S    2  1 -1  0 -2 -1  0 -1 -2 -2 -1 -1 -2 -3  3  2  1 -4 -3 -1   25  10   1   5   0   0   4   3   0   0   7   0   0   0  15  18   8   0   0   4  0.33 0.10
   25 D   -2 -2  0  5 -5  2  3 -3 -2 -4 -3 -1  2 -4 -3  1 -2 -5 -4 -4    0   0   2  52   0   8  20   0   0   0   0   0   9   0   0  10   0   0   0   0  0.98 0.23
   26 L   -3 -3 -4 -5 -3  1 -3 -5 -3  0  4  0  0  1 -4 -3 -3 -2  2 -1    0   0   0   0   0   7   0   0   0   0  71   7   0   5   0   0   0   0   9   0  0.75 0.23
   27 T   -1 -2  0 -1  0 -1  3 -3 -2 -3 -1 -2  0 -3 -3  3  4 -5 -3 -2    0   0   3   0   2   0  23   0   0   0   7   0   3   0   0  27  35   0   0   0  0.61 0.23
   28 A    1 -2 -2 -1 -1  0  2 -3 -2 -1  0 -2  1 -2  3  0  1 -4 -3 -1   13   0   0   1   2   3  23   0   0   1  13   0   6   2  18   4  11   0   0   4  0.38 0.14
   29 E    1 -2 -1  3 -4  0  4 -1 -2 -3 -1  0 -3 -4 -3  1 -1 -5 -4 -3   14   0   0  18   0   1  41   4   0   0   7   2   0   0   0  11   2   0   0   0  0.60 0.20
   30 E    0 -2 -2  2 -5  1  5 -3 -2 -5 -5  1 -3 -5 -3 -2  0 -5 -4 -4    7   0   0   8   0   5  64   0   0   0   0   9   0   0   0   0   7   0   0   0  1.10 0.31
   31 R    0  3 -1  0 -4  2  0  0  0 -3 -1  1  0 -3 -3  1  0 -4 -3 -2    8  27   0   6   0  15   5   6   2   0   8   5   4   0   0   9   5   0   0   0  0.34 0.14
   32 Q   -2  2 -2  0 -4  2  3 -2 -2 -2 -1  2  2  0 -3 -1 -2 -4 -3  0    0  11   0   2   0  12  25   2   0   1   6  14  11   5   0   4   0   0   0   7  0.35 0.15
   33 E   -1 -2 -2  1 -4  2  4 -4  1 -3 -1  0 -2 -3 -3 -1  3 -4  1 -3    2   0   0   6   0   7  43   0   3   0   6   3   0   0   0   0  24   0   6   0  0.66 0.24
   34 L   -3 -3  0 -4 -3  0 -4 -5 -4  2  4 -3  1  0 -4 -3 -1 -4 -3  1    0   0   7   0   0   5   0   0   0   9  62   0   2   3   0   0   3   0   0   9  0.70 0.26
   35 E    0  1 -1  1 -4  2  4 -3  2 -1 -2  1 -2 -4 -1 -1 -2 -5 -3 -2    9   8   0   8   0  11  34   0   6   5   3   9   0   0   3   2   0   0   0   1  0.51 0.20
   36 N    0  1  2  1 -3  0  0 -1 -2 -2 -1  1 -2  0 -3  1  1  2 -2 -2    4   6  16   9   0   4   4   4   0   1   6  12   0   5   0  14  11   4   0   0  0.23 0.11
   37 I    0 -4 -4 -5 -3 -3 -4 -1 -4  4  2 -4  1 -2 -4 -3  1 -4 -3  2    6   0   0   0   0   0   0   5   0  39  27   0   3   0   0   0   8   0   0  11  0.58 0.22
   38 R   -3  5  1 -3 -5  2 -2  0 -2 -1 -2  2  0 -4 -4 -2 -3  0 -4 -3    0  51   6   0   0  12   0   6   0   5   3  14   2   0   0   0   0   1   0   0  0.92 0.33
   39 R   -1  5  2 -2 -4  2  1 -3 -2 -1 -3  2  0 -4 -3  1 -2  2 -3 -3    5  38  10   0   0   9  10   0   0   4   0  10   3   0   0   9   0   3   0   0  0.64 0.25
   40 R   -2  5 -2 -3 -5  2  1  0  3 -1 -1  2 -2 -4 -3 -1 -1 -4 -1 -3    0  39   0   0   0   7   8   6   8   5   5  11   0   0   0   4   4   0   2   0  0.57 0.24
   41 K   -2  3 -2 -3 -5  1  1 -4  2  0 -4  5 -3 -4 -3  1 -2 -5 -3 -3    0  15   0   0   0   5   6   0   5   8   0  51   0   0   0   9   0   0   0   0  0.88 0.34
   42 Q    1  0 -1 -1 -4  4  2 -2  0 -2  0  2  0 -4 -3  1  0 -4 -3 -2   12   2   2   1   0  22  14   1   2   2   9  17   3   0   0   8   6   0   0   0  0.39 0.22
   43 E   -1  1 -1  2 -4  2  4  0 -2 -2 -3 -1  0 -2 -3  0 -2 -5 -4 -1    4   9   1  12   0  11  34   9   0   1   0   0   3   2   0   7   0   0   0   6  0.49 0.25
   44 L   -1 -4 -2 -4  0 -1 -4 -5 -4  1  4 -3  2 -2  0 -1  2 -4  0 -1    4   0   2   0   2   3   0   0   0   8  51   0   4   0   4   3  13   0   4   1  0.54 0.30
   45 L   -1 -2 -1 -3 -3 -3 -4 -5  0  2  4 -4  2 -2 -4 -1 -2  1 -3  2    6   1   3   1   0   0   0   0   3  12  47   0   4   0   0   5   0   2   0  15  0.58 0.30
   46 A    1  1  0  2  1  1  1 -1 -2 -2 -1  0 -2 -3 -3  1  1 -4  0 -1   17   8   3  12   4   6   9   4   0   2   4   3   0   0   0  10  10   0   4   4  0.18 0.14
   47 D   -2 -1  0  4 -5  0  3 -4  0 -2 -4 -1 -4  1 -1 -1 -3  2  1 -3    2   3   3  34   0   4  24   0   2   2   0   3   0   8   3   2   0   3   5   1  0.70 0.34
   48 I   -2 -1 -5 -5 -3 -4 -2 -5 -4  5  2 -4 -1 -2 -5 -4 -1 -4  1  2    3   3   0   0   0   0   2   0   0  52  15   0   0   0   0   0   3   0   4  16  0.90 0.41
   49 Q   -1 -1 -1 -2 -6  6  4 -5  1 -5 -2  0  0 -5 -4 -1 -3 -5 -4 -2    5   1   2   1   0  42  27   0   3   0   4   4   3   0   0   5   0   0   0   2  1.04 0.53
   50 R    0  4  0  0 -4  2 -1 -3  0 -4 -1  2 -3  1 -3  1  0 -4  0 -3    5  26   4   4   0  11   2   0   2   0   6  12   0   6   0  13   7   0   3   0  0.43 0.28
   51 L   -2 -4 -5 -6 -4  0 -5 -6  1  4  4 -4  3  0 -5 -4 -3 -4 -1  0    3   0   0   0   0   5   0   0   4  27  48   0   6   3   0   0   0   0   2   3  0.92 0.44
   52 K    0  4  0 -3 -5  0  1 -2 -3 -4 -4  4 -4 -2 -1  1 -2 -5 -4 -2    9  27   4   0   0   4  10   2   0   0   0  26   0   2   3   8   1   0   0   3  0.66 0.39
   53 E   -1  0  1  2 -5  1  4 -3 -1 -4 -2 -1  0 -1 -1  2 -1 -5 -2 -4    5   5   5  12   0   6  32   1   1   0   3   1   3   3   2  16   2   0   1   0  0.51 0.35
   54 E   -1  2  0  2 -6  2  5 -1 -3 -2 -4 -1 -4 -5 -2  0  0 -6 -5 -4    5  11   4  11   0   9  40   4   0   2   1   2   0   0   1   5   6   0   0   0  0.72 0.42
   55 I   -1 -2 -1 -2 -4 -3 -3 -3 -4  4  2 -2  2 -2 -5 -1 -1  1 -1  2    6   2   3   3   0   0   1   2   0  29  25   2   6   0   0   3   3   2   2  11  0.47 0.31
   56 A    2  1  0  1 -1  0  1 -1 -1 -1 -2 -1  0 -4 -1  2  0 -4 -2 -1   24   8   4   8   2   5   9   2   1   4   2   1   3   0   2  16   5   0   1   4  0.24 0.21
   57 E   -1 -1  1  2 -6  1  5 -2 -3 -3 -5  1 -4 -6 -2  0 -2 -6 -5 -3    5   2   7  10   0   7  44   2   0   2   0   9   0   0   1   8   2   0   0   1  0.85 0.49
   58 V    1 -4 -1 -1 -1 -2 -1 -4  0  3  0 -1  0 -3 -4 -1  0 -5 -4  4   11   0   3   4   1   1   4   0   2  16   5   3   1   0   0   3   4   0   0  39  0.48 0.35
   59 A    1 -1  1  0 -3  0  0 -1  0  0 -1 -1  2 -1  0  2  1 -4 -1  0   14   2   6   5   0   4   4   4   2   4   4   2   9   3   4  16   8   0   1   8  0.14 0.17
   60 N    1  0  2  2 -1  0  0 -1  2 -4 -4  1 -3 -3  1  2  1 -5 -4 -4   13   4  13  11   1   4   5   5   5   0   1   7   0   1   6  18   7   0   0   0  0.36 0.28
   61 E    0 -1 -2  1 -6  3  5 -2 -3 -5 -2 -1 -4 -5 -2  0 -1  2 -5 -1    9   3   1   6   0  12  42   3   0   0   4   3   0   0   1   7   3   3   0   4  0.76 0.50
   62 I   -1 -4 -1 -3 -4 -2 -2 -3 -4  4  2 -2  2  0 -4 -1  0 -4 -3  2    6   0   2   1   0   2   2   2   0  28  20   3   5   3   0   5   5   0   0  15  0.45 0.31
   63 E   -1 -2  1  2 -5  1  4 -2  1 -3 -3  0 -4 -5  2  1 -1 -6 -5 -3    6   1   6  10   0   6  32   3   3   2   2   5   0   0  10   9   3   0   0   2  0.57 0.40
   64 S    1  0  1  0  0  1  0  1  1 -4 -2  0 -3 -2 -3  3  1 -5 -4 -1   11   4   6   5   2   5   4  10   4   0   3   5   0   2   0  26   8   0   0   4  0.30 0.28
   65 L   -1 -2 -5 -5 -4  1 -4 -3 -1  1  4 -1  1  1 -1 -2 -2  1 -1  1    5   2   0   0   0   6   0   2   1   7  42   4   4   5   3   3   1   2   2  10  0.52 0.37
   66 G    0 -2  0  2  0  0  1  1  0 -2 -2 -1 -3 -3  1  0  1 -4  1 -1    8   2   4  14   2   5   9  13   3   3   4   2   0   0   7   7   8   0   6   4  0.18 0.19
   67 S    1 -1  0  0  0  0  1 -2  0 -1 -2 -2 -1 -2  1  3  1 -5  0 -2   11   3   4   5   2   3   9   2   2   4   3   2   2   2   6  25  10   0   4   3  0.25 0.27
   68 T    0 -1  0 -1  0  0 -1 -2  0  0  0  0  0  0  0  1  2 -3 -1  1    7   2   6   3   2   3   3   3   2   6   8   6   3   5   5   9  15   0   2  10  0.07 0.10
   69 E    0  0  0  2 -4  1  3 -1  2 -1 -2  0  1 -1 -1 -1 -1 -4  0 -1    6   5   4  11   0   6  24   4   5   3   4   5   4   3   3   3   3   0   3   4  0.25 0.22
   70 E    0  0  1  0 -3  1  0  0  1  0 -1  0  1  0  1  0  0 -3 -2  0    6   6   6   6   0   6   6   6   6   6   6   6   6   6   6   6   6   0   0   6  0.06 0.07
   71 R   -1  3  0 -1  0  1  1 -2  1 -1  0  1  0  0 -1 -1 -1 -3  0 -1    4  17   4   4   3   7  10   3   4   3  10   7   3   5   3   4   3   0   4   3  0.14 0.15
   72 K    0  0  0  0  1  0  0 -1  1  0 -1  0  1  0  0  0  0 -3  1  0    5   5   5   5   5   5   5   5   5   5   5   5   5   5   5   5   5   0   5   5  0.03 0.05
   73 N    0  1  3  1 -4  1  1 -1  2 -3 -3  1 -1 -1 -3  1  1 -4 -3 -2    9   7  14   7   0   8   9   4   5   1   1   9   2   3   0   9   8   0   1   3  0.27 0.22
   74 M   -1  2 -2 -3 -3  0 -2 -3 -2  2  2  1  2 -1 -2 -2  1 -3  0  1    5  11   1   1   0   3   1   1   1  11  19  12   6   2   2   2   8   0   3   9  0.21 0.19
   75 Q    0  1 -1 -1 -6  5  1 -4  1 -5 -3  3 -1 -5  0 -1 -3 -6 -3 -3    7   5   2   2   0  35   9   1   4   0   2  18   1   0   5   4   1   0   1   2  0.85 0.54
   76 R   -2  5 -2 -3 -6  2 -2 -4  0 -2 -1  3  0 -3 -1 -1 -3 -6 -2 -4    2  40   1   1   0   8   2   1   2   2   5  20   2   1   3   4   1   0   1   1  0.95 0.55
   77 N   -2  0  3  0 -6  1  0 -3  1 -5 -2  5  2 -5 -4 -1 -1 -6 -5 -4    2   5  13   4   0   5   6   1   3   0   4  44   5   0   0   3   3   0   0   1  0.90 0.53
   78 K   -2  3 -1 -1 -1  1  0 -4 -1 -3 -2  5  0 -2 -2  0  0 -2 -5 -3    2  18   2   3   1   7   5   1   1   1   4  35   2   2   2   6   5   1   0   2  0.68 0.45
   79 Q   -1  2  0 -2 -3  3  1 -4  2  0  0  2  1 -2 -1 -1 -1  0 -2 -1    4  10   5   1   1  15   9   0   5   6  10  13   5   1   2   2   4   2   1   3  0.28 0.25
   80 V   -2 -3 -3 -4 -4  0 -1 -4 -2  3  3 -3  2  0 -1 -3 -2 -1  2  1    3   1   1   1   0   4   4   1   1  19  28   1   6   3   4   1   2   1   7   9  0.42 0.32
   81 A    1  1 -1 -1 -1  0  1 -2 -2  1  1  0  1 -1 -2  0 -1 -2 -1 -1   15   7   2   2   1   4   9   2   1   7  16   5   5   2   1   7   3   0   2   4  0.07 0.13
   82 M    0  0 -1 -2 -2  1  1 -3  1  2  1  0  2 -3 -3 -1  1 -1 -2  0    6   5   3   1   1   7   8   1   3  14  16   5   6   0   0   3   9   1   1   7  0.13 0.17
   83 G    2 -2 -2 -3  0 -3 -4  5 -2 -3 -6 -1 -5 -3 -5 -3 -3 -6  0 -4   20   3   1   1   2   1   1  53   1   1   0   4   0   1   0   1   1   0   3   1  1.09 0.60
   84 R    1  2 -1 -4 -1 -1 -2 -2 -1  3  0  0 -1  0 -1  0  1 -4 -2  1   15  13   2   0   1   2   2   2   1  20   7   5   1   4   2   5   8   0   1   8  0.18 0.22
   85 K    0  1  2  1 -4  1  2 -1  0 -2 -2  2 -2 -4 -3  0 -1 -1 -2 -1    9   9  10   7   0   5  15   4   2   1   4  14   1   0   0   8   3   1   1   5  0.26 0.21
   86 K   -1  2 -2 -3  1  1  0 -3  3  0  1  3  1 -2  0 -2 -2 -1 -2 -2    5   9   1   1   4   5   5   1   8   6  15  25   4   1   4   3   2   1   1   2  0.34 0.26
   87 F   -5 -2 -6 -6 -6 -5 -2 -6  0 -4 -2 -6 -4  8 -6 -1 -5  1  0 -2    0   2   0   0   0   0   3   0   2   0   3   0   0  75   0   5   0   2   2   2  2.26 0.89
   88 N   -3 -3  7 -1 -2 -2 -2 -5  0 -3 -4 -1 -2 -7 -6 -1 -2 -7 -6 -6    2   1  70   3   1   1   2   0   2   2   1   3   1   0   0   4   2   0   0   0  1.92 0.96
   89 M   -1  3  0  0 -2  1  0 -1 -1 -1 -1  2  1  0 -4 -1 -1  0 -1 -1    5  16   4   4   1   7   6   4   1   4   6  15   5   4   0   4   4   1   2   5  0.15 0.17
   90 D   -2 -1  2  4  0  0 -1 -2  0 -6 -6  4 -1 -6 -5  1 -1 -6 -1 -5    2   3  10  22   2   4   2   3   2   0   0  29   2   0   0  12   3   0   2   0  0.71 0.48
   91 P    0 -6 -2 -2  0 -1 -3 -3  0 -2 -3 -3 -1 -2  7 -1 -2  1 -2 -3    7   0   2   2   2   2   2   2   2   2   2   2   2   2  58   4   2   2   2   2  1.49 0.80
   92 K   -1  0  0 -1 -5  0  1 -2  1 -1 -2  4  1 -1 -1  0  1  2 -4 -1    4   5   4   3   0   4   9   3   3   3   3  30   3   3   3   5   8   3   0   3  0.32 0.29
   93 K    0  0  1  0  2  1  0  0  2  0 -1  0  1  0 -3  0  0 -3 -2  0    6   6   6   6   6   6   6   6   6   6   6   6   6   6   0   6   6   0   0   6  0.06 0.09
   94 G    0 -1  0 -1  3  0 -2  3 -3  0 -3 -2 -2 -1 -3  0  0  4 -3  0    5   4   4   4   8   6   0  32   0   6   0   0   0   4   0   7   6   6   0   7  0.35 0.20
   95 I    0  1 -2 -3 -2 -1 -2 -3 -2  1  1 -1  2  1 -2  0  1  4 -1  1   10  10   0   0   0   0   1   1   0  10  10   1   9   9   0  10  10   9   0  10  0.19 0.11
   96 Q    2  0 -1  1 -4  4  3 -2 -1 -5 -3  2 -1 -6 -1  0 -2 -6 -4 -4   15   4   3   9   0  19  19   3   1   0   2  13   2   0   2   5   2   0   0   1  0.57 0.37
   97 F   -3 -3 -6 -4 -3 -3 -4 -7  0 -3 -1 -3  0  6 -3 -3 -3  0  6 -3    2   2   0   1   1   1   1   0   2   1   5   2   2  40   1   1   2   1  33   2  1.60 0.68
   98 L   -2 -6 -7 -5 -2 -6 -7 -7 -7  0  5 -6  3  2 -3 -5 -5 -2 -4 -2    4   0   0   1   1   0   0   0   0   3  70   0   6  10   2   0   0   1   0   2  1.51 0.66
   99 I   -1 -1 -3 -3 -1  3  0 -4  0  4  0  0  0 -1 -3 -3 -1 -5  0  2    5   3   1   1   1  18   5   1   2  24   9   6   2   2   1   1   4   0   3  13  0.41 0.29
  100 E    1  0  0  1 -6  2  5 -2 -1 -4 -4  1 -2 -6 -4  1 -2 -6 -3 -4   12   4   4   8   0   7  39   2   1   1   1   8   1   0   0   9   2   0   1   0  0.76 0.44
  101 N   -1  1  4 -2  2  2 -1 -2  5 -2 -4  2 -1 -2 -4  0 -1 -1 -2 -3    5   6  24   1   4   9   4   2  14   2   1  12   1   2   0   5   3   1   1   2  0.57 0.35
  102 G   -3 -2  2 -1 -3  0 -2  5  1 -7 -6  2 -6 -7 -6 -2 -4 -7 -4 -7    1   2   8   3   1   5   2  58   4   0   1  11   0   0   0   3   1   0   0   0  1.30 0.58
  103 L   -2 -3 -4 -6 -3 -4 -3 -4  0  3  4 -2  1  4 -5 -4 -3 -4  0  1    2   1   1   0   0   0   2   1   2  15  39   2   2  18   0   1   1   0   3   9  0.78 0.38
  104 L   -4 -3 -2 -3  1 -5 -6 -7 -6  4  4 -3  2 -2 -6 -3 -3 -6 -3  3    0   1   2   2   4   0   0   0   0  26  37   2   4   1   0   2   1   0   1  18  0.96 0.45
  105 K   -1  1 -1  1 -5  1  3  1 -2 -4 -4  2 -4 -4  2  1 -1 -6 -2 -4    4   6   3   8   0   7  19  11   0   0   1  15   0   0   9  10   3   0   2   1  0.44 0.29
  106 N   -2  1  3  4 -3 -1  2 -1  2 -4 -4  0 -3 -5 -1  1  1 -3 -2 -4    3   7  15  24   1   2  12   5   4   1   1   4   0   0   3   9   8   0   1   1  0.53 0.32
  107 T   -1 -1  1  3 -3 -2 -1 -4 -3 -3 -4  0  0 -3  1  3  3 -6 -2 -2    5   3   7  16   0   1   3   0   0   1   1   6   3   1   8  21  20   0   2   2  0.50 0.34
  108 C    3 -5 -2 -1  0 -3 -3 -3 -2 -3 -1 -2 -2 -4  5 -1 -2 -4 -2  0   23   0   2   4   2   1   1   1   1   1   7   2   1   1  38   4   2   0   1   8  0.95 0.48
  109 E    0  1 -1  2 -2  2  4 -3  1 -2 -3  2 -3 -4 -1 -1 -1 -3 -3 -1    8   8   2  11   1   9  27   1   3   2   1  13   0   0   3   3   3   0   1   4  0.47 0.29
  110 D    0  0  0  4 -3  0  3 -1  0 -4 -4  0 -3 -4 -3  2 -2 -6 -4 -4    9   6   3  25   0   3  19   3   3   1   1   4   1   1   1  18   2   0   0   1  0.61 0.34
  111 I   -2 -4 -6 -7 -3 -4 -6 -6 -6  5  2 -3  2 -2 -3 -5 -2 -5 -3  4    3   0   0   0   0   0   0   0   0  33  20   1   5   1   1   0   2   0   0  32  1.06 0.47
  112 A    6 -6 -6 -6 -1 -3 -5 -2 -6 -3 -3 -5  1 -6 -5 -1 -1 -7 -6  0   77   0   0   0   1   1   0   2   0   1   2   0   3   0   0   3   3   0   0   7  1.65 0.75
  113 Q    0  3 -1 -2 -2  2  2 -3  3 -1 -2  3 -2 -2 -4  0 -1 -5 -1 -2    7  15   3   1   1   9  12   1   8   4   4  20   1   1   0   6   2   0   2   3  0.41 0.27
  114 F   -4  2 -2 -6 -6 -3 -6 -6 -3 -3 -1 -3 -2  7 -6 -4 -5  4  0 -2    1  11   2   0   0   1   0   0   1   1   6   1   1  63   0   1   0   5   2   2  1.83 0.71
  115 L   -5 -6 -7 -7 -2 -6 -6 -7 -3 -1  6 -6  1  3 -6 -6 -5 -1 -4 -2    0   0   0   0   1   0   0   0   1   3  77   0   3  12   0   0   0   1   0   1  1.73 0.69
  116 Y   -3  3 -3 -5 -3 -2 -3 -5  4 -1  1  2  0  2 -4 -3 -3 -1  5 -3    2  16   0   0   1   1   1   1  13   4  15  12   2   9   0   1   1   1  20   1  0.74 0.40
  117 K   -1  1  3  0 -2  1  2 -2  3 -3 -3  1  1 -2 -4  1  1 -4  0 -3    3   8  15   3   1   6  16   3   8   1   1   8   4   1   0   8  10   0   4   1  0.37 0.25
  118 G   -1  0  2 -1  1  0  0  1  0 -2  1  0 -1 -3 -2 -1  3 -5 -2 -2    4   4  11   3   3   3   7  12   2   1  17   4   1   0   2   3  19   0   1   1  0.21 0.20
  119 E   -2 -1 -1  3 -6  0  3 -3 -2 -4 -5  2 -3 -6  3  0 -1 -6 -3 -4    2   2   3  19   0   4  24   1   1   1   1  14   0   0  18   7   3   0   1   1  0.76 0.40
  120 G   -2  3  1 -1 -6 -1 -2  5  0 -6 -4  0 -3 -3 -2 -1 -3 -2  0 -4    2  16   6   4   0   2   1  48   2   0   2   5   1   1   2   3   1   1   3   1  0.86 0.40
  121 L   -2 -5 -6 -7  0 -5 -6 -6 -5  2  5 -1  0  4 -3 -5 -4 -4 -3  0    3   0   0   0   3   0   0   0   0  10  57   3   1  17   1   0   0   0   0   4  1.08 0.47
  122 N   -2  1  3  4 -2  0  0 -3  1 -3 -4  2 -4 -5 -2  2  0 -6 -3 -4    3   6  16  30   1   3   4   1   3   1   1  11   0   0   1  14   4   0   1   1  0.67 0.35
  123 K   -2  2 -3 -3 -6 -1 -2 -4 -1 -3 -4  6 -2 -6  0 -1 -3 -6  0 -4    3  11   0   1   0   2   2   1   1   1   1  63   1   0   5   4   1   0   3   1  1.32 0.61
  124 T    1  0  0  0 -1  0  0 -2 -1 -1 -1  1 -1 -1  0  2  2 -4 -2 -1   10   4   3   4   2   4   3   1   1   4   4  12   1   2   3  14  18   0   1   4  0.16 0.17
  125 A    1 -1 -1  3 -2  3  0 -2 -1 -1 -1  0  2 -2 -2 -1  0 -4 -3  0   16   3   2  17   1  15   4   1   1   2   5   7   8   1   1   4   6   0   0   6  0.27 0.20
  126 I   -1 -3 -1 -4 -3 -3 -1 -4 -3  4  2 -3  1 -1 -3 -3 -2 -3 -1  3    5   0   4   0   0   0   4   1   0  28  16   0   3   2   0   1   0   0   2  32  0.53 0.24
  127 G    2 -3 -1 -3  0 -3 -3  5  0 -3 -4 -3 -3  0 -3  0 -2 -4 -3 -1   19   0   3   0   2   0   1  51   3   0   1   0   0   6   0   7   0   0   0   5  0.80 0.31
  128 D   -1  2 -1  2  3  1  3 -1  0 -2 -3  1 -1 -4  0 -1 -1 -4 -3 -2    4  11   2  14   9   5  25   5   2   2   1   8   1   0   4   3   2   0   0   3  0.37 0.18
  129 Y   -2  0 -3 -4  2  0 -3 -4  3 -1 -1 -3 -2  4 -4 -3 -1  2  5 -1    3   5   0   0   5   5   0   1   9   3   5   0   0  19   0   1   3   3  33   3  0.71 0.30
  130 L   -2 -3 -4 -4  1 -1 -3 -4 -3  3  4 -3  2  1 -4 -1 -2 -3 -2  0    1   0   0   0   4   4   0   1   0  17  52   0   4   6   0   4   0   0   0   4  0.62 0.27
  131 G    0 -1  0 -1  1 -1 -1  4 -2 -3 -2 -2 -3 -1 -3  1  0 -4 -1 -2    4   3   5   3   3   3   4  44   0   0   3   0   0   2   0  12   6   0   3   3  0.51 0.22
  132 E   -1  0  1  2  1  0  2  0  1 -4 -2  1 -3 -1 -1  0  1 -5 -4 -2    4   5   7  13   4   4  12   8   4   0   4  10   0   3   3   6   9   0   0   3  0.23 0.21
  133 R    0  0  0  0  1  0  0 -1  1  0 -1  0  1  0  0  0  0 -3  1  0    5   5   5   5   5   5   5   5   5   5   5   5   5   5   5   5   5   0   5   5  0.03 0.05
  134 D    0  0  1  0  2  1  0  0  2  0 -1  0 -1 -2  1  0  0 -3  1  0    6   6   6   6   6   6   6   6   6   6   6   6   0   0   6   6   6   0   6   6  0.06 0.08
  135 E   -1 -2  2  2 -5  1  4 -1  0 -5 -3 -1 -1 -3  3 -1 -1 -5 -1 -3    5   2   9  11   0   5  25   5   2   0   3   4   2   1  16   4   3   0   2   2  0.51 0.33
  136 F   -2 -2 -2  0 -2 -2  0 -3  0 -2 -1 -1 -1  6 -3 -2 -1  1  2 -1    4   2   2   5   1   2   6   2   3   2   7   5   1  41   1   2   3   2   5   5  0.82 0.40
  137 S    0 -1  6 -1  2 -3 -2 -3  2 -1 -4 -2 -1 -4 -1  2 -3 -1 -1 -4    8   4  38   2   5   1   2   2   6   4   2   2   1   1   3  14   1   1   2   1  0.88 0.51
  138 I    0  2 -1 -2 -2  1 -1 -2 -1  2  1  1  2 -1 -2 -1 -1 -1 -3  0    9  10   2   1   1   7   3   2   1  13  14  11   5   2   1   5   4   1   0   7  0.17 0.16
  139 Q    1  1 -1  0  1  2  3 -2  1 -2  0  1  0 -4 -1  0 -1 -4 -2 -2   13   6   2   5   4  10  20   2   3   1   8   9   3   0   2   6   3   0   1   2  0.25 0.20
  140 V   -1 -2 -5 -5  0 -4 -5 -5 -5  2  0 -5  0  0 -2 -3  0 -5 -1  5    3   2   0   0   2   0   0   0   0  12   6   0   1   5   2   2   5   0   2  56  1.02 0.49
  141 L   -1  1 -5 -6  1 -4 -5 -3 -5 -1  4 -4  4  2 -5 -3 -2 -5 -4 -1    4   8   0   0   3   0   0   2   0   2  52   0  12   8   0   2   2   0   0   4  0.89 0.48
  142 H   -1  2  0  1 -2  1  2 -2  4 -3 -2  2 -1 -2  0 -1 -1 -4  1 -2    3  11   3   9   1   6  16   2  11   2   3  12   2   2   4   3   3   0   4   2  0.34 0.23
  143 A    3 -2 -1 -1  2  0  2 -2  0 -2 -3  0 -1 -1 -1  1 -1 -1  1 -1   28   2   2   2   5   3  15   1   2   2   2   6   1   3   2  12   2   1   5   3  0.30 0.26
  144 F   -1  1 -3  0  1 -3 -3 -4 -2  0  0 -3  1  4 -4 -3 -3  3  5  0    5   8   0   8   4   0   0   0   0   5   5   0   4  23   0   0   0   4  25   5  0.60 0.30
  145 V    0  1 -2 -2  1  0  0 -1 -2  2  1  0  1  0 -2 -1  0 -3 -2  2    9   8   0   0   4   4   8   4   0  14  10   4   4   4   0   4   5   0   0  18  0.10 0.10
  146 E   -1  1  1  4 -1  1  1  0  1 -3 -3  1 -1 -3 -3  0 -2 -5 -3 -3    4   9   7  28   2   7   8   6   3   1   2   9   2   1   0   8   2   0   1   1  0.47 0.30
  147 L    0  0 -2 -2  0  1  1 -2 -1 -1  2 -1  1  1  0  1  0 -3 -1 -2    7   4   1   2   2   7  11   3   2   2  24   3   3   6   4  12   6   0   1   1  0.14 0.17
  148 H   -4  0 -2 -4 -2 -1 -1 -5  3  1  1 -2  4  5 -5 -3 -2 -3  0 -2    0   5   2   0   1   3   5   0   7   7  13   2  12  34   0   1   1   0   2   2  0.76 0.43
  149 E   -2 -1  2  5 -5  0  0 -2  0 -5 -3  0 -1 -1  1 -1 -1  0 -4 -3    2   3  12  40   0   4   6   2   2   0   2   5   2   2   6   4   3   2   0   2  0.74 0.41
  150 F   -4 -1 -5 -6  1 -5 -5 -6 -4 -1  0 -5  2  7 -1 -5 -1  3  1 -1    0   3   0   0   3   0   0   0   0   3   8   0   5  57   3   0   3   4   4   3  1.42 0.62
  151 T    0  2  0 -1  0  1  0  0  2 -2 -2  1 -1 -1 -1  2  1 -3  0 -1    6  11   5   3   2   6   6   6   7   2   2   7   2   2   2  15  11   0   3   3  0.16 0.14
  152 D   -1  0  2  2  0  0  0  3  0 -4 -2 -1 -1 -4 -3  0 -1 -4 -1 -4    3   6  12  13   2   3   5  29   3   0   3   4   2   0   0   8   3   0   2   0  0.42 0.26
  153 L   -2  0 -2 -2 -2  0 -1 -4 -3 -1  3  2  4 -1  1 -2  0 -4  0 -1    2   4   1   2   1   4   3   0   0   2  28  14  16   2   7   2   5   0   3   3  0.38 0.28
  154 N   -1  1  2  1 -2  0  1 -1  1 -1 -2  0 -1 -2  2  1  1 -4 -2 -2    2   9  10  10   1   3  10   3   5   5   5   4   1   1  10  12   8   0   1   2  0.22 0.16
  155 L   -2 -4 -5 -5  2 -4 -5 -5 -4  3  2 -4  0  5 -1 -4 -1 -3  1  1    2   0   0   0   5   0   0   1   0  19  23   0   2  27   4   0   3   0   3  10  0.74 0.35
  156 V   -1 -4 -2  5 -1 -2  0 -1  2 -2 -1 -3  1 -4 -2  0 -1 -5 -2  2    3   0   0  37   1   1   4   5   6   1   6   0   5   0   1   6   2   0   1  18  0.61 0.36
  157 Q   -1 -2 -1  3  0  2  3 -1 -1 -2 -2 -1  0 -4 -1  1  1 -4 -2 -1    4   1   1  17   2  11  22   5   1   2   2   2   3   0   2   8   7   0   1   6  0.36 0.25
  158 A    2 -2  0 -2  1 -1 -2  0  1  0 -2 -2 -2 -2  2  2  0 -3  0  0   26   0   5   0   4   0   1   6   5   8   1   1   0   0  10  18   5   0   4   5  0.25 0.13
  159 L   -1 -3  1 -3 -2 -2 -3 -3 -2  1  2 -2  2  3  0 -2  0 -2 -1  0    6   0  10   0   0   0   1   1   0   7  28   1   6  20   6   1   8   0   0   6  0.27 0.14
  160 R    1  2 -1  2 -3  2  2 -2 -1 -2  0  1 -1 -2 -2  1 -1 -3 -2 -2   12  12   0  12   0  12  12   1   0   1  12  12   0   0   1  12   1   0   0   1  0.24 0.07
  161 Q   -1  1  0 -2 -2  2  0 -3  2 -1 -1  3  2 -2 -3  1  0 -2  0  0    3   5   5   2   1  11   5   1   5   2   6  21   6   1   0   9   6   1   3   6  0.25 0.20
  162 F   -3  0 -5 -6 -1 -5 -6 -6 -2 -2  1 -5  2  7 -6 -1 -3 -3  2 -1    2   5   0   0   1   0   0   0   1   2  13   0   5  56   0   5   1   0   5   4  1.41 0.56
  163 L   -4 -1 -5 -6  2  3 -4 -6 -5  1  4 -4  2  1 -5 -3 -2 -5 -4 -1    0   3   0   0   4  16   0   0   0   6  56   0   4   5   0   1   2   0   0   3  1.00 0.48
  164 W    1 -1  0 -1 -1  1  0  1 -1 -3 -1  1  1 -1 -3  2  1  1 -1 -2   14   3   4   2   1   6   6  11   1   0   8   9   6   3   0  14   8   2   2   1  0.16 0.16
  165 S    0  0  0  0  0  2  0  1  3 -2 -1  0 -2 -1 -2  1  0 -3  2 -2    8   6   3   4   3  10   4   9   8   1   6   3   0   2   1  14   4   0  10   2  0.18 0.17
  166 F   -5 -6  1 -6  1 -5 -6 -1 -4  1  0 -6  1  7 -6 -5 -4 -3  1  1    0   0   7   0   3   0   0   4   0   8   5   0   3  56   0   0   0   0   3  11  1.38 0.54
  167 R   -1  3 -2  0  0  1 -1 -4  2 -1 -1  2 -1 -1 -1  0 -1  1  1  0    5  24   0   5   3   5   3   0   6   2   5  11   2   2   2   7   3   2   6   8  0.27 0.21
  168 L    0 -3 -4 -5 -3 -3 -4 -5 -4  1  3  0  3  1  2 -3  0 -3  1  1    7   0   0   0   0   0   0   0   0   7  36   6   9   5  10   0   5   0   5  11  0.46 0.26
  169 P    0  0  1 -2 -3  1  0  0  2  0  0 -1  1 -2  1  0  0 -3  1  0    7   7   7   0   0   7   7   7   6   7   7   0   6   0   7   7   7   0   6   7  0.09 0.11
  170 G   -2 -2 -3 -3 -5 -4 -4  6 -4 -5 -4 -2 -4  0 -2 -2 -1 -4 -4 -3    2   1   0   0   0   0   1  76   0   0   2   3   0   6   2   1   4   0   0   2  1.46 0.47
  171 E   -3 -3 -2  1  1  1  6 -4 -2 -4 -4  0 -4 -5 -3 -3 -3 -5 -4 -1    1   0   0   7   4   3  72   1   0   0   1   3   0   0   0   1   0   0   0   5  1.43 0.52
  172 A    4 -2  0 -3 -3 -2 -2  0 -3 -1 -3  0 -2 -3 -2  2  1 -4  0  0   41   0   5   0   0   0   0   5   0   3   1   6   0   0   0  18   9   0   3   7  0.49 0.28
  173 Q    0 -2 -1 -2 -5  7  1 -4 -2 -5 -3  1 -1 -5  2 -2 -3 -4 -4 -4    7   0   3   1   0  59   5   0   0   0   2   7   1   0  11   2   0   0   0   0  1.27 0.52
  174 K   -1  0 -1 -2 -1  3  2 -3  2 -2 -1  4  0 -3 -1 -1 -2 -4 -3  0    3   3   1   0   2  16  15   0   6   2   6  29   2   0   2   3   1   0   0   9  0.44 0.25
  175 I   -1  1 -4 -5 -3 -3 -4 -5 -4  5  0 -3  2  0 -4 -3  0 -4 -3  2    4   9   0   0   0   0   0   0   0  50   2   0   6   4   0   0   6   0   0  16  0.80 0.35
  176 D   -1 -2 -1  5 -4  0  2 -3 -1 -3 -3  1 -1 -3 -2  0  0 -5 -1 -1    3   0   1  42   0   2  16   1   1   1   1   9   2   1   1   7   4   0   2   4  0.70 0.30
  177 R   -3  6 -2 -4 -2  0 -2 -3  0 -2 -2  1 -1 -2 -4 -2 -1 -4 -2 -3    1  67   1   0   1   3   0   1   2   2   5   4   2   2   0   2   5   0   1   1  1.27 0.47
  178 M    0 -2  1 -2  3 -2 -2 -2 -2  1  0 -2  2  1 -2 -1  1 -2  2  1    9   0   9   0   8   0   1   1   0   9   9   0   9   9   0   1   9   0   9   9  0.09 0.11
  179 M    0 -4 -4 -5 -4 -4 -4 -5 -4  2  3 -4  5  1 -4 -3  1 -4 -3  2    7   0   0   0   0   0   1   1   0   9  34   1  19   7   0   1   8   0   0  12  0.78 0.33
  180 E   -1 -1  0  0  0  1  4 -2  1 -1 -1 -1  0  0 -3 -1  0 -4  0 -1    4   3   4   4   3   7  33   3   3   4   5   3   3   5   0   4   5   0   3   4  0.35 0.21
  181 A    2  0 -2 -2  0  0 -1 -2  3 -1 -2  2  0 -1  0  0  2 -4 -1  0   17   3   1   1   2   4   4   2   9   4   2  13   2   3   4   4  14   0   2   7  0.22 0.18
  182 F   -5 -1 -6 -6 -6 -6 -6 -6 -5 -4 -1 -6 -4  8 -6 -6 -5  2  1 -5    1   4   0   0   0   0   0   0   0   0   6   0   0  79   0   0   0   3   3   0  2.58 0.85
  183 A    5 -4 -4 -4 -1 -1 -2 -1 -1 -5 -5 -2 -4 -2 -4  4 -1 -5 -5 -3   48   0   0   0   2   2   3   3   2   0   1   2   0   2   0  29   3   0   0   2  1.06 0.52
  184 Q    0  2  0  1 -2  3  3 -2  1 -3 -3  1 -2 -3 -3  0 -1 -4  0 -3    8   9   3   8   1  15  21   2   4   2   2   8   1   1   0   8   3   0   3   2  0.40 0.24
  185 R    0  5 -2 -4 -1  1 -2 -3  3 -2 -2  2 -3 -2 -3 -2 -2 -1 -1 -1    9  39   2   0   1   5   2   1   8   2   3  10   0   1   1   3   2   1   2   5  0.73 0.37
  186 Y   -3 -5 -5 -6 -5 -5 -5 -6 -3 -2 -3 -5 -4  3 -6 -5 -5  5  8 -2    3   0   0   0   0   0   1   1   0   2   2   0   0  12   0   1   0   9  64   3  2.31 0.73
  187 C   -1 -1 -3 -4  6 -1 -2 -5  4  0 -1 -3  0  3 -4 -2 -2  0  3  0    6   3   1   1  21   2   2   1  13   6   5   1   2  13   0   2   2   1  10   7  0.69 0.33
  188 Q    1  0  0  0 -1  2  3 -3  0 -2 -2  1  1 -3 -4  1 -1 -2 -2 -2   11   5   4   5   1  11  21   1   2   2   3  10   4   1   0  11   3   1   1   2  0.32 0.24
  189 C    0 -3  0  2  8  3 -2 -1  0 -5 -3 -3 -2 -3 -4  0 -1 -6 -4 -3    9   1   4  10  35  13   1   4   2   0   2   1   1   1   1   8   4   0   1   2  1.04 0.49
  190 N   -2 -2  7 -1 -3 -2 -2 -2 -1 -5 -6 -2 -3 -5 -3  1 -2 -2 -4 -6    3   2  64   2   1   2   2   3   1   1   1   2   1   1   2  11   2   1   1   0  1.68 0.76
  191 T    0 -1  1 -1 -3 -1 -1 -1 -1 -2 -3 -1 -3 -6  6  0  0 -7 -6 -1    7   3   7   3   1   3   4   5   2   2   2   4   1   0  40   6   6   0   0   4  0.85 0.46
  192 G    0 -1  1  2 -3  0  1  3  0 -5 -4  0 -3 -2 -1  1  0 -6 -3 -4    6   2   8  12   1   4  10  24   3   0   1   5   0   2   3  12   7   0   1   1  0.40 0.27
  193 V   -1  0  0  0  2  0  0 -1  2  0 -1  0  2  0  0 -1  0  3  1 -1    5   5   5   5   5   5   5   5   5   5   5   5   5   5   5   5   5   5   5   5  0.09 0.08
  194 F   -3 -6 -2 -2  0 -2 -3 -3 -5  1  0 -2  0  6 -1 -2 -2 -4  2 -1    3   0   2   2   2   2   2   3   0   8   9   2   3  42   3   3   3   0   6   5  0.93 0.54
  195 Q    1  0  0 -1  0  1  0 -1  1 -2 -1  1  2 -1  0  1  0 -4 -1 -1   16   6   5   2   2   6   5   5   3   2   6   8   7   3   5   9   6   0   2   3  0.11 0.14
  196 S   -2 -2  4  2  0 -2 -2 -2  1 -3 -4 -2 -1 -2 -5  4  1 -7 -2 -5    3   2  19  13   2   2   2   3   3   2   2   2   2   1   0  31   8   0   2   0  0.73 0.53
  197 T    0  0  1  0  2  1  0  0  2  0 -1  0 -2 -3  1  0  0  3 -2  0    6   6   6   6   6   6   6   6   6   6   6   6   0   0   6   6   6   6   0   6  0.09 0.11
  198 D   -1 -3  1  5 -6  1  1  0  2 -5 -2  0 -4 -5 -4  0 -1 -6 -5 -1    4   0   5  43   0   5   9   6   5   0   4   4   0   0   0   5   4   0   0   5  0.79 0.41
  199 T    2 -2  1  0  1  0  1  0  0 -1 -2 -1  0 -3  0  1  1 -4  0 -1   22   0   7   4   3   5  10   5   3   3   3   3   3   0   4   9   9   0   3   4  0.18 0.16
  200 C    2 -3 -3 -4  3  0 -3  0 -3  1 -1 -3  2 -3  1  0  0 -4  0  2   22   0   0   0   7   6   0   6   0  10   4   0   6   0   6   5   4   0   4  20  0.28 0.23
  201 Y   -1 -3 -1 -4  1  0 -1 -4  2  0 -1 -3  1  4  1 -3 -1  2  4 -1    3   0   3   0   3   5   3   0   6   6   5   0   3  25   8   0   3   3  18   4  0.50 0.29
  202 V    0 -1 -3 -4  1 -1 -3 -2 -4  3  0 -1  1  1 -4 -1  1 -4 -2  3    6   3   0   0   3   3   0   3   0  21   4   3   3   7   0   3  10   0   0  32  0.38 0.25
  203 L   -2 -1 -4 -5 -3 -3 -4 -5 -4  1  5 -4  1  0 -4  0 -3 -3  0  0    2   5   0   0   0   0   0   0   0   5  66   0   3   3   0   7   0   0   4   4  0.80 0.33
  204 S    4 -3 -2  0  3 -3 -2 -1 -3 -1 -3 -3 -3 -4 -3  2  1 -5 -4 -1   46   0   0   6   8   0   0   3   0   4   0   0   0   0   0  19   9   0   0   4  0.64 0.32
  205 F   -3 -4 -4 -5  4 -2 -4 -5 -1  0 -2 -4 -1  5 -5 -2 -1 -1  6 -1    0   0   0   0  10   2   0   0   0   5   0   0   2  32   0   3   4   0  39   3  1.18 0.37
  206 A    3 -3 -2 -3 -3  0 -2  0 -3 -3 -2 -2  0 -4 -3  4  2 -5 -4 -2   37   0   0   0   0   3   0   4   0   0   3   0   3   0   0  39  10   0   0   0  0.72 0.31
  207 I    0 -3 -4 -5  0 -3 -4 -3 -4  4  2 -1  1 -1 -4 -2  0  0 -3  2    9   0   0   0   2   0   0   2   0  32  21   5   3   1   0   0   4   2   0  19  0.44 0.20
  208 I   -2 -1 -5 -5 -1 -3 -4 -5 -4  5  1 -4  4 -2 -5 -4 -2 -3  1  2    1   4   0   0   2   0   0   0   0  53   9   0  14   0   0   0   1   0   5  11  0.82 0.30
  209 M    1 -2 -2 -3 -2  1 -2  1 -2  1  1 -2  2  2 -3 -1  1 -3 -1  0   12   0   0   0   0  12   0  12   0  12  12   0  13  12   0   0  12   0   0   0  0.17 0.10
  210 L   -2 -3  1 -3 -3 -2 -3 -4  3  0  4 -3  2 -1 -3  1 -1 -3 -2  0    0   0   9   0   0   0   0   0  10   0  56   0   6   0   0  13   0   0   0   6  0.47 0.17
  211 N    0 -1  4  2 -3  2 -1 -1  1 -2 -3  0 -2 -4 -3  1  0 -4 -3  0   10   0  33  13   0  14   0   3   4   0   0   3   0   0   0   7   5   0   0   9  0.45 0.14
  212 T    0 -2 -1 -2 -2 -2 -2 -2 -2 -1 -2 -2  0 -1  3  1  4 -3  0  1    6   1   0   1   0   0   1   1   0   1   1   1   3   3  13   7  47   0   3  12  0.50 0.16
  213 S    0 -2  1  4 -3 -1  1 -1 -2 -3 -1 -1 -2 -3  2  1  0 -4 -3 -3    5   1   5  38   0   1   9   3   0   1   6   1   0   0  11  10   6   0   0   1  0.53 0.15
  214 L    0 -1  0 -2 -2  1 -1 -2  0  0  2  0  1  1 -2 -1  0 -2 -1  0   10   3   6   1   0   8   1   2   2   3  31   5   3   6   1   4   5   0   1   8  0.10 0.06
  215 H   -2 -1 -1 -2 -1  0 -2 -3  8 -3 -1 -2 -2 -1 -3 -2 -2  0  2 -1    3   2   1   1   2   2   1   1  62   1   5   1   0   2   1   1   1   2   6   6  1.20 0.32
  216 N   -2  1  6  0 -4 -1 -1 -1  3 -3 -4  0 -4 -4 -3  2 -1 -5 -3 -4    1  10  50   1   0   0   1   3   7   1   0   5   0   0   0  19   1   0   0   0  0.89 0.31
  217 P    1 -1 -2 -2  1  0 -1 -3  0 -3 -3 -1 -2 -2  6 -1  1 -5 -2 -2   11   2   1   1   4   5   2   1   3   1   1   2   1   2  46   4  11   0   1   2  1.00 0.31
  218 N   -1  2  4  1 -1  3 -1 -2  0 -4 -3  1  1 -4 -3  1 -1 -5 -4 -3    2  10  32   7   2  17   1   1   2   0   1   7   4   0   0   9   2   0   0   1  0.61 0.29
  219 V    0  1  1 -2 -3  1  0  0 -1  0  0  0  1  1 -3  0  0 -3  1  0    7   7   7   0   0   7   7   7   0   7   7   7   7   7   0   7   7   0   7   7  0.07 0.10
  220 K    0  1  0  0 -4  1  0  0 -2 -1 -2  3 -2 -4  0  0  0  2 -3 -1    7   8   3   6   0   7   5   6   0   3   4  29   0   0   4   7   4   3   0   4  0.30 0.23
  221 D   -2  3  3  1 -5  0  1 -1  1 -4 -3  2  0 -2  0 -1 -1  0 -1 -3    2  18  15   7   0   3   8   5   4   0   2  17   2   1   4   4   4   2   1   2  0.38 0.26
  222 K   -2  4 -1 -1 -6  1 -1 -4  1 -5 -3  5 -4 -5 -1  0 -1 -6 -5 -2    2  24   3   4   0   6   3   0   3   0   2  38   0   0   3   6   4   0   0   2  0.85 0.47
  223 P   -2  0 -2 -2 -5 -1 -4 -2 -5 -1 -1 -2  8 -3  3 -2 -1 -2 -5 -2    3   5   2   2   0   2   0   3   0   2   3   3  54   1  14   2   3   1   0   1  1.40 0.70
  224 T   -2 -1 -1  0 -1 -2 -2 -2 -4 -2 -3  1  1 -5 -2  3  5 -5 -4 -3    2   4   1   5   2   1   1   2   0   1   1   7   4   0   2  20  46   0   0   0  0.84 0.51
  225 V   -1 -1 -3 -3  2 -1 -1 -3 -3  1  1  2  2  0  0 -1 -1 -4 -1  1    3   2   0   1   7   2   4   1   0   8  18  20   8   5   5   3   2   0   1   9  0.22 0.20
  226 E    0 -1 -1  3 -5  2  4 -3 -1 -3 -3  1  0 -5 -1  0 -1 -5 -4 -2    9   1   2  15   0   7  36   1   1   1   2   7   3   0   3   6   2   0   0   2  0.63 0.37
  227 R    0  2 -1  4 -1  3  2 -1 -1 -5 -3  0 -2 -5 -4 -1 -1 -6 -5 -3    6  10   1  27   1  18  13   5   1   0   3   6   1   0   0   4   2   0   0   1  0.60 0.36
  228 F   -3 -6 -7 -3 -6 -3 -7 -7 -4 -4 -2 -6  1  8 -7 -6 -5  3  3 -3    3   0   0   1   0   1   0   0   0   0   2   0   3  74   0   0   0   4  11   1  2.28 0.88
  229 I   -2 -1 -4 -2  0 -1 -2 -4 -4  4  0  2  0 -1 -4 -1 -1 -5 -2  3    2   3   0   3   3   2   1   1   0  33   6  14   1   3   0   4   2   0   1  22  0.50 0.34
  230 A    0  4  1 -2 -1  0 -1 -2 -1 -3 -2  3 -2 -1 -4  1 -1 -5 -1 -3    9  27   7   1   2   3   3   3   1   2   2  22   1   3   0   9   3   0   2   1  0.50 0.33
  231 M   -3 -2  6 -3 -2 -1 -4 -2 -1 -1 -2 -2  5  0 -5  0 -1 -6 -4 -1    1   2  50   0   1   3   0   2   1   3   4   1  17   4   0   5   2   0   0   4  1.15 0.63
  232 N   -2 -1  5 -3 -2 -2 -2 -4 -2 -2  3 -1  0 -4 -5 -2 -1 -5 -3 -1    3   3  36   0   1   1   2   0   1   1  37   4   2   0   0   1   4   0   1   4  0.83 0.50
  233 R    0  5 -1 -2 -3  1 -1 -4 -1 -4 -2  2 -1 -1 -4  1 -1 -5 -2 -4    6  45   2   2   1   5   4   0   2   1   3  12   2   3   0   9   4   0   1   1  0.82 0.48
  234 G    0 -2  0  0 -2 -1 -1  5 -3 -3 -4  1 -5 -5 -3 -2 -1 -6 -4 -4    6   2   5   5   1   2   4  56   0   2   1   8   0   0   1   2   4   0   1   1  0.97 0.49
  235 I   -1 -4 -2 -3  1 -1 -2 -4 -2  4  1 -3  2  0 -3 -1  0 -4 -1  2    4   0   2   2   3   2   2   1   1  30  15   1   4   4   1   5   5   0   2  18  0.45 0.29
  236 N   -3 -2  6  4 -2 -3 -2 -2 -2 -6 -4 -2  0 -3 -4 -2 -2 -6 -2 -3    1   2  53  23   1   1   2   3   1   0   1   2   3   1   1   2   2   0   1   2  1.38 0.68
  237 D    0 -1  2  4 -3 -1  1  2 -1 -5 -3  0 -3 -4 -2 -1 -2  1 -4 -3    6   2  10  30   1   1  10  19   1   0   3   5   1   1   1   4   1   2   0   1  0.60 0.35
  238 G   -2 -4  1 -1 -2 -1  0  5  0 -6 -5 -1 -3 -4 -3  0 -1 -6 -5 -5    2   1   7   4   1   2   7  57   2   0   1   3   1   1   1   7   3   0   0   1  1.06 0.54
  239 G    0  1  0  0  0  0  1  1  0  0 -2  1  0  0 -1  0  0 -4 -1 -1    7   9   4   4   3   4  10  15   3   8   3   7   3   4   3   5   5   0   3   3  0.08 0.09
  240 D    0  0  1  0  2  1  0  0  2  0 -2  0  1 -2  1  0  0 -3  1  0    6   6   6   6   6   6   6   6   6   6   1   6   6   0   6   6   6   0   6   6  0.09 0.12
  241 L   -1 -4 -4 -5  0 -1 -4 -5  0  1  3 -1  1  4 -1 -2 -2  1  1  0    4   0   0   0   2   2   0   0   3   9  31   4   4  18   3   3   2   2   6   7  0.45 0.30
  242 P   -1 -4  0  2  0 -1 -1 -2 -1 -4 -3 -1 -4  0  5  1  0 -6 -4 -1    5   0   4  13   2   2   4   2   2   0   2   4   0   4  36   9   5   0   0   4  0.79 0.45
  243 E    0  0  0  0 -3  1  0 -1  2  0 -1  0  1  0  1  0  0 -3  1  0    6   6   6   6   0   6   6   6   6   6   6   6   6   6   6   6   6   0   6   6  0.05 0.07
  244 E    0  0  1  2  1  1  4 -1  1 -5 -5  0 -4 -5  0  0 -1  3 -4 -1    7   4   5  12   3   5  29   4   3   0   0   5   0   0   5   5   4   4   0   4  0.48 0.34
  245 L   -2 -2 -4 -2  0 -1 -1 -5 -1  0  2 -2  3  3 -4 -2 -1  1  4  0    2   2   0   2   3   2   4   0   2   5  21   2   9  15   0   2   3   1  17   7  0.48 0.30
  246 L   -1  1 -2 -3 -3  1 -2  0 -1  1  0  1  2  1  1 -1  0 -2  2  0    1   8   0   0   0   8   0   8   0   8   8   8   8   8   8   1   8   0   8   8  0.12 0.11
  247 R   -1  0  0  0  2  0  0 -1  1  0 -1  0  1  0 -3  0  0  3  1  0    5   5   5   5   5   5   5   5   5   5   5   5   5   5   0   5   5   5   5   5  0.06 0.09
  248 N    0  0  0  0  1  1  0  0  1  0 -1  0 -1  0  1  0  0 -3  1  0    6   6   5   6   5   5   6   6   5   6   6   6   0   5   6   6   6   0   5   6  0.04 0.05
  249 L   -1 -5 -5 -6  2 -4 -1 -6 -5  4  3 -5  3  1 -5 -4  0 -4  1  1    5   0   0   0   5   0   5   0   0  24  26   0   9   7   0   0   5   0   5   8  0.68 0.34
  250 Y   -5 -5 -5 -6 -6 -5 -5 -6  3 -4 -4 -5 -4  5 -6 -5 -5  5  7 -5    0   0   0   0   0   0   0   0   9   0   0   0   0  25   0   0   0   9  58   0  2.19 0.59
  251 E   -2 -1  2  5 -1  1  2 -3  2 -3 -3  0 -1 -5 -5 -2 -1  1 -1 -3    4   3  10  36   2   5  12   2   4   2   2   5   2   0   0   2   3   2   2   1  0.70 0.31
  252 S    1  3  1  1  0  0  1 -2  0 -5 -5 -1 -2 -5 -4  3 -1 -6 -4 -3   13  20   8   7   2   3   9   2   2   0   0   2   1   0   0  29   2   0   0   1  0.56 0.28
  253 I   -5 -7 -7 -7 -5 -6 -7 -8 -7  7 -1 -6  1  0 -7 -6 -1 -6 -5  2    0   0   0   0   0   0   0   0   0  77   4   0   3   4   0   0   3   0   0   9  1.95 0.58
  254 K    0  2 -1 -2 -1  2 -1 -3 -1 -2 -1  4 -1 -2 -4  0  0 -5 -4  0    9  11   3   1   1  10   2   1   2   2   6  32   1   1   0   5   6   0   0   7  0.44 0.25
  255 N    1  0  3 -1 -2  1  0 -1  0 -4 -2  2 -1 -2 -4  1  1 -5 -2 -2   10   3  17   2   1   8   5   5   2   0   3  17   2   2   0  12   9   0   1   3  0.34 0.22
  256 E   -2  2  4  1 -2  0  3 -3  2 -4 -4  0 -2 -4 -5 -2 -1 -1 -3 -4    2   9  27   7   1   4  25   2   6   1   1   6   1   1   0   2   4   1   1   1  0.74 0.37
  257 P   -1 -2 -4 -3 -7  1  5 -3 -1 -4 -7  0 -6 -7  4 -2 -3 -7 -6 -6    5   2   0   0   0   7  50   2   1   1   0   5   0   0  25   2   1   0   0   0  1.40 0.59
  258 F   -5 -3 -6 -7 -5 -5 -6 -7 -5  5  2 -4  1  5 -6 -5 -4  1  0 -1    0   2   0   0   0   0   0   0   0  45  17   1   4  25   0   0   0   2   2   1  1.31 0.49
  259 K    0  2 -2 -3 -4  1  1 -4  0  1 -1  4 -1 -3 -3  0  0 -5 -4  1    6  12   1   1   0   6   8   0   2   9   4  27   1   1   1   5   6   0   0  10  0.40 0.25
  260 I   -2 -3 -5 -6 -2 -4 -5 -6 -5  2  3 -3  6  0 -2 -2  0  4  0  1    2   1   0   0   1   0   0   0   0  13  25   1  25   3   2   2   7   7   2   8  0.80 0.37
  261 P    1 -1  1 -1 -2  0 -1 -1 -1 -2 -3  2 -2 -3  5 -1 -2 -5 -3 -2   13   2   6   3   1   4   3   5   1   3   1  13   1   1  34   3   1   0   1   2  0.70 0.33
  262 E    0 -1 -1  2 -3  1  4 -2  0 -1 -3 -1 -1 -5  0  1 -1 -5 -2 -1    8   2   2  13   1   4  34   3   3   3   1   3   1   0   4  10   3   0   1   3  0.49 0.28
  263 D   -3 -2 -1  6 -6  0  4 -3 -1 -4 -5 -1 -5 -4 -3 -1 -2 -7 -4 -4    1   2   2  49   0   3  27   1   2   1   1   4   0   1   1   3   3   0   1   1  1.31 0.54
  264 D   -2 -1  1  5 -2  0  2 -3  4 -4 -5 -2 -5 -3 -2  0 -2 -6 -2 -2    2   2   5  38   1   4  15   2  13   1   0   2   0   1   1   7   2   0   1   3  0.86 0.39
  265 G    1 -2  0  1 -2 -1  1  3 -1 -2 -1 -1  0 -4 -2  1  0 -4 -3 -2   14   2   5   6   1   2   9  27   2   1   5   2   3   0   1  10   7   0   0   3  0.30 0.17
  266 N    0  0  4  3 -4  0  0  1  0 -4 -3  0 -1 -3 -2  1  0 -1 -1 -3    7   4  23  17   0   5   4   9   2   0   3   4   2   1   1   9   6   1   2   1  0.38 0.21
  267 D    0 -1 -1  3 -2  2  2 -1  0 -3 -1  0 -3 -1 -1  0 -1 -4 -1 -2    9   3   1  23   1  10  16   5   2   1   6   6   0   2   2   7   2   0   2   2  0.32 0.18
  268 L   -1 -2  0 -3  0 -2 -2 -2 -1  1  3 -2  2  0 -2 -1 -1 -3 -2  2    3   1   5   1   3   1   3   4   2   7  36   1   6   5   2   4   1   0   0  16  0.30 0.18
  269 T    1  0  0  0 -3  0 -1  1 -1 -1 -2  1  1 -3 -1  1  2 -4 -1  0   10   6   4   5   0   3   2   9   1   4   2   9   4   0   2  13  19   0   2   6  0.17 0.13
  270 H    0  0  2  0 -3  0  1 -3  4 -2 -1  0 -2  0 -3  1  0 -1  1 -1    8   6  10   3   0   4   8   1  16   3   6   6   0   4   0  11   6   1   4   3  0.24 0.15
  271 T    1 -2  0 -1 -3  0 -1 -1  0  0  0 -1  0 -3 -1  1  3 -4 -1  1   10   0   4   3   0   4   3   4   3   6   8   3   2   0   2   9  26   0   2  10  0.21 0.16
  272 F   -1 -3 -1 -2  1 -2  0 -4 -1 -2  0 -3 -2  6 -2 -2 -2  1  3 -1    4   1   3   2   3   1   7   1   1   1  10   1   0  40   2   3   2   2  10   4  0.65 0.32
  273 F   -1 -2 -1  0 -3  0 -2 -2  1  0  1 -2  1  3  1  0 -1  0  1  0    4   2   2   5   0   4   2   3   3   5  14   1   3  20   7   8   2   1   5   9  0.17 0.13
  274 N    0 -1  1  1 -3  1  0  0  2  0 -2  0 -2  1  1  0  0 -3  1  0    7   0   7   7   0   7   7   7   6   7   1   7   0   6   7   7   7   0   6   7  0.10 0.11
  275 P    2 -2 -2  0  3  1 -2 -1  1  0 -3  0 -2 -4  4  1  0 -4 -3 -1   18   0   0   5   7   7   0   5   4   5   1   4   0   0  23   9   5   0   0   5  0.44 0.25
  276 D    1 -1  0  2  0  0  1 -1 -2 -1  0  0  0 -3  1  0  1  1 -3  0   13   3   4  11   2   4  13   3   0   4   8   3   2   0   7   5   8   3   0   6  0.13 0.11
  277 R    0  4  1 -3 -4  1 -2  0  1 -1 -1  2  2 -1  0 -2 -1  2 -1 -1    7  24   6   0   0   6   0   7   3   3   4  14   8   2   4   0   2   4   2   4  0.33 0.27
  278 E    0  0 -2 -2 -4  1  2 -1  2 -3 -1  0  2 -3  3  0  0  3 -2 -2    9   4   0   0   0   6  17   5   8   0   6   6   8   0  15   4   4   6   0   0  0.34 0.19
  279 G    0  1  1  1 -3  2  1  1 -1 -2 -2  1 -2 -3 -2  1 -1 -3 -3  0   10  10   9  10   0   9  10  10   0   0   1  10   0   0   0  10   1   0   0  10  0.23 0.09
  280 W   -1  1 -2 -3 -3 -1  0  0 -2  0  0  1 -1  2 -3 -2  0  5  2  0    4   9   0   0   0   0   8   9   0   4  10   9   0   9   0   0   9  12  10   6  0.24 0.15
  281 L    0  1 -2  0 -3 -1 -1  0 -2  1  0  0  2  1  1 -1  0 -3 -2  0    8   8   0   8   0   0   0   8   0   8   8   8   8   8   8   1   8   0   0   8  0.08 0.09
  282 L    0  0  0 -2  2 -1  0 -3  2  0  0  0  1  1 -3  0  0  3  1  0    6   6   6   0   6   0   6   0   6   6   6   6   6   6   0   6   6   6   6   6  0.12 0.14
  283 K    0  1  1 -1 -3  1  1  0  2  0  0  1 -1 -2 -2  1 -1 -3 -2 -1    9   9   9   0   0   9   9   9   9   9   9   9   0   0   0   9   0   0   0   1  0.15 0.10
  284 L    0  1 -2 -2  2  1  1 -3 -2  1  0  1  2  1 -2  0 -1 -3 -2  0    8   8   0   0   8   8   8   1   0   8   8   8   8   8   0   8   0   0   0   8  0.11 0.11
  285 G    0  0  1 -2  2  0 -2  3  1 -3 -2  0 -2  0  1  1  0 -3 -2 -3    5   5   7   0   6   4   0  26   4   0   5   8   0   4   7  13   5   0   0   0  0.26 0.16
  286 G    0  1 -1  1 -3 -1  1  0  2 -2 -1  1 -1  1  1  0  0 -3 -1 -2    8   8   0   8   0   0   8   8   7   0   8   8   0   7   8   8   8   0   0   0  0.09 0.11
  287 R    0  3  0 -2 -3  0  0 -1  1 -2 -1  2 -2 -3  1  0  0 -3  0 -1   10  22   5   0   0   4   4   5   4   0   8  12   0   0   7   6   4   0   4   6  0.23 0.16
  288 V   -1  1 -2  0  0  0 -1  0  0  1  1  1 -1  0 -1 -1 -1 -3  1  1    4   7   0   5   3   4   3   8   2   9  15  11   0   4   3   3   0   0   5  12  0.04 0.08
  289 K    0  1 -2 -2  1  1  0  1 -2 -2 -1  4 -2 -1  1 -1 -1 -4 -3 -1    9   5   0   1   3   8   4  13   0   0   7  31   0   3   6   1   3   0   0   5  0.31 0.23
  290 T    0  0  1  0 -3 -1 -1  0  0 -1 -2  1 -2 -3 -3  2  3 -4 -3 -1    8   5   5   4   0   0   3   6   3   3   2   9   0   0   0  20  23   0   0   5  0.27 0.24
  291 W   -2 -5 -5 -5  2 -1 -5 -2 -4 -4 -1 -3 -3  0 -1 -2 -4 10  0 -1    3   0   0   0   5   3   0   3   0   0   8   2   0   4   3   3   0  55   2   4  1.94 0.72
  292 K    0  1 -1 -3  2  2 -1  0  3 -4 -4  4 -3 -3 -3  0 -1 -4  0 -3    5   7   1   0   6   9   0   6  10   0   0  36   0   0   0   7   3   0   4   0  0.50 0.34
  293 R   -1  5 -2  0 -4 -1 -2 -3 -2 -3 -4  3 -3 -4 -3  0  0 -4 -3 -1    4  44   0   6   0   0   0   0   0   0   1  19   0   0   0   7   6   0   0   4  0.75 0.39
  294 R   -1  5  0 -3 -4 -1  0  0  1 -3 -1  1 -2  0 -3 -2 -2 -3  0 -3    5  46   3   0   0   0   5   7   4   0   6   5   0   5   0   1   0   0   4   0  0.57 0.32
  295 W   -1 -3 -4 -4 -4 -3 -4 -4  1 -3 -1 -1 -3  0 -4 -3  0  9  4 -3    5   0   0   0   0   0   0   0   4   0   5   4   0   3   0   0   7  45  17   0  1.55 0.51
  296 F   -2 -4 -4  0  3 -4 -4 -4 -3 -1 -2 -4 -2  7 -4 -3 -3 -2  0 -1    4   0   0   5   7   0   0   0   0   2   1   0   0  68   0   0   0   0   0   3  1.31 0.51
  297 I   -2 -3 -4 -4  2 -3 -1 -4 -4  4  0 -2  2 -2 -4 -3 -2 -4 -3  4    1   0   0   0   6   0   5   0   0  36   5   2   6   0   0   0   0   0   0  36  0.67 0.27
  298 L   -3 -3 -4 -4 -3 -3 -3 -4  2  1  4  0  0 -1 -4 -3 -2 -3 -2  1    1   0   0   0   0   0   0   0   8   6  68   6   0   0   0   0   0   0   0   7  0.77 0.31
  299 T    1 -1  2  1  0  1 -1 -2  0 -2 -3  1 -2 -4 -3  2  3 -5 -3  0   10   0  11   6   3   6   0   0   2   0   0  11   0   0   0  17  29   0   0   6  0.42 0.23
  300 D   -1 -3  2  4 -4 -1  2  0 -1 -3 -3 -2  1 -4  3  0 -1 -5 -4 -1    2   0  14  26   0   0  13   9   1   0   0   0   6   0  14   6   2   0   0   6  0.54 0.23
  301 N   -1 -1  5 -1 -4 -1 -2  2  1 -5 -5  0 -4 -5  1  2  0 -5 -4 -4    2   3  41   0   0   1   1  18   4   0   0   3   0   0   7  14   6   0   0   0  0.74 0.29
  302 C    0 -4 -4 -4  8 -4 -4  2 -1 -1 -1 -4 -1 -2 -4 -1 -1 -5 -4 -1    7   0   0   0  49   0   0  18   2   3   6   0   2   1   0   3   3   0   0   5  1.04 0.32
  303 L   -3  0 -5 -6 -4 -4 -5 -6 -4  0  5 -4  0 -1 -5 -4 -3 -4 -3  0    0   7   0   0   0   0   0   0   0   2  85   0   0   0   0   0   0   0   0   5  1.18 0.38
  304 Y   -2  1 -2 -3 -3  1 -1 -3  3  1  1 -1  0  2 -2 -2 -1 -1  2  1    1  12   0   1   0  12   1   1  11  12  12   1   0  12   1   1   1   0  11  12  0.20 0.09
  305 Y   -2 -2 -3 -3 -3 -2 -3 -3  0 -1  0 -2 -1  4  3 -2 -2  0  5 -2    1   1   1   1   0   1   1   1   0   1  11   1   0  22  16   1   1   0  38   1  0.72 0.13
  306 F   -2 -2 -2 -3 -3 -2 -2  1  3 -1  0 -2 -1  4 -3 -2 -2  0  4 -2    1   1   1   1   0   1   1  13  10   1   7   1   0  34   1   1   1   0  24   1  0.47 0.09
  307 E   -1  1  0  0 -3  1  3 -3 -1  0  0  2 -1 -3  0  0  1 -3 -3 -1    1   7   5   5   0   7  22   1   0   9  10  13   0   0   4   4  13   0   0   1  0.25 0.12
  308 Y   -1  0  0  1 -2  1  0 -1  0 -2 -2  0 -2  1  1  1  1 -1  3 -1    4   3   5   7   0   8   3   4   2   1   2   7   0   8   6  14   7   0  14   4  0.17 0.08
  309 T    0  1 -1  0 -3  2  1 -3  0 -1 -2  0  0 -3  3  0  2 -4 -3 -1    5   8   0   6   0  10  12   1   2   3   1   4   2   0  17   3  20   0   0   5  0.37 0.14
  310 T   -1  1  1  0 -4  3  0 -1 -2 -2 -3  1 -2 -4  3  0  3 -4 -3 -2    2  10   6   5   0  15   3   5   0   2   0   6   0   0  14   5  22   0   0   3  0.42 0.20
  311 D   -1 -2  0  6 -4 -1  2 -3 -2 -4 -2  0 -3 -4 -3  1 -2 -5 -4 -4    3   0   3  60   0   0   9   1   0   0   5   5   0   0   0  10   0   0   0   0  1.05 0.29
  312 K    0  2  0  0 -3  0  0 -2  1 -2 -2  3 -2 -3  0  1  1 -4  0 -1    6  10   5   4   0   1   6   1   4   3   2  27   0   0   4   9  10   0   4   3  0.27 0.12
  313 E    0 -1  0  2 -4  4  2 -3  0 -1 -2  0 -2 -3 -1  0  0 -4  0 -2    9   1   3  15   0  24  16   0   2   6   2   5   0   0   2   5   4   0   4   1  0.39 0.17
  314 P   -1 -1 -4 -4 -5 -4 -4 -5 -4 -4  0 -3 -3 -5  7 -3 -2 -6 -5 -4    3   4   0   0   0   0   0   0   0   0  12   0   0   0  79   0   3   0   0   0  2.26 0.49
  315 R   -1  3 -2 -3  1 -1 -2 -3  1  0  0  3  1 -2 -3  1  0 -4 -2  1    0  19   0   0   4   0   0   0   4   7  10  23   4   0   0  12   3   0   0  14  0.27 0.14
  316 G    1  2  1 -2  0 -2 -3  5 -3 -4 -4  0 -3 -4 -3 -1 -1 -5 -4 -2   11  13   7   0   2   0   0  57   0   0   0   4   0   0   0   2   2   0   0   2  0.84 0.23
  317 I    1 -3 -3 -4 -2 -3 -3 -3 -2  4  0 -3  1  2 -3 -1 -1 -2  3  1   13   1   0   1   0   0   1   1   0  42   3   1   5   7   1   3   2   0  17   3  0.42 0.17
  318 I   -2 -3 -3 -4 -2 -3 -3 -4 -3  4  2 -3  2  2 -3 -2  0 -2  0  2    1   1   0   1   0   0   1   1   0  38  18   1   5   9   1   1   5   0   4  15  0.45 0.15
  319 P    0  1 -2 -2 -3  0 -2 -3  3  0 -2 -1 -2 -3  5  1  0 -4 -2 -2    9   8   0   1   0   4   1   1   9  11   1   1   0   0  37  13   3   0   0   1  0.75 0.18
  320 L   -2 -3 -4 -4 -3 -3 -3 -4 -3  1  4 -3  0  1  3 -3 -2 -3 -2 -1    1   1   0   1   0   0   1   1   0   8  62   1   0   5  17   1   1   0   0   1  0.72 0.21
  321 E   -1  0  1  2 -3  0  4 -2  2 -3 -2  0 -2 -3 -2  0  1 -4 -2 -1    4   5   6  14   0   2  34   2   7   1   3   2   0   0   1   6   8   0   0   4  0.43 0.14
  322 N   -2 -2  4  2 -3 -1  0  1  2 -2 -3 -1 -2 -3  1  0  1 -4 -2  0    1   1  30  13   0   1   3  13   7   1   1   1   0   0   7   4  10   0   0   8  0.43 0.16
  323 L   -2 -3 -3 -4 -2 -3 -3 -4 -3  3  3 -3  0  1 -3 -3 -2 -3 -2  3    1   1   1   1   0   1   1   1   0  15  36   1   0   6   1   1   1   0   0  33  0.55 0.18
  324 S    1  1  0  0  0  0 -1  0 -1  0 -1  1 -1 -1 -2  2  1 -3 -2  0   12   6   3   4   2   3   2   6   1   9   5   9   0   2   1  18  10   0   0   6  0.10 0.05
  325 I   -1 -2 -3 -3 -2 -1 -2 -3 -2  3  0 -2  0 -1  1 -2  1 -3  0  3    3   1   1   1   0   4   1   1   0  22   5   1   0   1   7   1  10   0   5  37  0.36 0.14
  326 R   -1  5 -1  0 -1  2  0 -2  1 -3 -3  1 -2 -3  0  0  0 -3 -2 -2    4  47   1   5   1  11   2   1   3   1   1   3   0   1   4   6   6   0   0   2  0.61 0.19
  327 E    0  1 -1  1 -3  1  1  0 -2  0  0  1  1 -2  1 -1  0 -3 -3  0    8   8   0   8   0   7   8   8   0   8   8   8   7   0   8   1   8   0   0   8  0.11 0.10
  328 V    0 -2 -3 -3  2 -2 -3 -3 -3  2  1  0  1 -2 -3  0  0 -3 -1  3    8   0   0   0   5   0   1   1   0   9  12   8   4   0   0   6   6   0   2  37  0.33 0.20
  329 E    0 -2  0  1 -3  2  4 -1  1 -1 -3 -1  0 -3 -1  1  0 -4 -3 -1    9   1   3   7   0   8  32   4   4   3   1   1   4   0   2  12   5   0   0   4  0.38 0.20
  330 D   -1 -1  1  4 -4  0  2 -1 -2 -2 -2 -1 -1 -1 -3  0  0 -4 -1 -1    5   3   6  36   0   4  12   3   0   3   3   3   2   3   1   7   4   0   2   3  0.44 0.21
  331 S    0  1 -2  0  2  0 -2 -2 -2  0 -1  2 -2 -3  3  1  1 -4 -3  0    5   6   0   4   5   5   0   3   0   5   8  14   0   0  16  15   8   0   0   5  0.28 0.17
  332 K   -1  2  0  0 -3  1  0  1  1 -3 -3  3 -2 -3  0  1  1 -4 -3 -3    1  12   3   5   0   7   4  12   3   1   1  22   0   0   4  12  11   0   0   1  0.35 0.18
  333 K   -1  4 -2  0 -4 -1 -2  0  1 -4 -3  4 -3  0 -3 -2 -2 -4  0 -4    4  31   0   6   0   0   1   8   4   1   1  32   0   5   1   1   1   0   4   1  0.72 0.33
  334 P    0 -1  1  1 -3  1  1  1 -1 -2 -1  1 -1 -3  2  1 -1 -3 -3 -2   10   0   9  10   0   9  10  10   0   0  10  10   0   0  10  10   1   0   0   1  0.24 0.09
  335 N    0 -1  2  0 -3 -1  1  0  2 -2 -2  0 -2  1 -2  1  1 -2  1 -1    5   1  11   3   0   1  12   7   8   1   1   5   0   9   1  11  12   0   5   6  0.16 0.09
  336 C    1 -2 -2 -2  4  0  0 -1 -2  0  1 -2  1 -2 -2  1  1 -3  0  0   10   1   1   1  16   5   5   5   0   5  13   1   5   0   1   9  13   0   4   5  0.18 0.10
  337 F   -3  2 -3 -4 -3 -3 -3 -4 -3 -2  1 -2 -1  6 -4 -2  1  5  0 -2    1  13   0   1   0   0   1   1   0   1  15   1   0  44   1   1  10  10   0   1  0.81 0.25
  338 E   -1  2 -1  0 -4  1  4 -3 -2 -2 -3  0  0 -4  1  1 -1 -4  0 -1    3  11   2   4   0   5  40   0   0   2   0   2   3   0   6  11   3   0   4   4  0.52 0.22
  339 L    1 -3 -4 -4 -3 -3 -4 -1 -4  2  4 -3  0  2 -3 -3 -2 -3 -2  0   12   0   0   0   0   0   0   7   0  14  49   0   0  10   0   0   0   0   0   5  0.53 0.21
  340 Y    0  0 -2 -2 -2 -1  0 -3  1  0  1 -2  2  1 -2  1  0 -1  3  0    7   5   0   0   0   0   6   1   5   7  12   0  10   5   0  11   6   0  17   6  0.17 0.10
  341 I    0 -2  0 -2 -1  1  1 -1  3  3 -1 -1 -1 -2 -1 -1  0 -3 -2  0    7   0   5   1   1   7  11   5   9  30   4   2   0   0   2   4   7   0   0   3  0.17 0.14
  342 P    1 -2  2 -1 -3 -1  2  0 -2 -3 -2 -2 -2 -3  4  0  0 -4  0 -2   15   1  11   1   0   0  18   6   0   1   4   1   0   0  28   5   4   0   4   2  0.58 0.22
  343 D   -1 -1  1  5 -4  0  1  1  0 -4 -2 -2 -3 -4 -1  1 -2 -5 -4 -3    4   2   6  42   0   4   6  11   2   0   5   0   0   0   2  13   0   0   0   0  0.63 0.25
  344 N   -1  1  2  0  0 -1 -1  1  0 -2 -2  1  0 -3  3  1  0  2 -3 -3    4   7  13   4   2   0   2  11   3   2   2  11   3   0  15  12   6   4   0   0  0.31 0.15
  345 K    1  3 -1 -2 -3  2  1  0  0 -2 -3  2 -2 -3 -2  0  1 -4 -3 -2   12  17   2   0   0  10   9   5   3   3   0  19   0   0   0   6  12   0   0   0  0.36 0.16
  346 D    0 -1  1  2 -3  0  0  2  1 -1 -1  1 -1  0  0  0  0 -3 -2  0    5   1   6  13   0   3   3  16   6   2   5  10   0   5   4   3   5   0   0  13  0.11 0.07
  347 Q   -2  2  1 -2 -4  4  1  2 -1 -3 -2  1  0 -3 -3 -1 -2 -3  1 -3    1  10   6   0   0  28  10  19   0   0   3  10   3   0   0   2   0   0   6   0  0.48 0.21
  348 V    0 -1 -2 -3 -2  1 -2 -3  1  1  1  0  1  1 -1  0  1 -3 -1  1    8   3   0   0   0   7   0   0   4   9  19   5   5   8   2   6  13   0   0  10  0.13 0.09
  349 I   -1 -4 -4 -5 -3 -4 -4 -5 -4  5  0 -1  1  1 -4  0 -2 -4 -3  2    5   0   0   0   0   0   0   0   0  59   3   4   3   6   0   7   0   0   0  13  0.82 0.32
  350 K    0  2 -2 -3 -5  1 -1 -4 -3 -5 -4  6  0 -5 -3 -2 -1 -6 -4 -4    7   9   0   0   0   6   0   0   0   0   0  72   2   0   0   0   4   0   0   0  1.34 0.45
  351 A    4 -3 -2 -1 -3 -2 -2  0  2 -3 -3 -2  0  0 -3  3 -1 -4 -3 -3   51   0   0   3   0   0   0   6   7   0   0   0   3   5   0  25   0   0   0   0  0.73 0.33
  352 C    0 -4 -4 -5  8 -4 -4 -4 -5 -2 -3 -1 -3 -4  0  1 -2  1 -4  2    8   0   0   0  47   0   0   0   0   0   0   4   0   0   6  13   0   2   0  20  1.20 0.40
  353 K   -3  2  1 -3 -5 -1 -2 -4 -3 -4 -4  6 -3 -5 -3  0 -2 -6 -4  0    0   9   6   0   0   0   0   0   0   0   0  73   0   0   0   6   0   0   0   7  1.32 0.46
  354 T    1 -2 -2 -3 -3 -2 -3 -3 -3  1  1 -1  2 -2 -3  1  4 -4  1  0   10   1   0   0   0   0   0   0   0   9  14   3   6   0   0   8  40   0   6   4  0.47 0.24
  355 E   -1  1  2  2 -3  0  3 -1 -2 -3 -3  1 -1 -4 -2  0  3 -4 -3 -3    4   6   9  14   0   1  20   4   0   0   1  10   2   0   0   3  25   0   0   0  0.44 0.19
  356 A    1  1 -1  0 -3  0 -1  1 -2 -2 -1  1 -2 -3  3  2  0 -4 -3 -1    9   7   1   7   0   3   1  10   0   0   9   8   0   0  16  19   4   0   0   4  0.27 0.10
  357 D   -2 -2  2  4 -4  1  2  1  2 -4 -2  0 -3 -4 -3  0 -1 -4 -3 -3    1   0  10  30   0   5  13  11   8   0   4   5   0   0   0   7   3   0   0   0  0.50 0.17
  358 G   -2 -3 -2 -3 -4 -3 -3  6 -3 -5 -5 -1 -4 -4  1  0 -3 -4 -4 -4    1   0   0   0   0   0   1  76   0   0   1   4   0   0   8   5   0   0   0   1  1.42 0.35
  359 R    1  3  0 -2 -3 -1 -1  0  0 -3 -2  3 -1 -3  2  0  0 -1 -3 -3   11  18   5   0   0   0   2   8   2   0   4  23   2   0  11   5   7   1   0   0  0.36 0.14
  360 V   -1 -3 -3 -4 -2 -2 -3 -3 -3  1  2 -3  3 -1 -3 -1  1 -3 -2  4    4   1   0   1   0   0   1   1   0   1  24   1  10   2   1   4   9   0   0  42  0.48 0.20
  361 V    1 -1 -3 -4 -3  1 -1 -4 -3  2 -1  0 -1 -3 -3 -1  0 -4 -3  4   16   2   0   0   0   6   4   0   0  10   0   5   0   0   0   1   6   0   0  49  0.51 0.25
  362 E   -2  0 -2  0 -5  4  5  0 -2 -4 -4  0 -1 -5 -1  0 -1 -5 -4 -3    0   3   0   3   0  21  47   8   0   0   0   3   1   0   3   8   2   0   0   2  0.83 0.30
  363 G   -1 -4 -2 -3 -5 -3 -1  6  0 -4 -1 -3 -4 -4 -4  0 -3  0 -4 -4    3   0   0   0   0   0   5  73   3   0   8   0   0   0   0   5   0   2   0   0  1.24 0.35
  364 N   -2  2  4 -1 -4  2 -1  0  5 -4 -4  2 -3 -4 -3 -1 -1 -4 -2 -4    0  12  28   0   0  12   0   8  18   0   0  17   0   0   0   0   3   0   0   0  0.74 0.25
  365 H   -3 -2 -2 -3 -5  1  1 -4  9 -5 -5 -2 -4 -4 -4  0 -3 -4 -1 -5    0   0   0   0   0   6   8   0  76   0   0   0   0   0   0   8   0   0   0   0  2.10 0.52
  366 T    0  1 -1  1  0  1  0 -2 -1 -2 -1  0  0 -1  0  1  3 -3  0 -1    9  11   0  10   2   6   4   1   1   0   5   5   3   2   3   6  24   0   3   3  0.19 0.11
  367 V    0 -1 -1 -3 -3 -2 -1 -3  1  1 -2  1 -1 -2 -3  2  1 -4 -3  3    2   3   2   0   0   0   2   0   4   7   0  11   0   1   0  24   6   0   0  37  0.35 0.20
  368 Y   -4 -4 -4 -5 -4 -4 -5 -5 -1 -1  1 -4 -2  5 -5 -4 -3  0  7 -3    0   0   0   0   0   0   0   0   0   3  12   0   0  24   0   0   0   0  57   0  1.54 0.39
  369 R   -2  5 -2 -3 -4 -1 -2 -4 -2  0  0  2  0  0 -3 -1  0 -3  2  0    0  44   0   0   0   0   0   0   0   5   8   9   3   3   0   4   4   0   8   9  0.55 0.22
  370 I   -3 -3 -4 -4  2 -3 -4 -4 -3  3  2 -3  4  4 -4 -3 -2 -2 -1  0    1   0   0   0   5   0   0   1   0  27  23   0  16  22   0   1   0   0   0   1  0.66 0.22
  371 S    2  2 -1 -2  4  0  0 -2 -2 -3 -3  1 -2 -3 -2  3  0 -4 -3 -2   23  13   1   0  12   2   5   1   0   0   1   7   0   0   0  26   5   0   0   2  0.42 0.17
  372 A    5 -3 -3 -4 -3 -3 -3 -2 -4 -3 -1  0 -3 -4 -3  0  0 -5 -4 -2   82   0   0   0   0   0   0   0   0   0   8   4   0   0   0   3   4   0   0   0  1.13 0.40
  373 P    3 -3 -2  0 -3 -2  0  0 -3 -4 -4 -2 -3 -2  5  2  0 -5 -4 -2   28   0   0   6   0   0   4   8   0   0   0   0   0   2  32  16   3   0   0   2  0.80 0.24
  374 T   -1 -2  3 -1 -3 -2 -2 -2 -2 -3 -4  0 -1 -4 -3  4  4 -5 -4 -2    0   0  15   2   0   0   1   1   0   0   0   4   1   0   0  41  34   0   0   1  0.85 0.32
  375 P    2  1  0  0 -3  3  2 -2 -1 -2 -2 -1  0 -3  2  0  0 -3  0 -2   21   8   3   4   0  16  14   1   0   2   3   0   2   0   9   5   6   0   4   1  0.29 0.13
  376 E    1  1  1  2 -4  0  4 -3  0 -2 -3  0 -3 -4 -3  0 -1 -5 -4 -3   14  10   7  13   0   0  42   0   2   2   2   3   0   0   0   3   1   0   0   0  0.63 0.22
  377 E   -3 -3 -2  3 -6  0  6 -4 -2 -1 -5 -2 -4 -5 -3 -1 -3 -6 -5 -4    0   0   0  16   0   1  76   0   0   4   0   0   0   0   0   2   0   0   0   0  1.52 0.42
  378 K    0  4 -2 -3 -4  0 -2 -4 -2 -2  0  3  3 -3 -3 -1 -1 -4 -3  0    7  35   0   0   0   2   0   0   0   0  10  19  14   0   0   3   2   0   0   7  0.57 0.23
  379 E   -2  1  3  5 -5  2  2 -3 -2 -2 -4 -1 -1 -1 -3 -2 -2 -5 -4 -4    1   7  15  44   0  11  13   0   0   3   0   1   2   3   0   0   0   0   0   0  0.86 0.26
  380 D   -1  1 -2  1 -5  1  4 -2 -2 -1 -3  2 -3 -4 -3  0 -2 -5 -4  0    2   8   0   7   0   5  45   2   0   3   1  12   0   0   0   9   0   0   0   7  0.63 0.22
  381 W   -6 -6 -7 -8 -6 -5 -7 -6 -5 -6 -5 -7 -4 -2 -8 -6 -6 12 -1 -6    0   0   0   0   0   0   0   0   0   0   0   0   0   0   0   0   0 100   0   0  4.59 0.79
  382 I   -3 -4 -5 -6 -3 -4 -5 -6 -5  5  1 -4  4 -2 -5 -4 -2 -4 -3  4    0   0   0   0   0   0   0   0   0  54   4   0  13   0   0   0   0   0   0  30  1.11 0.33
  383 K    1  2  0  3 -4  1  2 -2  1 -4 -4  3 -3 -4 -2  0 -1 -5 -3 -3   11  11   4  18   0   7  12   1   3   0   0  25   0   0   0   7   3   0   0   0  0.51 0.17
  384 C    4 -1 -3 -3  5 -2 -3 -1 -3 -3 -3 -2  1 -4 -3  2  1 -4 -4 -1   46   2   0   0  16   0   0   2   0   0   0   0   5   0   0  18   7   0   0   3  0.68 0.26
  385 I    0 -5 -5 -6 -3 -4 -5 -5 -5  6  2 -4  0  1 -5 -4 -2 -4 -3  1    7   0   0   0   0   0   0   0   0  66  21   0   0   5   0   0   0   0   0   1  1.03 0.32
  386 K   -1  4 -1 -2 -5  3  2 -3 -1 -3 -1  3  0 -4 -3 -1 -2 -4 -3 -3    2  31   1   0   0  18  17   0   0   0   8  18   3   0   0   2   0   0   0   0  0.70 0.22
  387 N    2  1  1 -2 -3  0  0 -1 -2  0 -2  1 -1 -3 -2  2  2 -4 -3 -1   19   6   8   0   0   4   5   3   0   9   0   6   2   0   0  25  13   0   0   0  0.30 0.12
  388 T    2 -2  1 -1  2 -1  1 -2  2 -2 -2  0  0 -3 -2  3  0 -4 -2  0   21   0   9   0   6   0  10   0   6   0   0   4   3   0   0  31   1   0   0   9  0.33 0.12
  389 S    1 -2 -2  0 -2 -2 -2 -2 -3  2  0 -2 -1 -2 -2  2  2 -4 -3  2   14   0   0   5   0   0   0   0   0  20   7   0   0   0   0  20  18   0   0  16  0.28 0.09
  390 P   -1  0 -1 -2 -3 -1 -2  0  4 -3 -3 -1 -3 -3  5  2  2 -4 -2 -3    0   6   0   0   0   0   0   8  17   0   0   0   0   0  34  18  17   0   0   0  0.84 0.13
  391 R    0  5 -1 -2 -3  1 -1 -3 -1 -1 -1  2 -1 -3 -3  0  0 -4 -3 -2    9  53   0   0   0   5   0   0   0   6   7   6   0   0   0   6   7   0   0   0  0.58 0.10
  392 G    0 -1  0  2 -3  2  0  1 -1 -3 -3 -1 -2  2 -2  3  0 -3 -1 -2    0   0   0  13   0  13   0  10   0   0   0   0   0  14   0  50   0   0   0   0  0.39 0.04
  393 H   -1 -1 -1 -1 -3  0  1 -2  6 -2 -1 -1 -2 -2  2  2 -1 -3  0 -2    0   0   0   0   0   0  12   0  37   0  11   0   0   0  13  27   0   0   0   0  0.53 0.05
  394 M   -2 -2 -3 -4 -3 -1 -3 -4  3  1  3 -2  6 -1 -3 -2 -1 -2 -1  0    0   0   0   0   0   0   0   0  11   0  25   0  64   0   0   0   0   0   0   0  0.68 0.08
  395 E   -2 -2  0  4 -4  0  3 -3 -1 -2  0 -1 -1  2 -2 -1 -2 -3 -1 -2    0   0   0  33   0   0  34   0   0   0  17   0   0  16   0   0   0   0   0   0  0.47 0.02
  396 A    2 -1 -2 -3 -2 -1 -1 -2 -2  0  1  2  0 -2 -2  0 -1 -3 -2  1   38   0   0   0   0   0   0   0   0   0  24  20   0   0   0   0   0   0   0  18  0.21 0.01
  397 S    2  3  0 -1 -2  0 -1 -1 -1 -3 -3  0 -2 -3 -1  3  1 -4 -2 -2   25  25   0   0   0   0   0   0   0   0   0   0   0   0   0  50   0   0   0   0  0.50 0.01
  398 W    2 -1 -2 -3 -3 -1 -2 -2 -2 -3 -2  2 -2 -1 -2 -1 -2  8  0 -2   28   0   0   0   0   0   0   0   0   0   0  25   0   0   0   0   0  47   0   0  1.03 0.02
  399 K    0  1  0 -1 -3  3  1 -2  0 -3 -3  4 -1 -3 -2  2  0 -4 -2 -3    0   0   0   0   0  25   0   0   0   0   0  47   0   0   0  28   0   0   0   0  0.58 0.02
  400 L   -2  3 -2 -3 -3 -1 -2 -4 -2  0  3  0  1 -1 -3 -2 -2 -3 -2  0    0  35   0   0   0   0   0   0   0   0  65   0   0   0   0   0   0   0   0   0  0.43 0.01
  401 H    0 -1  0 -1 -3  0  0 -2  7 -3 -3 -1 -2 -2 -2  2  0 -3  1 -3    0   0   0   0   0   0   0   0  65   0   0   0   0   0   0  35   0   0   0   0  0.76 0.01
  402 L   -1 -3 -4 -4 -2 -3 -3 -4 -3  2  3 -3  2  0 -3 -3 -1 -3 -2  2    0   0   0   0   0   0   0   0   0   0  67   0   0   0   0   0   0   0   0  33  0.50 0.01
  403 P    0  0  0 -1 -3  0  0 -2 -1 -3 -3  3 -2 -3  5  2  0 -4 -3 -3    0   0   0   0   0   0   0   0   0   0   0  33   0   0  32  35   0   0   0   0  0.80 0.01
  404 A    4 -1 -1 -1 -1 -1 -1  0 -1 -1 -1 -1 -1 -2  0  1  0 -2 -1  0   70   2   1   2   1   1   2   2   1   2   3   2   1   1   2   2   2   0   1   2  0.33 0.00
  405 S    1 -1  0 -1 -2 -1 -1 -1 -1 -2 -2 -1 -2 -3 -1  4  3 -4 -2 -1    0   0   0   0   0   0   0   0   0   0   0   0   0   0   0  65  35   0   0   0  0.63 0.01
  406 P   -1 -2 -3 -2 -4 -2 -2 -3 -3 -4 -3 -2 -3 -4  8 -1 -2 -5 -4 -3    0   0   0   0   0   0   0   0   0   0   0   0   0   0 100   0   0   0   0   0  2.67 0.02
  407 A    4 -2 -2 -3 -1 -1 -1 -1 -2  0  0 -1  4 -2 -1  0  0 -3 -2  0   67   0   0   0   0   0   0   0   0   0   0   0  33   0   0   0   0   0   0   0  0.39 0.01
  408 A    4 -2 -1 -2 -1 -1 -1 -1 -2 -1 -2 -1 -1 -3 -1  1  3 -3 -2  0   65   0   0   0   0   0   0   0   0   0   0   0   0   0   0   0  35   0   0   0  0.50 0.01
  409 V    1 -2 -1 -2 -1 -1 -1 -2 -2  1 -1 -1  0 -2 -2  3  1 -3 -2  3    0   0   0   0   0   0   0   0   0   0   0   0   0   0   0  50   0   0   0  50  0.32 0.00
  410 V    1 -2 -1 -2 -1 -1 -1 -2 -2  1 -1 -1  0 -2 -2  3  1 -3 -2  3    0   0   0   0   0   0   0   0   0   0   0   0   0   0   0  50   0   0   0  50  0.32 0.00
  411 A    4 -2 -2 -2 -1 -1 -1  0 -2 -2 -2 -1 -1 -3 -1  1  0 -3 -2  0  100   0   0   0   0   0   0   0   0   0   0   0   0   0   0   0   0   0   0   0  0.61 0.00
  412 I   -2 -3 -4 -4 -2 -3 -4 -5 -4  4  1 -3  1  0 -3 -3 -1 -3 -2  3    0   0   0   0   0   0   0   0   0   0   0   0   0   0   0   0   0   0   0   0  0.00     0.00
  413 A    4 -2 -2 -2 -1 -1 -1  0 -2 -2 -2 -1 -1 -3 -1  1  0 -3 -2  0    0   0   0   0   0   0   0   0   0   0   0   0   0   0   0   0   0   0   0   0  0.00     0.00
  414 V    0 -3 -3 -4 -1 -2 -3 -4 -3  3  1 -3  1 -1 -3 -2  0 -3 -2  4    0   0   0   0   0   0   0   0   0   0   0   0   0   0   0   0   0   0   0   0  0.00     0.00
  415 V    0 -3 -3 -4 -1 -2 -3 -4 -3  3  1 -3  1 -1 -3 -2  0 -3 -2  4    0   0   0   0   0   0   0   0   0   0   0   0   0   0   0   0   0   0   0   0  0.00     0.00
  416 T    0 -1  0 -1 -1 -1 -1 -2 -2 -1 -2 -1 -1 -2 -2  1  5 -3 -2  0    0   0   0   0   0   0   0   0   0   0   0   0   0   0   0   0   0   0   0   0  0.00     0.00
  417 A    4 -2 -2 -2 -1 -1 -1  0 -2 -2 -2 -1 -1 -3 -1  1  0 -3 -2  0    0   0   0   0   0   0   0   0   0   0   0   0   0   0   0   0   0   0   0   0  0.00     0.00
  418 S    1 -1  0 -1 -2  0  0 -1 -1 -3 -3 -1 -2 -3 -1  5  1 -4 -2 -2    0   0   0   0   0   0   0   0   0   0   0   0   0   0   0   0   0   0   0   0  0.00     0.00
  419 T    0 -1  0 -1 -1 -1 -1 -2 -2 -1 -2 -1 -1 -2 -2  1  5 -3 -2  0    0   0   0   0   0   0   0   0   0   0   0   0   0   0   0   0   0   0   0   0  0.00     0.00
  420 L   -2 -3 -4 -5 -2 -3 -4 -4 -3  1  4 -3  2  0 -3 -3 -2 -2 -2  1    0   0   0   0   0   0   0   0   0   0   0   0   0   0   0   0   0   0   0   0  0.00     0.00
  421 V    0 -3 -3 -4 -1 -2 -3 -4 -3  3  1 -3  1 -1 -3 -2  0 -3 -2  4    0   0   0   0   0   0   0   0   0   0   0   0   0   0   0   0   0   0   0   0  0.00     0.00
  422 L   -2 -3 -4 -5 -2 -3 -4 -4 -3  1  4 -3  2  0 -3 -3 -2 -2 -2  1    0   0   0   0   0   0   0   0   0   0   0   0   0   0   0   0   0   0   0   0  0.00     0.00
  423 L   -2 -3 -4 -5 -2 -3 -4 -4 -3  1  4 -3  2  0 -3 -3 -2 -2 -2  1    0   0   0   0   0   0   0   0   0   0   0   0   0   0   0   0   0   0   0   0  0.00     0.00
  424 L   -2 -3 -4 -5 -2 -3 -4 -4 -3  1  4 -3  2  0 -3 -3 -2 -2 -2  1    0   0   0   0   0   0   0   0   0   0   0   0   0   0   0   0   0   0   0   0  0.00     0.00
  425 I   -2 -3 -4 -4 -2 -3 -4 -5 -4  4  1 -3  1  0 -3 -3 -1 -3 -2  3    0   0   0   0   0   0   0   0   0   0   0   0   0   0   0   0   0   0   0   0  0.00     0.00
  426 P   -1 -2 -3 -2 -4 -2 -2 -3 -2 -3 -3 -1 -3 -4  8 -1 -2 -5 -4 -3    0   0   0   0   0   0   0   0   0   0   0   0   0   0   0   0   0   0   0   0  0.00     0.00
  427 G    0 -3 -1 -2 -4 -2 -3  6 -3 -5 -4 -2 -3 -4 -3 -1 -2 -4 -4 -4    0   0   0   0   0   0   0   0   0   0   0   0   0   0   0   0   0   0   0   0  0.00     0.00
  428 D   -2 -2  1  6 -4 -1  1 -2 -1 -4 -5 -1 -4 -4 -2 -1 -1 -5 -4 -4    0   0   0   0   0   0   0   0   0   0   0   0   0   0   0   0   0   0   0   0  0.00     0.00
  429 S    1 -1  0 -1 -2  0  0 -1 -1 -3 -3 -1 -2 -3 -1  5  1 -4 -2 -2    0   0   0   0   0   0   0   0   0   0   0   0   0   0   0   0   0   0   0   0  0.00     0.00
  430 E   -1 -1 -1  1 -5  2  5 -3  0 -4 -4  0 -2 -4 -2  0 -1 -4 -3 -3    0   0   0   0   0   0   0   0   0   0   0   0   0   0   0   0   0   0   0   0  0.00     0.00
  431 C   -1 -4 -3 -4  8 -3 -5 -4 -4 -2 -2 -4 -2 -3 -4 -2 -1 -3 -3 -1    0   0   0   0   0   0   0   0   0   0   0   0   0   0   0   0   0   0   0   0  0.00     0.00
  432 Q   -1  1  0 -1 -3  6  2 -2  1 -3 -3  1  0 -3 -2  0 -1 -2 -2 -2    0   0   0   0   0   0   0   0   0   0   0   0   0   0   0   0   0   0   0   0  0.00     0.00
  433 E   -1 -1 -1  1 -5  2  5 -3  0 -4 -4  0 -2 -4 -2  0 -1 -4 -3 -3    0   0   0   0   0   0   0   0   0   0   0   0   0   0   0   0   0   0   0   0  0.00     0.00
  434 W   -3 -3 -4 -5 -3 -2 -4 -4 -3 -3 -2 -4 -2  0 -5 -4 -3 10  2 -3    0   0   0   0   0   0   0   0   0   0   0   0   0   0   0   0   0   0   0   0  0.00     0.00
  435 P   -1 -2 -3 -2 -4 -2 -2 -3 -2 -3 -3 -1 -3 -4  8 -1 -2 -5 -4 -3    0   0   0   0   0   0   0   0   0   0   0   0   0   0   0   0   0   0   0   0  0.00     0.00
  436 S    1 -1  0 -1 -2  0  0 -1 -1 -3 -3 -1 -2 -3 -1  5  1 -4 -2 -2    0   0   0   0   0   0   0   0   0   0   0   0   0   0   0   0   0   0   0   0  0.00     0.00
  437 G    0 -3 -1 -2 -4 -2 -3  6 -3 -5 -4 -2 -3 -4 -3 -1 -2 -4 -4 -4    0   0   0   0   0   0   0   0   0   0   0   0   0   0   0   0   0   0   0   0  0.00     0.00
  438 N   -2 -1  6  1 -3  0 -1 -1  0 -4 -4  0 -3 -4 -3  0  0 -4 -3 -3    0   0   0   0   0   0   0   0   0   0   0   0   0   0   0   0   0   0   0   0  0.00     0.00
  439 E   -1 -1 -1  1 -5  2  5 -3  0 -4 -4  0 -2 -4 -2  0 -1 -4 -3 -3    0   0   0   0   0   0   0   0   0   0   0   0   0   0   0   0   0   0   0   0  0.00     0.00
  440 P   -1 -2 -3 -2 -4 -2 -2 -3 -2 -3 -3 -1 -3 -4  8 -1 -2 -5 -4 -3    0   0   0   0   0   0   0   0   0   0   0   0   0   0   0   0   0   0   0   0  0.00     0.00
  441 G    0 -3 -1 -2 -4 -2 -3  6 -3 -5 -4 -2 -3 -4 -3 -1 -2 -4 -4 -4    0   0   0   0   0   0   0   0   0   0   0   0   0   0   0   0   0   0   0   0  0.00     0.00
  442 P   -1 -2 -3 -2 -4 -2 -2 -3 -2 -3 -3 -1 -3 -4  8 -1 -2 -5 -4 -3    0   0   0   0   0   0   0   0   0   0   0   0   0   0   0   0   0   0   0   0  0.00     0.00
  443 A    4 -2 -2 -2 -1 -1 -1  0 -2 -2 -2 -1 -1 -3 -1  1  0 -3 -2  0    0   0   0   0   0   0   0   0   0   0   0   0   0   0   0   0   0   0   0   0  0.00     0.00
  444 F   -3 -3 -4 -4 -3 -3 -4 -4 -2  0  0 -4  0  6 -4 -3 -2  0  3 -1    0   0   0   0   0   0   0   0   0   0   0   0   0   0   0   0   0   0   0   0  0.00     0.00
  445 T    0 -1  0 -1 -1 -1 -1 -2 -2 -1 -2 -1 -1 -2 -2  1  5 -3 -2  0    0   0   0   0   0   0   0   0   0   0   0   0   0   0   0   0   0   0   0   0  0.00     0.00
  446 M   -1 -2 -3 -4 -2  0 -2 -3 -2  1  2 -2  6  0 -3 -2 -1 -2 -2  1    0   0   0   0   0   0   0   0   0   0   0   0   0   0   0   0   0   0   0   0  0.00     0.00
  447 P   -1 -2 -3 -2 -4 -2 -2 -3 -2 -3 -3 -1 -3 -4  8 -1 -2 -5 -4 -3    0   0   0   0   0   0   0   0   0   0   0   0   0   0   0   0   0   0   0   0  0.00     0.00
  448 L   -2 -3 -4 -5 -2 -3 -4 -4 -3  1  4 -3  2  0 -3 -3 -2 -2 -2  1    0   0   0   0   0   0   0   0   0   0   0   0   0   0   0   0   0   0   0   0  0.00     0.00
  449 T    0 -1  0 -1 -1 -1 -1 -2 -2 -1 -2 -1 -1 -2 -2  1  5 -3 -2  0    0   0   0   0   0   0   0   0   0   0   0   0   0   0   0   0   0   0   0   0  0.00     0.00
  450 H   -2  0  0 -1 -4  1  0 -3  8 -4 -3 -1 -2 -2 -2 -1 -2 -3  2 -3    0   0   0   0   0   0   0   0   0   0   0   0   0   0   0   0   0   0   0   0  0.00     0.00
  451 L   -2 -3 -4 -5 -2 -3 -4 -4 -3  1  4 -3  2  0 -3 -3 -2 -2 -2  1    0   0   0   0   0   0   0   0   0   0   0   0   0   0   0   0   0   0   0   0  0.00     0.00
  452 P   -1 -2 -3 -2 -4 -2 -2 -3 -2 -3 -3 -1 -3 -4  8 -1 -2 -5 -4 -3    0   0   0   0   0   0   0   0   0   0   0   0   0   0   0   0   0   0   0   0  0.00     0.00
  453 E   -1 -1 -1  1 -5  2  5 -3  0 -4 -4  0 -2 -4 -2  0 -1 -4 -3 -3    0   0   0   0   0   0   0   0   0   0   0   0   0   0   0   0   0   0   0   0  0.00     0.00
  454 D   -2 -2  1  6 -4 -1  1 -2 -1 -4 -5 -1 -4 -4 -2 -1 -1 -5 -4 -4    0   0   0   0   0   0   0   0   0   0   0   0   0   0   0   0   0   0   0   0  0.00     0.00
  455 T    0 -1  0 -1 -1 -1 -1 -2 -2 -1 -2 -1 -1 -2 -2  1  5 -3 -2  0    0   0   0   0   0   0   0   0   0   0   0   0   0   0   0   0   0   0   0   0  0.00     0.00
  456 T    0 -1  0 -1 -1 -1 -1 -2 -2 -1 -2 -1 -1 -2 -2  1  5 -3 -2  0    0   0   0   0   0   0   0   0   0   0   0   0   0   0   0   0   0   0   0   0  0.00     0.00
  457 R   -2  6 -1 -2 -4  1 -1 -3  0 -3 -3  2 -2 -3 -2 -1 -1 -3 -2 -3    0   0   0   0   0   0   0   0   0   0   0   0   0   0   0   0   0   0   0   0  0.00     0.00
  458 G    0 -3 -1 -2 -4 -2 -3  6 -3 -5 -4 -2 -3 -4 -3 -1 -2 -4 -4 -4    0   0   0   0   0   0   0   0   0   0   0   0   0   0   0   0   0   0   0   0  0.00     0.00
  459 R   -2  6 -1 -2 -4  1 -1 -3  0 -3 -3  2 -2 -3 -2 -1 -1 -3 -2 -3    0   0   0   0   0   0   0   0   0   0   0   0   0   0   0   0   0   0   0   0  0.00     0.00
  460 N   -2 -1  6  1 -3  0 -1 -1  0 -4 -4  0 -3 -4 -3  0  0 -4 -3 -3    0   0   0   0   0   0   0   0   0   0   0   0   0   0   0   0   0   0   0   0  0.00     0.00

                      K         Lambda
Standard Ungapped    0.1787     0.3426
Standard Gapped      0.1100     0.3190
PSI Ungapped         0.1787     0.3426
PSI Gapped           0.1100     0.3190
