
Last position-specific scoring matrix computed, weighted observed percentages rounded down, information per position, and relative weight of gapless real matches to pseudocounts
           A  R  N  D  C  Q  E  G  H  I  L  K  M  F  P  S  T  W  Y  V   A   R   N   D   C   Q   E   G   H   I   L   K   M   F   P   S   T   W   Y   V
    1 M   -3 -4 -5 -6 -4 -2 -4 -5 -4  1  0 -4  9 -2 -5 -4 -3 -4 -4 -1    0   0   0   0   0   0   0   0   0   5   0   0  95   0   0   0   0   0   0   0  2.21 0.41
    2 A    5 -3 -2 -3 -2 -2 -2 -2 -3 -3 -3 -2 -3 -4 -2  3  1 -5 -3 -2   60   0   0   0   0   0   0   0   0   0   0   0   0   0   0  33   7   0   0   0  0.93 0.24
    3 G   -1 -2 -3 -4 -3  4 -2 -1 -2  0  3  0  1 -2 -3 -2 -2 -3 -3  1    3   0   0   0   0  26   0   5   0   0  48   4   3   0   0   0   0   0   0  10  0.49 0.17
    4 W   -6 -6 -7 -8 -6 -5 -6 -6 -5 -1 -4 -6 -4 -2 -7 -6 -6 12  0 -5    0   0   0   0   0   0   0   0   0   5   0   0   0   0   0   0   0  95   0   0  4.06 0.57
    5 I    3 -2  2 -1 -3  0  0 -1 -2  2 -1 -2  3 -3 -3  1  0 -4 -3 -1   35   0  12   2   0   2   8   2   0  17   0   0  11   0   0   7   4   0   0   0  0.31 0.15
    6 Q   -1  3 -2 -3 -5  5 -1 -4  1 -4 -2  4 -1 -4 -3 -1 -2 -4 -3 -2    2  20   0   0   0  32   0   0   3   0   3  33   1   0   0   2   0   0   0   3  0.86 0.23
    7 A    2 -3 -3 -2  1 -3 -3 -3 -3  2  1 -3  0 -2 -3  0  0 -4 -3  3   23   0   0   3   3   0   0   0   0  13  17   0   0   0   0   6   5   0   0  30  0.35 0.13
    8 Q   -3  2  0 -3  1  7  0 -4 -1 -4 -2 -1  0 -5 -1  0 -2 -4 -4 -4    0   9   3   0   3  73   0   0   0   0   2   0   2   0   2   5   0   0   0   0  1.38 0.35
    9 Q   -3  2 -2  0 -5  6  2 -4 -1 -5 -4  2  0 -5 -3 -2 -2 -4 -4 -4    0   9   0   6   0  62   8   0   0   0   0  11   3   0   0   0   1   0   0   0  1.21 0.30
   10 L   -3 -4 -4 -5 -3 -3 -4 -5 -4  0  5 -4  1  1 -4 -2 -3 -3 -2 -1    0   0   0   0   0   0   0   0   0   0  86   0   0   6   0   4   0   0   0   0  1.07 0.26
   11 Q   -2 -1  0  0 -4  4  2 -1  2 -4 -1  0 -2 -4  4  0 -1 -4 -3 -3    0   0   3   5   0  34  12   4   5   0   8   2   0   0  19   5   3   0   0   0  0.65 0.18
   12 G   -1 -3 -2 -1 -4  0  0  4  0 -2 -3 -2 -3 -2  3  0  1 -4  0 -1    0   0   0   2   0   4   7  39   3   3   0   0   0   2  14   7  11   0   4   4  0.50 0.14
   13 D   -1  0 -1  3 -4  0  3 -2 -1 -3 -1  0 -2 -1  0  0  0 -3  1 -1    4   4   0  18   0   0  32   2   0   0   6   5   0   2   5   6   6   0   6   4  0.36 0.11
   14 A    2 -2  0  0 -1 -1 -2 -2  0  0  0 -2 -1  0  1  1  1 -2  2  0   24   0   6   5   2   2   0   0   2   7   8   0   0   5   7   9   8   0   8   8  0.14 0.07
   15 L   -3 -4 -2 -5 -3 -2 -4 -5 -3  1  4 -4  2  3 -2 -3 -2 -3  0 -1    0   0   2   0   0   2   0   0   0   6  64   0   5  15   2   0   2   0   2   0  0.71 0.17
   16 R   -2  3  0  1 -5  3  3 -3  5 -3 -4  0 -3 -4 -1 -1 -1 -4 -2 -3    2  19   2   6   0  19  20   0  23   2   0   1   0   0   2   2   1   0   0   0  0.70 0.17
   17 Q   -2  1 -2 -2 -5  6  0 -4  1 -4 -2  2 -2 -4 -3 -2  1 -4 -3 -3    0   6   0   0   0  64   2   0   3   0   5  10   0   0   0   0  10   0   0   0  1.11 0.27
   18 M   -2 -3 -4 -4  1 -2 -4 -4 -3  2  2 -3  5  1 -4 -3 -2 -3 -2  3    0   0   0   0   3   0   0   0   0  11  18   0  28   8   0   0   0   0   0  29  0.58 0.14
   19 Q   -2  2  0  1 -4  6  0 -1  1 -4 -3  0 -1 -4 -3 -1 -2 -3 -1 -2    0  15   4   7   0  56   0   4   2   0   0   2   1   0   0   2   0   0   3   2  0.85 0.20
   20 V    2 -1  0 -2 -1  2  1  0  0 -2 -1 -1 -1 -2  0  1  0 -3 -1 -1   31   0   5   0   2  16   8   7   3   0   4   0   2   1   3   6   5   0   1   5  0.23 0.08
   21 L   -1 -4 -4 -5 -3 -3 -4 -5 -4  3  4 -3  2  1 -4 -3 -2 -3  0  1    4   0   0   0   0   0   0   0   0  19  58   0   6   5   0   0   0   0   2   5  0.64 0.12
   22 Y   -4 -4 -4 -5 -5 -4 -5 -6  0 -3 -3 -4 -3  2 -5 -4 -4  1  8 -3    0   0   0   0   0   0   0   0   0   0   0   0   0   4   0   0   0   0  96   0  2.26 0.31
   23 G   -1 -3  0  0  3 -2 -1  4 -3 -2 -3 -2 -3 -4  2  1 -1 -4 -4 -1    0   0   5   7  10   0   3  46   0   3   0   0   0   0  10  10   1   0   0   5  0.59 0.11
   24 Q   -2  0  1  3 -4  3  1 -3  1 -3 -2 -1 -1 -4  3  1 -1 -4 -3 -2    0   5   4  22   0  26   7   0   3   1   2   0   2   0  16   9   2   0   0   1  0.56 0.11
   25 H   -1  0  1 -1 -4  1  0 -2  7 -4 -2 -1 -2  0 -3  1  0 -3  2 -3    1   3   5   2   0   7   3   2  50   0   2   0   0   3   0  11   4   0   6   0  0.76 0.14
   26 F   -3 -4 -4 -5 -3 -4 -5 -5 -2 -1  1 -4 -1  7 -5 -4 -3 -1  2 -2    0   0   0   0   0   0   0   0   0   0   8   0   0  92   0   0   0   0   0   0  1.43 0.17
   27 P   -1 -3 -3 -3 -4 -2 -2 -3 -3 -4 -4 -2 -3 -5  7  1  0 -5 -4 -3    0   0   0   0   0   0   0   0   0   0   0   0   0   0  82  13   5   0   0   0  2.22 0.17
   28 I   -1 -3 -4 -5 -2 -3 -4 -5 -4  5  1 -3  4 -1 -4 -3 -1 -3 -2  2    4   0   0   0   0   0   0   0   0  63   7   0  18   0   0   0   0   0   0   8  0.66 0.11
   29 E   -2 -1 -1  2 -5  2  5 -3 -1 -3 -2  0  2 -4 -2 -1 -1 -4 -3 -3    0   0   0   7   0   5  72   0   0   0   0   0  13   0   0   0   3   0   0   0  0.94 0.13
   30 V    0 -3  1 -3 -2 -2 -3 -3 -3  2  0 -3  0  0 -3 -2 -1 -3 -2  4    8   0  13   0   0   0   0   0   0  12   5   0   0   5   0   0   0   0   0  56  0.39 0.08
   31 R   -2  6 -2 -3 -4  0 -2 -4 -1 -3  0  1 -1 -3 -3 -2 -2 -4 -3 -3    0  85   0   0   0   0   0   0   0   0  15   0   0   0   0   0   0   0   0   0  1.17 0.16
   32 H   -1 -1  0  2  0  1 -1 -3  7 -4 -4 -1 -3 -2 -3  0 -2 -3  3 -4    3   0   0  13   3   6   0   0  60   0   0   0   0   0   0   5   0   0  10   0  0.99 0.14
   33 Y   -2 -3 -3 -4  1 -2 -3 -4  3 -2 -1 -3 -2  4 -4 -2 -2  0  6 -2    3   0   0   0   5   0   0   0  10   0   5   0   0  22   0   3   0   0  51   0  0.91 0.12
   34 L   -2  1 -4 -4  1 -2 -3 -4 -3  1  4 -2  1  3 -4 -3 -2 -2  0  0    0  13   0   0   4   0   0   0   0   2  59   0   0  20   0   0   0   0   0   2  0.50 0.09
   35 A    4 -2 -2 -3  2 -2 -2 -1 -2 -1 -2 -2 -2 -3 -2  2  0 -4 -3  1   61   0   0   0   7   0   0   0   0   0   0   0   0   0   0  19   0   0   0  13  0.54 0.10
   36 Q    0 -1  0  2 -4  3  2  1  3 -4 -4 -1 -2 -4  2  0 -1 -4 -2 -3    5   0   1  12   0  23  12  14  12   0   0   0   0   0  12   6   1   0   0   0  0.48 0.06
   37 W   -2 -4 -5 -6 -4 -3 -5 -4 -4 -2 -2 -5 -2  0  0 -4 -4 11  1 -3    4   0   0   0   0   0   0   0   0   3   3   0   0   3   5   0   0  83   0   0  2.66 0.23
   38 I   -2 -4 -4 -5 -2 -3 -4 -5 -4  5  2 -3  4  0 -4 -3 -2 -3 -2  2    0   0   0   0   0   0   0   0   0  68  11   0  17   3   0   0   0   0   0   0  0.73 0.12
   39 E   -1 -1 -1  0 -5  1  6  1 -1 -5 -4  0 -3 -5 -2 -1 -2 -5 -4 -4    0   0   0   0   0   0  84  16   0   0   0   0   0   0   0   0   0   0   0   0  1.16 0.14
   40 S    1  0  0  1 -3  1  1  0 -1 -3 -3  0  0 -3 -2  2  2 -4 -3 -2   13   3   3   9   0   4  10   6   0   0   0   5   4   0   0  24  19   0   0   0  0.33 0.06
   41 Q   -2  3 -1 -2 -4  6  0 -3  1 -4 -4  2 -2 -4  0  0 -2 -4 -3 -4    0  18   0   0   0  61   0   0   2   0   0  12   0   0   4   4   0   0   0   0  1.04 0.18
   42 P    1  2 -1  1 -3  1  0 -2  0 -1 -1 -1  0 -1  3 -1 -1 -4 -2 -1   22  13   2   9   0  11   4   0   3   6   3   0   3   4  19   1   0   0   0   2  0.33 0.06
   43 W   -3 -1 -4 -5 -4 -3 -4 -4 -4 -4 -2 -4 -1  0 -5  1 -3 11  0 -4    0   4   0   0   0   0   0   0   0   0   2   0   2   2   0  13   0  78   0   0  2.60 0.28
   44 D    0 -1  1  3 -4  1  2 -1  2 -4 -4 -1 -3 -2 -3  2  0  0 -2 -3    5   2   6  26   0   8  13   3   6   0   0   1   0   2   0  21   5   1   0   0  0.47 0.13
   45 A    1  0  0  2 -3  0  2  1 -2 -2 -2  0  0 -3 -2  1  0 -4 -2 -2   15   5   2  17   0   4  14  10   0   0   4   3   5   0   0  16   4   0   2   1  0.25 0.08
   46 I    0 -3 -4 -4 -2 -3 -3 -4 -3  4  1 -3  1  1  1 -2 -1 -3 -2  3    7   0   0   0   0   0   0   1   0  35   8   0   3   8   7   1   0   0   0  27  0.46 0.13
   47 D   -1 -2  1  5 -3  1  1 -2 -2 -3 -3 -1 -3 -4 -2  1 -1 -4 -3 -2    4   1   7  54   0   5   8   1   0   1   1   1   0   1   1  12   1   0   0   4  0.84 0.17
   48 L   -1 -2 -2 -1 -2 -1  0 -3 -2  1  1 -2  0 -1  4 -1 -1 -2  0  2    4   1   1   3   0   3   8   1   0   7  18   1   0   1  23   1   1   0   3  20  0.36 0.08
   49 D   -1 -1  1  5 -3 -1  2 -1  0 -3 -3 -1 -3 -3 -2 -1  0 -4 -3 -3    4   3   5  51   0   1  12   4   2   1   2   3   0   1   1   1   7   0   1   1  0.75 0.15
   50 N   -1 -2  6  2 -3 -1  0 -1  1 -1 -3  0 -3 -3 -3  0 -1 -4 -3 -2    3   1  54  10   0   1   7   4   3   5   1   4   0   0   1   5   1   0   0   2  0.76 0.18
   51 P    0  1 -2 -1  0 -1 -2 -3 -3 -1  0 -2 -1 -3  6 -1 -2 -4 -3 -1    6  11   2   3   3   1   0   1   0   3   9   0   2   0  52   2   0   0   0   3  1.10 0.19
   52 Q    0  0  0  0 -4  5  2  0 -1 -3 -2  0 -1 -4  0  0 -1 -3 -3 -2    5   3   4   3   0  41  17   8   0   0   3   0   2   0   4   4   2   0   0   2  0.56 0.16
   53 D   -2 -1  0  3  0  2  3 -2  5 -4 -4  0 -3 -1 -3 -1 -2 -4  0 -4    0   0   3  19   2   7  30   3  23   0   0   5   0   4   0   2   0   0   2   0  0.69 0.18
   54 R   -1  2  0  1 -4  0  4 -3  0 -3 -2  0 -3 -3  0 -1 -2 -4  0 -1    5  13   4   8   0   0  42   0   2   0   4   3   0   0   3   3   0   0   4   7  0.50 0.18
   55 G    2 -2  0  0 -3  2  1  1 -2 -2 -2 -1  0 -2  3  1  0 -4 -3 -2   19   0   5   3   0  12   8  10   0   2   2   0   3   2  18  10   4   0   0   1  0.37 0.13
   56 Q    0  0  0  0 -4  3 -1 -3  3  0  0  2  0 -1 -3 -1 -2 -2  3 -1    9   2   4   4   0  17   2   0   9   5   7  16   3   2   0   2   0   0  14   4  0.27 0.14
   57 A    6 -3 -4 -4  0  0 -3 -1 -4 -1 -4 -3 -3 -4 -3 -1 -2 -5 -4 -1   84   0   0   0   2   5   0   2   0   4   0   0   0   0   0   0   0   0   0   2  1.25 0.39
   58 T    0  2 -1 -2 -3  2 -1 -2 -2 -1 -2  2  1 -3 -3  2  3 -4 -3 -1    7  15   2   0   0  10   2   2   0   4   2  12   6   0   0  14  22   0   0   3  0.35 0.16
   59 Q   -1  2  1  1 -4  3  0 -1  0  0 -2  1  1 -3 -3 -1  0 -3  0  0    2  13   7   7   0  24   3   6   1   9   2   6   5   0   0   2   4   0   4   5  0.25 0.13
   60 L   -3 -2 -5 -5 -3 -2 -4 -5 -4  2  4 -4  2  2 -5 -2 -3 -3 -2  1    0   2   0   0   0   2   0   0   0  12  65   0   3   8   0   3   0   0   0   5  0.84 0.25
   61 L   -3 -2 -5 -6 -3 -4 -5 -6 -4  0  4 -4  0  2 -5 -4 -3 -3  0  3    0   2   0   0   0   0   0   0   0   0  61   0   0  11   0   0   0   0   3  23  0.91 0.28
   62 E   -2 -1  2  2 -4  3  3 -1  2 -2 -2  0 -1 -1 -3 -1  0 -4 -1 -2    2   0  12  14   0  16  23   3   7   3   3   3   2   3   0   2   4   0   2   2  0.41 0.15
   63 G    1 -1  2 -1 -3  2  1  2  0 -3 -2  0  0 -4 -3  1  0 -4 -3 -1   10   2  15   0   0  11  12  16   1   0   2   6   4   0   0  13   5   0   0   3  0.31 0.13
   64 L   -2 -4 -5 -5 -3 -3 -4 -3 -4  0  4 -2  5  1 -5 -4 -2  2 -2  0    3   0   0   0   0   0   0   2   0   3  61   3  17   4   0   0   2   3   0   3  0.86 0.27
   65 V   -2 -4 -5 -5 -3 -1 -4 -3 -4  4  3 -4  0  0 -4 -4 -2 -4 -3  4    0   0   0   0   0   3   0   2   0  29  31   0   0   2   0   0   0   0   0  33  0.76 0.24
   66 Q    1  0 -1  1 -4  4  3 -2  2 -1 -3  1  0 -4 -3  0 -2 -4 -3 -3   11   3   2   9   0  26  22   2   6   4   0   9   3   0   0   4   0   0   0   0  0.54 0.20
   67 E    0 -1  0 -1 -5  3  5 -4  0 -3  0  0  2 -4 -3 -2 -2 -5 -4 -3    8   2   5   0   0  16  46   0   2   0  13   2   7   0   0   0   0   0   0   0  0.72 0.26
   68 L   -3 -1 -5 -6 -3 -4 -5 -6 -5  3  5 -2  3 -1 -5 -4 -3 -4 -3  0    0   3   0   0   0   0   0   0   0  18  66   3   7   0   0   0   0   0   0   3  0.98 0.28
   69 Q   -3  0 -2  2 -5  6  2 -3  2 -2 -2 -1 -2 -4 -4 -2 -3 -4 -1 -2    0   4   0  13   0  51  15   2   4   3   4   0   0   0   0   0   0   0   2   2  0.97 0.32
   70 K   -1  2  2  0 -3  1  2 -3 -1  0 -1  2 -1 -3 -3  0  0 -4 -2 -1    4  12  11   5   0   6  13   0   0   9   4  17   2   0   0   7   4   0   1   4  0.24 0.10
   71 K   -2  2  0 -2 -5  4  0 -4 -2 -1 -3  5 -2 -4 -3 -1 -1 -5 -4 -1    0   7   4   0   0  22   3   0   0   4   2  48   0   0   0   3   3   0   0   5  0.82 0.27
   72 A    4 -3 -3 -4  2 -1 -3 -2  1  2 -1 -3 -2 -2 -3  0 -2 -3  2 -1   50   0   0   0   5   3   0   0   5  14   6   0   0   0   0   5   0   0  10   2  0.53 0.23
   73 E    1  0  2  2 -4  2  3  0 -2 -2 -4  0 -3 -4 -3  2 -1 -5 -4 -3   13   3  10  11   0   9  23   6   0   3   0   3   0   0   0  20   1   0   0   0  0.45 0.16
   74 H    0  2  0 -1 -3  2  2 -3  4 -2  0 -1 -2 -3 -2  1  0 -3 -2 -1    5  15   3   2   0  12  14   1  15   2  11   1   0   0   0  11   6   0   0   3  0.32 0.14
   75 Q   -2 -1  1 -2  0  3 -1 -3 -2  0  1 -1  3  2 -3  0  0 -2  0  0    1   3   9   0   2  20   2   1   0   3  18   1  12   9   0   5   4   0   2   6  0.23 0.14
   76 V    1 -2  0 -2 -2 -2 -2 -1 -2  0  0 -2  2 -1  0  2  2 -3 -2  2    9   0   6   0   0   0   1   3   0   0  10   0   6   2   3  16  19   0   0  21  0.23 0.13
   77 G    1 -2  1 -1 -3  2  0  3 -2 -2 -3 -1 -2 -4  0  1  0 -4 -3 -3   11   0   7   2   0  14   6  28   0   2   1   2   0   0   5  13   7   0   0   1  0.39 0.14
   78 E   -2 -2  1  1 -4  2  4  0 -2 -4 -4 -1 -3 -4  2  1 -2 -4 -4 -2    1   0   7   8   0  10  41   7   0   0   1   0   0   0   9  11   0   0   0   4  0.64 0.22
   79 D   -2 -2  0  5 -4  1  3 -1 -2 -4 -4  0 -3 -4  0  0  0 -5 -4 -4    0   0   3  38   0   5  24   3   0   0   1   5   0   0   4   7   7   0   0   0  0.76 0.23
   80 G   -1  0  3  1 -4  1  0  1  2 -3 -2  0  2 -1  1  0 -1 -4 -2 -3    3   3  19   9   0   6   3  13   8   0   2   4  11   3   7   5   3   0   0   0  0.27 0.13
   81 F   -4 -4 -5 -6 -4 -4 -5 -6 -3 -1  0 -2  0  7  0 -4 -4 -2  1  1    0   0   0   0   0   0   0   0   0   2   5   4   3  66   5   0   0   0   3  12  1.34 0.38
   82 L   -2 -4 -4 -5 -3 -4 -4 -5 -4  2  4 -4  0 -1  1 -3 -1 -4 -1  3    0   0   0   0   0   0   0   0   0  15  49   0   0   0   6   0   3   0   2  24  0.71 0.24
   83 L   -2 -3 -3 -3 -3  0  0 -4 -3  1  3 -2  2  0 -3  0  2 -3 -1  0    0   0   0   0   0   5   8   0   0  11  40   0   4   3   0   7  17   0   2   3  0.36 0.17
   84 K   -2  4 -2 -3 -5  5 -1 -4 -2 -2 -4  4 -3 -1 -3 -2 -1 -5 -3 -4    3  23   0   0   0  29   0   0   0   3   0  36   0   4   0   0   3   0   0   0  1.00 0.33
   85 I   -2 -1 -1 -1 -3 -2 -3 -4  3  3  2 -3  4 -1 -4 -3  0 -3  2  1    3   2   3   3   0   0   0   0  12  21  21   0  16   0   0   0   5   0   9   5  0.42 0.19
   86 K   -1  2  3 -2 -5  1 -1 -1  0 -5 -5  5 -3 -5 -3 -2  1 -5 -4 -4    3   9  20   0   0   5   0   3   2   0   0  51   0   0   0   0   8   0   0   0  0.94 0.32
   87 L   -4 -5 -6 -6 -4 -4 -5 -6 -5  1  5 -5  1  2 -5 -5 -3 -4 -2 -1    0   0   0   0   0   0   0   0   0   6  83   0   2   9   0   0   0   0   0   0  1.33 0.38
   88 G   -1  2  1 -2 -1  3  1  2 -2 -1 -2  1  1 -4 -3  0 -1 -4 -3 -2    2  11   7   0   2  18  12  19   0   6   3   7   5   0   0   6   2   0   0   0  0.31 0.15
   89 H   -2  3  0  1 -5  2  3 -2  4 -4 -3  1 -3 -3 -3 -2 -1 -4  1 -4    2  16   3   9   0   8  30   2  15   0   2   5   0   0   0   0   2   0   5   0  0.61 0.21
   90 Y    1  0 -3 -3  2 -2 -3 -3 -1  3  0 -2  0  2 -3  0  1  2  2  0   18   5   0   0   5   0   0   0   1  27   4   0   2   9   0   9   8   3   7   0  0.25 0.15
   91 A    4  0 -3 -3  0 -2 -2 -2 -3 -2 -1  1  1 -1  1  0  0 -4 -1  0   47   3   0   0   2   0   0   0   0   0   3  11   6   2   5   6   4   0   3   7  0.41 0.20
   92 T    0  2  2 -1  0  2  0 -2  3 -3 -4  1 -3 -4 -3  2  1 -4 -3 -2    8  12  14   2   2  10   4   0  10   0   0   8   0   0   0  18  10   0   0   3  0.39 0.16
   93 Q   -1  0  3  0 -4  3  1 -3  2 -3 -1  1  0 -2 -3  0  1  2 -2 -2    3   3  18   5   0  20   8   0   7   0   6   7   3   1   0   3  10   4   0   2  0.37 0.17
   94 L   -2 -3 -3 -4 -3 -3 -4  0 -2  1  2 -3  2  4 -4 -3 -2 -1  2  1    0   0   0   0   0   0   0  10   0  12  23   0  11  24   0   0   0   0  11   8  0.37 0.09
   95 Q   -1  2  2  0 -3  2  2 -2  3 -3 -3  2 -2 -3 -2  0  1 -3 -1 -2    1  13  13   1   0  13  13   1  13   1   1  13   0   0   1   1  13   0   0   1  0.39 0.08
   96 N    1  0  1  0 -3  1  1  1 -2 -1 -2  1  1 -3 -2  1  0 -4 -3  0   11   5   8   4   0   6   9  10   0   4   0  10   7   0   0  12   6   0   0   6  0.17 0.10
   97 T    0  2  0  0 -3  1  0 -1 -2 -1  1  1  3 -2 -3 -1  2 -4 -3  0    8  12   4   6   0   5   4   4   0   2  13   8  13   0   0   0  15   0   0   6  0.17 0.13
   98 Y   -4 -4 -5 -6 -5  1 -5 -6 -1 -3 -3 -4 -3  5 -6 -4 -4 -1  7  1    0   0   0   0   0   7   0   0   0   0   0   0   0  23   0   0   0   0  59  11  1.76 0.52
   99 D    0 -2 -1  2  1  2  0  1  2 -1 -2  0  1 -3 -2  2 -1 -4 -3 -1    6   0   0  14   4  12   4  13   6   4   3   5   4   0   0  19   0   0   0   5  0.22 0.14
  100 R    0  1  2 -1 -3  1  1  0  4 -3 -2 -1 -2 -3  0  2  0 -4 -2 -3    7   8   9   0   0   6  11   9  15   0   5   0   0   0   4  17   6   0   0   0  0.32 0.16
  101 C   -1  1  4  0  5  2  0 -3  2 -3 -3  0 -1 -1 -3 -1 -2 -4 -3 -3    6   8  26   5  16  13   6   1   5   0   1   5   2   3   0   3   0   0   0   0  0.49 0.23
  102 P   -3 -5  0 -4  2 -4 -4 -5 -5 -6 -6 -4 -5 -6  8 -3 -4 -7 -6 -5    0   0   6   0   5   0   0   0   0   0   0   0   0   0  90   0   0   0   0   0  2.86 0.58
  103 M   -2 -3 -3 -4 -3  2 -2 -5  2  1  3 -2  5  2 -4 -3 -1 -3  1 -1    2   0   0   0   0  11   2   0   6   7  34   2  21   8   0   0   2   0   4   0  0.53 0.23
  104 E    0 -2  2  2 -4  2  3 -1  2 -2 -3  0 -2 -4 -3 -1  0 -4 -1  1    5   0   9  13   0  10  28   3   6   0   0   4   0   0   0   2   4   0   2  13  0.41 0.17
  105 L   -3 -4 -5 -6 -4 -4 -5 -6 -5  1  5 -4  4  2 -5 -4 -3 -3 -2  1    0   0   0   0   0   0   0   0   0   4  69   0  12   9   0   0   0   0   0   6  1.08 0.32
  106 V    2 -1 -4 -5 -3 -3 -4 -4 -3  1  0 -3 -1  0 -4 -2 -2 -3  2  4   25   4   0   0   0   0   0   0   0   5   4   0   0   3   0   0   0   0   8  51  0.65 0.27
  107 R   -1  5  0 -3 -4  3 -1 -2  1 -3  0  0 -2 -4 -3 -1 -2  1 -3 -1    5  45   4   0   0  18   2   2   4   0   9   0   0   0   0   4   0   2   0   4  0.70 0.26
  108 C    0 -1 -3 -4  4 -3 -3 -4  0  3  0 -3  1  1 -4 -2  0 -3  1  2    7   3   0   0  11   0   0   0   3  24   7   0   5   7   0   1   7   0   7  19  0.34 0.15
  109 I   -3 -2 -5 -5 -3 -4 -4 -6 -5  5  2 -4  2 -2 -4 -4 -2 -4 -3  4    0   3   0   0   0   0   0   0   0  43  16   0   6   0   0   0   0   0   0  32  0.89 0.27
  110 R    0  4  1 -3  0  2 -1 -3 -2 -4 -2  4  0 -4 -3  0 -2 -5 -4 -3    8  24   6   0   2   8   0   0   0   0   4  37   3   0   0   7   0   0   0   0  0.68 0.24
  111 H   -2  1  3  1 -5  1  0 -3  5 -4 -4  1 -1 -3 -3  0  0  3  0 -4    0   7  21   8   0   7   3   0  24   0   0   8   2   0   0   8   5   4   2   0  0.65 0.22
  112 I   -1 -5 -5 -6  8 -5 -5 -5  0  3 -1 -5 -2  0 -5 -2 -3 -5 -3  1    4   0   0   0  52   0   0   0   3  20   2   0   0   4   0   3   0   0   0  12  1.39 0.35
  113 L   -4 -5 -6 -6 -4 -4 -5 -6 -5  1  6 -5  3 -2 -5 -5 -3 -4 -3 -1    0   0   0   0   0   0   0   0   0   4  89   0   6   0   0   0   0   0   0   0  1.48 0.38
  114 Y    1  2  1  1 -3  1  1 -1  2 -3 -1  0 -2 -2 -3  0 -1  1  1 -2   15  15   6   7   0   8  12   3   5   0   7   3   0   0   0   5   3   2   6   2  0.20 0.10
  115 N   -1  1  1 -1 -3  0  2 -3  1 -2 -1  1  0 -1 -3  1  3 -4 -1 -2    2   9   8   0   0   2  17   0   3   2   5  11   3   4   0   8  23   0   2   1  0.29 0.14
  116 E   -3 -3 -3 -1 -7 -1  7 -5 -3 -6 -6 -2 -5 -6 -4 -3 -3 -6 -5 -5    0   0   0   0   0   0 100   0   0   0   0   0   0   0   0   0   0   0   0   0  2.29 0.55
  117 Q   -1  4 -2 -1 -4  4  1 -4 -2 -3 -1  2  4 -4 -3 -1 -1 -4 -4 -3    2  27   0   2   0  21   8   0   0   0   5  14  15   0   0   2   3   0   0   0  0.65 0.24
  118 R   -1  4 -2 -2 -5  3  3 -4  1 -2 -2  3 -1 -4 -3 -2 -1 -4 -3 -2    4  30   0   0   0  15  19   0   4   2   4  17   2   0   0   0   2   0   0   1  0.65 0.22
  119 L   -3 -4 -5 -6  1 -4 -5 -5 -5  4  4 -4  3 -1 -5 -3 -2 -4 -3  1    0   0   0   0   3   0   0   0   0  31  48   0   7   0   0   2   0   0   0   9  0.85 0.24
  120 V   -1 -4 -5 -5 -3 -4 -4 -5 -4  3  3 -4  0 -2 -4 -3 -2 -4  0  4    3   0   0   0   0   0   0   0   0  16  32   0   0   0   0   0   0   0   3  45  0.81 0.24
  121 R    1  3 -1  0 -4  5  1 -3  1 -4 -4  1 -2 -4 -3  0 -1 -4 -3 -3   11  16   0   3   0  49   5   0   4   0   0   4   0   0   0   6   3   0   0   0  0.84 0.23
  122 E    0 -1  2 -1 -4  5  3 -3  1 -4 -4  1 -2 -4 -3  0  0 -4 -3 -3    6   0  14   0   0  36  23   0   2   0   0   6   0   0   0   7   6   0   0   0  0.73 0.19
  123 A    5 -3  0 -3 -2 -2 -2 -1 -3 -3 -3 -2 -3 -4  0  2  1 -5 -3 -2   72   0   5   0   0   0   0   0   0   0   0   0   0   0   3  14   6   0   0   0  0.87 0.22
  124 N   -1 -1  3  0 -3  0  3 -2 -1 -3 -3 -1 -2 -4 -2  2  3 -4 -3 -2    0   0  23   0   0   0  24   0   0   0   0   0   0   0   0  20  32   0   0   0  0.61 0.10
  125 N   -1 -1  5  2 -3 -1 -1 -1 -1 -4 -4 -1 -3 -4 -3  3  0 -5 -3 -3    0   0  58   9   0   0   0   0   0   0   0   0   0   0   0  32   0   0   0   0  0.91 0.10

                      K         Lambda
Standard Ungapped    0.1793     0.3449
Standard Gapped      0.1100     0.3190
PSI Ungapped         0.1793     0.3449
PSI Gapped           0.1100     0.3190
