
Last position-specific scoring matrix computed, weighted observed percentages rounded down, information per position, and relative weight of gapless real matches to pseudocounts
           A  R  N  D  C  Q  E  G  H  I  L  K  M  F  P  S  T  W  Y  V   A   R   N   D   C   Q   E   G   H   I   L   K   M   F   P   S   T   W   Y   V
    1 M   -2 -2 -3 -4 -2 -1 -3 -4 -3  1  3 -2  5  0 -3 -2 -1 -2 -2  1    0   0   0   0   0   0   0   0   0   0  50   0  50   0   0   0   0   0   0   0  0.54 0.00
    2 P   -1 -2  0  5 -4 -1  0 -2 -2 -4 -4 -1 -3 -4  6 -1 -2 -5 -4 -3    0   0   0  50   0   0   0   0   0   0   0   0   0   0  50   0   0   0   0   0  1.43 0.00
    3 K   -1  2  0 -1 -4  1  0 -2 -1 -3 -3  5 -2 -4 -2 -1 -1 -4 -3 -3    0   0   0   0   0   0   0   0   0   0   0 100   0   0   0   0   0   0   0   0  0.84 0.00
    4 L   -1 -3 -4 -4 -2 -3 -3 -4 -3  2  4 -3  2  0 -3 -3 -1 -3 -2  3    0   0   0   0   0   0   0   0   0   0  66   0   0   0   0   0   0   0   0  34  0.50 0.01
    5 V   -1 -3 -4 -4 -1 -3 -3 -4 -4  3  1 -3  1 -1 -3 -2 -1 -3 -2  4    0   0   0   0   0   0   0   0   0  34   0   0   0   0   0   0   0   0   0  66  0.52 0.01
    6 G    2 -2 -2 -3 -2 -2 -2  3 -3 -1  2 -2  0 -2 -2  0 -1 -3 -3 -1   34   0   0   0   0   0   0  32   0   0  34   0   0   0   0   0   0   0   0   0  0.34 0.01
    7 S    2 -2 -1 -2 -2 -1 -1 -1 -2 -3 -3 -1 -2 -3  5  3  0 -4 -3 -2   34   0   0   0   0   0   0   0   0   0   0   0   0   0  34  32   0   0   0   0  0.86 0.01
    8 E   -1  0  0  1 -4  4  5 -3  0 -4 -3  1 -2 -4 -2 -1 -1 -4 -3 -3    0   0   0   0   0  34  66   0   0   0   0   0   0   0   0   0   0   0   0   0  0.93 0.01
    9 G    0 -2 -1  0 -4  0  3  5 -2 -5 -4 -1 -3 -4 -2 -1 -2 -4 -4 -4    0   0   0   0   0   0  34  66   0   0   0   0   0   0   0   0   0   0   0   0  0.87 0.01
   10 G    0 -1  0 -1 -2 -1 -1  5 -2 -2 -2 -1 -2 -2 -1  0 -1 -2 -2 -2    3   2   2   2   1   1   2  69   1   2   3   2   1   1   2   2   2   0   1   2  0.68 0.00
   11 S    1 -1  0 -1 -2 -1 -1 -1 -1 -3 -3 -1 -2 -3 -1  5  1 -4 -2 -2    0   0   0   0   0   0   0   0   0   0   0   0   0   0   0 100   0   0   0   0  0.77 0.02
   12 V    2  0 -2 -2 -2  0 -1 -2 -2  0 -1  3 -1 -2 -2  0  0 -4 -2  2   34   0   0   0   0   0   0   0   0   0   0  34   0   0   0   0   0   0   0  32  0.26 0.01
   13 A    4 -2 -1 -2 -1 -1 -1  0 -2 -2 -2 -1 -2 -3 -1  3  0 -4 -2 -1   75   0   0   0   0   0   0   0   0   0   0   0   0   0   0  25   0   0   0   0  0.59 0.02
   14 R   -2  3  0  3 -4  0  0 -3 -1 -1  1  2  0 -2 -2 -1 -1 -4 -3 -2    0  24   0  25   0   0   0   0   0   0  27  24   0   0   0   0   0   0   0   0  0.36 0.01
   15 S    0 -2  0  2 -2 -1  0 -2 -1 -3 -3 -1 -2 -1 -2  4  0 -2  3 -2    0   0   0  20   0   0   0   0   0   0   0   0   0   0   0  60   0   0  20   0  0.52 0.03
   16 W   -2 -3 -3 -4  4 -3 -4 -4 -2 -2 -2 -3 -2  0 -4 -2  1  9  4 -2    0   0   0   0  17   0   0   0   0   0   0   0   0   0   0   0  17  48  17   0  1.32 0.06
   17 I   -2 -4 -4 -4 -2 -3 -4 -4 -3  3  1 -3  0  4 -4 -3 -1 -2  1  3    0   0   0   0   0   0   0   0   0  32   0   0   0  34   0   0   0   0   0  34  0.50 0.04
   18 R   -1  4  2 -1 -4  0  0 -2 -1 -3 -3  3 -2 -4 -2  0  2 -4 -3 -3    0  33  16   0   0   0   0   0   0   0   0  34   0   0   0   0  17   0   0   0  0.61 0.04
   19 A    1 -1 -1 -2 -2 -1 -1  3 -2 -1 -2  1 -2 -3 -2  1  0 -4 -3  0   16   0   0   0   0   0   0  34   0   0   0  16   0   0   0  17   0   0   0  17  0.35 0.02
   20 G    1 -3 -1 -2 -3 -3 -3  6 -3 -4 -4 -2 -3 -4 -3 -1 -2 -4 -4 -3   14   0   0   0   0   0   0  86   0   0   0   0   0   0   0   0   0   0   0   0  1.23 0.06
   21 A    2 -1 -1 -1 -2  2  1 -2  3 -2  0 -1 -1 -2 -2  1 -1 -3 -2 -1   35   0   0   0   0  12  13   0  13   0  13   0   0   0   0  14   0   0   0   0  0.29 0.04
   22 S    1 -1 -2 -2 -2 -1 -1 -2 -2  1 -1  1 -1 -3  4  2  0 -4 -3  1   13   0   0   0   0   0   0   0   0  13   0  13   0   0  25  23   0   0   0  14  0.47 0.04
   23 P    1 -3 -3 -2 -4 -2  1 -3 -3 -2 -3 -2 -3 -4  7 -1 -2 -5 -4  0   12   0   0   0   0   0  10   0   0   0   0   0   0   0  70   0   0   0   0   9  1.72 0.11
   24 G   -1 -1  2  1 -3  0  2  2 -2 -1  0  1 -1 -3 -3 -1 -1 -4 -3  1    0   0  12  10   0   0  19  18   0   0  10  10   0   0   0   0   0   0   0  21  0.20 0.03
   25 D    0 -2  2  5 -4 -1  0 -2 -2 -3 -1  1 -2 -3 -3 -1 -1 -5 -4 -3   10   0  10  59   0   0   0   0   0   0  12  10   0   0   0   0   0   0   0   0  0.71 0.08
   26 V   -2 -2 -3 -4  3 -2 -3 -4 -1  1  1  0  0  2 -3 -2 -1 -1  4  2    0   0   0   0  12   0   0   0   0  11   9  10   0  10   0   0   0   0  21  28  0.31 0.05
   27 R   -1  3 -1 -1 -4  2  1  2 -1 -3 -3  3 -2 -4 -2  0  2 -4 -3 -3    0  19   0   0   0  10  11  19   0   0   0  21   0   0   0   0  20   0   0   0  0.45 0.05
   28 H   -1 -1 -1 -1 -4  3  1  1  6 -3 -2 -1  2 -3 -3  1 -1 -3 -1 -3    0   0   0   0   0  19  10  11  39   0   0   0  10   0   0  10   0   0   0   0  0.59 0.08
   29 R   -2  6 -2 -3 -4  0 -2 -4  3 -4 -3  1 -3 -1 -3  0 -2 -2  4 -3    0  63   0   0   0   0   0   0   7   0   0   0   0   0   0   8   0   0  22   0  0.96 0.14
   30 L    0 -3 -3 -4 -2 -2 -3  1 -3  2  3 -3  3 -1 -3 -1 -1 -3 -2  0   11   0   0   0   0   0   0  13   0  14  42   0  13   0   0   6   0   0   0   0  0.35 0.08
   31 P   -2 -3 -3 -3 -4 -3 -3  3  2 -4 -3 -3 -3  2  6 -2 -3 -3  1 -4    0   0   0   0   0   0   0  28   6   0   0   0   0  12  47   0   0   0   6   0  1.23 0.15
   32 R    0  1  0  0 -3 -2 -2 -3 -1  1  0 -1 -1  1 -3  0 -1 -2  3  2    6  11   5   6   0   0   0   0   0   5   6   0   0   6   0  11   0   0  16  27  0.16 0.07
   33 N   -1 -2  2 -2 -3 -2 -2  3  2 -1 -2 -2  0 -2  1 -1  2 -3  0 -1    0   0  14   0   0   0   0  31   7   5   0   0   5   0   6   0  22   0   5   5  0.36 0.09
   34 C   -1 -1  1  0  1  0  1  0  2  0 -2  1 -1 -2 -2 -1  1 -3  0  1    1   0  11   5   4   0  12   7   6   6   1  12   0   0   0   0  12   0   5  17  0.11 0.05
   35 C   -1 -2  1 -1  1  0  0  1 -2  1  1 -1  0 -2 -2  0  1 -3 -2  1    1   0  11   0   4   6   7  11   0   6  21   0   0   0   0   6  14   0   0  11  0.10 0.04
   36 T   -1 -2  2  1 -3 -1  2 -2 -2 -3 -2  0 -2 -3  0  2  4 -5 -3 -2    0   0   9   9   0   0  16   0   0   0   5   5   0   0   4  17  36   0   0   0  0.47 0.12
   37 E   -1 -1  0  1 -4  2  4 -1 -1 -4 -2  1 -2 -4  0  1  0 -4 -3 -3    3   0   4   8   0   8  41   5   0   0   4  10   0   0   5   9   3   0   0   0  0.53 0.11
   38 A    2  0 -1  0 -2  0  2  0 -2 -2 -3  0 -2 -3 -2  2  2 -4  0  0   26   4   0   3   0   3  13   4   0   0   0   3   0   0   0  15  16   0   4   9  0.28 0.09
   39 Q    0  1  3  0 -4  4  1 -3  2 -4 -4  2 -2 -4  0 -1 -1 -4 -3 -3    6   7  21   4   0  30   8   0   6   0   0  11   0   0   4   0   3   0   0   0  0.60 0.14
   40 G   -1  1 -1  0 -4  0  0  3  4 -3 -1  0 -2 -3 -3  1 -1 -4 -2 -2    0  10   0   4   0   4   7  31  16   0   7   3   0   0   0  16   0   0   0   3  0.39 0.11
   41 I    0 -1 -1 -3 -3  1 -2 -2 -2  1  2 -2  2  2 -3 -1  0 -3 -1  1    8   3   3   0   0   8   0   3   0  11  27   0   9  13   0   4   5   0   0   6  0.20 0.08
   42 W   -2 -2 -4 -1 -4 -3 -2 -4 -2 -1  1 -3  1  3 -4 -3 -3  9  4 -2    3   2   0   3   0   0   3   0   0   4  12   0   6  12   0   0   0  36  17   0  1.16 0.22
   43 G   -1 -2 -2 -2 -3 -1 -2  1  2 -2 -1  0  0  5 -2 -2 -2 -1  2 -2    4   1   1   1   0   3   1  11   8   1   4   8   3  42   1   2   1   0   3   1  0.43 0.11
   44 D   -1 -2 -2  1 -3 -2 -1 -3 -1 -2 -1 -1  1  4 -2  0 -1  4  4 -1    3   1   1  12   0   1   4   1   0   1   2   4   4  29   1   6   3   6  17   4  0.40 0.11
   45 W   -7 -7 -8 -9 -7 -7 -8 -8 -3 -5 -5 -6 -3  0 -9 -7 -7 11  6 -7    0   0   0   0   0   0   0   0   0   0   0   0   1   4   0   0   0  68  27   0  3.75 1.03
   46 F   -4 -7 -7 -8 -6 -5 -7 -7  0 -3  1 -6  0  8 -7 -6 -5 -3  3 -4    1   0   0   0   0   0   0   0   2   0  13   0   2  70   0   0   0   0  10   1  2.17 0.73
   47 V   -1 -5 -4 -6 -3 -2 -5 -6 -3  2 -1 -4  1  6 -3 -3 -1  2  0  3    6   0   1   0   0   2   0   0   0  10   4   0   3  36   1   1   3   3   3  28  0.94 0.42
   48 E   -3 -3 -3 -1 -7  1  6 -5 -2 -6 -4  0 -4 -6  2 -3 -1 -7 -6 -3    2   1   0   1   0   4  66   0   0   0   1   5   0   0  11   1   4   0   0   2  1.50 0.63
   49 S    3 -4 -1 -4 -2 -2 -3 -3 -5 -5 -6 -3 -5 -5 -1  6 -1 -7 -5 -4   25   0   2   0   1   1   1   0   0   0   0   1   0   0   2  64   2   0   0   0  1.41 0.64
   50 Q   -1  4 -2 -1 -6  4  3 -4  0 -3 -3  0 -1 -5 -1 -1 -2 -4 -4 -3    4  23   1   2   0  24  24   0   2   2   3   4   2   0   2   3   2   0   0   2  0.77 0.39
   51 N   -1  2  4  0 -5  0  0  0  2 -3 -4  1 -2 -4 -3  1  0 -5 -3 -3    3  15  26   4   0   4   5   7   6   2   0   7   1   0   0  13   6   0   1   1  0.51 0.28
   52 D   -1 -2  4  4 -5 -1  0 -1 -2 -3 -4  0 -4 -4 -1  1 -1 -4 -3 -4    5   1  27  31   0   1   5   3   1   2   1   5   0   0   3  12   2   0   1   1  0.77 0.36
   53 P    0 -2 -2 -3 -6 -3 -2 -4 -3 -4 -4 -2 -4 -5  7 -1 -1 -3 -4 -3    6   2   2   1   0   1   3   1   0   1   2   2   0   0  69   5   3   0   1   2  1.88 0.63
   54 K    2 -1  0  1 -4  1  2 -1  1 -3 -2  1 -1 -2 -2  2  0 -3 -2 -2   17   2   3   9   0   5  14   3   3   1   2  11   1   2   1  19   4   0   1   1  0.29 0.19
   55 N   -1  0  3  2 -4  0  1 -2 -1 -2 -3  2 -3 -3 -2  2  2 -3 -2 -3    2   3  19  10   0   3   9   1   1   2   3  13   0   1   1  13  17   0   1   1  0.43 0.24
   56 S    1 -1 -1  6 -5 -1  0 -3 -1 -4 -3  1 -4 -5 -3 -1 -1 -6 -5 -3   15   2   1  53   0   2   2   0   1   0   2  11   0   0   1   2   4   0   0   1  1.01 0.42
   57 P   -4 -1 -3 -1 -7 -5 -4 -6 -2 -6 -6 -3 -6 -5  8 -3 -4 -8 -7 -6    0   4   1   3   0   0   1   0   1   0   0   1   0   0  87   1   1   0   0   0  2.81 0.79
   58 V   -4 -5 -6 -6 -4 -5 -5 -6 -3  1  4 -5  0  1 -5 -4 -2  1 -3  3    0   0   0   0   0   0   0   0   1   6  54   0   1   6   0   0   2   2   0  27  1.02 0.40
   59 V   -1 -2 -4 -5 -3 -4 -5 -4 -5  4  2 -4  1 -2 -5 -3  0 -5 -4  4    4   2   0   0   0   0   0   1   0  24  19   0   4   1   0   1   7   0   0  37  0.76 0.33
   60 L   -3 -5 -6 -6 -4 -5 -6 -6 -5  3  5 -3  2  1 -5 -4 -3 -1 -2  1    1   0   0   0   0   0   0   0   0  18  58   2   4   6   0   0   1   1   1   8  1.05 0.40
   61 W   -7 -7 -8 -9 -7 -3 -8 -8 -6 -7 -6 -3 -6  2 -9 -7 -7 12  0 -7    0   0   0   0   0   1   0   0   0   0   0   2   0   7   0   0   0  88   2   0  4.37 1.09
   62 L   -4 -5 -2 -6 -5 -1 -5 -5 -5  1  5 -3  2  2 -6 -4  0 -4 -2 -2    0   0   2   0   0   3   0   0   0   5  69   1   5   7   0   0   6   0   1   1  1.11 0.46
   63 N   -3 -3  7 -2 -6  3 -2 -2 -2 -6 -5 -2 -5 -6 -4  0  2 -6 -2 -4    1   0  58   1   0  12   1   2   1   0   0   1   0   0   1   6  15   0   1   1  1.44 0.59
   64 G   -3 -6 -4 -3 -7 -6 -6  7 -6 -8 -8 -5 -7 -7 -6 -3 -5 -7 -3 -7    1   0   0   1   0   0   0  95   0   0   0   0   0   0   0   2   0   0   1   0  2.55 0.78
   65 G   -3 -6 -4 -5 -7 -6 -4  7 -6 -7 -7 -2 -7 -7 -6 -3 -5 -7 -7 -3    1   0   0   0   0   0   1  92   0   0   0   2   0   0   0   1   0   0   0   3  2.37 0.77
   66 P   -5 -6 -3 -6 -8 -2 -6 -3 -6 -7 -4 -5 -7 -8  8 -3 -6 -9 -8 -7    0   0   1   0   0   2   0   2   0   0   2   0   0   0  91   2   0   0   0   0  3.12 1.03
   67 G   -1 -2 -4 -5 -7 -6 -6  7 -2 -8 -7 -5 -7 -4 -6 -2 -3 -7 -7 -7    5   3   0   0   0   0   0  87   1   0   0   0   0   1   0   2   1   0   0   0  2.22 0.77
   68 C    0 -2 -6 -3 10 -6 -5 -2 -6 -5 -3 -6 -3 -4 -6 -1 -3 -6 -2 -2    7   2   0   2  70   0   1   4   0   0   3   0   1   1   0   5   1   0   1   3  2.41 0.78
   69 S   -2 -3 -1 -2 -5 -4 -4 -2 -4 -6 -6 -1 -5 -3 -3  6 -1 -7 -5 -5    2   1   2   2   0   0   0   2   0   0   0   3   0   1   1  83   3   0   0   0  1.79 0.77
   70 S    0 -4 -3 -3 -1 -4 -4  1 -4 -5 -5 -4 -3 -4 -3  6 -1 -6 -5 -3    7   0   0   1   1   0   0   9   0   0   0   0   1   1   1  76   2   0   0   2  1.57 0.70
   71 L   -3 -5 -4 -5 -3 -1 -2 -5 -3  2  4 -5  5  2 -5 -2 -2 -2 -2  1    1   0   1   1   0   3   3   1   0   9  41   0  17   8   0   2   2   1   1   9  0.81 0.43
   72 D    0 -2  0  1 -2 -1 -1  1 -2  0  0 -1  0  0 -1  1  1 -2  0 -1    5   1   3   8   1   2   3  14   0   7  10   3   2   6   3  10   8   1   4   3  0.03 0.09
   73 G    2 -3 -4 -3 -6 -5 -5  6 -5 -6 -6 -2 -5  0 -3 -1 -2 -6 -2 -5   14   1   0   1   0   0   0  62   0   0   0   3   0   4   1   3   2   0   2   0  1.23 0.60
   74 L    1 -5 -3 -5  0 -3 -3 -2 -4  0  3 -4  2  3 -3 -3 -3  3 -1  0   14   0   1   0   2   1   1   2   0   4  37   0   5  13   1   1   1   4   1   5  0.47 0.35
   75 L   -2 -5 -3 -5 -4 -4 -3 -3 -4  0  3 -2  3  5 -5 -3 -2  3  0  0    3   0   1   0   0   0   1   1   0   4  30   2   7  27   0   2   2   5   2   7  0.64 0.40
   76 T   -1 -2 -1 -2 -2  2  1 -2 -1 -1 -1 -1  2  2 -4  0  2 -1  2 -1    2   1   3   2   1  12   8   2   1   2   6   1   6   9   0   8  15   1   9   2  0.17 0.23
   77 E   -2 -4  0 -1 -6  0  6 -1 -3 -3 -4 -3 -5 -3 -4 -1 -2 -6 -1 -3    2   0   5   1   0   2  66   4   0   1   1   0   0   1   0   5   1   0   2   2  1.23 0.65
   78 H   -2 -3  3 -3 -2 -1 -2 -3  4  2  2 -2  2  0 -4 -1 -2 -1 -2 -1    2   0  19   0   1   2   1   1  15  11  18   1   7   5   0   3   2   1   0   4  0.37 0.31
   79 G   -3 -1 -3 -4  1 -4 -5  6  2 -6 -6 -4 -5 -5 -5 -3 -4 -5 -5 -5    0   4   0   0   4   0   0  77   5   0   0   0   0   0   0   0   0   0   0   0  1.71 0.64
   80 P   -2 -2 -2 -5 -6 -1 -4 -1 -5 -6 -3 -4 -5 -6  7 -2 -4 -7 -1 -6    3   2   2   0   0   2   0   6   0   0   2   0   0   0  71   2   0   0   2   0  2.02 0.76
   81 F   -2 -5 -5 -5  4 -4 -5 -2 -3  0  0 -4  1  5 -5 -1 -2  3  3 -1    3   0   0   0  10   0   0   3   0   5  10   0   3  34   0   5   3   3  12   4  0.79 0.46
   82 L   -1  2  0 -1 -3  0 -1 -2  1  0  0  0  1  0 -3  0  0  2  0  1    4  14   4   2   0   3   3   3   5   5   9   5   3   3   0   8   6   3   3  12  0.07 0.12
   83 I   -1 -2 -2 -4  0 -3 -2 -2 -4  3  1 -4  1  3  0 -2 -1  2  0  3    4   2   2   0   2   0   2   2   0  17   9   0   4  14   4   3   3   3   2  25  0.36 0.27
   84 Q   -2  0  4  2 -5  1  0 -1  1 -4 -3  1 -2 -5 -2  0  1 -6 -3 -2    3   5  26  13   0   8   6   5   3   1   3   8   1   0   2   5  10   0   1   3  0.49 0.29
   85 P    0 -1  0  1 -4  0  1 -1 -1 -2 -3  1 -2 -1  4  1 -1 -3  0 -2    6   3   4   8   0   3   8   5   1   3   2  12   1   3  19  13   4   0   3   3  0.31 0.19
   86 D   -3 -3  3  6 -6 -2  1  0  0 -6 -5  0 -6 -4 -4 -1 -2 -3 -3 -5    2   1  15  48   0   1   7   8   2   0   1   6   0   1   1   4   2   0   1   1  1.11 0.48
   87 G    0 -2  1  0 -4 -1 -1  5 -1 -3 -2 -1 -2 -4 -3  0  0 -2 -3 -3    6   2   7   4   0   3   3  46   1   1   3   4   1   1   1   8   5   1   1   2  0.67 0.29
   88 V    0  0  0 -1 -3  0  0 -1  0 -1  1  2  1  0  0  0  1 -3  0 -1    5   4   5   2   0   4   7   4   2   3  16  14   4   4   4   6   9   0   4   5  0.08 0.08
   89 T   -1 -1  1 -1 -4  0 -1  0 -1 -2 -2  1  0 -4 -1  2  4 -6 -4 -2    3   3   6   3   0   3   4   6   1   2   4   9   2   0   3  14  36   0   0   2  0.51 0.33
   90 L   -2 -4 -4 -5 -4 -3 -5 -5 -2  2  5 -3  0  0 -1 -3  0 -5 -2  1    2   1   1   0   0   1   0   1   1   9  59   1   1   3   3   1   6   0   1   8  0.90 0.40
   91 E   -1  1 -1 -1 -2  0  1 -2  1 -1 -1  1 -1  1 -2  0  1 -1  2  1    3   8   2   2   1   4  11   2   3   3   5   8   1   6   1   8  13   1   8  11  0.13 0.12
   92 Y   -1  1  0 -1 -3  0  1 -3  1  0  1  0 -1  0  0 -1 -1  1  3 -1    4   9   3   2   0   4  10   1   4   5  17   6   1   3   5   4   3   3  11   4  0.12 0.11
   93 N   -4  2  7 -2 -7 -3 -3 -3 -1 -5 -5 -2 -4 -3 -6 -2 -1 -7 -4 -4    1  12  70   1   0   1   1   1   1   0   1   2   0   1   0   2   4   0   0   1  1.93 0.73
   94 P   -2 -1  0  1 -6  0  3 -3 -1 -3 -4  1 -3 -4  6 -2 -2 -6 -3 -2    3   2   4   7   0   3  18   2   1   2   1   9   0   0  39   2   2   0   1   4  0.95 0.41
   95 Y   -4 -5 -1 -1 -6 -3 -3 -1  4 -3 -3 -5 -2  3 -5 -3 -2  4  7 -3    1   0   3   4   0   1   1   6   9   1   2   0   1  12   0   2   3   6  46   2  1.36 0.53
   96 A    3 -2 -2 -4 -5 -4 -4  0 -3 -4 -4 -4 -5 -4 -2  5  0 -6 -3 -3   20   2   2   0   0   0   0   5   1   1   1   0   0   1   2  58   5   0   1   2  1.16 0.55
   97 W   -6 -8 -8 -9 -8 -3 -8 -8 -7 -7 -4 -8 -6 -3 -4 -8 -8 12 -1 -7    1   0   0   0   0   1   0   0   0   0   2   0   0   1   1   0   0  92   2   0  4.77 1.30
   98 N   -2 -4  7 -1 -6 -2 -2 -3  2 -4 -5 -2 -5 -3 -3  0  3 -7 -3 -4    4   0  53   3   0   1   1   1   5   1   1   1   0   1   1   6  20   0   1   1  1.37 0.58
   99 L   -2  2  3 -2 -5  2  1 -3  0 -2 -2  4 -1 -4 -4  0  0 -5 -3 -3    2   9  13   1   0   9   7   1   2   2   4  33   1   1   0   7   6   0   1   2  0.58 0.31
  100 I    1  0  2 -1 -2 -1  0 -2  0  1  0  0  0  0 -2 -1 -1 -3  0  2   13   4  12   2   1   1   5   2   3   7  11   5   2   5   1   3   2   0   4  18  0.08 0.08
  101 A    5 -2 -2 -3 -1 -2 -2  0 -1 -2 -2 -2 -2  0 -2  1 -1 -4 -1 -1   62   1   1   0   1   1   0   5   1   1   2   0   1   4   0  11   3   0   1   3  0.73 0.30
  102 N   -2 -2  6  1 -4 -1 -2 -1  3 -4 -4 -2 -4 -3 -3  2 -1 -2 -2 -4    1   1  52   5   0   1   0   3   9   1   1   0   0   1   1  19   3   1   1   0  1.05 0.35
  103 V   -2 -3 -3 -4 -1 -3 -4 -4 -3  3  2 -3  4 -1 -4 -3  0 -3  1  4    2   0   1   0   1   0   0   1   0  17  15   0  15   1   0   1   5   0   6  34  0.57 0.22
  104 L   -3 -4 -3 -5 -3 -3 -4 -5 -4  4  4 -4  1  0 -3 -3 -2 -3 -1  1    1   0   1   0   0   0   0   1   0  30  48   0   3   2   1   1   0   0   2   8  0.78 0.26
  105 Y   -3 -4 -4 -5 -2 -4 -4 -5 -2 -2 -2 -4  0  6 -5 -4 -3  5  6 -1    2   0   0   0   1   0   0   1   0   1   1   0   2  43   0   1   1   8  31   5  1.37 0.38
  106 I   -2 -4 -4 -5 -3 -3 -4 -4 -2  3  3 -4  1  1 -4 -3 -2  0 -2  3    3   0   0   0   0   0   0   1   1  23  38   0   2   4   0   1   0   1   0  22  0.65 0.22
  107 E   -3 -3 -1  6 -5 -1  4 -4 -3 -5 -5 -2 -4 -5 -3 -1 -3 -5 -5 -5    1   0   0  59   0   0  33   1   0   0   1   0   0   0   0   2   0   0   0   0  1.57 0.43
  108 S    0 -2  1 -2 -4  5 -1 -2 -1 -3 -3 -1 -2 -3 -3  4 -1  0 -2 -3    7   0   7   0   0  39   1   1   1   1   2   0   1   1   0  33   2   1   1   1  0.83 0.34
  109 P   -3 -4  0 -4 -6 -4 -4 -5 -4 -5 -4 -4 -5 -6  8 -2 -4 -6 -6 -5    0   0   4   0   0   0   0   0   0   0   2   0   0   0  89   2   0   0   0   0  2.80 0.63
  110 A    3  0 -3 -3 -2 -2 -2 -2 -1  1 -1  0 -1 -2 -1 -1  0 -4 -2  3   30   4   0   1   1   1   0   2   1   7   3   6   1   1   3   2   5   0   1  31  0.31 0.19
  111 G   -1 -2  0 -1 -1 -1 -2  5 -3 -3 -3 -1 -2 -2 -2  0 -1 -4 -3 -3    2   2   5   3   1   2   2  61   0   2   2   2   1   2   2   5   3   0   0   2  0.78 0.20
  112 V    0 -3 -3 -4 -2 -3 -3 -4 -4  1 -1 -3 -1 -3  0  0  3 -4 -3  5    6   0   0   0   0   0   0   0   0   3   0   0   0   0   5   4  20   0   0  60  0.69 0.27
  113 G   -1 -3  2 -2 -4 -3 -3  6 -3 -4 -4 -3 -4 -4 -3  0 -2 -4 -4 -2    1   0  10   0   0   0   1  74   0   0   1   1   0   0   0   5   1   0   0   5  1.24 0.29
  114 F   -3 -4 -4 -4  2 -4 -4  0  0 -1  0 -4  0  6 -4 -3 -3  2  4  1    0   0   0   0   5   0   0   9   2   0   4   0   2  50   0   0   0   3  13  10  0.82 0.25
  115 S    0 -2 -1 -2 -3 -2 -2  1 -2 -4 -3 -2 -3  0 -3  5  0 -3  2 -3    4   0   0   0   0   0   0  10   0   0   0   0   0   3   0  67   4   0   9   0  0.84 0.30
  116 Y   -3 -3 -3 -3 -2 -2 -3 -4  0 -3 -3 -2 -2  2 -3  1 -1  1  8 -3    1   1   1   1   1   1   1   1   1   1   2   2   1   5   1  13   4   1  58   1  1.36 0.45
  117 S    1 -1  0 -1  0 -1 -2  1 -1 -2 -1 -2 -2 -2 -2  3  1 -4  2 -1    9   3   5   3   2   2   1  10   1   1   5   1   1   1   2  34  10   0   7   3  0.34 0.23
  118 D   -1 -1  3  4 -6  0  0  0 -2 -4 -3  0 -3 -6 -1  0  2 -6  0 -3    5   3  17  21   0   3   7   6   1   1   2   6   1   0   4   8  11   0   3   2  0.47 0.31
  119 D   -2 -1  3  4 -6 -1  0 -1  0 -4 -4  0 -4 -3 -1  2  2 -3 -1 -3    3   3  12  20   0   2   6   6   3   1   1   5   0   1   3  17  14   0   2   1  0.50 0.34
  120 K   -1  0  1  2 -5  0  1  2  1 -4 -4  1 -2 -2  1  2  0 -6 -3 -3    3   4   6  10   0   4   8  15   3   1   1   9   1   2   7  17   6   0   1   2  0.32 0.24
  121 M    0 -1  1  1 -1  0  0  1 -1 -1 -1  0 -1 -2  0  2  0 -2  0  0    7   3   5   8   1   4   5  10   2   4   7   6   2   2   4  15   6   1   3   7  0.07 0.07
  122 Y   -2 -3  0  1 -1 -3 -2 -2  1 -2 -1 -1 -3  0 -1  1  0  1  6 -2    4   1   5   9   1   1   3   3   3   2   6   4   0   3   3  11   5   2  30   3  0.60 0.34
  123 V    1 -2 -1  1  0  0 -1 -2 -1  1 -1 -1  0 -1 -1 -1  1 -1  1  2   10   2   4   7   2   4   3   3   1   9   6   5   3   3   3   5   7   1   5  17  0.14 0.11
  124 T   -1  0  0 -1 -1 -1 -3 -3  3 -3 -2 -1 -2 -2 -1  2  4  1  0 -1    5   5   5   4   1   3   2   2   6   2   4   4   1   2   4  13  28   2   4   5  0.47 0.35
  125 N   -4 -3  5  3 -2 -2 -1  2 -1 -9 -6 -2 -8 -4 -3  2  1  0 -3 -4    1   2  30  13   1   2   5  14   2   0   1   2   0   1   2  12   9   1   1   1  0.91 0.56
  126 D   -3 -8 -1  6 -9  0  2 -4 -8 -4 -1 -8  0 -2 -2 -1  1 -9 -9 -8    2   0   3  49   0   5  11   2   0   1   5   0   2   2   3   5   9   0   0   0  1.36 0.75
  127 T    0 -1  0  3 -2  0  2 -2 -1 -2 -3  0 -1 -1 -2  0  3  0 -2 -1    7   3   5  14   1   3  11   3   2   2   3   6   1   3   2   8  17   1   2   4  0.29 0.24
  128 E   -1  0 -1  1 -2  3  3 -3  0 -1 -3  1  0 -2 -4  0  0 -8 -3 -1    6   6   3   7   1  15  18   3   2   3   3   9   2   2   1   7   6   0   1   4  0.37 0.29
  129 V    0  0  0  0 -3  1  0 -1  2  0 -1  0  1  1 -3  0  0  3  1  0    6   6   5   6   0   5   6   6   5   6   6   6   5   5   0   6   6   5   5   6  0.08 0.10
  130 A    4 -1 -1 -2  0 -1 -2  0 -4 -1 -3 -2  0 -1 -2  1  0 -6 -4  0   38   3   2   3   2   2   3   6   0   3   2   2   3   3   2  12   6   0   0   8  0.45 0.39
  131 E    1  0  1  1 -1  2  2 -2  1 -1 -2  1  0 -1 -1  0  0  1  0 -1   10   5   5   7   2   8  12   2   5   3   4   9   2   3   2   5   6   2   3   3  0.13 0.13
  132 N   -2  0  2  5 -5  2  0 -2  2 -2 -3 -2 -1 -3 -3  0 -1 -5 -1 -3    3   4  11  32   0  12   6   2   6   2   2   2   2   1   1   6   3   0   3   2  0.63 0.43
  133 N    0 -4  3  0 -1 -1 -3 -2 -1  1  1 -2  1  2 -4  0  0  0 -3  1    6   0  17   5   2   2   0   3   2   8  15   2   5  11   0   6   6   1   0  10  0.26 0.26
  134 Y   -2 -2 -3 -2 -6 -2 -6 -4  3 -1  0 -3  0  2 -7 -3 -1  4  7  0    4   2   1   3   0   2   0   1   7   3  10   1   2   8   0   1   3   5  41   5  1.10 0.63
  135 E    1  0  1  0 -4  1  2 -1  1 -1 -1  0  0 -2 -3  0  1  1 -1 -1   11   5   7   6   0   7  13   4   4   5   6   6   3   1   0   6   9   2   2   4  0.14 0.15
  136 A    3 -3 -6 -7 -2 -6 -6 -2 -5 -3 -2 -4  0  7 -6 -2 -2  1 -2 -2   25   2   0   0   1   0   0   3   0   1   2   1   2  53   0   2   2   2   0   2  1.55 0.80
  137 L   -3 -6 -2 -7 -5 -6 -7 -7 -6  1  5 -6  2  1 -2 -6 -3  1 -2  1    2   0   2   0   0   0   0   0   0   8  62   0   5   6   2   0   1   2   1   9  1.22 0.63
  138 K    0  0  0  0  2  1  0 -1  2  0 -1  0  1  0 -3  0  0 -3  1  0    6   6   6   6   6   6   6   6   6   6   6   6   6   6   0   6   6   0   6   6  0.05 0.08
  139 D   -1  0  2  2 -4  2  0 -1  0 -1 -1  2  1 -2  1 -1 -1 -5 -1 -2    4   4  12  10   0  10   5   4   2   4   6  12   4   2   7   4   3   0   2   3  0.20 0.15
  140 F   -5 -6 -6 -6 -6 -6 -6  0 -5  0  0 -6 -4  7 -6 -6 -5  8  2 -4    0   0   0   0   0   0   0   8   0   5   8   0   0  48   0   0   0  21   6   0  1.93 0.67
  141 F    0 -2 -5 -2 -5 -4 -2 -5  0 -1  1 -2  1  6 -5 -4 -2 -3  3  0    8   2   0   2   0   0   2   0   2   3  16   2   4  38   0   0   2   0  10   6  0.85 0.38
  142 R    1  1  0  1 -4  2  2 -2  1 -2 -2  2 -1 -2 -3  0  1 -4 -2 -2   13   7   3   6   0   9  18   2   4   2   3  12   2   1   0   6   8   0   1   3  0.27 0.19
  143 L    0  2 -1 -1 -1  0  0 -3  0  0  1  2  0 -2 -3 -1  0 -4 -2  1    7  10   3   3   1   5   5   1   2   6  13  15   2   1   0   4   4   0   1  15  0.14 0.14
  144 F   -3 -3 -2 -2 -5 -2 -3 -6  5 -2 -3 -3 -4  7 -5 -1 -4  0  3 -3    1   2   2   3   0   1   1   0  14   2   2   1   0  51   0   5   0   1  11   1  1.46 0.62
  145 P   -3 -2 -2 -2 -3  0 -1 -4 -2 -6 -5 -2 -6 -4  7 -1 -2 -7 -6 -4    2   2   2   3   1   5   4   2   1   0   1   2   0   1  67   5   2   0   0   1  1.91 0.83
  146 E   -2  0  0  1 -3  3  5 -2  2 -4 -4  2 -1 -5 -3  0 -2 -1 -3 -4    2   5   4   6   1  13  38   3   4   1   1  10   2   0   1   6   2   1   1   1  0.72 0.43
  147 Y   -4 -1 -6 -2 -6 -4 -4 -7  0 -1  1 -4 -1  5 -7 -4 -4 -1  7 -3    1   4   0   2   0   1   1   0   2   2  16   1   2  24   0   1   1   1  41   1  1.42 0.66
  148 K    2  2 -1 -2 -4  2 -1 -1  0 -1  0  3 -1 -3 -3  0 -1 -5 -2 -2   16  14   2   1   0   9   2   5   2   4   9  21   1   1   1   6   2   0   1   3  0.31 0.26
  149 D   -1  0  3  2 -4  0 -1  1  1 -4 -3  2 -2 -3 -1  2  1 -5 -2 -2    4   3  13  10   0   3   3  12   4   1   1  14   1   1   2  16   8   0   1   3  0.34 0.25
  150 N   -2  4  5 -1 -3  0 -3 -3  3 -4  0  1 -1 -4 -4  0 -2 -1 -2 -4    2  24  30   2   1   3   0   2   6   1   9   8   2   0   0   6   1   1   1   1  0.76 0.46
  151 K   -2 -2 -2  4 -6 -1  2 -2  1 -6 -6  1 -3 -6  5 -2 -2 -7 -4 -5    3   2   2  25   0   3  14   2   3   0   0   9   0   0  30   2   3   0   0   1  1.01 0.51
  152 L   -4 -6 -6 -7 -5 -6 -5 -7 -5  0  3 -6 -1  7 -4 -4  0 -1 -2  0    1   0   0   0   0   0   1   0   0   5  28   0   1  49   1   1   6   1   0   7  1.42 0.64
  153 F   -4 -6 -5 -7 -6 -5 -6 -5  5 -2 -4 -6 -5  4 -7 -2 -3  3  7 -3    1   0   0   0   0   0   0   1  14   2   1   0   0  20   0   3   1   4  50   1  1.98 0.81
  154 L   -3 -6 -6 -7 -5 -5 -6 -7 -6  6  2 -4  1  1 -4 -5 -3 -5 -3  3    1   0   0   0   0   0   0   0   0  47  20   1   3   6   1   0   1   0   1  18  1.23 0.55
  155 T    3 -4 -4 -4  1 -4 -4  0 -4 -2 -3 -4  1  1 -3  1  4  1 -3 -1   30   0   0   0   3   0   0   6   0   2   1   0   3   6   1  11  30   2   1   4  0.71 0.44
  156 G   -1 -6 -4 -5 -7 -6 -6  7 -6 -7 -7 -5 -7 -7 -2 -2 -1 -7 -7 -7    3   0   0   0   0   0   0  86   0   0   0   0   0   0   2   3   4   0   0   0  2.27 0.85
  157 E   -3 -4 -3  0 -3 -1  7 -5  2 -4 -5 -3 -6 -7 -5 -3 -4 -7 -6 -5    1   0   1   5   1   2  81   1   4   1   1   1   0   0   0   1   1   0   0   1  2.06 0.85
  158 S   -2 -1 -3 -4 -5 -4 -3 -3 -2 -6 -6 -4 -5 -6 -5  7 -2 -6 -5 -5    1   3   0   0   0   0   1   1   1   0   0   0   0   0   0  89   1   0   0   0  2.14 0.91
  159 Y   -5 -6 -6 -4 -3 -4 -6 -7 -1 -5 -4 -6 -5  2 -1 -5 -4  0  9 -4    0   0   0   1   1   1   0   0   1   0   1   0   0   5   4   0   1   1  81   1  2.77 0.95
  160 A    5 -4 -4 -1 -1 -4 -3  3 -5 -5 -5 -4 -5 -6 -3  1 -2 -6 -6 -4   57   1   0   3   1   0   1  26   0   0   0   0   0   0   1   9   1   0   0   1  1.24 0.59
  161 G   -2 -6 -4 -5 -6 -6 -6  7 -6 -7 -7 -5 -6 -7 -6 -2 -1 -7 -7 -6    3   0   0   0   0   0   0  89   0   0   0   0   0   0   0   3   4   0   0   0  2.35 0.80
  162 I   -3  0 -3 -4 -5  1 -1 -5  7  2 -2  2  1 -2 -5 -3 -1 -5  0  1    1   3   0   0   0   7   4   1  33  11   2  14   5   1   0   1   3   0   2  11  0.89 0.45
  163 Y   -6 -6 -6 -6 -4 -6 -5 -7  1 -1 -4 -3 -2  2 -3 -1 -2  0  8 -3    0   0   0   0   0   0   1   0   2   4   1   1   1   6   2   4   2   1  73   2  2.30 0.84
  164 I    0 -6 -5 -4 -2 -5 -6 -1 -6  5  0 -5 -1 -2 -6 -4 -3 -6 -5  4    9   0   0   1   1   0   0   5   0  39   8   0   0   1   0   1   0   0   0  35  1.05 0.48
  165 P   -3 -4 -6 -5 -6 -3 -5 -6 -2 -3 -4 -5 -6 -7  8 -1 -2 -7 -6 -4    1   1   0   0   0   1   0   0   1   1   2   0   0   0  84   4   2   0   0   1  2.70 0.91
  166 T    2 -2  0 -2 -2  2 -1 -3  0 -1 -1 -2  1 -2 -2  0  3 -3  2  0   19   1   4   1   0  12   3   1   3   4   4   1   4   1   2   6  20   0  10   5  0.30 0.26
  167 L    0 -4 -4 -5 -3 -5 -5 -6  0  3  4 -3  1  3 -5 -4 -2 -4 -1  1    8   0   0   0   0   0   0   0   2  22  38   1   2  14   0   0   2   0   2   7  0.77 0.38
  168 A    5  0 -3 -5 -3 -4 -2 -1 -5 -3 -3 -1 -3 -5 -4  1  1 -6 -5  0   58   5   1   0   0   0   2   5   0   0   1   2   1   0   0  12   7   0   0   7  0.94 0.51
  169 V    0  0  0  0 -4  2  0 -3  3  0 -1  0  0 -1 -3  0 -1 -2  2  0    9   6   4   6   0  10   5   1   7   8   6   6   3   1   0   8   3   0   8   9  0.14 0.14
  170 L    0  1 -2 -2 -4  0  1 -3  1  0  2  1 -1  1 -4 -2 -1 -1  3  0    9   8   1   1   0   4  11   1   3   4  24   8   0   6   0   1   3   1  11   5  0.22 0.19
  171 V   -2 -4 -4 -4 -4 -4 -4 -5 -3  6  1 -1  1  1 -5 -2 -3 -5 -4  2    2   1   1   1   0   0   1   1   1  49  12   4   3   6   0   3   1   0   0  15  0.96 0.45
  172 M   -1 -2 -2 -3  1  0 -2 -3  2  1  2 -1  2 -1 -3 -1 -1  1  0  1    5   2   2   1   3   4   2   2   7   8  29   4   5   2   1   5   3   2   3  11  0.20 0.17
  173 Q   -1  1  1  1 -6  4  2 -2  1 -5 -4  3 -2 -5 -3  0 -1  2 -4 -4    3   6   7   9   0  21  13   2   3   0   2  19   1   0   1   5   2   3   0   1  0.58 0.34
  174 D   -1  0  3  4 -4  1  2 -1  2 -5 -4  1 -2 -4 -3  1 -1 -5 -3 -4    3   5  14  24   0   6  12   5   5   0   2   9   1   1   1   9   3   0   1   1  0.53 0.30
  175 P    0  0  2 -1 -5 -1 -1 -2 -2 -3 -3  1 -3 -2  5  0  0 -6 -3 -1    7   4  12   2   0   3   3   2   1   2   3   9   1   1  33   7   6   0   1   4  0.68 0.36
  176 S    0  1  1 -1 -4  1  0 -1  1 -2 -2  2 -2 -1  1  2  1 -2 -1 -2    6   6   8   3   0   6   3   3   4   2   3  14   1   3   7  19   7   0   2   3  0.22 0.18
  177 M   -1 -4 -5 -6 -3 -3 -4 -6 -4  5  2 -3  2  2 -2 -4 -3 -1 -1  1    5   1   0   0   0   1   1   0   0  45  16   2   5   7   2   1   1   1   2   9  0.91 0.43
  178 N   -3 -1  7  0 -7  0 -3 -4  0 -4 -6  0 -4 -7 -2 -2 -3 -7 -4 -6    2   2  70   4   0   4   1   1   2   1   1   4   0   0   2   2   1   0   1   0  1.91 0.82
  179 L   -4 -6 -5 -5 -3 -4 -5 -7 -6  1  5 -5  2  2 -6 -5 -4 -5 -3 -2    1   0   1   1   0   1   1   0   0   6  70   0   5  10   0   1   1   0   1   2  1.43 0.62
  180 Q    0  2 -3 -2 -7  3  0 -4  0 -4 -6  6 -4 -7 -1 -2 -2 -4 -6 -2    8   8   1   2   0  15   4   1   3   1   0  49   0   0   3   2   2   0   0   3  1.10 0.58
  181 G   -3 -1 -4 -5 -7 -4 -4  6 -3 -8 -8 -2 -7 -8 -6  2 -3 -8 -7 -4    1   4   0   0   0   0   1  75   1   0   0   2   0   0   0  14   1   0   0   1  1.90 0.78
  182 L   -2 -6 -6 -7 -2 -5 -6 -5 -3  4  2 -6  3  3 -6 -5 -3 -2  3  1    3   0   0   0   1   0   0   1   0  32  19   0   7  13   0   0   1   0  12  10  0.94 0.44
  183 A    4 -5 -4 -5 -4 -3 -1  0 -5  1  2 -4  4 -2 -3  0 -2 -3 -5  0   38   0   0   0   0   0   3   6   0   7  21   0  10   1   1   5   2   0   0   4  0.65 0.41
  184 V   -2 -1 -4 -7 -3 -4 -6 -7 -7  6  1 -6  0 -4 -5 -5 -2 -6 -5  3    3   3   1   0   0   1   0   0   0  55  12   0   1   0   0   0   2   0   0  22  1.40 0.60
  185 G   -2 -4 -3 -4 -3 -5 -4  7 -6 -5 -5 -5 -7 -6 -7 -4 -5 -8 -8 -5    3   1   1   1   1   0   1  88   0   1   1   0   0   0   0   0   0   0   0   1  2.31 0.86
  186 N   -5 -5  8  3 -2 -4 -4 -4 -4 -6 -8 -3 -7 -8 -7 -2 -5 -9 -7 -8    1   0  79  15   1   0   0   1   0   1   0   1   0   0   0   2   0   0   0   0  2.54 0.98
  187 G    1 -6 -4 -4 -7 -5 -5  6 -6 -7 -7 -4 -6 -7  3 -3 -4 -7 -7 -6   12   0   0   1   0   0   0  66   0   0   0   1   0   0  18   0   1   0   0   0  1.79 0.71
  188 L   -1 -3 -4 -4  1 -2 -2 -4 -4  2  3 -3  1  1 -3 -1 -2  5  1  2    3   1   0   1   3   1   2   1   0  10  29   1   4   7   1   6   2  10   5  13  0.47 0.26
  189 A    0 -4 -2 -3  1 -3 -3 -4 -4  2  1 -4  2  0 -3  0  5 -3 -2  1    6   0   1   1   3   1   1   0   0  11  13   0   6   3   1   5  38   0   1  10  0.62 0.37
  190 S   -2 -2  3  5 -4 -3 -1 -2  2 -3 -2 -2 -2 -4 -3  2  0 -1 -3 -3    2   1  13  37   0   0   2   3   5   1   5   2   1   0   1  20   5   1   1   1  0.77 0.40
  191 Y   -1 -1  0  1 -3  0  0 -2 -1 -1 -1 -1 -1  1  3 -1  0  2  3  0    5   3   5   7   0   5   4   2   1   3   5   3   1   8  18   4   6   3  11   6  0.27 0.17
  192 E    0  0  1  1 -4  1  2 -3  0 -1 -2  2 -1 -2  1 -1  0 -2  1 -1    8   3   6   8   0   5  18   1   1   5   3  12   1   2   8   3   5   1   5   5  0.21 0.15
  193 Q   -1 -1 -1 -1 -4  2  0 -3  3  1  0 -1  0  1 -1 -1  1 -2  1  0    3   2   2   3   0   9   6   1   8  12  11   3   3   7   3   4  12   0   5   5  0.14 0.14
  194 N   -4  0  3  5 -3  4  0 -3 -3 -3 -2 -2 -1 -4 -3 -1 -1 -2 -2 -4    1   5  16  32   1  21   5   2   0   2   4   1   2   1   1   3   3   1   1   1  0.84 0.43
  195 D   -1 -2  1  2 -4  0  0 -1  2 -1 -1 -2  0  1 -1  0  0  0  3 -1    4   1   7  16   0   4   6   3   5   4   6   1   3   7   2   6   6   1  13   5  0.19 0.15
  196 N   -1  1  5  0 -1  1 -1 -1 -1  0 -1  0 -2 -4  0 -1 -2 -4 -1 -2    4   9  34   6   1   6   4   4   1   5   5   5   1   0   5   3   1   0   2   3  0.49 0.31
  197 S    2 -4 -3 -3 -5 -1 -3  2 -2 -3 -4 -3  0 -2 -3  4  1 -2  1 -3   20   0   0   1   0   3   1  17   1   1   1   1   3   1   1  33  10   1   5   1  0.67 0.40
  198 L   -1  1 -2 -3 -3 -1 -2 -4  1  0  2  0  3  0 -2 -1  0 -1  4  1    5   7   2   1   0   3   1   0   3   6  19   6   8   4   2   3   5   1  15   8  0.25 0.19
  199 V    0 -4 -5 -2 -4 -2 -4 -1 -4  3  1 -4  0  0  1 -2 -2 -2  1  3    9   1   0   2   0   2   0   5   0  20  10   0   2   4   7   2   2   1   5  27  0.43 0.27
  200 Y   -2  0 -1  3 -6  0  2 -4  0 -2 -2 -1 -2 -1  4 -1 -1 -1  4 -3    3   4   2  16   0   5  12   1   2   2   4   3   1   2  19   4   3   1  16   2  0.53 0.32
  201 F   -4 -1 -3 -6 -7 -4 -6 -6 -3 -1  0 -6  0  6 -5 -4 -4  1  6 -2    1   4   2   0   0   1   0   0   0   3   7   0   2  42   1   1   1   2  30   2  1.62 0.64
  202 A    4 -4 -2 -3 -3 -1 -2 -1 -2 -2  1 -4  1  0 -2  1 -2  3  1 -2   41   0   2   1   0   3   2   4   1   2  12   0   4   4   1  10   1   5   5   2  0.53 0.35
  203 Y   -1 -1 -2 -7 -7 -5 -4 -6  5 -4 -2 -3 -2  1 -7 -3 -4  7  7 -2    5   4   2   0   0   0   1   0  15   1   3   1   1   5   0   2   1  19  38   2  1.66 0.67
  204 Y    0  0 -1 -2 -5  1  1  2  1 -5 -3 -2 -2  1 -5  1  0  1  5 -4    7   6   3   1   0   6   8  14   3   0   1   2   1   5   0  13   6   2  21   0  0.44 0.30
  205 H   -3  0  0 -3 -7 -1 -3 -7  8 -2 -2 -1  5 -3 -6 -2 -3 -3  0  0    2   5   4   1   0   2   1   0  46   2   4   4  15   1   0   2   2   0   2   6  1.53 0.67
  206 G    2 -5 -1 -3  1 -2 -3  6 -6 -7 -7 -4 -6 -5 -3 -1 -4 -7 -2 -6   17   0   3   1   3   2   1  62   0   0   0   1   0   0   1   5   1   0   1   0  1.46 0.62
  207 L   -4 -2 -7 -7 -5 -3 -6 -2 -6  2  5 -6  4  1 -7 -4 -3 -6 -2  0    1   2   0   0   0   1   0   4   0  10  59   0   9   5   0   1   1   0   1   6  1.17 0.52
  208 L   -3 -5 -3 -7 -5 -6 -7 -8 -3  6  2 -6  1  0 -7 -5 -2 -6 -1  2    1   0   2   0   0   0   0   0   1  54  20   0   2   4   0   0   2   0   2  11  1.37 0.56
  209 G   -1 -3  0  2 -5 -3 -3  3 -2 -6 -6 -3 -5 -4  1  5 -2 -6 -4 -5    3   1   4  12   0   0   1  20   1   0   0   1   0   1   7  47   1   0   1   0  1.00 0.51
  210 N   -2 -2  1  5 -5  1  2 -2 -1 -3 -3  1 -3 -3 -1  0 -1 -4 -1 -3    3   1   7  34   0   7  12   3   2   1   3   8   0   1   3   6   4   0   3   1  0.58 0.31
  211 R   -1  1  0  2 -5  3  4 -2  0 -4 -5  2 -4 -5 -1  1  0 -6 -4 -4    3   8   3  13   0  11  27   3   2   1   1  11   0   0   3   8   5   0   0   1  0.60 0.33
  212 L   -1 -2 -2  0 -4  2  0 -2 -3  1  3 -2  1  0 -4 -2  1 -4 -1  0    6   1   1   6   0   9   6   3   0   6  33   1   2   4   0   2  11   0   2   6  0.28 0.22
  213 W   -3 -2 -3 -7 -5 -2 -6 -5  2 -3 -2 -1 -2  3 -7 -4 -4  8  7 -3    3   3   1   0   0   2   0   1   4   1   4   3   1  12   0   1   1  23  40   1  1.74 0.67
  214 T    1  0  2  2 -5  3  2 -3  0 -3 -2  1 -2 -2 -3  0  0 -5 -3 -2   11   5   8  13   0  13  16   0   2   2   3  10   0   2   1   6   7   0   1   2  0.37 0.24
  215 S    1  0  1  1 -3  1  2  0 -2 -2 -1  0 -1 -3 -3  2  0 -5 -2 -3   12   4   7   7   0   5  16   5   0   2   6   4   1   1   0  19   6   0   1   1  0.26 0.20
  216 L    1 -5 -5 -6 -2 -4 -5 -5 -5  3  4 -4  2  1 -3 -4 -1  0 -1  1   10   0   0   0   1   0   0   1   0  19  44   1   5   4   1   1   3   1   2   7  0.78 0.38
  217 Q   -1  1  1 -2 -5  4  1 -4 -1 -1 -1  3  0 -3 -3 -1  0 -1 -3  0    3   7   7   1   0  19   8   1   1   3   7  22   2   1   1   3   6   1   1   6  0.41 0.28
  218 T    1  1  2  0 -4  1  1 -3 -2 -2 -3  2 -3 -3 -3  1  2 -5 -3 -2   13   9   8   4   0   6   7   1   1   2   2  16   0   1   1  12  14   0   1   2  0.34 0.24
  219 H    0 -1  3  0 -2  1  0 -3  3 -2 -2  1 -3  0 -3  1  1 -2  3 -1    8   2  15   5   1   7   6   1   8   2   3   7   0   3   1   8   9   1  11   3  0.27 0.20
  220 C   -2 -8 -7 -6 10 -4 -4 -4 -8 -4 -3 -4 -4 -4 -8 -4 -3 -8 -7 -3    3   0   0   0  83   1   1   1   0   1   2   1   0   1   0   1   1   0   0   2  3.37 1.04
  221 C    0 -2  1 -3  9 -1 -4 -2 -3 -3 -5  0 -5 -5 -4 -2  0 -6 -4 -4    8   2   6   2  59   2   1   3   1   1   0   5   0   0   1   2   5   0   0   0  1.82 0.59
  222 A    1  0  0  0  1 -1  0  0 -2 -2 -2  0 -2  1  0  2  1 -3 -1  0   14   5   5   3   3   2   6   8   0   1   2   3   0   8   4  18   8   0   1   7  0.14 0.11
  223 Q   -1  0  1  0 -2  5  2  0 -1 -2 -4  2 -3 -5 -2  0 -1 -5 -3 -3    3   4   6   4   1  29  12   6   1   2   1  16   0   0   2   8   3   0   1   1  0.56 0.30
  224 N   -2 -1  4  3 -5  1  0  2  0 -4 -5  0 -4 -5 -1  1 -1 -5 -1 -4    2   3  24  19   0   6   5  15   2   1   0   3   0   0   3  12   2   0   3   0  0.56 0.26
  225 K   -2  2 -1 -1 -2  2  1 -3 -1 -2 -4  4 -3 -4 -1  0  1 -5  0 -1    1  11   2   2   1   7   8   1   1   2   0  36   0   0   3   7  11   0   4   4  0.52 0.25
  226 C    0 -3  0 -1  9 -5 -5 -2 -5  0 -1 -3  0 -2 -5 -3 -2 -6 -5 -2    7   2   4   3  62   0   0   3   0   6   4   1   2   2   0   0   1   0   0   2  1.69 0.46
  227 N   -4 -3  7  1 -6  0 -2 -3 -2 -6 -6 -1 -5 -6 -5  1 -2 -6 -5 -6    0   0  81   7   0   3   0   0   0   0   0   2   0   0   0   8   0   0   0   0  1.90 0.48

                      K         Lambda
Standard Ungapped    0.1819     0.3470
Standard Gapped      0.1100     0.3190
PSI Ungapped         0.1819     0.3470
PSI Gapped           0.1100     0.3190
