
Last position-specific scoring matrix computed, weighted observed percentages rounded down, information per position, and relative weight of gapless real matches to pseudocounts
           A  R  N  D  C  Q  E  G  H  I  L  K  M  F  P  S  T  W  Y  V   A   R   N   D   C   Q   E   G   H   I   L   K   M   F   P   S   T   W   Y   V
    1 M   -2 -3 -3 -4 -2 -1 -3 -4 -3  1  3 -3  6 -1 -3 -3 -2 -2 -2  0    0   0   0   0   0   0   0   0   0   0  31   0  69   0   0   0   0   0   0   0  0.91 0.13
    2 P    0 -3 -3 -3 -4 -3 -2 -4 -3 -4 -4 -2 -4 -5  7 -2 -2 -6 -5 -3    4   0   0   0   0   0   0   0   0   0   0   0   0   0  96   0   0   0   0   0  2.78 0.22
    3 I   -1 -3 -4 -4 -2 -3 -3  0 -4  4  1 -3  0 -1 -3 -2 -1 -3 -2  3    2   0   0   0   0   0   0   9   0  44   4   0   0   0   0   0   0   0   0  41  0.56 0.10
    4 L   -2 -3 -4 -4 -3 -3 -4  0 -2  2  3 -3  1  0 -4 -3 -2 -2  3  0    0   0   0   0   0   0   0   9   0  20  56   0   0   0   0   0   0   0  15   0  0.55 0.11
    5 K   -2  1 -1 -2 -4  0 -1  0 -2 -3  0  5 -2 -3 -2 -2 -2 -4 -3 -3    0   0   0   0   0   0   0   9   0   0  15  74   0   0   0   0   0   0   0   0  0.82 0.17
    6 Q   -1  0 -1 -2 -4  5  0  1 -1 -4 -3  2 -2 -4  2  0  0  1 -3 -3    0   0   0   0   0  44   0  14   0   0   0  19   0   0   9   5   4   3   0   0  0.66 0.13
    7 L   -1 -2 -3 -3 -2 -2 -3 -3 -3  1  3 -2  1 -1 -1 -1  0  3 -1  0    4   1   1   1   0   1   1   1   0   9  58   1   0   1   3   4   8   5   0   3  0.39 0.08
    8 V    0 -2  0 -2 -2 -1 -1  0 -1  1 -1 -1  0 -1 -2  1  1 -2  2  3    4   1   4   1   0   1   1   6   1   1   2   1   3   1   1  15   6   0   9  39  0.16 0.05
    9 S    1 -2  1 -1 -2 -1 -1  1 -2 -2 -1 -1 -2 -2  2  3  1 -3 -1 -2    7   1   5   1   0   0   1  11   0   1   9   1   0   0   9  48   4   0   2   1  0.42 0.09
   10 S    0  0  1 -2 -3 -1 -2  3  1 -3 -3  0 -3 -4  3  2  0 -4 -3 -2    3   3   6   0   0   0   0  26   4   0   0   7   0   0  20  21   5   0   0   4  0.52 0.08
   11 S    1  0 -1 -1 -2 -1 -1 -1 -2 -2 -3  1 -2 -3  1  4  1 -4 -3 -1    7   3   0   1   0   0   0   4   0   2   0  10   0   0   7  50   9   0   0   4  0.47 0.11
   12 V    0  2  0 -1 -2  1 -1 -1  0 -1 -1  1 -1 -2  2  1  0  2 -1  0    4  14   2   1   1   6   2   2   3   1   2  11   1   1   9  13   7   4   1  14  0.17 0.03
   13 N   -1  0  1 -1 -3  3  0  1  5 -2 -1  0 -1 -2  1 -1 -1 -3 -1 -1    1   2   8   0   0  21   0  13  28   0   7   6   0   0   7   2   0   0   0   4  0.41 0.08
   14 S    0  0 -1 -1 -2 -1 -1  1 -2 -3 -3  2 -2 -3  1  4  1 -4 -3 -2    2   2   0   0   0   0   2   9   0   0   1  16   0   0   7  52   7   0   0   0  0.52 0.11
   15 K   -1  2 -1 -1 -4  1  1 -1 -1 -4 -3  5 -2 -4 -2  0 -1 -4 -3 -3    0   8   0   0   0   3  10   4   0   0   0  70   0   0   0   3   0   0   0   0  0.91 0.15
   16 R   -2  5 -1 -2 -1  0  0 -2 -1 -3 -2  3 -2 -3  1 -1 -2 -4 -2 -3    0  55   0   0   2   0   6   2   0   0   3  19   0   0   7   3   0   0   1   0  0.79 0.13
   17 R   -1  5 -1 -2 -4  0 -1  0 -1 -1 -2  3 -2 -3  0 -1 -1 -4 -3 -2    5  51   0   0   0   2   0   6   0   6   2  19   0   0   4   0   2   0   0   0  0.66 0.11
   18 S   -1  0 -1 -1 -2 -1  1 -2  1 -1  1  0 -1  0  3  2  0 -3 -1 -1    0   5   0   0   0   0  12   2   4   3  17   3   0   5  14  25   5   0   0   3  0.22 0.05
   19 R   -2  5 -1 -2 -4  0 -1 -3 -1 -3 -3  3 -2 -3 -2  0 -1 -4 -3 -1    0  63   0   0   0   0   0   0   0   0   0  24   0   0   0   4   0   0   0   5  0.93 0.11
   20 A    0  1 -1  1 -2 -1 -1  1 -2  0  1 -1  0 -1  0  0  0 -3 -2  0    7  10   0  14   0   0   1  11   0   4  24   1   3   0   5   8   4   0   0   8  0.09 0.02
   21 D   -1  0  0  4 -3  0  2 -2  1 -1 -2  1  0 -2 -2 -1  0 -3 -2 -1    5   5   0  35   0   0  16   1   5   6   3   7   3   1   0   1   7   0   0   3  0.36 0.05
   22 L   -2  2 -3 -4 -2 -2 -3 -4 -2  1  4 -1  1 -1  0 -2 -2 -3 -2  0    0  18   0   0   0   0   0   0   0   5  71   0   0   0   4   0   0   0   0   0  0.49 0.06
   23 T    1  1  0 -1 -2 -1 -1  1 -2 -2 -2  0 -2 -3 -2  3  3 -3 -2 -1   10   9   0   0   0   0   0  10   0   0   0   3   0   0   0  29  38   0   0   0  0.45 0.05
   24 A    2  0 -1 -2 -2  0 -1 -1 -1 -1 -1 -1 -1 -2  4  1  1 -3 -2  0   24   8   1   1   0   3   1   4   0   1   3   1   0   1  23   7  10   0   1  11  0.39 0.02
   25 E   -1 -1  1  4 -3  0  3 -2 -1 -2 -1 -1 -2 -2  1 -1 -1 -3 -2 -2    3   1   5  35   0   1  32   1   0   1   8   1   0   1   5   1   1   0   1   1  0.54 0.04
   26 M   -1 -2 -2 -3 -2 -1 -2 -3 -3  0  1 -2  7 -1 -3  0 -1 -2 -2  0    0   0   0   0   0   0   0   0   0   0   0   0  85   0   0  11   0   0   0   0  0.95 0.13
   27 I   -2 -4 -4 -5 -2 -4 -4 -5 -4  5  1 -4  1 -1 -4 -3 -2 -3 -2  2    0   0   0   0   0   0   0   0   0 100   0   0   0   0   0   0   0   0   0   0  0.96 0.11
   28 S    1 -2  0 -1 -2 -1 -1 -1 -2 -3 -3 -1 -2 -3 -2  5  1 -4 -3 -2    0   0   0   0   0   0   0   0   0   0   0   0   0   0   0 100   0   0   0   0  1.06 0.12
   29 A    3 -2 -2 -2 -2 -1 -1  0 -1 -2 -1  0 -1 -3  5  1 -1 -4 -3 -2   42   0   0   0   0   0   0   6   1   0   4   5   2   0  34   5   0   0   0   0  0.77 0.06
   30 P   -1  1 -3 -3 -4 -2 -2 -3 -3 -4 -4 -1 -3 -4  7 -2 -2 -5 -4 -3    0   9   0   0   0   0   0   0   0   0   0   0   0   0  91   0   0   0   0   0  2.51 0.13
   31 L   -2 -2 -3 -4 -2  1 -2 -4 -3  1  4 -2  3  0 -3 -3 -2  4 -1  0    0   0   0   0   0  11   0   0   0   0  71   0   9   0   0   0   0   9   0   0  0.63 0.07
   32 G    0 -3  0 -1 -4 -2 -3  6 -3 -5 -4 -2 -4 -4 -3 -1 -2 -4 -4 -4    6   0   5   2   0   0   0  87   0   0   0   0   0   0   0   0   0   0   0   0  1.31 0.09
   33 D   -2 -2  1  6 -4 -1  1 -2 -2 -4 -4 -1 -4 -4 -3 -1  0 -5 -4 -4    0   0   4  82   0   0   5   0   0   0   0   0   0   0   0   0   9   0   0   0  1.28 0.10
   34 F   -2 -3 -3 -4 -3 -3 -4 -4 -2 -1  1 -3  0  6 -4  0 -2 -1  2 -1    0   0   0   0   0   0   0   0   0   0  11   0   0  80   0   9   0   0   0   0  1.00 0.10
   35 R   -2  6 -1 -2 -4  0 -1 -3 -1 -4 -3  2 -2 -4 -3 -2 -2  2 -2 -3    0  86   0   0   0   0   0   0   0   0   0  10   0   0   0   0   0   4   0   0  1.26 0.11
   36 H   -3 -1  0 -2 -5  0 -1 -3  9 -4 -4 -2 -3 -2 -3 -2 -2 -3  1 -4    0   0   0   0   0   0   0   0 100   0   0   0   0   0   0   0   0   0   0   0  1.91 0.16
   37 T   -1 -1 -1 -2 -2 -1 -2 -3 -2  0  0 -1  1 -2 -2  1  5 -4 -2  0    0   3   0   0   0   0   0   0   0   6   5   0   5   0   0   2  78   0   0   0  0.73 0.09
   38 M    0 -2 -3 -3 -2 -1 -3  0 -3  1  2 -2  5 -1 -3 -1  0 -3 -2  0    9   0   0   0   0   0   0   8   0   7  18   0  48   0   0   5   4   0   0   0  0.42 0.07
   39 H   -3 -1  0 -2 -5  0 -1 -3  9 -4 -4 -2 -3 -2 -3 -2 -2 -3  1 -4    0   0   0   0   0   0   0   0 100   0   0   0   0   0   0   0   0   0   0   0  1.91 0.16
   40 V    0 -3 -4 -4 -2 -3 -3 -4 -4  4  0 -3  0 -1 -3 -2 -1 -3 -2  4    5   0   0   0   0   0   0   0   0  35   0   0   0   0   0   0   0   0   0  60  0.67 0.08
   41 G   -1 -3 -1 -2 -4 -3 -3  6 -3 -5 -5 -3 -4 -4 -3 -1 -3 -4 -5 -4    0   0   0   0   0   0   0 100   0   0   0   0   0   0   0   0   0   0   0   0  1.68 0.12
   42 R   -2  5  0 -2 -4  1 -1 -2 -1 -1 -1  1 -2 -3 -1  0 -1  1 -3 -2    0  66   5   0   0   2   0   2   0   4   6   3   0   0   2   7   0   2   0   0  0.71 0.08
   43 A    1 -1  1  1 -3 -1 -1  4 -2 -3 -4 -1 -3 -4 -2  1 -1 -4 -3 -2   15   2   5   8   0   0   3  53   0   0   0   2   0   0   0   8   0   0   0   2  0.64 0.05
   44 G    0 -3 -1 -1 -4 -3 -3  6 -3 -5 -4 -2 -4 -4 -3  0 -2 -4 -4 -4    5   0   0   2   0   0   0  88   0   0   0   0   0   0   0   5   0   0   0   0  1.35 0.10
   45 D   -1 -2  2  6 -4 -1  1 -1 -2 -5 -5 -2 -4 -4 -3 -1 -2 -5 -4 -4    4   0   6  85   0   0   3   2   0   0   0   0   0   0   0   0   0   0   0   0  1.36 0.11
   46 A    3 -2 -2 -3 -2 -2 -2 -2 -2  0 -1 -2  2 -2 -2  1  0 -3  0  2   45   0   0   0   0   0   0   0   0   0   1   0  10   0   0   9   4   0   4  26  0.33 0.06
   47 F   -3 -4 -4 -5 -3 -4 -4 -4 -2 -1  0 -4 -1  7 -5 -3 -3 -1  2 -2    0   0   0   0   0   0   0   0   0   0   6   0   0  94   0   0   0   0   0   0  1.43 0.14
   48 G   -1 -3 -1 -2 -4 -3 -3  6 -3 -5 -5 -3 -4 -4 -3 -1 -2 -4 -4 -4    0   0   0   0   0   0   0  97   0   0   0   0   0   0   0   3   0   0   0   0  1.60 0.12
   49 D   -3 -3  1  6 -5 -1  1 -2 -2 -5 -5 -2 -4 -5 -3 -1 -2 -6 -4 -4    0   0   0  96   0   0   4   0   0   0   0   0   0   0   0   0   0   0   0   0  1.65 0.13
   50 T   -1 -2 -2 -3 -2 -2 -2 -3 -3  1  1 -2  1 -2 -2  0  4 -3 -2  1    0   0   0   0   0   0   0   0   0  10  16   0   3   0   0   0  62   0   0   8  0.55 0.08
   51 S    1 -2  0 -1 -2 -1 -1 -1 -2 -3 -3 -1 -2 -3 -2  5  2 -4 -3 -2    5   0   0   0   0   0   0   0   0   0   0   0   0   0   0  83  12   0   0   0  0.89 0.11
   52 F   -3 -4 -4 -5 -3 -4 -4 -4 -2 -1  0 -4 -1  7 -5 -3 -3  0  2 -2    0   0   0   0   0   0   0   0   0   0   0   0   0 100   0   0   0   0   0   0  1.51 0.13
   53 L   -2 -3 -4 -5 -2 -3 -4 -4 -3  1  4 -3  2  0 -4 -2 -2 -3 -2  0    0   0   0   0   0   0   0   0   0   3  93   0   0   0   0   3   0   0   0   0  0.81 0.09
   54 T    0  0  1 -1 -2  3  0  0  0 -3 -3  1 -2 -3 -2  3  1 -4 -2 -2    4   3   9   0   0  21   0   5   1   0   0   9   0   0   0  45   3   0   0   0  0.48 0.05
   55 S   -1  0  4  2 -3 -1  0  2 -1 -4 -4 -1 -3 -4 -2  2  0 -4 -3 -3    0   7  31  10   0   0   2  21   0   0   0   0   0   0   0  24   5   0   0   0  0.53 0.04
   56 K   -2  3  0  1 -4  1  0 -3  5 -4 -3  4 -2 -2 -2 -1 -1 -3  0 -3    0  15   0   7   0   4   0   0  28   0   0  41   0   1   0   0   0   0   3   0  0.65 0.06
   57 A    1 -2 -1 -2 -3 -2 -2  4 -2 -2 -3 -2 -2 -2 -2  1 -1 -3  1  0   16   0   0   0   0   0   0  57   0   0   0   0   0   0   0   9   0   0   7  10  0.61 0.03
   58 R    0  0 -1 -2 -4  1 -1  5  2 -4 -4  0 -3 -4  1 -1 -2 -4 -2 -3    3   3   0   0   0  12   0  62  10   0   0   4   0   0   7   0   0   0   0   0  0.76 0.04
   59 E    0 -2 -1  2 -3  0  3  1 -1 -1  0 -1  0 -2 -2  0  0 -4 -3 -1    5   0   0  12   0   0  37  15   0   5  13   0   3   0   0   7   3   0   0   0  0.30 0.02
   60 A    1  1 -2 -2 -2 -1 -1 -1 -2 -2  0  0 -1 -2  5  1 -1 -4 -3 -1   17  10   0   0   0   0   0   3   0   0  18   3   0   0  36  11   0   0   0   0  0.67 0.02
   61 D    0 -2  2  2 -4  0  2 -2 -1 -4 -4 -1 -3 -4  5  0 -1 -5 -3 -3    5   0  13  12   0   0  20   0   0   0   0   0   0   0  47   3   0   0   0   0  1.13 0.03
   62 D    0  0  0  2 -3  1  0  0 -1 -2 -2  0 -2 -3  5 -1 -1 -4 -3  0    4   3   5  15   0  11   4  10   0   0   0   3   0   0  32   0   0   0   0  13  0.60 0.02
   63 E    0 -1 -1  0 -4  1  4  1 -1 -4 -3  1 -2 -4  2 -1  0 -4 -3 -3    6   0   0   0   0   0  53  13   0   0   0  13   0   0  11   0   4   0   0   0  0.63 0.04
   64 S    1 -1  1  1 -2 -1 -1  0 -1 -3 -3  0 -2 -3  2  4  1 -4 -3 -2    4   0   7   6   0   0   0   5   0   0   0   4   0   0  13  58   4   0   0   0  0.57 0.04
   65 L    1  1 -1 -2 -2 -1 -1 -2  0 -1  0  0 -1 -2  4  0  0 -3 -2 -1   23  14   1   1   0   1   1   1   4   1  12   5   0   0  24   1   8   0   0   4  0.39 0.02
   66 D    1 -2  0  4 -2 -1  1 -1  1 -1 -2 -1 -2 -3 -2  1  0 -3 -2  0   12   0   0  36   0   0   6   1   5   0   1   0   0   0   0  18   4   0   0  14  0.36 0.02
   67 E    0 -1 -1 -1 -3  1  2 -2 -1 -2 -2  0 -2  0  2  2  1 -2  2 -2    0   0   0   0   0   8  17   0   0   0   0   5   0   5  13  32   6   0  13   0  0.38 0.03
   68 Q    1  0 -1 -1 -3  3  1 -2  0 -3 -3  1 -1 -2  2  2  1 -2  1 -2    9   0   0   0   0  25   9   0   0   0   0   7   0   0  13  19   9   0  10   0  0.42 0.03
   69 A    3  0 -1 -2 -2 -1 -1  0 -2 -2 -2 -1 -2 -3  3  2  1 -4 -3  0   42   5   0   0   0   0   0   4   0   0   0   0   0   0  17  18   6   0   0   8  0.47 0.04
   70 S    2  0 -1 -1 -2 -1 -1  2 -2 -3 -3 -1 -2 -3  1  3  1 -4 -3 -2   20   6   0   0   0   0   0  18   0   0   0   0   0   0   5  44   8   0   0   0  0.48 0.04
   71 A    2 -2 -1 -1 -2 -1  0 -1 -2  0 -2 -1 -1 -3  2  3  0 -4 -2 -1   33   0   0   0   0   0   7   0   0  13   0   0   0   0  10  36   0   0   0   0  0.41 0.04
   72 S    0  0 -1 -1 -3  2  0 -2 -1 -3 -3  2 -2 -3  5  1  1 -4 -3 -2    0   0   0   0   0  14   0   0   0   0   0  23   0   0  35  15   9   0   0   0  0.80 0.04
   73 K   -1  3  1 -1 -3  2  0 -2 -1 -3 -2  3  0 -3 -2  1 -1 -3 -2 -2    0  26   8   0   0  14   0   0   0   0   0  35   6   0   0  11   0   0   0   0  0.56 0.04
   74 L    0  0 -2 -2  4 -1  0 -3 -2 -1  0 -1 -1 -2  5 -1  1 -4 -3 -1    7   6   0   0  16   0   9   0   0   0  15   0   0   0  34   0  13   0   0   0  0.62 0.02
   75 S    0 -2 -1 -2 -3 -2 -2  4 -2 -2 -3 -2 -2 -3 -2  2  0 -4 -3 -1    0   0   0   0   0   0   0  57   0   0   0   0   0   0   0  35   0   0   0   8  0.73 0.03
   76 L   -2 -3 -4 -4 -2 -3 -3 -4 -2  0  2 -3  1  4  3 -2 -2 -1  1  0    0   0   0   0   0   0   0   0   0   0  40   0   0  36  16   0   0   0   0   8  0.54 0.03
   77 L   -2  0 -3 -4 -2 -2 -3 -4 -2  1  3 -2  1  4 -3 -3 -2 -1  0  0    0   8   0   0   0   0   0   0   0   0  63   0   0  29   0   0   0   0   0   0  0.52 0.03
   78 S    1 -2 -1 -1 -2 -1 -1 -2 -2 -2 -3 -1 -2 -3  4  3  3 -4 -3 -2    7   0   0   0   0   0   0   0   0   0   0   0   0   0  24  40  29   0   0   0  0.73 0.03
   79 R   -2  6 -1 -2 -4  2  0 -3  0 -3 -3  2 -2 -4 -2 -1 -2 -3 -3 -3    0  89   0   0   0  11   0   0   0   0   0   0   0   0   0   0   0   0   0   0  1.13 0.04
   80 K    1  1 -1 -2 -2  0 -1 -2 -2 -2 -2  1 -1 -3  2  1  4 -4 -2 -1   10   8   0   0   0   0   0   0   0   0   0  15   0   0  11   0  57   0   0   0  0.51 0.03
   81 F   -2 -3 -4 -4 -2 -3 -4 -4 -2  0  1 -3  0  6 -4 -3 -2  0  2  0    0   0   0   0   0   0   0   0   0   0  10   0   0  79   0   0   0   0   0  11  0.84 0.04
   82 R   -2  6 -1 -2 -4  1 -1 -3  3 -4 -3  2 -2 -3 -2 -1 -2 -3 -2 -3    0  90   0   0   0   0   0   0  10   0   0   0   0   0   0   0   0   0   0   0  1.12 0.04
   83 G    0 -1  0 -1 -3 -1 -1  4  3 -4 -3 -1 -3 -3 -2  3  0 -3 -1 -3    0   0   0   0   0   0   0  42  18   0   0   0   0   0   0  40   0   0   0   0  0.61 0.02
   84 S    1 -1  0  2 -2 -1 -1 -1 -2 -1 -2 -1 -1 -3 -2  4  1 -4 -2  1    0   0   0  13   0   0   0   0   0   0   0   0   0   0   0  69   0   0   0  18  0.45 0.02
   85 K   -1  4  0 -1 -4  1  0 -2 -1 -3 -3  5 -2 -4 -2 -1 -1 -4 -3 -3    0  31   0   0   0   0   0   0   0   0   0  69   0   0   0   0   0   0   0   0  0.86 0.02
   86 R   -2  6 -1 -2 -4  1 -1 -3  0 -3 -3  2 -2 -4 -2 -1 -2 -3 -3 -3    0 100   0   0   0   0   0   0   0   0   0   0   0   0   0   0   0   0   0   0  1.19 0.03

                      K         Lambda
Standard Ungapped    0.1703     0.3388
Standard Gapped      0.1100     0.3190
PSI Ungapped         0.1703     0.3388
PSI Gapped           0.1100     0.3190
