
Last position-specific scoring matrix computed, weighted observed percentages rounded down, information per position, and relative weight of gapless real matches to pseudocounts
           A  R  N  D  C  Q  E  G  H  I  L  K  M  F  P  S  T  W  Y  V   A   R   N   D   C   Q   E   G   H   I   L   K   M   F   P   S   T   W   Y   V
    1 M   -2 -3 -4 -5 -3 -2 -4 -5 -4  1  2 -3  8 -1 -4 -3 -2 -3 -3  0    0   0   0   0   0   0   0   0   0   5   6   0  89   0   0   0   0   0   0   0  1.48 0.23
    2 T    2 -2 -1 -2 -2  0 -2 -2 -2 -1 -1  0  1 -3 -2  0  4 -4 -3  1   25   0   0   0   0   3   0   0   0   0   1   7   6   0   0   1  47   0   0   9  0.48 0.10
    3 L   -3 -4 -5 -5 -3 -3 -4 -5 -4  1  5 -4  1 -1 -4 -4 -2 -3 -2  0    0   0   0   0   0   0   0   0   0   0 100   0   0   0   0   0   0   0   0   0  1.13 0.17
    4 N   -1 -2  5  0 -3 -1 -2  0 -1 -3 -4 -1 -3 -4 -3  1  3 -5 -3 -3    0   0  53   0   0   0   0   4   0   0   0   0   0   0   0  11  32   0   0   0  0.90 0.14
    5 M   -2 -3 -4 -5 -3 -2 -4 -5 -4  1  1 -3  8 -2 -4 -3 -2 -3 -3  1    0   0   0   0   0   0   0   0   0   7   3   0  80   0   0   0   0   0   0  11  1.38 0.24
    6 K   -2  2  2 -1  0  1 -1 -3  1 -4 -4  5 -3 -4 -3 -1 -1 -5 -3 -4    0   5  14   0   3   4   0   0   4   0   0  67   0   0   0   2   1   0   0   0  0.88 0.15
    7 N   -2 -2  6  0 -4 -1 -2 -2 -1 -4 -4 -1 -3 -4 -3  0  3 -5 -4 -3    0   0  72   0   0   0   0   0   0   0   0   0   0   0   0   0  28   0   0   0  1.29 0.20
    8 Y   -3 -4 -4 -5  1 -3 -4 -5  0 -3 -2 -4 -3  4 -5 -3 -3  1  8 -3    0   0   0   0   3   0   0   0   0   0   0   0   0  13   0   0   0   0  84   0  1.82 0.23
    9 K   -2  2 -1 -2 -5  1 -1 -3  0 -3 -2  6 -2 -4 -3 -2 -2 -5 -3 -1    0   7   0   0   0   3   0   0   3   0   3  79   0   0   0   0   0   0   0   6  1.06 0.19
   10 G   -1 -4 -2 -3 -4 -3 -3  6 -3 -5 -5 -3 -4 -5 -4  1 -2 -5 -5 -5    0   0   0   0   0   0   0  91   0   0   0   0   0   0   0   9   0   0   0   0  1.64 0.20
   11 Y   -3 -3 -3 -4 -4 -2 -3 -5  5 -2  0 -3 -2  5 -4 -3 -3  0  6 -3    0   0   0   0   0   0   0   0  21   0   6   0   0  31   0   0   0   0  42   0  1.18 0.18
   12 E   -1 -2  5  4 -4  0  3 -1 -1 -5 -5 -1 -4 -5 -3 -1 -2 -5 -4 -4    4   0  40  28   0   0  24   4   0   0   0   0   0   0   0   0   0   0   0   0  0.93 0.15
   13 K   -2  2 -1 -2 -5  0 -1 -1 -2 -4 -4  6 -3 -4 -3 -2 -2 -5 -4 -2    0   3   0   0   0   0   0   4   0   0   0  88   0   0   0   0   0   0   0   4  1.24 0.22
   14 K   -2  2 -2 -2 -3  0 -1 -4 -1  0  2  3  2 -1 -3 -2 -2 -3 -1 -1    0   8   0   1   0   4   2   0   1   4  32  36   9   2   0   1   0   0   1   0  0.40 0.11
   15 P   -1 -4 -4 -4 -5 -3 -3 -4 -4 -5 -5 -3 -4 -5  8 -2 -1 -6 -5 -4    3   0   0   0   0   0   0   0   0   0   0   0   0   0  93   0   4   0   0   0  2.77 0.29
   16 Y   -4 -4 -2 -5 -5 -4 -4 -5  0 -3 -3 -4 -3  3 -5 -3 -3  1  8 -3    0   0   2   0   0   0   0   0   0   0   0   0   0   8   0   0   0   0  90   0  2.05 0.29
   17 C   -2 -5 -5 -6 10 -5 -6 -5 -6 -3 -1 -5 -3 -4 -5 -3 -3 -5 -5 -3    0   0   0   0  94   0   0   0   0   0   6   0   0   0   0   0   0   0   0   0  2.60 0.35
   18 N   -1  0  5  2 -4  1  2 -2  3 -4 -4  0 -2 -4 -3  1 -1 -4 -3 -2    2   2  40   8   0   5  14   0   9   0   0   3   1   0   0  12   1   0   0   2  0.64 0.14
   19 A    4 -1 -3 -3 -2 -2 -2 -2 -3 -2 -1 -2  0 -3  1  0  0 -4 -3  0   68   4   0   0   0   0   0   0   0   0   7   0   2   0   6   1   5   0   0   7  0.62 0.18
   20 H   -3 -2 -1 -3 -5  0  1 -4  8  1 -3  0 -3 -3 -4 -2 -3 -4  0 -3    0   0   0   0   0   1   9   0  72  12   0   6   0   0   0   0   0   0   0   0  1.53 0.30
   21 Y   -3 -3  2 -3  2 -3 -4 -4 -1  2 -1 -3  2  1 -4 -2 -1 -1  6  0    0   0  12   0   6   0   0   0   0  19   0   0   9   0   0   2   1   0  48   3  0.78 0.20
   22 P   -2 -1 -3 -2 -5 -2  3 -4 -3 -5 -5 -2 -4 -5  7  0 -2 -6 -5 -4    0   3   0   0   0   0  21   0   0   0   0   0   0   0  69   6   0   0   0   0  1.94 0.27
   23 K   -2  1 -1 -2 -5  2  2 -3  0 -4 -4  5 -3 -4 -3  0  1 -5 -3 -3    0   3   0   0   0   9  16   0   1   0   0  58   0   0   0   3   9   0   0   1  0.89 0.23
   24 Q    1 -2  0 -1 -3  2 -1  2 -1 -3 -2  0 -2 -2 -1  1  2 -3  2 -2   14   0   4   2   0  12   0  19   0   0   2   5   0   0   3   6  22   0  12   1  0.29 0.12
   25 S    0  1  1 -2 -4  2 -1 -2 -2 -3 -3  4  1 -4 -1  2  1 -4 -3 -1    3   3   5   0   0  11   0   2   0   0   0  40   5   0   2  18   7   0   0   4  0.49 0.16
   26 F    1 -2 -3 -4 -3 -2 -3 -2  1  0  0  1 -1  5  0 -2 -2 -1  3  0   14   0   0   0   0   0   0   2   4   4   4  10   0  41   5   0   0   0  10   7  0.50 0.17
   27 T    0 -2 -2 -3 -3 -2 -2 -3 -3 -2 -3  1 -1 -4 -3  1  6 -5 -3 -1    4   0   0   0   0   0   0   0   0   0   0  10   1   0   0   8  75   0   0   1  1.12 0.32
   28 M    1 -2 -2 -3 -1  0 -2 -3 -3  1  0 -2  3 -1  1  2  2 -4 -3  1    9   0   0   0   1   5   0   0   0   6   3   0  15   2   8  20  18   0   0  14  0.31 0.14
   29 V   -1 -3 -4 -4 -2 -3 -3 -4 -4  2 -1 -3  1 -2 -3 -3 -1 -3 -3  5    3   1   0   1   0   0   1   1   0   5   1   1   4   0   1   1   1   0   0  80  0.95 0.25
   30 A    3 -2 -2 -2 -2  1 -1 -2 -2  0 -1 -1 -1 -1  1  1  1 -3 -2  1   41   1   0   1   0   6   1   1   0   3   5   1   0   4   5   9  11   0   0  12  0.30 0.12
   31 D   -3 -2  0  6 -4  0  2 -3 -2 -3 -4 -2 -3 -2 -3 -1 -2 -5 -4 -3    1   1   1  71   0   3  12   1   0   2   1   1   0   2   1   2   1   0   0   2  1.28 0.26
   32 T   -1 -1 -2 -3 -3 -2 -2 -3 -3  0 -3 -2 -2 -3  0  0  6 -4 -3 -2    1   4   0   1   0   0   1   1   0   4   1   1   0   0   4   1  81   0   0   1  1.18 0.32
   33 P   -2 -3 -3 -3 -4 -3 -3 -4 -3 -4 -3 -3 -3 -1  7 -2 -3 -4 -4 -2    1   0   0   1   0   0   1   1   0   0   3   1   0   4  83   1   1   0   0   3  2.34 0.36
   34 E   -2 -2 -2  2 -5  2  6 -4 -2 -2 -3 -1 -3 -4 -3 -2 -2 -4  1 -2    0   0   0   8   0   9  68   0   0   3   2   0   0   0   0   0   0   0   6   3  1.11 0.30
   35 N   -2 -3  3 -2 -3 -1 -3 -4  1  2  2 -2  4  0 -4 -1 -1 -3 -2 -1    2   0  25   0   0   2   0   0   4  15  25   0  22   2   0   2   1   0   0   0  0.50 0.20
   36 L    0  1 -3 -3 -3  1  0 -4 -2  1  3  1  3  0 -3 -2 -2 -3 -2  0   10  11   0   0   0   7   6   0   0   6  36   8  12   3   0   0   0   0   0   2  0.30 0.13
   37 R    0  6  1 -3 -5  1 -2 -4  4 -5 -4  1 -3 -4 -4 -2 -3 -5 -3 -4    8  62   6   0   0   5   0   0  15   0   0   4   0   0   0   0   0   0   0   0  1.23 0.33
   38 L    2 -3 -3 -4 -2 -3 -3 -3 -3  1  2 -3  0 -2 -3  1  0 -4 -3  2   26   0   0   0   0   0   0   0   0   8  29   0   0   0   0   9   5   0   0  23  0.41 0.18
   39 K    1  3 -2 -3  2  2 -1 -3 -2 -4 -3  4 -1 -4 -3 -1  0 -5 -3 -3   17  16   0   0   7  11   0   0   0   0   0  38   2   0   0   2   6   0   0   0  0.65 0.24
   40 Q    0  2  0 -1 -4  4  3 -3 -1 -1 -3  3 -2 -4 -3 -1  0 -4 -3  0    8   8   3   1   0  22  21   0   0   5   0  22   0   0   0   0   4   0   0   7  0.52 0.20
   41 Q    0 -2  4 -1 -4  3  0  1  2 -2 -2 -1  2 -3 -3 -1  0 -4 -3  0    6   0  31   0   0  19   4  10   7   1   2   0   7   0   0   2   3   0   0   7  0.45 0.21
   42 S    0 -2  1 -2 -3  3 -1  0 -2 -3 -2  0 -2 -4 -3  3  3 -4 -3 -1    7   0   5   0   0  16   0   6   0   0   2   4   0   0   0  26  31   0   0   3  0.54 0.23
   43 E   -1  1  0  2 -4  2  3 -3  0 -3 -1  3  0 -3 -3  0 -1 -4 -3 -2    2   5   4  14   0   9  20   0   3   0   8  20   2   0   0   6   3   0   0   3  0.39 0.15
   44 L   -1 -1  2 -3 -3  1 -2 -4 -2  2  2 -2  2  0 -3 -2 -1 -3 -2  1    4   4  15   0   0   7   0   0   0  21  32   0   5   4   0   0   3   0   0   6  0.30 0.14
   45 Q   -1  1  0 -2 -4  5 -1 -4 -1  1  0 -1  1  1 -3 -1 -2 -3  0 -1    4  10   6   0   0  43   0   0   0   9   9   0   3   6   0   4   0   0   4   4  0.49 0.21
   46 S    0  1  1 -2 -3 -1 -2 -2 -2 -3 -3 -1 -3 -4 -2  5  2 -4 -3 -3    1   8   7   0   0   0   0   0   0   0   1   0   0   0   0  70  10   0   0   0  0.94 0.29
   47 Q   -2  1  1  1 -4  1  1 -3  2 -2  0  1  2 -3  1  0  1 -4 -2  0    0   8   8   8   0   8   8   0   8   0   8   8   8   0   8   8   8   0   0   8  0.21 0.15
   48 V    0  1  1 -2 -2 -1 -2 -2 -2  1  0  1  2 -2 -3  1  1 -4 -3  1   10  10  10   0   0   0   0   0   0  10  10  10  10   0   0  10  10   0   0  10  0.17 0.11
   49 R   -1  1  1 -2 -4  1  0 -3  1 -1  0  4  1  0 -3 -2  0 -4 -3  0    5   5   6   0   0   8   5   0   4   4   8  37   4   4   0   0   5   0   0   6  0.37 0.22
   50 Y   -4  1  1 -5 -5 -4 -4 -6 -1 -3 -3 -3 -3  0 -5 -4 -4  0  8  0    0   7   7   0   0   0   0   0   0   0   0   0   0   0   0   0   0   0  79   7  1.92 0.42
   51 K   -2  2 -1 -3 -5  3 -1 -4  6 -4 -4  4 -3 -4 -3  0  2 -5 -2 -4    0  11   0   0   0  16   0   0  25   0   0  29   0   0   0   5  14   0   0   0  0.88 0.25
   52 E    1  1 -1  1  1  1  3 -3 -2 -3 -1  2 -1 -3 -2  0 -1 -4 -3 -3   12   6   0   7   5   4  30   0   0   0   8  18   1   0   0   4   3   0   0   0  0.42 0.19
   53 E   -2 -2  1  5 -5  0  3  1 -2 -5 -4  0 -4  0 -3  0 -2 -5 -3 -4    2   0   4  48   0   3  18  10   0   0   0   3   0   5   0   4   0   0   0   0  0.89 0.29
   54 F    0 -2 -3 -4  1 -1 -3  0  1 -1  0 -3 -1  5 -4 -3 -3  3  4 -1    8   2   0   0   5   2   0   7   3   3   8   0   0  33   0   0   0   5  19   4  0.58 0.23
   55 E   -2  1  0  0 -4  1  5  1 -1 -4 -3  1  0 -4 -3  0 -2 -4 -1 -2    1   7   5   2   0   5  48  11   0   0   1   8   3   0   0   4   0   0   2   2  0.64 0.25
   56 K    0  2  0 -2 -4  2  1 -3 -2 -3 -3  5  0 -4 -1  0 -2 -4 -3 -2    9   7   3   0   0   8   8   0   0   0   1  48   2   0   3   7   0   0   0   2  0.65 0.26
   57 N    0  0  3  0 -1  2  0  0 -1 -1 -1 -1  2 -3 -2  1  1 -3 -3 -1    5   5  17   3   2  15   4   8   0   4   5   0   8   0   0  13   7   0   0   4  0.20 0.13
   58 K    0  2 -2 -3 -4 -1 -1 -2 -2  0  0  5  0 -3 -3 -1 -2 -4 -3  0   10  11   0   0   0   0   0   2   0   4  10  49   3   0   0   2   0   0   0   7  0.56 0.25
   59 G   -1 -3 -2 -1 -1  0 -3  5 -3 -2 -2 -2 -3 -4 -1  1 -1 -4 -4 -3    3   0   0   4   1   5   0  62   0   2   6   1   0   0   3  10   2   0   0   0  0.90 0.29
   60 K   -2  3 -1 -2  0  1  0  0  2 -3 -1  4 -1 -3 -2  0  0 -4 -1 -3    1  15   2   0   2   5   3   7   6   0   6  37   1   0   0   5   7   0   2   0  0.43 0.20
   61 G    0  0  1 -1 -3  0 -1  4  0 -2 -3  1 -2 -2  1  0 -1 -3 -1 -2    3   3   6   3   0   2   1  35   3   1   2  14   1   1   7   7   4   0   2   4  0.36 0.12
   62 F    0 -2 -2 -3  1 -2 -3 -3  0  1  0 -1 -1  3 -3  0 -1 -1  4  0    7   1   0   1   3   0   1   1   3  12   5   3   0  20   1   9   4   0  23   8  0.37 0.17
   63 S    1 -2 -1 -2 -3  0  0 -2  0 -3 -3  0 -2  1 -3  3  4 -4 -2 -1   11   0   0   1   0   3   4   2   2   0   0   4   0   8   0  26  35   0   0   2  0.53 0.27
   64 V    1 -2 -2 -2 -2  2  0 -2 -2  1 -1 -1  0  0  2  0  2 -3  0  1   10   0   0   0   0  13   4   2   0  11   5   0   2   4  11   8  14   0   5  10  0.19 0.12
   65 V    1 -4 -4 -4 -3 -3 -3 -4 -4  3  0 -3  0 -2 -4 -1  1 -4 -3  4   13   0   0   0   0   0   0   0   0  21   3   0   2   0   0   4  12   0   0  46  0.66 0.26
   66 A    3 -2 -2 -2 -2  0 -1 -1  0 -1  0  0  2 -1 -2  1  1 -3 -2  0   39   0   0   0   0   3   3   3   3   2   9   5   8   2   0  10   7   0   0   4  0.28 0.15
   67 D   -4 -3  0  7 -6  0  1 -4 -3  0 -5  0 -4 -5 -4 -3 -3 -7 -5 -4    0   0   2  76   0   3   6   0   0   8   0   5   0   0   0   0   0   0   0   0  1.59 0.44
   68 T   -2 -3  1  4 -4 -2 -2 -3 -3 -3 -4 -1 -3 -4 -3  1  5 -6 -4 -3    0   0   6  27   0   0   0   0   0   0   0   4   0   0   0   6  58   0   0   0  1.13 0.40
   69 P   -2 -4 -4 -4 -5 -3 -3 -5 -4 -4 -4 -2 -4 -5  8 -3 -3 -6 -5 -1    1   0   0   0   0   0   0   0   0   0   0   2   0   0  87   0   0   0   0   6  2.63 0.54
   70 E    0 -2 -1  0 -5  1  6 -3 -2 -4 -4 -1 -1 -5 -3  1 -1 -5 -4 -3    9   0   2   2   0   5  66   1   0   1   0   0   2   0   0   8   2   0   0   1  1.07 0.36
   71 L   -2 -2 -2 -4 -3 -2 -3 -4  0  2  2 -3  5  0 -4 -1  2 -2  3 -1    0   1   2   0   0   0   0   0   3  12  22   0  26   2   0   2  17   0  13   1  0.57 0.26
   72 Q   -1  3  0 -1 -4  4  2 -4 -1 -1  1  0  0 -3 -1 -1 -2 -4 -3 -2    5  21   3   1   0  29  12   0   1   3  14   1   2   0   3   2   1   0   0   2  0.49 0.23
   73 R   -3  6 -2 -4 -5  0 -2 -4  3  0 -4  0 -1 -5 -1  0 -1 -5 -4 -3    0  69   0   0   0   4   0   0   7   7   0   0   1   0   3   6   3   0   0   0  1.28 0.42
   74 I    2 -3 -4 -4  0 -3 -3 -4  0  3  2 -3  0 -2 -3 -2 -1 -4 -3  3   25   0   0   0   2   0   0   0   4  24  18   0   0   0   0   0   2   0   0  26  0.51 0.22
   75 K   -2  4 -2 -3 -5  2 -1 -4 -2 -4 -1  5 -3 -4 -3 -1 -1 -5 -4 -4    0  27   0   0   0   7   0   0   0   0   7  52   0   0   0   4   3   0   0   0  1.05 0.35
   76 K   -1  3  0 -2 -5  4  2 -3 -2 -4 -4  4 -1 -5 -3  0 -1 -5 -4 -4    4  21   3   0   0  22  10   0   0   0   0  31   2   0   0   5   3   0   0   0  0.78 0.27
   77 T    2 -3  4 -2 -3 -1 -2 -2 -2 -2 -2 -2 -1 -3 -3  1  3 -5 -3  1   23   0  25   0   0   1   0   0   0   0   3   0   1   0   0  11  23   0   0  13  0.53 0.25
   78 Q    0 -1  0 -2 -4  5 -1  0 -1 -4 -3  0  1 -4 -3  2  3 -4 -4 -3    4   2   4   0   0  39   0   6   1   0   0   4   3   0   0  18  19   0   0   0  0.71 0.30
   79 D   -1  0  2  3 -5  2  2 -2 -1 -4 -4  3 -3 -4 -3 -1 -1 -1 -2 -3    3   3  10  23   0  13  15   1   1   0   0  25   0   0   0   2   2   1   1   2  0.62 0.22
   80 Q   -1  0  3 -1 -3  3 -1 -3  1  1  1  0  0 -2 -3 -2 -1 -4 -3 -1    6   4  22   1   0  22   0   0   4  13  19   2   1   1   0   0   1   0   0   2  0.35 0.19
   81 I    2 -3 -3 -4 -3  2 -2 -3 -3  4  0 -2 -1  1 -3 -2 -1 -3 -2  1   25   0   0   0   0  12   0   0   0  36   8   0   0   7   0   0   2   0   0  10  0.45 0.22
   82 S   -1 -3 -2 -3 -4 -3 -3 -3 -3 -5 -5 -3 -4 -5 -3  6 -1 -6 -4 -4    0   0   0   0   0   0   0   0   0   0   0   0   0   0   0 100   0   0   0   0  1.89 0.56
   83 N   -1 -2  5  2 -4  2  1 -1  0 -3 -1 -1  0 -4 -3  1  0 -5 -3 -3    3   0  36  12   0  10   9   3   2   1   6   1   3   0   0   7   6   0   0   0  0.56 0.22
   84 I    0 -4 -2 -5 -3 -4 -4 -5 -4  4  0 -4 -1 -2 -4 -3 -1 -4 -1  5    9   0   2   0   0   0   0   0   0  28   6   0   0   0   0   0   1   0   2  52  0.83 0.29
   85 K    1  1  0 -2 -4  1  0  0  0 -3 -2  4 -1 -1 -3  1  0 -4 -3 -3   11   7   4   0   0   6   6   5   2   1   3  40   2   2   0   9   4   0   0   0  0.45 0.19
   86 Y   -3 -5 -5 -6 -6 -5 -5 -6 -1 -4 -4 -5 -4  0 -2 -4 -4  0  9 -4    1   0   0   0   0   0   0   0   0   0   0   0   0   0   2   0   0   0  97   0  2.79 0.63
   87 H   -2  1 -1 -1 -5  1 -1 -4  8 -5 -4  3 -3 -4 -4 -2 -1 -5 -1 -4    2   5   0   2   0   7   0   0  53   0   0  26   0   0   0   1   4   0   0   0  1.33 0.36
   88 E   -1 -1 -1  1 -5  3  4  2 -2 -4 -4  1 -2 -5 -3  0 -1 -5 -4 -4    2   1   0   6   0  14  47  17   0   0   0   7   1   0   0   4   1   0   0   0  0.76 0.21
   89 E   -2 -2 -1  5 -6  3  5 -3 -2 -5 -5 -1 -4 -5 -3 -2 -2 -5 -4 -4    0   0   0  37   0  12  51   0   0   0   0   0   0   0   0   0   0   0   0   0  1.27 0.26

                      K         Lambda
Standard Ungapped    0.1709     0.3382
Standard Gapped      0.1100     0.3190
PSI Ungapped         0.1709     0.3382
PSI Gapped           0.1100     0.3190
