
Last position-specific scoring matrix computed, weighted observed percentages rounded down, information per position, and relative weight of gapless real matches to pseudocounts
           A  R  N  D  C  Q  E  G  H  I  L  K  M  F  P  S  T  W  Y  V   A   R   N   D   C   Q   E   G   H   I   L   K   M   F   P   S   T   W   Y   V
    1 M   -2 -3 -4 -5  2 -2 -4 -5 -4  1  1 -3  8 -1 -4 -3 -2 -3 -3  0    0   0   0   0   6   0   0   0   0   5   6   0  83   0   0   0   0   0   0   0  1.36 0.22
    2 T    2 -2 -1 -2 -2  0 -2 -2 -2 -1 -1  0  1 -3 -2  0  4 -4 -3  1   23   0   0   0   0   2   0   0   0   0   1   7   6   0   0   1  50   0   0   9  0.50 0.11
    3 L   -3 -4 -5 -5 -3 -3 -4 -5 -4  1  5 -4  1 -1 -4 -4 -2 -3 -2  0    0   0   0   0   0   0   0   0   0   0 100   0   0   0   0   0   0   0   0   0  1.15 0.17
    4 N   -1 -2  5  0 -3 -1 -2  0 -1 -3 -4 -1 -3 -4 -3  1  3 -5 -3 -3    0   0  54   0   0   0   0   4   0   0   0   0   0   0   0  11  31   0   0   0  0.92 0.15
    5 M   -2 -3 -4 -5 -3 -2 -4 -5 -4  1  2 -3  8 -1 -4 -3 -2 -3 -3  1    0   0   0   0   0   0   0   0   0   7   7   0  76   0   0   0   0   0   0  10  1.31 0.23
    6 K   -2  2  3 -1  0  2  0 -3  1 -4 -4  5 -3 -4 -3 -1 -2 -5 -3 -4    0   5  15   0   3   8   0   0   4   0   0  63   0   0   0   2   0   0   0   0  0.87 0.15
    7 N   -2 -2  6  0 -4 -1 -2 -2 -1 -4 -4 -1 -3 -4 -3  0  3 -5 -4 -3    0   0  74   0   0   0   0   0   0   0   0   0   0   0   0   0  26   0   0   0  1.33 0.21
    8 Y   -1 -4 -4 -5  0 -3 -4 -5  0 -3 -2 -4 -3  3 -5 -3 -3  1  8 -3    5   0   0   0   3   0   0   0   0   0   0   0   0  13   0   0   0   0  79   0  1.65 0.23
    9 K   -2  2 -1 -2 -5  1 -1 -3  0 -3 -2  6 -2 -4 -3 -2 -2 -5 -3 -1    0   6   0   0   0   3   0   0   3   0   3  81   0   0   0   0   0   0   0   5  1.10 0.20
   10 G   -1 -4 -2 -3 -4 -3 -3  6 -4 -6 -5 -3 -4 -5 -4  0 -2 -5 -5 -5    0   0   0   0   0   0   0  91   0   0   0   0   0   0   0   9   0   0   0   0  1.67 0.21
   11 Y   -3 -3 -3 -4 -4 -3 -3 -5  5 -2  0 -3 -2  5 -4 -3 -3  0  6 -3    0   0   0   0   0   0   0   0  20   0   7   0   0  34   0   0   0   0  39   0  1.19 0.19
   12 E   -1 -2  5  4 -5  0  3 -1 -1 -5 -5 -1 -4 -5 -3 -1 -2 -5 -4 -4    4   0  39  25   0   0  28   4   0   0   0   0   0   0   0   0   0   0   0   0  0.92 0.15
   13 K   -2  2 -1 -2 -5  0 -1 -1 -2 -4 -4  6 -3 -4 -3 -2 -2 -5 -4 -1    0   3   0   0   0   0   0   4   0   0   0  88   0   0   0   0   0   0   0   4  1.26 0.23
   14 K   -2  1 -2 -2 -4  0 -1 -4 -1  0  2  4  2 -1 -3 -2 -2 -3 -1 -1    0   8   0   1   0   4   2   0   1   4  30  39   9   2   0   1   0   0   1   0  0.42 0.12
   15 P   -1 -4 -4 -4 -5 -3 -3 -4 -4 -5 -5 -3 -4 -5  8 -2 -1 -6 -5 -4    3   0   0   0   0   0   0   0   0   0   0   0   0   0  93   0   4   0   0   0  2.78 0.31
   16 Y   -4 -4 -2 -5 -5 -4 -4 -5  0 -3 -3 -4 -3  3 -5 -3 -3  0  8 -3    0   0   2   0   0   0   0   0   0   0   0   0   0   8   0   0   0   0  90   0  2.09 0.31
   17 C   -2 -5 -5 -6 10 -5 -6 -5 -6 -3 -1 -5 -3 -4 -5 -3 -3 -5 -5 -3    0   0   0   0  94   0   0   0   0   0   6   0   0   0   0   0   0   0   0   0  2.55 0.34
   18 N   -1  0  5  0 -4  1  2 -2  3 -3 -3  0 -1 -4 -3  0 -1 -4 -2 -1    3   2  43   1   0   6  14   0  12   0   0   4   1   0   0   5   2   0   0   7  0.61 0.14
   19 A    4  0 -2 -3 -2 -2 -2 -2 -3 -2 -2 -2  0 -3  1  0  1 -4 -3  0   67   4   0   0   0   0   0   0   0   0   1   0   3   0   6   2  12   0   0   4  0.66 0.17
   20 H   -3 -2 -1 -3 -5  0 -2 -4  9  1 -3 -2 -3 -3 -4 -3 -3 -4  0 -3    0   0   0   0   0   2   0   0  83  15   0   0   0   0   0   0   0   0   0   0  1.88 0.31
   21 Y   -3 -3  1 -4  2 -3 -4 -4  0  2 -2 -3 -2  1 -4 -2 -2  0  6  0    0   0   8   0   6   0   0   0   0  22   0   0   0   0   0   2   2   0  56   3  0.94 0.20
   22 P   -2 -3 -3 -3 -5 -2  2 -4 -3 -5 -5 -2 -4 -5  7 -2 -3 -6 -5 -4    0   0   0   0   0   0  15   0   0   0   0   0   0   0  85   0   0   0   0   0  2.49 0.29
   23 K   -2  0 -1 -1 -4  2  2 -3  0 -4 -4  5 -2 -4 -2  0  1 -5 -3 -3    0   0   0   0   0  11  17   0   1   0   0  55   0   0   0   4  11   0   0   1  0.81 0.19
   24 Q    1 -1  0 -1 -3  2 -1  0 -1 -2 -1  0 -1 -1  0  1  3 -2  2 -1   12   0   5   2   0  12   0   7   0   0   7   4   0   0   3   6  27   0  13   1  0.23 0.10
   25 S    0  1  1 -2 -3  2 -1 -2  1 -2 -3  4 -2 -3 -2  2  0 -4 -3  0    5   5   4   0   0  13   0   0   5   0   0  36   0   0   0  18   4   0   0  10  0.45 0.13
   26 F    2 -2 -3 -3 -3 -2 -2 -3  1 -2 -1  1 -2  5  1 -2 -2 -2  2 -2   22   0   0   0   0   0   0   0   5   0   2  13   0  43   8   0   0   0   7   0  0.58 0.16
   27 T   -1 -2 -1 -2 -3 -1 -2 -3  1 -2 -3  2 -2 -3 -3  2  5 -5 -3 -2    2   0   0   0   0   0   0   0   5   0   0  13   0   0   0  10  70   0   0   0  0.94 0.23
   28 M    0 -2 -2 -3 -1  1 -2 -3 -2  1 -1 -2  3 -1  1  1  3 -3 -2  1    8   0   0   0   1   7   0   0   0   7   0   0  18   3   7  12  24   0   0  13  0.31 0.12
   29 V   -1 -3 -3 -4 -2 -3 -3 -4 -3  3  0 -3  1 -2 -3 -2 -1 -3 -2  5    1   1   1   1   0   1   1   1   0  16   1   1   3   0   1   1   1   0   0  71  0.76 0.17
   30 A    3 -2 -2 -2 -2 -1 -2  0 -2 -1 -1 -1 -1  0  1  1  1 -3 -2  0   47   1   1   1   0   1   1   7   0   2   7   1   0   5   5   7  11   0   0   4  0.32 0.10
   31 D   -2 -2  0  6 -4 -1  3 -2 -2 -3 -3 -1 -3 -4 -2 -1 -2 -4 -3 -1    1   1   1  66   0   1  17   1   0   1   1   1   0   0   1   1   1   0   0   7  1.09 0.18
   32 T   -1  0 -1  1 -2 -1 -1 -2 -2 -2 -2 -1 -2 -3  0  0  5 -4 -3 -1    1   5   1   7   0   1   1   1   0   1   1   1   0   0   4   1  74   0   0   1  0.88 0.20
   33 P   -2 -3 -3 -3 -4 -2 -2 -3 -3 -3 -2 -2 -3  0  7 -2 -2 -4 -3 -3    1   1   1   1   0   1   1   1   0   1   4   1   0   4  82   1   1   0   0   1  2.19 0.25
   34 E   -2 -2 -2  1 -5  2  6 -4 -2 -1 -2 -1 -3 -4 -3 -2 -2 -5 -4 -3    0   0   0   3   0   9  79   0   0   5   4   0   0   0   0   0   0   0   0   0  1.30 0.31
   35 N   -1 -2  4 -1 -3  1  1 -3 -2  0  2 -2  3 -1 -3 -1  0 -4 -3 -1    3   0  33   0   0   6   9   0   0   6  23   0  11   1   0   2   5   0   0   0  0.38 0.16
   36 L   -1  2 -2 -3 -3  2 -1 -4 -2  1  3  1  3  0 -3 -2 -2 -3 -2 -1    4  13   0   0   0  14   1   0   0   6  36  10  11   4   0   0   0   0   0   0  0.36 0.14
   37 R    0  6  1 -2 -5  2 -1 -3  3 -4 -4  0 -3 -4 -3 -2 -2 -4 -3 -4    9  63   9   0   0  11   0   0   7   0   0   0   0   0   0   0   0   0   0   0  1.10 0.27
   38 L    0 -3 -1 -3 -2 -3 -3  0 -1  2  3 -3  0 -1 -3 -1 -1 -3 -2  2    8   0   4   0   0   0   0   9   2  12  37   0   0   0   0   5   0   0   0  23  0.30 0.12
   39 K    2  0 -2 -3  3  0 -1 -2 -2 -2  0  4  0 -3 -2  0  0 -4 -3 -2   23   2   0   0   9   2   0   0   0   0   9  43   3   0   0   3   6   0   0   0  0.47 0.18
   40 Q   -1  2  0  0 -4  4  3 -3 -1 -1 -3  2 -2 -4 -2 -1 -1 -4 -3  0    5  11   3   4   0  26  20   0   0   5   0  16   0   0   0   0   1   0   0   9  0.50 0.15
   41 Q    1 -1  4 -1 -4  4  1 -1  3 -2 -2 -1 -2 -4 -3 -1  0 -4 -3 -3   12   0  30   0   0  26   9   4   9   2   5   0   0   0   0   0   3   0   0   0  0.55 0.19
   42 S    0 -2 -1 -2 -3  1  1 -2 -2 -3 -3 -1 -2 -4 -2  4  4 -5 -3 -2    4   0   0   0   0   8   9   0   0   0   0   0   0   0   0  40  40   0   0   0  0.79 0.24
   43 E    0  1 -1  2 -4  2  3 -3 -1 -3 -2  3 -1 -4 -2  0 -1 -4 -3 -1    9   6   0  12   0   9  24   0   0   0   2  27   1   0   0   4   1   0   0   4  0.49 0.14
   44 L   -1 -1  2 -2 -3  1 -2 -4 -2  2  3 -2  2 -1 -3 -2 -1 -3 -3  1    2   2  17   0   0  10   0   0   0  19  36   0   5   0   0   0   1   0   0   7  0.36 0.14
   45 Q   -1  1  1 -2 -4  5  0 -3 -1  0  0 -1  0 -1 -3 -1 -2 -4 -3  1    4   9   6   0   0  49   0   0   0   4  10   0   2   2   0   1   0   0   0  12  0.59 0.21
   46 S    0  0 -1 -2 -3  2 -1 -2 -2 -4 -4 -1 -3 -4 -3  5  2 -5 -3 -3    0   4   0   0   0   9   0   0   0   0   0   0   0   0   0  78   9   0   0   0  1.09 0.31
   47 Q   -2  1  1  1 -3  1  1 -3  2 -2  0  1  2 -3 -3  0  1 -4 -2  0    0   8   8   8   0   8   8   0   8   0   8   8   8   0   0   8   8   0   0   8  0.22 0.15
   48 V    1 -2 -3 -3 -2 -2 -2 -3 -3  2  2 -2  3 -1 -2 -1  2 -3 -2  2   17   0   0   0   0   0   0   0   0  17  17   0  17   0   0   0  17   0   0  17  0.29 0.06
   49 R    0  1  0 -2 -4  2  0 -3  1 -2 -1  4  1 -3 -3 -1  0 -4 -3  0    6   7   5   0   0   9   5   0   5   0   7  36   5   0   0   0   6   0   0  10  0.38 0.15
   50 Y   -3 -3  1 -4 -4 -3 -4 -5  0 -2 -2 -3 -2  1 -5 -3 -3  0  7  0    0   0  10   0   0   0   0   0   0   0   0   0   0   0   0   0   0   0  79  11  1.46 0.23
   51 K   -2  2 -1 -2 -4  3  0 -3  7 -4 -4  2 -2 -3 -3 -1  0 -4 -1 -3    0  11   0   0   0  18   0   0  44   0   0  19   0   0   0   0   9   0   0   0  0.92 0.17
   52 E    1  0 -2 -1  3  1  3 -3 -2 -2  0  2  0 -3 -2  0 -1 -4 -3 -2   20   4   0   0  11   4  26   0   0   0  12  19   2   0   0   3   0   0   0   0  0.34 0.11
   53 E   -1 -2  0  5 -5  1  3  1 -2 -4 -4  0 -3  1 -3 -1 -2 -4 -2 -4    3   0   3  41   0   8  20  11   0   0   0   3   0  10   0   0   0   0   0   0  0.69 0.15
   54 F   -2 -1 -3 -4 -4 -3 -3  0  2 -2 -2 -3 -2  5 -4 -3 -3  5  5 -3    3   4   0   0   0   0   0  10   5   0   0   0   0  41   0   0   0   9  25   0  0.91 0.21
   55 E   -2 -1  0  0 -5  2  5  0 -1 -4 -4  1  0 -4 -3 -2 -2 -4 -1 -2    0   0   4   0   0   6  64   9   0   0   0   6   4   0   0   0   0   0   3   4  0.88 0.23
   56 K    0  2 -1 -2 -4  2  1 -3 -2 -3 -2  4  1 -4 -2  1 -1 -4 -3 -2    5   9   0   0   0   9   9   0   0   0   2  47   5   0   0  12   0   0   0   3  0.60 0.17
   57 N   -1  1  4  1 -3  1  1 -1 -1 -1 -2 -1  0 -3 -2  2  1 -4 -3 -1    2   8  27   5   0   6   7   3   0   2   3   0   3   0   0  19   8   0   0   4  0.32 0.10
   58 K    1  2 -2 -3 -4  0 -1 -1 -2  0  0  5 -2 -3 -3 -1 -2 -4 -3 -2   15   8   0   0   0   0   0   3   0   6  12  55   0   0   0   0   0   0   0   0  0.60 0.20
   59 G    0 -3 -2 -1 -4 -3 -3  5 -3 -1  0 -1 -2 -4 -3  0 -2 -4 -4 -3    3   0   0   3   0   0   0  66   0   4  11   3   0   0   0   9   0   0   0   0  0.90 0.19
   60 K   -2  2  0 -2  1  0 -1 -1  2 -3  0  4 -2 -3 -2 -1  1 -4 -2 -2    0  10   5   0   5   2   0   5   8   0  11  44   0   0   0   2  10   0   0   0  0.43 0.14
   61 G    0 -1 -1  0 -3  0 -1  3  1 -2 -2  2 -2 -3 -2  0  0 -3 -2  0    5   1   1   5   0   4   1  35   4   1   1  19   0   1   1   8   4   0   0  10  0.33 0.09
   62 F   -1 -3 -3 -4 -3 -3 -3 -4 -2  3  1 -1  1  4 -3 -1  1 -2  2  1    3   0   0   0   0   0   0   0   0  26   7   5   3  29   0   3  10   0   8   4  0.37 0.12
   63 S    0 -2 -1 -1 -3  0  0 -2 -2 -1 -3  0 -2 -1 -2  3  4 -4 -3 -2    1   0   0   2   0   4   6   0   0   3   0   3   0   2   0  34  43   0   0   0  0.63 0.18
   64 V    0 -1 -2 -2 -2  3  0 -2 -1  1  0 -1  0 -1  1  0  0 -3 -2  2    9   1   0   1   0  23   5   1   0   8   4   1   0   2   7   5   6   0   0  26  0.23 0.09
   65 V    2 -3 -4 -4 -2 -3 -3 -3 -4  3  0 -3  1 -2 -3 -2 -1 -4 -3  4   21   0   0   0   0   0   0   0   0  23   0   0   4   0   0   0   0   0   0  52  0.62 0.16
   66 A    4 -2 -1  2 -2 -1 -1 -2  1 -2 -1 -2  1 -3 -2  1  0 -4 -3  0   51   0   0  19   0   0   0   0   5   0   3   0   5   0   0   6   5   0   0   7  0.43 0.13
   67 D   -3 -3  0  7 -5 -2  1 -3 -3 -1 -5 -2 -4 -5 -3 -2 -2 -6 -5 -4    0   0   0  89   0   0   6   0   0   5   0   0   0   0   0   0   0   0   0   0  1.67 0.26
   68 T   -1 -2  1  5 -3 -1  0 -2 -2 -3 -3 -2 -3 -4 -3  1  4 -5 -3 -2    0   0   3  46   0   0   0   0   0   0   0   0   0   0   0   6  44   0   0   0  0.90 0.16
   69 P   -2 -3 -4 -3 -5 -3 -2 -4 -3 -4 -4 -2 -4 -5  8 -2 -3 -6 -5 -4    0   0   0   0   0   0   0   0   0   0   0   0   0   0 100   0   0   0   0   0  2.95 0.23

                      K         Lambda
Standard Ungapped    0.1708     0.3387
Standard Gapped      0.1100     0.3190
PSI Ungapped         0.1708     0.3387
PSI Gapped           0.1100     0.3190
