
Last position-specific scoring matrix computed, weighted observed percentages rounded down, information per position, and relative weight of gapless real matches to pseudocounts
           A  R  N  D  C  Q  E  G  H  I  L  K  M  F  P  S  T  W  Y  V   A   R   N   D   C   Q   E   G   H   I   L   K   M   F   P   S   T   W   Y   V
    1 M   -1 -2 -3 -4 -2  0 -2 -3 -2  1  2 -2  6  0 -3 -2 -1 -2 -2  1    0   0   0   0   0   0   0   0   0   0   0   0   0   0   0   0   0   0   0   0  0.00     0.00
    2 G    0 -3 -1 -2 -4 -2 -3  6 -3 -5 -4 -2 -3 -4 -3 -1 -2 -4 -4 -4    0   0   0   0   0   0   0   0   0   0   0   0   0   0   0   0   0   0   0   0  0.00     0.00
    3 W   -3 -3 -4 -5 -3 -2 -4 -4 -3 -3 -2 -4 -2  0 -5 -4 -3 10  2 -3    0   0   0   0   0   0   0   0   0   0   0   0   0   0   0   0   0   0   0   0  0.00     0.00
    4 E   -1 -1 -1  1 -5  2  5 -3  0 -4 -4  0 -2 -4 -1  0 -1 -4 -3 -3    0   0   0   0   0   0   0   0   0   0   0   0   0   0   0   0   0   0   0   0  0.00     0.00
    5 S    1 -1  0 -1 -2  0  0 -1 -1 -3 -3 -1 -2 -3 -1  5  1 -4 -2 -2    0   0   0   0   0   0   0   0   0   0   0   0   0   0   0 100   0   0   0   0  0.73 0.00
    6 R   -1  4  0 -1 -4  1  0 -2 -1 -3 -3  4 -2 -4 -2 -1 -1 -4 -2 -3    0  33   0   0   0   0   0   0   0   0   0  67   0   0   0   0   0   0   0   0  0.82 0.01
    7 L   -2 -2 -3 -4 -2 -1 -3 -4 -3  1  2 -2  5  2 -3 -2 -1 -2  0  1    0   0   0   0   0   0   0   0   0   0  22   0  50  16   0   0   0   0   0  12  0.46 0.02
    8 T   -1 -1  0 -2 -3  2  0 -3  6 -1 -2 -1 -1 -2 -2  0  2 -3  0  0    0   0   0   0   0  14   0   0  49   0   0   0   0   0   0   0  22   0   0  16  0.52 0.02
    9 A    2 -2 -1 -2 -2 -1 -1 -1 -2 -3 -3 -1 -2 -3  5  3  0 -4 -3 -2   22   0   0   0   0   0   0   0   0   0   0   0   0   0  38  40   0   0   0   0  0.95 0.01
   10 A    2 -1 -1 -1 -2 -1 -1 -1 -2 -2 -2 -1 -2 -3  3  3  3 -4 -2 -1   22   0   0   0   0   0   0   0   0   0   0   0   0   0  16  38  25   0   0   0  0.57 0.01
   11 S    0  0  0 -1 -3  5  1 -2  0 -3 -3  1 -1 -3 -2  3  0 -3 -2 -2    0   0   0   0   0  63   0   0   0   0   0   0   0   0   0  37   0   0   0   0  0.72 0.02
   12 A    1  0 -1 -1 -2  4  1 -2  0 -1 -2  1 -1 -3 -2  0  1 -3 -2  1   13   0   0   0   0  50   0   0   0   0   0   9   0   0   0   0  14   0   0  15  0.44 0.02
   13 D   -3 -2  1  6 -5 -1  1 -2 -2 -5 -5 -1 -4 -4 -3 -1 -2 -6 -4 -4    0   0   0 100   0   0   0   0   0   0   0   0   0   0   0   0   0   0   0   0  1.54 0.07
   14 I   -2 -3 -3 -4 -2 -2 -3 -4 -3  3  2 -3  5 -1 -3 -3 -1 -2 -2  1    0   0   0   0   0   0   0   0   0  34  17   0  49   0   0   0   0   0   0   0  0.61 0.05
   15 D   -2 -2  2  6 -5 -1  1 -2 -2 -5 -5 -1 -4 -4 -3 -1 -2 -6 -4 -4    0   0   7  91   0   0   3   0   0   0   0   0   0   0   0   0   0   0   0   0  1.40 0.07
   16 L   -2 -3 -4 -5 -2 -3 -4 -5 -4  1  4 -3  2  0 -4 -3 -2 -3 -2  1    0   0   0   0   0   0   0   0   0   0  96   0   0   0   0   0   0   0   0   4  0.78 0.06
   17 I   -2 -4 -4 -5 -2 -4 -4 -5 -4  5  1 -4  1 -1 -4 -3 -1 -3 -2  2    0   0   0   0   0   0   0   0   0 100   0   0   0   0   0   0   0   0   0   0  0.82 0.07
   18 D   -2 -2  1  6 -5 -1  2 -2 -2 -4 -5  0 -4 -4 -2 -1 -2 -5 -4 -4    0   0   0  84   0   0   9   0   0   0   0   6   0   0   0   0   0   0   0   0  1.28 0.07
   19 I   -1 -3 -4 -4 -2 -3 -4 -5 -4  4  1 -3  1 -1 -3 -3 -1 -3 -2  3    0   0   0   0   0   0   0   0   0  65   0   0   0   0   0   0   0   0   0  35  0.65 0.05
   20 L   -2 -3 -4 -5 -2 -3 -4 -5 -4  1  5 -3  2  0 -4 -3 -2 -3 -2  0    0   0   0   0   0   0   0   0   0   0 100   0   0   0   0   0   0   0   0   0  0.83 0.06
   21 W   -4 -4 -5 -6 -4 -3 -5 -4 -3 -4 -3 -5 -2  0 -5 -4 -4 11  1 -4    0   0   0   0   0   0   0   0   0   0   0   0   0   0   0   0   0 100   0   0  3.18 0.13
   22 R   -2  6  0 -2 -4  2 -1 -3  0 -4 -3  2 -2 -4 -2 -1 -2 -4 -3 -3    0  81   4   0   0   6   0   0   0   0   0   9   0   0   0   0   0   0   0   0  1.08 0.06
   23 Q   -1  0 -1 -1 -4  7  1 -3  0 -4 -3  1 -1 -4 -2 -1 -1 -3 -3 -3    0   0   0   0   0 100   0   0   0   0   0   0   0   0   0   0   0   0   0   0  1.33 0.10
   24 D   -3 -2  1  6 -5 -1  1 -2 -2 -5 -5 -1 -4 -4 -3 -1 -2 -6 -4 -4    0   0   0 100   0   0   0   0   0   0   0   0   0   0   0   0   0   0   0   0  1.57 0.08
   25 I   -2 -3 -4 -4 -2 -3 -4 -5 -4  4  1 -3  1 -1 -3 -3 -1 -3 -2  3    0   0   0   0   0   0   0   0   0  67   5   0   0   0   0   0   0   0   0  28  0.63 0.05
   26 D   -3 -2  1  6 -5 -1  1 -2 -2 -5 -5 -1 -4 -4 -3 -1 -2 -6 -4 -4    0   0   0 100   0   0   0   0   0   0   0   0   0   0   0   0   0   0   0   0  1.57 0.08
   27 L   -2 -3 -4 -5 -2 -2 -4 -4 -3  1  4 -3  3  0 -4 -3 -2 -2 -2  0    0   0   0   0   0   0   0   0   0   0  90   0  10   0   0   0   0   0   0   0  0.77 0.05
   28 G    0 -3 -1 -2 -4 -3 -3  6 -3 -5 -5 -2 -4 -4 -3 -1 -2 -4 -4 -4    0   0   0   0   0   0   0 100   0   0   0   0   0   0   0   0   0   0   0   0  1.53 0.07
   29 A    3 -2 -2 -3 -1 -2 -2 -1 -3  0 -1 -2 -1 -2 -2  0  1 -3 -2  3   55   0   0   0   0   0   0   0   0   0   0   0   0   0   0   0   7   0   0  38  0.42 0.04
   30 G    0  1 -1 -1  1 -1  1  4 -2 -4 -4  0 -3 -4 -2  0 -1 -4 -4 -3    5   9   0   0   5   0  12  59   0   0   0   3   0   0   0   8   0   0   0   0  0.67 0.03
   31 R   -2  6 -1 -2  2  0 -1 -3 -1 -3 -1  2 -2 -3 -3 -1 -2 -4 -3 -3    0  79   0   0   7   0   0   0   0   0   6   9   0   0   0   0   0   0   0   0  0.94 0.06
   32 E   -2 -1 -1  3 -5  1  5 -3 -1 -3 -4  0 -3 -4 -2 -1 -2 -5 -4 -1    0   0   0  14   0   0  78   0   0   0   0   0   0   0   0   0   0   0   0   8  1.09 0.15
   33 V    0 -3 -3 -4 -2 -2 -3 -4 -3  3  0 -3  3 -1 -3 -2  0 -3 -2  4    8   0   0   0   0   0   0   0   0  22   0   0  12   0   0   0   5   0   0  53  0.52 0.10
   34 F   -3 -4 -4 -5 -3 -4 -4 -5 -2 -1  0 -4 -1  7 -5 -3 -3  0  3  0    0   0   0   0   0   0   0   0   0   0   0   0   0  85   0   0   0   0   7   7  1.33 0.17
   35 D   -2  1  2  6 -4 -1  0  0 -2 -5 -5 -1 -4 -4 -3  0 -2 -5 -4 -4    0   9   6  73   0   0   0   7   0   0   0   0   0   0   0   5   0   0   0   0  1.11 0.13
   36 Y   -1 -3 -2 -3 -3 -1 -3  0  0  0  0 -2 -1  2 -1  0 -1  0  5  0    4   0   0   0   0   4   0  11   0   8   5   0   0  10   3   8   0   0  38   9  0.37 0.07
   37 S   -1 -2  3 -1  2 -1 -2  0  0  0 -1 -1 -1 -3 -2  3  0 -4 -3 -1    0   0  28   0   8   0   0   6   2   9   8   0   0   0   0  35   4   0   0   0  0.36 0.08
   38 H   -2 -1  1 -2 -3  3 -1 -3  5 -2  1 -1 -1 -1 -3  0 -2 -2  3 -2    0   0   7   0   0  25   0   0  27   0  21   0   0   0   0   5   0   0  15   0  0.50 0.10
   39 R   -2  6 -1 -3 -5  0 -1 -3 -1 -4 -4  2 -3 -4 -3 -2 -2 -4 -3 -4    0  91   0   0   0   0   0   0   0   0   0   9   0   0   0   0   0   0   0   0  1.48 0.18
   40 Q   -2  1  1 -1 -4  5  2 -3  0 -4 -3  2 -1 -4 -2 -1 -1 -3 -3 -3    0   5   7   0   0  59  12   0   0   0   0  13   0   0   0   0   0   0   0   0  0.89 0.13
   41 K   -2  4 -1 -2 -4  1  0 -3 -1  0 -3  5 -2 -4 -2 -1 -2 -4 -3 -2    0  24   0   0   0   4   0   0   0   9   0  63   0   0   0   0   0   0   0   0  0.85 0.13
   42 E   -1 -1 -1  2 -4  3  4 -3 -1 -4 -4  0 -2 -4 -2  0  1 -4 -3 -3    3   0   0  12   0  20  52   0   0   0   0   2   0   0   0   2   9   0   0   0  0.82 0.11
   43 Q    0  0  1 -1 -3  1  1 -1  1 -1  0  1  1  0 -2  0  0 -2  1 -1    9   3   9   2   0   9   9   2   5   0  12   8   9   2   0   8   2   0   6   5  0.10 0.03
   44 D   -1 -1 -1  2 -4  2  5 -2 -1 -4 -3  1 -2 -4 -2  1 -1 -4 -3 -3    4   0   0  10   0  11  53   0   0   0   1   9   0   0   0   9   0   0   0   0  0.78 0.13
   45 V    1 -1 -2 -2  2 -1  1 -1 -2  0  1  2  0 -2 -2 -1  0 -3 -2  1   12   0   0   0   6   0  14   3   0   0  21  19   0   0   0   1   4   0   0  17  0.15 0.09
   46 D   -2  1 -1  3  2  3  3  0 -1 -3 -3  0  0 -4 -2 -1 -2 -4 -3 -3    1   8   0  22   7  14  31   6   0   0   1   4   4   0   0   1   0   0   0   0  0.56 0.15
   47 K   -2  4 -1 -2 -4  0 -1 -3 -2 -3 -1  5 -2 -3  0  0 -2 -4 -3 -3    1  30   0   0   0   0   0   1   0   0   5  49   0   0   4   7   0   0   0   0  0.82 0.21
   48 E    0  0  0 -1 -4  4  4 -3 -1 -3  0  0 -2 -3 -1  0 -2 -4 -3 -3    7   4   3   0   0  25  40   0   0   0  13   2   0   0   3   3   0   0   0   0  0.62 0.19
   49 L   -1  1  0 -2 -3  1 -1 -3  0  0  1  2 -1 -2  3  0  0 -3 -2 -1    0   8   5   0   0   5   0   0   3   4  24  20   0   0  14  10   3   0   0   3  0.27 0.10
   50 Q   -1  1 -1 -1 -4  2  4  0 -1 -3 -1  2  0 -3 -2  0  1 -4 -3 -2    0   6   0   0   0  13  37   7   0   0   6  11   4   0   0   4  10   0   0   0  0.46 0.14
   51 D    0  1 -1  3  2  2  1 -3 -2 -2  1  1 -1 -3 -3 -1 -2 -4 -3 -2    7  11   0  22   7  11   6   0   0   0  25  11   0   0   0   0   0   0   0   0  0.31 0.13
   52 G    2  0  0 -1 -3  0  3  3 -2 -4 -4 -1 -3 -4 -3  1  0 -4 -4 -3   20   4   3   0   0   3  24  35   0   0   0   0   0   0   0   8   3   0   0   0  0.59 0.20
   53 R   -1  3  0  1 -4  0  2  0 -1 -3 -3  3 -2 -4 -2 -1 -1 -4 -3 -1    4  20   4   5   0   0  19   9   0   0   1  29   0   0   0   3   0   0   0   5  0.47 0.17
   54 E   -1 -2  0  2 -4  1  5 -3 -1 -3 -1 -1 -2 -3 -2 -1 -2 -4 -3 -3    5   1   4  10   0   4  61   1   0   1   9   1   0   0   1   1   1   0   0   1  0.84 0.26
   55 R   -2  4  1  0 -4  2  2 -3 -1 -2 -1  2 -2 -3 -2 -1 -1 -3 -3 -1    1  36   7   5   0   8  13   1   0   1   5  15   0   0   1   1   1   0   0   5  0.52 0.17
   56 E   -2  1  0  0 -4  3  4 -1 -1 -3 -2  1 -2 -3 -1 -1 -2 -3  0 -3    1   8   5   4   0  18  37   6   0   1   5   8   0   0   3   1   1   0   4   1  0.51 0.17
   57 D   -1 -2  1  4  1  1  3  0 -2 -3 -1 -1 -2 -3 -3 -1  0 -4 -3 -3    3   0   4  31   4   8  26   6   0   0  10   0   0   0   0   0   5   0   0   0  0.52 0.19
   58 T    0  0 -1 -1 -3  3  2  1  1 -3 -3  1 -2 -3  1  1  1  2 -2 -3    5   3   0   0   0  20  12  11   4   0   0   9   0   0   5  13  12   4   0   0  0.36 0.14
   59 W   -2  2 -3 -3 -3  1  0 -4 -2 -1  1  0 -1 -2 -3 -1 -2  7 -1  0    0  19   0   0   0   8   8   0   0   3  18   4   0   0   0   4   0  26   0   9  0.66 0.22
   60 S    1  1  3  1 -3  2  0 -2 -1 -2 -1  1  0 -3  1  1 -1 -3 -3 -1   12   7  19   6   0  10   5   1   0   0   5   7   4   0   7  14   0   0   0   3  0.27 0.10
   61 G   -1  2 -1  0 -3  2 -1  3  1 -3 -1  1 -2 -3 -2  0 -2  4 -2 -3    1  17   0   7   0  13   1  27   3   1   7   7   0   0   1   6   1   8   0   1  0.38 0.14
   62 E   -1  2 -2 -1 -4  1  5 -3  1  0 -1 -1 -2 -4 -3 -1  0 -4 -3 -2    5  11   0   0   0   5  56   0   4   8   5   0   0   0   0   0   6   0   0   0  0.72 0.27
   63 G   -2  0  3  0 -4  3  1  2  3 -3 -1  0 -2 -3 -3 -1 -2  2 -2 -3    0   2  18   3   0  20   9  21  11   0   9   3   0   0   0   0   0   4   0   0  0.45 0.19
   64 A    1 -2 -2  0  2  1  3  1 -2 -2  1  0 -1 -2 -3  0 -2 -4 -3 -2   14   0   0   4   7   7  24  11   0   0  26   4   0   0   0   3   0   0   0   0  0.25 0.13
   65 E   -2  2  0 -1 -4  2  3 -3 -1 -1 -1  3  0 -3 -2  0 -1 -4 -3 -1    0   9   3   0   0  10  28   0   0   6   7  25   2   0   0   8   0   0   0   3  0.45 0.16
   66 A    2  0  1 -2 -2 -1  0 -1 -2  0 -2  0 -2 -3  0  1  1  4 -2 -1   28   7   9   0   0   0   7   4   0   8   0   6   0   0   3   9  10   7   0   2  0.24 0.11
   67 L   -2 -3 -2  2  2 -2 -2 -1 -3  0  3 -3  3  1 -1 -1 -1 -3 -2  0    0   0   0  15   8   0   0   4   0   0  37   0  12   5   3   4   3   0   0   7  0.28 0.13
   68 A    1 -1  0  1 -3  3 -1 -1  1 -2  1  0 -1  0 -2 -1  1 -3 -1 -1   17   0   3   8   0  23   1   5   3   0  19   4   0   5   0   1   9   0   1   1  0.19 0.11
   69 R    1  2 -1 -1 -3  1  2  1 -1 -3 -2  1 -2 -3  0  0  0 -3 -3 -2   16  16   0   0   0   6  20   9   0   0   5   9   0   0   3   7   6   0   0   1  0.29 0.09
   70 D    0 -2  3  3 -3  2  1 -2 -1 -1  0 -1 -2 -3 -1  0 -1 -4 -3 -2   10   0  19  23   0  16   6   0   0   4  11   0   0   0   3   6   0   0   0   0  0.39 0.14
   71 L   -1 -2 -2 -3 -3  2 -2 -3 -2  1  2 -2  0  1 -1 -1  1 -2  2  1    3   0   0   0   0  15   0   0   0   8  28   0   0   8   3   0  13   0  11   9  0.25 0.12
   72 L   -1 -1 -2 -2 -3  2 -1  1  0 -1  0  1  1  1  2 -1  1 -3 -1 -1    0   0   0   0   0  17   0  12   3   3  13   8   3  10  12   0  12   0   0   4  0.20 0.11
   73 V   -1  0 -4 -5 -3 -3 -3 -4 -4  2  2 -3  0 -2  1 -3 -2 -4 -3  4    3   6   0   0   0   0   0   0   0  11  25   0   0   0   7   0   0   0   0  48  0.57 0.20
   74 D   -3 -3  2  6 -5 -2  0 -3 -3 -5 -5 -2 -4  1 -4  0 -2 -5 -4 -5    0   0   9  76   0   0   0   0   0   0   0   0   0   7   0   8   0   0   0   0  1.51 0.35
   75 G   -1 -2 -2 -2 -5 -1  3  5 -3 -5 -5  0 -4 -5 -3  0 -2 -5 -5 -4    0   0   0   0   0   0  27  60   0   0   0   6   0   0   0   8   0   0   0   0  1.08 0.27
   76 E   -2 -1 -2  0 -6  2  6 -4 -2 -5 -5  1 -4 -5 -3 -2 -2 -5 -4 -4    0   0   0   0   0   8  83   0   0   0   0   9   0   0   0   0   0   0   0   0  1.58 0.38
   77 T   -2 -3  1 -3 -3  1 -2 -3 -3 -2 -3 -2 -2 -4 -3  0  6 -5 -3  1    0   0   7   0   0   8   0   0   0   0   0   0   0   0   0   0  76   0   0   9  1.16 0.36
   78 G   -1 -3 -2 -3 -4 -3 -3  6 -3 -5 -5 -3 -4 -5 -4  1  1 -5 -5 -4    2   0   0   0   0   0   0  75   0   0   0   0   0   0   0  15   9   0   0   0  1.36 0.30
   79 E   -3 -2 -2  0 -6  0  6 -4 -2 -5 -5  1 -4 -5 -3 -2 -3 -5 -5 -4    0   0   0   0   0   0  91   0   0   0   0   9   0   0   0   0   0   0   0   0  1.75 0.42
   80 S   -1 -2  1 -2  0 -2 -2 -1  1 -2  0 -2 -1  3 -3  2 -1  2  2 -2    1   0   9   0   3   0   0   5   4   0  12   0   0  19   0  31   0   4   9   0  0.31 0.14
   81 F   -2 -3 -4 -4 -3  1 -3 -5 -3  3  2 -3  0  4 -4 -3 -2 -2  2  1    0   0   0   0   0   8   0   0   0  34  18   0   0  24   0   0   0   0   6   9  0.57 0.18
   82 P   -2 -4 -4 -4 -5 -3 -3 -5 -4 -4 -1 -3 -4 -5  8 -3 -3 -6 -5 -4    0   0   0   0   0   0   0   0   0   0   6   0   0   0  94   0   0   0   0   0  2.86 0.44
   83 A    2  3 -2 -2  2 -1  1 -2 -2  0 -2  0 -2 -3 -2  1 -1 -4 -3  0   27  28   0   0   8   0  11   0   0   9   0   0   0   0   0  10   0   0   0   7  0.34 0.15
   84 Q   -1  1 -1  1 -3  2  1 -2  3 -2  0  0 -1 -2  2  1  1 -3 -2 -2    1  11   0  11   0  10  11   1  10   1  11   1   0   0  11  11  11   0   0   1  0.28 0.10
   85 F    1 -2 -2 -2 -2  0 -1 -2  1 -1  1 -1  0  2  1  0  1 -2 -1  0   13   1   0   1   0   6   1   1   6   1  19   1   0  14   8   8  13   0   0   7  0.16 0.09
   86 P    1 -2 -2 -2 -3 -2 -2 -2 -3 -2  0 -2 -2 -3  6  1 -1 -4 -3  0   11   1   0   1   0   0   1   1   0   1  11   1   0   0  50  11   1   0   0  10  1.06 0.19
   87 A    2 -1 -1 -1 -2  1  1  1  3 -1 -2 -1 -2 -3 -2  2  1 -3 -2  1   17   0   0   0   0   6  10   9  10   0   1   0   0   0   0  22   7   0   0  14  0.25 0.11
   88 D   -1  0  3  2 -3  1  3  0  2 -3 -3  0 -2 -3  1  1 -1 -3 -2 -3    1   4  17  16   0   7  22   5   7   1   1   1   0   0   6  10   1   0   0   1  0.45 0.11
   89 V   -1 -2  0 -2 -2 -2 -1 -3 -3  3  0 -2  0 -2  3  0  0 -4 -3  2    0   0   7   0   0   0   5   0   0  26   8   0   0   0  17  10   5   0   0  19  0.35 0.13
   90 S    1 -1 -1 -2 -2  2 -1 -2 -1 -2 -1 -1 -1  1 -2  2  3 -3 -1 -1   14   0   0   0   0  18   0   0   0   0   7   0   0  10   0  22  25   0   0   0  0.34 0.14
   91 S    2 -1 -1 -1 -2  1  0  1  2 -1 -2 -1 -2 -3 -2  2  1 -3 -2 -1   22   0   0   0   0   9   5  10   7   4   1   0   0   0   0  28  10   0   0   1  0.32 0.11
   92 I   -1 -2 -1 -2 -2  1  0 -3 -2  1  2 -1  0  0 -2  1  2 -3 -1  1    1   0   0   0   0   7   8   1   0   8  25   1   0   5   0  12  18   0   0  12  0.17 0.07
   93 P    0 -2  2  1 -3 -1 -1 -2  3 -3 -3 -1 -2 -3  5  1  0 -4 -2 -2    9   1  12   6   0   0   1   1  11   1   1   1   0   0  40   9   7   0   0   1  0.87 0.14
   94 E    0 -1  1  1 -4  2  5 -3 -1 -4 -4  0 -3 -4  1 -1 -2 -4 -4 -3   11   0   8   6   0  10  58   0   0   0   0   0   0   0   7   0   0   0   0   0  0.85 0.20
   95 A    3 -2 -2 -2  2 -1  0 -2  2  1 -1 -2  1 -2 -2  0  2 -4 -2  0   47   0   0   0   6   0   5   0   7  11   0   0   4   0   0   0  15   0   0   5  0.35 0.14
   96 V   -1 -2 -2 -3 -2 -2 -2 -1 -3  2  2 -2  0 -1 -2  0  1 -3 -2  3    1   0   0   0   0   0   1   6   0   7  29   0   0   0   0   7   9   0   0  37  0.28 0.09
   97 P    0 -2 -2 -3 -4  1 -2  0  2 -1 -3 -2 -3 -4  6 -2 -2 -5 -3 -2    8   0   0   0   0   7   0   8   7   7   0   0   0   0  63   0   0   0   0   0  1.49 0.21
   98 S    2  0 -1 -2 -2 -1 -1  1 -2 -2 -1 -1 -2 -3 -2  4  0 -3 -2 -2   16   6   0   0   0   0   0  12   0   0   8   0   0   0   0  53   0   0   0   0  0.47 0.13
   99 E    0 -1  1  2 -3  2  4  0 -1 -3 -3  0 -2 -4 -2  1  2 -4 -3 -3    5   0   7   8   0   8  39   8   0   0   0   0   0   0   0  10  15   0   0   0  0.52 0.11
  100 S    1 -1  2 -1 -2  2  1 -2 -1 -2 -3 -1 -2 -3  2  3  1 -4 -3  0    8   0  12   0   0  12   8   0   0   0   0   0   0   0  11  31   8   0   0   9  0.40 0.09
  101 E   -1  2  3  1 -4  1  3 -2 -1 -3 -3  0  1 -3 -2  1 -1 -4 -3 -3    0  19  19   6   0   6  29   0   0   0   0   0   9   0   0  12   0   0   0   0  0.51 0.11
  102 S    0 -2  2  1 -3 -1 -1  0 -2 -2 -3 -1 -2  1  3  3  0 -4 -2 -1    5   0  11   9   0   0   0   6   0   0   0   0   0   8  13  40   0   0   0   8  0.39 0.10
  103 P    1 -3 -3 -3 -3 -2 -2 -3 -3 -2  0 -2 -2 -3  6  0  0 -4 -3 -2   18   0   0   0   0   0   0   0   0   0  15   0   0   0  55   8   5   0   0   0  1.25 0.16
  104 A    2 -2 -2 -2 -2  1  1  1 -2  1 -1 -1 -1  1  0  1 -1 -3 -2  1   27   0   0   0   0   9   9  11   0  11   0   0   0   8   5   8   0   0   0  12  0.16 0.06
  105 L   -1 -3 -2 -3 -2 -2 -3  1 -3  1  2 -2  0 -1 -3  0  2 -3 -2  1    0   0   0   0   0   0   0  15   0   8  37   0   0   0   0  10  21   0   0   9  0.27 0.07
  106 Q   -1  0 -1 -1 -3  5  2  0  0 -3 -3  0 -1 -4  2  1 -1 -3 -3 -3    1   0   0   0   0  59  10   8   0   0   1   0   0   0  10   9   0   0   0   0  0.79 0.15
  107 N   -1  1  4 -1 -3  1 -1  1 -1 -3 -3 -1 -2 -3  4  0  0 -4 -3 -3    1   8  34   0   0   9   0  10   0   0   1   0   0   0  26   4   5   0   0   0  0.69 0.10
  108 S    0 -1  1 -1 -2  1 -1  1 -1 -3 -3 -1 -2 -3  3  3  0 -4 -3 -2    1   0   8   0   0   8   0   8   0   0   1   0   0   0  19  52   0   0   0   0  0.62 0.08
  109 L   -2 -2 -2  1 -2 -1  1 -3 -2  0  3 -2  1 -1 -2 -1  1 -3 -2  0    1   0   0  11   0   0  13   1   0   0  59   0   0   0   0   1  11   0   0   0  0.32 0.06
  110 L   -1  1 -3 -3 -2 -2 -2 -3 -2  1  3 -1  1  0 -2 -2 -1 -2 -2  1    1  11   1   1   0   1   1   1   0   1  62   1   0   1   1   1   1   0   0  17  0.34 0.04
  111 S    1  2  0  1 -2  1  0 -1 -1 -3 -3  0 -2 -3 -2  4  0 -4 -3 -2   10  16   0  10   0   6   0   0   0   0   0   0   0   0   0  58   0   0   0   0  0.53 0.06
  112 P    2 -2 -2 -2 -3 -2 -2 -2  2 -3 -3 -2 -3 -4  6 -1 -1 -4 -3 -2   26   0   0   0   0   0   0   0   9   0   0   0   0   0  66   0   0   0   0   0  1.64 0.09
  113 L   -2 -2 -3 -4 -2  1 -2 -4 -3  1  4 -2  1  0 -3 -2  0 -3 -2  0    0   0   0   0   0  10   0   0   0   0  84   0   0   0   0   0   6   0   0   0  0.58 0.07
  114 L   -2  2 -3 -4 -2 -2 -3 -4 -3  1  4 -2  1  0 -3 -3 -2 -3 -2  0    0  16   0   0   0   0   0   0   0   0  84   0   0   0   0   0   0   0   0   0  0.62 0.07
  115 T    0 -2 -1 -2 -2 -2 -2 -2 -2 -2 -1 -2 -1  4  3  2  1 -2  0 -2    3   0   0   0   0   0   0   0   0   0   0   0   0  36  20  30  11   0   0   0  0.55 0.06
  116 G    0 -1  0  1 -2  2  1  3 -1 -3 -3  0 -2 -3 -2  2  1 -3 -2 -2    1   1   1   6   0  15   8  27   0   1   1   1   0   0   1  25  11   0   0   1  0.37 0.03
  117 T    1  2 -1 -2 -2  2 -1 -2 -1  0 -2  0 -1 -3 -2  2  3 -3 -2 -1   10  16   0   0   0  14   0   0   0   9   0   0   0   0   0  17  34   0   0   0  0.36 0.05
  118 E   -1  0  0  3 -4  4  4 -2  0 -4 -4  2 -2 -4 -2 -1 -1 -4 -3 -3    0   0   0  25   0  27  34   0   0   0   0  14   0   0   0   0   0   0   0   0  0.79 0.06
  119 S    0  2  1 -1 -3  0 -1 -2 -1 -3 -3  1 -2  0  2  3  1 -3 -1 -2    0  16  10   0   0   0   0   0   0   0   0  12   0   9  10  38   6   0   0   0  0.40 0.04
  120 P    0 -2 -2 -2 -3  1 -1 -2 -2 -3 -3 -1 -2 -4  6  2 -1 -4 -3 -3    6   0   0   0   0  10   0   0   0   0   0   0   0   0  60  24   0   0   0   0  1.46 0.08
  121 F   -2 -2 -3 -3  4  1 -2 -4 -2  1  2 -2  2  2  2 -2 -2 -2 -1  0    0   0   0   0  16  12   0   0   0   9  22   0  10  18  14   0   0   0   0   0  0.34 0.04
  122 D   -2 -1  1  5 -4 -1  1 -2 -2 -4 -4  1 -3 -4 -2  1 -1 -5 -4 -4    0   0   0  69   0   0   6   0   0   0   0  12   0   0   0  14   0   0   0   0  0.98 0.08
  123 L   -2 -2 -3 -4 -2  1 -2 -4 -2  1  3 -2  2  2 -3 -2 -1 -2 -1  1    0   0   0   0   0  14   0   0   0   0  52   0   9  10   0   0   0   0   0  16  0.39 0.05
  124 E   -1  2 -1  0 -5  1  5 -3 -1 -4 -4  0 -3 -4  2 -1 -2 -4 -3 -3    0  16   0   0   0   0  73   0   0   0   0   0   0   0  12   0   0   0   0   0  0.98 0.09
  125 Q   -1  0 -1 -1 -3  6  1 -3  0 -3  0  0 -1 -3 -2  1 -1 -3 -2 -2    0   0   0   0   0  78   0   0   0   0  10   0   0   0   0  12   0   0   0   0  0.89 0.11
  126 Q    1  0 -1 -1 -3  5  1  1  3 -4 -3  0 -1 -3 -2 -1 -1 -3 -2 -3   14   0   0   0   0  60   0  16  10   0   0   0   0   0   0   0   0   0   0   0  0.70 0.08
  127 W   -3 -2 -4 -5 -4 -2 -3 -4 -3 -3 -2  0 -2  2 -5 -3 -3 10  1 -3    0   0   0   0   0   0   0   0   0   0   0  12   0  14   0   0   0  74   0   0  2.16 0.14
  128 Q   -1  0  0 -1 -4  6  3 -2  0 -4 -3  0 -1 -4 -2  1 -1 -3 -3 -3    0   0   0   0   0  70  16   0   0   0   0   0   0   0   0  14   0   0   0   0  0.95 0.10
  129 D   -2 -2  1  6 -5  0  3 -2 -1 -4 -5 -1 -4 -4 -2 -1 -2 -5 -4 -4    0   0   0  82   0   0  18   0   0   0   0   0   0   0   0   0   0   0   0   0  1.28 0.07
  130 L   -2 -3 -4 -4 -2 -3 -4 -4 -3  2  4 -3  2  0 -3 -3 -1 -3 -2  2    0   0   0   0   0   0   0   0   0  16  64   0   0   0   0   0   0   0   0  20  0.57 0.04
  131 M   -2 -1 -2 -3 -2  2 -1 -4 -2  0  3 -1  5 -1 -3 -2 -1 -2 -2  0    0   0   0   0   0  20   0   0   0   0  30   0  50   0   0   0   0   0   0   0  0.54 0.06
  132 S    1  2  2 -1 -2  0 -1 -1 -1 -3 -3  0 -2 -3 -2  4  0 -4 -2 -2   11  20  12   0   0   0   0   0   0   0   0   0   0   0   0  58   0   0   0   0  0.55 0.05
  133 I   -2  0 -3 -4 -2 -2 -3 -5 -3  4  2 -2  1 -1 -3 -3 -1 -3 -2  2    0  10   0   0   0   0   0   0   0  61  29   0   0   0   0   0   0   0   0   0  0.48 0.05
  134 M    0 -2 -3 -4 -2 -1 -2 -3 -3  0  2 -2  5 -1  3 -2 -1 -2 -2  0    8   0   0   0   0   0   0   0   0   0  20   0  54   0  18   0   0   0   0   0  0.61 0.06
  135 E   -1 -1  0  3 -5  1  4  2 -1 -4 -4  0 -3 -4 -2 -1 -1 -4 -4 -3    0   0   0  18   0   0  61  20   0   0   0   0   0   0   0   0   0   0   0   0  0.83 0.05
  136 M   -2 -2 -2 -3 -3  2 -1 -4 -2  0  3 -1  4 -1  2 -2 -1 -2 -2  0    0   0   0   0   0  20   0   0   0   0  43   0  26   0  12   0   0   0   0   0  0.44 0.04
  137 Q   -1  0  0 -1 -4  5  2 -3  4 -4 -3  0 -1 -3 -2 -1 -1 -3 -1 -3    0   0   0   0   0  68  12   0  20   0   0   0   0   0   0   0   0   0   0   0  0.96 0.07
  138 A    2  2  2  3 -3 -1  0  1 -1 -3 -3  0 -2 -3 -2  0 -1 -4 -3 -1   34  20  12  22   0   0   0   8   0   0   0   0   0   0   0   0   0   0   0   3  0.36 0.03
  139 M   -1 -2 -2 -2 -2  0  2 -3 -2  2  1 -1  5 -1 -3 -1  1 -3 -2  1    0   0   0   0   0   0  20   0   0  25   0   0  41   0   0   0  14   0   0   0  0.36 0.06
  140 E   -1  0  0  2 -4  1  5 -2 -1 -4 -4  2 -2 -4 -2 -1  0 -4 -3 -3    0   0   0  14   0   0  61   0   0   0   0  16   0   0   0   0   9   0   0   0  0.80 0.05
  141 V    0 -3 -2  2 -2 -2 -1 -3 -3  1  0 -2  2 -2  3 -2 -1 -3 -3  3    3   0   0  16   0   0   0   0   0   0   0   0  14   0  20   0   0   0   0  47  0.43 0.04
  142 N   -2 -2  5  2 -3 -1 -1  2 -1  0 -2 -1 -2 -3 -3  0 -1 -4 -3 -1    0   0  50  14   0   0   0  20   0  16   0   0   0   0   0   0   0   0   0   0  0.56 0.05
  143 T   -2 -2  4 -1 -3 -1 -2 -2 -1 -1 -1 -1  2  2  1  0  2 -2 -1 -2    0   0  39   0   0   0   0   0   0   0   0   0  14  20   6   0  21   0   0   0  0.39 0.05
  144 S    2 -2 -1 -2 -2 -1 -1 -2  3 -1  1 -1  0 -2 -2  2  2 -3 -1 -1   23   0   0   0   0   0   0   0  16   0  26   0   0   0   0  21  14   0   0   0  0.26 0.03
  145 A    1 -2 -2 -3 -2 -2 -2 -2 -2  0  1 -2  0  2 -2  1  2 -2  0  1   21   0   0   0   0   0   0   0   0   0  21   0   0  17   0  15  17   0   0  10  0.21 0.02
  146 S    2 -1 -1 -2  4  2 -1  0 -2 -3 -3 -1 -2 -3 -2  3  0 -4 -3 -2   14   0   0   0  18  12   0   5   0   0   0   0   0   0   0  50   0   0   0   0  0.49 0.06
  147 E   -1  2  0  2 -4  3  3 -2  0 -4 -3  1 -2 -4 -2  1 -1 -4 -3 -3    0  21   0  16   0  18  30   0   0   0   0   0   0   0   0  15   0   0   0   0  0.60 0.03
  148 I   -1 -3 -3 -3 -2 -3 -3  0 -3  3  2 -3  1 -1 -3 -1  1 -3 -2  2    0   0   0   0   0   0   0  10   0  52  15   0   0   0   0   0  17   0   0   6  0.32 0.03
  149 L   -2 -3  2 -2 -2 -2 -3 -3 -2  1  3 -2  1  2 -3 -2 -2 -2 -1  0    0   0  18   0   0   0   0   0   0   0  67   0   0  15   0   0   0   0   0   0  0.44 0.04
  150 Y   -2 -2 -2 -3 -3 -2 -3  1  4 -1  1 -2 -1  2 -3 -2 -2  0  5 -2    0   0   0   0   0   0   0  15  18   0  21   0   0  10   0   0   0   0  36   0  0.48 0.04
  151 N   -2 -1  6  2 -3  0 -1  1  0 -4 -4 -1 -3 -4 -3  1 -1 -4 -3 -4    0   0  74  12   0   0   0   7   0   0   0   0   0   0   0   6   0   0   0   0  0.91 0.04
  152 A    3 -1 -1 -1 -1 -1 -1  2 -2 -2 -2 -1 -2 -3 -1  3  0 -3 -2 -1   46   0   0   0   0   0   0  12   0   0   0   0   0   0   0  42   0   0   0   0  0.51 0.01
  153 P   -1 -2 -3 -2 -4 -2 -2 -3 -2 -3 -3 -1 -3 -4  8 -1 -2 -5 -4 -3    0   0   0   0   0   0   0   0   0   0   0   0   0   0 100   0   0   0   0   0  2.64 0.00

                      K         Lambda
Standard Ungapped    0.1714     0.3327
Standard Gapped      0.1100     0.3190
PSI Ungapped         0.1714     0.3327
PSI Gapped           0.1100     0.3190
