
Last position-specific scoring matrix computed, weighted observed percentages rounded down, information per position, and relative weight of gapless real matches to pseudocounts
           A  R  N  D  C  Q  E  G  H  I  L  K  M  F  P  S  T  W  Y  V   A   R   N   D   C   Q   E   G   H   I   L   K   M   F   P   S   T   W   Y   V
    1 M   -2 -3 -4 -5 -3 -2 -4 -5 -3  1  2 -3  8 -1 -4 -3 -2 -3 -3  0    0   0   0   0   0   0   0   0   0   5   6   0  89   0   0   0   0   0   0   0  1.50 0.23
    2 T    2 -2 -2 -2 -2  0 -2 -2 -2  0 -1  0  1 -2 -2  0  4 -4 -3  1   24   0   0   0   0   3   0   0   0   4   1   6   6   0   0   1  46   0   0   9  0.45 0.10
    3 L   -3 -4 -5 -5 -3 -3 -4 -5 -4  1  5 -4  1 -1 -4 -4 -2 -3 -2  0    0   0   0   0   0   0   0   0   0   0 100   0   0   0   0   0   0   0   0   0  1.14 0.17
    4 N   -1 -2  5  0 -3 -1 -1  0 -1 -3 -4 -1 -3 -4 -3  2  3 -5 -3 -3    0   0  52   0   0   0   0   4   0   0   0   0   0   0   0  12  32   0   0   0  0.90 0.15
    5 M   -2 -3 -4 -5 -3 -2 -4 -5 -4  1  1 -3  8 -2 -4 -3 -2 -3 -3  1    0   0   0   0   0   0   0   0   0   7   3   0  80   0   0   0   0   0   0  11  1.39 0.24
    6 K   -2  2  2 -2  0  1 -1 -3  1 -4 -4  5 -3 -4 -3 -1 -1 -5 -3 -4    0   4  12   0   3   3   0   0   3   0   0  72   0   0   0   2   1   0   0   0  1.00 0.20
    7 N   -2 -1  6  0 -4 -1 -2 -2 -1 -4 -4  1 -3 -4 -3  0  3 -5 -3 -3    0   0  67   0   0   0   0   0   0   0   0  10   0   0   0   0  23   0   0   0  1.18 0.22
    8 Y   -3 -3 -4 -5  0  0 -4 -5  0 -3 -2 -3 -3  3 -5 -3 -3  0  8 -3    0   0   0   0   3   6   0   0   0   0   0   0   0  10   0   0   0   0  81   0  1.73 0.27
    9 K   -2  2 -1 -2 -5  1 -1 -3  0 -3 -2  6 -2 -4 -3 -2 -2 -5 -3 -1    0   6   0   0   0   3   0   0   2   0   2  82   0   0   0   0   0   0   0   5  1.16 0.23
   10 G   -1 -3 -1  2 -4 -3 -2  6 -3 -5 -5 -3 -4 -5 -4  0 -2 -5 -5 -5    0   0   0  14   0   0   0  79   0   0   0   0   0   0   0   8   0   0   0   0  1.37 0.20
   11 Y   -3 -3 -3 -3 -4 -2  0 -4  4 -2 -1 -3 -2  5 -4 -3 -3  0  5 -3    0   0   0   0   0   0   9   0  18   0   6   0   0  31   0   0   0   0  38   0  1.01 0.19
   12 E    0 -2  4  4 -4 -1  3 -1 -1 -4 -4 -1 -3 -4 -3  0 -1 -5 -4 -3   11   0  34  25   0   0  21   3   0   0   0   0   0   0   0   5   0   0   0   0  0.76 0.14
   13 K   -2  1 -1 -2 -5  2  1 -1 -2 -3 -2  5 -2 -4 -3 -2 -2 -5 -3 -2    0   2   0   0   0   7   7   3   0   0   4  74   0   0   0   0   0   0   0   2  1.00 0.23
   14 K   -2  2 -2 -2 -4  0 -1 -3 -1  0  2  4  2 -1 -3 -2 -2 -3 -2 -1    0  13   0   1   0   3   1   0   1   3  29  39   7   1   0   1   0   0   1   0  0.46 0.14
   15 P   -1 -3  1 -3 -5  0 -2 -4 -3 -4 -4 -2  1 -5  7 -2 -1 -5 -5 -4    2   0   9   0   0   3   0   0   0   0   0   0   6   0  78   0   3   0   0   0  2.14 0.30
   16 Y   -3 -4 -3 -5 -4 -3 -4 -5  0  0  0 -4 -2  2 -5 -3 -3  0  7 -2    0   0   1   0   0   0   0   0   0   4  10   0   0   6   0   0   0   0  78   0  1.65 0.30
   17 C   -2 -5 -4 -5  9 -5 -6 -5 -5 -3 -1 -5 -3 -4 -5  0 -3 -5 -5 -3    0   0   0   0  89   0   0   0   0   0   4   0   0   0   0   7   0   0   0   0  2.44 0.40
   18 N   -1 -1  5  2 -4  1  1 -2  3 -4 -4  0 -2 -4 -3  0 -1 -5 -3 -3    2   2  46  13   0   5  11   0   9   0   0   3   1   0   0   5   1   0   0   1  0.77 0.18
   19 A    4 -1 -2 -3 -2 -2 -2 -2 -3 -1  1 -2  0 -2  1  0  0 -3 -3  1   54   4   0   0   0   0   0   0   0   0  14   0   3   0   6   2   5   0   0  11  0.42 0.15
   20 H   -3 -1 -1 -3 -4  0 -2 -4  8  1 -3  1 -2 -2 -3 -2 -2 -3  2 -3    0   0   0   0   0   1   0   0  65  12   0  13   0   0   0   0   0   0   6   0  1.33 0.29
   21 Y   -2 -3  3 -3  2 -2 -3 -4  0  2 -2 -3 -2  0 -4 -1 -1  0  6 -1    0   0  19   0   5   0   0   0   0  18   0   0   0   0   0   2   2   0  49   3  0.81 0.21
   22 P    1 -1 -3 -2 -4 -2  1 -3 -3 -4 -4 -1 -3 -4  6  1 -2 -5 -4 -3   10   4   0   0   0   0   9   0   0   0   0   2   0   0  63  10   0   0   0   0  1.62 0.30
   23 K   -2  0 -1 -2 -4  2  2 -1 -1 -3 -1  5 -2 -4 -3 -1  0 -4 -3 -3    0   0   0   0   0   7  12   3   1   0   8  57   0   0   0   2   7   0   0   1  0.72 0.25
   24 Q    0 -1  0  1 -3  2 -1  1  2 -3 -2  0 -2 -2 -1  0  2 -3  2 -2    8   0   3  11   0  12   0  13   7   0   4   5   0   0   2   6  18   0   9   1  0.23 0.12
   25 S    0  1  1 -2 -4  2 -1 -1 -2 -3 -3  4  0 -4 -2  2  0 -4 -3 -2    3   5   5   0   0   9   0   3   0   0   0  43   3   0   0  21   5   0   0   3  0.57 0.21
   26 F    1 -3 -3 -4 -3 -3 -3 -3  1  0 -1  0 -1  5  0 -2 -2 -1  3  1   14   0   0   0   0   0   0   1   3   4   3   8   0  37   4   0   0   0  14  11  0.53 0.20
   27 T   -1 -2 -2 -3 -3 -2 -2 -3  1 -2 -3  1 -1 -4 -3  1  5 -5 -3  0    3   0   0   0   0   0   0   0   4   0   0   8   1   0   0   9  68   0   0   7  0.99 0.34
   28 M    0 -2 -2 -3 -1  0 -2 -3 -3  0  1 -2  3 -1  2  2  2 -3 -2  1    8   0   0   0   1   4   0   0   0   5  12   0  14   2   9  17  17   0   0  12  0.30 0.15
   29 V   -1 -3 -4 -4 -2 -3 -3 -4 -4  2  0 -3  1 -2  1 -3 -2 -4 -3  5    2   0   0   0   0   0   1   1   0   5   3   0   3   0   7   1   0   0   0  74  0.93 0.29
   30 A    3 -2 -2 -2 -2  0 -2 -2 -2 -1  0 -2 -1 -1  0  1  2 -3 -2  1   37   0   0   0   0   4   1   1   0   2  10   0   0   3   4   9  16   0   0  12  0.31 0.15
   31 D   -3 -2 -1  6 -4  1  2 -3 -2 -3 -4 -2 -3 -2  1 -1 -2 -5 -4 -3    1   0   0  60   0   5  15   1   0   2   1   0   0   2   7   2   0   0   0   2  1.11 0.28
   32 T   -1 -1 -2 -2 -3 -2  0 -3 -3 -1 -3 -2 -2 -3  0  1  6 -4 -3 -2    1   3   0   0   0   0   4   1   0   3   1   0   0   0   3   7  75   0   0   0  1.15 0.37
   33 P   -2 -4 -4 -4 -4 -3 -3 -4 -4 -4 -3 -3 -4 -1  7 -3 -3 -5 -4 -2    1   0   0   0   0   0   0   1   0   0   2   0   0   3  86   1   0   0   0   3  2.53 0.47
   34 E   -2  0 -2  1 -5  2  5 -4 -2 -1 -2 -1 -3 -3 -3 -2 -2 -4  0  0    0   4   0   7   0   7  61   0   0   3   4   0   0   0   0   0   0   0   5   9  0.93 0.32
   35 N   -2 -2  4 -2 -3 -1 -2 -3  2  1  2 -2  4 -1 -3 -1 -1 -3  0 -1    2   0  26   0   0   2   0   0   8  11  21   0  19   2   0   2   2   0   3   0  0.47 0.21
   36 L    0  1 -2 -2 -3  1  1 -3 -2  0  2  1  2  0 -3 -2 -1 -3  0 -1    8   9   0   0   0   6  11   0   0   3  32  13   9   2   0   0   1   0   4   2  0.26 0.14
   37 R   -1  5  0 -3 -5  1  0 -4  3 -4 -2  1 -3 -4 -3 -2  1 -5 -3 -4    6  55   5   0   0   5   4   0  10   0   3   3   0   0   0   0  10   0   0   0  0.97 0.32
   38 L    2 -3 -3 -4 -2 -3 -3 -3 -3  1  2 -3  0  1 -3  0  0 -3 -2  2   26   0   0   0   0   0   0   0   0   7  25   0   0   7   0   9   4   0   0  22  0.39 0.19
   39 K    1  3 -2 -3  2  2 -1 -3  1 -3 -3  4  2 -4 -3 -1  0 -4 -3 -3   15  14   0   0   5   9   0   0   4   0   0  37   9   0   0   2   5   0   0   0  0.61 0.26
   40 Q    0  1  0 -1  2  3  2 -3 -2 -1 -3  3 -2 -4 -3 -1  0 -4 -3 -1    6   8   3   1   7  16  19   0   0   5   0  26   0   0   0   0   4   0   0   5  0.48 0.21
   41 Q    1  0  4 -1 -4  3  0  0  2 -2 -2 -1  1 -4 -3 -1  0 -4 -3 -1   15   4  31   0   0  16   3   8   5   1   2   0   5   0   0   2   4   0   0   4  0.45 0.22
   42 S    0 -2  1 -2 -3  3 -1  0 -2 -2 -2 -2 -2 -4 -3  3  3 -4 -3  0    6   0   6   0   0  18   0   7   0   0   2   0   0   0   0  25  26   0   0   9  0.52 0.25
   43 E   -1  1  0  2 -4  2  2 -3  0  0 -1  3  0 -3 -3  0 -1 -4 -3 -1    2   5   2  11   0   8  18   0   2   7   8  24   2   0   0   6   2   0   0   3  0.34 0.17
   44 L    0 -1  2 -2 -3  1 -2 -3 -2  2  2  0  1  0 -3 -2 -1 -3 -2  0    7   3  15   0   0   7   0   0   0  13  32   6   4   3   0   0   3   0   0   5  0.25 0.14
   45 Q   -1  0  0 -3 -3  4 -1 -4 -1  2  0 -1  1  0 -3 -1 -1 -3  0  0    3   6   5   0   0  36   0   0   0  16  10   0   3   5   0   3   3   0   4   7  0.39 0.21
   46 S   -1  2  2 -1 -2  0 -1 -1 -1 -1  0  0  0 -2 -1  1  2 -3 -2 -1    1  18  17   1   0   1   1   1   0   1  18   1   0   1   1  18  18   0   1   1  0.22 0.04
   47 Q    0  1  1  1 -3  1  1 -3  2 -2 -1  1  1 -3  1  0  0 -4 -2  0    7   7   7   7   0   7   7   0   7   0   7   7   7   0   7   7   7   0   0   7  0.18 0.14
   48 V    0  1  1 -2 -2 -1 -1 -2 -2  1  0  1  2 -2 -2  1  1 -3 -2  1   10  10   9   0   0   0   1   1   0  10  10  10   9   0   0  10  10   0   0  10  0.13 0.09
   49 R   -1  1  1 -2  1  1  0 -3  1 -1  0  4  1 -3 -2  0  0 -4 -3  0    5   5   6   0   4   6   4   1   4   4   9  34   4   0   0   4   5   0   0   5  0.31 0.20
   50 Y   -4  0 -1 -5 -5 -4 -5 -5 -1  0  0 -4 -2  0 -5 -4 -4  5  7 -1    0   5   4   0   0   0   0   0   0   6   9   0   0   0   0   0   0  11  62   4  1.51 0.44
   51 K    1  2  1 -2 -4  3 -1 -3  4 -4 -4  3 -3 -4 -3  0  1 -4 -2 -3   11  10   9   0   0  15   0   0  18   0   0  23   0   0   0   5  10   0   0   0  0.61 0.25
   52 E    0  0  1  1  1  1  2 -2 -2 -2  0  1  0 -3 -2  1 -1 -4 -3 -2   10   5   8   9   4   4  21   0   0   0  13  12   2   0   0   8   2   0   0   0  0.26 0.14
   53 E    0 -2  1  4  2  0  2  0 -2 -4 -4  0 -3  0 -3  1 -2 -5 -3 -4    7   0   4  33   7   3  18   7   0   0   0   3   0   5   0  13   0   0   0   0  0.57 0.23
   54 F   -1 -2 -4 -4  3 -1 -4 -1  0 -2  0 -3  2  5 -4 -3 -3  3  4 -1    5   2   0   0   8   3   0   6   3   0   5   0   8  35   0   0   0   5  17   2  0.67 0.27
   55 E   -2  2  0 -1 -5  1  4  0  0 -4 -4  1 -1 -4  0 -1 -2 -4 -1 -2    0  15   4   0   0   5  42   9   1   0   0   9   2   0   4   3   0   0   2   2  0.62 0.26
   56 K    0  1  0 -2 -4  2  1 -3 -2 -3 -2  4  0 -4  1  1 -1 -4 -3 -2    7   7   3   0   0   9   8   0   0   0   2  40   3   0   7  12   0   0   0   2  0.56 0.24
   57 N    0  0  2  0 -3  2  0  1 -1 -1 -1 -1  2 -3 -3  1  1 -3 -3 -1    4   4  17   3   0  13   4  15   0   4   4   0  10   0   0  10   7   0   0   4  0.23 0.14
   58 K    0  3 -2 -3 -4  0 -1 -2 -2 -1  0  5 -2 -3 -3 -2 -2 -4 -3 -1    8  18   0   0   0   2   0   2   0   4   9  48   0   0   0   0   0   0   0   5  0.67 0.29
   59 G    0 -3 -2 -1  0  1 -2  5 -3 -2 -1 -2 -3 -4 -2  2 -1 -4 -4 -3    5   0   0   3   2   6   0  52   0   2   6   2   0   0   2  16   2   0   0   0  0.70 0.26
   60 K   -1  3 -1 -2  2  1 -1  1  2 -3 -1  4 -1 -3 -2  0  0 -4 -3 -3    1  16   2   0   6   4   0  10   6   0   5  35   1   0   0   7   4   0   0   1  0.44 0.20
   61 G    0  0  1 -1 -3 -1 -1  4  0 -3 -3  1 -2 -3  1  0 -1 -3 -1 -1    4   3   6   3   0   2   1  36   2   1   1  14   0   1   8   7   3   0   2   4  0.39 0.14
   62 F    0 -3 -3 -3  1 -2 -3 -3  0  1  0 -2 -1  4 -3  0  0  3  4  0   10   0   0   0   3   0   0   1   2  11   4   2   0  22   0   7   4   4  20   7  0.39 0.18
   63 S    2 -2 -2 -2 -3  0 -1 -1 -1 -3 -3 -1 -2  1 -2  3  4 -4 -2 -2   19   0   0   1   0   3   3   2   1   0   0   2   0   7   1  29  33   0   0   1  0.58 0.28
   64 V    0 -2 -2 -2 -2  2  0 -2 -2  1  0 -1  0  1  1  0  1 -2  0  1    8   0   0   0   0  13   4   2   0  11   7   1   2   6   8   8  11   0   3  15  0.15 0.10
   65 V    1 -4 -4 -4 -2 -3 -3 -2 -4  3  1 -3  0 -2 -1 -1  1 -4 -3  4   11   0   0   0   0   0   0   2   0  21   8   0   2   0   2   3   9   0   0  42  0.54 0.23
   66 A    3 -2 -2 -2 -2 -1 -2  1  1 -1  0 -1  2 -2 -2  1  0 -3 -1  0   33   0   0   0   0   2   1   9   5   2  13   4   7   0   0   9   6   0   2   5  0.21 0.13
   67 D   -4 -3  0  7 -6  0  0 -4 -3  0 -5  1 -4 -5 -4 -3 -3 -7 -5 -4    0   0   1  77   0   3   3   0   0   7   0   8   0   0   0   0   0   0   0   0  1.65 0.46
   68 T   -2 -3  0  3 -4 -2 -2 -1 -3 -3 -4 -1 -3 -4 -3  0  5 -5 -4 -3    0   0   3  24   0   0   0   5   0   0   0   3   0   0   0   5  59   0   0   0  1.07 0.40
   69 P   -2 -3 -4 -4 -5 -3 -3 -4 -4 -4 -4  0 -4 -5  7 -3 -3 -6 -5  0    1   0   0   0   0   0   0   0   0   0   0   7   0   0  82   0   0   0   0   7  2.42 0.53
   70 E    0 -2 -1  0 -5  1  5 -2  0 -3 -3 -1  2 -4 -3  1 -1 -5 -4 -3    8   0   2   1   0   5  59   2   2   1   2   0   6   0   0   9   2   0   0   1  0.87 0.33
   71 L   -2 -2 -1 -4 -3 -1 -3 -4 -1  2  2 -3  4  0 -4 -1  2 -2  2  0    0   1   4   0   0   2   0   0   1  11  21   0  23   3   0   3  16   0  10   6  0.43 0.22
   72 Q   -1  3 -2 -2 -4  4  1 -1 -1 -1  0  0  0 -3 -1 -1 -2 -4 -3 -2    4  25   0   1   0  26  11   5   1   3  13   1   3   0   3   2   1   0   0   1  0.46 0.22
   73 R   -3  6 -2 -4  2  0 -2 -4  4  0 -4  0 -1 -4 -1  0 -1 -5 -3 -3    0  61   0   0   5   3   0   0  12   6   0   0   1   0   3   6   3   0   0   0  1.12 0.39
   74 I    2 -3 -4 -4  0 -3 -3 -3  0  3  2 -3  1 -2 -3 -2 -1 -4 -3  3   26   0   0   0   3   0   0   0   3  18  20   0   4   0   0   0   3   0   0  24  0.44 0.20
   75 K   -2  4 -2 -3 -5  1 -1 -4 -2 -4  0  5 -2 -4 -3  0  0 -5 -4 -3    0  23   0   0   0   6   0   0   0   0  10  52   0   0   0   5   4   0   0   0  0.97 0.34
   76 K   -1  3  0 -2 -4  3  2 -3 -2 -1 -3  4 -1 -4 -3 -1 -1 -4 -4 -3    4  17   3   0   0  21  13   0   0   5   0  32   1   0   0   3   3   0   0   0  0.69 0.26
   77 T    2 -2  3 -2 -3 -1 -2 -2 -2 -2 -1 -2 -1 -3 -3  2  3 -4 -3  1   20   0  19   0   0   1   0   0   0   0   3   0   1   0   0  17  23   0   0  15  0.50 0.24
   78 Q   -1  0  1 -2 -4  5 -1  0 -1 -3 -3  1  0  0 -3  2  2 -4 -3 -3    4   2   6   0   0  36   0   6   1   0   0   7   3   5   0  16  15   0   0   0  0.58 0.27
   79 D   -2  1  2  3 -5  2  2 -2 -1 -4 -4  3 -3 -4  0 -1 -1 -1 -2 -3    1   5  11  20   0  12  16   1   1   0   0  22   0   0   5   1   2   1   1   2  0.57 0.20
   80 Q   -1  0  3 -1 -3  3 -1 -3  2  2  2 -1  0 -2 -3 -2  0 -4 -2 -1    3   3  18   1   0  19   0   0   6  15  22   2   1   1   0   0   5   0   0   2  0.32 0.19
   81 I    2  0 -3 -4 -2  1 -2 -3 -3  4  1 -2  0  0 -3 -2  0 -3 -2  1   21   4   0   0   0   9   0   0   0  35  12   0   0   4   0   0   5   0   0   9  0.37 0.20
   82 S    0 -2 -1 -1 -2 -1 -1 -2 -2 -3 -3 -1 -2 -3  6  3  0 -4 -3 -2    0   0   0   0   0   0   0   0   0   0   0   0   0   0  50  50   0   0   0   0  1.24 0.00
   83 N   -1 -1  2  0 -4  0  0 -1  1 -1 -1 -1  1 -1 -4 -1  0 -2  5 -1    4   3  14   5   0   5   6   5   3   3   4   3   5   0   0   4   5   0  28   3  0.41 0.17
   84 I    1 -2  2 -2 -2  2 -1 -2 -2  1  1 -1  0 -2 -2  0  1 -3 -2  1   14   0  14   0   0  14   0   0   0  14  14   0   0   0   0   0  14   0   0  14  0.19 0.07
   85 K    0  1  0 -2 -3  2  0  0  3 -2 -2  3  0 -1 -2  1  0 -4 -2 -2    5   3   3   0   0   9   4   6  13   2   3  29   2   3   0  12   5   0   0   0  0.32 0.14
   86 Y   -1 -3 -3 -4  2 -3 -4 -5  4 -3 -3 -3 -3  0  1 -3  0  0  7 -3    6   0   0   0   6   0   0   0  13   0   0   0   0   0   7   0   6   0  63   0  1.37 0.37
   87 H   -2  1 -1  1 -5  0  1 -4  7  0 -4  2 -3 -4 -3 -1  0 -5 -1 -3    3   7   0   7   0   3   7   0  46   7   0  13   0   0   0   3   5   0   0   0  0.95 0.30
   88 E    0 -1  1  0 -4  1  3  2  2 -4 -2  0  0 -4 -3  0 -1 -4 -3 -3    6   2   9   4   0   4  30  19   7   0   4   5   3   0   0   3   3   0   0   0  0.43 0.17
   89 E   -1 -1  1  4 -4  1  3 -2  1 -2 -2 -1 -3  1 -3 -1  0 -4 -3 -1    5   2   5  33   0   5  21   2   3   1   2   2   0   8   0   1   5   0   0   4  0.55 0.22
   90 F   -2 -1 -4 -4 -4 -3 -4  0  2  0  1 -2  0  5 -4 -3 -1  1  4  0    3   4   0   0   0   0   0   8   5   5  11   2   2  31   0   0   3   2  19   6  0.58 0.24
   91 E   -1 -2  1  2 -5  1  5 -1  0 -4 -3  1 -1 -4 -1 -2 -2 -5 -4 -4    4   0   8  10   0   6  52   3   2   0   3   7   2   0   2   0   0   0   0   0  0.83 0.27
   92 K   -1  3  0 -2 -5  0  1 -1 -2 -3 -4  5 -3 -4 -3 -2  0 -5 -4 -1    3  19   3   0   0   0  10   4   0   0   0  51   0   0   0   0   5   0   0   5  0.81 0.27
   93 S    2  0  0 -2 -3  0  1  0  1 -3 -2  1  2 -3 -2  2  1 -4 -3 -2   25   3   5   0   0   1  10   5   5   0   0  11   8   0   0  19   8   0   0   0  0.32 0.15
   94 R   -2  4 -2 -3 -5  1 -1 -1 -2 -4 -3  4  1 -3 -3 -1 -1 -4  1 -3    0  27   0   0   0   7   0   5   0   0   0  44   6   0   0   2   3   0   6   0  0.80 0.26
   95 M   -1  1 -2  0 -3 -1  1 -3 -2  1  1  1  3  1 -3 -1 -1 -3 -2  0    5   9   0   7   0   0  16   0   0   8  21   9  15   6   0   2   1   0   0   1  0.18 0.08
   96 G    1 -1 -1 -1 -3 -2 -2  4 -2 -2 -1 -2  1 -3 -2  0  0 -3 -3 -2   15   2   0   2   0   0   0  54   0   0   7   0   6   0   0   3   8   0   0   1  0.61 0.12
   97 P    1 -2 -2 -2  1 -1  0 -2  2 -2 -2  0 -2 -3  5  0  1 -4 -2  0   12   0   0   0   5   0   6   1   9   0   1   6   0   0  35   4  10   0   0   9  0.68 0.12
   98 S    0 -1 -1  0 -2  2  1  1 -1 -2 -2  1 -1 -3  0  2  2 -3 -2  0    6   0   0   4   0  12   6  11   0   0   1   9   0   0   3  20  14   0   0  11  0.23 0.07
   99 G    0 -1 -1  1 -3 -1 -1  3 -1 -1 -2 -1 -2 -2  3  1  1 -2  1 -2    4   3   1   9   0   1   1  26   0   4   1   1   0   0  17  10  12   0   9   1  0.38 0.08
  100 G    1  0 -1  0  2  0 -1  1 -2 -2 -3 -1 -2 -3  2  2  1 -4 -3  0   12   6   0   4   7   6   0  14   0   0   0   0   0   0  12  24   9   0   0   7  0.32 0.09
  101 E   -2  1 -1  2 -5  0  5 -3 -2 -3 -3 -1 -3 -4  2 -2 -2 -5 -4  0    0   8   0  13   0   0  54   0   0   0   0   0   0   0  13   0   0   0   0  12  0.83 0.20
  102 G   -1 -2  2 -1 -1 -1  2  3 -2 -2  0 -2  1 -3  0 -1 -2 -4 -3 -1    3   0  15   0   2   0  17  37   0   0  13   0   6   0   4   0   0   0   0   4  0.39 0.12
  103 V    1  0 -2  0 -2 -1  0 -3 -2  2  0 -1  1 -2  0  0  0 -3 -3  2   17   6   0   7   0   2   6   0   0  16   6   0   3   0   3   4   5   0   0  24  0.15 0.07
  104 E   -2  2 -1  0 -4  2  4 -3 -1 -2 -1  0 -2 -3  0 -1  0 -4 -3  0    0  14   0   2   0   7  46   0   0   0   7   0   0   0   4   0   8   0   0   9  0.52 0.14
  105 P   -2  3  1 -2 -4 -1  0  0 -2 -2 -2 -1 -2 -4  5 -1 -2 -4 -3 -1    0  23  10   0   0   0   8   8   0   0   4   0   0   0  37   0   0   0   0   8  0.79 0.15
  106 E   -1  1 -1 -1 -3  3  3 -3 -1 -1 -2  1 -1 -3 -2 -1  0 -3 -3  2    1  10   0   0   0  15  31   1   0   0   1   8   0   0   0   1   8   0   0  23  0.41 0.11
  107 R   -2  4  0 -1 -4  0  2 -3 -1 -2 -1  2 -1 -3 -2 -1 -2 -3 -3  0    1  43   5   0   0   0  16   1   0   0   9  15   0   0   0   1   0   0   0   8  0.56 0.13
  108 R    0  5  1 -2 -4  0 -1 -3 -1 -2 -1  3 -2 -3 -3 -1 -2 -4 -3  0    9  48   8   0   0   0   0   0   0   0   8  20   0   0   0   0   0   0   0   7  0.66 0.16
  109 E   -2  1  4  1 -4  3  0 -2 -1 -4 -4  0 -2 -4  2  1  1 -4 -3 -3    0   8  37   7   0  20   2   0   0   0   0   0   0   0   9   9   8   0   0   0  0.66 0.16
  110 A    2  1 -1 -2 -2  1  0  0 -2 -2 -2 -1 -2 -3  2  2  2 -4 -3  0   18   8   0   0   0   8   4   7   0   0   0   0   0   0   9  16  22   0   0   8  0.33 0.09
  111 Q   -2  0  1 -1 -4  5  2  1  2 -4 -4  1 -2 -4 -3  0 -2 -4 -3 -3    0   0   8   0   0  52   8   9   7   0   0   8   0   0   0   8   0   0   0   0  0.80 0.20
  112 D   -2 -2  3  5 -4 -1  1 -2 -2 -2 -3 -1 -3 -4 -3  1 -1 -5 -4  0    0   0  17  52   0   0   7   0   0   0   0   0   0   0   0  10   0   0   0  13  0.83 0.16
  113 S    1 -2 -1 -2  3 -1  0  0  2  0 -2 -2 -1  2 -1  2 -1 -3 -1  0   10   0   0   0   9   0   5   6   8   9   0   0   0  15   2  29   0   0   0   7  0.19 0.09
  114 S    1 -2 -1 -1 -2 -1  1 -1 -2 -3 -3 -1 -2 -3  3  3  3 -4 -3 -2    9   0   0   0   0   0   9   2   0   0   0   0   0   0  16  42  22   0   0   0  0.65 0.14
  115 S    2  1  0 -2 -2 -1 -1  0 -2 -2 -2 -1 -2 -2  1  3  0 -3  0  0   27  10   4   0   0   0   0   5   0   0   0   0   0   0   6  35   0   0   4   9  0.36 0.10
  116 Y    0 -3 -3 -4 -3 -3 -3 -1  0 -1  0 -3 -1  3  0 -2 -2  0  6  0    9   0   0   0   0   0   0   6   0   0  10   0   0  11   5   0   0   0  48  10  0.61 0.12
  117 R   -2  4  3 -1 -4  2  0 -2 -1 -4 -3  3 -2 -4  1 -1 -1 -4 -3 -3    0  40  24   0   0  11   0   0   0   0   0  17   0   0   8   0   0   0   0   0  0.75 0.10
  118 R   -2  5 -1 -2 -4  2 -1 -3  0 -3 -3  2 -2 -1 -3 -1 -2 -2  3 -3    0  57   0   0   0  14   0   0   0   0   0  14   0   0   0   0   0   0  16   0  0.83 0.10
  119 P   -1 -1 -3 -3 -3 -2 -2 -3 -3 -1 -2  1 -2 -3  6 -2 -1 -4 -3  2    0   0   0   0   0   0   0   0   0   0   0  16   0   0  56   0   0   0   0  28  1.27 0.10
  120 T    2 -2 -2 -1 -2  1  2 -2 -2 -1  0 -1 -1  1 -2  0  2 -3 -1  1   25   0   0   0   0   4  23   0   0   0   7   0   0   9   0   0  17   0   0  14  0.22 0.04
  121 E   -1 -1  0  3 -4  1  4  0 -1 -4 -4  0 -3 -4 -2  1 -1 -4 -3 -3    0   0   0  21   0   0  60   9   0   0   0   0   0   0   0  11   0   0   0   0  0.81 0.07
  122 Q    1  0 -1 -2 -3  5  0 -2  2  1 -1  0 -1 -3 -2 -1 -1 -3 -2 -1   17   0   0   0   0  56   0   0   9  19   0   0   0   0   0   0   0   0   0   0  0.53 0.08
  123 Q   -1  0  1 -1 -3  3  0 -2  2 -2 -1  2  3 -2 -2  1  0 -3 -2 -2    0   0   6   0   0  26   0   0  10   0   0  20  19   0   0  19   0   0   0   0  0.37 0.04
  124 Q   -1  2 -1 -1 -3  4  0  2  0 -3 -3  1 -1 -3  2 -1 -1 -3 -2 -2    1  17   0   1   0  46   1  19   0   1   1   1   0   0   9   1   1   0   0   1  0.55 0.03
  125 P    1 -2 -2 -2 -2 -1 -1 -2 -2 -2 -2 -1 -2 -3  6  1 -1 -3 -2 -2   19   1   1   1   0   1   1   1   0   1   1   1   0   1  58  10   1   0   1   1  1.28 0.03
  126 Q   -1  0  0 -1 -2  5  1 -2  0 -1  0  1  0 -2 -1  0 -1 -2 -1 -1    2   1   1   2   1  59   2   2   1   1  16   2   1   1   2   2   2   0   1   2  0.41 0.00
  127 P   -1 -2 -3 -2 -4 -2 -2 -3 -2 -3 -3 -1 -3 -4  7 -1 -2 -5 -4 -3    0   0   0   0   0   0   0   0   0   0   0   0   0   0 100   0   0   0   0   0  2.66 0.01
  128 H   -2  0  0 -1 -4  1  0 -3  8 -4 -3 -1 -2 -2 -2 -1 -2 -3  2 -3    0   0   0   0   0   0   0   0 100   0   0   0   0   0   0   0   0   0   0   0  1.17 0.01
  129 H   -2  0  0 -1 -4  1  0 -3  8 -4 -3 -1 -2 -2 -2 -1 -2 -3  2 -3    0   0   0   0   0   0   0   0 100   0   0   0   0   0   0   0   0   0   0   0  1.17 0.01

                      K         Lambda
Standard Ungapped    0.1676     0.3295
Standard Gapped      0.1100     0.3190
PSI Ungapped         0.1676     0.3295
PSI Gapped           0.1100     0.3190
