
Last position-specific scoring matrix computed, weighted observed percentages rounded down, information per position, and relative weight of gapless real matches to pseudocounts
           A  R  N  D  C  Q  E  G  H  I  L  K  M  F  P  S  T  W  Y  V   A   R   N   D   C   Q   E   G   H   I   L   K   M   F   P   S   T   W   Y   V
    1 M   -3 -4 -4 -5 -3 -2 -4 -5 -4  2  2 -3  8 -2 -4 -3 -2 -3 -3  0    0   0   0   0   0   0   0   0   0  10  13   0  76   0   0   0   0   0   0   0  1.47 0.31
    2 P   -2 -4 -4 -3 -5 -3  0 -4 -4 -5 -5 -3 -4 -6  8 -3 -3 -6 -5 -4    0   0   0   0   0   0   7   0   0   0   0   0   0   0  93   0   0   0   0   0  2.80 0.34
    3 E    0 -2  0  2 -4  1  5 -3 -1 -3 -4 -1 -3 -4  2 -1 -2 -5 -4 -2   11   0   3   7   0   6  59   0   0   1   0   0   0   0   8   2   0   0   0   3  0.83 0.18
    4 S    0  1  4  1 -3 -1 -1 -2  4 -1 -3 -1 -2 -3 -3  1  0 -4 -2  0    7   9  32   6   0   0   0   0  17   4   0   0   0   0   0  10   3   0   0  12  0.44 0.13
    5 Q   -1 -1  0  4 -5  2  4 -2 -1 -5 -4  1 -3 -5  2 -1 -2 -5 -4 -4    3   0   1  30   0  10  36   2   0   0   0   9   0   0  10   0   0   0   0   0  0.82 0.16
    6 E    0  0 -1  1 -5  2  5  0 -1 -4 -4  1 -3 -5 -1 -1  0 -5 -4 -3    6   4   0   3   0   9  59   7   0   0   0   5   0   0   2   0   4   0   0   0  0.81 0.18
    7 I   -1 -4 -5 -5 -2 -4 -4 -5 -4  5  2 -4  1 -1 -4 -3 -2 -4 -3  3    2   0   0   0   0   0   0   0   0  61  15   0   3   0   0   0   0   0   0  19  0.83 0.19
    8 A    2 -1 -2  0 -2  0  0 -2 -2  0 -1  0 -1 -2 -2  0  1 -4 -3  2   32   2   0   5   0   3   4   0   0   4   6   8   0   0   0   3  13   0   0  20  0.21 0.09
    9 Q   -1  0  0  2  0  4  2 -3 -1 -3 -3  2 -2 -4 -2  0  2  0 -3 -3    3   1   2  15   2  28  13   0   0   0   0  11   0   0   0   6  16   2   0   0  0.51 0.14
   10 L   -2 -3 -4 -4 -3 -3 -4 -3 -4  1  4 -3  1 -1 -4 -1  0  3 -2  0    0   0   0   0   0   0   0   2   0   5  69   0   0   0   0   5   8   5   0   5  0.65 0.18
   11 L   -3 -3 -4 -5 -3  0 -3 -5 -4  1  5 -1  2 -1 -4 -3 -1 -3 -3  0    0   0   0   0   0   4   0   0   0   3  79   4   2   0   0   0   2   0   0   5  0.80 0.20
   12 S    0  0 -1  0 -2  1  0 -2  0 -3 -3  2 -2  0 -2  4  1 -4 -2 -3    6   4   0   3   1   6   5   1   2   0   0  13   0   7   0  45   8   0   0   0  0.45 0.16
   13 G   -1 -2  2  2 -4 -2  0  4 -2 -4 -3 -1 -3 -4  1  0 -1 -5 -4 -2    2   1   9  12   0   0   6  45   0   0   1   3   0   0   9   6   2   0   0   3  0.60 0.14
   14 S    2 -1  0  1 -2  0  1 -1 -2 -2 -3  1 -2 -3 -2  3  2 -4 -3 -1   21   1   2   6   0   3  11   1   0   2   1   7   0   0   0  27  17   0   0   1  0.38 0.12
   15 Y   -1 -2  2  0 -1 -1  0 -3  2 -2 -1 -1 -2  2  0  1 -1 -1  4  0    4   1  12   5   2   1   7   0   4   0   3   2   0   8   5  12   0   0  25   9  0.26 0.10
   16 I   -2 -3 -4 -4 -2 -3 -4 -4 -4  5  2 -3  1  0 -3 -3 -1 -3 -2  2    1   0   0   0   0   0   0   1   0  59  16   0   2   4   0   1   3   0   0  12  0.65 0.16
   17 H   -2 -2  5  2 -4 -1 -1  1  4 -4 -4 -1 -3 -3  1 -1  0 -3  1 -3    1   0  40  12   0   0   0  12  13   0   1   0   0   0   7   0   5   0   6   0  0.66 0.16
   18 Y   -3 -4 -4 -5 -4 -3 -4 -5  0 -3 -3 -4 -3  2 -5 -3 -3  0  8 -3    0   0   0   0   0   0   0   0   0   0   1   0   0   5   0   0   0   0  90   0  2.10 0.37
   19 F   -3 -4 -4 -4 -3 -4 -4 -4 -2 -1  1 -4 -1  6 -4 -2 -3 -1  3 -1    0   0   0   0   0   0   0   0   0   0  17   0   0  63   0   4   0   0  11   2  1.09 0.23
   20 H   -1  0  0  1 -4  1  2 -3  6 -1 -2 -1 -2 -3 -3 -1 -1 -3  0 -1    4   3   2   9   0   5  20   0  37   4   3   1   0   0   0   1   3   0   2   4  0.59 0.16
   21 C    2 -3 -3 -4  8 -3 -3 -3 -3 -2 -2 -3 -2 -3 -3 -1 -1 -3 -3  1   20   1   1   1  57   1   1   1   0   1   1   1   0   0   1   1   4   0   0  10  1.16 0.23
   22 L   -1  2 -1 -2 -1  3 -1 -3 -1 -1  1  3  0 -2 -2 -1  0 -3 -2  0    3   9   1   1   2  18   1   1   0   1  18  28   1   0   1   2   4   0   0  10  0.30 0.10
   23 R   -2  5 -1  0 -4  2  1 -3  1 -4 -2  3 -2 -2 -3 -2 -2 -4 -3 -3    0  43   0   6   0   8  11   0   3   0   3  22   0   2   0   0   0   0   0   0  0.74 0.17
   24 I   -3 -4 -5 -5 -3 -4 -4 -5 -5  6  1 -4  0 -2 -4 -4 -2 -4 -3  2    0   0   0   0   0   0   0   0   0  84   4   0   0   0   0   0   0   0   0   8  1.16 0.27
   25 V   -2  2 -3 -4 -2 -2 -3 -4 -2  2  2 -2  1  2 -3 -2 -2 -2  1  2    0  16   0   0   0   0   0   0   0  15  18   0   4  13   0   0   0   0   5  26  0.31 0.10
   26 D   -1 -1  2  3 -4  2  4 -2 -1 -4 -4  1 -3 -4 -2  0 -1 -4 -3 -3    2   0   9  22   0   8  42   0   0   0   1   8   0   0   0   5   0   0   0   0  0.77 0.16
   27 L   -2 -3 -4 -4  0 -2  0 -5 -3  4  2 -1  1  1 -4 -3 -2 -3  0  1    2   0   0   0   2   0   7   0   0  39  29   5   1   6   0   0   0   0   3   5  0.40 0.13
   28 L    0 -3 -4 -5 -3 -3 -4 -4 -4  1  4 -3  1  1 -4 -3 -2 -3 -2  2    8   0   0   0   0   0   0   0   0   0  72   0   0   4   0   0   0   0   0  13  0.72 0.19
   29 K   -1  2  0 -1 -4  1  2 -3 -1 -3 -1  4 -2 -3 -2  0  0 -4 -3 -3    4  11   3   0   0   4  15   0   0   0   9  43   0   0   0   4   6   0   0   0  0.53 0.15
   30 G   -1  1  0  1 -3  1  2  2 -2 -2 -2  1 -2 -4 -2  2  0 -4 -3 -1    1   6   2   6   0   4  21  19   0   1   3  10   0   0   0  18   5   0   0   4  0.32 0.09
   31 T    1 -2  1  1  1  1 -1 -2 -2 -3 -3 -2 -2 -4 -2  2  5 -5 -3 -2    9   0   7   7   3   6   0   0   0   0   0   0   0   0   0  17  52   0   0   0  0.67 0.20
   32 E   -1 -2  0  2 -5  1  5 -1 -2 -4 -4 -1 -3 -4  0  0  0 -5 -4 -3    3   0   2   9   0   2  65   3   0   0   0   0   0   0   4   5   5   0   0   0  0.93 0.21
   33 A    3 -1 -1 -1 -2 -1  1  0 -2 -1 -2  1 -2 -3  1  1  0 -4 -3  0   40   1   0   2   0   0   9   7   0   2   0  11   0   0   4  10   5   0   0   7  0.30 0.08
   34 S    1  0  2  2 -3 -1  0  1 -2 -3 -4  0 -3 -4 -2  3  1 -4 -3 -3   13   5   9  17   0   0   4  12   0   0   0   2   0   0   0  32   6   0   0   0  0.43 0.09
   35 T    0 -1  0 -1 -3  2  1  0 -2 -3 -3  0 -2 -3 -2  2  4 -4 -3 -2    6   0   3   0   0  10  10   6   0   0   0   4   0   0   0  20  42   0   0   0  0.52 0.13
   36 K   -1  2 -1 -2 -3  0  0 -1 -1 -3 -3  5 -2 -3 -2 -1  1 -3 -2 -2    1  11   1   1   0   1   1   5   0   1   1  62   0   1   1   1  10   0   1   1  0.71 0.14
   37 N   -1 -1  5  2 -3 -1 -1  1 -1 -3 -3 -1 -2 -3 -2  1  1 -3 -3 -3    1   1  52   8   0   1   1   9   0   1   1   1   0   1   1  13   7   0   1   1  0.70 0.13
   38 I   -2 -3 -3 -4 -2 -2 -3 -3 -3  3  2 -3  2  3 -3 -2 -2  4  0  2    1   1   1   1   0   1   1   1   0  23  24   1   6  16   1   1   1   8   0  13  0.40 0.08
   39 F   -3 -3 -3 -4 -3 -3 -3 -4 -2 -1  2 -3  0  6 -3 -3 -2 -1  1 -1    1   1   1   1   0   1   1   1   0   1  23   1   0  66   1   1   1   0   0   1  0.98 0.17
   40 G    2 -1 -1 -1 -1 -1 -1  3 -1 -2 -2 -1 -1 -2 -1  0  0 -2 -2 -1   36   2   1   2   1   1   2  36   1   2   3   2   1   1   2   2   2   0   1   2  0.34 0.00
   41 R    0  4  0 -2 -3  2 -1 -1  0 -2 -1  0  0  0 -2  1 -1  0  1 -2    4  31   3   1   0  16   1   5   2   1   5   1   3   5   1  13   2   1   5   1  0.32 0.11
   42 Y   -2 -3 -3 -4 -3 -3 -3 -4  0 -1  2 -3 -1  1  1 -3 -2  0  6 -1    1   1   0   1   0   0   1   1   0   1  31   1   0   0   8   1   1   0  49   4  0.78 0.20
   43 S    1 -1 -1 -2 -2 -1 -1  1 -2 -2 -3  1 -2 -3 -2  4  2 -3 -3 -1    7   1   0   1   0   0   1  11   0   1   1  13   0   0   1  46  11   0   0   6  0.43 0.14
   44 S    0 -2  2  1 -3 -1 -1  3 -2 -3 -3 -1 -3 -3 -2  4  0 -4 -3 -3    3   1  13   8   0   0   1  24   0   1   1   1   0   0   1  45   1   0   0   1  0.57 0.15
   45 Q    1  0  0 -1 -3  3  0  0  1 -3 -3  3 -2 -3  3 -1 -1 -3 -2 -1   12   1   2   1   0  20   4   8   3   1   1  23   0   1  18   1   1   0   0   4  0.45 0.11
   46 R    0  3  1 -2 -2  0 -1 -2 -1  1 -1  1 -1 -2  1  1 -1 -3 -2  0    8  29   7   1   0   1   1   1   0  13   6   6   0   1   7  10   1   0   1   5  0.23 0.09
   47 M    1 -2 -2 -3 -2 -2 -2  1 -2  0  1 -2  4  1 -2 -1  1 -2  1  0   14   1   1   1   0   1   1  14   0   6   9   1  22   7   1   1  11   0   5   6  0.18 0.11
   48 K    0  2  1 -2 -3  2  0  1 -1 -2 -3  3 -2 -3 -2  0 -1 -3 -3  0    8   9   6   0   0  13   1  13   0   0   1  31   0   0   0   6   0   0   0   9  0.34 0.13
   49 D   -1  1  0  5 -4 -1  2 -3 -2 -3 -2  1 -3 -4 -3 -1  1 -5 -4 -2    5   7   0  52   0   0  10   1   0   0   4   7   0   0   0   0   8   0   0   3  0.74 0.17
   50 W   -5 -5 -6 -6 -5 -4 -5 -5 -4 -5 -4 -5 -3  1 -6 -5 -5 11  0 -5    0   0   0   0   0   0   0   0   0   0   0   0   0   5   0   0   0  92   0   0  3.80 0.50
   51 Q   -1 -1 -1  2 -4  5  2 -3 -1 -3 -1  0  0 -1 -3  0  0 -3  0 -1    1   0   0  11   0  41  12   0   0   0   6   4   3   2   0   8   4   0   4   3  0.53 0.17
   52 E    1 -1  2  2 -4  1  4 -1  0 -4 -4  0 -3 -4 -3  0  0 -5 -4 -2   12   0   9   9   0   4  48   3   2   0   0   5   0   0   0   2   4   0   0   3  0.65 0.16
   53 I   -3 -5 -5 -6 -3 -4 -5 -6 -5  6  1 -4  0 -2 -5 -4 -2 -4 -3  3    0   0   0   0   0   0   0   0   0  76   9   0   0   0   0   0   0   0   0  15  1.18 0.27
   54 V   -1 -3 -3 -1 -1 -1 -1 -3 -3  3  1 -2  1 -2 -3 -1 -1 -4 -3  4    4   0   0   3   1   2   5   2   0  21  12   1   2   0   0   4   0   0   0  43  0.39 0.14
   55 S    1  4 -1 -2 -4  2  0 -1  0 -3 -3  3 -2 -4 -2  3 -1 -4 -3 -3    9  27   1   0   0   7   4   2   1   1   0  20   0   0   0  26   0   0   0   0  0.57 0.17
   56 L    1 -2 -1 -3 -3  1 -2 -3 -3 -1  3 -1  3 -1 -3  0 -1  5 -2 -1   17   1   4   0   0   6   0   0   0   0  36   2  10   0   0   8   3  10   0   2  0.35 0.14
   57 Y    0 -4 -4 -5 -5 -4 -5 -5  0 -3 -3 -4 -3  2 -5 -3 -3  0  8 -3   10   0   0   0   0   0   0   0   0   0   0   0   0   5   0   0   0   0  85   0  2.01 0.41
   58 E   -2  0 -2  0 -6  1  6 -4  0 -5 -3  1 -3 -5 -3 -2 -1 -5 -4 -4    0   4   0   0   0   3  79   0   2   0   2   7   0   0   0   0   4   0   0   0  1.33 0.32
   59 K   -1  2 -1 -2 -5  0  0 -3  1 -4 -3  6 -3  2 -3 -2 -2 -4 -1 -3    3   5   2   0   0   0   2   0   3   0   0  71   0  10   0   0   0   0   2   2  0.98 0.28
   60 D   -3 -2  3  5 -5  0  2  0 -2 -5 -5  0 -4 -5  2 -1 -2 -6 -4 -4    0   0  18  46   0   2  13   7   0   0   0   4   0   0  10   0   0   0   0   0  0.95 0.21
   61 N   -2 -2  6  0 -4 -2 -2  1  2 -4 -2 -2 -3 -2 -4  1 -2  1  1 -4    2   0  58   1   0   0   0  13   5   0   5   0   0   1   0   8   0   3   6   0  0.87 0.25
   62 T   -1 -3 -3 -4 -3 -3 -3 -4  3  3  2 -3  1 -1 -4 -2  0 -3  1  3    2   0   0   0   0   0   0   0  10  22  16   0   2   0   0   0   6   0   5  37  0.49 0.16
   63 Y   -3 -3 -2 -4  0 -1 -4 -2  4 -3 -1 -3 -2  4 -5 -3 -3  0  7 -3    0   0   2   0   3   3   0   4  11   0   4   0   0  19   0   0   0   0  54   0  1.21 0.28
   64 L   -1 -4 -4 -5 -3 -3 -4 -4 -4  1  5 -4  1 -1 -4  0 -2 -4 -3 -1    5   0   0   0   0   0   0   0   0   7  78   0   0   0   0  10   0   0   0   0  0.85 0.24
   65 V    3 -2 -2 -2 -1 -2 -2  2 -2 -1 -2 -1 -1 -3 -1  0  0 -3 -3  1   60   0   0   0   0   0   0  22   0   0   0   0   0   0   0   0   0   0   0  18  0.41 0.01
   66 E   -1 -1  0  4 -5  1  5 -2 -1 -4 -4  0 -3 -4 -2 -1 -1 -4 -3 -3    0   0   0  25   0   0  75   0   0   0   0   0   0   0   0   0   0   0   0   0  0.99 0.02
   67 L    4 -3 -2 -2  0 -2 -2  0 -3  1  1 -2 -1 -3 -2  1  1 -4 -3  0   46   0   0   2   2   0   0   4   0   8  14   0   0   0   0  13   6   0   0   5  0.39 0.16
   68 C    5 -3 -3 -3  3 -2 -3 -1 -3 -3 -4 -2 -3 -4 -2  3 -1 -5 -4 -2   68   0   0   0   8   0   0   3   0   0   0   0   0   0   0  21   0   0   0   0  1.02 0.29
   69 S   -2  1 -1  0 -4  6  1 -1  2 -5 -4 -1 -3 -5 -3  3 -2 -4 -3 -4    0   7   1   5   0  51   4   4   4   0   0   0   0   0   0  24   0   0   0   0  0.96 0.29
   70 L   -3 -1 -4 -5 -3  0 -3 -5 -3  4  3 -3  3  0 -4 -3 -1 -3  0  1    0   4   0   0   0   6   0   0   0  31  35   0  10   2   0   0   2   0   4   5  0.56 0.17
   71 L   -3 -4 -5 -6 -3 -4 -5 -6 -4  2  5 -4  3  1 -5 -4 -2 -3 -1 -1    0   0   0   0   0   0   0   0   0   8  75   0   9   5   0   0   2   0   1   0  1.10 0.30
   72 V    1 -2 -2 -3 -1  1 -2 -2 -1  3  0 -2  2 -2 -3  0  1 -3 -3  2   13   0   2   0   1  10   0   3   2  23   5   0   6   0   0   5   9   0   0  21  0.25 0.13
   73 R   -3  6  0 -1 -5  4 -1 -4  1 -4 -4  1 -3 -4 -3 -1  0 -4 -3 -4    0  52   3   3   0  22   2   0   4   0   0   3   0   0   0   3   5   0   0   0  1.05 0.29
   74 N   -2 -2  6 -1  0 -2 -2 -3  2 -2  1 -2 -1 -2 -4  0  1 -4  0 -2    0   0  51   0   2   0   0   0   5   2  15   0   2   1   0   7   7   0   3   2  0.74 0.25
   75 V    0 -4 -4 -4 -2 -3 -3 -4 -4  3  0 -3 -1 -2 -3 -2  2 -4 -3  5    8   0   0   0   0   0   0   0   0  14   7   0   0   0   0   0  12   0   0  55  0.73 0.24
   76 S   -1 -1  4  1 -4  2 -1 -2  1 -2 -3  2  1 -4 -3  1 -1 -4 -3 -1    5   0  32   5   0  14   0   1   3   2   0  13   6   0   0  14   1   0   0   4  0.52 0.19
   77 Y   -4 -4 -5 -6 -5 -4 -5 -6 -1 -3 -3 -5 -3  4 -5 -4 -4  0  8 -4    0   0   0   0   0   0   0   0   0   0   0   0   0  19   0   0   0   0  78   0  2.31 0.46
   78 E   -3 -3 -2  0 -7  1  7 -5  0 -6 -6 -1 -4 -6 -4 -2  0 -6 -5 -5    0   0   0   3   0   2  86   0   2   0   0   2   0   0   0   0   5   0   0   0  1.77 0.43
   79 I   -2 -5 -5 -6  2 -5 -5 -2 -5  6  1 -5 -1 -2 -5 -4 -2 -5 -3  3    3   0   0   0   5   0   0   3   0  64   8   0   0   0   0   0   0   0   0  18  1.05 0.29
   80 P    0 -5 -5 -5 -6 -4 -4 -5 -5 -6 -6 -4 -5 -6  8 -3 -4 -7 -6 -5    6   0   0   0   0   0   0   0   0   0   0   0   0   0  94   0   0   0   0   0  3.07 0.54
   81 S    3 -3  0 -1 -1 -1 -1  1  0 -3 -2 -2 -2  1 -3  3  0 -3  1 -2   28   0   4   4   1   2   1  11   2   0   3   0   0   6   0  29   2   0   5   1  0.37 0.16
   82 L   -3 -4 -2 -5 -3 -2 -3 -5 -1  2  4 -4  3  1 -4 -2 -2 -3  0  1    0   0   2   0   0   1   1   0   1  11  57   0   7   5   0   2   1   0   4   7  0.66 0.20
   83 K   -3  4 -2 -3 -6  2 -1 -4 -2 -5 -5  6 -3 -5 -3  0 -3 -6 -4 -5    0  23   0   0   0   8   0   0   0   0   0  61   0   0   0   7   0   0   0   0  1.33 0.35
   84 K   -3  4 -2 -3 -6 -1 -2 -4 -3 -5 -5  6 -4 -5 -4  0 -3 -6 -4 -5    0  29   0   0   0   0   0   0   0   0   0  66   0   0   0   5   0   0   0   0  1.54 0.39
   85 Q   -3  2  0 -1 -5  6  0 -4  0 -4 -2 -1  1 -2 -4  0 -1 -4 -3 -2    0  13   3   2   0  55   2   0   2   0   4   0   3   2   0   7   4   0   0   2  0.94 0.30
   86 I   -2 -4 -5 -5 -3 -2 -5 -6 -5  6  2 -2  2 -2 -5 -2 -2 -4 -3  1    2   0   0   0   0   1   0   0   0  64  17   2   5   0   0   2   0   0   0   6  1.01 0.28
   87 A    2 -2  1 -1 -3  3  0  0 -2 -2 -1  0 -2 -3 -2  2  2 -4 -3 -2   27   0   7   3   0  16   4   6   0   1   7   3   0   0   0  14  12   0   0   0  0.34 0.15
   88 K   -3  3 -2 -3 -6  1 -1 -1  0 -5 -5  6 -3 -5 -3  0 -3 -5 -4 -5    0  18   0   0   0   6   0   5   2   0   0  64   0   0   0   5   0   0   0   0  1.25 0.34
   89 C    0 -3  0 -4  6  0 -3 -2 -3  0  1 -3 -1  1 -4 -1 -1  1  2 -1    8   0   5   0  29   5   1   2   0   5  18   0   1   6   0   4   2   3  10   1  0.47 0.17
   90 Q   -2  2  0  1 -5  5  4 -4  0 -1 -3  1 -2 -4 -3 -1 -1 -5 -4 -3    2  10   2   6   0  31  30   0   2   5   2   5   0   0   0   2   3   0   0   0  0.71 0.23
   91 Q   -1  0  2 -2 -5  6  0 -4 -1 -5 -3  2 -3 -5 -4 -1 -2 -5 -4 -4    5   3  11   0   0  59   1   0   0   0   1  12   0   0   0   3   2   0   0   0  1.15 0.35
   92 L   -1 -2  0 -1 -3  4  0 -2 -2  1  2 -2  1 -3 -3 -1  0 -4 -3  0    4   0   6   3   0  31   2   2   0   7  22   0   3   0   0   3   7   0   0   6  0.34 0.20
   93 Q   -1 -1 -1 -3 -1  4  0 -2 -2  1  2 -1  0 -3 -3  0 -2 -4 -3  1    2   1   3   0   1  31   3   2   0  10  20   2   2   0   0   7   0   0   0  11  0.35 0.20
   94 Q    0  0  0  1 -4  3  3 -3  0 -1 -2  1 -2 -4 -3  0  1 -4 -3 -1    7   3   3   6   0  17  26   0   1   4   2   5   0   0   0   5  12   0   0   5  0.37 0.16
   95 E   -3 -3 -1  5 -5  0  5 -4 -2 -2 -3 -2 -4 -5 -3  0 -1 -5 -4 -4    0   0   0  33   0   2  46   0   0   3   3   0   0   0   0   8   3   0   0   0  1.06 0.31
   96 Y   -1 -3 -1 -2  6 -3 -3 -2 -3  0  2 -3  1  0 -3  1 -1 -3  2  0    4   0   4   2  23   0   0   2   0   4  24   0   3   3   0  13   2   0   8   6  0.38 0.16
   97 S    0  0  0  3 -4  0  3 -3  0 -1 -2  0 -1 -1 -3  1  0 -4 -1 -1    5   4   3  19   0   2  22   0   2   5   2   4   2   3   0  10   7   0   3   3  0.27 0.13
   98 R   -2  5 -1 -3 -5 -1 -2 -4 -3 -5 -2  5 -3 -5 -4 -3 -1 -5 -4 -4    2  42   2   0   0   0   0   0   0   0   4  42   0   0   0   0   4   0   0   0  1.20 0.39
   99 K   -3  4 -1 -3 -6 -1 -1 -4 -3 -5 -5  6 -4 -5 -4 -1 -3 -6 -5 -5    0  24   2   0   0   0   1   0   0   0   0  64   0   0   0   3   0   0   0   0  1.42 0.43
  100 E   -1 -2 -1 -1 -5  1  5 -4  1  1 -2 -1 -1 -3 -2 -2 -2 -5 -4 -2    5   0   2   0   0   5  58   0   3  13   3   1   2   1   1   1   2   0   0   2  0.84 0.30
  101 E    1  0  2  1 -3  0  2 -2  0 -1 -2  2 -1 -3 -2  1  0 -4 -1  0   16   2  11   8   0   3  16   2   2   2   3  14   1   0   0   7   3   0   3   8  0.22 0.11
  102 E   -2 -3  0  5 -6 -1  5 -4 -3 -5 -2 -1 -4 -5 -4 -1 -1 -6 -5 -4    2   0   2  42   0   0  43   0   0   0   5   2   0   0   0   2   3   0   0   0  1.21 0.35
  103 G   -3 -1 -2 -5  6 -2 -4 -3  0  0  0 -1 -3  0 -5 -1 -3  3  6 -3    1   4   2   0  20   2   0   1   1   7   8   3   0   2   0   4   0   3  41   0  0.95 0.34
  104 Q    0  0  1  0 -3  2  1  0 -1 -1 -1  2  0 -2 -3  0  1 -4 -3 -1    8   3   8   3   0  15  10   6   1   2   8  15   2   1   0   3  13   0   0   2  0.23 0.13
  105 A   -1  3  0 -3 -5  0 -1 -1  1 -4 -1  4 -3 -1 -3  1 -1 -5 -3 -3    2  19   4   0   0   3   1   4   3   0   8  41   0   3   0   9   3   0   0   1  0.62 0.26
  106 G    0  0  3 -2 -4  2 -2  2  0 -4 -3 -1 -1 -4 -3  3  0 -5 -4 -3    8   5  20   0   0  13   0  14   2   0   2   2   2   0   0  29   4   0   0   0  0.53 0.25
  107 A    4 -3 -3 -1  0 -2  1 -3 -3  1 -1 -2  0 -3  0  0  0 -5 -4  0   44   0   0   3   2   0  11   0   0  12   3   2   2   0   4   6   5   0   0   6  0.42 0.23
  108 A    3  1  2  0 -3  1  1 -1  0 -2 -3  1 -2 -4 -3  0 -1 -5 -3  0   32   6  12   3   0   6  12   4   2   1   1   7   0   0   0   6   1   0   0   7  0.33 0.17
  109 E    0 -2  0  2 -4  0  4 -3 -2  0  0 -1 -1 -3 -3  0  1 -4 -2 -1    6   0   3  13   0   2  36   0   0   8   9   2   1   0   0   7   8   0   1   3  0.43 0.20
  110 M    2 -3 -3 -3  1 -1 -2  0  0 -1  1 -2  3  2 -3  0 -1 -2  2 -1   21   0   0   0   3   3   1   7   2   0  18   0  13   9   0   8   2   0   9   3  0.24 0.16
  111 R    0  4  0 -2 -5  1  0 -3  0 -2 -1  4  1 -4 -3 -1 -2 -5 -4 -3    7  33   5   1   0   4   3   1   3   3   5  28   6   0   0   1   0   0   0   0  0.66 0.27
  112 E    1  2  2  1 -4 -1  2 -3  0 -3 -2  2 -2 -4 -3  1  0 -5 -3 -2   16  13  12   6   0   0  20   0   1   1   3  13   1   0   0   8   5   0   0   1  0.39 0.18
  113 Q   -1  3  0  1 -5  3  3 -3  0 -3 -2  3 -2 -4 -3 -2 -1 -5 -4 -3    5  18   3   6   0  16  22   1   1   1   5  18   1   0   0   0   3   0   0   0  0.58 0.23
  114 F   -2 -5 -5 -6 -5 -5 -5 -6  1 -2 -1 -5 -3  6 -6 -4 -4 -1  7 -4    3   0   0   0   0   0   0   0   3   2   4   0   0  37   0   0   0   0  50   0  1.82 0.50
  115 Y   -1  1  1  0 -4  2  2 -3  0 -2 -1  2  0 -2 -3 -1  0 -3  3 -1    3   5   9   2   0  10  20   0   2   1   5  13   4   0   0   3   5   0  13   5  0.30 0.16
  116 H    2  0  0 -1 -4  1  1 -2  2 -3 -3  3 -1 -4 -3  1  2 -5 -3 -2   23   2   3   1   0   7  11   1   7   0   1  21   1   0   0   7  14   0   0   1  0.42 0.21
  117 S    1 -3  0  0 -3 -1  2 -3 -2 -2  0 -2  2 -1 -3  3  0 -4 -1 -1   13   0   4   3   0   1  17   0   0   1  11   0   6   3   0  32   2   0   2   4  0.34 0.21
  118 C   -1 -3 -6 -6 10 -5 -6 -6 -6 -4  0 -2 -4 -5 -6 -3 -2 -6 -6 -3    6   2   0   0  78   0   0   0   0   0   8   2   0   0   0   1   2   0   0   1  2.51 0.60
  119 K   -1  1  0 -1 -5  3  2 -2 -2 -4 -2  5 -3 -5 -3 -1 -2 -1 -4 -4    5   5   4   2   0  13  11   2   0   0   3  51   0   0   0   2   1   1   0   0  0.84 0.31
  120 Q   -1  1  1  2 -5  5  1 -3 -2 -5 -4  3 -3 -5 -3 -1 -2 -5 -4 -4    4   5   6  12   0  39   8   1   0   0   1  19   0   0   0   4   1   0   0   0  0.84 0.32
  121 Y   -4 -4 -5 -6 -4 -4 -5 -6 -3  1  4 -4  4  1 -5 -4 -3  2  4 -1    0   0   0   0   0   0   0   0   0   7  50   0  14   3   0   0   0   3  22   1  1.04 0.35
  122 G   -1 -2  0 -2 -6 -4 -4  6 -4 -7 -6 -2 -5 -6 -5 -1 -4 -6 -6 -6    2   2   3   2   0   0   0  84   0   0   0   2   0   0   0   5   0   0   0   0  1.81 0.47
  123 I   -4 -6 -6 -7 -4 -5 -6 -7 -6  7  1 -5 -1 -3 -6 -5 -3 -5 -4  1    0   0   0   0   0   0   0   0   0  83  12   0   0   0   0   0   0   0   0   4  1.74 0.50
  124 T    0 -2  1 -2 -2 -2 -2 -2 -2 -1 -2 -2 -1 -3 -2  2  4 -4 -3  1    4   0   8   0   0   0   0   0   0   0   0   0   0   0   0  21  48   0   0  18  0.56 0.12

                      K         Lambda
Standard Ungapped    0.1768     0.3433
Standard Gapped      0.1100     0.3190
PSI Ungapped         0.1768     0.3433
PSI Gapped           0.1100     0.3190
