
Last position-specific scoring matrix computed, weighted observed percentages rounded down, information per position, and relative weight of gapless real matches to pseudocounts
           A  R  N  D  C  Q  E  G  H  I  L  K  M  F  P  S  T  W  Y  V   A   R   N   D   C   Q   E   G   H   I   L   K   M   F   P   S   T   W   Y   V
    1 M   -2 -3 -4 -5 -3 -1 -3 -4 -3  1  2 -3  7 -1 -4 -3 -2 -2 -2  0    0   0   0   0   0   0   0   0   0   8   7   0  85   0   0   0   0   0   0   0  1.16 0.15
    2 T    1 -1 -1 -2 -2  0 -1 -2 -2  0 -1  0  1 -2 -2  0  4 -4 -2  1   17   0   0   0   0   3   0   0   0   7   2   7   6   0   0   1  48   0   0   9  0.40 0.07
    3 L   -2 -3 -4 -5 -2 -3 -4 -5 -4  1  5 -3  2  0 -4 -3 -2 -3 -2  0    0   0   0   0   0   0   0   0   0   0 100   0   0   0   0   0   0   0   0   0  0.97 0.11
    4 N   -1 -1  5  0 -3 -1 -1  0 -1 -3 -3 -1 -2 -4 -3  2  2 -4 -3 -3    0   0  56   0   0   0   0   7   0   0   0   0   0   0   0  14  23   0   0   0  0.80 0.09
    5 M   -2 -3 -4 -5 -3 -2 -3 -4 -3  2  1 -3  7 -1 -4 -3 -2 -3 -2  1    0   0   0   0   0   0   0   0   0   9   2   0  78   0   0   0   0   0   0  11  1.11 0.17
    6 K   -2  2  2 -1  0  1  0 -2  1 -4 -4  5 -2 -4 -2  0 -1 -4 -3 -3    0   6  13   0   3   4   0   0   4   0   0  65   0   0   0   3   2   0   0   0  0.81 0.13
    7 N   -2 -2  6  0 -3 -1 -2 -2 -1 -3 -4 -1 -3 -4 -3  0  3 -5 -3 -3    0   0  70   0   0   0   0   0   0   0   0   0   0   0   0   0  30   0   0   0  1.22 0.17
    8 Y   -3 -3 -3 -4  1  2 -3 -5  0 -3 -2 -3 -2  3 -4 -3 -3  0  7 -3    0   0   0   0   5  13   0   0   0   0   0   0   0  11   0   0   0   0  71   0  1.35 0.17
    9 K   -2  2 -1 -2 -4  1 -1 -3  0 -3 -2  5 -2 -4 -2 -2 -2 -4 -3 -1    0   7   0   0   0   3   0   0   3   0   4  79   0   0   0   0   0   0   0   4  1.02 0.18
   10 G   -1 -3 -1  1 -4 -3 -2  6 -3 -5 -5 -3 -4 -5 -3  0 -2 -5 -5 -4    0   0   0  11   0   0   0  82   0   0   0   0   0   0   0   7   0   0   0   0  1.38 0.17
   11 Y   -3 -3 -3 -4 -4 -3 -4 -5  3 -2  0 -3 -1  5 -4 -3 -3  0  6 -2    0   0   0   0   0   0   0   0   9   0   8   0   0  41   0   0   0   0  42   0  1.18 0.17
   12 E    0 -2  3  4 -4  0  3  0 -1 -4 -4 -1 -3 -4 -2  1 -1 -5 -3 -3   10   0  25  27   0   0  23   4   0   0   0   0   0   0   0  11   0   0   0   0  0.66 0.10
   13 K   -2  1 -1 -2 -4  0 -1 -1 -2 -2  0  5 -1 -3 -2 -2 -2 -4 -3  0    0   4   0   0   0   0   0   5   0   0  11  70   0   0   0   0   0   0   0  10  0.73 0.15
   14 K   -2  1 -2 -2 -4  0 -1 -4  0 -1  1  4  3 -1 -3 -1 -2 -4 -1 -2    0   5   0   2   0   3   2   0   2   4  13  51  14   2   0   2   0   0   2   0  0.61 0.19
   15 P    0 -3  2 -3 -4  0 -2 -3 -3 -4 -4 -2 -3 -5  6 -1  2 -5 -4 -3    9   0  14   0   0   5   0   0   0   0   0   0   0   0  59   0  14   0   0   0  1.59 0.27
   16 Y   -3 -4  1 -4 -4 -3 -4 -5 -1 -2  1 -4 -2  4 -5 -3 -3  0  7 -3    0   0   8   0   0   0   0   0   0   0  15   0   0  20   0   0   0   0  57   0  1.29 0.24
   17 C   -2 -5 -4 -5  9 -4 -5 -5 -5 -2  1 -4 -2 -3 -5  1 -2 -5 -4 -2    0   0   0   0  71   0   0   0   0   0  17   0   0   0   0  12   0   0   0   0  1.82 0.35
   18 N   -1  0  4  1 -4  1  1 -2  4 -3 -3  0  0 -3 -3  0  0 -4 -2 -2    3   3  32   8   0   4  10   0  18   0   0   5   3   0   0   6   5   0   0   3  0.56 0.15
   19 A    1  1 -2 -3 -2 -1 -2 -2 -2  0  1 -1  2 -2  2  1  1 -3 -2  1   13  12   0   0   0   0   0   0   0   0  12   0  12   0  12  12  12   0   0  12  0.27 0.10
   20 H   -3 -1 -1 -2 -5  0  1 -4  8  1 -3  1 -3 -3 -4 -2 -3 -4  1 -3    0   0   0   0   0   1   9   0  65  11   0  10   0   0   0   0   0   0   4   0  1.37 0.30
   21 Y   -3 -3  2 -3  2 -3 -3 -4 -1  2 -1 -3  2  0 -4 -2 -2 -1  6 -1    0   0  15   0   5   0   0   0   0  17   0   0   9   0   0   2   1   0  48   2  0.81 0.22
   22 P    0 -1 -3 -2 -4 -2  2 -3 -3 -4 -4 -1 -4 -5  6  0 -2 -5 -4 -4    9   2   0   0   0   0  15   0   0   0   0   3   0   0  63   8   0   0   0   0  1.68 0.32
   23 K   -2  0 -1 -2 -4  2  2 -2 -1 -3 -1  5 -2 -4 -3 -1  0 -5 -3 -3    0   0   0   0   0   7  12   2   1   0   8  60   0   0   0   2   7   0   0   1  0.80 0.27
   24 Q    1 -1  1  1 -3  2 -1  1  2 -3 -2  0 -2 -2 -2  1  2 -3  1 -2   12   0   5  10   0  12   0  12   8   0   4   3   0   0   0   7  19   0   8   1  0.25 0.12
   25 S   -1  1  1 -2 -4  2 -1 -3 -2 -3 -3  4  0 -4 -2  2  0 -4 -3 -1    3   4   5   0   0   9   0   0   0   0   0  45   4   0   0  22   5   0   0   4  0.62 0.23
   26 F    1 -3 -3 -4 -3 -3 -3 -3  1 -1 -1  0 -1  5  0 -2 -2 -1  3  1   14   0   0   0   0   0   0   1   3   2   4   8   0  38   4   0   0   0  13  12  0.55 0.21
   27 T   -1 -2 -2 -3 -3 -2 -2 -3  1 -2 -3  1 -1 -4 -3  1  5 -5 -3  0    3   0   0   0   0   0   0   0   4   0   0   8   1   0   0   8  68   0   0   7  1.00 0.34
   28 M    0 -2 -2 -3 -1  0 -2 -3 -3  0  1 -2  3 -1  2  2  2 -3 -3  1    7   0   0   0   1   4   0   0   0   4  13   0  15   1   9  18  18   0   0  11  0.31 0.15
   29 V   -1 -3 -4 -4 -2 -3 -3 -4 -4  1  0 -3  1 -2  1 -3 -2 -4 -3  5    3   0   0   0   0   0   1   1   0   5   4   0   4   0   7   1   0   0   0  73  0.92 0.29
   30 A    3 -2 -2 -3 -2 -1 -2 -2 -2 -1  0 -2 -1 -1  0  1  2  1 -2  1   34   0   0   0   0   2   1   1   0   2  10   0   1   3   4  10  16   3   0  13  0.29 0.14
   31 D   -3 -2 -1  6 -4  1  2 -3 -2 -3 -4 -2 -3 -2  1 -1 -2 -5 -4 -3    1   0   0  61   0   5  15   1   0   2   1   0   0   2   7   2   0   0   0   2  1.13 0.29
   32 T   -1 -1 -2 -2 -3 -2 -1 -3 -3 -1 -3 -2 -2 -3  0  1  6 -4 -3 -2    1   3   0   0   0   0   4   1   0   3   1   0   0   0   3   7  75   0   0   0  1.15 0.36
   33 P   -2 -4 -4 -4 -4 -3 -3 -4 -4 -4 -3 -3 -4 -1  7 -3 -3 -5 -4 -2    1   0   0   0   0   0   0   1   0   0   2   0   0   3  86   1   0   0   0   3  2.51 0.47
   34 E   -2  0 -2  1 -5  2  5 -4 -2 -1 -2 -1 -3 -4 -3 -2 -2 -5 -4  0    0   4   0   7   0   7  65   0   0   3   4   0   0   0   0   0   0   0   0   9  1.05 0.34
   35 N   -2 -2  4 -2 -3 -1 -2 -3  3  1  2 -2  4 -1 -3 -1 -1 -3  0 -1    2   0  27   0   0   2   0   0   9  11  20   0  19   2   0   2   2   0   3   0  0.48 0.22
   36 L   -1  1 -2 -3 -3  1  1 -4 -2  0  2  1  2  0 -3 -2 -2 -3  0 -1    3   9   0   0   0   6  11   0   0   3  35  13   9   3   0   0   1   0   4   2  0.30 0.15
   37 R   -1  6  0 -3 -5  1  0 -4  3 -4 -2  1 -3 -4 -3 -2  1 -5 -3 -4    6  57   5   0   0   6   4   0   7   0   3   3   0   0   0   0  10   0   0   0  1.00 0.33
   38 L    2 -3 -3 -4 -2 -3 -3 -3 -3  1  2 -3  0  1 -3  0  0 -3 -2  2   28   0   0   0   0   0   0   0   0   7  25   0   0   7   0   5   5   0   0  23  0.42 0.20
   39 K    1  2 -2 -3  1  1 -1 -3  1 -3 -3  4  2 -4 -3 -1  0 -4 -3 -3   15  14   0   0   5   4   0   0   5   0   0  41   9   0   0   2   6   0   0   0  0.65 0.28
   40 Q    0  2  0 -1  2  3  2 -3  1 -1 -3  3 -2 -4 -3 -1 -1 -4 -3 -1    6   9   2   1   7  17  19   0   4   5   0  22   0   0   0   0   2   0   0   5  0.48 0.21
   41 Q    2  0  4 -1 -4  3  0  0  2 -2 -3 -1 -2 -4 -3  0  0 -4 -3 -1   20   5  32   0   0  16   4   6   5   1   2   0   0   0   0   2   4   0   0   5  0.50 0.24
   42 S    0 -2  1 -2 -3  3 -1  0 -2 -3 -3 -2 -2 -3 -3  3  3 -4  0  0    7   0   7   0   0  17   0   7   0   0   0   0   0   0   0  27  26   0   4   7  0.51 0.25
   43 E   -1  1  0  2 -4  1  2 -3  0  0 -1  3  0 -3 -3  0 -1 -4 -3 -1    2   5   2  11   0   6  18   0   2   7   8  25   2   0   0   4   2   0   0   4  0.33 0.17
   44 L    0 -1  2 -2 -3  1 -2 -3 -2  1  2  0  1  0 -3 -2 -1 -3 -2  0    7   3  16   0   0   8   0   0   0  12  32   6   4   3   0   0   3   0   0   5  0.25 0.15
   45 Q   -1  1  0 -3 -3  4 -1 -4 -1  2  0 -1  1  0 -3 -1 -1 -3  0  0    3   8   5   0   0  34   0   0   0  16  10   0   3   5   0   3   3   0   4   7  0.38 0.20
   46 S   -1  2  2 -1 -2  0 -1 -1 -1 -1  0  0  0 -2 -1  1  2 -3 -2 -1    1  18  17   1   0   1   1   1   0   1  18   1   0   1   1  18  18   0   1   1  0.22 0.04
   47 Q    0  1  1  1 -3  1  1 -3  2 -2 -1  1  1 -3  1  0  0 -4 -2  0    7   7   7   7   0   7   7   0   7   0   7   7   7   0   7   7   7   0   0   7  0.18 0.14
   48 V    0  1  1 -2 -2 -1 -1 -2 -2  1  0  1  2 -2 -2  1  1 -3 -2  1   10  10   9   0   0   0   1   1   0  10  10  10   9   0   0  10  10   0   0  10  0.13 0.09
   49 R   -1  1  1 -2  1  1  0 -3  1  0  0  4  1 -3 -2  0  0 -4 -3  0    4   5   6   0   4   6   4   1   4   4   9  34   4   0   0   4   5   0   0   5  0.31 0.20
   50 Y   -4  0 -1 -5 -5 -4 -5 -5 -1  0  0 -4 -2  0 -5 -4 -4  5  7 -1    0   5   4   0   0   0   0   0   0   6   9   0   0   0   0   0   0  11  62   4  1.51 0.44
   51 K    1  2  1 -2 -4  3 -1 -3  4 -4 -4  3 -3 -4 -3  0  1 -4 -2 -3   11  10   9   0   0  14   0   0  17   0   0  24   0   0   0   5  10   0   0   0  0.61 0.25
   52 E    1  0  1  1  1  0  2 -2 -2 -2  0  1  0 -3 -2  1 -1 -4 -3 -2   13   5   8   9   4   3  19   0   0   0  13  12   2   0   0   8   2   0   0   0  0.25 0.15
   53 E    0 -2  0  4  2  0  2  0  0 -4 -4  0 -3  0 -3  1 -2 -5 -3 -4    7   0   4  32   6   3  18   7   2   0   0   4   0   5   0  13   0   0   0   0  0.55 0.23
   54 F   -1 -2 -4 -4  3 -1 -4 -1  0 -2  0 -3  2  5 -4 -3 -3  3  4 -1    5   2   0   0   8   3   0   6   3   0   5   0   8  33   0   0   0   5  17   4  0.64 0.27
   55 E   -2  2  0 -1 -5  1  4  1  0 -4 -4  1 -1 -4  0 -1 -2 -4 -1 -2    0  15   4   0   0   6  41  10   2   0   0   8   2   0   4   3   0   0   2   2  0.61 0.26
   56 K    0  1  0 -2 -4  2  1 -3 -2 -2 -2  4 -1 -4  1  1 -1 -4 -3 -2    7   7   3   0   0   8   8   0   0   2   2  40   2   0   7  12   0   0   0   2  0.54 0.25
   57 N    0  0  2  0 -3  2  0  1 -1 -1 -1 -1  2 -3 -3  1  1 -3 -3 -1    5   4  16   3   0  13   6  14   0   3   4   0   9   0   0  10   8   0   0   4  0.23 0.14
   58 K    0  3 -2 -3 -4  0 -1 -2 -2 -1  0  5 -2 -3 -3 -2 -2 -4 -3 -1    9  19   0   0   0   2   0   2   0   4   9  47   0   0   0   0   0   0   0   5  0.68 0.29
   59 G    0 -3 -1 -1  0  1 -2  4 -3 -2 -1 -2 -3 -1 -1  2 -1 -4 -3 -3    5   0   2   2   2   6   0  49   0   2   6   1   0   3   2  16   2   0   0   0  0.64 0.25
   60 K   -1  3 -1 -2  2  0 -1  1  2 -3 -1  4 -1 -3 -2  0  0 -4 -3 -3    1  15   2   0   6   3   1  10   5   0   5  35   1   0   0   7   4   0   0   1  0.44 0.21
   61 G    0  0  1 -1 -3 -1 -1  4  0 -3 -3  2 -2 -3  1  0 -1 -3 -1 -1    4   3   7   2   0   2   3  36   2   1   1  14   0   1   6   7   3   0   2   4  0.40 0.15
   62 F    0 -3 -3 -4  1 -3 -3 -3  0  1 -1 -2 -1  4 -3  0  0  3  4  0   10   0   0   0   3   0   0   0   2  11   4   2   1  21   0   6   4   4  22   6  0.45 0.20
   63 S    2 -2 -2 -2 -3  0 -1 -1 -1 -3 -3 -1 -2  1 -2  3  4 -4 -3 -2   18   0   0   1   0   3   3   3   1   0   0   4   0   6   1  28  32   0   0   1  0.58 0.29
   64 V    0 -2 -2 -2 -2  1  0 -2 -2  1  0 -1  0  0  1  0  1 -2  0  2    8   0   0   0   0  12   4   2   0  11   8   1   2   6   8   7  11   0   3  18  0.15 0.10
   65 V    1 -4 -4 -4 -3 -3 -3 -2 -4  3  0 -3  0 -2 -1 -1  1 -4 -3  4   10   0   0   0   0   0   0   3   0  20   8   0   2   0   2   3   7   0   0  44  0.57 0.24
   66 A    3 -2 -2 -2 -2  0 -2  0  1 -1  0 -1  2 -2 -2  1  1 -3 -1  0   32   0   0   0   0   3   1   8   5   1  13   4   8   0   0   9   9   0   2   4  0.22 0.14
   67 D   -4 -3  0  7 -6  0  0 -4 -3  0 -5  1 -5 -5 -4 -3 -3 -7 -5 -4    0   0   1  79   0   3   3   0   0   6   0   8   0   0   0   0   0   0   0   0  1.74 0.49
   68 T   -2 -3  0  3 -4 -2 -2 -1 -3 -3 -4 -1 -3 -4 -3  0  5 -6 -4 -3    0   0   3  23   0   0   0   5   0   0   0   3   0   0   0   5  61   0   0   0  1.13 0.42
   69 P   -2 -3 -4 -4 -5 -3 -3 -5 -4 -4 -4  0 -4 -5  7 -3 -3 -6 -5  0    1   0   0   0   0   0   0   0   0   0   0   7   0   0  83   0   0   0   0   6  2.48 0.56
   70 E    0 -2 -1  0 -4  1  5 -2  0 -2 -2 -1  2 -4 -3  0 -1 -5 -4 -2    8   0   2   2   0   5  56   1   2   2   2   0   7   0   0   8   2   0   0   3  0.80 0.32
   71 L   -2 -2 -1 -4 -3 -1 -3 -4 -1  2  2 -3  4  0 -4 -1  2 -2  3  0    0   1   4   0   0   2   0   0   1  11  21   0  21   3   0   3  15   0  12   6  0.45 0.22
   72 Q   -1  3 -2 -2 -4  4  2 -1 -1 -1  0  0  0 -3 -1 -1 -2 -4 -3 -1    3  23   0   1   0  27  12   5   1   3  13   1   2   0   3   1   1   0   0   3  0.46 0.23
   73 R   -3  6 -2 -4  2  1 -2 -4  4  0 -4  0 -3 -4 -1  0  0 -5 -3 -3    0  58   0   0   5   5   0   0  12   6   0   0   0   0   3   5   5   0   0   0  1.11 0.40
   74 I    2 -3 -4 -4  0 -3 -3 -3  0  2  2 -3  1 -2 -3 -2 -1 -4 -3  2   28   0   0   0   2   0   0   0   4  17  19   0   4   0   0   0   3   0   0  23  0.45 0.21
   75 K   -2  4 -2 -3 -5  1 -1 -4 -2 -3  0  5 -2 -4 -3  0 -1 -5 -4 -2    0  22   0   0   0   5   0   0   0   0   9  52   0   0   0   5   4   0   0   2  0.94 0.34
   76 K   -1  3  0 -2 -4  3  2 -3 -2 -1 -3  4 -1 -4 -3 -1 -1 -5 -4 -3    4  16   3   0   0  21  12   0   0   5   0  32   1   0   0   3   3   0   0   0  0.72 0.27
   77 T    2 -3  3 -2 -3 -1 -2 -2 -2 -2 -1 -2 -1 -3 -3  2  3 -5 -3  1   19   0  20   0   0   1   0   0   0   0   3   0   1   0   0  18  23   0   0  15  0.51 0.25
   78 Q    0 -1  1 -2 -4  4 -1  0 -1 -3 -3  1  0  0 -3  2  2 -4 -3 -3    5   2   5   0   0  34   0   7   1   0   0   7   3   5   0  16  14   0   0   0  0.54 0.26
   79 D   -2  1  2  3 -5  2  2 -3 -1 -4 -4  3 -3 -4  0 -1 -1 -1 -2 -3    1   5  10  20   0  12  16   1   1   0   0  23   0   0   5   1   1   1   1   2  0.61 0.22
   80 Q   -1  0  3 -1 -3  3 -1 -3  2  2  1 -1  0 -2 -3 -2  0 -4 -2 -1    4   3  18   1   0  20   0   0   6  16  20   2   1   1   0   0   5   0   0   2  0.33 0.20
   81 I    1  0 -3 -4 -3  1 -2 -3 -3  4  1 -2  0  0 -3 -2  0 -3 -2  1   19   4   0   0   0   9   0   0   0  35  14   0   0   4   0   0   5   0   0   9  0.38 0.20
   82 S    0 -2 -1 -1 -2 -1 -1 -2 -2 -3 -3 -1 -2 -3  6  3  0 -4 -3 -2    0   0   0   0   0   0   0   0   0   0   0   0   0   0  50  50   0   0   0   0  1.24 0.00
   83 N   -1 -1  2  0 -4  1  0 -1  1 -3 -1 -1  1 -1 -4 -1  0 -2  5 -1    4   4  14   5   0   6   5   5   4   0   4   4   5   0   0   4   5   0  28   4  0.41 0.17
   84 I    1 -2  2 -2 -2  2 -1 -2 -2  1  1 -1  0 -2 -2  0  1 -3 -2  1   14   0  14   0   0  14   0   0   0  14  14   0   0   0   0   0  14   0   0  14  0.19 0.07
   85 K    0  1  0 -2 -4  2  0  0  4 -2 -2  3  0 -1 -3  0  0 -4 -2 -1    5   3   3   0   0  10   4   6  14   2   3  30   2   3   0   7   5   0   0   3  0.34 0.15
   86 Y   -3 -4 -3 -5  3 -3 -4 -5  4 -3 -3 -4 -3  0  1 -3  0 -1  7 -4    0   0   0   0   7   0   0   0  13   0   0   0   0   0   8   0   7   0  65   0  1.59 0.40
   87 H   -1  1 -2 -3 -5  0  1 -4  7  0 -3  2 -3 -3 -3 -1  0 -4 -1 -3    3   8   0   0   0   3   8   0  48   8   0  12   0   0   0   3   6   0   0   0  1.02 0.31
   88 E    0 -1  1  0 -4  1  3  2  3 -4 -2  0 -1 -3 -3 -1 -1 -4  0 -3    7   3   8   4   0   6  24  21   9   0   3   5   2   0   0   3   2   0   3   0  0.40 0.18
   89 E   -1 -1  1  4 -4  1  3 -2  1 -2 -2 -1 -3  1 -3 -2  0 -4 -3 -1    5   2   5  35   0   5  20   2   3   2   2   2   0   7   0   0   5   0   0   4  0.56 0.23
   90 F   -2 -1 -3 -4 -4 -3 -3  0  2  0  0 -2  0  4 -4 -3 -1  1  4  0    3   4   0   0   0   0   0   8   6   4  11   2   2  29   0   0   3   2  22   6  0.58 0.24
   91 E   -1 -2  2  2 -4  1  5 -2  0 -3 -2  1 -1 -4 -3 -2 -2 -4 -4 -2    4   0  10  10   0   5  49   2   2   0   3   8   1   0   0   0   0   0   0   4  0.77 0.28
   92 K   -2  3  0 -2 -4  1  1 -1  1 -3 -3  4 -2 -4 -3 -1  0 -4 -3 -1    0  18   3   0   0   3   9   4   4   0   0  42   0   0   0   0   7   0   0   6  0.64 0.25
   93 S    1  0  1 -1 -3  0  1  0  0 -3 -2  1  1 -3 -2  2  1 -4 -3 -2   17   4   8   0   0   2  12   6   2   0   1   9   8   0   0  23   6   0   0   0  0.30 0.15
   94 R   -1  3 -2 -3 -4  1 -1 -1 -2 -1 -3  4  1 -3 -3 -1 -1 -4  0 -1    5  23   0   0   0   4   0   4   0   4   0  43   5   0   0   1   3   0   4   4  0.64 0.26
   95 M   -1  2 -2  0 -3 -1  1 -1 -2  0  1  1  3  1 -2 -1 -1 -3 -2 -1    4  13   0   5   0   0  12   5   0   5  14  12  16   7   0   1   2   0   0   1  0.17 0.11
   96 G    1  0 -2 -2 -3 -2 -2  5  0 -3 -2 -1  0 -3 -3 -1  0 -4 -3 -2   17   5   0   0   0   0   0  54   3   0   5   2   3   0   0   2   6   0   0   0  0.68 0.19
   97 P    0  0 -2 -2  1 -1  0  0  1 -2 -3  1 -2 -3  4  0  0 -3 -1 -1    6   3   0   0   4   0   4   9   6   0   1  14   0   0  27   8   6   0   2   6  0.48 0.14
   98 S    0 -1 -1  1 -2  1  0  1 -1 -1 -2  0 -1  0 -2  2  2 -3  0  1    7   0   0   8   0   8   5   9   0   0   1   6   0   4   0  18  15   0   4  14  0.16 0.10
   99 G    1 -1 -1  0  0 -1 -1  2 -2 -1 -2 -1 -2 -2  2  1  2 -3  1 -1   15   2   0   6   2   0   3  16   0   2   1   3   0   0   9  12  17   0   6   5  0.22 0.09
  100 G    2  0 -1 -1  1  0 -2  1 -2 -2 -3 -1  0 -3  2  2  2 -4 -3 -1   23   4   0   2   4   4   0  12   0   0   0   0   3   0   9  20  13   0   0   5  0.35 0.15
  101 E   -1  0 -2  2 -4  0  4 -3 -2 -2 -3  1 -3 -4  3 -2 -2 -5 -4  1    3   5   0  10   0   0  40   0   0   0   0  12   0   0  15   0   0   0   0  15  0.66 0.23
  102 G    1 -2  1 -2 -1 -1  1  3 -2 -2 -1 -2  0 -3  0 -1  1 -4 -3  0   10   0   8   0   1   0  13  26   0   0   7   0   4   0   5   0  14   0   0  10  0.26 0.13
  103 V    0 -1 -2  1 -2  0  0 -3 -3  2  0 -2  1 -2 -1 -1  0 -4 -3  3   10   3   0  12   0   5   5   0   0  10   7   0   3   0   2   3   3   0   0  39  0.27 0.15
  104 E   -2  2 -1  3  1  1  3 -3 -2 -3 -2 -1 -2 -4 -1 -1  1 -4 -3 -1    0  12   0  19   5   7  31   0   0   0   5   0   0   0   3   2  10   0   0   5  0.46 0.17
  105 P   -2  2  1 -2 -4 -1 -1 -1  1  0  0 -1  0 -3  5 -1 -2 -4 -3 -1    0  15   8   0   0   0   4   3   5   5  10   0   3   0  38   2   0   0   0   5  0.74 0.20
  106 E   -2  1  0  1 -3  2  3 -3 -1  0 -2  1 -2 -3 -2 -1  0 -4 -3  2    0   8   4   8   0  11  29   0   0   3   0   8   0   0   0   0   5   0   0  23  0.40 0.16
  107 R   -1  4  0  1 -4  0  1 -3 -1 -2 -1  2 -2 -1 -3 -1  1 -4 -3 -1    3  36   3   8   0   0  12   0   0   0   5  10   0   4   0   0  14   0   0   4  0.45 0.17
  108 R    0  3  2 -2  2  1  1 -3 -1 -2 -1  2 -2 -3 -3 -1  0 -4 -3  0    6  23  12   0   6   6   9   0   0   0   7  20   0   0   0   0   4   0   0   8  0.35 0.16
  109 E   -2  3  3  0 -4  3  0 -3  2 -3 -3  1 -2 -4  0  0  0 -4 -3 -1    0  19  17   5   0  21   3   0   6   0   0   8   0   0   5   4   5   0   0   6  0.48 0.19
  110 A    2  0 -2 -3 -2  0 -1  1 -2  0  1 -1  2 -2 -2  1  1 -3 -3  1   21   7   0   0   0   3   3  10   0   0  12   0   9   0   0   9   8   0   0  18  0.18 0.13
  111 Q   -2  1  1 -2 -4  5  1 -3  2 -3 -3  1  1 -3 -3  0 -2 -3  1 -1    0   8   7   0   0  43   8   0   4   0   0   6   5   0   0   7   0   0   6   6  0.65 0.28
  112 D   -2  0  2  4 -4 -1  0  1 -2 -3 -3  1 -3  0 -3  1 -1 -4 -3  0    0   3   9  31   0   0   5  13   0   0   0  11   0   6   0  14   0   0   0   9  0.42 0.19
  113 S   -1 -2  2  0  1 -1  1  1  1 -1 -2 -2 -2  0 -1  3  0 -4 -2 -1    0   0  11   4   4   0  14  10   4   5   3   0   0   6   2  30   5   0   0   3  0.25 0.16
  114 S    0 -1  2 -1 -3  2  1  0 -2 -1 -3  0 -2 -4  0  3  2 -4 -3 -2    4   0  10   0   0  11   8   7   0   5   0   4   0   0   4  27  19   0   0   0  0.39 0.19
  115 S    1  1  1 -2 -3  1 -1  1  0 -2 -1  1 -1 -3  1  1  0 -3 -1 -1   14   6   8   0   0   9   0  13   3   0   9   8   0   0   5  15   2   0   2   5  0.18 0.10
  116 Y    0 -3 -2  0 -3  0  0  0 -1 -1 -1 -2 -2  2 -1 -2 -2 -1  5  0    7   0   0   6   0   6   5   8   0   3   6   0   0   7   3   0   0   0  38   9  0.46 0.22
  117 R    0  3  2 -2 -3  1 -1 -1 -1 -2 -1  2 -2 -2  1 -1 -1 -3  1  0    6  25  12   0   0   4   0   5   0   0   6  17   0   0   5   3   0   0   6   9  0.30 0.15
  118 R   -1  4 -1  0 -4  1  2 -3 -1 -3 -3  2 -2 -3 -2  1  1 -3  0 -3    0  31   0   6   0   6  12   0   0   0   0  15   0   0   0  15   8   0   4   0  0.55 0.22
  119 P    1 -2 -2  1 -3  0  0 -1 -3 -2 -3  0 -2 -4  5  0 -2 -5 -4  1   17   0   0   9   0   4   6   5   0   0   0   4   0   0  35   6   0   0   0  14  0.71 0.23
  120 T    1 -2  0 -2  2 -1  0 -1 -2  1  0 -2 -1  0  1  0  1  2 -2  1   20   0   6   0   6   1   6   5   0   8   9   0   0   5   6   3  11   4   0  10  0.11 0.09
  121 E    0 -1  1  1 -4  1  3  0  2 -3 -2  1 -2 -4  1  0 -2 -4 -3 -3    9   0   6   9   0   4  27   8   6   0   5  12   0   0   8   5   0   0   0   0  0.39 0.16
  122 Q    1 -1  0 -2 -4  4  1  1  2 -1 -3  0 -2 -3  1 -1 -2 -3  2 -3   12   0   4   0   0  36   6  11   5   4   0   4   0   0   6   3   0   0   9   0  0.49 0.24
  123 Q   -2 -1  1 -2 -4  4 -1 -3  4 -3 -2  2  1  1  1  1 -1 -3 -2 -1    0   0   6   0   0  25   0   0  14   0   0  13   6   7   7  15   0   0   0   5  0.46 0.24
  124 Q    0  2 -1 -1 -3  2 -1  1  0 -2 -1  0  1  0  0  0 -1  3 -1 -2   10  17   0   4   0  12   0  13   2   0   6   5   7   6   4   6   0   6   0   0  0.20 0.12
  125 P    1  0 -2 -3 -3 -1 -2  2 -3  0 -2 -2  1 -3  5 -1 -2 -4 -3  0   10   6   0   0   0   2   0  17   0   6   1   0   6   0  37   4   0   0   0  10  0.73 0.21
  126 Q    0  0 -1 -2 -3  3  1 -3  2 -2 -2  1 -2 -3 -2 -1  3  3 -2 -1    7   5   0   0   0  22  11   0   7   0   4   6   0   0   0   0  27   6   0   5  0.44 0.21
  127 P    1 -3 -2 -3 -3  0 -2  2 -3  0 -1 -2 -2 -3  4 -1  1 -4 -3  1   11   0   0   0   0   4   0  21   0   5   6   0   0   0  29   2  11   0   0  11  0.60 0.19
  128 H   -2  0 -2  0 -4 -1 -2 -4  6  0 -1  0 -2 -1 -4 -1 -2 -2  4  1    0   5   0   5   0   0   0   0  32   5   5   5   0   0   0   6   0   0  21  16  0.61 0.26
  129 H    2  1 -1 -2 -3  1 -1 -1  3  0 -2 -1 -2  0  2  2  0 -4 -1 -1   19  11   0   0   0   6   0   4  14   7   0   0   0   6  10  17   5   0   0   2  0.29 0.16
  130 I    0  0  0  0 -3  0 -2 -3 -3  1  1 -2 -1 -2  3  0 -1 -4 -3  2   10   5   5   5   0   4   0   0   0  11  16   0   0   0  20   6   0   0   0  18  0.33 0.14
  131 P    0  0 -3 -3 -4  2 -1 -4 -3  0 -4 -2 -3 -5  7 -2 -3 -5 -4 -3    9   6   0   0   0  11   3   0   0   7   0   0   0   0  65   0   0   0   0   0  1.70 0.40
  132 T    1 -2  1 -2 -2 -2 -2 -1  0  1 -1 -2  2 -2  1  1  1 -3  0  1   12   0   8   0   0   0   0   4   3  12   0   0   8   0   5  11  14   0   4  16  0.17 0.11
  133 S    1 -2  1  3 -3  0 -1  0 -2  0 -2 -2 -2 -3 -2  2  1 -4 -3  1    9   0   5  24   0   4   0   7   0   6   0   0   0   0   0  25   6   0   0  13  0.33 0.15
  134 A    2 -2  1 -2 -2  1  0  1 -2 -3 -3 -1 -2 -3  1  1  2 -4 -3 -2   29   0   5   0   0   9   6  11   0   0   0   0   0   0   5  10  21   0   0   0  0.40 0.17
  135 P   -2  0 -3 -3 -5 -2  0 -1 -3 -4 -4  1 -4 -5  6 -1 -2 -6 -5 -1    0   6   0   0   0   0   5   4   0   0   0  12   0   0  64   5   0   0   0   4  1.65 0.38
  136 V    1  0 -2 -3 -2  0  0  0  1  1  0 -2 -1 -2  0 -1 -1 -4 -2  3   10   7   0   0   0   4   5   8   6   6   6   0   0   0   5   4   0   0   0  38  0.20 0.14
  137 Y   -2 -2 -3 -3 -3  0 -3 -4  1  1  2 -2  0  2 -3  0  0 -1  4 -1    0   0   0   0   0   5   0   0   3  13  26   0   0  12   0   7   5   0  26   0  0.41 0.16
  138 Q    0  1 -1 -2 -4  4  0 -3 -1 -3 -3  2 -2 -4  4  0 -1 -4 -3 -3    5   7   0   0   0  30   0   0   0   0   1  18   0   0  26   6   3   0   0   0  0.82 0.23
  139 Q   -1  1  1 -2 -4  3  1  2  2 -1 -2  0  1 -3  1  0 -1 -4 -3 -2    3  11   6   0   0  25   7  16   6   5   0   0   7   0   7   7   0   0   0   0  0.35 0.15
  140 P    3 -2 -3 -3 -3  1 -2 -2 -3 -2 -3 -2 -2 -4  5  0  0 -4 -3  1   33   0   0   0   0   7   0   0   0   0   0   0   0   0  35   6   6   0   0  13  0.87 0.24
  141 Q    1  1 -1 -2 -3  2 -1 -3 -1 -3 -3  3 -2 -2  0  1 -1 -2  3 -1   11   8   0   0   0  16   0   0   0   0   0  29   0   0   5  11   0   0  15   6  0.44 0.18
  142 Q   -2 -1 -1  0  2  4  2 -1  2 -2 -2  1 -2  0  1  0 -2 -3 -2 -3    0   0   0   6   8  35  10   4   5   3   3   6   0   6   6   7   0   0   0   0  0.42 0.18
  143 Q    0  0  3 -2 -4  4 -1 -3  0 -2 -1 -1 -2 -3  2 -1 -1  2 -3  0    6   4  19   0   0  37   0   0   2   0   5   0   0   0   9   0   3   4   0  11  0.52 0.22
  144 Q   -1  2  1  1 -3  4  0 -1 -1 -3 -3  1 -2 -4  3  0  0 -4 -3 -3    1  10   9   8   0  27   0   5   0   0   2   9   0   0  16   8   4   0   0   0  0.51 0.16
  145 M   -1 -1 -2 -2 -3  2  0 -3  2 -1  0  0  2  1  1 -1 -1  2  1  0    1   0   0   0   0  16   7   0   7   0  10   6   9   8   7   5   2   4   6  11  0.19 0.10
  146 T    0 -1  1 -2  1  2 -1 -2 -2 -1  0 -1  1 -2  2  1  1 -3 -2  0    6   0  11   0   4  13   0   0   0   0   7   0   6   0  12  17  10   0   0  11  0.26 0.11
  147 S    1 -1 -1 -2 -3  4  1 -2 -1 -1 -3 -1 -2 -4  0  3  2 -4 -3 -2   11   0   0   0   0  31   8   0   0   6   0   0   0   0   4  27  14   0   0   0  0.56 0.22
  148 S    0  0 -1 -2 -3  3 -1  2 -2 -4 -3 -1 -2 -4  1  4 -1 -4 -3 -3    1   5   0   0   0  18   0  18   0   0   1   0   0   0   8  45   0   0   0   0  0.62 0.22
  149 Y   -1 -2  1  0 -3  1 -1 -1  2  0 -2 -1 -2  0 -2  2 -1 -1  4  0    1   1   9   7   0   8   1   5   6   5   1   1   0   0   1  20   1   0  26   8  0.29 0.14
  150 G    0  0 -1 -2 -2  0 -1  1  1  0  0 -1 -1  2  1  0 -1 -2  1  0    5   8   1   1   0   3   1  14   6   7   7   1   0  15   7   9   1   0   5   9  0.08 0.05
  151 G   -1 -1 -1 -2 -3  1 -1  4 -2 -3 -3  3  1 -3 -2  1 -1 -4 -3 -3    1   0   0   0   0   6   0  38   0   0   1  31   6   0   0  14   0   0   0   0  0.62 0.20
  152 Y   -3  1 -3 -4 -4 -2 -3 -4  3 -2 -3 -2 -2  1 -4 -3 -3  0  7  0    1   8   0   0   0   0   0   1  10   0   1   0   0   0   0   1   0   0  69   7  1.43 0.35
  153 K   -1  2  1 -2 -3  1 -1 -1 -1 -2 -2  4  2 -3 -2  1 -1 -3 -3 -1    1  11   5   0   0   6   0   4   0   0   1  40  10   0   0  15   0   0   0   5  0.47 0.18
  154 E   -1 -1 -1  1 -4  2  5 -3  3 -3 -3 -1 -2 -3 -2 -1  0 -4 -2  0    5   0   0   5   0   6  55   1  10   0   1   0   0   0   0   1   6   0   0   8  0.76 0.23
  155 P    1 -1 -2 -2 -3  2 -1 -1 -2 -3 -3  1 -2 -4  6  0 -1 -4 -3 -3   10   0   0   0   0  12   1   5   0   0   1   8   0   0  52   7   0   0   0   1  1.22 0.19
  156 A    3 -2 -2 -2 -1 -1 -1 -1 -2 -1  0 -1  1 -2 -1  1  2 -3 -2  1   49   0   0   1   0   0   1   1   0   0   7   1   4   0   0  10  13   0   0  10  0.37 0.11
  157 A    4 -2 -1 -2  2 -1 -1 -1 -2 -2 -2 -1 -2 -3 -1  2  1 -3 -2 -1   56   0   0   1   6   0   1   1   0   0   1   1   0   0   0  22   9   0   0   1  0.56 0.14
  158 P   -1 -2 -2 -3 -3 -2 -2 -3 -3 -1 -2 -2  2 -3  6  0 -1 -4 -3  1    1   0   0   1   0   0   1   1   0   0   1   1  10   0  60   9   1   0   0  13  1.40 0.19
  159 V    1 -2 -1 -2 -2 -1 -1  0 -2  0  0 -1  2 -2 -1  2  0 -2 -2  2   16   1   1   1   0   1   1   7   0   1   7   1   9   1   1  24   1   0   1  27  0.18 0.07
  160 S    0  1  0 -1 -2 -1 -1 -1 -1 -2 -2 -1 -2 -3  3  4  1 -3 -2 -2    1   9   1   1   0   1   1   1   0   1   2   1   0   1  13  57   7   0   1   1  0.59 0.13
  161 I    1  0 -1 -2 -1 -1 -1 -1 -2  1  0 -1  2 -1 -1  1  0 -2 -2  1   17   7   1   1   0   1   2   2   1  11   2   1  15   1   1  16   4   0   1  16  0.14 0.05
  162 Q   -1  2 -1 -1 -2  4  0 -2  0 -2 -1  2  2 -2  2 -1 -1 -2 -2 -2    2  16   1   1   0  32   2   2   1   1   2  12   9   1  11   2   1   0   1   2  0.43 0.08
  163 R   -1  4  0 -1 -2  0 -1 -2  3 -2 -2  0 -2 -2  1  1  1 -2 -1 -2    2  35   1   1   0   1   2   2  13   1   2   1   1   1   8  17   9   0   1   2  0.39 0.07
  164 S    1 -1  2 -1  1  2  0  0 -1 -2 -2  0  0 -2 -1  3  0 -2 -2 -1    9   1  10   1   4  12   2   8   1   1   2   1   4   1   1  36   1   0   1   2  0.27 0.06
  165 A    2 -1 -1 -2 -2  2 -1 -2 -1 -1 -2 -1 -1 -2  4  0  1 -3 -2  0   26   1   1   1   0  17   1   1   0   1   2   1   0   1  23   1  10   0   1  12  0.47 0.08
  166 P   -1 -2 -2 -2 -4 -2 -2 -3 -2 -3 -3  1 -3 -4  7 -2 -2 -4 -3 -3    1   1   0   1   0   0   1   1   0   1   1  12   0   0  79   1   1   0   0   1  2.07 0.21
  167 G    1 -1 -1 -2 -2 -1 -1  2  4 -2 -1 -1 -2 -2  0  2  0 -3 -1 -2   15   1   0   1   0   0   1  20  20   1   7   1   0   0   4  27   1   0   0   1  0.36 0.09
  168 G    2 -2 -1 -2 -2 -1 -1  4 -2 -3 -3 -1 -2 -3  0  2  0 -3 -3 -2   22   1   0   1   0   0   1  41   0   1   1   1   0   0   4  25   1   0   0   1  0.59 0.10
  169 G    2 -2 -1 -2 -3 -2 -1  4  1 -3 -3 -2 -3 -3  1  0 -1 -3 -3 -2   21   1   0   1   0   0   4  55   5   1   1   1   0   0   7   1   1   0   0   1  0.70 0.11
  170 G   -1 -3 -1 -2 -4  0 -2  5 -3 -4 -2 -2 -3 -4 -3  0  0 -4 -4 -3    0   0   0   0   0   7   0  77   0   0   4   0   0   0   0   5   7   0   0   0  1.08 0.17
  171 K   -1  3 -1 -1 -4  0  1 -3 -1 -2  0  3 -1 -3  3 -1 -1 -4 -3 -2    0  17   0   0   0   0  13   0   0   0  14  37   0   0  20   0   0   0   0   0  0.60 0.07
  172 R   -1  5 -1 -2 -3  0 -1 -3 -1 -2 -2  2 -2 -3 -2 -1  2 -4 -3  0    0  60   0   0   0   0   0   0   0   0   0  11   0   0   0   0  17   0   0  13  0.71 0.10
  173 Y   -2 -3 -3 -4 -3 -3 -4 -4  0 -1 -1 -3 -1  4 -4 -3 -2  1  6  1    0   0   0   0   0   0   0   0   0   0   0   0   0  29   0   0   0   0  58  13  1.07 0.12
  174 R   -2  6 -1 -3 -4  0 -1 -3 -1  0 -2  2 -2 -3 -3 -2 -2 -4 -3 -2    0  77   0   0   0   0   0   0   0  11   0  13   0   0   0   0   0   0   0   0  1.02 0.12
  175 A    5 -2 -2 -3 -1 -2 -2 -1 -2 -2 -2 -1 -2 -3 -1  1 -1 -4 -3 -1  100   0   0   0   0   0   0   0   0   0   0   0   0   0   0   0   0   0   0   0  0.93 0.14
  176 V   -1 -3 -3 -4 -2 -2 -3 -4 -3  1  2 -3  5 -1 -3 -2 -1 -3 -2  3    0   0   0   0   0   0   0   0   0   0  20   0  44   0   0   0   0   0   0  37  0.64 0.11
  177 Y   -3 -3 -3 -5 -4 -3 -4 -5  1 -2 -2 -3 -2  2 -4 -3 -3  1  8 -3    0   0   0   0   0   0   0   0   0   0   0   0   0   0   0   0   0   0 100   0  1.81 0.19
  178 D   -3 -3  1  7 -5 -1  1 -2 -2 -5 -5 -2 -4 -5 -3 -1 -2 -6 -4 -4    0   0   0 100   0   0   0   0   0   0   0   0   0   0   0   0   0   0   0   0  1.70 0.16
  179 Y   -3 -3 -3 -5 -4 -3 -4 -5  1 -2 -2 -3 -2  2 -4 -3 -3  1  8 -3    0   0   0   0   0   0   0   0   0   0   0   0   0   0   0   0   0   0 100   0  1.81 0.19
  180 S    1 -2  2 -1 -2 -1 -1 -1 -1 -1 -2 -1 -2 -3 -2  3  3 -4 -2  0    9   0  18   0   0   0   0   0   0   0   0   0   0   0   0  38  23   0   0  12  0.46 0.07
  181 A    5 -2 -2 -3 -1 -2 -2 -1 -2 -2 -2 -1 -2 -3 -1  1 -1 -4 -3 -1  100   0   0   0   0   0   0   0   0   0   0   0   0   0   0   0   0   0   0   0  0.93 0.14
  182 A    4 -1 -1 -2 -2  4  0 -1 -1 -3 -3  0 -1 -3 -2  0 -1 -3 -3 -1   60   0   0   0   0  40   0   0   0   0   0   0   0   0   0   0   0   0   0   0  0.71 0.12
  183 D   -3 -3  1  7 -5 -1  1 -2 -2 -5 -5 -2 -4 -5 -3 -1 -2 -6 -4 -4    0   0   0 100   0   0   0   0   0   0   0   0   0   0   0   0   0   0   0   0  1.70 0.16
  184 E   -1  0  0  2 -4  1  4 -2  2 -4 -4  2 -3 -4 -2  1 -1 -4 -2 -3    0   0   0  11   0   0  56   0   9   0   0  13   0   0   0  12   0   0   0   0  0.76 0.09
  185 D   -3 -3  1  7 -5 -1  1 -2 -2 -5 -5 -2 -4 -5 -3 -1 -2 -6 -4 -4    0   0   0 100   0   0   0   0   0   0   0   0   0   0   0   0   0   0   0   0  1.70 0.16
  186 E   -2 -1 -1  1 -5  1  6 -3 -1 -4 -4  0 -3 -4 -2 -1 -2 -4 -4 -3    0   0   0   0   0   0 100   0   0   0   0   0   0   0   0   0   0   0   0   0  1.43 0.16

                      K         Lambda
Standard Ungapped    0.1668     0.3263
Standard Gapped      0.1100     0.3190
PSI Ungapped         0.1668     0.3263
PSI Gapped           0.1100     0.3190
