
Last position-specific scoring matrix computed, weighted observed percentages rounded down, information per position, and relative weight of gapless real matches to pseudocounts
           A  R  N  D  C  Q  E  G  H  I  L  K  M  F  P  S  T  W  Y  V   A   R   N   D   C   Q   E   G   H   I   L   K   M   F   P   S   T   W   Y   V
    1 M   -1 -2 -3 -4 -2  0 -3 -4 -2  1  2 -2  7  0 -3 -2 -1 -2 -2  1    0   0   0   0   0   0   0   0   0   0   0   0 100   0   0   0   0   0   0   0  0.58 0.00
    2 T    2 -2 -1 -2 -1 -1 -1 -2 -2 -1 -2 -1 -1 -2 -2  1  5 -4 -2  0   19   0   0   0   0   0   0   0   0   0   0   0   0   0   0   0  81   0   0   0  0.60 0.00
    3 L   -2 -3 -4 -5 -2 -3 -4 -5 -3  1  4 -3  2  0 -4 -3 -2 -2 -2  1    0   0   0   0   0   0   0   0   0   0 100   0   0   0   0   0   0   0   0   0  0.65 0.00
    4 N   -2 -1  6  1 -4  0 -1 -1  0 -4 -4  0 -3 -4 -3  0  0 -4 -3 -4    0   0 100   0   0   0   0   0   0   0   0   0   0   0   0   0   0   0   0   0  1.06 0.00
    5 M   -1 -2 -3 -4 -2  0 -3 -4 -2  1  2 -2  7  0 -3 -2 -1 -2 -2  1    0   0   0   0   0   0   0   0   0   0   0   0 100   0   0   0   0   0   0   0  0.58 0.00
    6 K   -1  2  3 -1 -4  1  0 -2 -1 -4 -3  5 -2 -4 -2  0 -1 -4 -3 -3    0   0  19   0   0   0   0   0   0   0   0  81   0   0   0   0   0   0   0   0  0.71 0.00
    7 N   -2 -1  6  1 -4  0 -1 -1  0 -4 -4  0 -3 -4 -3  0  0 -4 -3 -4    0   0 100   0   0   0   0   0   0   0   0   0   0   0   0   0   0   0   0   0  1.06 0.00
    8 Y   -2 -3 -3 -4 -3 -2 -3 -4  2 -2 -2 -3 -2  3 -4 -2 -2  2  7 -2    0   0   0   0   0   0   0   0   0   0   0   0   0   0   0   0   0   0 100   0  1.20 0.00
    9 K   -1  2  0 -1 -4  1  1 -2 -1 -3 -3  5 -2 -4 -2 -1 -1 -4 -3 -3    0   0   0   0   0   0   0   0   0   0   0 100   0   0   0   0   0   0   0   0  0.83 0.00
   10 G    0 -3  0  2 -4 -2 -2  6 -3 -5 -5 -2 -4 -4 -3 -1 -2 -4 -4 -4    0   0   0  16   0   0   0  84   0   0   0   0   0   0   0   0   0   0   0   0  1.08 0.00
   11 Y   -3 -3 -3 -4 -3 -3 -4 -4  1 -1 -1 -3 -1  5 -4 -3 -2  2  6 -2    0   0   0   0   0   0   0   0   0   0   0   0   0  34   0   0   0   0  66   0  0.98 0.00
   12 E   -1 -1  0  3 -5  2  5 -3  0 -4 -4  0 -3 -4 -2 -1 -1 -4 -3 -3    0   0   0  16   0   0  84   0   0   0   0   0   0   0   0   0   0   0   0   0  0.99 0.00
   13 K   -1  2  0 -1 -4  1  1 -2 -1 -3 -3  5 -2 -4 -2 -1 -1 -4 -3 -3    0   0   0   0   0   0   0   0   0   0   0 100   0   0   0   0   0   0   0   0  0.83 0.00
   14 K   -1  3  0 -1 -4  1  0 -2 -1 -3 -3  5 -2 -4 -2 -1 -1 -4 -3 -3    0  17   0   0   0   0   0   0   0   0   0  83   0   0   0   0   0   0   0   0  0.80 0.00
   15 P   -1 -2 -3 -2 -4 -2 -2 -3 -3 -4 -4 -2 -3 -4  8 -1 -2 -5 -4 -3    0   0   0   0   0   0   0   0   0   0   0   0   0   0 100   0   0   0   0   0  2.64 0.00
   16 Y   -2 -3 -3 -4 -3 -2 -3 -4  2 -2 -2 -3 -2  3 -4 -2 -2  2  7 -2    0   0   0   0   0   0   0   0   0   0   0   0   0   0   0   0   0   0 100   0  1.20 0.00
   17 C   -1 -4 -4 -5  9 -4 -5 -4 -4 -2 -2 -4 -2 -3 -4 -2 -2 -4 -3 -1    0   0   0   0 100   0   0   0   0   0   0   0   0   0   0   0   0   0   0   0  1.30 0.00
   18 N   -1 -1  6  1 -3  0 -1 -1  0 -4 -4  0 -3 -4 -2  2  0 -4 -3 -3    0   0  83   0   0   0   0   0   0   0   0   0   0   0   0  17   0   0   0   0  0.88 0.00
   19 A    5 -2 -2 -2 -1 -1 -1  0 -2 -2 -2 -1 -1 -3 -1  1  0 -3 -2  0  100   0   0   0   0   0   0   0   0   0   0   0   0   0   0   0   0   0   0   0  0.60 0.00

                      K         Lambda
Standard Ungapped    0.1781     0.3518
Standard Gapped      0.1100     0.3190
PSI Ungapped         0.1781     0.3518
PSI Gapped           0.1100     0.3190
