
Last position-specific scoring matrix computed, weighted observed percentages rounded down, information per position, and relative weight of gapless real matches to pseudocounts
           A  R  N  D  C  Q  E  G  H  I  L  K  M  F  P  S  T  W  Y  V   A   R   N   D   C   Q   E   G   H   I   L   K   M   F   P   S   T   W   Y   V
    1 M   -3 -4 -4 -5 -3 -2 -4 -5 -4  1  2 -3  8 -2 -4 -3 -2 -3 -3 -1    0   0   0   0   0   0   0   0   0   7  14   0  78   0   0   0   0   0   0   0  1.51 0.32
    2 P   -2 -4 -4 -3 -5 -3  0 -4 -4 -5 -5 -3 -4 -6  8 -3 -3 -6 -5 -4    0   0   0   0   0   0   7   0   0   0   0   0   0   0  93   0   0   0   0   0  2.76 0.33
    3 E    1 -2  0  1 -4  2  5 -3 -1 -3 -4 -1 -3 -4  2 -1 -2 -5 -4 -2   11   0   3   7   0   6  58   0   0   1   0   0   0   0   8   2   0   0   0   3  0.81 0.18
    4 S    0  1  4  1 -3 -1 -1 -2  4 -1 -3 -1 -2 -3 -3  1  0 -4 -2  0    5   9  34   6   0   0   0   0  17   4   0   0   0   0   0   8   3   0   0  12  0.47 0.14
    5 Q    0 -1  0  4 -5  2  4 -2 -2 -4 -4  1 -3 -5  2 -1 -2 -5 -4 -4    6   0   1  28   0   8  37   2   0   0   0   8   0   0  11   0   0   0   0   0  0.79 0.16
    6 E    0  0 -1  1 -5  2  5  0 -1 -4 -4  1 -3 -5 -1 -1  0 -5 -4 -3    6   4   0   3   0  10  59   7   0   0   0   5   0   0   2   0   5   0   0   0  0.82 0.19
    7 I   -1 -4 -5 -5 -2 -4 -4 -5 -4  5  2 -4  1 -1 -4 -3 -2 -4 -3  3    2   0   0   0   0   0   0   0   0  60  16   0   3   0   0   0   0   0   0  19  0.83 0.19
    8 A    2 -1 -2  0 -2  0  0 -2 -2  0  0  0 -1 -2 -2  0  1 -4 -3  2   32   2   0   5   0   3   4   0   0   4   6   8   0   0   0   3  12   0   0  19  0.21 0.09
    9 Q   -1  0  0  2  0  4  2 -3 -1 -3 -3  2 -2 -4 -2  0  2  0 -3 -3    3   1   3  15   2  26  13   0   0   0   0  11   0   0   0   7  16   2   0   0  0.50 0.13
   10 L   -2 -3 -4 -4 -3 -3 -4 -3 -4  1  4 -3  1 -1 -4 -1  0  3 -2  1    0   0   0   0   0   0   0   2   0   5  69   0   0   0   0   5   7   5   0   6  0.66 0.18
   11 L   -2 -3 -4 -4 -3  0 -3 -5 -3  1  4 -1  2 -1 -4 -3 -1 -3 -2  1    0   0   0   0   0   5   0   0   0   6  73   5   2   0   0   0   2   0   0   5  0.71 0.18
   12 S    0  0 -1  1 -2  1  1 -2  0 -3 -3  2 -2  1 -2  3  1 -4 -2 -3    6   4   0   6   1   7   6   1   2   0   0  15   0   8   0  39   5   0   0   0  0.38 0.13
   13 G   -1 -2  2  1 -4 -2  0  4 -2 -4 -3 -1 -3 -4  1  0 -1 -5 -4 -4    2   2  10  10   0   0   8  49   0   0   2   3   0   0   6   6   2   0   0   0  0.67 0.14
   14 S    1 -1  0  1 -2  0  0 -1 -2 -2 -2  1 -2 -3 -2  3  2 -4 -3 -2   15   1   3   9   0   3   3   2   0   2   1   9   0   0   0  31  19   0   0   1  0.38 0.11
   15 Y   -1 -1  1  0 -1 -1  1 -3  2 -2 -1 -1 -2  2 -2  0 -1 -1  4  0    5   1  11   5   2   1   9   0   5   0   4   2   0  11   1   8   0   0  27   8  0.29 0.10
   16 I   -2 -3 -4 -4 -2 -3 -4 -4 -4  5  2 -3  1  0 -4 -3 -2 -3 -2  2    1   0   0   0   0   0   0   1   0  65  13   0   3   4   0   1   0   0   0   9  0.71 0.16
   17 H   -2 -2  5  0 -4 -1 -1  0  4 -4 -4 -1 -3 -3  2 -1  0 -3  1 -3    1   0  47   3   0   0   0   7  17   0   1   0   0   0   9   1   6   0   6   0  0.73 0.16
   18 Y   -3 -3 -4 -4 -4 -3 -4 -5  0 -3 -2 -3 -3  3 -4 -3 -3  1  8 -3    1   0   0   0   0   0   0   0   0   0   1   0   0   7   0   0   0   0  87   0  1.91 0.30
   19 F   -3 -4 -4 -4 -3 -4 -4 -4 -2 -1  1 -4 -1  7 -4 -3 -3 -1  4 -1    1   0   0   0   0   0   0   0   0   0  12   0   0  67   0   0   0   0  14   2  1.16 0.21
   20 H   -2 -1  0  1 -4  1  2 -3  7 -2 -1 -1 -2 -2 -3 -1 -1 -3  0 -1    1   0   2   9   0   4  17   0  45   1   5   2   0   0   0   1   4   0   2   5  0.70 0.16
   21 C    0 -3 -3 -4  9 -3 -3 -3 -4 -1 -2 -3 -2 -3 -3 -2 -2 -3 -3  1    7   1   1   1  68   1   1   1   0   1   1   1   0   1   1   1   1   0   0  12  1.39 0.21
   22 L   -1  1 -1 -2 -1  3  0 -2 -1 -1  1  3  0 -2 -2 -1  0 -3 -2  0    3   5   1   1   1  18   1   1   0   1  22  27   2   1   1   2   5   0   0   8  0.26 0.08
   23 R   -2  5 -1  1 -4  2  1 -3 -1 -3 -2  4 -2 -4 -2 -1 -2 -4 -3 -3    0  41   0   7   0   9   6   0   0   0   4  29   0   0   0   0   0   0   0   0  0.77 0.15
   24 I   -2 -4 -4 -5 -2 -4 -4 -5 -4  6  1 -4  0 -1 -4 -3 -2 -4 -3  2    0   0   0   0   0   0   0   0   0  83   7   0   0   0   0   0   0   0   0   7  1.03 0.22
   25 V   -2 -1 -3 -4 -2 -3 -3 -4 -3  2  2 -3  2  2 -3 -3 -2 -2  1  3    0   5   0   0   0   0   0   0   0  18  23   0   5  13   0   0   0   0   6  28  0.38 0.09
   26 D   -1 -1  1  3 -4  1  5 -3 -1 -4 -4  1 -3 -4 -2  0 -1 -4 -3 -3    2   0   8  15   0   4  53   0   0   0   0  10   0   0   0   6   0   0   0   0  0.82 0.15
   27 L   -1 -3 -4 -3 -3 -2  0 -5 -3  4  3 -2  1  1 -4 -3 -2 -3  0  1    3   0   0   0   0   0   9   0   0  39  33   2   1   7   0   0   0   0   4   3  0.42 0.12
   28 L   -2 -3 -4 -5 -3 -3 -4 -5 -4  1  4 -3  1  1 -4 -3 -2 -3 -2  2    0   0   0   0   0   0   0   0   0   0  75   0   0   5   0   0   0   0   0  16  0.79 0.17
   29 K   -2  2  0 -1 -4  1  2 -3 -1 -3 -1  5 -2 -4 -2 -1  1 -4 -3 -3    0  12   4   0   0   5  14   0   0   0   6  50   0   0   0   1   9   0   0   0  0.65 0.15
   30 G   -1  1  0  1 -4  1  3  2 -2 -2 -3  1 -2 -4 -2  1  0 -4 -3 -1    1   7   2   7   0   3  23  24   0   1   0  10   0   0   0  11   7   0   0   5  0.36 0.08
   31 T    1 -2  2  0  1  1 -1 -2 -2 -3 -3  0 -2 -3 -2  2  4 -4 -3 -2    8   0  10   5   3   7   0   0   0   0   0   5   0   0   0  12  50   0   0   0  0.58 0.16
   32 E   -2 -2 -1  2 -5  1  6 -1 -2 -5 -5 -1 -3 -5  1 -1  0 -5 -4 -4    0   0   0  10   0   3  73   3   0   0   0   0   0   0   5   0   6   0   0   0  1.12 0.22
   33 A    3 -1 -2 -1 -2 -1  0  1 -2 -2 -3  1 -2 -3  1  1  0 -4 -3  0   39   2   0   1   0   0   6  12   0   2   0  12   0   0   6   8   5   0   0   7  0.32 0.09
   34 S    0  0  2  3 -3 -1  1  2 -2 -4 -4  0 -3 -4 -2  3  1 -5 -3 -3    6   3   9  21   0   0   7  15   0   0   0   3   0   0   0  28   7   0   0   0  0.47 0.10
   35 T    1 -2  0 -2 -2  0  0  0 -2 -3 -3  0 -2 -3 -2  3  4 -4 -3 -2   10   0   3   0   0   5   3   7   0   0   0   5   0   0   0  24  43   0   0   0  0.56 0.15
   36 K   -2  3 -1 -2 -4  0 -1 -3 -2 -3 -3  5 -2 -4 -2 -1  2 -4 -3 -3    1  12   0   1   0   0   1   1   0   0   1  64   0   0   1   1  15   0   0   1  0.87 0.18
   37 N   -2 -2  6  2 -3 -1 -1 -2 -1 -4 -4 -1 -3 -4 -3  0  1 -4 -3 -3    1   0  70   8   0   0   1   1   0   0   1   1   0   0   1   5  10   0   0   1  1.11 0.20
   38 I   -2 -3 -4 -4 -2 -3 -3 -4 -3  3  2 -3  1  3 -3 -3 -2  5  0  1    1   0   0   1   0   0   1   1   0  35  22   1   3  15   1   1   1  11   0   6  0.52 0.11
   39 F   -3 -3 -4 -4 -3 -3 -4 -4 -2 -1  2 -4  0  7 -4 -3 -3 -1  1 -1    1   0   0   1   0   0   1   1   0   0  24   1   0  68   1   1   1   0   0   1  1.08 0.20
   40 G    0 -1  0 -1 -2 -1 -1  4 -1 -2 -2 -1 -1 -2 -1  0 -1 -1 -2 -2    4   3   2   3   1   2   3  54   1   3   5   3   1   2   3   4   3   1   2   3  0.42 0.02
   41 R    0  4 -1 -2 -3  3  0 -1  0 -2 -2  0  0  0 -2  0  0  0  1 -2    6  31   1   1   0  19   1   3   2   1   2   1   4   6   1   9   3   2   7   1  0.32 0.08
   42 Y   -2 -2 -3 -3 -3 -2 -3 -3  0 -1  1 -2 -1  1  2 -2 -2  0  7 -2    1   1   1   1   0   1   1   1   0   1  18   1   0   1  11   1   1   0  59   1  0.85 0.16
   43 S    0 -1  0 -1 -2 -1 -1  1 -1 -3 -3  2 -2 -3 -1  4  2 -3 -2 -2    1   1   1   1   0   1   1   9   0   1   1  15   0   1   1  52  12   0   0   1  0.49 0.12
   44 S    0 -1  3  2 -2 -1 -1  2 -1 -3 -3 -1 -2 -3 -2  3  0 -3 -3 -2    4   1  16  11   0   1   1  18   0   1   1   1   0   1   1  41   1   0   0   1  0.47 0.10
   45 Q    1  0  0 -1 -3  3  1 -2  2 -2 -2  3 -1 -3  1 -1 -1 -3 -2 -1   14   1   3   1   0  25   4   1   7   1   1  24   0   1   8   1   1   0   0   6  0.38 0.09
   46 R    0  4  1 -2 -2  0 -1 -2 -1  1  0  1 -1 -2 -2  1 -1 -3 -2 -1    6  35   7   1   0   1   1   1   0  13   8   8   0   1   1  13   1   0   1   1  0.28 0.09
   47 M   -1 -2 -2 -3 -2 -2 -2  1 -2  1  1 -2  4  1 -2 -1  1 -2  1  0    1   1   1   1   0   1   1  13   0   6  13   1  26   8   1   1  16   0   6   6  0.22 0.11
   48 K   -1  2  1 -1 -3  2  0  0 -1 -2 -2  3 -1 -3 -2  0 -1 -3 -2  0    1  10   7   1   0  15   1   8   0   1   1  34   0   0   1   7   1   0   0  13  0.34 0.11
   49 D    0  0  0  5 -3 -1  1 -2 -2 -3 -2  0 -3 -3 -2 -1  1 -4 -3 -3    9   5   1  54   0   1   4   1   0   1   4   6   0   0   1   1  10   0   0   1  0.73 0.17
   50 W   -4 -4 -5 -6 -4 -4 -5 -5 -4 -4 -3 -5 -3  2 -5 -5 -4 11  0 -4    1   0   0   0   0   0   0   1   0   0   1   0   0   7   0   1   0  86   0   0  3.40 0.48
   51 Q   -1 -1 -1  0 -4  5  2 -3 -1 -3 -1  0  1 -1 -3  0  0 -3  0 -2    2   0   0   3   0  42  17   0   0   0   5   3   6   3   0   8   7   0   3   2  0.57 0.20
   52 E    1 -2  3  2 -4  2  5 -3 -1 -4 -4 -1 -3 -4 -3  0  0 -5 -4 -1   12   0  15   7   0   6  48   0   0   0   0   0   0   0   0   4   3   0   0   4  0.72 0.20
   53 I   -3 -5 -5 -6 -3 -4 -5 -6 -5  6  1 -5  0 -2 -5 -4 -2 -4 -3  2    0   0   0   0   0   0   0   0   0  79  10   0   0   0   0   0   0   0   0  12  1.21 0.30
   54 V    0 -3 -3 -2  0 -1 -1  0 -3  3  1 -1  0 -2 -3 -1 -1 -4 -3  3    6   0   0   2   3   3   3   7   0  26  17   3   1   0   0   3   0   0   0  27  0.26 0.11
   55 S    2  3  0 -2 -3  2  1 -1 -1 -2 -3  3 -2 -4 -2  2 -1 -4 -3 -2   18  24   2   0   0   9   6   2   0   3   0  20   0   0   0  15   0   0   0   0  0.49 0.15
   56 L    2 -1  0 -3 -3  1 -2 -3 -2  0  3 -1  4 -2 -3 -1 -2 -3 -3  0   20   2   6   0   0   9   0   0   0   0  39   2  15   0   0   4   0   0   0   2  0.36 0.16
   57 Y   -4 -4 -4 -5 -5 -4 -5 -6  0 -3 -3 -4 -3  3 -5 -4 -4  1  8 -3    0   0   0   0   0   0   0   0   0   0   0   0   0   6   0   0   0   0  94   0  2.22 0.36
   58 E   -2  0 -2  0 -6  1  6 -4  1 -5 -4  1 -3 -5 -3 -2 -1 -5 -4 -4    0   4   0   0   0   0  83   0   3   0   1   5   0   0   0   0   3   0   0   0  1.30 0.26
   59 K   -1  2  1 -2 -5  0  0 -3  1 -4 -4  6 -3 -5 -3 -2 -2 -5 -3 -3    2   4   5   0   0   0   2   0   3   0   0  81   0   0   0   0   0   0   0   2  1.16 0.25
   60 D   -2 -2  3  6 -5 -1  2  1 -2 -5 -5  0 -4 -5 -3 -1 -2 -6 -4 -5    0   0  14  55   0   0  13  11   0   0   0   6   0   0   0   0   0   0   0   0  1.03 0.19
   61 N   -2 -2  6  0 -4 -1 -2 -1  2 -5 -4 -2 -4 -1 -4  1 -1  1 -1 -4    1   0  69   2   0   0   0   3   6   0   0   0   0   2   0  11   0   2   2   0  1.10 0.24
   62 T   -1 -3 -4 -4 -2 -3 -4 -4 -3  3  2 -3  1 -1 -4 -2  1 -3  0  4    2   0   0   0   0   0   0   0   0  30  14   0   2   0   0   0   9   0   4  39  0.54 0.13
   63 Y   -3 -3 -2 -4  0 -3 -4 -2  4 -3 -1 -3 -3  2 -5 -3 -3  0  7 -3    0   0   2   0   2   0   0   4  11   0   4   0   0   6   0   0   0   0  70   0  1.39 0.26
   64 L   -1 -4 -5 -5 -3 -3 -4 -5 -4  1  5 -4  1 -1 -4 -3 -3 -3 -3  0    5   0   0   0   0   0   0   0   0   4  90   0   0   0   0   0   0   0   0   0  1.03 0.22
   65 V    4 -3 -3 -3 -2 -2 -2  3 -3 -2 -3 -2 -2 -4 -2  0 -1 -4 -4  0   66   0   0   0   0   0   0  27   0   0   0   0   0   0   0   0   0   0   0   7  0.82 0.18
   66 E   -2 -2 -2  1 -6  1  7 -4 -2 -5 -5 -1 -4 -5 -3 -2 -2 -5 -4 -4    0   0   0   4   0   0  96   0   0   0   0   0   0   0   0   0   0   0   0   0  1.69 0.28
   67 L    3 -2 -2 -1  0 -2 -2  0 -3  0  0 -2 -1 -3 -2  2  1 -4 -3  0   44   0   0   2   2   0   0   7   0   5  11   0   0   0   0  15  11   0   0   4  0.34 0.10
   68 C    5 -3 -2 -3  3 -2 -2  0 -3 -3 -3 -2 -2 -4 -2  2 -1 -4 -3 -2   67   0   0   0  10   0   0   4   0   0   0   0   0   0   0  19   0   0   0   0  0.78 0.18
   69 S   -2  1  0  0 -4  6  1 -3  2 -4 -4  0 -2 -4 -3  2 -1 -4 -3 -4    0   7   2   4   0  62   3   0   5   0   0   0   0   0   0  18   0   0   0   0  0.98 0.21
   70 L   -2  0 -4 -4 -3  0 -3 -5 -3  4  3 -2  3  0 -4 -3 -2 -3 -2  1    0   6   0   0   0   7   0   0   0  40  27   0  12   2   0   0   0   0   0   6  0.49 0.12
   71 L   -3 -4 -4 -5 -3 -3 -4 -5 -4  2  5 -4  3  1 -4 -3 -2 -3 -1  0    0   0   0   0   0   0   0   0   0   8  76   0   8   5   0   0   2   0   1   0  0.84 0.17
   72 V    0 -2 -2 -3 -2  2 -2 -2 -1  3  0 -2  2 -2 -3  0  1 -3 -2  2    8   0   1   0   0  13   0   3   2  25   4   0   6   0   0   7  12   0   0  20  0.24 0.09
   73 R   -2  5  0 -1 -5  4  0 -3  1 -4 -4  1 -2 -4 -3 -1 -1 -4 -3 -4    0  56   2   3   0  25   2   0   3   0   0   3   0   0   0   1   4   0   0   0  1.02 0.20
   74 N   -2 -2  6 -1 -2 -1 -2 -2  1 -1  1 -2  1 -1 -3  0  1 -4 -1 -2    0   0  54   0   1   0   0   0   4   2  18   0   4   2   0   4   8   0   2   1  0.64 0.17
   75 V    0 -3 -4 -4 -2 -3 -3 -4 -4  3  1 -3  0 -2 -3 -2  1 -4 -3  4    7   0   0   0   0   0   0   0   0  16  11   0   0   0   0   0  11   0   0  54  0.59 0.15
   76 S   -1 -1  5 -1 -4  3 -1 -2  1 -2 -3  1  1 -4 -3  1 -1 -4 -3 -1    3   0  40   0   0  17   0   1   4   1   0   9   5   0   0  12   1   0   0   6  0.55 0.14
   77 Y   -4 -4 -4 -5 -5 -4 -5 -5  0 -3 -2 -4 -3  4 -5 -4 -3  0  8 -3    0   0   0   0   0   0   0   0   0   0   0   0   0  21   0   0   0   0  79   0  1.94 0.30
   78 E   -2 -2 -2  1 -6  1  6 -4  0 -5 -5  0 -3 -5 -3 -2 -1 -5 -4 -4    0   0   0   4   0   3  85   0   2   0   0   2   0   0   0   0   4   0   0   0  1.40 0.25
   79 I   -2 -4 -5 -5  1 -4 -4 -3 -5  5  1 -4  0 -1 -4 -3 -2 -4 -3  3    0   0   0   0   4   0   0   3   0  64  11   0   0   0   0   0   0   0   0  19  0.80 0.18
   80 P   -1 -4 -4 -4 -5 -3 -3 -4 -4 -5 -5 -3 -4 -6  8 -3 -3 -6 -5 -4    3   0   0   0   0   0   0   0   0   0   0   0   0   0  97   0   0   0   0   0  2.97 0.33

                      K         Lambda
Standard Ungapped    0.1820     0.3498
Standard Gapped      0.1100     0.3190
PSI Ungapped         0.1820     0.3498
PSI Gapped           0.1100     0.3190
