
Last position-specific scoring matrix computed, weighted observed percentages rounded down, information per position, and relative weight of gapless real matches to pseudocounts
           A  R  N  D  C  Q  E  G  H  I  L  K  M  F  P  S  T  W  Y  V   A   R   N   D   C   Q   E   G   H   I   L   K   M   F   P   S   T   W   Y   V
    1 M   -2 -3 -3 -5 -3 -1 -3 -4 -3  1  2 -2  8 -1 -4 -3 -1 -2 -2  0    0   0   0   0   0   0   0   0   0   0   0   0 100   0   0   0   0   0   0   0  1.19 0.16
    2 E    0  2  1 -1 -3  3  1 -2  3 -2 -2  2 -1 -3 -2  1 -1 -4 -2  0    4   9   9   0   0  19   9   0  10   0   0  12   0   0   0  13   0   0   0  14  0.31 0.05
    3 P    0  1 -2 -2 -3 -1 -2 -3 -2 -2  0  1 -2 -3  5  2 -1 -4 -3 -2    7   7   0   0   0   0   0   0   0   0  15   9   0   0  38  24   0   0   0   0  0.80 0.13
    4 H   -2  1 -1 -3 -4  0 -2 -1  6 -2 -3  0 -2  1 -3 -1 -2  4  2  0    0   8   0   0   0   2   0   6  38   0   0   7   0   6   0   6   0   8   5  14  0.56 0.15
    5 L   -2 -3 -3 -4 -3 -2 -3 -4  1  1  3 -1  2  2 -4 -1 -2  2  0  1    0   0   0   0   0   0   0   0   4   5  44   5   7  11   0   5   0   3   2  14  0.42 0.14
    6 L   -1  1 -3 -4 -3 -2 -3 -4 -3  1  3 -2  2  2 -2 -1 -2 -3  1  1    4  10   0   0   0   0   0   0   0   8  41   0   4  10   1   6   0   0   4  12  0.36 0.14
    7 G    2  0  0  0  0 -2 -2  2 -2 -3 -1 -1 -2 -3  3  2  0 -4 -3 -2   22   6   3   4   2   0   0  17   0   0   9   3   0   0  13  16   4   0   0   1  0.32 0.13
    8 L   -1 -4 -4 -5 -3 -3 -4 -5 -4  3  3 -4  2  2 -4 -2 -1 -3  1  3    3   0   0   0   0   0   0   0   0  17  31   0   6  11   0   2   3   0   4  24  0.56 0.20
    9 L   -1 -4 -4 -5 -3 -4 -4 -5 -4  2  3 -4  1  3 -4 -2 -1 -3 -1  1    5   0   0   0   0   0   0   0   0  15  42   0   3  18   0   2   4   0   0  11  0.62 0.23
   10 L   -2 -4 -5 -5 -3 -4 -4 -5 -4  3  4 -4  1  1 -2 -2 -1 -3  1  2    2   0   0   0   0   0   0   0   0  16  47   0   3   5   2   2   3   0   4  16  0.64 0.24
   11 G    1  0 -1 -3 -3 -2 -2  1  1 -1 -1 -2  0  2 -3  2  1 -3 -1  1   10   5   2   0   0   0   0  14   5   2   5   0   2  13   0  20   7   0   0  15  0.19 0.14
   12 L   -2 -4 -4 -5 -3 -3 -2 -2 -4  2  4 -4  0  1 -4 -1 -1  1  1  1    2   0   0   0   0   0   3   2   0   9  51   0   0   4   0   6   3   2   5  11  0.53 0.24
   13 L   -2 -3 -4 -4  0 -1 -3 -5  1  2  2 -3  1  3 -4 -1  0 -3  1  2    2   0   0   0   2   3   0   0   5  14  22   0   4  18   0   4   6   0   4  15  0.39 0.19
   14 L   -1 -4 -4 -5  2 -3 -2 -5 -4  2  4 -4  3  2 -4 -1 -2 -3  0  1    4   0   0   0   5   0   2   0   0  11  45   0   9   8   0   5   0   0   3   9  0.59 0.25
   15 S    1 -3 -1  0 -1 -2 -2 -2 -3  2  1 -3  0  0 -1  3  1  2 -1  0   10   0   2   5   1   0   0   2   0  13  14   0   2   3   2  27   9   3   2   5  0.23 0.17
   16 G    1 -2 -1 -3 -1 -2 -2  2 -2 -1  0 -1 -1  2  0  1  1 -3  0 -1   13   2   2   0   1   0   0  18   0   2  12   2   0  12   4  13  11   0   3   4  0.18 0.12
   17 T    0  0 -2 -3  1 -1 -2 -3 -1  1  0 -1 -1 -1 -2  1  3  3 -2  0    9   6   0   1   3   2   1   1   1   8  12   4   0   2   1  13  24   5   0   7  0.22 0.14
   18 R    0  1 -1 -1  1  3  0 -1  0 -1  0 -1 -1  0 -2  2 -1 -3 -2  0    5   8   0   2   5  16   4   5   2   4   8   1   0   5   1  24   1   0   0   7  0.19 0.15
   19 V    1 -3 -1 -3  2 -2 -3 -2  0  2  1 -1  1  0 -1  0  0 -3 -2  2   14   0   2   0   6   0   0   3   2  11  14   3   2   4   2   4   6   0   0  25  0.19 0.13
   20 L   -1 -1 -1 -2  2  0 -1 -2  2  1  3 -2  1  0 -3 -2 -1 -3 -2  1    3   3   4   2   6   5   4   2   7   5  33   0   2   4   0   0   3   0   0  15  0.21 0.15
   21 A    2 -1  0 -2 -3  1 -1 -1  1  0  0 -1 -1  0 -1  1  1 -4 -2  1   19   3   6   0   0   8   3   2   4   3  11   3   0   4   2  12  10   0   0  12  0.14 0.12
   22 G    1 -2  1  0 -1 -1  0  2 -2 -1 -1 -2 -2 -1 -2  2  1 -4 -3  0   12   0   7   5   1   2   7  22   0   2   5   1   0   2   0  19   7   0   0   7  0.24 0.13
   23 Y    1 -1  0 -2  1  0 -1 -3  2 -2  0 -1  1  2 -3  1  0 -2  4 -1   13   3   4   1   4   5   2   1   6   0   8   2   4  11   0   9   4   0  19   3  0.23 0.14
   24 P    1 -3  0  0 -3  0  0  1 -2 -2 -1 -2 -3 -4  4  1  0 -4 -4 -2   12   0   4   6   0   4   4  13   1   2   6   0   0   0  27  13   4   0   0   2  0.53 0.20
   25 I    0  0 -1 -1 -3  0 -2 -2  1  2  1  0  2 -1 -1  0  0 -3  1  1    5   4   3   4   0   3   1   2   3  21  11   5   6   0   3  10   4   0   6   9  0.10 0.10
   26 W   -1 -2 -6 -7 -6 -2 -6 -6  1 -2 -1  0 -4 -1 -4  0 -5 10 -2 -4    5   2   0   0   0   2   0   0   4   3   7   7   0   2   1   7   0  60   0   1  2.39 0.71
   27 W   -4 -3 -6 -7 -2 -5 -6 -4 -2 -2  1 -5  0  0 -2 -6 -4 11  0 -3    1   2   0   0   1   0   0   1   1   2  13   1   3   3   3   0   1  64   2   1  2.68 0.76
   28 S    1 -1  0 -1 -3 -1 -2  0 -1 -1  1 -2  1 -1  0  3  0 -1  0 -2   11   3   4   2   0   3   2   8   1   4  13   0   3   3   4  31   3   1   3   2  0.23 0.18
   29 L   -1 -3 -3 -5 -4 -3 -3 -5  0  2  4 -3  3  0 -5 -3 -3 -4  0  2    5   1   1   0   0   1   1   0   2  12  48   1   7   4   0   1   0   0   3  12  0.70 0.31
   30 A    3 -1 -1 -2 -3 -2 -1  3 -3 -1 -1 -3 -3  0 -1  1  0 -5 -3 -1   28   3   3   2   0   1   4  22   0   3   5   0   0   5   2  13   5   0   0   4  0.36 0.22
   31 L   -1  0 -1 -3 -3 -1 -1 -3 -2  1  2  1  3 -1 -1 -1  0 -4 -3  2    2   5   2   1   0   2   3   2   1   9  28   9   8   2   2   3   7   0   0  14  0.24 0.16
   32 G    1 -2  1 -1 -3  0 -1  3 -2 -1 -1 -1 -1 -2  1  1  0 -4 -2 -1   10   1   7   3   0   3   3  24   1   3   5   2   1   1   8  15   6   0   2   5  0.25 0.15
   33 Q    0  0  2 -1 -3  2  0  0  2 -1 -1  1 -1 -3  1  1  0 -4 -3 -1    5   5  11   1   0  11   6   8   5   5   8   7   1   0   5  10   7   0   0   4  0.16 0.11
   34 Q    0  2  0  0 -4  3  1 -2 -1 -2 -1  0  1 -2  0  2  1 -4 -3 -1    7  10   3   5   0  15  11   1   1   1   6   3   3   2   3  17   7   0   0   4  0.26 0.19
   35 Y   -1 -1 -1 -2 -4 -2 -2 -1  0 -1  0 -1  0  2  2  1  1  0  3  0    3   2   2   2   0   1   1   4   3   2  10   4   3   9  12  11   8   1  14   9  0.21 0.16
   36 T    0  0  1 -1  0  0  0 -1  0 -1 -1 -1 -1  0 -2  2  2  1  0 -1    8   5   7   3   2   4   5   3   2   4   6   2   1   3   1  18  16   2   5   3  0.14 0.13
   37 S    0  0  2  0 -4 -2 -1 -1 -1  0 -1 -2 -1 -4  1  3  1 -5 -4 -1    8   5  10   6   0   0   3   4   1   7   6   1   1   0   6  32   6   0   0   3  0.33 0.24
   38 L    0  0 -3 -4 -3 -1 -2 -3  0  2  3 -2  2 -1 -2  0 -1 -4 -1  0    6   4   1   0   0   3   3   2   2  14  37   1   6   2   2   7   2   0   2   6  0.34 0.22
   39 A    1  0  0 -1 -3  0  0  1 -1  0  0 -1  0 -1 -1  1  1  0 -3  0   15   4   3   2   0   4   4  13   1   5  10   1   3   2   3  11   9   2   0   9  0.09 0.09
   40 S    0  0  2  1 -4  0 -1 -1 -1 -2 -1 -1 -1 -2  0  3  1 -5 -3 -1    6   4  10   7   0   5   3   4   1   2   5   3   1   1   4  28  10   0   1   5  0.27 0.21
   41 Q    0  1  0  1 -5  4  0 -3 -1 -1 -3  1 -1 -5  2  0  0 -5 -1 -2    7   6   5   8   0  28   5   1   1   3   1   6   1   0   9   8   5   0   2   3  0.46 0.29
   42 P    0  0  0 -1 -1 -1  1 -3 -1 -3 -3  0 -1 -4  6  0  1 -6 -5 -3    7   6   4   3   2   2   8   1   1   1   2   4   2   1  39   5  10   0   0   1  0.85 0.38
   43 L    0  0 -1 -1 -3  0 -1 -1 -2  2  1 -1  1  0 -3  0  1  0 -1  1    7   4   2   4   0   5   3   5   1  16  11   4   4   5   0   5   9   2   1  12  0.09 0.10
   44 L   -1 -2 -1 -2 -1 -2 -3 -3  1  3  2 -2  1  0 -1 -2 -1 -4 -1  1    4   2   4   2   1   2   1   2   5  23  26   1   3   3   3   3   3   0   2  10  0.30 0.19
   45 C   -4 -3 -7 -4 10 -7 -5 -6 -7 -5 -4 -7 -3 -6 -7 -3 -3 -7 -4 -3    1   2   0   1  85   0   1   1   0   0   2   0   1   0   0   2   1   0   1   2  3.53 1.07
   46 G    0  2  1  2 -2 -1  0  0  0 -4 -2  2 -1 -2 -1  1 -1 -4  0 -3    7  14   8  13   1   2   6   7   2   0   5  12   2   1   2  12   3   0   3   1  0.25 0.18
   47 S    0  2  2  0 -3  2 -1 -2  0 -2 -1  2  0 -2 -4  2  1 -5 -1 -3    5  11  10   4   1   8   3   2   2   2   8  15   2   2   0  15   8   0   2   1  0.27 0.21
   48 I   -2 -1 -4 -5 -4 -4 -5 -6 -3  3  3 -3  2  1 -5 -3  0 -5 -1  2    3   3   1   0   0   0   0   0   0  22  37   1   5   5   0   1   6   0   2  13  0.71 0.35
   49 P    0  2  0 -1 -6  0  0 -1  0 -3 -4  0 -3 -2  5 -1  0 -6 -1 -3    6  10   4   4   0   4   5   4   2   1   1   5   0   2  35   4   7   0   3   1  0.72 0.36
   50 G   -1 -1  1 -1 -5 -2 -2  5 -2 -5 -3 -2 -5 -1 -3 -1 -2  1  0 -3    4   4   8   4   0   1   2  54   1   0   3   2   0   3   1   3   2   2   4   2  0.91 0.42
   51 L   -4 -3 -6 -4 -5 -3 -3 -7 -6 -1  6 -4  2  1 -5 -4 -5 -5 -4 -3    1   2   0   1   0   1   1   0   0   2  78   1   4   6   1   1   0   0   0   0  1.56 0.65
   52 V    0  0  2 -3 -2 -1 -1 -2 -2  0 -2 -1 -2 -3 -3  2  4 -6 -4  2    6   5   9   1   1   2   3   2   1   4   3   4   0   1   1  18  27   0   0  15  0.44 0.32
   53 P    0  3  0 -1 -5  0 -1  0  0 -4 -4  2 -3 -4  4  1 -1 -2 -2 -4    7  17   4   4   0   4   4   7   2   0   1  13   0   0  21  11   2   0   1   1  0.53 0.30
   54 K   -1  4 -1  0 -6  1  1  0  1 -3 -3  4 -4 -4 -1 -1 -2 -5 -1 -2    4  22   2   4   0   6   9   6   4   1   2  26   0   0   2   5   2   0   2   2  0.54 0.32
   55 Q   -6 -2 -5 -5 -8  8 -2 -4 -1 -7 -3 -2 -2 -5 -6 -5 -5 -7 -4 -4    0   2   0   0   0  89   1   1   1   0   2   1   1   0   0   0   0   0   1   1  2.84 1.11
   56 L    0  5 -2 -4 -3  1 -3 -4 -3  0  1  2  1 -2 -3 -2 -2 -3 -1  1    7  32   2   1   0   5   0   1   0   5  12  13   3   2   1   2   2   0   2   9  0.53 0.33
   57 R    0  4 -1  1 -6  3  2 -3  0 -2 -3  2 -4 -5 -4 -1 -1 -6 -3 -3    8  23   3   6   0  16  13   2   2   2   2  14   0   0   0   3   3   0   1   1  0.59 0.34
   58 F   -2 -4 -6 -6 -5 -1 -4 -4 -3  3  4 -3  4  2 -6 -4 -3  1 -1  1    2   1   0   0   0   4   1   2   1  18  40   2  11   8   0   0   1   2   2   7  0.79 0.39
   59 C   -4 -6 -8 -9 11 -8-10 -9 -9 -2 -4 -9 -7 -7 -5 -5 -6 -8 -8 -3    1   1   0   0  91   0   0   0   0   2   2   0   0   0   1   1   0   0   0   2  4.09 1.23
   60 R   -1  5 -1 -3 -6  2 -1 -3  1 -1 -1  2 -1 -2 -3 -1 -2 -3 -1 -2    4  34   3   1   0  10   4   2   3   3   6  15   2   2   1   4   1   0   3   3  0.60 0.35
   61 N   -1  4  1 -2 -5  2  1 -3  1 -4 -1  2 -2 -5 -4  0  0 -2 -3 -3    5  26   8   2   0   9   9   1   3   1   7  14   1   0   0   7   5   1   1   1  0.51 0.31
   62 Y   -3  0  4  0 -6  1  0 -4  5 -4 -4 -1 -2  1 -2  0 -2 -4  4 -3    1   4  20   5   0   6   7   1  18   1   1   3   1   5   1   8   2   0  14   1  0.71 0.39
   63 I   -2 -2 -2 -3 -6 -1 -2 -3  0 -1  1 -1 -2 -1  6 -1 -1 -6 -3 -1    3   2   2   1   0   3   2   2   2   4  14   4   1   3  43   4   4   0   1   4  0.90 0.43
   64 E    0 -1  0  4 -5 -1  3  1  1 -3 -4  0 -3 -2 -2  0 -1 -5 -1 -2    6   3   4  24   0   2  20  13   3   1   2   7   1   2   1   5   3   0   2   2  0.45 0.26
   65 I    1 -3 -3 -5 -4 -3 -3 -5  2  2  3 -2  2  0 -4 -2  1 -4  0  2   13   1   1   0   0   1   1   0   6   9  28   2   4   4   0   2   8   0   3  18  0.43 0.26
   66 M   -1 -2 -6 -6 -5 -3 -5 -5 -1  2  1 -4  7  0 -2 -3  0 -5 -5  2    5   2   0   0   0   1   0   1   2  12  13   1  38   3   2   1   6   0   0  13  1.08 0.51
   67 P    0  0  0  0 -4  1  2 -2  1  0 -1  0 -2 -3  3  0 -1 -1 -2 -1   10   4   5   5   0   6  12   2   4   6   5   6   1   1  18   5   4   1   1   4  0.28 0.17
   68 S    3 -3 -2 -2 -2 -1  0 -2 -1 -1 -2 -2 -2  0 -2  3  1 -5  1  1   23   1   1   2   1   3   5   1   1   4   2   1   1   3   2  29   7   0   5  10  0.41 0.29
   69 V    1 -6 -6 -7 -4 -5 -6 -4 -6  5  2 -5  1 -4 -6 -4 -2 -6 -5  4   13   0   0   0   0   0   0   1   0  32  15   0   2   0   0   0   1   0   0  35  1.12 0.48
   70 A    1  0 -2 -2 -3  0 -1  1 -2  1  0 -1  0  0 -3  1 -1 -1 -1  1   13   7   1   1   0   4   4  13   1  10  10   2   2   3   0  11   1   1   2  14  0.12 0.13
   71 E    0  2  0  1 -5  2  3 -2  1 -1 -1  1  0 -4 -4  0  0 -5 -2 -2    6  13   5   7   0  12  21   2   4   4   6   7   2   0   0   4   4   0   1   2  0.35 0.22
   72 G    3 -6 -5 -2 -6 -3 -2  6 -6 -7 -7 -5 -6 -7 -6 -1 -5 -7 -7 -6   25   0   0   2   0   1   2  66   0   0   0   0   0   0   0   4   0   0   0   0  1.78 0.68
   73 V    4 -2 -4 -5 -4 -2 -2 -3 -2  2  0 -3  0 -1 -4  0  0 -5 -3  2   40   2   0   0   0   1   2   1   1  14   8   1   2   2   0   6   6   0   1  13  0.55 0.33
   74 K   -2  4  0 -2 -6  4  0 -4  1 -2 -2  3 -2 -4 -3 -1 -1 -2 -1 -3    2  23   4   1   0  19   5   1   4   3   4  20   1   0   1   5   2   0   2   2  0.64 0.36
   75 L    0  0 -1  0 -2  1  0 -3 -1  0  2  0  4 -1 -4 -1 -1 -4 -1  0    7   5   3   5   1   6   8   1   2   5  25   4  13   2   0   4   4   0   1   4  0.21 0.18
   76 G    4 -5 -4 -3 -4 -4 -4  4 -5 -5 -5 -3 -4 -3 -4  1  2  0 -2 -1   42   0   0   1   0   0   0  29   0   0   0   1   0   1   0   8  11   2   1   3  0.98 0.47
   77 I   -1 -2 -5 -5 -4 -2 -4 -4 -1  5  1  0  2 -2 -5 -2 -1  0  0  2    5   2   0   0   0   1   0   1   1  36  12   6   6   1   0   3   4   1   4  16  0.61 0.32
   78 Q    0  1  0  1 -4  2  1 -2  2 -3 -2  1 -2 -2 -3  1  0 -1  1 -2    9   7   4   8   0  12   9   3   6   1   5   8   1   1   0   9   6   1   7   3  0.22 0.16
   79 E   -1 -4 -2 -3 -6  2  6 -4  1 -3 -3 -2 -5 -6 -5 -2  0 -6 -2 -1    5   0   2   0   0   9  60   1   4   1   2   1   0   0   0   2   6   0   2   4  1.25 0.54
   80 C   -6 -9 -8 -9 11 -9-10 -9 -9 -7 -7 -9 -7 -8 -9 -7 -6 -8 -8 -6    0   0   0   0 100   0   0   0   0   0   0   0   0   0   0   0   0   0   0   0  4.72 1.21
   81 Q   -2  2 -1 -4 -7  7  1 -4  1 -4 -4  2 -2 -3 -2 -2 -3 -6 -5 -4    4   9   2   0   0  54   7   1   3   1   1  10   1   1   2   2   1   0   0   1  1.35 0.58
   82 H   -2  1  1  0 -5  1  1 -3  4 -3 -3  1 -1  2 -4  0 -1  2  3 -3    2   7   8   4   0   6   7   2  14   1   1  11   1  11   0   6   3   3  11   1  0.43 0.27
   83 Q   -2  0 -1 -2 -7  7 -1 -6  0 -3 -1 -2 -4 -6 -5 -2  0 -6 -2 -2    3   5   3   1   0  62   2   0   2   2   5   1   0   0   0   3   6   0   2   2  1.46 0.68
   84 F   -7 -7 -8 -8 -7 -7 -8 -8 -6 -4  0 -7  3  8 -8 -7 -6 -4  2 -5    0   0   0   0   0   0   0   0   0   0   8   0   8  77   0   0   0   0   6   0  2.65 0.88
   85 R    1  4 -1 -2 -5  2 -1 -2  2 -2 -3  2  0 -1 -4  0 -1 -5 -1 -2   12  30   2   2   0   8   3   2   5   2   2  12   2   2   0   7   2   0   2   2  0.50 0.37
   86 G   -2 -1  3  2  0 -1 -1  0  2 -4 -3  0  0  0 -2  1 -1  4  2 -4    2   3  18  13   2   2   2   8   5   0   2   6   3   5   2  11   3   6   7   0  0.35 0.29
   87 R    0  0  1  0  2  1  0  0  2 -3 -1  0  1  1 -3  0  0  3  1 -3    6   6   6   6   6   6   6   6   6   0   6   6   6   6   0   6   6   6   6   0  0.15 0.17
   88 R   -2  6 -3 -4  1  1 -2  1 -1 -3 -2  0  0 -4  0 -2 -1 -5 -2 -2    1  54   0   0   4   5   0  14   1   2   3   2   3   0   4   2   3   0   1   2  0.84 0.29
   89 W   -5 -5 -6 -6 -6  3 -5 -6 -4 -5 -5 -5 -4  2 -7 -5 -5 11 -1 -5    0   0   0   0   0  15   0   0   0   0   0   0   0   9   0   0   0  76   0   0  3.30 0.53
   90 N   -1 -2  6  1 -4  1 -2  0 -2 -1 -5 -2 -4 -5  0  1 -2 -6 -4 -4    5   0  57   7   0   6   0   6   0   4   0   0   0   0   4  11   0   0   0   0  1.00 0.33
   91 C   -5 -7 -6 -7  9 -6 -7 -7 -7 -4  0 -7 -4  2 -7 -5  1  5 -4 -4    0   0   0   0  60   0   0   0   0   0  10   0   0  10   0   0  10  10   0   0  2.37 0.61
   92 T    0  0  1  0 -3  1  0  0  2 -1 -1  0 -2 -2  1  0  0  3  1 -2    6   6   6   6   0   6   6   6   6   6   6   6   0   0   6   6   6   6   6   0  0.13 0.13
   93 T    0 -1  1 -1  2  0  0 -1  0  0  0 -1  0 -1  1  1  2 -4  0 -1    5   3   6   3   6   3   5   5   3   5  11   3   3   3   6  10  15   0   3   4  0.08 0.11
   94 I   -1  0  0 -1 -3  0 -1 -1  1  1  1 -1  0  0  0  0  1  1  0  1    4   6   4   4   0   4   4   3   4   9  15   3   2   4   4   6   8   2   3  10  0.04 0.06
   95 D    0  0  2  3 -4  1  1  0  1 -2 -2  1 -1 -2  0  0 -1  1 -1 -2    8   5  11  17   0   6   7   7   3   2   4   7   2   2   5   5   3   2   2   2  0.21 0.18
   96 D   -1  1  2  1 -4  1  1  0  0 -2 -1  1 -1 -1  0  0  0 -3  0 -2    4  10  13   9   0   5  10   8   3   2   5   7   2   3   4   6   4   0   4   2  0.18 0.16
   97 S    1  1  0  0 -4  0  0  0  0 -1 -3  1 -2 -1  0  2  1 -4 -1 -1   11   7   3   6   0   3   5   7   2   4   2   7   1   2   5  21   7   0   3   3  0.19 0.20
   98 L    0  0  0  0 -3  1  0  0  1  0 -1  0  1  0  1  0  0 -3  1  0    6   6   5   6   0   5   6   6   5   6   6   6   5   5   6   6   6   0   5   6  0.05 0.06
   99 A    0  0  0  0  1  0  0 -1  1  0 -1  0  1  0  0  0  0 -3  1  0    5   5   5   5   5   5   5   5   5   5   5   5   5   5   5   5   5   0   5   5  0.03 0.05
  100 I    0  0  0  0  1  0  0 -1  1  0 -1  0  1  0  0  0  0 -3  1  0    5   5   5   5   5   5   5   5   5   5   5   5   5   5   5   5   5   0   5   5  0.03 0.05
  101 F    0  0  0  0 -3  1  0 -1  1  0 -1  0  1  0  0  0  0  3  1  0    5   5   5   5   0   5   5   5   5   5   5   5   5   5   5   5   5   5   5   5  0.07 0.08
  102 G    0  0  1  0 -3  1  0  0  2  0 -1  0  1  0  1  0  0 -3  1 -2    6   6   6   6   0   6   6   6   6   6   6   6   6   6   6   6   6   0   6   0  0.07 0.09
  103 P   -1  1  1  0 -4  1  0 -1  1 -1 -2  1  0  0  3  0  0 -4  0 -1    5   6   6   5   0   5   4   4   4   3   4  10   3   4  16   8   7   0   4   3  0.21 0.17
  104 V    0  0  0  0 -3  1  0  0  1  0 -1  0  1  0  1  0  0 -3  1  0    6   6   5   6   0   5   6   6   5   6   6   6   5   5   6   6   6   0   5   6  0.05 0.06
  105 L    0  0  0  0  1  0  0 -1  1  0 -1  0  1  0  0  0  0 -3  1  0    5   5   5   5   5   5   5   5   5   5   5   5   5   5   5   5   5   0   5   5  0.03 0.05
  106 D    0  0  0  0 -3  1  0 -1  1  0 -1  0  1  0  0  0  0  3  1  0    5   5   5   5   0   5   5   5   5   5   5   5   5   5   5   5   5   5   5   5  0.07 0.08
  107 K    0  0  0  0  1  0  0 -1  1  0 -1  0  1  0  0  0  0 -3  1  0    5   5   5   5   5   5   5   5   5   5   5   5   5   5   5   5   5   0   5   5  0.03 0.05
  108 A    0  0  1  0 -3  1  0  0  2  0 -1  0  1 -2  1  0  0 -3  1  0    6   6   6   6   0   6   6   6   6   6   6   6   6   0   6   6   6   0   6   6  0.07 0.08
  109 T    0  0  0  0  2  1  0 -1  1  0 -1  0  1  0 -3  0  0 -3  1  0    6   6   5   6   5   5   6   6   5   6   6   6   5   5   0   6   6   0   5   6  0.04 0.07
  110 R    0  1  1 -2 -3  1  0  0 -2  0  0  1 -1 -2  1  0 -1  4 -2  0    8   8   7   0   0   7   8   8   0   8   8   8   0   0   8   8   0   7   0   8  0.14 0.11
  111 E   -1 -2  0  0 -4  1  5 -1  1 -1 -4 -2 -3 -4  0  0  0 -5 -4 -1    4   0   5   4   0   5  46   4   4   4   1   0   0   0   5   4   5   0   0   5  0.65 0.36
  112 S    2  1  0 -1 -3  0 -2 -1 -2 -1 -1  0  0 -1  2  2  1 -4 -3  0   18   9   4   4   0   4   0   4   0   4   4   4   3   3   9  16   9   0   0   6  0.19 0.15
  113 A    3  1 -2 -3 -2 -2  0  0  1  0  0 -2 -1  0  0  0 -1 -3 -2  0   37   8   0   0   0   0   5   6   4   5   8   0   0   5   5   7   0   0   0   8  0.23 0.19
  114 F    0 -2 -2 -3  2  1 -2  0 -2  0  0  0  2  1 -3  0 -1  4  2  0    8   0   0   0   7   7   0   8   0   8   8   8   7   7   0   8   0   7   7   8  0.14 0.14
  115 V    0 -2 -2 -2 -2  1  0  0 -2  1  0 -1  2  1  1  0  1 -3 -2  0    8   0   0   0   0   8   8   8   0   8   8   0   8   8   8   8   8   0   0   8  0.11 0.10
  116 H   -2 -1  1 -1  0  0 -1 -2  4 -3 -1  0  2  2 -1 -1 -1  2  5 -1    3   3   7   3   3   5   3   3  11   0   5   5   5   7   3   4   3   3  20   4  0.42 0.27
  117 A    4 -3 -2  0  1 -2 -2  1 -3  0 -2 -2  0 -3 -3  2  0 -4 -3  0   45   0   0   5   3   0   1   8   0   5   3   1   2   0   0  16   3   0   0   5  0.52 0.31
  118 I   -1 -3 -3 -4 -3  0 -3 -4 -3  4  1 -3  2  1 -1  0  1 -3  0  1    5   0   0   0   0   4   0   0   0  31  13   0   6   7   3  10   9   0   3   7  0.36 0.25
  119 A    0  1 -1 -1 -3  0 -1 -1  1  0  0  0  0 -1 -2  1  1  2 -1 -1   10   9   2   4   0   2   2   3   5   8  10   6   4   2   0  16   8   4   2   3  0.10 0.11
  120 S    0  1  1  1 -3  1  1  0  2  0 -1 -1 -1 -2 -2  1  1 -3 -2 -1    8   8   8   8   0   8   8   8   8   8   8   0   0   0   0   8   8   0   0   0  0.14 0.10
  121 A    4 -3 -3 -3  2  0 -2  1 -3 -2 -1 -2  1 -3 -2  1  0 -4 -3  0   56   0   0   0   5   5   0   9   0   0   4   0   4   0   0   6   4   0   0   5  0.61 0.31
  122 G    1 -3  1 -2 -3 -1 -2  4 -3 -1 -3 -2  0 -1 -3  1  0 -4 -3 -1   15   0   6   0   0   3   0  47   0   4   1   0   2   3   0  10   4   0   0   3  0.61 0.25
  123 V    0 -1 -3 -3  2  0 -1 -2 -3  2  1 -2  2  0 -3 -1  0 -3 -2  3    9   2   0   1   6   5   4   3   0  10  12   1   6   4   0   3   4   0   0  30  0.20 0.13
  124 A    2 -2 -3 -2 -3 -2 -2  0  1  0  0 -3  2 -1 -2  0  2  0 -3  2   19   2   0   2   0   0   2   6   4   5   7   0   7   2   2   7  17   1   0  16  0.24 0.23
  125 F   -2 -1  1 -2 -1  1 -1 -4  6 -1  0 -3 -1  1 -4  0 -2  3  4 -2    4   3   6   2   2   6   4   1  23   4   8   0   2   5   0   6   2   4  16   2  0.58 0.36
  126 A    2  0 -1 -1  1  0  0 -1  0 -1  0  0  0 -1 -3  1  2 -4 -1 -1   21   4   2   2   4   2   6   3   2   2   9   4   2   3   0  12  15   0   2   4  0.16 0.17
  127 V   -1  1 -3 -4 -3 -3 -3 -4  1  2  2 -3  1  2 -3 -1  0  3  1  2    4   8   0   0   0   0   0   1   4  17  18   0   4   9   0   4   4   4   4  16  0.30 0.20
  128 T    0 -2 -2  0  2  1 -2  0  2  0 -2  0  1  1  1  0  0  3  1  0    6   0   0   6   6   6   0   6   6   6   1   6   6   6   6   6   6   6   6   6  0.12 0.16
  129 R   -1  4  0 -1  2  1  0 -4  0 -1 -2  1  0 -2 -3 -1  1  3 -3 -2    4  28   5   3   5   5   7   0   2   3   3  10   2   2   0   3  11   5   0   2  0.40 0.30
  130 S    3  0  1  0 -3  0  0  0 -2 -1 -1 -1 -2 -1 -3  1 -1 -4 -1 -1   31   6   6   6   0   4   6   7   0   4   5   3   0   2   0  11   3   0   2   3  0.22 0.22
  131 C   -3 -2 -6 -7 10 -1 -3 -6 -6 -5 -3 -2 -5 -2 -6 -2 -5 -6 -2 -3    2   3   0   0  75   3   2   0   0   0   2   3   0   2   0   3   0   0   2   2  2.90 1.07
  132 A    1  2 -1 -1 -4  1 -3 -2 -1 -1 -1  0 -1 -2 -4  3  0  1 -1 -1   14  12   2   3   0   7   0   2   1   3   7   5   2   1   0  29   4   2   2   3  0.36 0.32
  133 E    0  2 -1  0  0  1  2 -1  0 -2 -1  1  0 -2 -1  0  0  0 -1 -2    7  12   3   4   2   7  17   3   2   1   7  10   3   1   3   7   6   2   2   2  0.19 0.17
  134 G    0  0  1  0 -3  1  0  0  2 -2 -3  0 -2  1  1  0  0  3  1 -1    6   6   6   6   0   6   6   6   6   0   1   6   0   6   6   6   6   6   6   6  0.16 0.14
  135 T    0  1  2  1 -5  0  0 -3  0  0  0  1 -1 -1 -1  0  1  0 -1 -1    6   9  10   7   0   4   6   1   3   6  11   9   1   2   3   7   8   1   2   3  0.11 0.13
  136 S   -1 -1 -2 -3  1 -1 -2 -1  0  2  3 -1  2  0 -1  1 -3 -1 -3 -2    4   4   2   2   3   3   3   5   3  13  26   4   5   4   4  11   1   1   1   2  0.32 0.21
  137 T    0  1 -1  0  0  0  1 -1  0 -3 -1  0  1 -3  2  1  2  0 -1 -3    8   8   3   5   2   4   8   4   2   2   6   7   4   1  11   9  11   1   2   2  0.16 0.16
  138 I    0  0  0  0 -1  1  1 -1  1 -1  0  0  0 -2 -1  1  0  0  0  0    6   5   5   5   1   6   9   4   3   3  10   6   2   2   3  10   6   1   3   8  0.05 0.06
  139 C   -1  0  0 -1  9  0 -4 -1  1 -5 -5 -1 -5  0  0 -1 -4 -5 -5 -4    5   4   5   4  47   4   0   4   4   0   1   4   0   4   4   5   0   0   0   0  1.36 0.63
  140 G    0  0  0  0 -3  1  0  0  1  0 -1  0  1  0  1  0  0 -3  1  0    6   6   5   6   0   5   6   6   5   6   6   6   5   5   6   6   6   0   5   6  0.05 0.06
  141 C   -1  0 -4 -1  9  0 -4 -1 -5  0 -1 -1 -4 -5 -5 -1 -4 -5 -5 -1    6   5   0   5  48   4   0   6   0   5   6   5   0   0   0   5   0   0   0   5  1.38 0.56
  142 D    0  0  1  0 -3  1  0  0  2 -2 -1  0  1  0  1  0  0 -3  1 -1    6   6   6   6   0   6   6   6   6   0   6   6   6   6   6   6   6   0   6   6  0.08 0.09
  143 S    0  1  1 -1  0  1  0  0  1 -1 -2  0  0 -1  0  2  1 -4  0 -1    7   7   6   3   3   6   4   6   3   3   3   5   3   3   5  15   9   0   3   4  0.11 0.12
  144 H    0  1  1 -1 -4  0  0 -2  2 -1 -1  1  0 -1  1  1  0  1  0 -1    6  10   8   3   0   4   6   3   6   3   5   7   3   3   7  12   7   2   3   4  0.13 0.14
  145 H    0  0  0  0 -3  1  0 -1  1  0 -1  0  1  0  0  0  0  3  1  0    5   5   5   5   0   5   5   5   5   5   5   5   5   5   5   5   5   5   5   5  0.07 0.08
  146 K    0  0  0  0 -3  1  0 -1  1  0 -1  0  1  0  0  0  0  3  1  0    5   5   5   5   0   5   5   5   5   5   5   5   5   5   5   5   5   5   5   5  0.07 0.08
  147 G    0  0  0  0 -3  1  0  0  1  0 -1  0  1  0  1  0  0 -3  1  0    6   6   5   6   0   5   6   6   5   6   6   6   5   5   6   6   6   0   5   6  0.05 0.06
  148 P    0  1  0  0 -4  1  1 -1  1 -1 -1  1  0  0  2  0  0 -4  0 -1    5   7   5   4   0   8   7   5   4   5   4   8   3   4  10   8   5   0   3   5  0.12 0.12
  149 P    0  0  0  0  1  0  0 -1  1  0 -1  0  1  0  0  0  0 -3  1  0    5   5   5   5   5   5   5   5   5   5   5   5   5   5   5   5   5   0   5   5  0.03 0.05
  150 G    0  1  2  1  0  0 -1  2  1 -2 -1  0 -1 -1  0  0  0 -4 -1 -2    7   7  10   7   2   4   4  17   3   2   5   4   2   2   5   8   5   0   2   3  0.14 0.13
  151 E   -1  1  0  2 -4  1  2 -1  1 -1 -2  0  0 -1  0  0 -1  1  0  0    4   6   5  11   0   6  16   4   3   3   3   6   3   3   4   6   4   3   3   7  0.16 0.16
  152 G    0  0  1  0 -3  1  0  0  2 -2 -1  0  1  0  1  0  0 -3 -2  0    6   6   6   6   0   6   6   6   6   0   6   6   6   6   6   6   6   0   0   6  0.09 0.10
  153 W   -3  0  0 -4 -4  0 -2 -4 -3  0 -1 -1  1  3  0 -2 -1  8  1 -1    1   5   6   0   0   5   3   1   0   5   5   4   5  16   4   2   5  23   5   3  0.74 0.43
  154 K   -1  1  0  0 -3  1  0 -1  1 -1 -1  2 -1  1 -3  0 -1  2  1  0    4   8   6   4   0   8   6   3   3   3   7  16   2   6   0   5   3   3   5   9  0.12 0.13
  155 W   -3  0 -1 -4  0 -3 -2 -2  0 -1  0 -1  1  0 -1 -1  0  9  2 -1    0   4   4   0   2   0   3   3   2   3   8   4   3   4   3   6   6  33   5   4  0.94 0.48
  156 G    0  1  0  1 -3  0  1  2  2 -3 -1  0 -2  0 -3  1  0 -3  0 -1    5   8   4   6   0   5   7  19   7   0   5   5   0   5   0  10   5   0   4   3  0.17 0.14
  157 G    0  0  1  0  2  1  0  0 -2 -2 -1  0  1 -2  1  0  0 -3  1  0    6   6   6   6   6   6   6   6   0   0   6   6   6   0   6   6   6   0   6   6  0.08 0.10
  158 C    0  1 -2 -3  2  1 -2  0  2 -2  0 -2  2  1 -3  0  0  4  2 -2    8   8   0   0   7   7   0   8   7   0   8   0   7   7   0   8   8   7   7   0  0.19 0.17
  159 S    1  1  0  0 -3  1 -1  0  0 -3 -2  0  1 -4  1  3  0 -4 -3 -2   11   8   4   5   0   5   3   7   2   0   3   6   6   0   8  25   3   0   0   3  0.27 0.24
  160 E   -1 -1  0  3 -4  1  2 -2  2 -2 -1  0  1  0  0  0  0 -4 -1 -2    3   2   2  24   0   6  11   2   6   2   5   5   4   5   3   6   6   0   2   3  0.25 0.21
  161 D   -2 -3  5  3 -5  0 -1 -1  0 -5 -5 -1 -4 -2 -2 -1 -1 -5 -1 -2    3   0  38  20   0   4   3   4   2   0   1   3   0   2   2   4   3   0   2   3  0.81 0.56
  162 A   -1 -2 -3 -1  0 -1 -2 -4 -3  3  1 -2  1  0 -1 -2 -1  1  0  2    5   2   0   3   2   2   3   0   0  23  14   3   3   3   3   2   3   2   3  20  0.25 0.26
  163 D    0  1  0  1 -3  1  1 -1  1 -1 -1  1  0 -1  0  0  0 -3  0 -1   10   8   3  11   0   6   7   4   4   3   4  11   3   3   5   5   5   0   3   5  0.09 0.12
  164 F    0  0  0  0 -3  1  0 -3  2  0 -1  0  1  1 -3  0  0  3  1  0    6   6   5   6   0   5   6   0   5   6   6   6   5   5   0   6   6   5   5   6  0.07 0.13
  165 G    0 -1  0 -1  1  0 -3  4 -3 -1 -2 -1  1 -3 -4  0 -2 -4  0 -1    9   3   5   4   4   4   0  36   0   3   4   4   4   0   0   7   0   0   3   5  0.36 0.30
  166 V    0  0 -1  0 -3 -1  0 -2  0  1  0 -1  2  1 -2 -1  0  2  2  1    6   5   3   4   0   2   7   2   2  10   9   2   6   5   2   5   6   3   7  12  0.09 0.10
  167 L    0  3 -1 -1 -1  1  0 -2  2 -1 -2  2  2 -1 -1 -1 -1  1 -1 -2    8  18   3   4   1   6   6   2   4   4   4  15   5   2   3   4   4   2   2   2  0.25 0.21
  168 V   -1 -1 -2 -5 -1 -1 -3 -3 -2  2  0 -1  2  6 -5 -2 -2  2  1  1    4   3   2   0   1   3   2   2   1  11   6   4   5  34   0   3   2   3   5   9  0.63 0.40
  169 S    2 -1 -3 -1  0  0  0  1  0 -4 -1 -1 -1 -4 -4  3  2 -5 -4 -1   17   3   0   3   2   4   6   9   2   0   5   3   2   0   0  29  12   0   0   3  0.42 0.36
  170 R   -2  4  0  0 -5  2  0 -1  0 -2 -3  3 -1 -1 -2  0 -1 -5 -1 -1    3  27   4   4   0   8   4   4   2   2   2  16   2   3   2   7   2   0   3   4  0.43 0.35
  171 E    0  2  0  1 -4  1  1 -2  0 -1 -2  2  0 -1  1  0  0  0 -1 -2    6  10   4   7   0   5  12   3   2   3   4  17   3   3   6   5   7   2   2   2  0.20 0.19
  172 F    0  0 -2  0  2 -1  0 -1  1  0 -1  0  1  0  0  0  0  3  1  0    5   5   0   5   5   0   5   5   5   5   5   5   5   5   5   5   5   5   5   5  0.03 0.11
  173 A    0  0 -2  0 -3  1 -2  0 -2  0  0  0  1  1  1  0  0  3  1  0    6   6   0   6   0   6   0   6   0   6   6   6   6   6   6   6   6   6   6   6  0.09 0.12
  174 D    0  0  1  0 -3  1  0  0  2  0 -1  0  1 -2  1  0  0 -3  1  0    6   6   6   6   0   6   6   6   6   6   6   6   6   0   6   6   6   0   6   6  0.07 0.08
  175 A   -1  0  0  0  2  0  0 -1  2  0 -1  0  1  0  0 -1  0  3  1 -1    5   5   5   5   5   5   5   5   5   5   5   5   5   5   5   5   5   5   5   5  0.04 0.08
  176 R   -1  0  0  0 -3  0  0 -1  1  0 -1  0  1  0  0  0  0  3  1 -1    5   5   5   5   0   5   5   5   5   5   5   5   5   5   5   5   5   5   5   5  0.03 0.09
  177 E   -1  0  0  1 -5  1  4 -1  1 -1 -2  0  0 -1  0 -1 -1  2  0 -1    3   6   3   6   0   6  28   4   4   3   4   5   3   3   4   5   3   3   3   4  0.30 0.29
  178 N    0  0  0  0 -3  1  0 -1  1  0 -1  0  1  0  0  0  0  3  1  0    5   5   5   5   0   5   5   5   5   5   5   5   5   5   5   5   5   5   5   5  0.07 0.08
  179 R    0  0  0  0 -3  1  0 -1  1  0 -1  0  1  0  0  0  0  3  1  0    5   5   5   5   0   5   5   5   5   5   5   5   5   5   5   5   5   5   5   5  0.07 0.08
  180 P    0  0  0  0 -3  1  0 -1  1  0 -1  0  1  0  0  0  0  3  1  0    5   5   5   5   0   5   5   5   5   5   5   5   5   5   5   5   5   5   5   5  0.07 0.08
  181 D   -1  0  1  3  2  0  0 -1  1 -1 -2  0  0 -1 -1  0  0 -4  0 -1    3   5   8  20   5   4   5   4   4   4   3   6   3   3   3   8   5   0   3   4  0.19 0.19
  182 A    0  0  0  0  1  0  0 -1  1  0 -1  0  1  0  0  0  0 -3  1  0    5   5   5   5   5   5   5   5   5   5   5   5   5   5   5   5   5   0   5   5  0.03 0.05
  183 R    0  0  0  0 -3  1  0 -1  1  0 -1  0  1  0  1  0  0  3 -2  0    6   6   5   6   0   5   6   6   5   6   6   6   5   5   6   6   6   5   0   6  0.07 0.09
  184 S    2  1  0  0 -2  0 -1  1 -1 -2 -1  0 -2 -2 -2  3  0  0 -1 -2   15   7   4   5   1   4   3   9   1   1   6   5   1   2   2  23   6   2   2   2  0.21 0.22
  185 A    0  1 -1 -2 -3  1  0 -2 -1  0  2  1  1 -1 -1  0  0 -4 -1 -1    6  10   3   2   0   5   5   3   1   6  26   7   3   2   3   7   6   0   2   3  0.12 0.15
  186 M   -2 -2 -5 -5 -4 -4 -2 -2 -5  2  2 -4  6 -1 -1 -3 -1 -5 -1  3    2   2   0   0   0   0   2   4   0  13  17   0  27   2   4   2   4   0   2  18  0.72 0.45
  187 N    0  1  5  2 -5  1  0 -3  2 -2 -2 -1 -1 -2 -4 -1 -1  2 -2 -1    7   9  32   9   0   5   5   1   5   2   5   2   2   2   0   3   3   3   1   5  0.49 0.35
  188 K    0  1 -1 -1 -4  1  0 -2  0  0  2  1  0  0 -3 -1 -1 -4 -3  0   10   8   2   4   0   7   6   2   3   4  26  12   2   4   0   3   3   0   0   5  0.16 0.18
  189 H   -2 -1 -1 -4  1  1 -1 -5  8 -4 -1 -1  1 -1  1  0 -4  2  1 -1    2   3   2   0   3   6   3   0  41   0   5   4   3   2   6   6   0   3   4   5  1.00 0.54
  190 N   -4  0  6  1 -5  0  0  0  2 -5 -5  0 -4  0  0  0 -3 -5 -4 -1    0   5  43   6   0   4   5   6   4   0   0   5   0   5   4   5   0   0   0   5  0.88 0.48
  191 N   -1  0  2  1 -3  0  0 -1  1  0 -1  0  0 -1  2  1  0 -3  1 -1    3   5  11   7   0   5   3   5   4   6   4   5   3   3   9  12   4   0   7   3  0.13 0.12
  192 E   -1  3  1 -1 -5  1  3 -2  1 -2 -2  2  0 -2 -1 -1 -3  0 -2 -2    4  18   9   2   0   5  22   3   4   2   3  10   3   2   3   4   0   1   2   2  0.37 0.28
  193 A    2  0 -3 -4  0 -1 -1 -1 -3  0  1 -3  0  0  0 -1 -1 -4 -3  3   23   7   0   0   2   2   4   5   0   4  13   0   3   4   4   3   3   0   0  22  0.26 0.23
  194 G    0  1 -1  1  3 -1  1  1 -2 -2 -2 -1 -2  1  2  1 -1 -3 -2  0   10  10   0  10   9   0  10  10   0   0   1   1   0   9  10  10   1   0   0  10  0.15 0.10
  195 R    0  0 -2 -2 -3  1  0  0  2  0  0  0  1 -2  1  0  0  3  1  0    6   6   0   0   0   6   6   6   6   6   6   6   6   0   6   6   6   6   6   6  0.12 0.13
  196 T    0  0  1  0 -3  1  0  0  2  0 -1  0  1 -2 -3  0  0  3  1  0    6   6   6   6   0   6   6   6   6   6   6   6   6   0   0   6   6   6   6   6  0.09 0.11
  197 T    0  0  0  0 -3  1  0  0  2  0  0 -1  1  1  1  0  0 -3  1  0    6   6   6   6   0   6   6   6   6   6   6   0   6   6   6   6   6   0   6   6  0.06 0.09
  198 I    0 -2  1  0  2  1  0 -3 -2  0  0 -2  1  1  1  0  0 -2  1  0    7   0   7   7   6   7   7   0   0   7   7   0   6   6   7   7   7   0   6   7  0.09 0.12
  199 L   -1  0 -1 -1  3  1  1 -2  1  0  0  1  2 -1 -1 -1 -1  2  0  0    4   6   3   4   7   7   8   3   3   5  11   8   5   3   4   5   4   3   3   6  0.10 0.07
  200 D    0  0  1  0 -3  1  0  0  2 -2 -1  0  1  1 -3  0  0 -3  1  0    6   6   6   6   0   6   6   6   6   0   6   6   6   6   0   6   6   0   6   6  0.08 0.10
  201 H    0  0  0  0 -3  1  0  0  1  0 -1  0  1  0  1  0  0 -3  1  0    6   6   5   6   0   5   6   6   5   6   6   6   5   5   6   6   6   0   5   6  0.05 0.06
  202 M   -1  0 -1 -2 -7 -1 -2 -2  1 -1  2 -1  6 -1 -7 -1 -1  2  0  0    5   5   3   3   0   3   3   4   3   4  18   4  21   3   0   4   5   3   3   7  0.54 0.34
  203 H   -1  0  0  0  2  0  0 -1  2  0 -1  0  2  0  0 -1  0  3  1 -1    5   5   5   5   5   5   5   5   5   5   5   5   5   5   5   5   5   5   5   5  0.09 0.08
  204 L    0  0  0  0 -3  1  0 -1  1  0 -1  0  1  0  1  0  0  3 -2  0    6   6   5   6   0   5   6   6   5   6   6   6   5   5   6   6   6   5   0   6  0.07 0.09
  205 K    0  0  0  0 -3  1  0  0  1  0 -1  0  1  0  1  0  0 -3  1  0    6   6   5   6   0   5   6   6   5   6   6   6   5   5   6   6   6   0   5   6  0.05 0.06
  206 C    0 -1  0 -1  4 -1 -1 -1  3 -2 -2 -1 -1 -2 -1  1  2 -2 -1 -1    1   1   1   1  17   1   1   1  17   1   2   1   0   1   1  18  18   0   1   1  0.17 0.03
  207 K   -1  2 -1 -3 -5  0 -1  0  1 -2 -4  4 -3 -4  1  0  1 -5  0 -2    4  13   2   0   0   2   2   7   3   2   0  35   0   0   6   5  11   0   3   3  0.49 0.29
  208 C   -1  0 -5 -5  9 -4 -1 -5 -5 -4 -4 -4 -4  1 -5 -1 -3 -5 -4  0    5   6   0   0  62   0   4   0   0   0   0   0   0   5   0   4   0   0   0   6  1.87 0.64
  209 H    0  0  0 -2  2  1  0 -3  2  0  0 -1  1  1  1  0  0 -3  1  0    6   6   6   0   6   6   6   0   6   6   6   0   6   6   6   6   6   0   6   6  0.09 0.13
  210 G    2  1 -2  1 -4 -3 -3  5 -4 -5 -5  1 -4 -5 -4  0 -3 -5 -5 -4   15   8   0   9   0   0   0  49   0   0   1   8   0   0   0   8   0   0   0   0  0.91 0.33
  211 L    0 -2  1 -3 -3  1 -2 -3  2  0  0  0  2  1  1  0  0  4  1  0    7   0   7   0   0   7   0   0   6   7   7   7   6   6   7   7   7   6   6   7  0.16 0.16
  212 S   -2  0 -3 -3  3 -2  0  0 -2  0 -2 -2  2  1  1  0  0  4  2  0    0   8   0   0   8   0   8   8   0   8   0   0   8   8   8   8   8   8   8   8  0.19 0.18
  213 G    0  0  1  0 -4  0  0  4 -2 -4 -4  1 -3 -5  1  0  1 -5 -4 -4    9   5   8   5   0   5   5  34   0   0   0   8   0   0   8   5   8   0   0   0  0.50 0.21
  214 S    0 -2  1  1  3  1 -1  0 -2 -2  0 -2  2 -3  2  1  1 -4 -3 -2    9   0   9   9   9   9   0   9   0   0   9   0   9   0   9   9   9   0   0   0  0.21 0.14
  215 C    0  2 -1 -2  4 -1 -1 -2 -1 -1  1  0  0 -1 -2  1  0 -2 -2 -1    2  21   1   1  20   1   1   1   0   1  22   1   0   1   1  21   1   0   1   1  0.19 0.02
  216 E    1 -2  0 -1 -3  1  1 -1  3  0 -1 -2 -2 -1  1  1  2 -4 -2 -1   13   0   4   3   0   6   8   3  10   5   5   0   0   3   6  12  17   0   0   4  0.20 0.14
  217 V    0 -2  1  0 -3  1  0  0  2  0  0 -2  1  1 -3  0  0 -2  1  0    7   0   7   7   0   7   7   7   6   7   7   0   6   6   0   7   7   0   6   7  0.07 0.11
  218 K   -2  3 -1 -3 -4  2 -1  0  1 -2 -2  4  0 -2 -3 -1 -1 -4 -1 -2    1  17   3   0   0   8   2   8   4   2   3  38   3   2   0   2   2   0   2   2  0.57 0.29
  219 T    1 -3 -2 -3  1 -2 -3 -3  0  1 -2 -1  0 -1 -3  1  5 -4 -1  0   14   0   0   0   4   0   1   1   2   7   3   2   2   2   0   8  41   0   3   6  0.52 0.31
  220 C    0 -1 -1 -1  4 -1 -1  2 -2 -1 -2 -1 -1 -2 -1  0  2 -2 -2 -1    2   1   1   1  20   1   1  21   0   1   2   1   0   1   1   1  21   0   1   1  0.15 0.01
  221 W    1 -1 -3 -4  1  0 -1 -4  1 -1 -1 -1  1  0 -4 -1 -3  9  1 -1   14   4   0   1   3   4   4   1   3   4   4   4   3   4   1   4   1  36   4   4  1.02 0.29
  222 W    0  4 -1 -2 -4  1 -1 -3  1 -2  0  3  1 -2 -3 -2 -1  3 -1 -2    7  25   3   2   0   6   2   1   3   2   9  20   4   1   0   2   4   5   2   2  0.45 0.28
  223 A    0  2 -1 -2 -1  2  0 -1 -1 -1  0  2 -1 -2 -3  1  1 -1 -2  0    9  12   2   2   1  13   3   4   1   2  11  11   1   1   0   9   8   1   1   6  0.17 0.16
  224 Q   -2  0 -4 -5 -4 -1 -3 -1 -2  0  4 -4  4 -1 -2 -2 -1 -4 -4  1    2   5   0   0   0   3   1   6   1   3  44   0  14   2   2   2   4   0   0   8  0.59 0.36
  225 P    0  1  1  1 -3  1  1  0  2  0 -1  0 -1 -3  1  0  0 -4 -2  0    7   7   7   7   0   7   7   7   6   7   7   7   0   0   7   7   7   0   0   7  0.11 0.08
  226 D   -1  1  2  3 -4  0  0 -1  1 -2 -2  1 -3 -2  3  1  0 -5 -1 -2    3   6   9  16   0   3   6   4   4   2   3   7   0   2  13  10   7   0   2   3  0.29 0.22
  227 F   -2 -5 -5 -2 -5 -5 -5 -5 -4  1  1 -2  2  6  0 -2 -1  2  0 -1    3   0   0   3   0   0   0   0   0   6  16   3   5  41   5   3   3   3   3   4  0.94 0.51
  228 R   -1  0  0  0  2  0  0 -1  2  0 -1  0  1  0  0 -1  0  3  1 -1    5   5   5   5   5   5   5   5   5   5   5   5   5   5   5   5   5   5   5   5  0.04 0.08
  229 A   -1  0  0  1 -4  1  3 -2  3 -1 -2  1  0 -2 -2 -1  0  1 -1  0    5   5   3   7   0   6  20   3   8   3   4   9   2   2   2   5   5   2   2   7  0.24 0.20
  230 I    0 -2 -2 -2 -2 -1  0 -3 -2  1  0 -2  2  1  2  0  1 -2  2  1    9   0   0   0   0   0   9   1   0   9   9   0   9   9   9   9   9   0   9   9  0.15 0.10
  231 G    2 -1  0 -2 -3  0 -1  3  1 -1 -1 -1  1  0 -3  0  0 -4 -3 -1   20   3   4   0   0   4   4  29   3   3   4   3   4   4   0   5   4   0   0   4  0.28 0.19
  232 D    0  0  1  1 -3  1  1 -1  0 -1 -1  1 -1 -1  0  0  0 -3 -1 -1   11   3   7   9   0   7   8   5   2   5   5  13   2   2   5   5   7   0   3   3  0.12 0.09
  233 F    0  1 -1 -1 -3  0 -1 -2  1  1  1  1  0  1 -3 -1 -1  1  2  0    8   9   2   3   0   3   3   2   4   9  14   8   3   7   0   3   4   3   9   7  0.08 0.09
  234 L   -2 -4 -5 -5 -4  0 -5 -3 -5  2  5  0  1  0 -5 -3 -4 -5 -4  0    2   0   0   0   0   4   0   2   0  14  58   6   3   3   0   2   0   0   0   4  0.90 0.46
  235 K   -1  2 -3 -3 -4  1 -1 -2  0 -2 -1  5  2 -1 -3 -1 -1  1 -1 -1    4  11   0   0   0   4   3   2   2   2   5  41   5   3   0   3   3   2   2   4  0.54 0.41
  236 D    0  1  1  1 -4  2  2 -2  1 -1 -1  2  0 -1 -3  0  0 -4 -1 -2    6   8   6   9   0   8  14   3   4   3   5  15   3   2   0   6   4   0   3   2  0.21 0.17
  237 K   -1  3 -1 -3 -5  1 -1 -2  0 -1  0  4  0 -1 -4 -1 -1 -4 -1 -2    3  18   2   0   0   5   2   2   2   3   9  35   3   2   0   3   4   0   2   2  0.51 0.38
  238 Y   -2 -4 -2 -5 -5 -4 -5 -5  2 -4 -2 -2  0  4 -2 -2 -2 -2  7 -1    3   0   2   0   0   0   0   0   5   0   3   2   3  15   2   2   2   0  53   3  1.47 0.71
  239 D   -1  1  2  3 -4  1  2 -2  2 -1 -2  0 -1 -2 -3  0 -1 -4 -1 -2    3   7  10  23   0   5  14   3   7   3   5   4   1   2   0   6   3   0   3   2  0.35 0.25
  240 S    0  1  2 -1 -2  1  0  1  1 -2 -2  1  0 -2  0  1  0 -4 -1 -2    6   8   9   3   1   5   6  13   4   1   4  11   2   1   3  12   5   0   2   2  0.17 0.15
  241 A    0  1 -1  0 -3 -1 -1  0 -2  0  0  0 -1  1  1  0  0 -2  1  0    8   8   0   8   0   0   0   8   0   8   8   8   0   7   8   8   8   0   7   8  0.07 0.08
  242 S    0  0  0 -1  0  0 -1 -1  0  1 -1 -1  0  0  1  1  0 -3  0  0    9   7   4   3   3   4   3   5   3   8   6   3   3   5   6  14   5   0   4   7  0.05 0.07
  243 E   -1  2 -1 -1 -5  2  1 -2  3 -2 -2  3  0 -2  0 -2 -1 -4 -1 -1    4  12   3   3   0  11  10   2   8   3   3  17   3   2   5   2   3   0   2   6  0.29 0.26
  244 M   -1 -1 -2 -4 -4  0 -2 -2 -4  1  1 -1  3  1 -2 -1 -1 -4 -1  4    3   3   2   0   0   5   2   3   0   6  11   4   8   5   2   4   4   0   2  35  0.40 0.31
  245 V    0  0  0  0 -3  1  0 -1  1  0 -1  0  1  0  0  0  0  3  1  0    5   5   5   5   0   5   5   5   5   5   5   5   5   5   5   5   5   5   5   5  0.07 0.08
  246 V    0 -1 -1 -1 -3  0 -1 -1  0  1  0 -1  1  0  0  0  0  2  1  2    6   4   3   4   0   3   3   4   3  10   8   3   5   5   5   8   4   3   5  16  0.06 0.09
  247 E    0  0  0  0 -3  1  0  0  1  0 -1  0  1  0  1  0  0 -3  1  0    6   6   5   6   0   5   6   6   5   6   6   6   5   5   6   6   6   0   5   6  0.05 0.06
  248 K    0  0  0  0  1  0  0 -1  1  0 -1  0  1  0  0  0  0 -3  1  0    5   5   5   5   5   5   5   5   5   5   5   5   5   5   5   5   5   0   5   5  0.00 0.05
  249 H    0  1  1  0 -3  1  0  0  2 -1 -1  0  0 -1  0  0  0 -3  0 -1   10   6   8   4   0   5   6   6   7   4   5   7   3   3   4   7   5   0   3   5  0.09 0.09
  250 R   -1  0  0  0 -3  0  0 -1  1  0 -1  0  1  0  0  0  0  3  1 -1    5   5   5   5   0   5   5   5   5   5   5   5   5   5   5   5   5   5   5   5  0.03 0.09
  251 E    0  1  1  1  0  1  1  0  0 -1 -1  1  0 -3  0  0  0 -4 -1 -1    7   6   7   7   2   5   8   8   3   3   6  11   3   0   3   8   7   0   2   4  0.11 0.11
  252 S    0  1  1 -1 -4  0 -1  0  1 -1 -2  0  1 -1  0  2  1  1 -1 -1    5   9   8   4   0   3   4   8   3   3   4   6   5   3   4  18   8   2   2   3  0.13 0.16
  253 R   -1  4  0  0 -4  0  0 -1  0 -2 -1  1  0 -1  0  0  0 -4 -1 -1    5  25   5   5   0   3   4   5   2   3   7   8   2   2   4   7   6   0   2   4  0.23 0.21
  254 G   -1  0  0  0  2  0  0 -1  2  0 -1  0  2  0  0 -1  0  3  1 -1    5   5   5   5   5   5   5   5   5   5   5   5   5   5   5   5   5   5   5   5  0.09 0.08
  255 W   -1  1  0 -1 -3  0  0 -1  0 -1  0  1  0  1  1  0  0  2  1 -1    4   9   5   3   0   4   5   4   2   4  11   8   2   6   6   7   5   3   7   5  0.07 0.08
  256 V    0  1 -1 -1  0  0 -1 -1  0  0  1  0  0  0  0  0  0 -3 -1  1    8  10   3   3   2   3   3   5   2   6  15   6   2   3   3   7   5   0   2  13  0.05 0.07
  257 E    0  1  0  0 -4  1  2 -1  2 -1 -1  1  0  0  1  0 -1  0 -1 -1    6   7   4   5   0   5  13   4   5   3   7   9   2   4   8   7   3   1   2   5  0.13 0.13
  258 T   -1  1  0 -1  1  0 -1 -1  1  0  0  0  0 -1  0  1  1  2  0 -1    6   9   5   4   3   4   4   5   3   4   8   6   3   3   5   9   9   3   3   5  0.06 0.06
  259 L    0  0  0  0 -3  1  0  0  1  0 -1  0  1  0  1  0  0 -3  1  0    6   6   5   6   0   5   6   6   5   6   6   6   5   5   6   6   6   0   5   6  0.05 0.06
  260 R   -1  3  1 -1 -4  1  0 -1  1 -1 -2  2  0 -1  0  0 -1  1 -1 -1    4  21   7   3   0   5   6   5   3   4   3  11   3   2   4   6   4   2   2   4  0.22 0.23
  261 A    0  0  0  0 -3  1  0 -1  1  0 -1  0  1  0  0  0  0  3  1  0    5   5   5   5   0   5   5   5   5   5   5   5   5   5   5   5   5   5   5   5  0.07 0.08
  262 K    0  2  0 -1 -4  1  0 -1  1 -1 -2  2  0 -3  0  0  0  1  0 -1    6  11   5   4   0   6   5   4   4   4   4  15   3   0   4   6   5   3   3   5  0.13 0.17
  263 Y    0  0  0  0 -3  1  0 -1  1  0 -1  0  1  0  0  0  0  3  1  0    5   5   5   5   0   5   5   5   5   5   5   5   5   5   5   5   5   5   5   5  0.07 0.08
  264 A   -1  0  0  0  2  0  0 -1  2  0 -1  0  2  0  0 -1  0  3  1 -1    5   5   5   5   5   5   5   5   5   5   5   5   5   5   5   5   5   5   5   5  0.09 0.08
  265 L    0  1  0  0 -3  1  1 -1  1  0  0  1  0 -1  0  0  0 -3 -1  0    5  10   4   4   0   6   8   4   4   7  10   7   2   2   4   7   5   0   2   8  0.06 0.05
  266 F   -1  1 -1 -1  1  0 -1 -1  1  0  0  0  0  2  0 -1 -1 -1  1  0    5  10   3   3   3   4   2   4   5   7   9   4   1  13   5   5   2   1   6   7  0.07 0.08
  267 K   -1  3  0 -1 -4  1  0 -2  0 -2 -2  4 -1 -4 -1  1 -1 -4 -3 -2    4  15   5   3   0   6   4   3   3   2   4  28   1   0   3  10   3   0   0   3  0.43 0.28
  268 P   -1  1  1 -2 -4  0 -1 -2  1 -2 -2  1  0 -2  5  0 -1 -1 -2 -1    3  10   7   2   0   4   3   3   4   3   3   8   2   2  28   9   3   1   1   4  0.51 0.29
  269 P    0 -1  0  0 -4 -2 -1 -3  0  0 -1  0 -1 -1  5 -1 -2 -4  0  0    7   4   4   5   0   2   3   2   2   5   7   6   1   2  34   5   2   0   3   7  0.57 0.30
  270 T   -1  2  0 -1 -4  0 -1  1  0 -1 -1  0  0 -2  0  1  3 -4 -3 -1    3  13   4   3   0   4   4   9   2   3   6   5   2   1   4  12  22   0   0   3  0.23 0.20
  271 E    0  1  1  1 -4  0  1 -1  2 -2 -2  2 -1 -2  1  0  0 -4 -1 -1    8   8   7   8   0   4   9   4   7   2   2  14   1   2   6   5   4   0   2   4  0.19 0.14
  272 R   -1  3  1  1 -4  1  1 -2  3 -2 -2  2 -1 -2 -1  0  1  0  0 -2    3  16   8   8   0   5   7   3   8   2   3  11   2   2   2   7   8   1   3   2  0.26 0.17
  273 D   -1 -1  1  5  0  1  2 -2  1 -1 -4 -1 -3 -1 -3 -1 -1 -4  0 -2    3   2   4  38   2   7  15   2   3   4   0   3   0   3   0   4   3   0   3   2  0.55 0.26
  274 L   -2  0 -4 -5 -3 -3 -4 -1 -4  2  4 -3  3  1 -4 -1 -2 -3 -2  1    0   7   0   0   0   0   0   7   0   9  49   0   8   6   0   6   0   0   0   7  0.48 0.21
  275 V    0 -2 -2 -3 -3  1 -2 -3  2  1  0 -2  2  2 -3  0  1  4  2  1    8   0   0   0   0   8   0   0   8   8   8   0   8   8   0   8   8   8   8   8  0.27 0.18
  276 Y    0 -3 -2 -4  3 -2 -3 -3  3 -1  0 -3 -1  2 -3  0 -1  5  3  0   11   0   0   0  11   0   0   0  11   0  11   0   0  11   0  11   0  11  11  11  0.36 0.14
  277 Y   -1 -2 -1 -4 -1 -1 -2 -1  0  2  3 -3  1  0 -4  0  1 -3  1  0    3   2   2   0   2   2   2   5   2  11  35   0   3   4   0   7   9   0   5   6  0.29 0.22
  278 E   -1  1  0  2 -5  2  3 -2  2 -1 -2  0  0 -4 -3 -1  0  2  0 -1    5   7   4  13   0   8  22   3   5   3   4   4   3   0   0   4   5   3   3   4  0.31 0.26
  279 N    0  0  1  1 -4  0  1 -1  1 -1 -2  1  0 -1  1  0  0 -4  0 -1    8   6   8  10   0   4  12   5   3   3   3  10   3   3   6   6   4   0   3   3  0.15 0.13
  280 S   -1  0 -1  0 -4 -2  0 -1 -3 -2 -4 -2 -4 -2  1  5  0 -5 -4 -2    2   6   2   4   0   0   4   3   0   2   0   0   0   2   6  52   5   0   0   2  0.61 0.40
  281 P   -1 -1 -2 -1 -4 -1  0 -3 -1 -1 -1 -1 -3 -2  6 -1  1  1  0 -2    3   4   2   2   0   2   6   1   1   4   5   3   0   2  42   4   9   2   4   2  0.82 0.27
  282 N   -2  0  3  4  2  0  0 -2  0 -3 -2  0  1 -4 -2  0 -1 -4 -4 -3    1   5  20  34   5   2   2   2   2   0   4   6   4   0   2   6   2   0   0   1  0.60 0.25
  283 F   -3 -4 -4 -4 -4 -3 -4 -4  1 -2  0 -2 -2  6 -2 -3 -1  2  6 -2    1   0   0   1   0   0   1   1   2   0   7   3   0  36   3   1   3   2  35   3  1.19 0.39
  284 C   -1 -5 -5 -5 10 -5 -5 -5 -5  1 -4 -5 -4 -4 -5 -3 -3 -5 -5 -3    6   0   0   1  77   0   1   1   0   9   1   1   0   0   1   1   1   0   0   1  2.62 0.65
  285 E    0  0  0  0 -3  1  0 -1  1  0 -1  0  1  0  1  0  0 -3  1  0    5   5   5   5   0   5   5   5   5   5   5   5   5   5   5   5   5   0   5   5  0.02 0.06
  286 P    1  2 -1 -3 -1  0  0 -2  2 -2 -2  1  0  0  3 -1  0  1  0 -1   12  11   2   0   2   3   7   2   5   2   3   7   3   5  13   4   5   2   3   4  0.18 0.20
  287 N    0  1  1  0 -3  1  0  0 -2  0  0  0  1  0 -2  0  0 -3 -2  0    7   7   7   7   0   7   7   7   0   7   7   7   6   6   0   7   7   0   0   7  0.06 0.08
  288 P   -1  1 -1 -1 -4  0 -1 -2  0 -1 -2  1  0 -1  4  0  0  2  0 -1    4   7   3   4   0   4   4   4   3   4   4   9   3   3  23   7   4   3   3   3  0.34 0.24
  289 E   -1  0  0  0 -3  0  0 -1  1  0 -1  0  1  0  0  0  0  3  1 -1    5   5   5   5   0   5   5   5   5   5   5   5   5   5   5   5   5   5   5   5  0.03 0.09
  290 T   -1  0  0  0 -3  0 -1 -1  2  0  1  0  0  0  0  0  2  1  1  0    5   5   5   4   0   4   3   3   5   5  13   4   3   3   3   5  14   3   5   8  0.07 0.10
  291 G    0  0  0  0  2  1  0  0  2  0 -1  0  1  1 -3  0 -2  3  1 -2    6   6   6   6   6   6   6   6   6   6   6   6   6   6   0   6   0   6   6   0  0.10 0.14
  292 S    0  0 -2 -3 -3  1 -2  0  2  0  0  0  1  1 -3  0  0  4  1  0    7   7   0   0   0   7   0   7   6   7   7   7   6   6   0   7   7   6   6   7  0.12 0.14
  293 F   -1  0  0  0  2  0  0 -3  1  0 -1  0  1  0  0  0  0  3  1  0    5   5   5   5   5   5   5   0   5   5   5   5   5   5   5   5   5   5   5   5  0.05 0.12
  294 G    0  0  1  0  2  1 -2  0 -2 -2 -1 -1 -2 -2  1  0  0  4  1  0    7   7   7   7   7   7   0   7   0   0   7   0   0   0   7   7   7   7   7   7  0.13 0.14
  295 T    0  1 -2 -3 -3  1 -2  0 -2  0  0  0  2 -2  1  0  0  4 -2  0    8   8   0   0   0   7   0   8   0   8   8   8   7   0   8   8   8   7   0   8  0.15 0.13
  296 R    0  3 -1 -3 -3  1  0 -2  1 -1  0  1  0 -1  0  0 -1  2 -1 -1    8  24   2   0   0   6   4   2   4   5   8   5   3   3   5   9   3   3   2   4  0.21 0.19
  297 D   -1 -1  2  0 -4  0 -1  4  0 -4 -4 -1  0 -4 -1  0 -2  1  0 -4    4   4  10   5   0   3   3  41   2   0   1   4   3   0   3   8   1   2   3   1  0.54 0.32
  298 R   -1  1  2 -1  3  0  1 -2  3 -3 -3  1 -2 -3  2  1 -1 -3 -2 -2    1  11  10   1  10   0  11   1  10   1   1  11   0   0  11  11   1   0   0   1  0.25 0.11
  299 T   -2  0 -1 -1 -4  3  2 -3  0 -1 -1  1 -1 -2 -2 -1  3 -4 -1 -1    2   4   2   2   0  16  17   2   2   3   4   8   1   2   2   2  22   0   2   5  0.36 0.25
  300 C    0 -4 -4 -5  9 -4 -4  0 -5 -3 -4  0 -4 -4 -4  0 -3 -5 -5  0    8   0   0   0  55   0   1   8   0   0   1   8   0   0   0   9   0   0   0   8  1.68 0.50
  301 N    0  0  3  0 -3  0  0 -1  1 -1 -2  2  0 -1 -3  1  0 -4 -3 -1    7   4  19   4   0   3   4   4   3   4   4  18   3   3   1  11   4   0   0   4  0.25 0.15
  302 V    1  1 -1 -1 -3  0  0 -1  1 -1  0  1  0 -2  2  0 -1  1 -1  0   13  11   3   3   0   4   5   3   3   4  10   8   2   0   9   5   3   2   2   9  0.11 0.08
  303 T   -1 -1  1  0  0  0  0 -1  0  0 -2  0  0 -3 -1  1  3 -4 -1  0    3   3   7   6   2   4   4   5   2   5   3   7   2   0   2  10  26   0   2   6  0.25 0.20
  304 S    0  0 -1 -1 -4 -1  1  0 -1 -2 -3  1  0 -2 -1  4  0  0 -4 -2    6   4   2   3   0   2   8   8   1   2   3  10   3   1   3  38   4   1   0   2  0.43 0.32
  305 H   -1  0  1  0 -4  0  0 -2  3 -1 -1  0  0 -1  2  0  1  1  1 -1    4   5   6   6   0   4   4   3   9   4   6   6   3   3   9   8   9   2   5   3  0.15 0.16
  306 G    0 -1  0  1  0  0  0  4  1 -2 -3  0 -4 -2 -1  0 -1 -5 -1 -2    6   3   4   7   2   4   6  34   3   3   3   6   0   2   3   6   3   0   2   2  0.37 0.28
  307 I    0  0  0  0 -3  1  0 -1  1  0 -1  0  1  0  0  0  0  3  1  0    5   5   5   5   0   5   5   5   5   5   5   5   5   5   5   5   5   5   5   5  0.07 0.08
  308 D   -1  0  1  4 -5  0  1  0  1 -2 -2  0  0 -1 -1  0 -1 -5  0 -2    4   5   6  24   0   3   8   9   3   3   3   5   3   3   3   6   4   0   3   3  0.26 0.23
  309 G   -1  0  3  0 -5 -1 -1  4  1 -2 -5 -1 -4 -5 -4  2 -1  1 -1 -5    4   5  12   5   0   2   4  30   3   3   0   4   0   0   0  19   3   2   2   0  0.57 0.39
  310 C   -2 -7 -6 -7 10 -6 -7 -7  1 -6 -6 -7  1 -6 -7 -6 -5  3 -6 -5    4   0   0   0  81   0   0   0   4   0   0   0   4   0   0   0   0   4   0   0  3.56 1.14
  311 D   -1  0  1  3 -5  0  3  1  0 -2 -3  0 -1 -3 -1  0 -2 -5 -2 -1    5   5   7  19   0   3  19   9   2   2   2   6   1   1   3   7   2   0   1   6  0.32 0.22
  312 L    0  0  1 -2 -3  1 -1 -3  1  0  1  0  0 -1 -3  1  1  0  1  0    7   5   7   2   0   7   4   0   3   4  17   7   2   2   0  11   8   1   5   7  0.12 0.14
  313 L   -1 -1 -5 -6 -1 -4 -5 -6 -5  2  4 -5  6 -1 -5 -5 -2 -5 -4 -1    4   4   0   0   1   0   0   0   0   9  47   0  21   2   0   0   3   0   0   3  1.07 0.52
  314 C   -2 -7 -7 -7 10 -7 -7 -7 -7 -2 -2 -7 -5 -6  0 -1 -5 -7 -7 -5    3   0   0   0  78   0   0   0   0   3   5   0   0   0   5   5   0   0   0   0  3.19 0.97
  315 C    0  1  0 -4  8 -3 -4 -4  2 -3 -1  0 -3  0 -4 -3  0 -4 -3 -3    8   8   5   0  48   0   0   0   5   0   6   6   0   5   0   0   6   0   0   0  1.15 0.41
  316 G    0  0  1  1  1  1  1  2  1 -4 -4  1 -3 -3  1  1  0 -4  0 -3    7   5   9   9   4   5   9  18   4   0   0   9   0   0   6  11   4   0   4   0  0.28 0.14
  317 R   -1  5 -1 -4  6 -1 -3 -2  0 -4 -2  0  0 -1  0 -2 -3 -5 -1 -2    3  38   3   0  24   2   0   3   2   0   2   3   2   3   5   2   0   0   2   3  0.83 0.39
  318 G   -1  0 -1  0 -5 -1  0  5  1 -5 -5  0 -4 -5 -2 -1  0  0 -5 -3    2   4   2   5   0   3   5  57   4   0   0   5   0   0   2   2   6   2   0   2  0.89 0.37
  319 H   -1 -3 -3 -4 -1 -1 -2 -3  4  0 -1 -3 -2  2  0 -1 -2  4  5  0    3   0   0   0   2   2   2   2  15   4   6   0   0   9   5   4   2   7  27   9  0.62 0.33
  320 N   -1  2  1  0 -4  1  1 -2  1 -1 -2  2 -1 -2 -1  0  0 -4  0 -1    3  12   8   5   0   8  10   3   4   3   4  15   1   1   2   6   7   0   3   4  0.20 0.14
  321 T   -1  0 -1 -2 -4 -1  1 -2  0  1 -1  1 -1 -2 -1  0  4 -5 -3  1    3   4   1   2   0   2   9   3   2   8   3   9   1   1   2   5  32   0   0  14  0.33 0.27
  322 R   -1  3 -1 -2 -4  2  1 -3  1 -1 -1  2  0  0 -3 -1  0 -3  0  0    2  20   2   1   0   8  11   1   3   4   4  15   2   4   0   3   5   0   4   9  0.29 0.20
  323 T   -2  2 -2 -2 -4  1  1 -3  1 -1 -1  2 -1 -2 -2  1  3 -1 -3  0    2  12   1   1   0   5  10   1   4   3   5  12   1   1   1   9  23   1   0   8  0.31 0.26
  324 E   -1  2 -2 -1 -4  0  3 -3  0  1 -1  1  0 -1 -3 -2  0 -4  1  2    5  10   1   2   0   3  20   1   2   8   3  10   3   3   0   1   7   0   5  16  0.24 0.22
  325 K   -1  1 -1 -1 -4  0  2 -4  0  1 -1  1  0 -1 -1  0  1 -1 -1  1    3   7   3   2   0   3  14   0   2  12   4  10   2   2   3   6  11   1   2  12  0.16 0.17
  326 R   -2  3 -2 -3 -4  1  0 -5  0  1 -1  1 -1 -2 -3 -2  0 -5 -3  3    2  17   2   1   0   6   5   0   2   9   5   8   1   1   1   2   6   0   1  30  0.43 0.33
  327 K   -1  0  0 -1 -4  0  1 -2 -1  0 -1  1  0 -3 -1  1  2 -1 -2  2    2   6   3   2   0   4  12   2   2   4   3   8   2   1   3   9  18   1   1  17  0.21 0.22
  328 E   -2  1 -2 -1 -5  0  5 -4 -1 -3 -5  1 -3 -2 -2  0  1  2  0 -1    2   6   1   2   0   3  39   1   1   2   0   9   0   2   2   8   9   3   3   6  0.60 0.42
  329 K   -3  4  2 -2 -2  2 -2 -4 -1 -5 -4  3 -3 -2  0  2 -1 -3 -3 -2    1  26  12   2   1  10   2   1   1   0   1  15   0   2   4  14   4   0   1   4  0.62 0.43
  330 C   -5 -7 -7 -7 11 -7 -8 -7 -7 -6 -6 -7 -6 -1 -7 -3 -6 -7 -2 -6    0   0   0   0  90   0   0   0   0   0   0   0   0   3   0   2   0   0   1   0  4.04 1.32
  331 H   -2  1  6  1 -6  0  0 -2  5 -6 -3  1 -2 -3 -5 -1 -3 -6 -1 -5    2   8  38   8   0   4   4   2  13   0   2   9   1   1   0   3   0   0   2   0  0.97 0.52
  332 C   -3 -8 -8 -8 11 -8 -8 -8 -8 -6 -7 -8 -7 -7 -2 -6 -6 -8 -8 -6    2   0   0   0  95   0   0   0   0   0   0   0   0   0   2   0   0   0   0   0  4.33 1.34
  333 V   -4  3 -2 -4 -6  1 -1 -4  0 -1 -5  6 -2 -6 -5 -1  1 -6 -5 -3    0  16   2   0   0   6   3   1   2   4   0  49   1   0   0   4   9   0   0   2  1.12 0.57
  334 F   -7 -8 -8 -8 -7 -4 -8 -8 -5 -3 -3 -8 -1  8 -8 -7 -6  0  3 -2    0   0   0   0   0   1   0   0   0   1   1   0   2  81   0   0   0   1  10   3  2.78 0.98
  335 H   -3  0  0 -3 -6  1  0 -6  7  2 -3  0 -2 -1 -1 -3 -2 -5  0  2    1   4   4   1   0   6   5   0  32  12   1   6   1   2   3   1   2   0   2  16  0.81 0.44
  336 W   -7 -3 -5 -2 -8 -4 -8 -4 -1 -7 -4 -4 -6  0 -9 -3 -7 11  2 -5    0   2   0   3   0   1   0   2   1   0   2   1   0   3   0   3   0  76   6   1  3.65 1.19
  337 C   -4 -4 -4 -4 11 -7 -5 -4 -8 -6 -7 -8 -6 -4 -8 -6 -6 -8 -8 -4    1   1   1   1  91   0   1   2   0   0   0   0   0   1   0   0   0   0   0   1  3.89 1.18
  338 C   -5 -8 -7 -8 11 -7 -8 -8 -1 -6 -3 -8 -1  0 -8 -6 -6 -7 -1 -6    0   0   0   0  87   0   0   0   2   0   3   0   2   3   0   0   0   0   2   0  3.76 1.11
  339 Y   -1  2  0  0 -5  1  2 -3  2 -3 -3  1 -2  1 -2  0  0 -3  4 -2    4  12   4   4   0   5  12   1   5   1   1  10   1   7   1   5   5   0  20   2  0.40 0.26
  340 V   -4 -4 -7 -8 -5 -6 -4 -8 -7  0  0 -6 -1 -4 -7 -6 -3 -7 -6  7    1   1   0   0   0   0   1   0   0   4   6   0   1   1   0   0   1   0   0  86  2.11 0.79
  341 S   -3  2  0 -1 -5  2  2 -4  0 -1 -3  4 -2 -5 -4  0  2 -6 -4  0    0  10   4   2   0   8  16   0   2   4   1  28   1   0   0   5  12   0   0   8  0.58 0.34
  342 C   -5 -8 -7 -8 11 -7 -8 -7 -8 -6 -6 -8 -6 -7 -7 -6 -6 -7 -7 -6    0   0   0   0  98   0   0   0   0   0   0   0   0   0   0   0   0   0   0   0  4.43 1.19
  343 Q   -3  1  2  3 -6  4  3 -4 -1 -4 -4  3 -2 -4 -4  0 -1 -6 -5 -5    1   5   8  16   0  19  16   1   1   1   1  23   1   1   0   5   3   0   0   0  0.77 0.38
  344 E   -2  0  0  0 -5  2  1 -4 -3 -1 -1  3  1 -4 -2 -1  3 -1 -1 -1    1   5   3   4   0  11  10   0   0   4   4  19   3   0   1   3  24   1   2   4  0.43 0.30
  345 C   -5 -8 -3 -8 11 -8 -4 -8 -8 -6 -7 -8 -6 -7 -8 -4 -6 -8 -8 -3    0   0   2   0  94   0   1   0   0   0   0   0   0   0   0   1   0   0   0   2  4.15 1.14
  346 I   -2  3  0 -2 -1  0  1 -4 -1  0  0  1 -1 -2  0  0  3 -3 -2  0    1  17   3   1   2   3  11   0   1   5   8   9   1   1   4   7  19   0   1   7  0.27 0.20
  347 R   -2  3 -1 -2 -5  2  2 -4  2 -1 -2  2 -2 -2 -4  0  0 -2 -1  0    1  17   3   1   0  11  17   0   5   5   3  15   1   2   0   6   5   0   2   7  0.42 0.26
  348 I   -2  1  0 -2 -4 -1  0 -4  0  1  0  1  2 -3 -3 -1  3 -1 -1  1    1  10   5   1   0   2   7   0   3  10  10  10   6   0   0   2  19   1   2  11  0.25 0.20
  349 Y   -2  1 -1 -3 -4  0  2 -5 -1  1 -1  2 -1 -2 -3 -2  1 -1  2  3    1   6   3   0   0   5  13   0   1   6   4  13   1   1   0   2   8   1   7  28  0.36 0.26
  350 D   -2 -2 -1  3 -5  0  4 -5 -2 -2 -3  0 -2 -3 -3  0  2  4 -2  0    2   1   3  19   0   2  27   0   1   2   2   4   1   1   1   5  15   7   1   7  0.61 0.34
  351 V   -3  1 -2 -4 -4  1  0 -5 -2  2  0  1  2 -1 -4 -3  0 -5 -2  3    0   8   1   0   0   6   8   0   1  15   8   9   7   2   0   1   5   0   1  28  0.44 0.27
  352 H   -3 -5  1 -3 -7 -1 -3 -4  8 -6 -6 -4 -5  2 -6  0 -1 -4  6 -6    1   0   6   1   0   2   1   1  38   0   0   0   0   8   0   8   4   0  29   0  1.66 0.64
  353 T   -2  1 -1 -4 -4 -2 -2 -3  0  2 -2 -2 -1  0 -5 -1  4 -3  2  1    1   7   2   0   0   1   3   2   2  12   3   2   1   4   0   3  37   0   8  12  0.55 0.34
  354 C   -6 -9 -8 -9 11 -8-10 -8 -9 -6 -7 -9 -7 -7 -8 -4 -6 -8 -8 -6    0   0   0   0  99   0   0   0   0   0   0   0   0   0   0   1   0   0   0   0  4.54 1.20
  355 K   -5  3  2 -4 -7 -1 -2 -6 -4 -7 -6  7 -5 -7 -5 -4 -4 -7 -6 -6    0  15   9   0   0   2   1   0   0   0   0  73   0   0   0   0   0   0   0   0  2.01 0.69

                      K         Lambda
Standard Ungapped    0.1801     0.3473
Standard Gapped      0.1100     0.3190
PSI Ungapped         0.1801     0.3473
PSI Gapped           0.1100     0.3190
