
Last position-specific scoring matrix computed, weighted observed percentages rounded down, information per position, and relative weight of gapless real matches to pseudocounts
           A  R  N  D  C  Q  E  G  H  I  L  K  M  F  P  S  T  W  Y  V   A   R   N   D   C   Q   E   G   H   I   L   K   M   F   P   S   T   W   Y   V
    1 M   -2 -3 -3 -4 -2 -1 -3 -4 -3  1  3 -2  6  0 -3 -3 -1 -2 -2  0    0   0   0   0   0   0   0   0   0   0  37   0  63   0   0   0   0   0   0   0  0.79 0.09
    2 P    0 -3 -3 -3 -4 -2 -2 -3 -3 -4 -4 -2 -3 -4  7 -2 -2 -5 -4 -3    5   0   0   0   0   0   0   0   0   0   0   0   0   0  95   0   0   0   0   0  2.68 0.16
    3 I   -1 -3 -3 -4 -2 -3 -3  0 -4  4  1 -3  0 -1 -3 -2 -1 -3 -2  3    2   0   0   0   0   0   0  10   0  42   5   0   0   0   0   0   0   0   0  41  0.48 0.07
    4 L   -2 -3 -4 -5 -2 -3 -4 -5 -3  3  4 -3  1  0 -4 -3 -2 -2  2  1    0   0   0   0   0   0   0   0   0  23  67   0   0   0   0   0   0   0  11   0  0.68 0.10
    5 K   -1  1 -1 -2 -4  0 -1  0 -2 -3  0  5 -2 -3 -2  0 -1 -4 -3 -3    0   0   0   0   0   0   0   9   0   0  11  74   0   0   0   6   0   0   0   0  0.73 0.12
    6 Q   -1  0 -1 -2 -3  5  0  1 -1 -3 -3  2 -1 -3 -2  0  0  4 -2 -3    0   0   0   0   0  50   0  16   0   0   0  15   0   0   0   3   6   7   0   0  0.67 0.10
    7 L   -1 -2 -3 -3 -2 -2 -2 -3 -3  1  4 -2  1  0  0 -1 -1  3 -1  1    4   1   1   1   0   1   1   1   0   1  67   1   0   1   3   4   1   5   0   7  0.42 0.07
    8 V    0 -1  0 -2 -1 -1 -1  0 -2  1  0 -1  0 -1 -1  1  1 -2 -2  3    5   1   4   1   1   1   2   7   1   1   2   2   3   1   1  13   7   0   1  45  0.16 0.04
    9 S    1 -1  1 -1 -2 -1 -1  2 -1 -3 -3 -1 -2 -2  2  3  0 -3 -1 -2    7   1   6   1   0   1   1  16   0   1   1   1   0   0  10  51   1   0   3   1  0.50 0.08
   10 S    0  0  1 -2 -3 -1 -2  3  1 -3 -3 -1 -2 -3  3  2  0 -4 -3 -1    4   4   7   0   0   0   0  29   4   0   0   0   0   0  15  27   5   0   0   4  0.51 0.07
   11 S    1  0 -1 -1 -2 -1 -1  0 -2 -1 -2  0 -2 -3  2  4  0 -3 -2 -1    8   3   0   2   0   0   1   4   0   2   1   6   0   0   9  55   2   0   0   5  0.48 0.09
   12 V    0  2  0 -1 -2  1  0 -1  1 -1 -1  1 -1 -1 -1  1  1  2 -1  1    5  13   3   2   1   6   2   2   4   2   3  10   1   1   2  14   7   5   1  17  0.12 0.02
   13 N   -1  0  1 -1 -3  3  0  0  5 -3 -3  1 -2 -3  1 -1 -1 -3 -1 -2    1   2   8   0   0  23   1   8  33   0   1   7   0   0   7   2   1   0   0   4  0.53 0.08
   14 S    0  0  0 -1 -2 -1 -1  1 -2 -3 -3  1 -2 -3  2  3  1 -3 -2 -2    2   2   0   0   0   0   2  12   0   0   1  12   0   0   8  47  11   0   0   1  0.46 0.07
   15 K   -1  2 -1 -1 -4  1  1 -1 -1 -4 -3  5 -2 -4 -2  0 -1 -4 -3 -3    0  10   0   0   0   3   6   5   0   0   0  69   0   0   0   5   0   0   0   0  0.82 0.11
   16 R   -2  5 -1 -2 -1  0  1 -2 -1 -3 -3  3 -2 -3  1 -1 -1 -3 -2 -3    0  51   0   0   2   0   6   2   0   0   0  24   0   0   7   3   0   0   1   0  0.75 0.10
   17 R    0  5 -1 -2 -4  1 -1 -2 -1 -3 -2  3 -2 -3  0 -1 -1 -4 -3 -3    7  59   0   0   0   3   0   2   0   0   2  18   0   0   5   0   2   0   0   0  0.81 0.10
   18 S   -1 -1 -1 -1 -2 -1  1 -1  1 -1  1 -1 -1  0  3  1  0 -3 -1 -1    0   0   0   0   0   0  13   3   6   3  19   3   0   5  15  20   6   0   0   4  0.22 0.04
   19 R   -1  5 -1 -2 -3  0 -1 -3 -1 -2 -3  3 -2 -3 -2  0 -1 -3 -2 -1    0  65   0   0   0   0   0   0   0   0   0  19   0   0   0   6   0   0   0   6  0.84 0.08
   20 A    0 -1 -1  1 -2 -1  0  1 -2  0  1 -1  1 -1  0  0  0 -3 -2  0    8   2   0  11   0   0   3  14   0   3  29   1   3   0   5  11   5   0   0   3  0.10 0.02
   21 D   -1 -1  0  4 -3  0  2 -2 -1 -1 -1  0 -1 -2 -2 -1  1 -3 -2 -1    6   2   0  38   0   0  20   1   0   7   7   5   0   2   1   1  10   0   0   1  0.40 0.04
   22 L   -2  2 -3 -4 -2 -2 -3 -4 -2  1  4 -1  1 -1  0 -2 -2 -3 -2  0    0  17   0   0   0   0   0   0   0   8  67   0   0   0   4   0   0   0   0   0  0.46 0.06
   23 T    1 -1  0 -1 -2 -1 -1  1 -2 -2 -2  0 -2 -3 -2  3  4 -3 -2 -1    9   0   0   0   0   0   0  11   0   0   0   3   0   0   0  30  44   0   0   0  0.52 0.06
   24 A    2  1 -1 -2 -2  0 -1 -1 -1 -1 -1  0 -1 -2  3  0  1 -3 -2  0   27  12   1   1   0   6   1   1   0   1   3   1   0   1  19   5   8   0   1  12  0.33 0.01
   25 E   -1 -1  1  4 -3  0  2 -2 -1 -2 -1 -1 -2 -2  1 -1 -1 -3 -2 -2    5   1   7  43   0   1  20   1   0   1   9   1   0   1   5   1   1   0   1   1  0.50 0.02
   26 M   -1 -2 -2 -3 -2 -1 -2 -3 -2  0  1 -2  7 -1 -3  0 -1 -2 -2  0    0   0   0   0   0   0   0   0   0   0   0   0  83   0   0  12   0   0   0   0  0.72 0.08
   27 I   -2 -4 -4 -5 -2 -4 -4 -5 -4  5  1 -3  1 -1 -4 -3 -1 -3 -2  2    0   0   0   0   0   0   0   0   0 100   0   0   0   0   0   0   0   0   0   0  0.80 0.07
   28 S    1 -1  0 -1 -2 -1 -1 -1 -1 -3 -3 -1 -2 -3 -2  5  1 -4 -2 -2    0   0   0   0   0   0   0   0   0   0   0   0   0   0   0 100   0   0   0   0  0.93 0.08
   29 A    3 -2 -2 -2 -2 -1 -2  0 -1 -2 -1 -1  0 -3  5  0 -1 -4 -3 -1   47   0   0   0   0   0   0   5   2   0   6   0   3   0  38   0   0   0   0   0  0.88 0.05
   30 P   -1  1 -3 -3 -4 -2 -2 -3 -2 -4 -4 -1 -3 -4  7 -2 -2 -5 -4 -3    0  10   0   0   0   0   0   0   0   0   0   0   0   0  90   0   0   0   0   0  2.42 0.08
   31 L   -2 -3 -4 -4 -2  0 -3 -4 -3  1  4 -3  2  0 -3 -3 -2  4 -1  0    0   0   0   0   0   5   0   0   0   0  78   0   7   0   0   0   0  10   0   0  0.64 0.05
   32 G    0 -3 -1 -1 -3 -2 -2  6 -3 -4 -4 -2 -3 -4 -3 -1 -2 -4 -4 -4    7   0   0   3   0   0   0  90   0   0   0   0   0   0   0   0   0   0   0   0  1.28 0.06
   33 D   -2 -2  2  6 -4 -1  1 -2 -2 -4 -4 -1 -4 -4 -2 -1  1 -5 -4 -3    0   0   5  86   0   0   0   0   0   0   0   0   0   0   0   0  10   0   0   0  1.24 0.07
   34 F   -2 -3 -3 -4 -3 -3 -4 -4 -2 -1  0 -3 -1  6 -4  0 -2  0  2 -1    0   0   0   0   0   0   0   0   0   0   5   0   0  85   0  10   0   0   0   0  0.96 0.07
   35 R   -2  6 -1 -2 -4  0 -1 -3 -1 -4 -3  2 -2 -3 -3 -1 -2  2 -2 -3    0  91   0   0   0   0   0   0   0   0   0   5   0   0   0   0   0   4   0   0  1.20 0.08
   36 H   -2 -1  0 -2 -5  0 -1 -3  8 -4 -4 -1 -3 -2 -3 -2 -2 -3  1 -4    0   0   0   0   0   0   0   0 100   0   0   0   0   0   0   0   0   0   0   0  1.64 0.11
   37 T   -1 -2 -1 -2 -2 -1 -2 -2 -2  0 -1 -1  1 -2 -2  1  5 -3 -2  0    0   0   0   0   0   0   0   0   0   8   0   0   8   0   0   0  84   0   0   0  0.74 0.07
   38 M   -1 -2 -3 -4 -2 -1 -3 -4 -3  1  2 -2  6 -1 -3 -1  0 -2 -2  0    3   0   0   0   0   0   0   0   0   8  22   0  59   0   0   2   6   0   0   0  0.56 0.06
   39 H   -2 -1  0 -2 -5  0 -1 -3  8 -4 -4 -1 -3 -2 -3 -2 -2 -3  1 -4    0   0   0   0   0   0   0   0 100   0   0   0   0   0   0   0   0   0   0   0  1.64 0.11
   40 V    0 -3 -4 -4 -2 -3 -3 -4 -4  3  1 -3  0 -1 -3 -2 -1 -3 -2  4    6   0   0   0   0   0   0   0   0  32   0   0   0   0   0   0   0   0   0  62  0.57 0.05
   41 G    0 -3 -1 -2 -4 -3 -3  6 -3 -5 -5 -2 -4 -4 -3 -1 -2 -4 -4 -4    0   0   0   0   0   0   0 100   0   0   0   0   0   0   0   0   0   0   0   0  1.55 0.08
   42 R   -2  5  1 -2 -4  0 -1 -3 -1 -3 -2  2 -2 -3 -1  0 -1  1 -2 -3    0  73   7   0   0   0   0   0   0   0   4   3   0   0   2   7   0   3   0   0  0.83 0.06
   43 A    1  0  1 -1 -3 -1 -1  4 -2 -3 -3 -1 -3 -4 -2  1 -1 -4 -3 -2   14   4   7   0   0   0   1  60   0   0   0   3   0   0   0   8   0   0   0   3  0.71 0.04
   44 G    0 -3 -1 -1 -3 -2 -2  5 -3 -4 -4 -2 -3 -4 -3  0 -2 -4 -4 -4    7   0   0   3   0   0   0  84   0   0   0   0   0   0   0   6   0   0   0   0  1.19 0.06
   45 D   -2 -2  2  6 -4 -1  1 -1 -2 -4 -5 -1 -4 -4 -3 -1 -2 -5 -4 -4    0   0   6  87   0   0   4   3   0   0   0   0   0   0   0   0   0   0   0   0  1.34 0.08
   46 A    3 -2 -2 -3 -1 -1 -2 -1 -2  0 -1 -2  1 -2 -2  1  1 -3 -2  2   52   0   0   0   0   0   0   0   0   0   0   0   7   0   0   7   5   0   0  29  0.37 0.04
   47 F   -3 -4 -4 -4 -3 -4 -4 -4 -2 -1  1 -4 -1  7 -4 -3 -3  0  2 -1    0   0   0   0   0   0   0   0   0   0   6   0   0  94   0   0   0   0   0   0  1.23 0.09
   48 G    0 -3 -1 -2 -4 -3 -3  6 -3 -5 -5 -2 -4 -4 -3  0 -2 -4 -4 -4    0   0   0   0   0   0   0  97   0   0   0   0   0   0   0   3   0   0   0   0  1.48 0.08
   49 D   -3 -2  1  6 -5 -1  1 -2 -2 -5 -5 -1 -4 -4 -3 -1 -2 -6 -4 -4    0   0   0 100   0   0   0   0   0   0   0   0   0   0   0   0   0   0   0   0  1.58 0.09
   50 T   -1 -2 -1 -2 -2 -1 -2 -3 -2  1  0 -1  1 -2 -2  1  5 -3 -2  0    0   0   0   0   0   0   0   0   0   8   9   0   3   0   0   0  76   0   0   4  0.62 0.06
   51 S    1 -1  0 -1 -2 -1 -1 -1 -2 -3 -3 -1 -2 -3 -2  5  2 -4 -2 -2    0   0   0   0   0   0   0   0   0   0   0   0   0   0   0  90  10   0   0   0  0.86 0.08
   52 F   -3 -4 -4 -4 -3 -4 -4 -4 -2 -1  0 -4 -1  7 -4 -3 -3  0  2 -2    0   0   0   0   0   0   0   0   0   0   0   0   0 100   0   0   0   0   0   0  1.32 0.09
   53 L   -2 -3 -4 -4 -2 -3 -4 -4 -3  1  4 -3  2  0 -3 -2 -2 -3 -2  0    0   0   0   0   0   0   0   0   0   5  92   0   0   0   0   3   0   0   0   0  0.71 0.05
   54 T    1  1  2 -1 -2  2  0 -1  0 -3 -3  1 -2 -3 -2  3  1 -4 -2 -2    4   5   9   0   0  14   0   0   1   0   0  12   0   0   0  51   4   0   0   0  0.50 0.04
   55 S    0 -1  4  1 -3 -1  0  2 -1 -3 -3 -1 -2 -3 -2  2  1 -4 -3 -3    0   0  37   7   0   0   3  16   0   0   1   0   0   0   0  27   5   0   0   0  0.54 0.04
   56 K   -1  2  0 -1 -4  1  0 -2  5 -3 -3  3 -2 -1 -2 -1 -1 -2  1 -3    1  11   0   0   0   6   0   1  35   0   1  37   0   2   0   1   0   0   4   0  0.63 0.05
   57 A    1 -2 -1 -2 -2 -2 -2  4 -1 -2 -2 -2 -2  1 -2  1  0 -2  1 -2   14   0   0   0   0   0   1  48   0   0   1   1   0   8   0   9   7   0   8   1  0.47 0.02
   58 R    0 -1  0 -1 -3 -1 -1  4  4 -3 -3 -1 -2 -2  0 -1 -1 -2 -1 -2    4   3   1   1   0   1   1  54  19   1   2   1   1   1   3   2   1   0   1   1  0.59 0.03
   59 E    0 -1 -1  0 -2  0  3 -1  0  0  1  0  0 -2 -1  0  0 -3 -2 -1    8   1   1   1   0   1  36   4   2   4  22   5   2   0   1   9   3   0   0   1  0.21 0.02
   60 A    1  0 -1 -1 -2 -1 -1  0 -2  0  1 -1  0 -1  3  0 -1 -3 -2 -1   17   6   1   3   0   1   1   7   0   8  23   3   0   1  18  10   1   0   0   1  0.23 0.02
   61 D   -1 -1  1  3 -3 -1  1  0 -1 -3 -3 -1 -2 -3  4  0 -1 -3 -3 -2    1   1   9  24   0   1  13  10   0   1   1   1   0   1  29   3   3   0   1   1  0.68 0.03
   62 D    0  0  0  1 -2  0  0  2  0 -1 -2  1 -1 -2  2  0  0 -2 -2  0    8   3   5   8   0   4   5  21   3   1   2  10   1   1  11   2   3   0   1  11  0.19 0.01
   63 E    1  0  0  0 -2  1  2  1  0 -2 -2  1 -1 -2  1  0  1 -2 -2 -1   11   1   3   3   0   3  21  10   3   1   2  12   1   1   5   4  14   0   1   2  0.23 0.02
   64 S    1  0  1  0 -2  1  0  1 -1 -2 -2  0 -1 -2 -1  3  1 -2 -2 -2   15   3   5   3   0   6   3  10   0   1   2   5   0   1   1  37   3   0   1   1  0.29 0.03
   65 L    1 -1 -1 -2  0 -1 -1  0  0  0  1 -1  0 -1  2  0 -1 -2 -1  1   21   1   4   1   3   1   2   9   3   6  15   4   1   1  11   2   2   0   1  13  0.11 0.01
   66 D    0 -1  2  2 -3  2  2  0  1 -3 -2  0 -2 -3  1  1  0 -3 -2 -2    4   1  12  16   0  10  17   4   3   1   2   1   0   1   6  14   6   0   1   1  0.34 0.04
   67 E   -1  0  0  1 -3  0  3  0 -1 -2 -2  0 -2  0 -1  1  1 -2  1 -1    1   4   3  10   0   1  31   6   0   1   2   3   0   3   1  13   8   0   9   3  0.28 0.04
   68 Q    1  0 -1  0 -2  2  1  1 -1 -3 -2  0 -2 -2  2  1  0 -2  0 -2   15   6   0   5   0  16   7  10   0   1   1   1   0   0  12  15   5   0   5   1  0.29 0.04
   69 A    1  1 -1 -1 -2 -1  1  0 -1 -2 -2 -1 -2 -3  2  2  2 -3 -2 -2   17  12   1   1   0   1  10   7   0   1   2   1   0   1  11  20  13   0   1   1  0.33 0.12
   70 S    0  1 -1  1 -3  0  1  0  1 -2 -2  1 -2 -3  1  2  0 -3 -2 -1    7  10   1   9   0   0  10   7   5   1   4   9   0   0   7  22   5   0   0   3  0.23 0.09
   71 A    2  1 -1  1 -3 -1  0  0  2 -3 -3 -1 -2 -3  2  2  0 -4 -2 -2   22   8   0  11   0   0   4   6   8   0   1   0   0   0  12  21   4   0   0   0  0.38 0.15
   72 S    0  0  2 -1 -3  1 -1  1  2 -3 -3  2 -2 -3  2  2 -1 -3 -2 -3    5   1  10   1   0   6   1  14   8   1   1  22   0   0   9  21   1   0   0   1  0.39 0.16
   73 K    0  2  1 -2 -3  1 -1 -2  2 -3 -1  3  0 -3  2  0  0 -3 -2 -2    5   9   8   0   0   6   0   1   8   0   4  27   3   0  13   8   6   0   0   0  0.40 0.15
   74 L    0  1  0 -2 -2 -1 -1 -2 -2  0  1 -1  0  2  2  0  1 -2 -1 -1    9  11   4   0   0   0   3   1   0   6  19   0   0  14  10   5  16   0   0   0  0.16 0.07
   75 S    0  0  2  2 -3 -1 -1  2 -1 -2 -3  0 -2 -3 -2  2  0 -4 -3 -1    7   4  15  14   0   0   0  19   0   0   1   4   0   0   0  25   3   0   0   6  0.35 0.09
   76 L   -2  0 -3 -3 -3 -2 -3 -3 -2  0  1 -2  0  5 -3  0 -2 -1  2  0    1   9   0   0   0   0   0   1   0   4  19   0   0  42   0   8   0   0   8   6  0.47 0.13
   77 L   -2 -3 -3 -3 -2 -2 -3 -3 -2  1  3 -3  0  4 -3 -1  0 -1  0  0    1   1   1   1   0   1   1   1   0   8  39   1   0  35   1   5   5   0   0   1  0.47 0.13
   78 S    2 -2 -1 -2 -2 -1 -1  0 -2 -1  0 -1 -1  0  1  2  2 -3 -2 -1   18   1   1   1   0   1   1   8   0   1  11   1   0   5   8  24  19   0   0   1  0.28 0.08
   79 R   -2  5 -1 -2 -3  0 -1 -3 -1 -3 -1  2 -2  1 -2 -2 -2 -3 -2 -3    1  66   1   1   0   1   1   1   0   1   5  11   0   8   1   1   1   0   0   1  0.91 0.20
   80 K    0  1 -1 -2 -2  1 -1 -2 -2 -2 -2  3 -2 -3  1  1  3 -4 -3 -2    8   4   0   0   0   8   0   0   0   0   1  24   0   0   7   9  37   0   0   0  0.48 0.14
   81 F   -2 -3 -3 -4 -3 -3 -3  0 -3  0  3 -3  0  5 -3 -1 -2 -2  0 -1    0   0   0   0   0   0   0   8   0   0  44   0   0  39   0   5   0   0   0   0  0.60 0.17
   82 R   -2  5 -1 -2 -3  3 -1 -3  2 -3 -3  1 -2 -3 -2 -1  0 -3 -2 -3    1  59   1   1   0  17   1   1   5   1   1   1   0   1   1   1   8   0   0   1  0.86 0.19
   83 G   -1 -1  1 -1 -3  1 -1  2  5 -2 -1 -1 -2  1 -2  1 -1 -2  0 -2    3   1   8   1   0  10   1  16  27   1   5   1   0   7   1  14   1   0   1   1  0.35 0.10
   84 S   -1 -1 -1 -2 -2 -1 -1 -2  2  1 -1  0 -1 -1 -2  1  1  4 -1  2    1   1   1   1   0   1   1   1   9   8   1   9   0   0   1  12   8  10   0  36  0.24 0.08
   85 K   -1  4 -1 -2 -3  0 -1 -2 -1  0 -2  2 -1 -2 -2  0 -1 -3 -2  0    1  47   1   1   0   1   1   1   0  10   1  16   0   0   1   9   1   0   0   9  0.50 0.11
   86 R   -1  5 -1 -2 -3  0 -1 -2 -1 -3 -2  3 -2 -3 -2  1 -1 -3 -2 -2    1  60   1   1   0   1   1   1   0   1   1  16   0   1   1  11   1   0   1   1  0.79 0.13
   87 S    0 -1  1 -1 -2 -1 -1  1 -2 -2 -2  1 -2 -3  3  2  3 -3 -2  0    1   0   9   0   0   0   0  10   0   0   1   9   0   0  14  20  26   0   0   8  0.37 0.08
   88 Q   -1  1  1 -1 -3  3  0  0  0 -3 -2  0 -1 -2  4 -1 -1 -2  1 -2    1  10   9   1   0  27   1  10   0   1   2   1   0   1  22   1   1   0   9   1  0.49 0.09
   89 S    1 -2 -1  0 -2  0 -1  0 -2 -2 -1 -1 -2 -3  1  3  2 -4 -3 -2    8   0   0   3   0   4   0   4   0   0   8   0   0   0   8  49  16   0   0   0  0.47 0.12
   90 V    1  1 -1  0 -2 -1 -1 -1 -2  0 -1 -1 -1 -2  2 -1  1 -3 -2  2   18  15   0   7   0   0   1   4   0   0   1   0   0   0   9   1   9   0   0  33  0.20 0.08
   91 T    1  0  2 -1 -2 -1 -1 -2 -1 -2 -1 -1 -1 -3  3  2  3 -3 -2 -1   10   3  13   0   0   0   0   1   0   0   4   0   0   0  16  19  31   0   0   0  0.47 0.08
   92 R   -2  5  2 -2 -3  0 -1 -3 -1 -1 -2  1 -2 -3 -2 -1 -1 -3 -3  1    1  65  12   0   0   0   0   1   0   0   1   0   0   0   0   1   0   0   0  17  0.76 0.14
   93 G   -1  1 -2 -3  3 -2 -2  3 -3 -1 -1 -1 -2 -3  2  0 -1 -3 -3  1    0  10   0   0  12   0   0  31   0   0   3   0   0   0  14   5   2   0   0  22  0.37 0.08
   94 D   -1  2  0  4 -3 -1  0  2 -2 -3 -3 -1  0 -3 -2  1 -1 -4 -3 -3    0  16   0  39   0   0   2  21   0   0   0   0   5   0   0  15   0   0   0   0  0.56 0.10
   95 R    0  4 -1 -1 -3  2  0  2 -1 -3 -3  2 -2 -3 -2 -1 -1 -3 -2 -2    5  33   0   3   0  11   5  17   0   1   1  15   0   0   1   1   3   0   0   3  0.44 0.07
   96 E    0  1  0  1 -2  0  2  1 -1 -2 -2  0 -1 -2 -1  1  0 -2 -2 -1    9  12   4   8   0   1  21  12   1   1   2   1   1   1   1  15   1   0   1   7  0.21 0.03
   97 Q    0 -1  1  1  1  2  0 -1 -1 -2  0  0 -1 -1  1  2  0 -2  1 -2    4   1   8  10   5  15   1   3   0   1  13   5   0   1   5  21   1   0   6   1  0.15 0.04
   98 R    1  3  0  0 -3  0 -1 -1 -1 -2 -2  1 -2 -3  3  0 -1 -3 -3 -1   13  31   4   6   0   0   1   5   0   0   1   9   0   0  17   6   1   0   0   6  0.43 0.07
   99 D    0 -2  1  4 -3 -1  2  0 -1 -3 -1 -1 -2 -3  1  0  0 -4 -3 -2    8   0   8  44   0   0  12   5   0   0   8   0   0   0   6   3   4   0   0   1  0.53 0.08
  100 M    0 -2 -2 -1 -2 -1 -2  1 -2  0  1 -2  3  1  1  0  1 -2 -1  1    8   0   0   3   0   0   1  12   0   0  13   0  16   8   7   3  13   0   0  13  0.13 0.05
  101 L    0 -2 -1 -2 -2 -1 -2 -2 -2  1  2 -2  2 -1 -2  3  0 -3 -2  0    1   1   0   1   0   0   1   1   0   6  34   1   6   0   1  42   1   0   0   5  0.32 0.09
  102 G    1 -2 -1 -2 -2 -1 -1  2 -2 -3 -3 -1 -2 -3  5  2  0 -3 -3 -2    7   1   1   1   0   1   1  16   0   1   1   1   0   1  36  28   4   0   0   1  0.81 0.09
  103 S    1 -2 -2 -1 -3 -1 -1 -1 -2 -2 -2 -1 -1 -3  5  2 -1 -4 -3 -1   13   0   0   3   0   0   3   5   0   0   1   0   3   0  47  19   1   0   0   4  1.00 0.11
  104 L   -1 -2 -3 -3 -3 -2 -2 -3 -2 -1  2 -2 -1 -1  6 -2  0 -2  1 -1    1   0   0   1   0   0   1   1   0   0  27   1   0   0  50   1   6   0   9   1  1.08 0.12
  105 R    0  2 -2 -1 -3 -1  1 -1 -2 -3 -3 -1 -2 -3  6  0 -1 -3 -3 -2    7  16   1   1   0   1  10   5   0   1   1   1   0   1  49   4   1   0   0   1  1.07 0.10
  106 D    2 -2  1  3 -2 -1  0  2 -2 -3 -3 -1 -2 -3  2  0  0 -3 -3 -2   26   1   9  26   0   0   1  17   0   1   1   1   0   0  11   1   3   0   0   1  0.44 0.07
  107 S    0 -2 -2 -2 -2 -2 -2 -2 -2  3  0 -2  0 -1 -2  2  0 -3 -2  2    1   1   1   1   0   0   1   1   0  36   1   1   0   0   1  32   1   0   0  23  0.35 0.09
  108 A    2 -1 -1 -1 -2 -1 -1 -1 -2 -2 -2 -1 -2 -3  2  4  1 -3 -2 -2   16   1   1   1   0   0   1   1   0   1   1   1   0   0  11  55   9   0   0   1  0.61 0.11
  109 L    0 -2 -2 -2 -3  0 -1 -3 -2 -1  0 -1 -1 -2  6 -1  2 -3 -3 -1    4   1   1   1   0   6   1   1   0   3  14   1   0   0  49   1  17   0   0   1  1.02 0.11
  110 F   -2 -3 -3 -3 -2 -3 -3 -4 -2  4  1 -3  0  3 -3 -2 -1 -2  1  1    1   1   1   1   0   0   1   1   0  49  10   1   0  22   1   1   1   0   4   6  0.46 0.09
  111 V   -2 -3 -4 -4 -2 -3 -4 -5 -4  4  1 -3  0 -1  1 -3 -1 -3 -2  3    0   0   0   0   0   0   0   0   0  49  12   0   0   0   9   0   0   0   0  31  0.64 0.12
  112 K   -1  1 -1 -2 -4  0  0 -3 -2 -4 -4  6 -3 -4 -2  0 -1 -5 -3 -3    0   0   0   0   0   0   0   0   0   0   0  91   0   0   0   9   0   0   0   0  1.23 0.22
  113 N    0 -2  6  0 -4 -1 -1 -2 -1 -4 -4 -1 -3 -4 -3  0  0 -5 -3 -3    9   0  86   0   0   0   0   0   0   0   0   0   0   0   0   0   6   0   0   0  1.34 0.22
  114 A    5 -2 -3 -3 -2 -2 -2 -1 -3 -2 -3 -2 -2 -3 -2  0 -1 -4 -3 -1  100   0   0   0   0   0   0   0   0   0   0   0   0   0   0   0   0   0   0   0  1.11 0.21
  115 M   -2 -3 -3 -4 -2 -3 -3 -4 -4  4  1 -3  3 -1 -3 -2  1 -3 -2  3    0   0   0   0   0   0   0   0   0  50   0   0  17   0   0   0   9   0   0  25  0.63 0.13
  116 S    0 -2  0 -2 -2 -1 -1 -2 -2 -4 -4 -1 -3 -4 -2  5  0 -4 -3 -3    0   0   0   0   0   0   0   0   0   0   0   0   0   0   0 100   0   0   0   0  1.25 0.24
  117 L   -3 -3 -4 -5 -3 -3 -4 -5 -4  1  5 -4  1  0 -4 -3 -2 -3 -2  0    0   0   0   0   0   0   0   0   0   0 100   0   0   0   0   0   0   0   0   0  1.09 0.19
  118 P   -2 -3 -4 -3 -5 -3 -2 -4 -3 -4 -4 -2 -4 -5  8 -2 -3 -6 -5 -4    0   0   0   0   0   0   0   0   0   0   0   0   0   0 100   0   0   0   0   0  2.98 0.27
  119 Q   -1  1 -2 -2 -3  3  1 -3  2  0 -1 -1 -1  1 -3 -2 -1 -2  2  2    0  10   0   0   0  24   8   0   8   0   0   0   0   9   0   0   0   0   9  32  0.31 0.07
  120 L   -2 -3 -4 -4 -2 -3 -4 -4 -3  3  3 -3  2  0 -3 -3 -1 -3 -2  2    0   0   0   0   0   0   0   0   0  50  50   0   0   0   0   0   0   0   0   0  0.51 0.00
  121 N    0 -1  3  2 -3 -1 -1  3  2 -4 -4  1 -3 -4 -2  0 -1 -4 -2 -3    9   0  28  11   0   0   0  33   9   0   0   9   0   0   0   0   0   0   0   0  0.56 0.05
  122 E   -1 -1  2  2 -3  2  2  1 -1 -3 -3  0 -2 -3 -2  1  0 -3 -2 -2    1   1  15  15   0  15  15  15   0   1   1   1   0   1   1  15   1   0   0   1  0.39 0.06
  123 K    1  0 -1 -1 -3  0  2  0 -1 -3 -3  2 -2 -3  2  1  1 -4 -3 -2   17   2   0   0   0   0  20   8   0   0   1  22   0   0  11   7   9   0   0   0  0.38 0.10
  124 E   -1  0  1  0 -3  2  3  0 -1 -2 -2  0 -2 -3  2  0 -1 -3 -2 -1    1   6   8   4   0  11  32   8   0   1   2   1   0   1   9   6   1   0   1   7  0.36 0.09
  125 A    2  1  3 -1 -2 -1 -1  1 -1 -2 -2 -1 -2 -2 -1  1 -1 -2  1 -1   33   8  19   1   0   1   1   8   0   1   1   1   0   1   1  11   1   0   8   4  0.28 0.10
  126 A    2 -2  0  0 -2  1 -1  3 -1 -2  0 -1 -1 -2 -2  0 -1 -2  1 -1   22   0   5   7   0   7   0  26   0   0  11   0   0   0   0   5   2   0   8   5  0.23 0.09
  127 E    0  1 -1  3  2  1  2  0 -2 -3 -3 -1 -2 -4  1  0  1 -4 -3 -3    7   9   0  23   6   8  14   7   0   0   0   0   0   0   8   7  10   0   0   0  0.38 0.10
  128 K   -1  2  2 -2 -3 -1 -1  0 -1  0  1  2  1 -1 -2  0 -1 -2  1 -1    0  14  16   0   0   0   0   8   0   5  15  17   7   0   0   8   0   0   8   0  0.18 0.09
  129 D   -1 -1  0  3 -3  1  1  1 -1 -2 -1 -1 -1 -3  2  1 -1 -3 -3 -1    1   1   0  25   0  11   9  13   0   1   8   1   0   0  11  11   1   0   0   8  0.31 0.09
  130 S    1  0 -1 -2 -2 -1 -2  2 -2 -1 -2  1 -2 -3 -2  2  2 -4 -3  1   13   6   0   0   0   0   0  20   0   0   0   8   0   0   0  24  14   0   0  15  0.33 0.12
  131 S    0  0  1 -2 -2 -1 -2  2 -2 -1  1 -1 -1 -2 -2  2  0 -4 -3  1    5   7   7   0   0   0   0  16   0   0  15   0   0   0   0  25   5   0   0  19  0.20 0.10
  132 K   -1  0 -1 -2 -3  3  0  0 -1 -1  0  2 -1 -2 -2 -1  1 -3 -2  1    1   3   0   0   0  28   0   8   0   0  11  22   0   0   0   1   9   0   0  15  0.31 0.13
  133 L    0 -3 -3 -4 -2 -3 -3 -3 -3  0  3 -3  1  3 -3 -2 -2 -2 -1  1   11   0   0   0   0   0   0   1   0   0  49   0   0  19   0   1   0   0   0  16  0.46 0.14
  134 P   -1 -1 -2 -2 -3 -1 -1  0 -2 -2 -2  1 -2 -2  6 -1 -1 -3 -2 -2    2   2   1   2   1   1   2  10   1   2   3  10   1   1  56   2   2   0   1   2  1.22 0.15
  135 K   -1  1  1 -1 -3  0  0 -2 -1 -3 -2  5 -2  2 -2  0 -1 -3 -1 -3    1   1   9   1   0   0   1   1   0   1   1  64   0  12   1   7   1   0   0   1  0.63 0.13
  136 S    2 -2 -1 -2 -2 -1 -1 -1 -2 -3 -3 -1 -3 -4 -2  5  0 -4 -3 -3   12   0   0   0   0   0   0   0   0   0   0   0   0   0   0  88   0   0   0   0  1.07 0.22
  137 L   -2 -3 -4 -5 -2 -3 -4 -4 -3  1  3 -3  1  4 -4 -3 -2 -2  0  3    0   0   0   0   0   0   0   0   0   0  39   0   0  30   0   0   0   0   0  31  0.63 0.13
  138 S    0  2  0  1 -3  1 -1 -2 -1 -3 -3  2 -2 -3 -2  4  1 -4 -3 -3    0  11   0   7   0   8   0   0   0   0   0  12   0   0   0  55   7   0   0   0  0.60 0.13
  139 S    0 -2  0  1 -3 -1 -1 -2 -2 -4 -4 -1 -3 -4 -2  5  0 -5 -3 -3    0   0   0  11   0   0   0   0   0   0   0   0   0   0   0  89   0   0   0   0  1.08 0.22
  140 S    1 -2 -1 -2 -2 -1 -1 -2 -2 -3 -3 -1 -2 -3 -2  5  3 -4 -3 -2    8   0   0   0   0   0   0   0   0   0   0   0   0   0   0  74  18   0   0   0  0.91 0.19
  141 P   -2 -3 -3 -3 -4 -3 -2 -4 -3 -4 -4 -2 -4 -5  8 -2 -2 -6 -5 -4    0   0   0   0   0   0   0   0   0   0   0   0   0   0 100   0   0   0   0   0  2.93 0.22
  142 V   -1  1  2 -2 -2 -1 -2 -3 -2  0  0 -1  2  1 -3  0  1 -3 -1  2    0  12  15   0   0   0   0   0   0   0   0   0  13   9   0   9   9   0   0  34  0.20 0.06
  143 K   -1  1  1 -1 -3  0  0  1 -1 -4 -3  4 -2 -4 -2  2 -1 -4 -3 -3    0   0   9   0   0   0   0  12   0   0   0  55   0   0   0  24   0   0   0   0  0.61 0.10
  144 K   -1  1 -1 -2 -3  1 -1  0 -1 -2 -2  3 -2  2 -2  2  1 -3 -1 -2    0   4   0   0   0   9   0   9   0   0   0  30   0  15   0  21  13   0   0   0  0.32 0.06
  145 A    2 -2 -1 -2 -2 -1 -1 -1 -2 -1  0 -1 -1 -2  3  1  1 -3 -2  0   29   1   1   1   0   1   1   1   0   1  12   1   0   1  20  16  10   0   0   5  0.39 0.04
  146 D    0 -1  1  4 -2 -1  1 -1 -1 -2 -2 -1 -2 -2  0  1  1 -3 -2 -2    6   1   7  39   0   1   5   1   0   1   5   1   0   1   4  18   8   0   1   1  0.44 0.05
  147 A    2 -1 -1  1 -2 -1  1  3 -2 -2 -1 -1 -1 -2  1  1 -1 -3 -2 -2   22   1   1   8   0   1  15  27   0   1   8   1   0   1   5   7   1   0   0   1  0.28 0.03
  148 R    0  0 -1 -1 -3  0  2  1  5 -1 -1 -1  2 -2 -2 -1 -1 -2  0  0    7   4   1   1   0   1  17  13  29   1   1   1  11   1   1   1   1   0   0   9  0.26 0.04
  149 D   -1 -1 -1  1 -4  1  4  0  5 -4 -4  0 -3 -3 -2 -1 -2 -4 -1 -3    4   0   0   5   0   0  47   9  30   0   0   5   0   0   0   0   0   0   0   0  0.71 0.08
  150 G    1 -2  1 -1 -3 -1 -1  4 -2 -1 -2 -2  1 -3  0  0  0 -3 -3 -2   10   0   9   0   0   0   4  48   0   5   0   0  11   0   5   0   9   0   0   0  0.47 0.05
  151 G    0  0 -1 -1 -3  0  2  3 -1 -4 -3  2 -3 -4  1  1 -1 -4 -3 -3    6   0   0   0   0   0  21  33   0   0   0  21   0   0   7  12   0   0   0   0  0.49 0.04
  152 P   -1 -2 -2  1 -4  1  3 -3 -2 -4 -4 -1 -3 -4  6 -1 -2 -5 -4 -3    0   0   0   9   0   5  25   0   0   0   0   0   0   0  61   0   0   0   0   0  1.56 0.07
  153 K    1 -1  0  2 -3  0  3 -2 -1 -2 -1  1 -1 -3 -1  0  1 -3 -2 -2   15   1   0  16   0   0  39   1   0   1   6   7   0   0   1   1  11   0   0   1  0.41 0.03
  154 S    1  0  0  0 -2  1  3  0 -1 -2 -2  1 -1 -2 -1  2  0 -2 -2 -2    7   1   1   1   0   7  27   6   0   1   2   8   0   1   1  32   1   0   1   1  0.35 0.02
  155 P   -1 -1 -1 -1 -3  2  2 -2 -1 -2 -2  0 -1 -3  5 -1  0 -3 -2 -2    2   1   1   1   0  19  17   2   0   1   2   1   0   1  40   1   7   0   1   1  0.87 0.04
  156 H   -1  3 -1 -2  4  2  0 -2  3 -2 -1  1 -1 -2 -2 -1 -1 -2 -1 -2    2  34   1   1  16  13   1   2  13   1   8   1   0   1   1   1   1   0   1   1  0.35 0.03
  157 R   -1  4 -1 -2 -3  0 -1  1 -1 -2  0  1  2 -2  1 -1 -1 -3 -2 -2    1  49   0   1   0   0   1  17   0   1   9   1  11   0   7   1   1   0   0   1  0.42 0.04
  158 N   -2 -1  6  1 -4 -1 -1  2  0 -4 -4 -1 -3 -4 -3  0 -1 -4 -3 -4    0   0  84   0   0   0   0  16   0   0   0   0   0   0   0   0   0   0   0   0  1.12 0.09
  159 G    0 -3 -1 -2 -4 -3 -3  6 -3 -5 -5 -2 -4 -4 -3 -1 -2 -4 -4 -4    0   0   0   0   0   0   0 100   0   0   0   0   0   0   0   0   0   0   0   0  1.54 0.09
  160 A    4 -2 -2 -3 -1 -2 -2  1 -2 -1 -2 -1 -1 -3 -1  0 -1 -3 -3  1   73   0   0   0   0   0   0  11   0   0   0   0   0   0   0   0   0   0   0  16  0.52 0.06
  161 T    4 -2 -2 -2 -1 -1 -1  1 -2 -2 -2 -1 -2 -3 -1  1  1 -4 -3 -1   86   0   0   0   0   0   0   8   0   0   0   0   0   0   0   0   6   0   0   0  0.67 0.07
  162 G    4 -2 -1 -2 -2 -1 -1  3 -2 -2 -2 -1 -2 -3 -1  0 -1 -3 -3 -1   65   0   0   0   0   0   1  28   0   0   1   0   0   0   0   1   0   0   0   1  0.58 0.05
  163 P    1 -2 -2 -2 -2 -1 -1 -2 -2 -1  0 -1  3 -2  5 -1 -1 -3 -2 -1   21   1   0   1   0   0   1   1   0   1   6   1  24   0  41   1   1   0   0   1  0.80 0.04
  164 H    3  1 -1 -2 -2  2  0 -1  4 -2  0  0 -1 -2 -2  0 -1 -3 -1 -1   44  11   0   0   0  13   0   0  21   0  11   0   0   0   0   0   0   0   0   0  0.33 0.04
  165 S    2 -1  0 -1 -1 -1 -1 -1 -2 -2 -2 -1 -2 -3 -1  4  3 -4 -2 -1   20   0   0   0   0   0   0   0   0   0   0   0   0   0   0  56  23   0   0   0  0.59 0.05
  166 P   -1 -2  2 -1 -3 -2 -2 -3 -2 -1  0 -1 -1 -3  6 -1 -1 -4 -3  0    0   0  20   0   0   0   0   0   0   0  12   0   0   0  56   0   0   0   0  12  1.20 0.06
  167 D   -1 -2  0  5 -3 -1  0  0 -2 -2  0 -1 -1 -2 -2  1 -1 -4 -3 -2    0   0   0  56   0   0   0   8   0   0  20   0   0   0   0  16   0   0   0   0  0.55 0.04
  168 P    2 -1 -2 -2 -2 -1 -1 -1 -2 -1  1 -1  0 -1  5  0 -1 -2 -2 -1   25   1   1   1   0   1   2   2   1   1  23   1   1   1  34   2   1   0   1   2  0.58 0.02
  169 L   -1 -1 -1  0 -2  0  3 -2 -1  1  1  0  0 -1 -1 -1 -1 -2 -2  0    2   1   1   1   0   1  45   2   1  12  24   1   1   1   1   2   1   0   1   2  0.28 0.02
  170 L   -2 -3 -4 -5 -2 -3 -4 -4 -3  1  4 -3  2  0 -3 -3 -2 -2 -2  0    0   0   0   0   0   0   0   0   0   0 100   0   0   0   0   0   0   0   0   0  0.75 0.04
  171 D    0 -1  1  5 -4  2  2 -2 -1 -4 -4 -1 -3 -4 -2 -1 -1 -4 -3 -3    8   0   0  63   0  13  17   0   0   0   0   0   0   0   0   0   0   0   0   0  0.90 0.03
  172 E   -1 -1 -1  1 -5  2  6 -3 -1 -4 -4  0 -3 -4 -2 -1 -1 -4 -3 -3    0   0   0   0   0   0 100   0   0   0   0   0   0   0   0   0   0   0   0   0  1.21 0.05
  173 Q   -1  4 -1 -1 -4  4  1 -3  0 -3 -3  2 -1 -4 -2 -1 -1 -3 -2 -3    0  49   0   0   0  42   0   0   0   0   0   9   0   0   0   0   0   0   0   0  0.88 0.04
  174 A    3 -2  2  3 -2 -1  0 -1 -1 -3 -3 -1 -2 -3 -1  2  0 -4 -3 -2   42   0  10  26   0   0   0   0   0   0   0   0   0   0   0  22   0   0   0   0  0.48 0.02
  175 F   -3 -4 -4 -4 -3 -4 -4 -4 -2 -1  0 -4 -1  6 -4 -3 -2  0  3 -1    0   0   0   0   0   0   0   0   0   0   0   0   0 100   0   0   0   0   0   0  1.17 0.05
  176 G    0 -3 -1 -2 -4 -3 -3  6 -3 -5 -4 -2 -4 -4 -3 -1 -2 -4 -4 -4    0   0   0   0   0   0   0 100   0   0   0   0   0   0   0   0   0   0   0   0  1.45 0.04
  177 D   -2 -2  1  5 -4  0  3 -2 -1 -4 -4 -1 -3 -4 -2 -1 -1 -5 -4 -4    0   0   0  68   0   0  32   0   0   0   0   0   0   0   0   0   0   0   0   0  1.12 0.04
  178 L   -2 -3 -4 -4 -2 -3 -4 -4 -3  2  4 -3  2  0 -3 -3 -2 -2 -2  1    0   0   0   0   0   0   0   0   0  20  80   0   0   0   0   0   0   0   0   0  0.64 0.03
  179 M    0  0 -1 -2 -2  0 -1 -2 -2 -1 -1  2  2 -2 -2  1  3 -3 -2 -1    7   0   0   0   0   0   0   0   0   0   0  19  19   0   0   8  47   0   0   0  0.38 0.03
  180 D   -2 -1  0  5 -5  0  4 -2 -1 -4 -4  0 -3 -4 -2 -1 -1 -5 -4 -3    0   0   0  57   0   0  43   0   0   0   0   0   0   0   0   0   0   0   0   0  1.07 0.03
  181 L   -2 -3 -4 -5 -2 -3 -4 -4 -3  1  4 -3  2  0 -3 -3 -2 -2 -2  0    0   0   0   0   0   0   0   0   0   0 100   0   0   0   0   0   0   0   0   0  0.75 0.04
  182 P   -1 -2 -3 -2 -4 -2 -2 -3 -3 -4 -4 -2 -3 -4  7 -1 -2 -5 -4 -3    0   0   0   0   0   0   0   0   0   0   0   0   0   0 100   0   0   0   0   0  2.74 0.06
  183 I    0 -2 -2 -3 -1 -2 -2 -3 -3  3  0 -2  2 -1 -3  1  0 -3 -2  3    0   0   0   0   0   0   0   0   0  29   0   0   7   0   0  19   0   0   0  44  0.34 0.02
  184 M   -1 -3 -3 -4 -2 -2 -3 -4 -3  2  1 -3  4 -1 -3 -2 -1 -3 -2  4    0   0   0   0   0   0   0   0   0   0   0   0  31   0   0   0   0   0   0  69  0.53 0.04
  185 P    1 -2 -2 -2 -3 -1 -1 -2  3 -3 -3 -1 -3 -3  6  0 -1 -4 -2 -2   13   0   0   0   0   0   0   0  13   0   0   0   0   0  67   8   0   0   0   0  1.60 0.04
  186 K   -1  2 -1 -1 -4  1  0 -2 -1 -3 -3  5 -2 -2 -2 -1 -1 -2  2 -3    0   0   0   0   0   0   0   0   0   0   0  87   0   0   0   0   0   0  13   0  0.79 0.04
  187 V    2 -2  1 -1 -2 -1 -1  3 -2 -2 -3 -1 -2 -3 -2  2  0 -4 -3 -1   28   0   8   0   0   0   0  34   0   0   0   0   0   0   0  25   0   0   0   6  0.47 0.02
  188 S    0 -2  0 -1 -3 -2 -2  5 -2 -3 -3 -2 -3 -3 -2  2  1 -4 -3 -3    0   0   0   0   0   0   0  63   0   0   0   0   0   0   0  27  10   0   0   0  0.83 0.03
  189 Y    1 -2 -1 -2 -2 -1 -1  1  0 -1  0 -1 -1  1 -2  1  1  0  3 -1   14   1   1   1   0   1   1  14   0   1  12   1   0   8   1   9   9   0  22   1  0.16 0.01
  190 G    0 -3 -1 -2 -4 -3 -3  6 -3 -5 -4 -2 -4 -4 -3 -1 -2 -4 -4 -4    0   0   0   0   0   0   0 100   0   0   0   0   0   0   0   0   0   0   0   0  1.45 0.04
  191 L   -2 -2 -3 -4 -2 -1 -3 -4 -3  1  3 -2  6  0 -3 -2 -1 -2 -2  0    0   0   0   0   0   0   0   0   0   0  40   0  60   0   0   0   0   0   0   0  0.66 0.04
  192 K   -1  2  0 -1 -4  1  0 -2 -1 -3 -3  5 -2 -4 -2 -1 -1 -4 -3 -3    0   0   0   0   0   0   0   0   0   0   0 100   0   0   0   0   0   0   0   0  0.98 0.05
  193 H   -2  0  0 -2 -4  1  0 -3  8 -4 -3  1 -2 -2 -3 -1 -2 -3  1 -4    0   0   0   0   0   0   0   0  90   0   0  10   0   0   0   0   0   0   0   0  1.26 0.06
  194 A    5 -2 -2 -2 -1 -1 -1  0 -2 -2 -2 -1 -1 -3 -1  1  0 -3 -2 -1  100   0   0   0   0   0   0   0   0   0   0   0   0   0   0   0   0   0   0   0  0.73 0.04

                      K         Lambda
Standard Ungapped    0.1700     0.3345
Standard Gapped      0.1100     0.3190
PSI Ungapped         0.1700     0.3345
PSI Gapped           0.1100     0.3190
