
Last position-specific scoring matrix computed, weighted observed percentages rounded down, information per position, and relative weight of gapless real matches to pseudocounts
           A  R  N  D  C  Q  E  G  H  I  L  K  M  F  P  S  T  W  Y  V   A   R   N   D   C   Q   E   G   H   I   L   K   M   F   P   S   T   W   Y   V
    1 M   -1 -2 -3 -4 -2  0 -2 -4 -2  1  2 -2  6  0 -3 -2 -1 -2 -2  1    0   0   0   0   0   0   0   0   0   0   0   0   0   0   0   0   0   0   0   0  0.00     0.00
    2 Q   -1  1  0 -1 -3  6  2 -2  1 -3 -3  1  0 -4 -2  0 -1 -3 -2 -3    0   0   0   0   0   0   0   0   0   0   0   0   0   0   0   0   0   0   0   0  0.00     0.00
    3 V    0 -3 -3 -4 -1 -3 -3 -4 -4  3  1 -3  1 -1 -3 -2  0 -3 -2  4    0   0   0   0   0   0   0   0   0   0   0   0   0   0   0   0   0   0   0   0  0.00     0.00
    4 G    0 -3 -1 -2 -4 -2 -3  6 -3 -5 -4 -2 -4 -4 -3 -1 -2 -4 -4 -4    0   0   0   0   0   0   0   0   0   0   0   0   0   0   0   0   0   0   0   0  0.00     0.00
    5 V    0 -3 -3 -4 -1 -3 -3 -4 -4  3  1 -3  1 -1 -3 -2  0 -3 -2  4    0   0   0   0   0   0   0   0   0   0   0   0   0   0   0   0   0   0   0   0  0.00     0.00
    6 I   -2 -3 -4 -4 -2 -3 -4 -5 -4  4  1 -3  1  0 -4 -3 -1 -3 -2  3    0   0   0   0   0   0   0   0   0   0   0   0   0   0   0   0   0   0   0   0  0.00     0.00
    7 Q   -1  1  0 -1 -3  6  2 -2  1 -3 -3  1  0 -4 -2  0 -1 -3 -2 -3    0   0   0   0   0   0   0   0   0   0   0   0   0   0   0   0   0   0   0   0  0.00     0.00
    8 R   -2  6 -1 -2 -4  1 -1 -3  0 -3 -3  2 -2 -4 -2 -1 -1 -3 -2 -3    0   0   0   0   0   0   0   0   0   0   0   0   0   0   0   0   0   0   0   0  0.00     0.00
    9 T    0 -1  0 -1 -1 -1 -1 -2 -2 -1 -2 -1 -1 -2 -2  1  5 -4 -2  0    0   0   0   0   0   0   0   0   0   0   0   0   0   0   0   0   0   0   0   0  0.00     0.00
   10 A    4 -2 -2 -2 -1 -1 -1  0 -2 -2 -2 -1 -1 -3 -1  1  0 -3 -2  0    0   0   0   0   0   0   0   0   0   0   0   0   0   0   0   0   0   0   0   0  0.00     0.00
   11 L   -2 -3 -4 -4 -2 -3 -4 -4 -3  1  4 -3  2  4 -4 -3 -2 -1  1  0    0   0   0   0   0   0   0   0   0   0  68   0   0  32   0   0   0   0   0   0  0.56 0.00
   12 L   -3 -3 -4 -5 -3 -3 -4 -4 -2  0  2 -4  0  4 -4 -3 -2  8  2 -1    0   0   0   0   0   0   0   0   0   0  33   0   0  32   0   0   0  35   0   0  0.93 0.01
   13 V    0 -3 -4 -4 -1 -3 -3 -4 -4  3  1 -3  1 -1 -3 -2  0 -3 -2  4    0   0   0   0   0   0   0   0   0   0   0   0   0   0   0   0   0   0   0 100  0.54 0.01
   14 L   -2 -3 -4 -5 -2 -3 -4 -5 -3  3  4 -3  2  0 -3 -3 -2 -3 -2  1    0   0   0   0   0   0   0   0   0  23  77   0   0   0   0   0   0   0   0   0  0.58 0.01
   15 C   -1 -3 -4 -4  5 -3 -4 -4 -3  1  2 -3  0  3 -4 -2 -1 -2  0  1    0   0   0   0  26   0   0   0   0   0  23   0   0  28   0   0   0   0   0  23  0.40 0.01
   16 C    0 -2 -2 -3  5 -2 -2 -3 -3  0 -1 -2 -1 -2 -2  0  3 -3 -2  2    0   0   0   0  26   0   0   0   0   0   0   0   0   0   0   0  46   0   0  28  0.43 0.01
   17 L   -2 -3 -4 -5 -2 -3 -4 -5 -3  3  4 -3  2  0 -3 -3 -1 -3 -2  1    0   0   0   0   0   0   0   0   0  28  72   0   0   0   0   0   0   0   0   0  0.56 0.01
   18 L    0 -2 -1 -2 -2 -2 -2 -3 -2  0  3 -2  1 -1 -2  2  2 -3 -2  0    0   0   0   0   0   0   0   0   0   0  54   0   0   0   0  23  23   0   0   0  0.31 0.01
   19 L   -2 -3  1 -3 -2 -2 -3 -4 -3  2  4 -2  2  0 -3 -2 -1 -3 -2  1    0   0  14   0   0   0   0   0   0  19  66   0   0   0   0   0   0   0   0   0  0.41 0.01
   20 S    3 -2 -1 -2 -1 -1 -1 -1 -2 -1  0 -1 -1 -2 -1  3  1 -3 -2 -1   33   0   0   0   0   0   0   0   0   0  16   0   0   0   0  51   0   0   0   0  0.41 0.02
   21 A    1 -1  0  0 -3  0  3 -2  3 -3 -3  0 -2 -3 -2  2  2 -4 -2 -2   14   0   0   0   0   0  33   0  13   0   0   0   0   0   0  25  16   0   0   0  0.44 0.01
   22 S    0 -1  4  0  3 -1 -1  1  2 -3 -3 -1 -2 -3 -2  3  0 -4 -2 -3    0   0  32   0  12   0   0  11  10   0   0   0   0   0   0  36   0   0   0   0  0.46 0.02
   23 S    0 -2  0  3  3 -1  0  1 -2 -3 -4 -1 -3 -4  2  2  0 -4 -3 -3    0   0   0  32  10   0   0  14   0   0   0   0   0   0   9  35   0   0   0   0  0.49 0.02
   24 S    0 -1  0 -1 -2 -1 -1 -2  2 -1  0 -1 -1 -2 -2  3  3 -3 -1 -1    0   0   0   0   0   0   0   0  11   0  12   0   0   0   0  46  32   0   0   0  0.42 0.02
   25 P   -1 -3 -3 -2 -4 -2 -2  0 -3 -4 -4 -2 -3 -4  7 -1 -2 -5 -4 -3    0   0   0   0   0   0   0  11   0   0   0   0   0   0  89   0   0   0   0   0  2.31 0.04
   26 V   -1 -2 -2 -3 -3 -2 -2 -3  0 -1 -2 -2 -2  0  5  1 -1 -1  4  0    0   0   0   0   0   0   0   0   0   0   0   0   0   0  36  20   0   0  32  12  0.78 0.02
   27 Y   -1 -2 -2 -3 -3 -2 -2 -3  0 -1  0 -2 -1  2  1  1 -1  1  6 -2    0   0   0   0   0   0   0   0   0   0  15   0   0   0   8  21   0   0  56   0  0.58 0.03
   28 P   -1 -2 -1  3 -4 -2 -1 -3 -2 -4 -4 -2 -3 -4  7 -1 -2 -5 -4 -3    0   0   0  26   0   0   0   0   0   0   0   0   0   0  74   0   0   0   0   0  1.94 0.04
   29 A    2 -2 -2 -2 -2 -1 -1 -2 -2  0 -1 -1 -1 -2  5  1  1 -3 -2  2   22   0   0   0   0   0   0   1   0   0   1   0   0   0  31   8   8   0   0  26  0.58 0.01
   30 L   -1 -2 -1 -2 -3 -1  1  0 -2 -1  1 -2  0  3 -3  2 -1 -2  0 -1    0   0   0   0   0   0  13   9   0   0  24   0   0  28   0  26   0   0   0   0  0.19 0.01
   31 K   -2  5 -1 -2 -4  1  0 -3 -1 -4 -3  4 -2 -4 -2 -1 -1 -4 -3 -3    0  69   0   0   0   0   0   0   0   0   0  31   0   0   0   0   0   0   0   0  0.98 0.03
   32 F   -1 -1  3 -1 -2 -1 -1 -2 -1  1  0 -1  3  1 -2 -1 -1 -2 -1  1    2   1  27   1   0   1   1   2   0  16   2   1  21  10   1   2   1   0   1  10  0.15 0.01
   33 G    1  3 -1 -1 -2  2  0  1 -1 -1 -2  0 -1 -2  2  0 -1 -2 -2  0   19  25   1   1   0  13   1  11   0   1   2   1   0   1   9   2   1   0   1  10  0.24 0.01
   34 R   -2  6 -1 -2 -4  1 -1 -3  0 -4 -3  2 -2 -4 -2 -1 -2 -4 -3 -3    0 100   0   0   0   0   0   0   0   0   0   0   0   0   0   0   0   0   0   0  1.18 0.03
   35 H   -2 -1  0 -2 -4  0 -1 -3  8 -3 -3 -1 -2  0 -3 -2 -2 -1  4 -3    0   0   0   0   0   0   0   0  77   0   0   0   0   0   0   0   0   0  23   0  1.08 0.04
   36 A    4 -2 -2 -3 -1 -1 -1 -1 -2 -1 -2 -1 -1 -3 -1  1  0 -3 -2  1   88   0   0   0   0   0   0   0   0   0   0   0   0   0   0   0   0   0   0  12  0.55 0.02
   37 D   -2 -2  1  6 -5 -1  1 -2 -2 -5 -5 -1 -4 -4 -2 -1 -2 -6 -4 -4    0   0   0 100   0   0   0   0   0   0   0   0   0   0   0   0   0   0   0   0  1.40 0.03
   38 A    3 -2 -1  1 -2 -2 -1  4 -2 -3 -3 -1 -2 -3 -2  0 -1 -4 -3 -2   49   0   0  10   0   0   0  40   0   0   0   0   0   0   0   0   0   0   0   0  0.58 0.02
   39 I   -1 -3 -4 -4 -2 -3 -3 -4 -4  4  2 -3  2 -1 -3 -3 -1 -3 -2  3    0   0   0   0   0   0   0   0   0  57  10   0  11   0   0   0   0   0   0  22  0.49 0.02
   40 F   -3 -4 -4 -4 -3 -4 -4 -4 -2  0  1 -4  0  6 -4 -3 -2  0  3 -1    0   0   0   0   0   0   0   0   0   0  10   0   0  90   0   0   0   0   0   0  0.94 0.03
   41 T    0 -1  3 -1 -2 -1 -1 -2 -1 -2 -2 -1 -1 -3 -2  2  5 -4 -2 -1    0   0  21   0   0   0   0   0   0   0   0   0   0   0   0   7  72   0   0   0  0.64 0.02
   42 N    0  0  3  0 -3  0  0 -1 -1 -3 -3  3 -2 -3 -2  3  2 -4 -2 -2    0   0  26   0   0   0   0   0   0   0   0  28   0   0   0  34  12   0   0   0  0.49 0.01
   43 S    2 -1  2  3 -2 -1  0 -1 -1 -3 -3 -1 -2 -3 -1  3  0 -4 -3 -2   28   0  12  22   0   0   0   0   0   0   0   0   0   0   0  37   0   0   0   0  0.48 0.01
   44 Y   -3 -3 -3 -4 -3 -2 -3 -4  1 -2 -2 -3 -2  3 -4 -2 -2  2  7 -2    0   0   0   0   0   0   0   0   0   0   0   0   0   7   0   0   0   0  93   0  1.26 0.04
   45 R   -1  6 -1 -2 -3  1 -1 -2 -1 -3 -3  2 -2 -4 -2  2 -1 -4 -3 -3    0  78   0   0   0   0   0   0   0   0   0   0   0   0   0  22   0   0   0   0  0.86 0.03
   46 K   -1  3  2 -1 -4  1  0 -2 -1 -3 -3  5 -2 -4 -2 -1 -1 -4 -3 -3    0  22  10   0   0   0   0   0   0   0   0  68   0   0   0   0   0   0   0   0  0.76 0.02
   47 V    0 -3 -4 -4 -2 -2 -3 -3 -3  2  3 -3  1  0 -3 -2 -1 -3 -2  2   11   0   0   0   0   0   0   0   0   7  52   0   0   0   0   0   0   0   0  30  0.39 0.01
   48 L   -2 -3 -4 -5 -2 -3 -4 -5 -3  1  4 -3  2  0 -4 -3 -2 -2 -2  0    0   0   0   0   0   0   0   0   0   0 100   0   0   0   0   0   0   0   0   0  0.71 0.02
   49 G    0 -3 -1 -2 -3 -2 -2  6 -3 -5 -4 -2 -3 -4 -3  1 -1 -4 -4 -4    0   0   0   0   0   0   0  88   0   0   0   0   0   0   0  12   0   0   0   0  1.17 0.02
   50 Q   -1  1  0 -1 -4  6  2 -3  1 -4 -3  1 -1 -4 -2 -1 -1 -3 -2 -3    0   0   0   0   0 100   0   0   0   0   0   0   0   0   0   0   0   0   0   0  1.12 0.04
   51 I   -2 -3 -4 -5 -2 -3 -4 -5 -3  2  4 -3  2  0 -4 -3 -2 -3 -2  1    0   0   0   0   0   0   0   0   0  15  85   0   0   0   0   0   0   0   0   0  0.63 0.02
   52 S    1 -1  0 -1 -2 -1 -1 -1  0 -3 -3 -1 -2 -1 -2  4  1 -2  3 -2    0   0   0   0   0   0   0   0   0   0   0   0   0   0   0  81   0   0  19   0  0.60 0.03
   53 A    5 -2 -2 -2 -1 -1 -1  0 -2 -2 -2 -1 -1 -3 -1  1  0 -3 -2 -1  100   0   0   0   0   0   0   0   0   0   0   0   0   0   0   0   0   0   0   0  0.68 0.03
   54 R   -2  6 -1 -2 -4  1  0 -3  0 -4 -3  3 -2 -4 -2 -1 -1 -4 -3 -3    0  78   0   0   0   0   0   0   0   0   0  22   0   0   0   0   0   0   0   0  1.01 0.03
   55 K   -1  2  1 -1 -4  1  0 -2 -1 -3 -3  5 -2 -4 -2 -1 -1 -4 -3 -3    0   0   7   0   0   0   0   0   0   0   0  93   0   0   0   0   0   0   0   0  0.84 0.03
   56 F   -2 -3 -3 -4 -3 -3 -3 -4  0  0  2 -3  0  3 -4 -2 -2  1  6  1    0   0   0   0   0   0   0   0   0   0  30   0   0   7   0   0   0   0  51  12  0.60 0.02
   57 L   -2 -3 -4 -5 -2 -3 -4 -5 -3  2  4 -3  2  0 -4 -3 -2 -3 -2  1    0   0   0   0   0   0   0   0   0  12  88   0   0   0   0   0   0   0   0   0  0.64 0.02
   58 Q   -1  0  0  0 -4  4  3 -3  5 -4 -3  0 -1 -3 -2 -1 -1 -3  0 -3    0   0   0   0   0  43  22   0  35   0   0   0   0   0   0   0   0   0   0   0  0.80 0.02
   59 T    0 -2  1  4 -3  0  1 -2 -1 -3 -3 -1 -2 -3 -2  3  2 -4 -3 -2    0   0   0  36   0   0   7   0   0   0   0   0   0   0   0  35  23   0   0   0  0.58 0.02
   60 V   -2 -3 -4 -5 -2 -3 -4 -5 -4  3  3 -3  2  0 -4 -3 -1 -3 -2  2    0   0   0   0   0   0   0   0   0  42  51   0   0   0   0   0   0   0   0   7  0.53 0.01
   61 M   -2 -2 -3 -4 -2 -1 -3 -4 -3  2  2 -2  6 -1 -3 -2 -1 -2 -2  1    0   0   0   0   0   0   0   0   0  15   0   0  85   0   0   0   0   0   0   0  0.65 0.04
   62 G    2 -2  3 -1 -2 -1 -1  3 -1 -3 -3 -1 -2 -3 -2  2  0 -4 -3 -2   28   0  28   0   0   0   0  29   0   0   0   0   0   0   0  14   0   0   0   0  0.51 0.01
   63 K   -1  4  0 -1 -4  1  0 -2 -1 -3 -3  5 -2 -4 -2 -1 -1 -4 -3 -3    0  30   0   0   0   0   0   0   0   0   0  70   0   0   0   0   0   0   0   0  0.85 0.02
   64 R   -2  4  0 -2 -4  4  1 -3  3 -4 -3  2 -1 -3 -2 -1 -1 -3 -2 -3    0  47   0   0   0  42   0   0  10   0   0   0   0   0   0   0   0   0   0   0  0.81 0.02
   65 L   -1 -1 -2 -2 -2  3  0 -3 -1  1  1 -1  1 -1 -2 -1 -1 -2 -2  2    1   1   1   1   0  31   1   1   0   9  18   1   0   0   1   1   1   0   0  33  0.24 0.01
   66 G    0 -2 -1 -2 -3 -2 -2  5 -2 -4 -4 -2 -3 -4 -3  1 -1 -4 -4 -4    0   0   0   0   0   0   0  81   0   0   0   0   0   0   0  19   0   0   0   0  1.07 0.02
   67 P    1 -1 -1  0 -3  1  4 -1 -1 -3 -3  0 -2 -3  2  2  0 -3 -3 -2   17   0   0   0   0   0  44   1   0   0   1   0   0   0  10  24   0   0   0   0  0.52 0.01
   68 E   -1  4 -1 -1 -3  1  3 -3 -1 -1 -2  1 -1 -3 -2 -1 -1 -3 -2  0    1  44   0   0   0   0  33   1   0   0   1   0   0   0   0   1   0   0   0  17  0.49 0.02
   69 T   -1 -1  4  3 -2 -1  0 -1 -1  0 -2 -1 -2 -3 -2  1  1 -4 -2 -1    1   0  31  24   0   0   0   1   0  13   1   0   0   0   0  17  10   0   0   0  0.39 0.01
   70 E   -1  0  0  0 -3  5  3 -2  0 -3 -3  1 -1 -4  2  1 -1 -3 -3 -3    0   0   0   0   0  55  17   0   0   0   0   0   0   0  12  16   0   0   0   0  0.73 0.02
   71 S    0 -1 -1  0 -3  0  3  1 -1 -2 -3  0 -2 -3 -2  2  0 -4 -3  0    0   0   0   0   0   0  41  12   0   0   0   0   0   0   0  34   0   0   0  13  0.41 0.02
   72 N   -1  0  3  0 -4  4  1 -2  0 -4 -3  0 -2 -4  5  0 -1 -4 -3 -3    0   0  25   0   0  46   0   0   0   0   0   0   0   0  30   0   0   0   0   0  0.91 0.02
   73 V   -1  3 -2 -3 -3  1 -1  2 -2  1 -1  0  0 -2 -3 -1 -1 -3 -2  2    0  27   0   0   0  12   0  19   0  14   0   0   0   0   0   0   0   0   0  28  0.22 0.01
   74 K    2  1 -1 -1 -3  0  1 -1 -1 -3 -3  3 -2 -3  2  1  0 -4 -3 -2   24   0   0   0   0   0  12   0   0   0   0  43   0   0   9  12   0   0   0   0  0.46 0.01
   75 R   -2  6 -1 -2 -4  1 -1 -3  0 -4 -3  2 -2 -4 -2 -1 -2 -4 -3 -3    0 100   0   0   0   0   0   0   0   0   0   0   0   0   0   0   0   0   0   0  1.16 0.03
   76 Q   -2 -1 -1 -2 -3  3 -1 -3  5 -1  1 -1  0  3 -3 -2 -2 -2  1 -2    0   0   0   0   0  22   0   0  35   0  22   0   0  21   0   0   0   0   0   0  0.42 0.02
   77 S    1 -1  3  0 -2  0 -1 -1 -1 -3 -3 -1 -2 -3 -2  4  1 -4 -2 -2    0   0  21   0   0   0   0   0   0   0   0   0   0   0   0  79   0   0   0   0  0.69 0.02
   78 S    2  4 -1 -2 -2  0 -1 -1 -1 -3 -3  1 -2 -3 -2  2  0 -4 -2 -2   35  43   0   0   0   0   0   0   0   0   0   0   0   0   0  22   0   0   0   0  0.51 0.02
   79 M   -1 -1 -1 -2 -2  3 -1 -3  4  1  0 -1  3 -2 -3 -1 -1 -3 -1  2    0   0   0   0   0  22   0   0  21   0   0   0  22   0   0   0   0   0   0  35  0.30 0.02
   80 Y   -2 -2 -3 -2 -3 -1  2 -4  0 -1  1 -2  0  4 -3 -2 -2  0  4 -1    0   0   0   0   0   0  22   0   0   0  21   0   0  35   0   0   0   0  22   0  0.44 0.01
   81 G   -1 -2  0  4 -3 -1  0  2 -2 -3 -3 -1 -2 -3 -2  0  3 -4 -3 -2    0   0   0  43   0   0   0  22   0   0   0   0   0   0   0   0  35   0   0   0  0.60 0.02
   82 N   -1  2  3  4 -3  0  0 -1 -1 -4 -4  0 -3 -4 -2  2  0 -4 -3 -3    0  21  22  35   0   0   0   0   0   0   0   0   0   0   0  22   0   0   0   0  0.60 0.01
   83 T   -1 -2  4 -1 -2 -1 -2 -2 -1  0  0 -1  3 -2 -3  0  2 -3 -2  1    0   0  35   0   0   0   0   0   0   0   0   0  22   0   0   0  22   0   0  21  0.31 0.02
   84 Y   -3 -3 -3 -5 -4 -3 -4 -4  0 -2 -2 -3 -2  2 -4 -3 -3  9  6 -3    0   0   0   0   0   0   0   0   0   0   0   0   0   0   0   0   0  43  57   0  1.58 0.03
   85 K    2  0 -1 -2 -2  0  0 -1 -1 -2 -2  3 -1 -3 -1  1  3 -4 -2 -1   31   0   0   0   0   0   0   0   0   0   0  37   0   0   0   0  31   0   0   0  0.40 0.00
   86 Q   -1  0  0  1 -4  4  5 -3  0 -4 -3  1 -2 -4 -2  0 -1 -3 -3 -3    0   0   0   0   0  37  63   0   0   0   0   0   0   0   0   0   0   0   0   0  0.91 0.01
   87 D   -2 -2  1  6 -4 -1  1 -2 -2 -4 -5 -1 -4 -4 -2 -1 -1 -6 -4 -4    0   0   0 100   0   0   0   0   0   0   0   0   0   0   0   0   0   0   0   0  1.33 0.01
   88 V   -1  1 -1 -2 -3  0  0 -3 -2  0 -1  4 -1 -3 -2 -1 -1 -4 -2  2    0   0   0   0   0   0   0   0   0   0   0  63   0   0   0   0   0   0   0  37  0.39 0.01
   89 D   -1  0  0  4 -4  5  2 -2  0 -4 -3  1 -1 -4 -2 -1 -1 -3 -3 -3    0   0   0  37   0  63   0   0   0   0   0   0   0   0   0   0   0   0   0   0  0.83 0.01
   90 M   -1 -2 -3 -4 -2  0 -2 -4 -2  1  2 -2  7  0 -3 -2 -1 -2 -2  1    0   0   0   0   0   0   0   0   0   0   0   0 100   0   0   0   0   0   0   0  0.63 0.02
   91 N   -1 -1  5  0 -2 -1 -1 -1 -1 -2 -3 -1 -2 -3 -2  1  4 -4 -2 -1    0   0  50   0   0   0   0   0   0   0   0   0   0   0   0   0  50   0   0   0  0.64 0.00
   92 V   -1 -3 -4 -4 -2 -3 -3 -4 -3  2  3 -3  1  0 -3 -2 -1 -3 -2  3    0   0   0   0   0   0   0   0   0   0  50   0   0   0   0   0   0   0   0  50  0.46 0.00
   93 I   -2 -3 -4 -4 -2 -3 -4 -5 -4  4  1 -3  1  0 -4 -3 -1 -3 -2  3    0   0   0   0   0   0   0   0   0   0   0   0   0   0   0   0   0   0   0   0  0.00     0.00
   94 E   -1 -1 -1  1 -5  2  6 -3  0 -4 -4  1 -2 -4 -2  0 -1 -4 -3 -3    0   0   0   0   0   0   0   0   0   0   0   0   0   0   0   0   0   0   0   0  0.00     0.00
   95 S    1 -1  0 -1 -2  0  0 -1 -1 -3 -3 -1 -2 -3 -1  5  1 -4 -2 -2    0   0   0   0   0   0   0   0   0   0   0   0   0   0   0   0   0   0   0   0  0.00     0.00
   96 E   -1 -1 -1  1 -5  2  6 -3  0 -4 -4  1 -2 -4 -2  0 -1 -4 -3 -3    0   0   0   0   0   0   0   0   0   0   0   0   0   0   0   0   0   0   0   0  0.00     0.00
   97 Q   -1  1  0 -1 -3  6  2 -2  1 -3 -3  1  0 -4 -2  0 -1 -3 -2 -3    0   0   0   0   0   0   0   0   0   0   0   0   0   0   0   0   0   0   0   0  0.00     0.00
   98 S    1 -1  0 -1 -2  0  0 -1 -1 -3 -3 -1 -2 -3 -1  5  1 -4 -2 -2    0   0   0   0   0   0   0   0   0   0   0   0   0   0   0   0   0   0   0   0  0.00     0.00
   99 Y   -2 -2 -3 -4 -3 -2 -3 -4  2 -2 -2 -3 -2  3 -4 -2 -2  2  7 -2    0   0   0   0   0   0   0   0   0   0   0   0   0   0   0   0   0   0   0   0  0.00     0.00
  100 R   -2  6 -1 -2 -4  1 -1 -3  0 -3 -3  2 -2 -4 -2 -1 -1 -3 -2 -3    0   0   0   0   0   0   0   0   0   0   0   0   0   0   0   0   0   0   0   0  0.00     0.00
  101 D   -2 -2  1  6 -4 -1  1 -2 -1 -4 -5 -1 -4 -4 -2 -1 -1 -5 -4 -4    0   0   0   0   0   0   0   0   0   0   0   0   0   0   0   0   0   0   0   0  0.00     0.00
  102 P   -1 -2 -3 -2 -4 -2 -2 -3 -2 -4 -3 -1 -3 -4  8 -1 -2 -5 -4 -3    0   0   0   0   0   0   0   0   0   0   0   0   0   0   0   0   0   0   0   0  0.00     0.00
  103 Q   -1  1  0 -1 -3  6  2 -2  1 -3 -3  1  0 -4 -2  0 -1 -3 -2 -3    0   0   0   0   0   0   0   0   0   0   0   0   0   0   0   0   0   0   0   0  0.00     0.00
  104 K   -1  2  0 -1 -4  1  1 -2 -1 -3 -3  5 -2 -4 -1 -1 -1 -4 -3 -3    0   0   0   0   0   0   0   0   0   0   0   0   0   0   0   0   0   0   0   0  0.00     0.00
  105 F   -3 -4 -4 -4 -3 -4 -4 -4 -2  0  0 -4  0  6 -4 -3 -2  0  3 -1    0   0   0   0   0   0   0   0   0   0   0   0   0   0   0   0   0   0   0   0  0.00     0.00
  106 K   -1  2  0 -1 -4  1  1 -2 -1 -3 -3  5 -2 -4 -1 -1 -1 -4 -3 -3    0   0   0   0   0   0   0   0   0   0   0   0   0   0   0   0   0   0   0   0  0.00     0.00
  107 F   -3 -4 -4 -4 -3 -4 -4 -4 -2  0  0 -4  0  6 -4 -3 -2  0  3 -1    0   0   0   0   0   0   0   0   0   0   0   0   0   0   0   0   0   0   0   0  0.00     0.00
  108 A    4 -2 -2 -2 -1 -1 -1  0 -2 -2 -2 -1 -1 -3 -1  1  0 -3 -2  0    0   0   0   0   0   0   0   0   0   0   0   0   0   0   0   0   0   0   0   0  0.00     0.00
  109 L   -2 -3 -4 -5 -2 -3 -4 -4 -3  1  4 -3  2  0 -3 -3 -2 -2 -2  1    0   0   0   0   0   0   0   0   0   0   0   0   0   0   0   0   0   0   0   0  0.00     0.00
  110 I   -2 -3 -4 -4 -2 -3 -4 -5 -4  4  1 -3  1  0 -4 -3 -1 -3 -2  3    0   0   0   0   0   0   0   0   0   0   0   0   0   0   0   0   0   0   0   0  0.00     0.00
  111 M   -1 -2 -3 -4 -2  0 -2 -4 -2  1  2 -2  6  0 -3 -2 -1 -2 -2  1    0   0   0   0   0   0   0   0   0   0   0   0   0   0   0   0   0   0   0   0  0.00     0.00
  112 H   -2  0  0 -1 -4  1  0 -3  8 -4 -3 -1 -2 -2 -2 -1 -2 -3  2 -4    0   0   0   0   0   0   0   0   0   0   0   0   0   0   0   0   0   0   0   0  0.00     0.00

                      K         Lambda
Standard Ungapped    0.1774     0.3474
Standard Gapped      0.1100     0.3190
PSI Ungapped         0.1774     0.3474
PSI Gapped           0.1100     0.3190
